6 0.0 64.0 62.0 36.0 50.1 5.15908534685768
6 1.0 0.0 62.0 51.0 54.22 2.504863955256541
6 2.0 0.0 62.0 54.0 56.31 1.8185075465803535
6 3.0 0.0 63.0 56.0 57.74 1.5803081146959101
6 4.0 0.0 65.0 57.0 58.95 1.424000624219588
6 5.0 0.0 65.0 58.0 59.9 1.4599017539934427
6 6.0 0.0 65.0 60.0 61.05 1.258305739211791
6 7.0 0.0 65.0 61.0 62.01 1.0199524647271723
6 8.0 0.0 66.0 62.0 62.82 0.9031929892097128
6 9.0 0.0 67.0 63.0 63.73 0.8859737552261339
6 10.0 0.0 67.0 63.0 64.49 0.8225975119502063
6 11.0 0.0 67.0 64.0 65.0 0.8408749651825217
6 12.0 0.0 68.0 65.0 65.58 0.6843119378491272
6 13.0 0.0 68.0 65.0 66.15 0.6092717958449418
6 14.0 0.0 69.0 66.0 66.55 0.7017294652672366
6 15.0 0.0 69.0 66.0 67.01 0.7176701923937662
6 16.0 0.0 71.0 67.0 67.48 0.7314024165597857
6 17.0 0.0 73.0 67.0 68.05 0.9574271077563372
6 18.0 0.0 73.0 68.0 68.65 0.9574271077563409
6 19.0 0.0 74.0 68.0 69.26 1.0974718422102867
6 20.0 0.0 74.0 69.0 69.86 1.2145581563480246
6 21.0 0.0 74.0 69.0 70.6 1.230914909793329
6 22.0 0.0 74.0 70.0 71.54 1.0290723487636324
6 23.0 0.0 74.0 71.0 72.28 0.792388028606433
6 24.0 0.0 76.0 72.0 72.77 0.7895146188218002
6 25.0 0.0 76.0 73.0 73.34 0.6231234454607102
6 26.0 0.0 77.0 73.0 73.77 0.7895146188218002
6 27.0 0.0 78.0 74.0 74.32 0.6945676658355489
6 28.0 0.0 78.0 74.0 74.59 0.8656754238130697
6 29.0 0.0 79.0 74.0 75.14 0.9849370589540263
6 30.0 0.0 79.0 75.0 75.73 0.8973023543664178
6 31.0 0.0 79.0 75.0 76.29 0.9243616415908047
6 32.0 0.0 80.0 76.0 76.89 1.0039819709436026
6 33.0 0.0 80.0 77.0 77.57 0.8675403521602096
6 34.0 0.0 80.0 77.0 78.12 0.9350633317286235
6 35.0 0.0 82.0 78.0 78.74 0.8241310085125554
6 36.0 0.0 82.0 78.0 79.2 0.8164965809277251
6 37.0 0.0 82.0 79.0 79.7 0.8226589066968615
6 38.0 0.0 82.0 79.0 80.12 0.8199531891048616
6 39.0 0.0 82.0 80.0 80.66 0.7683118053909029
6 40.0 0.0 82.0 80.0 81.1 0.6590473688161069
6 41.0 0.0 83.0 81.0 81.46 0.5397343154859905
6 42.0 0.0 83.0 81.0 81.79 0.498381217928443
6 43.0 0.0 84.0 82.0 82.14 0.4025173313289781
6 44.0 0.0 84.0 82.0 82.26 0.5049252369900862
6 45.0 0.0 84.0 82.0 82.42 0.6224746962525843
6 46.0 0.0 85.0 82.0 82.7 0.7453559924999296
6 47.0 0.0 85.0 82.0 83.11 0.6650738547884981
6 48.0 0.0 86.0 83.0 83.47 0.7028800779936826
6 49.0 0.0 86.0 83.0 83.77 0.8147007878585691
6 50.0 0.0 86.0 83.0 84.4 0.6816498108607263
6 51.0 0.0 86.0 84.0 84.72 0.6974701760395549
6 52.0 0.0 86.0 84.0 85.15 0.5573204290227121
6 53.0 0.0 87.0 85.0 85.41 0.5522223238420316
6 54.0 0.0 87.0 85.0 85.71 0.5910955416799715
6 55.0 0.0 88.0 85.0 86.11 0.39936818788550227
6 56.0 0.0 88.0 86.0 86.21 0.4333333333333326
6 57.0 0.0 88.0 86.0 86.39 0.5298179599702817
6 58.0 0.0 88.0 86.0 86.63 0.5623723199648317
6 59.0 0.0 89.0 86.0 87.03 0.45957819923503873
6 60.0 0.0 89.0 87.0 87.21 0.4560480215720679
6 61.0 0.0 89.0 87.0 87.44 0.5563227026600195
6 62.0 0.0 89.0 87.0 87.65 0.5388914922357187
6 63.0 0.0 89.0 87.0 88.0 0.3178208630818641
6 64.0 0.0 89.0 88.0 88.11 0.31446603773522064
6 65.0 0.0 90.0 88.0 88.21 0.4333333333333326
6 66.0 0.0 90.0 88.0 88.35 0.5198095999517702
6 67.0 0.0 90.0 88.0 88.51 0.5772627852480385
6 68.0 0.0 91.0 88.0 88.79 0.6079440431453862
6 69.0 0.0 91.0 89.0 89.18 0.43531017619043744
6 70.0 0.0 91.0 89.0 89.27 0.5096047190685825
6 71.0 0.0 91.0 89.0 89.43 0.5730478499949534
6 72.0 0.0 91.0 89.0 89.73 0.6171783299088605
6 73.0 0.0 91.0 89.0 90.12 0.35618630921006444
6 74.0 0.0 92.0 90.0 90.21 0.4333333333333326
6 75.0 0.0 92.0 90.0 90.38 0.5276209229966522
6 76.0 0.0 92.0 90.0 90.56 0.5563227026600198
6 77.0 0.0 93.0 90.0 90.85 0.5573204290227121
6 78.0 0.0 94.0 91.0 91.15 0.45781651302236653
6 79.0 0.0 94.0 91.0 91.26 0.5434643827828417
6 80.0 0.0 94.0 91.0 91.44 0.6247423711443212
6 81.0 0.0 94.0 91.0 91.65 0.7017294652672365
6 82.0 0.0 94.0 91.0 91.99 0.6434597143880914
6 83.0 0.0 94.0 92.0 92.25 0.5
6 84.0 0.0 94.0 92.0 92.39 0.6012613005301031
6 85.0 0.0 94.0 92.0 92.59 0.6371495868001441
6 86.0 0.0 95.0 92.0 92.86 0.6669696281304603
6 87.0 0.0 95.0 93.0 93.23 0.5096047190685825
6 88.0 0.0 95.0 93.0 93.4 0.5860327153276877
6 89.0 0.0 95.0 93.0 93.61 0.6339709708805218
6 90.0 0.0 95.0 93.0 93.88 0.5734883511361758
6 91.0 0.0 95.0 94.0 94.17 0.3775251680686364
6 92.0 0.0 95.0 94.0 94.28 0.45126085985421366
6 93.0 0.0 96.0 94.0 94.45 0.5198095999517717
6 94.0 0.0 96.0 94.0 94.66 0.5359782899266787
6 95.0 0.0 96.0 94.0 94.93 0.4323999271157398
6 96.0 0.0 96.0 95.0 95.13 0.33799766898963224
6 97.0 0.0 96.0 95.0 95.22 0.41633319989322665
6 98.0 0.0 96.0 95.0 95.34 0.47609522856952236
6 99.0 0.0 96.0 95.0 95.47 0.5016135580465922
6 100.0 0.0 96.0 95.0 95.58 0.49604496374885787
