6 0.0 85.0 279.0 230.0 253.18 11.542088111767212
6 1.0 85.0 279.0 230.0 253.57 11.534099641734269
6 2.0 85.0 279.0 230.0 253.93 11.462944251329626
6 3.0 85.0 279.0 230.0 254.3 11.485168301295845
6 4.0 85.0 280.0 230.0 254.58 11.50860898667084
6 5.0 85.0 280.0 231.0 254.86 11.482107292600423
6 6.0 85.0 280.0 232.0 255.2 11.470647652846704
6 7.0 85.0 280.0 232.0 255.62 11.347388788758069
6 8.0 85.0 280.0 232.0 256.02 11.29403167673757
6 9.0 85.0 281.0 232.0 256.39 11.358167977186275
6 10.0 85.0 281.0 232.0 256.71 11.428561598119868
6 11.0 85.0 283.0 233.0 256.97 11.502704995879107
6 12.0 85.0 283.0 233.0 257.33 11.58809472665543
6 13.0 85.0 284.0 233.0 257.63 11.52130656872323
6 14.0 85.0 285.0 233.0 257.87 11.546703583116855
6 15.0 85.0 285.0 233.0 258.22 11.592038368438637
6 16.0 85.0 285.0 234.0 258.52 11.544800745029091
6 17.0 85.0 288.0 234.0 258.82 11.619715047185014
6 18.0 85.0 288.0 235.0 259.22 11.503692863378674
6 19.0 85.0 288.0 235.0 259.54 11.512329797818397
6 20.0 85.0 289.0 235.0 259.83 11.568028912882822
6 21.0 85.0 289.0 236.0 260.21 11.5542593484355
6 22.0 85.0 289.0 237.0 260.53 11.496556357484101
6 23.0 85.0 289.0 238.0 260.85 11.539457998930924
6 24.0 85.0 290.0 238.0 261.25 11.510535358636638
6 25.0 85.0 290.0 238.0 261.5 11.431393951603964
6 26.0 85.0 291.0 238.0 261.87 11.430647268186387
6 27.0 85.0 292.0 238.0 262.14 11.479467836889556
6 28.0 85.0 292.0 238.0 262.48 11.420767898610823
6 29.0 85.0 292.0 239.0 262.77 11.337659602075076
6 30.0 85.0 293.0 240.0 263.1 11.348029687032804
6 31.0 85.0 293.0 241.0 263.48 11.335543456515238
6 32.0 85.0 293.0 241.0 263.73 11.348345672165143
6 33.0 85.0 293.0 241.0 264.03 11.306076849967619
6 34.0 85.0 293.0 241.0 264.31 11.270498720737313
6 35.0 85.0 293.0 241.0 264.6 11.177177323872648
6 36.0 85.0 293.0 241.0 264.82 11.124983259549316
6 37.0 85.0 293.0 242.0 265.13 11.120692333654318
6 38.0 85.0 293.0 242.0 265.33 11.114695886368851
6 39.0 85.0 294.0 242.0 265.66 11.221570138070534
6 40.0 85.0 294.0 242.0 265.95 11.176612486199323
6 41.0 85.0 297.0 242.0 266.37 11.140657180985443
6 42.0 85.0 297.0 242.0 266.57 11.186441107271994
6 43.0 85.0 297.0 242.0 266.81 11.21119119812021
6 44.0 85.0 297.0 242.0 267.12 11.216222018292807
6 45.0 85.0 297.0 243.0 267.48 11.237994716697692
6 46.0 85.0 297.0 243.0 267.7 11.212817341207014
6 47.0 85.0 297.0 243.0 268.03 11.245160575271319
6 48.0 85.0 297.0 243.0 268.37 11.201240010721037
6 49.0 85.0 298.0 243.0 268.58 11.235028196932065
6 50.0 85.0 298.0 243.0 268.81 11.259738770136595
6 51.0 85.0 298.0 243.0 269.13 11.184996263483567
6 52.0 85.0 298.0 244.0 269.37 11.097961410761327
6 53.0 85.0 298.0 244.0 269.64 11.150503906718178
6 54.0 85.0 298.0 244.0 269.99 11.06408787040488
6 55.0 85.0 298.0 244.0 270.33 11.128319502489806
6 56.0 85.0 298.0 244.0 270.55 11.07310418824082
6 57.0 85.0 300.0 244.0 270.82 11.103170900261063
6 58.0 85.0 300.0 244.0 271.23 11.066242233555037
6 59.0 85.0 300.0 244.0 271.56 11.10766411178345
6 60.0 85.0 300.0 245.0 271.78 11.055945884181025
6 61.0 85.0 300.0 245.0 272.09 11.03080626557673
6 62.0 85.0 301.0 245.0 272.46 11.114118784844637
6 63.0 85.0 301.0 245.0 272.72 11.07101046550281
6 64.0 85.0 301.0 246.0 272.91 11.05001942500235
6 65.0 56.0 301.0 246.0 273.19 11.143413147041464
6 66.0 56.0 301.0 246.0 273.4 11.213267754645555
6 67.0 85.0 302.0 246.0 273.61 11.142687958903585
6 68.0 85.0 302.0 246.0 273.92 11.156988116798543
6 69.0 56.0 302.0 246.0 274.2 11.135528725660045
6 70.0 56.0 302.0 246.0 274.47 11.141382501305843
6 71.0 56.0 303.0 247.0 274.76 11.187222148234088
6 72.0 56.0 303.0 248.0 275.06 11.165259974717575
6 73.0 56.0 303.0 249.0 275.27 11.181564011236247
6 74.0 56.0 303.0 249.0 275.56 11.22615992522228
6 75.0 56.0 303.0 249.0 275.9 11.185759344863998
6 76.0 56.0 303.0 249.0 276.09 11.230455525629019
6 77.0 56.0 303.0 249.0 276.33 11.279779888962121
6 78.0 56.0 304.0 249.0 276.61 11.17527483674418
6 79.0 56.0 304.0 249.0 276.91 11.015228210311962
6 80.0 56.0 304.0 249.0 277.33 11.108332480847452
6 81.0 56.0 304.0 250.0 277.61 11.090896257651126
6 82.0 56.0 304.0 251.0 277.81 11.015778399068026
6 83.0 56.0 304.0 251.0 278.02 11.048085898480428
6 84.0 56.0 304.0 251.0 278.37 10.908855637193634
6 85.0 56.0 304.0 252.0 278.62 10.946868931066062
6 86.0 40.0 304.0 254.0 279.03 11.052176530467019
6 87.0 40.0 304.0 255.0 279.29 10.925177112957709
6 88.0 40.0 304.0 256.0 279.52 10.850201320107786
6 89.0 85.0 305.0 256.0 279.83 10.791930206212303
6 90.0 85.0 305.0 256.0 280.05 10.708605998179335
6 91.0 85.0 305.0 256.0 280.3 10.697398909751069
6 92.0 85.0 305.0 257.0 280.5 10.698343117256309
6 93.0 85.0 306.0 257.0 280.74 10.747440381201226
6 94.0 40.0 306.0 257.0 280.96 10.661854975338555
6 95.0 40.0 306.0 257.0 281.27 10.71565926741577
6 96.0 85.0 307.0 257.0 281.58 10.72067765082643
6 97.0 85.0 307.0 258.0 281.86 10.689388677704178
6 98.0 85.0 307.0 258.0 282.11 10.67224759302691
6 99.0 56.0 307.0 258.0 282.48 10.59586349630474
6 100.0 56.0 307.0 258.0 282.78 10.532853844092307
