8,0.0,30.0,-6.0,-40.0,-16.24,5.750924387707713,0.5,0.5
8,1.0,20.0,-4.0,-28.0,-12.88,4.200240493355138,0.4399759629863416,0.5600240370136583
8,2.0,10.0,-4.0,-22.0,-10.76,3.336725546660584,0.4158750435768639,0.5841249564231361
8,3.0,30.0,-2.0,-18.0,-8.96,3.001413808271836,0.39151234374426225,0.6084876562557376
8,4.0,8.0,-2.0,-16.0,-7.76,2.7159089852499863,0.31585758861026986,0.6841424113897303
8,5.0,6.0,-2.0,-16.0,-6.54,2.426370278270143,0.3418897878349954,0.6581102121650045
8,6.0,56.0,-0.0,-14.0,-5.7,2.4679767200905864,0.35958822063962936,0.6404117793603704
8,7.0,56.0,-0.0,-10.0,-5.24,2.305548862105411,0.37405395256569035,0.6259460474343099
8,8.0,56.0,-0.0,-10.0,-4.76,2.179426298340687,0.4169382542717486,0.5830617457282514
8,9.0,50.0,-0.0,-10.0,-4.0,2.030076875690209,0.41968717409018863,0.5803128259098114
8,10.0,21.0,-0.0,-10.0,-3.52,1.9923084423083002,0.4353145716358916,0.5646854283641083
8,11.0,2.0,-0.0,-10.0,-2.82,2.090768550393164,0.41247379721029653,0.5875262027897036
8,12.0,2.0,-0.0,-10.0,-2.32,1.96371118450795,0.4153946230558351,0.584605376944165
8,13.0,2.0,-0.0,-10.0,-1.74,1.9416747951449067,0.39910978266669306,0.600890217333307
8,14.0,0.0,-0.0,-6.0,-1.0,1.4907119849998598,0.4020648205275183,0.5979351794724815
8,15.0,0.0,-0.0,-6.0,-0.66,1.3942160463279645,0.37697058859205973,0.6230294114079403
8,16.0,0.0,-0.0,-6.0,-0.44,1.1574964275530106,0.42211273358134954,0.5778872664186507
8,17.0,0.0,-0.0,-6.0,-0.26,0.927906299693078,0.4624347573178358,0.5375652426821642
8,18.0,0.0,-0.0,-6.0,-0.2,0.8761716542303611,0.43183293862499894,0.568167061375001
8,19.0,0.0,-0.0,-6.0,-0.1,0.659047368816107,0.4165582881811249,0.583441711818875
8,20.0,0.0,-0.0,-6.0,-0.1,0.659047368816107,0.4276101340715038,0.5723898659284963
8,21.0,0.0,-0.0,-6.0,-0.08,0.6305360874492097,0.4801633737068981,0.5198366262931018
8,22.0,0.0,-0.0,-6.0,-0.08,0.6305360874492097,0.495169176269703,0.5048308237302971
8,23.0,0.0,-0.0,-6.0,-0.08,0.6305360874492097,0.5219422713050345,0.4780577286949655
8,24.0,0.0,-0.0,-2.0,-0.02,0.19999999999999993,0.5163375083175212,0.4836624916824788
8,25.0,0.0,-0.0,-2.0,-0.02,0.19999999999999993,0.5103400852672011,0.48965991473279885
8,26.0,0.0,-0.0,-2.0,-0.02,0.19999999999999993,0.5259237841137148,0.4740762158862853
8,27.0,0.0,-0.0,-2.0,-0.02,0.19999999999999993,0.49073200062716604,0.509267999372834
8,28.0,0.0,-0.0,-2.0,-0.02,0.19999999999999993,0.48566738199643195,0.514332618003568
8,29.0,0.0,-0.0,-2.0,-0.02,0.19999999999999993,0.4969558348388988,0.5030441651611011
8,30.0,0.0,-0.0,-2.0,-0.02,0.19999999999999993,0.4986529531097446,0.5013470468902554
8,31.0,0.0,-0.0,-0.0,-0.0,0.0,0.49996100533648224,0.5000389946635178
8,32.0,0.0,-0.0,-0.0,-0.0,0.0,0.520154107751071,0.4798458922489291
8,33.0,0.0,-0.0,-0.0,-0.0,0.0,0.5386848449783513,0.4613151550216487
8,34.0,0.0,-0.0,-0.0,-0.0,0.0,0.5398558059927078,0.46014419400729223
8,35.0,0.0,-0.0,-0.0,-0.0,0.0,0.5316613292601365,0.4683386707398634
8,36.0,0.0,-0.0,-0.0,-0.0,0.0,0.5647936651630799,0.43520633483692
8,37.0,0.0,-0.0,-0.0,-0.0,0.0,0.5448479316297196,0.4551520683702804
8,38.0,0.0,-0.0,-0.0,-0.0,0.0,0.5175539525586285,0.48244604744137154
8,39.0,0.0,-0.0,-0.0,-0.0,0.0,0.5120471083656365,0.48795289163436345
8,40.0,0.0,-0.0,-0.0,-0.0,0.0,0.48815715023081496,0.5118428497691849
8,41.0,0.0,-0.0,-0.0,-0.0,0.0,0.43222648863544627,0.5677735113645537
8,42.0,0.0,-0.0,-0.0,-0.0,0.0,0.4126040719037928,0.5873959280962072
8,43.0,0.0,-0.0,-0.0,-0.0,0.0,0.4296247748762289,0.570375225123771
8,44.0,0.0,-0.0,-0.0,-0.0,0.0,0.4378079617436537,0.5621920382563463
8,45.0,0.0,-0.0,-0.0,-0.0,0.0,0.4801439022646284,0.5198560977353717
8,46.0,0.0,-0.0,-0.0,-0.0,0.0,0.4708206645341832,0.529179335465817
8,47.0,0.0,-0.0,-0.0,-0.0,0.0,0.4857462870393936,0.5142537129606065
8,48.0,0.0,-0.0,-0.0,-0.0,0.0,0.4825126415744351,0.5174873584255649
8,49.0,0.0,-0.0,-0.0,-0.0,0.0,0.49298299807743157,0.5070170019225683
8,50.0,0.0,-0.0,-0.0,-0.0,0.0,0.5244673578791648,0.4755326421208352
8,51.0,0.0,-0.0,-0.0,-0.0,0.0,0.5205658953174777,0.4794341046825224
8,52.0,0.0,-0.0,-0.0,-0.0,0.0,0.5402347639500563,0.45976523604994357
8,53.0,0.0,-0.0,-0.0,-0.0,0.0,0.5253074086057005,0.4746925913942996
8,54.0,0.0,-0.0,-0.0,-0.0,0.0,0.5144269151859401,0.48557308481406003
8,55.0,0.0,-0.0,-0.0,-0.0,0.0,0.503686991007967,0.4963130089920332
8,56.0,0.0,-0.0,-0.0,-0.0,0.0,0.5252710722803675,0.47472892771963243
8,57.0,0.0,-0.0,-0.0,-0.0,0.0,0.500587710254473,0.4994122897455269
8,58.0,0.0,-0.0,-0.0,-0.0,0.0,0.5178043168430064,0.48219568315699357
8,59.0,0.0,-0.0,-0.0,-0.0,0.0,0.4734324881913309,0.5265675118086692
8,60.0,0.0,-0.0,-0.0,-0.0,0.0,0.4674205907842499,0.5325794092157501
8,61.0,0.0,-0.0,-0.0,-0.0,0.0,0.4397889050679158,0.5602110949320842
8,62.0,0.0,-0.0,-0.0,-0.0,0.0,0.4993487186280483,0.5006512813719517
8,63.0,0.0,-0.0,-0.0,-0.0,0.0,0.49975912452615645,0.5002408754738437
8,64.0,0.0,-0.0,-0.0,-0.0,0.0,0.5113665188378621,0.4886334811621378
8,65.0,0.0,-0.0,-0.0,-0.0,0.0,0.49720520816362535,0.5027947918363747
8,66.0,0.0,-0.0,-0.0,-0.0,0.0,0.5224768348208674,0.47752316517913257
8,67.0,0.0,-0.0,-0.0,-0.0,0.0,0.48849685101344775,0.5115031489865521
8,68.0,0.0,-0.0,-0.0,-0.0,0.0,0.5221889378148606,0.4778110621851394
8,69.0,0.0,-0.0,-0.0,-0.0,0.0,0.5199394323656702,0.48006056763432986
8,70.0,0.0,-0.0,-0.0,-0.0,0.0,0.5319853091241461,0.46801469087585373
8,71.0,0.0,-0.0,-0.0,-0.0,0.0,0.5212906183613142,0.47870938163868587
8,72.0,0.0,-0.0,-0.0,-0.0,0.0,0.4940451219927619,0.505954878007238
8,73.0,0.0,-0.0,-0.0,-0.0,0.0,0.5019499016985681,0.49805009830143193
8,74.0,0.0,-0.0,-0.0,-0.0,0.0,0.5018826584277079,0.49811734157229215
8,75.0,0.0,-0.0,-0.0,-0.0,0.0,0.5084549886294042,0.4915450113705955
8,76.0,0.0,-0.0,-0.0,-0.0,0.0,0.5043795466496609,0.495620453350339
8,77.0,0.0,-0.0,-0.0,-0.0,0.0,0.5186462163445789,0.4813537836554211
8,78.0,0.0,-0.0,-0.0,-0.0,0.0,0.49174960800874595,0.5082503919912541
8,79.0,0.0,-0.0,-0.0,-0.0,0.0,0.4862899318128306,0.5137100681871695
8,80.0,0.0,-0.0,-0.0,-0.0,0.0,0.5150683591065223,0.48493164089347773
8,81.0,0.0,-0.0,-0.0,-0.0,0.0,0.5025675183859609,0.497432481614039
8,82.0,0.0,-0.0,-0.0,-0.0,0.0,0.45595565976936436,0.5440443402306356
8,83.0,0.0,-0.0,-0.0,-0.0,0.0,0.4698105304051156,0.5301894695948843
8,84.0,0.0,-0.0,-0.0,-0.0,0.0,0.47908574064462117,0.5209142593553788
8,85.0,0.0,-0.0,-0.0,-0.0,0.0,0.4935094981257104,0.5064905018742897
8,86.0,0.0,-0.0,-0.0,-0.0,0.0,0.47376059595427655,0.5262394040457236
8,87.0,0.0,-0.0,-0.0,-0.0,0.0,0.47785214944641136,0.5221478505535885
8,88.0,0.0,-0.0,-0.0,-0.0,0.0,0.48912287175871655,0.5108771282412833
8,89.0,0.0,-0.0,-0.0,-0.0,0.0,0.49110024393485796,0.5088997560651422
8,90.0,0.0,-0.0,-0.0,-0.0,0.0,0.432975586145692,0.5670244138543082
8,91.0,0.0,-0.0,-0.0,-0.0,0.0,0.45027345858193946,0.5497265414180604
8,92.0,0.0,-0.0,-0.0,-0.0,0.0,0.46406870883001716,0.5359312911699828
8,93.0,0.0,-0.0,-0.0,-0.0,0.0,0.4931800956280521,0.5068199043719478
8,94.0,0.0,-0.0,-0.0,-0.0,0.0,0.48021803891956333,0.5197819610804368
8,95.0,0.0,-0.0,-0.0,-0.0,0.0,0.4587749989732316,0.5412250010267685
8,96.0,0.0,-0.0,-0.0,-0.0,0.0,0.47177130330290157,0.5282286966970983
8,97.0,0.0,-0.0,-0.0,-0.0,0.0,0.47544618803171845,0.5245538119682815
8,98.0,0.0,-0.0,-0.0,-0.0,0.0,0.4976680502446909,0.502331949755309
8,99.0,0.0,-0.0,-0.0,-0.0,0.0,0.5267608973109903,0.47323910268900976
8,100.0,0.0,-0.0,-0.0,-0.0,0.0,0.4844639208636376,0.5155360791363625
8,101.0,0.0,-0.0,-0.0,-0.0,0.0,0.5066292110311272,0.4933707889688728
8,102.0,0.0,-0.0,-0.0,-0.0,0.0,0.504102963854754,0.49589703614524594
8,103.0,0.0,-0.0,-0.0,-0.0,0.0,0.5290095191136579,0.4709904808863421
8,104.0,0.0,-0.0,-0.0,-0.0,0.0,0.5281319859994322,0.47186801400056766
8,105.0,0.0,-0.0,-0.0,-0.0,0.0,0.5383437065742571,0.4616562934257427
8,106.0,0.0,-0.0,-0.0,-0.0,0.0,0.501641308868076,0.498358691131924
8,107.0,0.0,-0.0,-0.0,-0.0,0.0,0.5245357384166837,0.47546426158331634
8,108.0,0.0,-0.0,-0.0,-0.0,0.0,0.5203769096568683,0.47962309034313144
8,109.0,0.0,-0.0,-0.0,-0.0,0.0,0.49025819223705214,0.5097418077629478
8,110.0,0.0,-0.0,-0.0,-0.0,0.0,0.4888121895038896,0.5111878104961104
8,111.0,0.0,-0.0,-0.0,-0.0,0.0,0.48509788177576235,0.5149021182242377
8,112.0,0.0,-0.0,-0.0,-0.0,0.0,0.5118497357614445,0.4881502642385554
8,113.0,0.0,-0.0,-0.0,-0.0,0.0,0.4805427652050466,0.5194572347949534
8,114.0,0.0,-0.0,-0.0,-0.0,0.0,0.45153742568323735,0.5484625743167627
8,115.0,0.0,-0.0,-0.0,-0.0,0.0,0.43260548111969754,0.5673945188803023
8,116.0,0.0,-0.0,-0.0,-0.0,0.0,0.4390311376527326,0.5609688623472673
8,117.0,0.0,-0.0,-0.0,-0.0,0.0,0.4449933765058121,0.5550066234941878
8,118.0,0.0,-0.0,-0.0,-0.0,0.0,0.49957233696318004,0.50042766303682
8,119.0,0.0,-0.0,-0.0,-0.0,0.0,0.49867310512970286,0.501326894870297
8,120.0,0.0,-0.0,-0.0,-0.0,0.0,0.4874496174243895,0.5125503825756104
8,121.0,0.0,-0.0,-0.0,-0.0,0.0,0.5071338898143991,0.492866110185601
8,122.0,0.0,-0.0,-0.0,-0.0,0.0,0.5012107187918714,0.4987892812081287
8,123.0,0.0,-0.0,-0.0,-0.0,0.0,0.46057531809411906,0.539424681905881
8,124.0,0.0,-0.0,-0.0,-0.0,0.0,0.46849693797693837,0.5315030620230617
8,125.0,0.0,-0.0,-0.0,-0.0,0.0,0.4854337098985058,0.5145662901014944
8,126.0,0.0,-0.0,-0.0,-0.0,0.0,0.4978982693987665,0.5021017306012334
8,127.0,0.0,-0.0,-0.0,-0.0,0.0,0.5334509469766782,0.46654905302332206
8,128.0,0.0,-0.0,-0.0,-0.0,0.0,0.49235160948649015,0.5076483905135099
8,129.0,0.0,-0.0,-0.0,-0.0,0.0,0.4815500204440215,0.5184499795559785
8,130.0,0.0,-0.0,-0.0,-0.0,0.0,0.49804854385273506,0.5019514561472651
8,131.0,0.0,-0.0,-0.0,-0.0,0.0,0.5124241584713726,0.48757584152862743
8,132.0,0.0,-0.0,-0.0,-0.0,0.0,0.48347360018931573,0.5165263998106844
8,133.0,0.0,-0.0,-0.0,-0.0,0.0,0.4957681189192181,0.5042318810807819
8,134.0,0.0,-0.0,-0.0,-0.0,0.0,0.4833250885485681,0.5166749114514319
8,135.0,0.0,-0.0,-0.0,-0.0,0.0,0.46876595720865355,0.5312340427913466
8,136.0,0.0,-0.0,-0.0,-0.0,0.0,0.5282589111022175,0.47174108889778243
8,137.0,0.0,-0.0,-0.0,-0.0,0.0,0.5703216395919489,0.429678360408051
8,138.0,0.0,-0.0,-0.0,-0.0,0.0,0.5485508029634084,0.4514491970365915
8,139.0,0.0,-0.0,-0.0,-0.0,0.0,0.5432651632720495,0.4567348367279505
8,140.0,0.0,-0.0,-0.0,-0.0,0.0,0.5416174960003194,0.45838250399968067
8,141.0,0.0,-0.0,-0.0,-0.0,0.0,0.5624195534757808,0.43758044652421924
8,142.0,0.0,-0.0,-0.0,-0.0,0.0,0.5390304928825408,0.4609695071174591
8,143.0,0.0,-0.0,-0.0,-0.0,0.0,0.5139406793536215,0.4860593206463786
8,144.0,0.0,-0.0,-0.0,-0.0,0.0,0.5447383625729443,0.4552616374270557
8,145.0,0.0,-0.0,-0.0,-0.0,0.0,0.5499708845769526,0.45002911542304735
8,146.0,0.0,-0.0,-0.0,-0.0,0.0,0.5522413641567802,0.44775863584321984
8,147.0,0.0,-0.0,-0.0,-0.0,0.0,0.5510064963221086,0.4489935036778913
8,148.0,0.0,-0.0,-0.0,-0.0,0.0,0.5500607212394225,0.4499392787605774
8,149.0,0.0,-0.0,-0.0,-0.0,0.0,0.5382288189906425,0.4617711810093577
8,150.0,0.0,-0.0,-0.0,-0.0,0.0,0.5339742080404455,0.46602579195955474
8,151.0,0.0,-0.0,-0.0,-0.0,0.0,0.49336611175672035,0.5066338882432797
8,152.0,0.0,-0.0,-0.0,-0.0,0.0,0.4790063720599085,0.5209936279400916
8,153.0,0.0,-0.0,-0.0,-0.0,0.0,0.5353844135713703,0.4646155864286295
8,154.0,0.0,-0.0,-0.0,-0.0,0.0,0.5337819640690139,0.4662180359309861
8,155.0,0.0,-0.0,-0.0,-0.0,0.0,0.5110564242412585,0.4889435757587415
8,156.0,0.0,-0.0,-0.0,-0.0,0.0,0.5055422787876918,0.49445772121230824
8,157.0,0.0,-0.0,-0.0,-0.0,0.0,0.46886329869685306,0.5311367013031469
8,158.0,0.0,-0.0,-0.0,-0.0,0.0,0.4816231013488234,0.5183768986511768
8,159.0,0.0,-0.0,-0.0,-0.0,0.0,0.48337597556515843,0.5166240244348415
8,160.0,0.0,-0.0,-0.0,-0.0,0.0,0.4705984960676631,0.529401503932337
8,161.0,0.0,-0.0,-0.0,-0.0,0.0,0.4861304446191139,0.5138695553808861
8,162.0,0.0,-0.0,-0.0,-0.0,0.0,0.5254222158240855,0.47457778417591434
8,163.0,0.0,-0.0,-0.0,-0.0,0.0,0.5364827038341107,0.4635172961658892
8,164.0,0.0,-0.0,-0.0,-0.0,0.0,0.530840967034018,0.46915903296598216
8,165.0,0.0,-0.0,-0.0,-0.0,0.0,0.5513006665737887,0.4486993334262111
8,166.0,0.0,-0.0,-0.0,-0.0,0.0,0.5363831399153828,0.46361686008461733
8,167.0,0.0,-0.0,-0.0,-0.0,0.0,0.5590124402143499,0.44098755978565035
8,168.0,0.0,-0.0,-0.0,-0.0,0.0,0.571661472909404,0.4283385270905962
8,169.0,0.0,-0.0,-0.0,-0.0,0.0,0.5824760555834128,0.41752394441658724
8,170.0,0.0,-0.0,-0.0,-0.0,0.0,0.5251056196907768,0.474894380309223
8,171.0,0.0,-0.0,-0.0,-0.0,0.0,0.5384909980646099,0.46150900193539024
8,172.0,0.0,-0.0,-0.0,-0.0,0.0,0.5236460560929824,0.47635394390701763
8,173.0,0.0,-0.0,-0.0,-0.0,0.0,0.4765626682342748,0.5234373317657254
8,174.0,0.0,-0.0,-0.0,-0.0,0.0,0.48915950333100555,0.5108404966689944
8,175.0,0.0,-0.0,-0.0,-0.0,0.0,0.47637585375550634,0.5236241462444936
8,176.0,0.0,-0.0,-0.0,-0.0,0.0,0.49257587884000975,0.5074241211599904
8,177.0,0.0,-0.0,-0.0,-0.0,0.0,0.534054369859433,0.4659456301405671
8,178.0,0.0,-0.0,-0.0,-0.0,0.0,0.5336862081363243,0.4663137918636757
8,179.0,0.0,-0.0,-0.0,-0.0,0.0,0.5026452210602228,0.49735477893977714
8,180.0,0.0,-0.0,-0.0,-0.0,0.0,0.5343857009948382,0.4656142990051618
8,181.0,0.0,-0.0,-0.0,-0.0,0.0,0.5400133932826834,0.45998660671731656
8,182.0,0.0,-0.0,-0.0,-0.0,0.0,0.5442460527096414,0.45575394729035856
8,183.0,0.0,-0.0,-0.0,-0.0,0.0,0.5131510437281418,0.4868489562718581
8,184.0,0.0,-0.0,-0.0,-0.0,0.0,0.5188329840158715,0.48116701598412853
8,185.0,0.0,-0.0,-0.0,-0.0,0.0,0.4671793636924512,0.5328206363075486
8,186.0,0.0,-0.0,-0.0,-0.0,0.0,0.4846851247780162,0.5153148752219838
8,187.0,0.0,-0.0,-0.0,-0.0,0.0,0.5318307272055215,0.4681692727944785
8,188.0,0.0,-0.0,-0.0,-0.0,0.0,0.5377301822664495,0.46226981773355047
8,189.0,0.0,-0.0,-0.0,-0.0,0.0,0.5769943181509278,0.4230056818490726
8,190.0,0.0,-0.0,-0.0,-0.0,0.0,0.5203088990394407,0.47969110096055945
8,191.0,0.0,-0.0,-0.0,-0.0,0.0,0.5201551441343676,0.47984485586563247
8,192.0,0.0,-0.0,-0.0,-0.0,0.0,0.4747459992386448,0.5252540007613551
8,193.0,0.0,-0.0,-0.0,-0.0,0.0,0.47284543450168703,0.5271545654983131
8,194.0,0.0,-0.0,-0.0,-0.0,0.0,0.45494980303646526,0.5450501969635346
8,195.0,0.0,-0.0,-0.0,-0.0,0.0,0.4522650591675253,0.5477349408324748
8,196.0,0.0,-0.0,-0.0,-0.0,0.0,0.4726621530040407,0.5273378469959593
8,197.0,0.0,-0.0,-0.0,-0.0,0.0,0.46511145835441703,0.5348885416455829
8,198.0,0.0,-0.0,-0.0,-0.0,0.0,0.47467540333885017,0.5253245966611498
8,199.0,0.0,-0.0,-0.0,-0.0,0.0,0.4791908001115498,0.5208091998884501
8,200.0,0.0,-0.0,-0.0,-0.0,0.0,0.5012033926529411,0.4987966073470589
8,201.0,0.0,-0.0,-0.0,-0.0,0.0,0.507082105368057,0.4929178946319431
8,202.0,0.0,-0.0,-0.0,-0.0,0.0,0.4664897659699031,0.5335102340300969
8,203.0,0.0,-0.0,-0.0,-0.0,0.0,0.47512207418614766,0.5248779258138524
8,204.0,0.0,-0.0,-0.0,-0.0,0.0,0.47179337679220645,0.5282066232077937
8,205.0,0.0,-0.0,-0.0,-0.0,0.0,0.47643105422267196,0.5235689457773279
8,206.0,0.0,-0.0,-0.0,-0.0,0.0,0.4583618624493104,0.5416381375506897
8,207.0,0.0,-0.0,-0.0,-0.0,0.0,0.4579036932894197,0.5420963067105803
8,208.0,0.0,-0.0,-0.0,-0.0,0.0,0.48140891615823,0.5185910838417699
8,209.0,0.0,-0.0,-0.0,-0.0,0.0,0.5095581504784363,0.49044184952156367
8,210.0,0.0,-0.0,-0.0,-0.0,0.0,0.4768282913459662,0.5231717086540337
8,211.0,0.0,-0.0,-0.0,-0.0,0.0,0.5219139545828798,0.47808604541712
8,212.0,0.0,-0.0,-0.0,-0.0,0.0,0.5652461839165034,0.43475381608349667
8,213.0,0.0,-0.0,-0.0,-0.0,0.0,0.5466730668193637,0.4533269331806363
8,214.0,0.0,-0.0,-0.0,-0.0,0.0,0.5298227316349969,0.470177268365003
8,215.0,0.0,-0.0,-0.0,-0.0,0.0,0.4970462517446432,0.5029537482553568
8,216.0,0.0,-0.0,-0.0,-0.0,0.0,0.5104245197254211,0.4895754802745788
8,217.0,0.0,-0.0,-0.0,-0.0,0.0,0.5121323802000771,0.4878676197999228
8,218.0,0.0,-0.0,-0.0,-0.0,0.0,0.49541630087008515,0.5045836991299149
8,219.0,0.0,-0.0,-0.0,-0.0,0.0,0.5104598504811491,0.489540149518851
8,220.0,0.0,-0.0,-0.0,-0.0,0.0,0.4896502143614084,0.5103497856385916
8,221.0,0.0,-0.0,-0.0,-0.0,0.0,0.4640965826829299,0.5359034173170701
8,222.0,0.0,-0.0,-0.0,-0.0,0.0,0.4678636076304003,0.5321363923695998
8,223.0,0.0,-0.0,-0.0,-0.0,0.0,0.47400115904869816,0.5259988409513019
8,224.0,0.0,-0.0,-0.0,-0.0,0.0,0.47837566154449107,0.5216243384555088
8,225.0,0.0,-0.0,-0.0,-0.0,0.0,0.4937925058757963,0.5062074941242037
8,226.0,0.0,-0.0,-0.0,-0.0,0.0,0.49772071765546955,0.5022792823445305
8,227.0,0.0,-0.0,-0.0,-0.0,0.0,0.49693795512346556,0.5030620448765345
8,228.0,0.0,-0.0,-0.0,-0.0,0.0,0.45823578894167405,0.5417642110583258
8,229.0,0.0,-0.0,-0.0,-0.0,0.0,0.4797001280660713,0.5202998719339287
8,230.0,0.0,-0.0,-0.0,-0.0,0.0,0.47825912656775577,0.5217408734322442
8,231.0,0.0,-0.0,-0.0,-0.0,0.0,0.47105489168652687,0.5289451083134732
8,232.0,0.0,-0.0,-0.0,-0.0,0.0,0.4725292769343954,0.5274707230656047
8,233.0,0.0,-0.0,-0.0,-0.0,0.0,0.48957866281909146,0.5104213371809084
8,234.0,0.0,-0.0,-0.0,-0.0,0.0,0.47707046148538346,0.5229295385146167
8,235.0,0.0,-0.0,-0.0,-0.0,0.0,0.4893678061587801,0.5106321938412198
8,236.0,0.0,-0.0,-0.0,-0.0,0.0,0.4726802686378552,0.5273197313621448
8,237.0,0.0,-0.0,-0.0,-0.0,0.0,0.4742530462464279,0.5257469537535722
8,238.0,0.0,-0.0,-0.0,-0.0,0.0,0.47089129883442754,0.5291087011655725
8,239.0,0.0,-0.0,-0.0,-0.0,0.0,0.4859400084351966,0.5140599915648033
8,240.0,0.0,-0.0,-0.0,-0.0,0.0,0.4756973172531735,0.5243026827468266
8,241.0,0.0,-0.0,-0.0,-0.0,0.0,0.5276979652785174,0.47230203472148247
8,242.0,0.0,-0.0,-0.0,-0.0,0.0,0.5455818559149972,0.45441814408500314
8,243.0,0.0,-0.0,-0.0,-0.0,0.0,0.5487368343773816,0.451263165622618
8,244.0,0.0,-0.0,-0.0,-0.0,0.0,0.5673285294294849,0.4326714705705151
8,245.0,0.0,-0.0,-0.0,-0.0,0.0,0.5493561178031716,0.4506438821968284
8,246.0,0.0,-0.0,-0.0,-0.0,0.0,0.5436481912483859,0.456351808751614
8,247.0,0.0,-0.0,-0.0,-0.0,0.0,0.4529753607136647,0.5470246392863355
8,248.0,0.0,-0.0,-0.0,-0.0,0.0,0.4753117365203049,0.5246882634796951
8,249.0,0.0,-0.0,-0.0,-0.0,0.0,0.4500072776627439,0.5499927223372562
8,250.0,0.0,-0.0,-0.0,-0.0,0.0,0.4872439891130568,0.5127560108869433
8,251.0,0.0,-0.0,-0.0,-0.0,0.0,0.5051074962457528,0.4948925037542471
8,252.0,0.0,-0.0,-0.0,-0.0,0.0,0.48029800028176844,0.5197019997182316
8,253.0,0.0,-0.0,-0.0,-0.0,0.0,0.4932322940174778,0.5067677059825223
8,254.0,0.0,-0.0,-0.0,-0.0,0.0,0.47858647144495514,0.5214135285550447
8,255.0,0.0,-0.0,-0.0,-0.0,0.0,0.4754496813179144,0.5245503186820858
8,256.0,0.0,-0.0,-0.0,-0.0,0.0,0.46008610944746314,0.5399138905525368
8,257.0,0.0,-0.0,-0.0,-0.0,0.0,0.4654151528979537,0.5345848471020463
8,258.0,0.0,-0.0,-0.0,-0.0,0.0,0.48132053462007773,0.5186794653799224
8,259.0,0.0,-0.0,-0.0,-0.0,0.0,0.45546049468869354,0.5445395053113063
8,260.0,0.0,-0.0,-0.0,-0.0,0.0,0.47041869689304144,0.5295813031069585
8,261.0,0.0,-0.0,-0.0,-0.0,0.0,0.47446513569505705,0.525534864304943
8,262.0,0.0,-0.0,-0.0,-0.0,0.0,0.485193983262494,0.514806016737506
8,263.0,0.0,-0.0,-0.0,-0.0,0.0,0.46055433002555196,0.539445669974448
8,264.0,0.0,-0.0,-0.0,-0.0,0.0,0.5242473398415004,0.47575266015849954
8,265.0,0.0,-0.0,-0.0,-0.0,0.0,0.4983946909548715,0.5016053090451285
8,266.0,0.0,-0.0,-0.0,-0.0,0.0,0.4980875179123956,0.5019124820876045
8,267.0,0.0,-0.0,-0.0,-0.0,0.0,0.47891890287888716,0.5210810971211128
8,268.0,0.0,-0.0,-0.0,-0.0,0.0,0.5046069237979265,0.49539307620207346
8,269.0,0.0,-0.0,-0.0,-0.0,0.0,0.5069371744271847,0.49306282557281533
8,270.0,0.0,-0.0,-0.0,-0.0,0.0,0.5492957340829857,0.45070426591701435
8,271.0,0.0,-0.0,-0.0,-0.0,0.0,0.538933157663327,0.46106684233667294
8,272.0,0.0,-0.0,-0.0,-0.0,0.0,0.5141767793183964,0.4858232206816034
8,273.0,0.0,-0.0,-0.0,-0.0,0.0,0.5056820096571868,0.4943179903428131
8,274.0,0.0,-0.0,-0.0,-0.0,0.0,0.5208658554771611,0.479134144522839
8,275.0,0.0,-0.0,-0.0,-0.0,0.0,0.5179614131299727,0.48203858687002726
8,276.0,0.0,-0.0,-0.0,-0.0,0.0,0.5105261098150479,0.48947389018495213
8,277.0,0.0,-0.0,-0.0,-0.0,0.0,0.4924700304207113,0.5075299695792888
8,278.0,0.0,-0.0,-0.0,-0.0,0.0,0.4978725002699365,0.5021274997300634
8,279.0,0.0,-0.0,-0.0,-0.0,0.0,0.49871149437741186,0.5012885056225881
8,280.0,0.0,-0.0,-0.0,-0.0,0.0,0.4956612406078382,0.5043387593921619
8,281.0,0.0,-0.0,-0.0,-0.0,0.0,0.511250322994454,0.488749677005546
8,282.0,0.0,-0.0,-0.0,-0.0,0.0,0.5306820811091932,0.46931791889080654
8,283.0,0.0,-0.0,-0.0,-0.0,0.0,0.5484473084037097,0.4515526915962903
8,284.0,0.0,-0.0,-0.0,-0.0,0.0,0.5372258239060769,0.4627741760939232
8,285.0,0.0,-0.0,-0.0,-0.0,0.0,0.5161645174446143,0.4838354825553855
8,286.0,0.0,-0.0,-0.0,-0.0,0.0,0.5199796478027144,0.4800203521972856
8,287.0,0.0,-0.0,-0.0,-0.0,0.0,0.5164632112444574,0.48353678875554257
8,288.0,0.0,-0.0,-0.0,-0.0,0.0,0.4758223891785396,0.5241776108214607
8,289.0,0.0,-0.0,-0.0,-0.0,0.0,0.5085002322404053,0.49149976775959464
8,290.0,0.0,-0.0,-0.0,-0.0,0.0,0.5177618720344218,0.48223812796557813
8,291.0,0.0,-0.0,-0.0,-0.0,0.0,0.46932153533603754,0.5306784646639624
8,292.0,0.0,-0.0,-0.0,-0.0,0.0,0.48055495172704843,0.5194450482729516
8,293.0,0.0,-0.0,-0.0,-0.0,0.0,0.5241017256648276,0.47589827433517246
8,294.0,0.0,-0.0,-0.0,-0.0,0.0,0.4937923393465624,0.5062076606534375
8,295.0,0.0,-0.0,-0.0,-0.0,0.0,0.5154305536945816,0.48456944630541854
8,296.0,0.0,-0.0,-0.0,-0.0,0.0,0.5228514119716234,0.4771485880283766
8,297.0,0.0,-0.0,-0.0,-0.0,0.0,0.499085495339429,0.500914504660571
8,298.0,0.0,-0.0,-0.0,-0.0,0.0,0.5141321823669431,0.48586781763305686
8,299.0,0.0,-0.0,-0.0,-0.0,0.0,0.5057095520903274,0.49429044790967275
8,300.0,0.0,-0.0,-0.0,-0.0,0.0,0.4772954455825495,0.5227045544174506
8,301.0,0.0,-0.0,-0.0,-0.0,0.0,0.5096639566024856,0.49033604339751435
8,302.0,0.0,-0.0,-0.0,-0.0,0.0,0.490378114096872,0.509621885903128
8,303.0,0.0,-0.0,-0.0,-0.0,0.0,0.48444065095648253,0.5155593490435174
8,304.0,0.0,-0.0,-0.0,-0.0,0.0,0.48166952527357815,0.518330474726422
8,305.0,0.0,-0.0,-0.0,-0.0,0.0,0.4855459311569687,0.5144540688430314
8,306.0,0.0,-0.0,-0.0,-0.0,0.0,0.4569039984483377,0.5430960015516624
8,307.0,0.0,-0.0,-0.0,-0.0,0.0,0.473522736577094,0.526477263422906
8,308.0,0.0,-0.0,-0.0,-0.0,0.0,0.4628203306447422,0.5371796693552578
8,309.0,0.0,-0.0,-0.0,-0.0,0.0,0.4607943217967954,0.5392056782032045
8,310.0,0.0,-0.0,-0.0,-0.0,0.0,0.47630414947155564,0.5236958505284443
8,311.0,0.0,-0.0,-0.0,-0.0,0.0,0.4508803067661657,0.5491196932338341
8,312.0,0.0,-0.0,-0.0,-0.0,0.0,0.4890260884365889,0.510973911563411
8,313.0,0.0,-0.0,-0.0,-0.0,0.0,0.4721957226101807,0.5278042773898192
8,314.0,0.0,-0.0,-0.0,-0.0,0.0,0.4541348548384781,0.5458651451615218
8,315.0,0.0,-0.0,-0.0,-0.0,0.0,0.46148253231422565,0.5385174676857745
8,316.0,0.0,-0.0,-0.0,-0.0,0.0,0.4630505799048051,0.536949420095195
8,317.0,0.0,-0.0,-0.0,-0.0,0.0,0.46961155146642886,0.5303884485335711
8,318.0,0.0,-0.0,-0.0,-0.0,0.0,0.46678161965875486,0.533218380341245
8,319.0,0.0,-0.0,-0.0,-0.0,0.0,0.47076089299066665,0.5292391070093334
8,320.0,0.0,-0.0,-0.0,-0.0,0.0,0.4543375807205352,0.5456624192794648
8,321.0,0.0,-0.0,-0.0,-0.0,0.0,0.506849971775351,0.4931500282246488
8,322.0,0.0,-0.0,-0.0,-0.0,0.0,0.5118899940077973,0.4881100059922028
8,323.0,0.0,-0.0,-0.0,-0.0,0.0,0.5235837731220475,0.4764162268779525
8,324.0,0.0,-0.0,-0.0,-0.0,0.0,0.5233834312479715,0.47661656875202835
8,325.0,0.0,-0.0,-0.0,-0.0,0.0,0.5644778230255048,0.4355221769744953
8,326.0,0.0,-0.0,-0.0,-0.0,0.0,0.579305925146523,0.4206940748534769
8,327.0,0.0,-0.0,-0.0,-0.0,0.0,0.553290796352679,0.4467092036473208
8,328.0,0.0,-0.0,-0.0,-0.0,0.0,0.5320979928018484,0.4679020071981516
8,329.0,0.0,-0.0,-0.0,-0.0,0.0,0.5131194594938827,0.48688054050611723
8,330.0,0.0,-0.0,-0.0,-0.0,0.0,0.488355323540466,0.511644676459534
8,331.0,0.0,-0.0,-0.0,-0.0,0.0,0.4889879265735799,0.5110120734264201
8,332.0,0.0,-0.0,-0.0,-0.0,0.0,0.49032801622974864,0.5096719837702514
8,333.0,0.0,-0.0,-0.0,-0.0,0.0,0.4737696952605042,0.5262303047394957
8,334.0,0.0,-0.0,-0.0,-0.0,0.0,0.44894594283233435,0.5510540571676658
8,335.0,0.0,-0.0,-0.0,-0.0,0.0,0.4868238154325949,0.5131761845674051
8,336.0,0.0,-0.0,-0.0,-0.0,0.0,0.4913629545567951,0.5086370454432049
8,337.0,0.0,-0.0,-0.0,-0.0,0.0,0.48357716070197393,0.5164228392980261
8,338.0,0.0,-0.0,-0.0,-0.0,0.0,0.4951830543390334,0.5048169456609665
8,339.0,0.0,-0.0,-0.0,-0.0,0.0,0.46123547392410175,0.5387645260758983
8,340.0,0.0,-0.0,-0.0,-0.0,0.0,0.48201047840986067,0.5179895215901393
8,341.0,0.0,-0.0,-0.0,-0.0,0.0,0.455259988413294,0.5447400115867059
8,342.0,0.0,-0.0,-0.0,-0.0,0.0,0.4834341991295167,0.5165658008704833
8,343.0,0.0,-0.0,-0.0,-0.0,0.0,0.4942408757701051,0.5057591242298949
8,344.0,0.0,-0.0,-0.0,-0.0,0.0,0.5141231839649687,0.48587681603503136
8,345.0,0.0,-0.0,-0.0,-0.0,0.0,0.48579481680076403,0.5142051831992359
8,346.0,0.0,-0.0,-0.0,-0.0,0.0,0.4730711250281323,0.5269288749718676
8,347.0,0.0,-0.0,-0.0,-0.0,0.0,0.49323760936798267,0.5067623906320172
8,348.0,0.0,-0.0,-0.0,-0.0,0.0,0.4730456878989556,0.5269543121010444
8,349.0,0.0,-0.0,-0.0,-0.0,0.0,0.49951938741017293,0.500480612589827
8,350.0,0.0,-0.0,-0.0,-0.0,0.0,0.5389131267174807,0.46108687328251924
8,351.0,0.0,-0.0,-0.0,-0.0,0.0,0.5138877977723713,0.48611220222762874
8,352.0,0.0,-0.0,-0.0,-0.0,0.0,0.5292395666382244,0.47076043336177587
8,353.0,0.0,-0.0,-0.0,-0.0,0.0,0.5482934393232879,0.45170656067671233
8,354.0,0.0,-0.0,-0.0,-0.0,0.0,0.5044238724694772,0.49557612753052277
8,355.0,0.0,-0.0,-0.0,-0.0,0.0,0.48216937712678903,0.5178306228732109
8,356.0,0.0,-0.0,-0.0,-0.0,0.0,0.4832306015550053,0.5167693984449948
8,357.0,0.0,-0.0,-0.0,-0.0,0.0,0.46543461436131445,0.5345653856386857
8,358.0,0.0,-0.0,-0.0,-0.0,0.0,0.4473661020328674,0.5526338979671326
8,359.0,0.0,-0.0,-0.0,-0.0,0.0,0.4844328966313345,0.5155671033686656
8,360.0,0.0,-0.0,-0.0,-0.0,0.0,0.5044498217367331,0.49555017826326697
8,361.0,0.0,-0.0,-0.0,-0.0,0.0,0.5075378304412644,0.49246216955873556
8,362.0,0.0,-0.0,-0.0,-0.0,0.0,0.5195193083422743,0.4804806916577257
8,363.0,0.0,-0.0,-0.0,-0.0,0.0,0.508003014907008,0.49199698509299206
8,364.0,0.0,-0.0,-0.0,-0.0,0.0,0.5123931827095649,0.48760681729043504
8,365.0,0.0,-0.0,-0.0,-0.0,0.0,0.4908502634504881,0.5091497365495119
8,366.0,0.0,-0.0,-0.0,-0.0,0.0,0.4856840336916855,0.5143159663083146
8,367.0,0.0,-0.0,-0.0,-0.0,0.0,0.48239986268828494,0.5176001373117152
8,368.0,0.0,-0.0,-0.0,-0.0,0.0,0.4838128149862845,0.5161871850137155
8,369.0,0.0,-0.0,-0.0,-0.0,0.0,0.47917868284454945,0.5208213171554504
8,370.0,0.0,-0.0,-0.0,-0.0,0.0,0.5152271880795294,0.4847728119204707
8,371.0,0.0,-0.0,-0.0,-0.0,0.0,0.5291626955144474,0.47083730448555267
8,372.0,0.0,-0.0,-0.0,-0.0,0.0,0.5112164862167746,0.48878351378322527
8,373.0,0.0,-0.0,-0.0,-0.0,0.0,0.4922163672562768,0.5077836327437231
8,374.0,0.0,-0.0,-0.0,-0.0,0.0,0.49190077640293706,0.5080992235970629
8,375.0,0.0,-0.0,-0.0,-0.0,0.0,0.4963427360611259,0.5036572639388741
8,376.0,0.0,-0.0,-0.0,-0.0,0.0,0.5267959805168302,0.47320401948316987
8,377.0,0.0,-0.0,-0.0,-0.0,0.0,0.5764394955315308,0.42356050446846916
8,378.0,0.0,-0.0,-0.0,-0.0,0.0,0.5827097361467316,0.4172902638532683
8,379.0,0.0,-0.0,-0.0,-0.0,0.0,0.5554878210138141,0.4445121789861859
8,380.0,0.0,-0.0,-0.0,-0.0,0.0,0.5496057321335125,0.45039426786648756
8,381.0,0.0,-0.0,-0.0,-0.0,0.0,0.5449378837371103,0.4550621162628898
8,382.0,0.0,-0.0,-0.0,-0.0,0.0,0.5074192616042135,0.49258073839578664
8,383.0,0.0,-0.0,-0.0,-0.0,0.0,0.5302016471880645,0.4697983528119356
8,384.0,0.0,-0.0,-0.0,-0.0,0.0,0.5186108313411161,0.48138916865888404
8,385.0,0.0,-0.0,-0.0,-0.0,0.0,0.4954110460734239,0.5045889539265761
8,386.0,0.0,-0.0,-0.0,-0.0,0.0,0.5156061810093178,0.4843938189906822
8,387.0,0.0,-0.0,-0.0,-0.0,0.0,0.54255092277304,0.45744907722695993
8,388.0,0.0,-0.0,-0.0,-0.0,0.0,0.520084710033456,0.4799152899665438
8,389.0,0.0,-0.0,-0.0,-0.0,0.0,0.4836975742682054,0.5163024257317946
8,390.0,0.0,-0.0,-0.0,-0.0,0.0,0.5097136171902364,0.49028638280976344
8,391.0,0.0,-0.0,-0.0,-0.0,0.0,0.49027806712532773,0.5097219328746723
8,392.0,0.0,-0.0,-0.0,-0.0,0.0,0.5113530907630465,0.4886469092369536
8,393.0,0.0,-0.0,-0.0,-0.0,0.0,0.5176140017210739,0.48238599827892614
8,394.0,0.0,-0.0,-0.0,-0.0,0.0,0.5193136894743057,0.4806863105256944
8,395.0,0.0,-0.0,-0.0,-0.0,0.0,0.5142736973827595,0.4857263026172405
8,396.0,0.0,-0.0,-0.0,-0.0,0.0,0.5258374797197937,0.4741625202802063
8,397.0,0.0,-0.0,-0.0,-0.0,0.0,0.48097436582155906,0.5190256341784409
8,398.0,0.0,-0.0,-0.0,-0.0,0.0,0.5093210883005507,0.4906789116994494
8,399.0,0.0,-0.0,-0.0,-0.0,0.0,0.5317464360729215,0.46825356392707834
8,400.0,0.0,-0.0,-0.0,-0.0,0.0,0.5226156094103304,0.47738439058966947
8,401.0,0.0,-0.0,-0.0,-0.0,0.0,0.5113286182037171,0.48867138179628283
8,402.0,0.0,-0.0,-0.0,-0.0,0.0,0.4947247595896141,0.505275240410386
8,403.0,0.0,-0.0,-0.0,-0.0,0.0,0.5034442025869609,0.4965557974130391
8,404.0,0.0,-0.0,-0.0,-0.0,0.0,0.4897181485716363,0.5102818514283637
8,405.0,0.0,-0.0,-0.0,-0.0,0.0,0.4746740270990599,0.5253259729009402
8,406.0,0.0,-0.0,-0.0,-0.0,0.0,0.4918339862319291,0.5081660137680709
8,407.0,0.0,-0.0,-0.0,-0.0,0.0,0.45296586182468024,0.5470341381753198
8,408.0,0.0,-0.0,-0.0,-0.0,0.0,0.4672829759215828,0.5327170240784173
8,409.0,0.0,-0.0,-0.0,-0.0,0.0,0.49664995397435335,0.5033500460256466
8,410.0,0.0,-0.0,-0.0,-0.0,0.0,0.4573414466237985,0.5426585533762015
8,411.0,0.0,-0.0,-0.0,-0.0,0.0,0.41564656413476475,0.5843534358652351
8,412.0,0.0,-0.0,-0.0,-0.0,0.0,0.4287046900021922,0.5712953099978076
8,413.0,0.0,-0.0,-0.0,-0.0,0.0,0.4696730494161207,0.5303269505838792
8,414.0,0.0,-0.0,-0.0,-0.0,0.0,0.48987344736864175,0.5101265526313582
8,415.0,0.0,-0.0,-0.0,-0.0,0.0,0.5080055601093203,0.49199443989067965
8,416.0,0.0,-0.0,-0.0,-0.0,0.0,0.5138749184192405,0.48612508158075957
8,417.0,0.0,-0.0,-0.0,-0.0,0.0,0.485428928638647,0.5145710713613529
8,418.0,0.0,-0.0,-0.0,-0.0,0.0,0.4706718058022443,0.5293281941977556
8,419.0,0.0,-0.0,-0.0,-0.0,0.0,0.4578843224022877,0.5421156775977122
8,420.0,0.0,-0.0,-0.0,-0.0,0.0,0.48396780116717275,0.5160321988328272
8,421.0,0.0,-0.0,-0.0,-0.0,0.0,0.525668897861089,0.4743311021389109
8,422.0,0.0,-0.0,-0.0,-0.0,0.0,0.5062036380867665,0.4937963619132335
8,423.0,0.0,-0.0,-0.0,-0.0,0.0,0.49256184828331767,0.5074381517166825
8,424.0,0.0,-0.0,-0.0,-0.0,0.0,0.5100820088580865,0.4899179911419134
8,425.0,0.0,-0.0,-0.0,-0.0,0.0,0.5748223873163564,0.4251776126836436
8,426.0,0.0,-0.0,-0.0,-0.0,0.0,0.5855971030110451,0.4144028969889549
8,427.0,0.0,-0.0,-0.0,-0.0,0.0,0.5773047882986795,0.4226952117013207
8,428.0,0.0,-0.0,-0.0,-0.0,0.0,0.5347656011391235,0.4652343988608764
8,429.0,0.0,-0.0,-0.0,-0.0,0.0,0.5117196381335836,0.48828036186641655
8,430.0,0.0,-0.0,-0.0,-0.0,0.0,0.5013573198660297,0.4986426801339703
8,431.0,0.0,-0.0,-0.0,-0.0,0.0,0.4926086318198508,0.5073913681801492
8,432.0,0.0,-0.0,-0.0,-0.0,0.0,0.46050238540597677,0.5394976145940231
8,433.0,0.0,-0.0,-0.0,-0.0,0.0,0.488966954052634,0.5110330459473661
8,434.0,0.0,-0.0,-0.0,-0.0,0.0,0.4884739193165246,0.5115260806834754
8,435.0,0.0,-0.0,-0.0,-0.0,0.0,0.5160752931184429,0.4839247068815571
8,436.0,0.0,-0.0,-0.0,-0.0,0.0,0.5003720789050474,0.49962792109495263
8,437.0,0.0,-0.0,-0.0,-0.0,0.0,0.46651742335852875,0.5334825766414713
8,438.0,0.0,-0.0,-0.0,-0.0,0.0,0.5159433923443832,0.48405660765561653
8,439.0,0.0,-0.0,-0.0,-0.0,0.0,0.5202800102825771,0.479719989717423
8,440.0,0.0,-0.0,-0.0,-0.0,0.0,0.5426249093274604,0.4573750906725397
8,441.0,0.0,-0.0,-0.0,-0.0,0.0,0.5292410326305538,0.47075896736944606
8,442.0,0.0,-0.0,-0.0,-0.0,0.0,0.5831264989506619,0.41687350104933785
8,443.0,0.0,-0.0,-0.0,-0.0,0.0,0.5841119422609087,0.4158880577390912
8,444.0,0.0,-0.0,-0.0,-0.0,0.0,0.5784051047278818,0.42159489527211824
8,445.0,0.0,-0.0,-0.0,-0.0,0.0,0.548549754076723,0.451450245923277
8,446.0,0.0,-0.0,-0.0,-0.0,0.0,0.5491118677575669,0.4508881322424331
8,447.0,0.0,-0.0,-0.0,-0.0,0.0,0.5058573301506815,0.49414266984931854
8,448.0,0.0,-0.0,-0.0,-0.0,0.0,0.5096456381552489,0.4903543618447512
8,449.0,0.0,-0.0,-0.0,-0.0,0.0,0.5247661425183243,0.4752338574816756
8,450.0,0.0,-0.0,-0.0,-0.0,0.0,0.4741343775492928,0.5258656224507073
8,451.0,0.0,-0.0,-0.0,-0.0,0.0,0.508315180386749,0.49168481961325095
8,452.0,0.0,-0.0,-0.0,-0.0,0.0,0.5241997321019664,0.4758002678980335
8,453.0,0.0,-0.0,-0.0,-0.0,0.0,0.5327516517743793,0.4672483482256205
8,454.0,0.0,-0.0,-0.0,-0.0,0.0,0.5475024636237059,0.45249753637629403
8,455.0,0.0,-0.0,-0.0,-0.0,0.0,0.5276545105694648,0.47234548943053506
8,456.0,0.0,-0.0,-0.0,-0.0,0.0,0.4982640077300367,0.5017359922699635
8,457.0,0.0,-0.0,-0.0,-0.0,0.0,0.4777030326620568,0.5222969673379432
8,458.0,0.0,-0.0,-0.0,-0.0,0.0,0.4905308989474078,0.5094691010525922
8,459.0,0.0,-0.0,-0.0,-0.0,0.0,0.5105522766547689,0.48944772334523096
8,460.0,0.0,-0.0,-0.0,-0.0,0.0,0.49923779660829354,0.5007622033917064
8,461.0,0.0,-0.0,-0.0,-0.0,0.0,0.5197664615342179,0.4802335384657821
8,462.0,0.0,-0.0,-0.0,-0.0,0.0,0.5205973842982469,0.47940261570175324
8,463.0,0.0,-0.0,-0.0,-0.0,0.0,0.5324111864393898,0.46758881356061033
8,464.0,0.0,-0.0,-0.0,-0.0,0.0,0.5143865692774172,0.48561343072258284
8,465.0,0.0,-0.0,-0.0,-0.0,0.0,0.5148057775335012,0.4851942224664988
8,466.0,0.0,-0.0,-0.0,-0.0,0.0,0.5306669809956532,0.46933301900434676
8,467.0,0.0,-0.0,-0.0,-0.0,0.0,0.519330679982297,0.4806693200177029
8,468.0,0.0,-0.0,-0.0,-0.0,0.0,0.5074528624444359,0.4925471375555641
8,469.0,0.0,-0.0,-0.0,-0.0,0.0,0.5299949310716998,0.4700050689283
8,470.0,0.0,-0.0,-0.0,-0.0,0.0,0.531282493502428,0.46871750649757205
8,471.0,0.0,-0.0,-0.0,-0.0,0.0,0.527565295046448,0.47243470495355183
8,472.0,0.0,-0.0,-0.0,-0.0,0.0,0.543802137657197,0.4561978623428031
8,473.0,0.0,-0.0,-0.0,-0.0,0.0,0.5515102989386651,0.44848970106133473
8,474.0,0.0,-0.0,-0.0,-0.0,0.0,0.5122170819913138,0.48778291800868634
8,475.0,0.0,-0.0,-0.0,-0.0,0.0,0.5232345819393628,0.4767654180606373
8,476.0,0.0,-0.0,-0.0,-0.0,0.0,0.5194350085434187,0.4805649914565812
8,477.0,0.0,-0.0,-0.0,-0.0,0.0,0.5106227947532122,0.48937720524678796
8,478.0,0.0,-0.0,-0.0,-0.0,0.0,0.5226066639215413,0.47739333607845874
8,479.0,0.0,-0.0,-0.0,-0.0,0.0,0.5063495491103968,0.49365045088960324
8,480.0,0.0,-0.0,-0.0,-0.0,0.0,0.4902773213834311,0.509722678616569
8,481.0,0.0,-0.0,-0.0,-0.0,0.0,0.4929358364122651,0.5070641635877348
8,482.0,0.0,-0.0,-0.0,-0.0,0.0,0.5108597199621565,0.4891402800378436
8,483.0,0.0,-0.0,-0.0,-0.0,0.0,0.5118869815049032,0.48811301849509675
8,484.0,0.0,-0.0,-0.0,-0.0,0.0,0.5065049676008381,0.493495032399162
8,485.0,0.0,-0.0,-0.0,-0.0,0.0,0.46244988422379324,0.5375501157762068
8,486.0,0.0,-0.0,-0.0,-0.0,0.0,0.4827003022163991,0.517299697783601
8,487.0,0.0,-0.0,-0.0,-0.0,0.0,0.5123999884270163,0.48760001157298377
8,488.0,0.0,-0.0,-0.0,-0.0,0.0,0.5401755221119354,0.45982447788806424
8,489.0,0.0,-0.0,-0.0,-0.0,0.0,0.5452558052614052,0.454744194738595
8,490.0,0.0,-0.0,-0.0,-0.0,0.0,0.5329677406711584,0.4670322593288417
8,491.0,0.0,-0.0,-0.0,-0.0,0.0,0.5014490042021341,0.4985509957978658
8,492.0,0.0,-0.0,-0.0,-0.0,0.0,0.509796672775533,0.490203327224467
8,493.0,0.0,-0.0,-0.0,-0.0,0.0,0.49899288078842075,0.5010071192115791
8,494.0,0.0,-0.0,-0.0,-0.0,0.0,0.4867625718602173,0.5132374281397828
8,495.0,0.0,-0.0,-0.0,-0.0,0.0,0.4921957389066754,0.5078042610933245
8,496.0,0.0,-0.0,-0.0,-0.0,0.0,0.493146929193625,0.506853070806375
8,497.0,0.0,-0.0,-0.0,-0.0,0.0,0.5281950553894665,0.4718049446105335
8,498.0,0.0,-0.0,-0.0,-0.0,0.0,0.5041400268816829,0.49585997311831703
8,499.0,0.0,-0.0,-0.0,-0.0,0.0,0.4971870114953959,0.502812988504604
8,500.0,0.0,-0.0,-0.0,-0.0,0.0,0.47707827268122893,0.522921727318771
8,501.0,0.0,-0.0,-0.0,-0.0,0.0,0.48047644091396563,0.5195235590860342
8,502.0,0.0,-0.0,-0.0,-0.0,0.0,0.4204804431445465,0.5795195568554533
8,503.0,0.0,-0.0,-0.0,-0.0,0.0,0.46457890046968686,0.5354210995303131
8,504.0,0.0,-0.0,-0.0,-0.0,0.0,0.42891248469584764,0.5710875153041521
8,505.0,0.0,-0.0,-0.0,-0.0,0.0,0.4422373842276209,0.5577626157723793
8,506.0,0.0,-0.0,-0.0,-0.0,0.0,0.448827856618555,0.551172143381445
8,507.0,0.0,-0.0,-0.0,-0.0,0.0,0.4677947014389405,0.5322052985610596
8,508.0,0.0,-0.0,-0.0,-0.0,0.0,0.47917528862600944,0.5208247113739906
8,509.0,0.0,-0.0,-0.0,-0.0,0.0,0.49223564294287014,0.5077643570571299
8,510.0,0.0,-0.0,-0.0,-0.0,0.0,0.4808637575912379,0.5191362424087621
8,511.0,0.0,-0.0,-0.0,-0.0,0.0,0.4827333106323938,0.5172666893676062
8,512.0,0.0,-0.0,-0.0,-0.0,0.0,0.4993884828279797,0.5006115171720201
8,513.0,0.0,-0.0,-0.0,-0.0,0.0,0.5116170288182715,0.4883829711817285
8,514.0,0.0,-0.0,-0.0,-0.0,0.0,0.5048375069751967,0.49516249302480325
8,515.0,0.0,-0.0,-0.0,-0.0,0.0,0.5041420289070239,0.49585797109297625
8,516.0,0.0,-0.0,-0.0,-0.0,0.0,0.4973044160044971,0.5026955839955031
8,517.0,0.0,-0.0,-0.0,-0.0,0.0,0.531003983547168,0.46899601645283207
8,518.0,0.0,-0.0,-0.0,-0.0,0.0,0.5255045858601326,0.47449541413986757
8,519.0,0.0,-0.0,-0.0,-0.0,0.0,0.5516808634694512,0.4483191365305489
8,520.0,0.0,-0.0,-0.0,-0.0,0.0,0.5649238179833481,0.4350761820166519
8,521.0,0.0,-0.0,-0.0,-0.0,0.0,0.5885935603098134,0.41140643969018653
8,522.0,0.0,-0.0,-0.0,-0.0,0.0,0.5233086248331168,0.47669137516688326
8,523.0,0.0,-0.0,-0.0,-0.0,0.0,0.5070449844972638,0.4929550155027363
8,524.0,0.0,-0.0,-0.0,-0.0,0.0,0.4899958557217062,0.5100041442782939
8,525.0,0.0,-0.0,-0.0,-0.0,0.0,0.5107961270563649,0.48920387294363493
8,526.0,0.0,-0.0,-0.0,-0.0,0.0,0.479863811669778,0.520136188330222
8,527.0,0.0,-0.0,-0.0,-0.0,0.0,0.4707581095590725,0.5292418904409275
8,528.0,0.0,-0.0,-0.0,-0.0,0.0,0.4675653964375177,0.5324346035624824
8,529.0,0.0,-0.0,-0.0,-0.0,0.0,0.46590883864915533,0.5340911613508448
8,530.0,0.0,-0.0,-0.0,-0.0,0.0,0.47616678506844573,0.5238332149315543
8,531.0,0.0,-0.0,-0.0,-0.0,0.0,0.48628723773231336,0.5137127622676867
8,532.0,0.0,-0.0,-0.0,-0.0,0.0,0.5190808043926078,0.48091919560739216
8,533.0,0.0,-0.0,-0.0,-0.0,0.0,0.5187469820263612,0.48125301797363895
8,534.0,0.0,-0.0,-0.0,-0.0,0.0,0.4960437684488227,0.5039562315511774
8,535.0,0.0,-0.0,-0.0,-0.0,0.0,0.4715989610264781,0.5284010389735219
8,536.0,0.0,-0.0,-0.0,-0.0,0.0,0.488044634288263,0.5119553657117369
8,537.0,0.0,-0.0,-0.0,-0.0,0.0,0.4776648722999206,0.5223351277000794
8,538.0,0.0,-0.0,-0.0,-0.0,0.0,0.4692163532775303,0.5307836467224696
8,539.0,0.0,-0.0,-0.0,-0.0,0.0,0.4943129252403535,0.5056870747596465
8,540.0,0.0,-0.0,-0.0,-0.0,0.0,0.5250241559063503,0.4749758440936497
8,541.0,0.0,-0.0,-0.0,-0.0,0.0,0.5035701226751752,0.49642987732482474
8,542.0,0.0,-0.0,-0.0,-0.0,0.0,0.49536100928637844,0.5046389907136217
8,543.0,0.0,-0.0,-0.0,-0.0,0.0,0.4678521866409562,0.5321478133590438
8,544.0,0.0,-0.0,-0.0,-0.0,0.0,0.4873040195264122,0.5126959804735878
8,545.0,0.0,-0.0,-0.0,-0.0,0.0,0.4868587851539604,0.5131412148460395
8,546.0,0.0,-0.0,-0.0,-0.0,0.0,0.49868304246413475,0.5013169575358652
8,547.0,0.0,-0.0,-0.0,-0.0,0.0,0.5142068295104739,0.4857931704895261
8,548.0,0.0,-0.0,-0.0,-0.0,0.0,0.4903320455297772,0.5096679544702228
8,549.0,0.0,-0.0,-0.0,-0.0,0.0,0.4854146622924238,0.5145853377075762
8,550.0,0.0,-0.0,-0.0,-0.0,0.0,0.4855220714440238,0.5144779285559761
8,551.0,0.0,-0.0,-0.0,-0.0,0.0,0.5234807852585697,0.47651921474143033
8,552.0,0.0,-0.0,-0.0,-0.0,0.0,0.49889186612281444,0.5011081338771857
8,553.0,0.0,-0.0,-0.0,-0.0,0.0,0.5347248594621172,0.4652751405378827
8,554.0,0.0,-0.0,-0.0,-0.0,0.0,0.5132857589816422,0.4867142410183579
8,555.0,0.0,-0.0,-0.0,-0.0,0.0,0.5222168089711177,0.47778319102888217
8,556.0,0.0,-0.0,-0.0,-0.0,0.0,0.5402775903204229,0.4597224096795771
8,557.0,0.0,-0.0,-0.0,-0.0,0.0,0.5458573710561436,0.4541426289438566
8,558.0,0.0,-0.0,-0.0,-0.0,0.0,0.5163345751185154,0.48366542488148473
8,559.0,0.0,-0.0,-0.0,-0.0,0.0,0.5519072561325387,0.4480927438674611
8,560.0,0.0,-0.0,-0.0,-0.0,0.0,0.526316407853451,0.4736835921465489
8,561.0,0.0,-0.0,-0.0,-0.0,0.0,0.571767465004756,0.4282325349952442
8,562.0,0.0,-0.0,-0.0,-0.0,0.0,0.5513964693484631,0.44860353065153696
8,563.0,0.0,-0.0,-0.0,-0.0,0.0,0.5489173383840562,0.4510826616159438
8,564.0,0.0,-0.0,-0.0,-0.0,0.0,0.5606719600686825,0.43932803993131747
8,565.0,0.0,-0.0,-0.0,-0.0,0.0,0.5423301643232654,0.4576698356767346
8,566.0,0.0,-0.0,-0.0,-0.0,0.0,0.51531759620386,0.48468240379614
8,567.0,0.0,-0.0,-0.0,-0.0,0.0,0.518939515373367,0.4810604846266331
8,568.0,0.0,-0.0,-0.0,-0.0,0.0,0.5057322796543103,0.4942677203456896
8,569.0,0.0,-0.0,-0.0,-0.0,0.0,0.48967146255242616,0.5103285374475739
8,570.0,0.0,-0.0,-0.0,-0.0,0.0,0.45645536012496535,0.5435446398750348
8,571.0,0.0,-0.0,-0.0,-0.0,0.0,0.4311687396915426,0.5688312603084575
8,572.0,0.0,-0.0,-0.0,-0.0,0.0,0.43037050849421965,0.5696294915057806
8,573.0,0.0,-0.0,-0.0,-0.0,0.0,0.4361517515127384,0.5638482484872618
8,574.0,0.0,-0.0,-0.0,-0.0,0.0,0.4782744477156197,0.5217255522843803
8,575.0,0.0,-0.0,-0.0,-0.0,0.0,0.48737303757910155,0.5126269624208983
8,576.0,0.0,-0.0,-0.0,-0.0,0.0,0.5332970154370829,0.4667029845629171
8,577.0,0.0,-0.0,-0.0,-0.0,0.0,0.47258957305843097,0.5274104269415689
8,578.0,0.0,-0.0,-0.0,-0.0,0.0,0.48067997010276514,0.5193200298972349
8,579.0,0.0,-0.0,-0.0,-0.0,0.0,0.4845116433447142,0.515488356655286
8,580.0,0.0,-0.0,-0.0,-0.0,0.0,0.4800714129102783,0.5199285870897217
8,581.0,0.0,-0.0,-0.0,-0.0,0.0,0.47589982194751357,0.5241001780524862
8,582.0,0.0,-0.0,-0.0,-0.0,0.0,0.4871339466312854,0.5128660533687146
8,583.0,0.0,-0.0,-0.0,-0.0,0.0,0.45487547485874513,0.5451245251412548
8,584.0,0.0,-0.0,-0.0,-0.0,0.0,0.47095313045759546,0.5290468695424048
8,585.0,0.0,-0.0,-0.0,-0.0,0.0,0.46355655689761366,0.5364434431023863
8,586.0,0.0,-0.0,-0.0,-0.0,0.0,0.47059135077410447,0.5294086492258956
8,587.0,0.0,-0.0,-0.0,-0.0,0.0,0.4541092001614631,0.545890799838537
8,588.0,0.0,-0.0,-0.0,-0.0,0.0,0.45567053498432863,0.5443294650156715
8,589.0,0.0,-0.0,-0.0,-0.0,0.0,0.4720223736929147,0.5279776263070852
8,590.0,0.0,-0.0,-0.0,-0.0,0.0,0.4770223366310504,0.5229776633689496
8,591.0,0.0,-0.0,-0.0,-0.0,0.0,0.5318119465822196,0.46818805341778047
8,592.0,0.0,-0.0,-0.0,-0.0,0.0,0.5067788604120266,0.4932211395879733
8,593.0,0.0,-0.0,-0.0,-0.0,0.0,0.4660130571615849,0.5339869428384151
8,594.0,0.0,-0.0,-0.0,-0.0,0.0,0.4800629691281177,0.5199370308718824
8,595.0,0.0,-0.0,-0.0,-0.0,0.0,0.45554494716109917,0.5444550528389009
8,596.0,0.0,-0.0,-0.0,-0.0,0.0,0.48930479229011437,0.5106952077098855
8,597.0,0.0,-0.0,-0.0,-0.0,0.0,0.5157645727835241,0.48423542721647594
8,598.0,0.0,-0.0,-0.0,-0.0,0.0,0.5270808133896618,0.4729191866103383
8,599.0,0.0,-0.0,-0.0,-0.0,0.0,0.5169181937117834,0.48308180628821645
8,600.0,0.0,-0.0,-0.0,-0.0,0.0,0.5339310932036235,0.46606890679637675
8,601.0,0.0,-0.0,-0.0,-0.0,0.0,0.5448380448542491,0.455161955145751
8,602.0,0.0,-0.0,-0.0,-0.0,0.0,0.5334494965904839,0.46655050340951604
8,603.0,0.0,-0.0,-0.0,-0.0,0.0,0.5176555480399371,0.482344451960063
8,604.0,0.0,-0.0,-0.0,-0.0,0.0,0.5223238800592863,0.47767611994071374
8,605.0,0.0,-0.0,-0.0,-0.0,0.0,0.5590464983432352,0.4409535016567647
8,606.0,0.0,-0.0,-0.0,-0.0,0.0,0.5545845321776742,0.4454154678223258
8,607.0,0.0,-0.0,-0.0,-0.0,0.0,0.5278346824936628,0.4721653175063372
8,608.0,0.0,-0.0,-0.0,-0.0,0.0,0.501988295000849,0.4980117049991511
8,609.0,0.0,-0.0,-0.0,-0.0,0.0,0.5062820398313013,0.49371796016869884
8,610.0,0.0,-0.0,-0.0,-0.0,0.0,0.5277353366695535,0.47226466333044653
8,611.0,0.0,-0.0,-0.0,-0.0,0.0,0.5323811425055949,0.46761885749440524
8,612.0,0.0,-0.0,-0.0,-0.0,0.0,0.47290642115704956,0.5270935788429505
8,613.0,0.0,-0.0,-0.0,-0.0,0.0,0.4942884624730094,0.5057115375269906
8,614.0,0.0,-0.0,-0.0,-0.0,0.0,0.4943686102873187,0.5056313897126813
8,615.0,0.0,-0.0,-0.0,-0.0,0.0,0.4879691524956366,0.5120308475043633
8,616.0,0.0,-0.0,-0.0,-0.0,0.0,0.47470122226138584,0.5252987777386141
8,617.0,0.0,-0.0,-0.0,-0.0,0.0,0.4850829324232157,0.5149170675767843
8,618.0,0.0,-0.0,-0.0,-0.0,0.0,0.5040344866563313,0.4959655133436688
8,619.0,0.0,-0.0,-0.0,-0.0,0.0,0.5359537530432069,0.4640462469567931
8,620.0,0.0,-0.0,-0.0,-0.0,0.0,0.5017780961720102,0.4982219038279897
8,621.0,0.0,-0.0,-0.0,-0.0,0.0,0.48674387980401745,0.5132561201959827
8,622.0,0.0,-0.0,-0.0,-0.0,0.0,0.4857305885844155,0.5142694114155845
8,623.0,0.0,-0.0,-0.0,-0.0,0.0,0.5051467573797048,0.49485324262029523
8,624.0,0.0,-0.0,-0.0,-0.0,0.0,0.514842374053631,0.4851576259463689
8,625.0,0.0,-0.0,-0.0,-0.0,0.0,0.506416754230469,0.493583245769531
8,626.0,0.0,-0.0,-0.0,-0.0,0.0,0.5045948714703132,0.49540512852968677
8,627.0,0.0,-0.0,-0.0,-0.0,0.0,0.5025725153503235,0.4974274846496764
8,628.0,0.0,-0.0,-0.0,-0.0,0.0,0.5169255947077793,0.4830744052922206
8,629.0,0.0,-0.0,-0.0,-0.0,0.0,0.4898343956399207,0.5101656043600794
8,630.0,0.0,-0.0,-0.0,-0.0,0.0,0.45947816281305415,0.5405218371869459
8,631.0,0.0,-0.0,-0.0,-0.0,0.0,0.4698430578673654,0.5301569421326348
8,632.0,0.0,-0.0,-0.0,-0.0,0.0,0.5008986921120442,0.49910130788795576
8,633.0,0.0,-0.0,-0.0,-0.0,0.0,0.4897785561910268,0.5102214438089733
8,634.0,0.0,-0.0,-0.0,-0.0,0.0,0.5279746935094788,0.47202530649052143
8,635.0,0.0,-0.0,-0.0,-0.0,0.0,0.5477905863859008,0.4522094136140993
8,636.0,0.0,-0.0,-0.0,-0.0,0.0,0.5270496334946476,0.47295036650535244
8,637.0,0.0,-0.0,-0.0,-0.0,0.0,0.4806417266608279,0.5193582733391721
8,638.0,0.0,-0.0,-0.0,-0.0,0.0,0.4681082342986581,0.5318917657013419
8,639.0,0.0,-0.0,-0.0,-0.0,0.0,0.46667687551689213,0.5333231244831079
8,640.0,0.0,-0.0,-0.0,-0.0,0.0,0.46677680500127566,0.5332231949987244
8,641.0,0.0,-0.0,-0.0,-0.0,0.0,0.4734609846071005,0.5265390153928995
8,642.0,0.0,-0.0,-0.0,-0.0,0.0,0.4424476237169329,0.557552376283067
8,643.0,0.0,-0.0,-0.0,-0.0,0.0,0.48897101103589713,0.5110289889641029
8,644.0,0.0,-0.0,-0.0,-0.0,0.0,0.4944983809402078,0.5055016190597921
8,645.0,0.0,-0.0,-0.0,-0.0,0.0,0.48107737485387536,0.5189226251461246
8,646.0,0.0,-0.0,-0.0,-0.0,0.0,0.5049332218119857,0.49506677818801426
8,647.0,0.0,-0.0,-0.0,-0.0,0.0,0.48920233874690555,0.5107976612530944
8,648.0,0.0,-0.0,-0.0,-0.0,0.0,0.4823324410990801,0.51766755890092
8,649.0,0.0,-0.0,-0.0,-0.0,0.0,0.46033500804290595,0.5396649919570942
8,650.0,0.0,-0.0,-0.0,-0.0,0.0,0.48589012887908484,0.5141098711209152
8,651.0,0.0,-0.0,-0.0,-0.0,0.0,0.5078499883106027,0.49215001168939737
8,652.0,0.0,-0.0,-0.0,-0.0,0.0,0.5062002256394134,0.49379977436058664
8,653.0,0.0,-0.0,-0.0,-0.0,0.0,0.5057902246344799,0.4942097753655201
8,654.0,0.0,-0.0,-0.0,-0.0,0.0,0.5103553336484716,0.48964466635152826
8,655.0,0.0,-0.0,-0.0,-0.0,0.0,0.5152226562379849,0.48477734376201503
8,656.0,0.0,-0.0,-0.0,-0.0,0.0,0.5062936918171137,0.4937063081828864
8,657.0,0.0,-0.0,-0.0,-0.0,0.0,0.501357474247244,0.49864252575275586
8,658.0,0.0,-0.0,-0.0,-0.0,0.0,0.4736984513328337,0.5263015486671665
8,659.0,0.0,-0.0,-0.0,-0.0,0.0,0.4701133746444364,0.5298866253555636
8,660.0,0.0,-0.0,-0.0,-0.0,0.0,0.4710928215863342,0.5289071784136659
8,661.0,0.0,-0.0,-0.0,-0.0,0.0,0.49409582467621294,0.5059041753237872
8,662.0,0.0,-0.0,-0.0,-0.0,0.0,0.481398524027492,0.518601475972508
8,663.0,0.0,-0.0,-0.0,-0.0,0.0,0.4792301571124296,0.5207698428875706
8,664.0,0.0,-0.0,-0.0,-0.0,0.0,0.4694945634806655,0.5305054365193346
8,665.0,0.0,-0.0,-0.0,-0.0,0.0,0.4820440756430642,0.5179559243569358
8,666.0,0.0,-0.0,-0.0,-0.0,0.0,0.5052092501083641,0.49479074989163585
8,667.0,0.0,-0.0,-0.0,-0.0,0.0,0.47988481834902674,0.5201151816509734
8,668.0,0.0,-0.0,-0.0,-0.0,0.0,0.5234931421684118,0.47650685783158836
8,669.0,0.0,-0.0,-0.0,-0.0,0.0,0.5437857631086878,0.45621423689131213
8,670.0,0.0,-0.0,-0.0,-0.0,0.0,0.5642612228763777,0.4357387771236223
8,671.0,0.0,-0.0,-0.0,-0.0,0.0,0.5307709361422003,0.46922906385779967
8,672.0,0.0,-0.0,-0.0,-0.0,0.0,0.5271519413826388,0.4728480586173611
8,673.0,0.0,-0.0,-0.0,-0.0,0.0,0.5172251782530927,0.48277482174690733
8,674.0,0.0,-0.0,-0.0,-0.0,0.0,0.5517466909344977,0.4482533090655022
8,675.0,0.0,-0.0,-0.0,-0.0,0.0,0.49776822635762086,0.502231773642379
8,676.0,0.0,-0.0,-0.0,-0.0,0.0,0.5138385686489889,0.48616143135101114
8,677.0,0.0,-0.0,-0.0,-0.0,0.0,0.5175444009249712,0.4824555990750287
8,678.0,0.0,-0.0,-0.0,-0.0,0.0,0.5042734187888019,0.495726581211198
8,679.0,0.0,-0.0,-0.0,-0.0,0.0,0.5260483685477649,0.4739516314522349
8,680.0,0.0,-0.0,-0.0,-0.0,0.0,0.5226652768112472,0.4773347231887529
8,681.0,0.0,-0.0,-0.0,-0.0,0.0,0.5223610268296417,0.4776389731703584
8,682.0,0.0,-0.0,-0.0,-0.0,0.0,0.5048489120087927,0.49515108799120733
8,683.0,0.0,-0.0,-0.0,-0.0,0.0,0.49153682181174574,0.5084631781882542
8,684.0,0.0,-0.0,-0.0,-0.0,0.0,0.5381785626205037,0.4618214373794962
8,685.0,0.0,-0.0,-0.0,-0.0,0.0,0.49911174128801755,0.5008882587119825
8,686.0,0.0,-0.0,-0.0,-0.0,0.0,0.49224458472092963,0.5077554152790704
8,687.0,0.0,-0.0,-0.0,-0.0,0.0,0.4802565466358001,0.5197434533641999
8,688.0,0.0,-0.0,-0.0,-0.0,0.0,0.44885679782637233,0.5511432021736277
8,689.0,0.0,-0.0,-0.0,-0.0,0.0,0.46898739908821924,0.5310126009117807
8,690.0,0.0,-0.0,-0.0,-0.0,0.0,0.48606995892953525,0.5139300410704647
8,691.0,0.0,-0.0,-0.0,-0.0,0.0,0.45918579165593826,0.5408142083440617
8,692.0,0.0,-0.0,-0.0,-0.0,0.0,0.48555898824759436,0.5144410117524056
8,693.0,0.0,-0.0,-0.0,-0.0,0.0,0.4766716551626827,0.5233283448373172
8,694.0,0.0,-0.0,-0.0,-0.0,0.0,0.4787944825300465,0.5212055174699535
8,695.0,0.0,-0.0,-0.0,-0.0,0.0,0.4727491887889873,0.5272508112110127
8,696.0,0.0,-0.0,-0.0,-0.0,0.0,0.4841865056493515,0.5158134943506485
8,697.0,0.0,-0.0,-0.0,-0.0,0.0,0.4954835399294009,0.504516460070599
8,698.0,0.0,-0.0,-0.0,-0.0,0.0,0.4640898067537775,0.5359101932462224
8,699.0,0.0,-0.0,-0.0,-0.0,0.0,0.46643524045908585,0.5335647595409142
8,700.0,0.0,-0.0,-0.0,-0.0,0.0,0.45654415142679616,0.543455848573204
8,701.0,0.0,-0.0,-0.0,-0.0,0.0,0.4959031428800085,0.5040968571199916
8,702.0,0.0,-0.0,-0.0,-0.0,0.0,0.5083458048357078,0.4916541951642924
8,703.0,0.0,-0.0,-0.0,-0.0,0.0,0.5243687120499299,0.47563128795007004
8,704.0,0.0,-0.0,-0.0,-0.0,0.0,0.5212993289356137,0.47870067106438624
8,705.0,0.0,-0.0,-0.0,-0.0,0.0,0.5531852469132321,0.4468147530867681
8,706.0,0.0,-0.0,-0.0,-0.0,0.0,0.5393862147478007,0.4606137852521993
8,707.0,0.0,-0.0,-0.0,-0.0,0.0,0.5488695394245527,0.4511304605754473
8,708.0,0.0,-0.0,-0.0,-0.0,0.0,0.5436417419549937,0.45635825804500635
8,709.0,0.0,-0.0,-0.0,-0.0,0.0,0.5482227117323747,0.4517772882676254
8,710.0,0.0,-0.0,-0.0,-0.0,0.0,0.5240629557559906,0.47593704424400946
8,711.0,0.0,-0.0,-0.0,-0.0,0.0,0.47367848082292197,0.5263215191770779
8,712.0,0.0,-0.0,-0.0,-0.0,0.0,0.4921279902063852,0.5078720097936148
8,713.0,0.0,-0.0,-0.0,-0.0,0.0,0.5074826586103147,0.4925173413896852
8,714.0,0.0,-0.0,-0.0,-0.0,0.0,0.5356713294591499,0.46432867054085014
8,715.0,0.0,-0.0,-0.0,-0.0,0.0,0.5484520646600148,0.4515479353399852
8,716.0,0.0,-0.0,-0.0,-0.0,0.0,0.5544863402997646,0.44551365970023515
8,717.0,0.0,-0.0,-0.0,-0.0,0.0,0.5477318575599481,0.45226814244005165
8,718.0,0.0,-0.0,-0.0,-0.0,0.0,0.5181810558687334,0.4818189441312667
8,719.0,0.0,-0.0,-0.0,-0.0,0.0,0.5567312291328652,0.44326877086713456
8,720.0,0.0,-0.0,-0.0,-0.0,0.0,0.5371301263492936,0.46286987365070636
8,721.0,0.0,-0.0,-0.0,-0.0,0.0,0.4675800186065349,0.532419981393465
8,722.0,0.0,-0.0,-0.0,-0.0,0.0,0.46490662743676203,0.5350933725632381
8,723.0,0.0,-0.0,-0.0,-0.0,0.0,0.5122216414426313,0.4877783585573687
8,724.0,0.0,-0.0,-0.0,-0.0,0.0,0.5227394711463283,0.47726052885367165
8,725.0,0.0,-0.0,-0.0,-0.0,0.0,0.47318398710744786,0.5268160128925521
8,726.0,0.0,-0.0,-0.0,-0.0,0.0,0.4632597128679345,0.5367402871320656
8,727.0,0.0,-0.0,-0.0,-0.0,0.0,0.4781575215271686,0.5218424784728316
8,728.0,0.0,-0.0,-0.0,-0.0,0.0,0.4835628385054897,0.5164371614945105
8,729.0,0.0,-0.0,-0.0,-0.0,0.0,0.5085117034875691,0.4914882965124309
8,730.0,0.0,-0.0,-0.0,-0.0,0.0,0.4736142953370714,0.5263857046629287
8,731.0,0.0,-0.0,-0.0,-0.0,0.0,0.4862006039716102,0.5137993960283899
8,732.0,0.0,-0.0,-0.0,-0.0,0.0,0.5051066267120005,0.49489337328799965
8,733.0,0.0,-0.0,-0.0,-0.0,0.0,0.5448171612740516,0.4551828387259485
8,734.0,0.0,-0.0,-0.0,-0.0,0.0,0.5362176892265296,0.4637823107734706
8,735.0,0.0,-0.0,-0.0,-0.0,0.0,0.5420323978736357,0.45796760212636434
8,736.0,0.0,-0.0,-0.0,-0.0,0.0,0.5039273070154205,0.49607269298457946
8,737.0,0.0,-0.0,-0.0,-0.0,0.0,0.5040577111293093,0.4959422888706907
8,738.0,0.0,-0.0,-0.0,-0.0,0.0,0.49303936866005577,0.5069606313399443
8,739.0,0.0,-0.0,-0.0,-0.0,0.0,0.45835421452934066,0.5416457854706593
8,740.0,0.0,-0.0,-0.0,-0.0,0.0,0.48320122534021903,0.5167987746597811
8,741.0,0.0,-0.0,-0.0,-0.0,0.0,0.4988585334412944,0.5011414665587055
8,742.0,0.0,-0.0,-0.0,-0.0,0.0,0.45111362814474937,0.5488863718552505
8,743.0,0.0,-0.0,-0.0,-0.0,0.0,0.4516184929726384,0.5483815070273615
8,744.0,0.0,-0.0,-0.0,-0.0,0.0,0.5169274019324902,0.48307259806750985
8,745.0,0.0,-0.0,-0.0,-0.0,0.0,0.47965845188439,0.5203415481156101
8,746.0,0.0,-0.0,-0.0,-0.0,0.0,0.48352605280390043,0.5164739471960995
8,747.0,0.0,-0.0,-0.0,-0.0,0.0,0.4779959009587986,0.5220040990412014
8,748.0,0.0,-0.0,-0.0,-0.0,0.0,0.49403881985770814,0.5059611801422919
8,749.0,0.0,-0.0,-0.0,-0.0,0.0,0.5058958306241709,0.494104169375829
8,750.0,0.0,-0.0,-0.0,-0.0,0.0,0.5000361935473825,0.4999638064526175
8,751.0,0.0,-0.0,-0.0,-0.0,0.0,0.48917382155959294,0.510826178440407
8,752.0,0.0,-0.0,-0.0,-0.0,0.0,0.46847980225760105,0.531520197742399
8,753.0,0.0,-0.0,-0.0,-0.0,0.0,0.4931191492321931,0.5068808507678069
8,754.0,0.0,-0.0,-0.0,-0.0,0.0,0.5108267003711248,0.4891732996288753
8,755.0,0.0,-0.0,-0.0,-0.0,0.0,0.5504847664382192,0.4495152335617807
8,756.0,0.0,-0.0,-0.0,-0.0,0.0,0.5489812324007822,0.45101876759921766
8,757.0,0.0,-0.0,-0.0,-0.0,0.0,0.5646834989078414,0.43531650109215847
8,758.0,0.0,-0.0,-0.0,-0.0,0.0,0.5364812132866214,0.4635187867133786
8,759.0,0.0,-0.0,-0.0,-0.0,0.0,0.526052686261366,0.4739473137386339
8,760.0,0.0,-0.0,-0.0,-0.0,0.0,0.5050432442327958,0.4949567557672042
8,761.0,0.0,-0.0,-0.0,-0.0,0.0,0.49644470053929785,0.5035552994607021
8,762.0,0.0,-0.0,-0.0,-0.0,0.0,0.5204664984256436,0.4795335015743563
8,763.0,0.0,-0.0,-0.0,-0.0,0.0,0.5093885968709858,0.49061140312901436
8,764.0,0.0,-0.0,-0.0,-0.0,0.0,0.47224719737854204,0.527752802621458
8,765.0,0.0,-0.0,-0.0,-0.0,0.0,0.4975891474217061,0.5024108525782939
8,766.0,0.0,-0.0,-0.0,-0.0,0.0,0.4662855199419155,0.5337144800580843
8,767.0,0.0,-0.0,-0.0,-0.0,0.0,0.4852974393200249,0.5147025606799752
8,768.0,0.0,-0.0,-0.0,-0.0,0.0,0.4729523140414376,0.5270476859585624
8,769.0,0.0,-0.0,-0.0,-0.0,0.0,0.4940505207892555,0.5059494792107445
8,770.0,0.0,-0.0,-0.0,-0.0,0.0,0.4770617210973821,0.5229382789026179
8,771.0,0.0,-0.0,-0.0,-0.0,0.0,0.4533402390455929,0.5466597609544069
8,772.0,0.0,-0.0,-0.0,-0.0,0.0,0.438980740253999,0.561019259746001
8,773.0,0.0,-0.0,-0.0,-0.0,0.0,0.4808169877268197,0.5191830122731805
8,774.0,0.0,-0.0,-0.0,-0.0,0.0,0.49633899502378476,0.5036610049762151
8,775.0,0.0,-0.0,-0.0,-0.0,0.0,0.506473923379751,0.49352607662024917
8,776.0,0.0,-0.0,-0.0,-0.0,0.0,0.4972258587752995,0.5027741412247004
8,777.0,0.0,-0.0,-0.0,-0.0,0.0,0.45893426785409647,0.5410657321459036
8,778.0,0.0,-0.0,-0.0,-0.0,0.0,0.48032900578658166,0.5196709942134183
8,779.0,0.0,-0.0,-0.0,-0.0,0.0,0.4834417947800061,0.5165582052199938
8,780.0,0.0,-0.0,-0.0,-0.0,0.0,0.49643468231417054,0.5035653176858295
8,781.0,0.0,-0.0,-0.0,-0.0,0.0,0.51647177183559,0.4835282281644101
8,782.0,0.0,-0.0,-0.0,-0.0,0.0,0.49731103386580083,0.5026889661341993
8,783.0,0.0,-0.0,-0.0,-0.0,0.0,0.4789078454769434,0.5210921545230566
8,784.0,0.0,-0.0,-0.0,-0.0,0.0,0.47742403897095215,0.5225759610290478
8,785.0,0.0,-0.0,-0.0,-0.0,0.0,0.46057806806530877,0.5394219319346913
8,786.0,0.0,-0.0,-0.0,-0.0,0.0,0.49371669761121717,0.5062833023887827
8,787.0,0.0,-0.0,-0.0,-0.0,0.0,0.503118246745396,0.49688175325460404
8,788.0,0.0,-0.0,-0.0,-0.0,0.0,0.5218016260255078,0.4781983739744921
8,789.0,0.0,-0.0,-0.0,-0.0,0.0,0.5076184904815513,0.4923815095184488
8,790.0,0.0,-0.0,-0.0,-0.0,0.0,0.519838783749157,0.4801612162508429
8,791.0,0.0,-0.0,-0.0,-0.0,0.0,0.5352410785665225,0.4647589214334776
8,792.0,0.0,-0.0,-0.0,-0.0,0.0,0.5211305353133904,0.4788694646866098
8,793.0,0.0,-0.0,-0.0,-0.0,0.0,0.49779258978759444,0.5022074102124057
8,794.0,0.0,-0.0,-0.0,-0.0,0.0,0.5351554240443069,0.4648445759556929
8,795.0,0.0,-0.0,-0.0,-0.0,0.0,0.5174409503690963,0.48255904963090374
8,796.0,0.0,-0.0,-0.0,-0.0,0.0,0.48821945406517736,0.5117805459348227
8,797.0,0.0,-0.0,-0.0,-0.0,0.0,0.4880278643764213,0.5119721356235786
8,798.0,0.0,-0.0,-0.0,-0.0,0.0,0.480499871666023,0.519500128333977
8,799.0,0.0,-0.0,-0.0,-0.0,0.0,0.45734055914317195,0.5426594408568282
8,800.0,0.0,-0.0,-0.0,-0.0,0.0,0.490160088552401,0.5098399114475991
8,801.0,0.0,-0.0,-0.0,-0.0,0.0,0.4807826150963549,0.5192173849036451
8,802.0,0.0,-0.0,-0.0,-0.0,0.0,0.48891573154850293,0.511084268451497
8,803.0,0.0,-0.0,-0.0,-0.0,0.0,0.48984636259284564,0.5101536374071545
8,804.0,0.0,-0.0,-0.0,-0.0,0.0,0.5483780912289778,0.45162190877102226
8,805.0,0.0,-0.0,-0.0,-0.0,0.0,0.560463338239192,0.43953666176080797
8,806.0,0.0,-0.0,-0.0,-0.0,0.0,0.5426948999219501,0.45730510007804986
8,807.0,0.0,-0.0,-0.0,-0.0,0.0,0.5438775012935321,0.45612249870646787
8,808.0,0.0,-0.0,-0.0,-0.0,0.0,0.5283327797327358,0.471667220267264
8,809.0,0.0,-0.0,-0.0,-0.0,0.0,0.4892719092907382,0.510728090709262
8,810.0,0.0,-0.0,-0.0,-0.0,0.0,0.4746553955745464,0.5253446044254537
8,811.0,0.0,-0.0,-0.0,-0.0,0.0,0.4755545150137825,0.5244454849862175
8,812.0,0.0,-0.0,-0.0,-0.0,0.0,0.45748463837125547,0.5425153616287445
8,813.0,0.0,-0.0,-0.0,-0.0,0.0,0.495764919255541,0.504235080744459
8,814.0,0.0,-0.0,-0.0,-0.0,0.0,0.48250337298964874,0.5174966270103514
8,815.0,0.0,-0.0,-0.0,-0.0,0.0,0.4890848660848514,0.5109151339151485
8,816.0,0.0,-0.0,-0.0,-0.0,0.0,0.5050959614532455,0.4949040385467544
8,817.0,0.0,-0.0,-0.0,-0.0,0.0,0.4758213349529663,0.5241786650470338
8,818.0,0.0,-0.0,-0.0,-0.0,0.0,0.4561771056092839,0.5438228943907162
8,819.0,0.0,-0.0,-0.0,-0.0,0.0,0.47000387316196146,0.5299961268380387
8,820.0,0.0,-0.0,-0.0,-0.0,0.0,0.5160471505175699,0.4839528494824301
8,821.0,0.0,-0.0,-0.0,-0.0,0.0,0.5136279659547085,0.4863720340452914
8,822.0,0.0,-0.0,-0.0,-0.0,0.0,0.5104259412601148,0.4895740587398853
8,823.0,0.0,-0.0,-0.0,-0.0,0.0,0.5052064701801191,0.49479352981988084
8,824.0,0.0,-0.0,-0.0,-0.0,0.0,0.5074162132908997,0.49258378670910036
8,825.0,0.0,-0.0,-0.0,-0.0,0.0,0.5064412147033428,0.4935587852966571
8,826.0,0.0,-0.0,-0.0,-0.0,0.0,0.47959580779853406,0.520404192201466
8,827.0,0.0,-0.0,-0.0,-0.0,0.0,0.4536323810208814,0.5463676189791187
8,828.0,0.0,-0.0,-0.0,-0.0,0.0,0.4490530360360844,0.5509469639639156
8,829.0,0.0,-0.0,-0.0,-0.0,0.0,0.4792303959244901,0.5207696040755097
8,830.0,0.0,-0.0,-0.0,-0.0,0.0,0.4707097064346318,0.5292902935653683
8,831.0,0.0,-0.0,-0.0,-0.0,0.0,0.537698935998954,0.46230106400104604
8,832.0,0.0,-0.0,-0.0,-0.0,0.0,0.5185067122868248,0.4814932877131751
8,833.0,0.0,-0.0,-0.0,-0.0,0.0,0.5165415941445475,0.4834584058554525
8,834.0,0.0,-0.0,-0.0,-0.0,0.0,0.5243073242608812,0.47569267573911866
8,835.0,0.0,-0.0,-0.0,-0.0,0.0,0.5214996477198063,0.47850035228019366
8,836.0,0.0,-0.0,-0.0,-0.0,0.0,0.5349957917705405,0.46500420822945965
8,837.0,0.0,-0.0,-0.0,-0.0,0.0,0.5213521432501157,0.4786478567498842
8,838.0,0.0,-0.0,-0.0,-0.0,0.0,0.4723137478739723,0.5276862521260278
8,839.0,0.0,-0.0,-0.0,-0.0,0.0,0.4705454205760673,0.5294545794239327
8,840.0,0.0,-0.0,-0.0,-0.0,0.0,0.470185300564668,0.5298146994353321
8,841.0,0.0,-0.0,-0.0,-0.0,0.0,0.4974414890516477,0.5025585109483522
8,842.0,0.0,-0.0,-0.0,-0.0,0.0,0.4990152125828804,0.5009847874171196
8,843.0,0.0,-0.0,-0.0,-0.0,0.0,0.5335026602946459,0.4664973397053542
8,844.0,0.0,-0.0,-0.0,-0.0,0.0,0.5549813787038201,0.4450186212961799
8,845.0,0.0,-0.0,-0.0,-0.0,0.0,0.48481264487674935,0.5151873551232505
8,846.0,0.0,-0.0,-0.0,-0.0,0.0,0.4977725172809995,0.5022274827190004
8,847.0,0.0,-0.0,-0.0,-0.0,0.0,0.5161878386258107,0.4838121613741893
8,848.0,0.0,-0.0,-0.0,-0.0,0.0,0.5188343757067151,0.481165624293285
8,849.0,0.0,-0.0,-0.0,-0.0,0.0,0.4932753871931041,0.5067246128068958
8,850.0,0.0,-0.0,-0.0,-0.0,0.0,0.48491861902511496,0.5150813809748851
8,851.0,0.0,-0.0,-0.0,-0.0,0.0,0.48242251713539247,0.5175774828646076
8,852.0,0.0,-0.0,-0.0,-0.0,0.0,0.48729816250376906,0.512701837496231
8,853.0,0.0,-0.0,-0.0,-0.0,0.0,0.5022279065788192,0.4977720934211807
8,854.0,0.0,-0.0,-0.0,-0.0,0.0,0.5180958240435083,0.4819041759564915
8,855.0,0.0,-0.0,-0.0,-0.0,0.0,0.513834927533164,0.48616507246683605
8,856.0,0.0,-0.0,-0.0,-0.0,0.0,0.5740990057848827,0.42590099421511723
8,857.0,0.0,-0.0,-0.0,-0.0,0.0,0.5481164907423115,0.4518835092576883
8,858.0,0.0,-0.0,-0.0,-0.0,0.0,0.5406425601666234,0.45935743983337657
8,859.0,0.0,-0.0,-0.0,-0.0,0.0,0.5210167750574616,0.4789832249425385
8,860.0,0.0,-0.0,-0.0,-0.0,0.0,0.5009201843143092,0.4990798156856907
8,861.0,0.0,-0.0,-0.0,-0.0,0.0,0.5212790355335764,0.47872096446642376
8,862.0,0.0,-0.0,-0.0,-0.0,0.0,0.4962167812965535,0.5037832187034466
8,863.0,0.0,-0.0,-0.0,-0.0,0.0,0.48957112029473504,0.5104288797052648
8,864.0,0.0,-0.0,-0.0,-0.0,0.0,0.5107218918855252,0.4892781081144748
8,865.0,0.0,-0.0,-0.0,-0.0,0.0,0.5085953788555233,0.4914046211444767
8,866.0,0.0,-0.0,-0.0,-0.0,0.0,0.48124342570297585,0.5187565742970243
8,867.0,0.0,-0.0,-0.0,-0.0,0.0,0.5067267441951052,0.4932732558048948
8,868.0,0.0,-0.0,-0.0,-0.0,0.0,0.4718679161615345,0.5281320838384655
8,869.0,0.0,-0.0,-0.0,-0.0,0.0,0.4931921924295964,0.5068078075704033
8,870.0,0.0,-0.0,-0.0,-0.0,0.0,0.4539163474787253,0.5460836525212747
8,871.0,0.0,-0.0,-0.0,-0.0,0.0,0.44300055795088084,0.556999442049119
8,872.0,0.0,-0.0,-0.0,-0.0,0.0,0.4360214862362689,0.563978513763731
8,873.0,0.0,-0.0,-0.0,-0.0,0.0,0.4477716978250084,0.5522283021749916
8,874.0,0.0,-0.0,-0.0,-0.0,0.0,0.4620095778617591,0.537990422138241
8,875.0,0.0,-0.0,-0.0,-0.0,0.0,0.5071381147779042,0.4928618852220956
8,876.0,0.0,-0.0,-0.0,-0.0,0.0,0.4924431949509057,0.5075568050490945
8,877.0,0.0,-0.0,-0.0,-0.0,0.0,0.5012113561933408,0.49878864380665916
8,878.0,0.0,-0.0,-0.0,-0.0,0.0,0.4904923465034294,0.5095076534965706
8,879.0,0.0,-0.0,-0.0,-0.0,0.0,0.5121397026844339,0.48786029731556624
8,880.0,0.0,-0.0,-0.0,-0.0,0.0,0.49722477594381576,0.5027752240561844
8,881.0,0.0,-0.0,-0.0,-0.0,0.0,0.5659626820891172,0.43403731791088285
8,882.0,0.0,-0.0,-0.0,-0.0,0.0,0.576028722935237,0.42397127706476306
8,883.0,0.0,-0.0,-0.0,-0.0,0.0,0.5436349750796843,0.4563650249203157
8,884.0,0.0,-0.0,-0.0,-0.0,0.0,0.5435816273259797,0.4564183726740205
8,885.0,0.0,-0.0,-0.0,-0.0,0.0,0.536934356589223,0.4630656434107769
8,886.0,0.0,-0.0,-0.0,-0.0,0.0,0.5357424669390611,0.4642575330609388
8,887.0,0.0,-0.0,-0.0,-0.0,0.0,0.5120451347409692,0.48795486525903065
8,888.0,0.0,-0.0,-0.0,-0.0,0.0,0.49278187669470186,0.507218123305298
8,889.0,0.0,-0.0,-0.0,-0.0,0.0,0.4886247987418226,0.5113752012581775
8,890.0,0.0,-0.0,-0.0,-0.0,0.0,0.4744220924533266,0.5255779075466733
8,891.0,0.0,-0.0,-0.0,-0.0,0.0,0.47457085934781373,0.5254291406521864
8,892.0,0.0,-0.0,-0.0,-0.0,0.0,0.47862000939855986,0.5213799906014402
8,893.0,0.0,-0.0,-0.0,-0.0,0.0,0.49836078591684435,0.5016392140831555
8,894.0,0.0,-0.0,-0.0,-0.0,0.0,0.5138569275375864,0.4861430724624137
8,895.0,0.0,-0.0,-0.0,-0.0,0.0,0.49089789377236037,0.5091021062276396
8,896.0,0.0,-0.0,-0.0,-0.0,0.0,0.5055335160564846,0.4944664839435156
8,897.0,0.0,-0.0,-0.0,-0.0,0.0,0.4731284200905152,0.5268715799094847
8,898.0,0.0,-0.0,-0.0,-0.0,0.0,0.462846230552367,0.537153769447633
8,899.0,0.0,-0.0,-0.0,-0.0,0.0,0.4679744120620961,0.532025587937904
8,900.0,0.0,-0.0,-0.0,-0.0,0.0,0.513765482305305,0.48623451769469495
8,901.0,0.0,-0.0,-0.0,-0.0,0.0,0.49321677159026356,0.5067832284097364
8,902.0,0.0,-0.0,-0.0,-0.0,0.0,0.4786431341713711,0.5213568658286288
8,903.0,0.0,-0.0,-0.0,-0.0,0.0,0.4714380403857261,0.5285619596142739
8,904.0,0.0,-0.0,-0.0,-0.0,0.0,0.45886799380783794,0.541132006192162
8,905.0,0.0,-0.0,-0.0,-0.0,0.0,0.44910978819224245,0.5508902118077575
8,906.0,0.0,-0.0,-0.0,-0.0,0.0,0.4889321208742619,0.5110678791257381
8,907.0,0.0,-0.0,-0.0,-0.0,0.0,0.5095658206539428,0.49043417934605715
8,908.0,0.0,-0.0,-0.0,-0.0,0.0,0.4676418889825484,0.5323581110174516
8,909.0,0.0,-0.0,-0.0,-0.0,0.0,0.4563287492749955,0.5436712507250046
8,910.0,0.0,-0.0,-0.0,-0.0,0.0,0.44601083529269125,0.5539891647073086
8,911.0,0.0,-0.0,-0.0,-0.0,0.0,0.43122857884728794,0.5687714211527122
8,912.0,0.0,-0.0,-0.0,-0.0,0.0,0.42866301376263066,0.5713369862373693
8,913.0,0.0,-0.0,-0.0,-0.0,0.0,0.4586139649814853,0.5413860350185147
8,914.0,0.0,-0.0,-0.0,-0.0,0.0,0.46691917760627183,0.5330808223937281
8,915.0,0.0,-0.0,-0.0,-0.0,0.0,0.4826827605289641,0.5173172394710359
8,916.0,0.0,-0.0,-0.0,-0.0,0.0,0.5172093715411897,0.48279062845881027
8,917.0,0.0,-0.0,-0.0,-0.0,0.0,0.46538461395169783,0.534615386048302
8,918.0,0.0,-0.0,-0.0,-0.0,0.0,0.4596171532895943,0.5403828467104057
8,919.0,0.0,-0.0,-0.0,-0.0,0.0,0.4769073345500175,0.5230926654499826
8,920.0,0.0,-0.0,-0.0,-0.0,0.0,0.5000674695231617,0.4999325304768384
8,921.0,0.0,-0.0,-0.0,-0.0,0.0,0.4967198413871584,0.5032801586128415
8,922.0,0.0,-0.0,-0.0,-0.0,0.0,0.4904419793839153,0.5095580206160846
8,923.0,0.0,-0.0,-0.0,-0.0,0.0,0.4691276713200251,0.5308723286799748
8,924.0,0.0,-0.0,-0.0,-0.0,0.0,0.45123684620042576,0.5487631537995741
8,925.0,0.0,-0.0,-0.0,-0.0,0.0,0.48746911018630995,0.5125308898136899
8,926.0,0.0,-0.0,-0.0,-0.0,0.0,0.4856721637342325,0.5143278362657676
8,927.0,0.0,-0.0,-0.0,-0.0,0.0,0.4951475393634172,0.5048524606365828
8,928.0,0.0,-0.0,-0.0,-0.0,0.0,0.5124356464349189,0.4875643535650812
8,929.0,0.0,-0.0,-0.0,-0.0,0.0,0.543128612417519,0.4568713875824812
8,930.0,0.0,-0.0,-0.0,-0.0,0.0,0.5130900656912901,0.4869099343087099
8,931.0,0.0,-0.0,-0.0,-0.0,0.0,0.5305494019225021,0.469450598077498
8,932.0,0.0,-0.0,-0.0,-0.0,0.0,0.5057854207912637,0.4942145792087364
8,933.0,0.0,-0.0,-0.0,-0.0,0.0,0.5249744112590499,0.4750255887409501
8,934.0,0.0,-0.0,-0.0,-0.0,0.0,0.5292095819102203,0.4707904180897799
8,935.0,0.0,-0.0,-0.0,-0.0,0.0,0.5307650011927619,0.46923499880723796
8,936.0,0.0,-0.0,-0.0,-0.0,0.0,0.499734953560884,0.500265046439116
8,937.0,0.0,-0.0,-0.0,-0.0,0.0,0.4942509548266527,0.5057490451733474
8,938.0,0.0,-0.0,-0.0,-0.0,0.0,0.4800604807255939,0.5199395192744063
8,939.0,0.0,-0.0,-0.0,-0.0,0.0,0.5023837437337395,0.49761625626626044
8,940.0,0.0,-0.0,-0.0,-0.0,0.0,0.4765433406510867,0.5234566593489134
8,941.0,0.0,-0.0,-0.0,-0.0,0.0,0.4853589540830541,0.5146410459169459
8,942.0,0.0,-0.0,-0.0,-0.0,0.0,0.48811017702177417,0.5118898229782258
8,943.0,0.0,-0.0,-0.0,-0.0,0.0,0.5004697443614551,0.49953025563854503
8,944.0,0.0,-0.0,-0.0,-0.0,0.0,0.4718751252725691,0.5281248747274309
8,945.0,0.0,-0.0,-0.0,-0.0,0.0,0.4859620644968604,0.5140379355031396
8,946.0,0.0,-0.0,-0.0,-0.0,0.0,0.5342635106158794,0.46573648938412054
8,947.0,0.0,-0.0,-0.0,-0.0,0.0,0.5496287267481978,0.45037127325180215
8,948.0,0.0,-0.0,-0.0,-0.0,0.0,0.5197091306081689,0.4802908693918312
8,949.0,0.0,-0.0,-0.0,-0.0,0.0,0.5619616051202623,0.43803839487973784
8,950.0,0.0,-0.0,-0.0,-0.0,0.0,0.5535123717791746,0.44648762822082544
8,951.0,0.0,-0.0,-0.0,-0.0,0.0,0.5580299872924797,0.44197001270752034
8,952.0,0.0,-0.0,-0.0,-0.0,0.0,0.5144976169240852,0.4855023830759149
8,953.0,0.0,-0.0,-0.0,-0.0,0.0,0.5068445546298831,0.49315544537011696
8,954.0,0.0,-0.0,-0.0,-0.0,0.0,0.48043997006915645,0.5195600299308436
8,955.0,0.0,-0.0,-0.0,-0.0,0.0,0.5361519215197005,0.4638480784802993
8,956.0,0.0,-0.0,-0.0,-0.0,0.0,0.5296288436695336,0.47037115633046644
8,957.0,0.0,-0.0,-0.0,-0.0,0.0,0.5241332075953827,0.47586679240461727
8,958.0,0.0,-0.0,-0.0,-0.0,0.0,0.5119289516167097,0.4880710483832903
8,959.0,0.0,-0.0,-0.0,-0.0,0.0,0.5017527228401718,0.49824727715982825
8,960.0,0.0,-0.0,-0.0,-0.0,0.0,0.4974882818041593,0.5025117181958406
8,961.0,0.0,-0.0,-0.0,-0.0,0.0,0.5233797511305986,0.47662024886940135
8,962.0,0.0,-0.0,-0.0,-0.0,0.0,0.514384061699067,0.4856159383009331
8,963.0,0.0,-0.0,-0.0,-0.0,0.0,0.5094491316225885,0.4905508683774115
8,964.0,0.0,-0.0,-0.0,-0.0,0.0,0.5050534196065758,0.49494658039342426
8,965.0,0.0,-0.0,-0.0,-0.0,0.0,0.4918164183018044,0.5081835816981954
8,966.0,0.0,-0.0,-0.0,-0.0,0.0,0.5184307510015226,0.4815692489984775
8,967.0,0.0,-0.0,-0.0,-0.0,0.0,0.49615113720542275,0.5038488627945772
8,968.0,0.0,-0.0,-0.0,-0.0,0.0,0.5300702568604575,0.46992974313954256
8,969.0,0.0,-0.0,-0.0,-0.0,0.0,0.5571767878629434,0.4428232121370565
8,970.0,0.0,-0.0,-0.0,-0.0,0.0,0.5238498504761092,0.47615014952389084
8,971.0,0.0,-0.0,-0.0,-0.0,0.0,0.4932205291747135,0.5067794708252866
8,972.0,0.0,-0.0,-0.0,-0.0,0.0,0.49349244747262355,0.5065075525273766
8,973.0,0.0,-0.0,-0.0,-0.0,0.0,0.48520097914486277,0.5147990208551374
8,974.0,0.0,-0.0,-0.0,-0.0,0.0,0.4485730925233572,0.5514269074766429
8,975.0,0.0,-0.0,-0.0,-0.0,0.0,0.4657310334856532,0.5342689665143469
8,976.0,0.0,-0.0,-0.0,-0.0,0.0,0.498461777627002,0.5015382223729979
8,977.0,0.0,-0.0,-0.0,-0.0,0.0,0.5067094544457883,0.49329054555421165
8,978.0,0.0,-0.0,-0.0,-0.0,0.0,0.5652366933255808,0.43476330667441937
8,979.0,0.0,-0.0,-0.0,-0.0,0.0,0.5451702837017922,0.45482971629820773
8,980.0,0.0,-0.0,-0.0,-0.0,0.0,0.5259808923807606,0.4740191076192394
8,981.0,0.0,-0.0,-0.0,-0.0,0.0,0.5024393716582928,0.4975606283417073
8,982.0,0.0,-0.0,-0.0,-0.0,0.0,0.5219221299751474,0.4780778700248527
8,983.0,0.0,-0.0,-0.0,-0.0,0.0,0.5348342534494851,0.46516574655051485
8,984.0,0.0,-0.0,-0.0,-0.0,0.0,0.5453152263917052,0.45468477360829473
8,985.0,0.0,-0.0,-0.0,-0.0,0.0,0.5635009854789077,0.4364990145210925
8,986.0,0.0,-0.0,-0.0,-0.0,0.0,0.5814905566005844,0.41850944339941554
8,987.0,0.0,-0.0,-0.0,-0.0,0.0,0.5425267971172871,0.45747320288271304
8,988.0,0.0,-0.0,-0.0,-0.0,0.0,0.5059678168958951,0.49403218310410507
8,989.0,0.0,-0.0,-0.0,-0.0,0.0,0.5433919645103984,0.45660803548960155
8,990.0,0.0,-0.0,-0.0,-0.0,0.0,0.5297762758874223,0.47022372411257785
8,991.0,0.0,-0.0,-0.0,-0.0,0.0,0.5221211826444043,0.47787881735559556
8,992.0,0.0,-0.0,-0.0,-0.0,0.0,0.5344865256856173,0.4655134743143826
8,993.0,0.0,-0.0,-0.0,-0.0,0.0,0.4961690346178463,0.5038309653821537
8,994.0,0.0,-0.0,-0.0,-0.0,0.0,0.5140624475588633,0.4859375524411367
8,995.0,0.0,-0.0,-0.0,-0.0,0.0,0.5090104000665288,0.49098959993347113
8,996.0,0.0,-0.0,-0.0,-0.0,0.0,0.48006220662585286,0.5199377933741471
8,997.0,0.0,-0.0,-0.0,-0.0,0.0,0.49820491727728444,0.5017950827227156
8,998.0,0.0,-0.0,-0.0,-0.0,0.0,0.491078856363678,0.508921143636322
8,999.0,0.0,-0.0,-0.0,-0.0,0.0,0.4719008882524986,0.5280991117475016
8,1000.0,0.0,-0.0,-0.0,-0.0,0.0,0.4853115165558502,0.51468848344415
