9 0.0 40.0 5360.0 4128.0 4603.2 211.13373616135948 0.3333333333333333 0.3333333333333333 0.3333333333333333
9 1.0 89.0 5452.0 4128.0 4687.14 236.46970122186812 0.31127821496889496 0.33150236627779 0.35721941875331503
9 2.0 89.0 5462.0 4206.0 4782.42 222.00451264864785 0.29047505917684174 0.31066744570902083 0.39885749511413743
9 3.0 89.0 5462.0 4206.0 4867.76 239.75412995041995 0.2667657433574349 0.2910128690649389 0.4422213875776261
9 4.0 89.0 5462.0 4206.0 4974.46 263.35057174109886 0.23582615940571078 0.2828039511874642 0.48136988940682507
9 5.0 86.0 5512.0 4436.0 5085.02 252.2971624529657 0.22913038835225027 0.23672967954044138 0.5341399321073086
9 6.0 86.0 5540.0 4446.0 5189.3 255.8055408850143 0.20525485524716314 0.2140873031907159 0.580657841562121
9 7.0 11.0 5592.0 4470.0 5286.98 256.30860423727614 0.19398653245898634 0.2081347629417193 0.5978787045992945
9 8.0 61.0 5674.0 4470.0 5349.0 260.5145646290019 0.21177701340526942 0.16743993067374036 0.6207830559209901
9 9.0 30.0 5780.0 4500.0 5448.04 269.42332429982315 0.17608000578100172 0.15639817124105948 0.6675218229779385
9 10.0 47.0 5834.0 4500.0 5549.72 228.80665738707535 0.1621437740629313 0.13174186297514465 0.7061143629619242
9 11.0 16.0 5850.0 4536.0 5618.22 241.82536398539062 0.1480795402974661 0.13652366690557993 0.7153967927969543
9 12.0 85.0 5900.0 4558.0 5698.16 224.42774455323593 0.14563115672148264 0.14536278715573991 0.7090060561227775
9 13.0 58.0 5958.0 4620.0 5760.48 230.1597372401712 0.1335995436613194 0.14062793180422795 0.7257725245344527
9 14.0 24.0 5992.0 4680.0 5816.62 219.4075945022244 0.13668659889395438 0.11706481214563964 0.7462485889604057
9 15.0 22.0 6066.0 4680.0 5885.56 202.042015832391 0.13605810103625454 0.10937813855034252 0.7545637604134023
9 16.0 48.0 6138.0 4710.0 5949.74 195.00876022798712 0.138710115958913 0.0932589518012606 0.7680309322398264
9 17.0 85.0 6210.0 4732.0 6018.0 197.70624060903484 0.1413598797177642 0.08859421562652792 0.7700459046557079
9 18.0 64.0 6254.0 4732.0 6079.54 202.81451046847135 0.12930808798638943 0.08807473167544719 0.7826171803381636
9 19.0 74.0 6294.0 4732.0 6135.6 196.91109617789394 0.11375920566571432 0.08658386764459201 0.7996569266896933
9 20.0 88.0 6326.0 4732.0 6173.84 197.16366169999347 0.1188934498419342 0.08582590254249713 0.7952806476155686
9 21.0 88.0 6348.0 4732.0 6209.04 199.6197354669092 0.1048125909062477 0.09385284009933688 0.8013345689944154
9 22.0 73.0 6360.0 4732.0 6248.42 206.39968972649137 0.1057387309984695 0.09658781779009179 0.7976734512114381
9 23.0 2.0 6392.0 4736.0 6281.6 208.88661077631605 0.10493326054526467 0.0935261523602985 0.801540587094437
9 24.0 2.0 6408.0 4736.0 6317.88 208.26378378480405 0.10596002191682423 0.09713809850858127 0.7969018795745945
9 25.0 54.0 6442.0 4736.0 6342.72 211.02874905873122 0.11311167496687752 0.07668037577710698 0.810207949256015
9 26.0 94.0 6478.0 4742.0 6368.82 213.94346369208301 0.10358849710157449 0.08029646772252694 0.8161150351758982
9 27.0 35.0 6494.0 4742.0 6399.3 218.07780559453857 0.09923129538880142 0.07012879379175505 0.8306399108194433
9 28.0 19.0 6532.0 4756.0 6432.52 220.6022280719373 0.09061536223295652 0.06735712890224715 0.8420275088647962
9 29.0 55.0 6574.0 4782.0 6479.28 175.36052790601065 0.09161439452149463 0.06345954998975058 0.8449260554887548
9 30.0 56.0 6604.0 4782.0 6513.8 178.94697595103472 0.08791437127537999 0.06984999010144546 0.8422356386231743
9 31.0 19.0 6670.0 4782.0 6550.94 183.27910051849528 0.08382695666114895 0.07569684263130434 0.8404762007075469
9 32.0 36.0 6714.0 4782.0 6591.26 187.86383527986595 0.0744947117231119 0.07419812109847368 0.851307167178414
9 33.0 0.0 6742.0 4782.0 6634.02 191.61292948930856 0.07934029513180403 0.08009352316453901 0.8405661817036569
9 34.0 96.0 6804.0 4782.0 6677.4 195.57395459818198 0.08832703492213571 0.0707758908218399 0.8408970742560241
9 35.0 96.0 6826.0 4782.0 6712.24 198.12561671828314 0.09319837735992106 0.07469200206869289 0.8321096205713858
9 36.0 9.0 6830.0 4782.0 6738.06 200.3170123942184 0.08837406846117567 0.08762137217096161 0.824004559367863
9 37.0 57.0 6840.0 4782.0 6763.44 201.762752967064 0.08367753674733423 0.08690014536570624 0.8294223178869593
9 38.0 23.0 6846.0 4782.0 6784.58 203.72893359520248 0.0842059446061312 0.09427041760548166 0.8215236377883872
9 39.0 52.0 6864.0 4818.0 6803.68 201.4115280622329 0.08032950626113344 0.09422737516618636 0.8254431185726802
9 40.0 27.0 6876.0 4830.0 6817.64 201.52436852924535 0.0872441484478569 0.08849216948149217 0.8242636820706511
9 41.0 41.0 6886.0 4830.0 6831.5 203.1269444351378 0.08578225575095512 0.08681390176129597 0.8274038424877488
9 42.0 79.0 6896.0 4830.0 6844.44 204.51600021375913 0.08408835959574384 0.07862386864577947 0.8372877717584767
9 43.0 9.0 6918.0 4830.0 6857.88 205.94827633474506 0.08799261313924645 0.07057739323374998 0.8414299936270035
9 44.0 9.0 6932.0 4830.0 6871.32 207.18648604578442 0.0898504697452421 0.07519726722802883 0.8349522630267291
9 45.0 9.0 6932.0 6248.0 6901.46 67.01295216281517 0.10607546105182067 0.07571397698019042 0.8182105619679892
9 46.0 26.0 6962.0 6874.0 6918.4 13.417913550191184 0.10103676138193246 0.09412480636963955 0.8048384322484283
9 47.0 26.0 6962.0 6894.0 6930.24 12.118205687762082 0.09349682195138817 0.09168164098373541 0.8148215370648764
9 48.0 35.0 6976.0 6894.0 6941.24 12.490901739371198 0.0860150340606613 0.08709578201609533 0.8268891839232433
9 49.0 0.0 6982.0 6912.0 6952.04 11.620184459322779 0.09509735307512518 0.08454605527333209 0.8203565916515428
9 50.0 0.0 6982.0 6914.0 6961.58 12.007724786380422 0.09144777072871667 0.0887461361890285 0.8198060930822547
9 51.0 3.0 6996.0 6914.0 6971.02 12.294352813837396 0.10266119318882179 0.07768223306700381 0.8196565737441742
9 52.0 28.0 7010.0 6938.0 6980.4 11.5644876124009 0.10623893004050278 0.0975668361599184 0.7961942337995787
9 53.0 88.0 7032.0 6938.0 6994.12 15.402531603537772 0.11126387401199278 0.09575191132104947 0.7929842146669579
9 54.0 76.0 7052.0 6962.0 7006.26 13.55171165900783 0.13015537594211782 0.09939790459290976 0.7704467194649723
9 55.0 70.0 7066.0 6976.0 7019.86 16.935421011846284 0.13087636562964924 0.08718457619859311 0.7819390581717575
9 56.0 70.0 7120.0 6976.0 7038.06 21.61079976925118 0.13296329962072476 0.08936579038530774 0.7776709099939677
9 57.0 70.0 7120.0 6976.0 7059.52 23.58928022246847 0.12043800457663145 0.09716759725100166 0.7823943981723666
9 58.0 42.0 7170.0 6976.0 7079.18 28.934052497695408 0.1203835293048669 0.08007951321346933 0.799536957481664
9 59.0 42.0 7180.0 6976.0 7098.78 31.065775770812866 0.10823242241543836 0.08203961401804755 0.8097279635665138
9 60.0 42.0 7184.0 6992.0 7126.02 36.66445723370832 0.10462084984316697 0.07028459506158855 0.8250945550952445
9 61.0 7.0 7184.0 6992.0 7153.82 33.96503847169669 0.11447112080351086 0.07563084429305172 0.8098980349034376
9 62.0 84.0 7188.0 7000.0 7169.88 26.267958743793827 0.12245794958669519 0.07771794867442793 0.7998241017388769
9 63.0 97.0 7198.0 7000.0 7177.44 23.49137817338197 0.129902973238904 0.09534506689951455 0.7747519598615815
9 64.0 79.0 7206.0 7104.0 7184.36 13.48813170790148 0.15905090196574626 0.11276111493127852 0.7281879831029751
9 65.0 12.0 7220.0 7104.0 7190.46 13.74178910028702 0.13791939552472446 0.1195523099443114 0.7425282945309639
9 66.0 0.0 7228.0 7104.0 7198.24 15.419468213917112 0.14170711119817928 0.1003827829620373 0.7579101058397836
9 67.0 84.0 7240.0 7104.0 7208.04 16.220650262843797 0.13228353375245605 0.10429293945897992 0.763423526788564
9 68.0 22.0 7270.0 7184.0 7223.52 15.321787484401819 0.1306918904708315 0.09908841025982112 0.770219699269347
9 69.0 63.0 7282.0 7184.0 7240.78 20.234773549661007 0.10819088640639934 0.0904890944915551 0.8013200191020456
9 70.0 68.0 7322.0 7184.0 7259.42 21.37362672060873 0.09056603869469361 0.09275258007907575 0.816681381226231
9 71.0 4.0 7322.0 7184.0 7276.72 20.48408103278191 0.08042170383687756 0.08194619259966336 0.8376321035634586
9 72.0 81.0 7338.0 7222.0 7296.0 20.219002962759586 0.07363014506688581 0.08053937225631345 0.8458304826768009
9 73.0 93.0 7350.0 7272.0 7315.88 15.025419539008965 0.07257060329867476 0.07911542522687705 0.8483139714744476
9 74.0 93.0 7382.0 7272.0 7331.14 15.666357185853633 0.07819823534922396 0.07816424503910871 0.843637519611667
9 75.0 22.0 7394.0 7304.0 7350.14 17.837096742520064 0.08342419657129643 0.07559334866471354 0.8409824547639899
9 76.0 76.0 7414.0 7304.0 7371.32 17.333846146260274 0.080942575952231 0.08235045504293316 0.8367069690048354
9 77.0 76.0 7426.0 7336.0 7386.82 14.391622142023735 0.08952990616865623 0.09944416331836262 0.811025930512981
9 78.0 71.0 7426.0 7368.0 7402.92 15.409350434333055 0.08854084737051084 0.0932948187950661 0.8181643338344229
9 79.0 35.0 7456.0 7372.0 7417.12 16.174103256799597 0.09467503566723921 0.09712289604112147 0.8082020682916393
9 80.0 43.0 7470.0 7378.0 7429.86 16.56393794977632 0.10256936586284322 0.09727322884555724 0.800157405291599
9 81.0 77.0 7486.0 7382.0 7445.18 18.075252348853873 0.09888376898319613 0.09867320864690118 0.8024430223699025
9 82.0 30.0 7488.0 7382.0 7459.94 18.522069827831626 0.10311950453568958 0.10422703163318349 0.7926534638311267
9 83.0 37.0 7494.0 7394.0 7472.76 13.99792192369347 0.10532172950734965 0.09809549543508277 0.7965827750575675
9 84.0 50.0 7508.0 7394.0 7482.1 14.509836440682333 0.11006570881752088 0.09612242290390703 0.793811868278572
9 85.0 69.0 7518.0 7394.0 7489.92 14.15903894473009 0.13787809203990975 0.10252927986577935 0.7595926280943109
9 86.0 48.0 7528.0 7430.0 7499.72 11.942691438192602 0.14564364894067686 0.10962600413175748 0.7447303469275656
9 87.0 45.0 7542.0 7430.0 7509.48 13.05967654711064 0.14823199349766303 0.10158820427874067 0.7501798022235958
9 88.0 71.0 7554.0 7430.0 7519.0 15.576465023433995 0.14552908166912637 0.09286371525277291 0.7616072030781008
9 89.0 5.0 7554.0 7430.0 7533.68 16.616214546598325 0.13785499199989243 0.09820659195459477 0.7639384160455127
9 90.0 2.0 7554.0 7494.0 7543.56 11.937818693191632 0.12306847938737711 0.10276451282358842 0.7741670077890345
9 91.0 33.0 7556.0 7494.0 7550.2 9.971677062277102 0.13929738277408243 0.1068985469175905 0.7538040703083269
9 92.0 31.0 7556.0 7508.0 7552.98 5.829184671924022 0.15953427878808174 0.13735142402837153 0.7031142971835469
9 93.0 32.0 7576.0 7508.0 7554.36 5.842235631307347 0.17971866040838014 0.16881881350981234 0.6514625260818074
9 94.0 53.0 7578.0 7542.0 7557.24 6.659268622443358 0.1783574286132308 0.16723522594789458 0.6544073454388747
9 95.0 95.0 7590.0 7542.0 7561.8 8.577631233374259 0.17140442221240876 0.1677519638009664 0.6608436139866245
9 96.0 6.0 7592.0 7542.0 7569.86 10.360199678275388 0.1726058460068834 0.1624804819525121 0.6649136720406045
9 97.0 20.0 7602.0 7554.0 7577.58 10.660206376989152 0.16308226495059996 0.14003219310689255 0.6968855419425072
9 98.0 59.0 7604.0 7554.0 7583.46 10.961290936285696 0.16959765257216805 0.15058924104525875 0.679813106382573
9 99.0 86.0 7616.0 7554.0 7589.4 11.937547926816906 0.17222896752847014 0.16212075046747254 0.6656502820040571
9 100.0 86.0 7638.0 7554.0 7598.76 14.56377129535597 0.15719064135514654 0.1498989440380675 0.692910414606786
