9 0.0 37.0 -39.0 -160.0 -88.69 48.26749852790607 0.3333333333333333 0.3333333333333333 0.3333333333333333
9 1.0 90.0 -38.0 -160.0 -78.56 45.03810283605102 0.33858478903593997 0.27355972858575 0.3878554823783101
9 2.0 90.0 -38.0 -159.0 -63.9 36.43854657869435 0.29523634824801465 0.2357706056862489 0.4689930460657364
9 3.0 90.0 -32.0 -159.0 -57.26 31.69412525622968 0.2862921214949737 0.18276165998784524 0.5309462185171812
9 4.0 89.0 -30.0 -159.0 -52.36 29.83372100645356 0.2756385478280219 0.1579890365003977 0.5663724156715806
9 5.0 26.0 -28.0 -155.0 -47.64 26.7953410694901 0.24634399935434717 0.1547986079615977 0.5988573926840549
9 6.0 26.0 -28.0 -155.0 -40.93 20.711708005011275 0.23585038790258875 0.13983080913631257 0.6243188029610989
9 7.0 27.0 -26.0 -155.0 -35.55 13.437002281127675 0.20838821886910913 0.12853334148440637 0.6630784396464842
9 8.0 42.0 -21.0 -57.0 -31.71 6.533974922115043 0.19718494947787218 0.11363053853318027 0.6891845119889476
9 9.0 42.0 -20.0 -57.0 -28.5 6.4768429770602705 0.1944371915988034 0.11291558912393519 0.6926472192772613
9 10.0 0.0 -20.0 -57.0 -26.09 6.683456131268153 0.17019796975843857 0.10112617228397798 0.728675857957584
9 11.0 18.0 -18.0 -57.0 -23.88 7.06146177673167 0.14332075983199694 0.0917321162650101 0.7649471239029932
9 12.0 0.0 -18.0 -57.0 -21.59 6.184201115289139 0.13999814190439624 0.10090278880403078 0.7590990692915729
9 13.0 19.0 -15.0 -57.0 -20.44 6.344201201797507 0.13466529719936024 0.09661015625600855 0.768724546544631
9 14.0 19.0 -15.0 -57.0 -19.49 6.429878174066235 0.1295849011856049 0.1000413004832499 0.7703737983311453
9 15.0 19.0 -15.0 -57.0 -18.02 5.148266355254597 0.14040092418168343 0.08821723375562072 0.7713818420626961
9 16.0 0.0 -13.0 -57.0 -16.9 5.135536717202728 0.1410103834351677 0.0875210607475185 0.7714685558173136
9 17.0 0.0 -12.0 -57.0 -15.82 5.337839005864193 0.13409997090136805 0.08780122600715695 0.7780988030914748
9 18.0 41.0 -10.0 -45.0 -14.25 3.523012370346741 0.12574688549491986 0.08724245300152911 0.7870106615035506
9 19.0 0.0 -10.0 -44.0 -12.77 3.4373321813948277 0.11892759926018946 0.08163366952171897 0.7994387312180913
9 20.0 23.0 -8.0 -44.0 -11.4 3.6237153766973926 0.12021691477013484 0.08292141158244327 0.7968616736474219
9 21.0 23.0 -6.0 -44.0 -9.98 3.7362001979540542 0.1136119329263384 0.08005791812784063 0.8063301489458208
9 22.0 58.0 -5.0 -13.0 -8.26 1.4949071793082918 0.12587910910179825 0.07927374315181111 0.7948471477463909
9 23.0 5.0 -5.0 -13.0 -7.05 1.4240006242195884 0.12168862760752187 0.0833477947961982 0.7949635775962796
9 24.0 2.0 -5.0 -13.0 -5.95 1.3512059708858515 0.1352170843284548 0.08122559406813366 0.7835573216034113
9 25.0 23.0 -4.0 -13.0 -5.4 1.1370704872299215 0.14139848766124566 0.10610612560648093 0.7524953867322733
9 26.0 18.0 -4.0 -13.0 -5.07 1.037236031893701 0.15932736503960224 0.12547625723925812 0.7151963777211395
9 27.0 40.0 -3.0 -9.0 -4.64 0.7979772407579537 0.16775784950766717 0.14878938643584155 0.6834527640564915
9 28.0 3.0 -3.0 -6.0 -4.17 0.6039432711335352 0.17426608669725988 0.14332174051737712 0.6824121727853633
9 29.0 3.0 -3.0 -6.0 -3.87 0.6301354672375672 0.18998487218202217 0.18046530225065985 0.629549825567318
9 30.0 63.0 -2.0 -6.0 -3.57 0.6999999999999998 0.1919587040808773 0.19687597734987441 0.6111653185692485
9 31.0 8.0 -2.0 -6.0 -3.19 0.691872003109584 0.19632756270298823 0.18673031321010025 0.6169421240869113
9 32.0 7.0 -2.0 -5.0 -2.77 0.6644660649838725 0.21131722244982143 0.17949993721633065 0.6091828403338481
9 33.0 4.0 -2.0 -5.0 -2.46 0.6578200914591104 0.23351759951351123 0.19934504188244362 0.5671373586040453
9 34.0 55.0 -1.0 -5.0 -2.24 0.5880974288828222 0.24342077720951644 0.20722388424497123 0.5493553385455124
9 35.0 21.0 -1.0 -5.0 -2.11 0.6497085593719781 0.24327767900463548 0.22843338139777916 0.5282889395975855
9 36.0 0.0 -1.0 -5.0 -1.94 0.6789772463124967 0.22425565838901998 0.2359113592812741 0.5398329823297061
9 37.0 0.0 -1.0 -5.0 -1.71 0.7005769628014332 0.2625640976732779 0.24149062465761267 0.4959452776691096
9 38.0 0.0 -1.0 -5.0 -1.48 0.703239258393227 0.24534629203442346 0.22548472009353315 0.5291689878720435
9 39.0 0.0 -1.0 -3.0 -1.23 0.46828722947879886 0.23792852304611656 0.22780187344413924 0.5342696035097443
9 40.0 0.0 -1.0 -2.0 -1.12 0.3265986323710906 0.24951366683634832 0.2703233192584477 0.4801630139052041
9 41.0 0.0 -1.0 -2.0 -1.1 0.30151134457776346 0.2576600088962794 0.27921652657009843 0.4631234645336221
9 42.0 0.0 -1.0 -2.0 -1.08 0.2726599243442909 0.2805299253426619 0.27883031055364094 0.44063976410369726
9 43.0 0.0 -1.0 -2.0 -1.03 0.1714466079977654 0.29167884075235395 0.31044038175512817 0.39788077749251777
9 44.0 0.0 -1.0 -2.0 -1.03 0.1714466079977654 0.3000100478204789 0.3256797900479077 0.37431016213161333
9 45.0 0.0 -1.0 -2.0 -1.03 0.1714466079977654 0.301512926107047 0.33030225297163646 0.3681848209213166
9 46.0 0.0 -1.0 -2.0 -1.02 0.14070529413628957 0.3204715958241748 0.33980991942108446 0.33971848475474076
9 47.0 0.0 -1.0 -1.0 -1.0 0.0 0.30560361126969016 0.34060399075002423 0.35379239798028583
9 48.0 0.0 -1.0 -1.0 -1.0 0.0 0.29868687346331313 0.3389754170659105 0.3623377094707766
9 49.0 0.0 -1.0 -1.0 -1.0 0.0 0.26883204528237137 0.3688354199280445 0.3623325347895838
9 50.0 0.0 -1.0 -1.0 -1.0 0.0 0.29603754326198684 0.35337326139555303 0.35058919534246025
9 51.0 0.0 -1.0 -1.0 -1.0 0.0 0.3251043107630731 0.3894081609414984 0.28548752829542845
9 52.0 0.0 -1.0 -1.0 -1.0 0.0 0.3203306367862582 0.40044033709699106 0.2792290261167506
9 53.0 0.0 -1.0 -1.0 -1.0 0.0 0.3349016190601987 0.39555262947799336 0.2695457514618081
9 54.0 0.0 -1.0 -1.0 -1.0 0.0 0.32329422428066223 0.4096373283408621 0.26706844737847585
9 55.0 0.0 -1.0 -1.0 -1.0 0.0 0.3033113157876001 0.4141399636692433 0.2825487205431565
9 56.0 0.0 -1.0 -1.0 -1.0 0.0 0.3175374281760057 0.38361103028370996 0.29885154154028454
9 57.0 0.0 -1.0 -1.0 -1.0 0.0 0.3445325328126964 0.3405328036991825 0.31493466348812105
9 58.0 0.0 -1.0 -1.0 -1.0 0.0 0.34545016662756384 0.3193680571009283 0.33518177627150775
9 59.0 0.0 -1.0 -1.0 -1.0 0.0 0.34535973688069854 0.3107962276874429 0.3438440354318587
9 60.0 0.0 -1.0 -1.0 -1.0 0.0 0.3414889909198166 0.3107659690470608 0.34774504003312245
9 61.0 0.0 -1.0 -1.0 -1.0 0.0 0.34191003667788133 0.30035947164880245 0.357730491673316
9 62.0 0.0 -1.0 -1.0 -1.0 0.0 0.31579095755806935 0.3118924233655267 0.37231661907640407
9 63.0 0.0 -1.0 -1.0 -1.0 0.0 0.30756884922653094 0.296530327299802 0.395900823473667
9 64.0 0.0 -1.0 -1.0 -1.0 0.0 0.3182137899397199 0.2749966151505728 0.4067895949097074
9 65.0 0.0 -1.0 -1.0 -1.0 0.0 0.33342367907277565 0.2945857104747967 0.3719906104524277
9 66.0 0.0 -1.0 -1.0 -1.0 0.0 0.3268310233535772 0.29873190517272774 0.37443707147369465
9 67.0 0.0 -1.0 -1.0 -1.0 0.0 0.3240314177787324 0.3168693674033067 0.3590992148179608
9 68.0 0.0 -1.0 -1.0 -1.0 0.0 0.3162130668321448 0.3142176252104653 0.36956930795738985
9 69.0 0.0 -1.0 -1.0 -1.0 0.0 0.30055908384403757 0.3586523999233847 0.3407885162325778
9 70.0 0.0 -1.0 -1.0 -1.0 0.0 0.29865218596522775 0.3691177360578905 0.3322300779768818
9 71.0 0.0 -1.0 -1.0 -1.0 0.0 0.2936159432484977 0.36955772947200827 0.33682632727949424
9 72.0 0.0 -1.0 -1.0 -1.0 0.0 0.28528887182643814 0.36320080198491483 0.35151032618864714
9 73.0 0.0 -1.0 -1.0 -1.0 0.0 0.3132584438708951 0.3674754850110684 0.31926607111803657
9 74.0 0.0 -1.0 -1.0 -1.0 0.0 0.29728678534060565 0.38584552782728765 0.3168676868321069
9 75.0 0.0 -1.0 -1.0 -1.0 0.0 0.31571430329479794 0.3830091078774573 0.301276588827745
9 76.0 0.0 -1.0 -1.0 -1.0 0.0 0.3474454073836008 0.34954170069173157 0.30301289192466774
9 77.0 0.0 -1.0 -1.0 -1.0 0.0 0.3524319032790429 0.35775022399151235 0.2898178727294447
9 78.0 0.0 -1.0 -1.0 -1.0 0.0 0.3664948567224301 0.3492277322442536 0.28427741103331633
9 79.0 0.0 -1.0 -1.0 -1.0 0.0 0.3513086779829747 0.35685719517570236 0.29183412684132315
9 80.0 0.0 -1.0 -1.0 -1.0 0.0 0.3492774864822919 0.3687429695733264 0.2819795439443818
9 81.0 0.0 -1.0 -1.0 -1.0 0.0 0.36893006968226777 0.33660164379793805 0.29446828651979406
9 82.0 0.0 -1.0 -1.0 -1.0 0.0 0.34474198922863963 0.33423469900976266 0.3210233117615976
9 83.0 0.0 -1.0 -1.0 -1.0 0.0 0.333335837439204 0.3615949509310265 0.3050692116297695
9 84.0 0.0 -1.0 -1.0 -1.0 0.0 0.3354604532531409 0.3616050593091035 0.3029344874377556
9 85.0 0.0 -1.0 -1.0 -1.0 0.0 0.3369696391685155 0.3702827090694334 0.29274765176205114
9 86.0 0.0 -1.0 -1.0 -1.0 0.0 0.354351478652993 0.34838199275463017 0.29726652859237673
9 87.0 0.0 -1.0 -1.0 -1.0 0.0 0.3345382264002285 0.35766717811484056 0.30779459548493127
9 88.0 0.0 -1.0 -1.0 -1.0 0.0 0.3375753419138416 0.3336706897117952 0.328753968374363
9 89.0 0.0 -1.0 -1.0 -1.0 0.0 0.3538702501061979 0.3229570816213699 0.32317266827243235
9 90.0 0.0 -1.0 -1.0 -1.0 0.0 0.3231383735412242 0.3415832347197187 0.33527839173905705
9 91.0 0.0 -1.0 -1.0 -1.0 0.0 0.3512494096038415 0.31241460037711394 0.3363359900190444
9 92.0 0.0 -1.0 -1.0 -1.0 0.0 0.3452945219985154 0.3071863498749162 0.3475191281265685
9 93.0 0.0 -1.0 -1.0 -1.0 0.0 0.36458195947577365 0.28134820991394915 0.3540698306102772
9 94.0 0.0 -1.0 -1.0 -1.0 0.0 0.34589261421750145 0.302047321883373 0.3520600638991256
9 95.0 0.0 -1.0 -1.0 -1.0 0.0 0.33761598747876354 0.30763594612361084 0.35474806639762574
9 96.0 0.0 -1.0 -1.0 -1.0 0.0 0.34884355369382425 0.3226466943085 0.32850975199767574
9 97.0 0.0 -1.0 -1.0 -1.0 0.0 0.33545234499244375 0.2996070338733981 0.3649406211341581
9 98.0 0.0 -1.0 -1.0 -1.0 0.0 0.3298348091339697 0.29383385423644237 0.3763313366295876
9 99.0 0.0 -1.0 -1.0 -1.0 0.0 0.33095807290427587 0.3175150368345607 0.3515268902611634
9 100.0 0.0 -1.0 -1.0 -1.0 0.0 0.29116636069272284 0.358073093628118 0.35076054567915915
9 101.0 0.0 -1.0 -1.0 -1.0 0.0 0.29452529981089054 0.34872709727179424 0.3567476029173152
9 102.0 0.0 -1.0 -1.0 -1.0 0.0 0.3308577368186206 0.35080298927445674 0.3183392739069228
9 103.0 0.0 -1.0 -1.0 -1.0 0.0 0.3269429061939331 0.3791002183017333 0.2939568755043332
9 104.0 0.0 -1.0 -1.0 -1.0 0.0 0.3454763595239006 0.36449833206816623 0.29002530840793334
9 105.0 0.0 -1.0 -1.0 -1.0 0.0 0.3713542901728089 0.3415201164339355 0.28712559339325533
9 106.0 0.0 -1.0 -1.0 -1.0 0.0 0.37849221255097865 0.31607197701011136 0.30543581043890994
9 107.0 0.0 -1.0 -1.0 -1.0 0.0 0.37345600972287757 0.3278322080874204 0.29871178218970196
9 108.0 0.0 -1.0 -1.0 -1.0 0.0 0.3771984979482275 0.3170160000560766 0.305785501995696
9 109.0 0.0 -1.0 -1.0 -1.0 0.0 0.3377140336315865 0.3376733038736572 0.3246126624947566
9 110.0 0.0 -1.0 -1.0 -1.0 0.0 0.3072327307125289 0.3520783020870831 0.34068896720038794
9 111.0 0.0 -1.0 -1.0 -1.0 0.0 0.32480030087070105 0.3525278807379888 0.32267181839130993
9 112.0 0.0 -1.0 -1.0 -1.0 0.0 0.3136642692107833 0.342672535281365 0.3436631955078514
9 113.0 0.0 -1.0 -1.0 -1.0 0.0 0.3237977732487083 0.3391907480139931 0.3370114787372984
9 114.0 0.0 -1.0 -1.0 -1.0 0.0 0.3446059542030073 0.3572485625984884 0.29814548319850404
9 115.0 0.0 -1.0 -1.0 -1.0 0.0 0.3559212941154407 0.34066452434692884 0.3034141815376306
9 116.0 0.0 -1.0 -1.0 -1.0 0.0 0.31965804013426585 0.36373030204283163 0.31661165782290246
9 117.0 0.0 -1.0 -1.0 -1.0 0.0 0.3223452315095573 0.3609642660886568 0.316690502401786
9 118.0 0.0 -1.0 -1.0 -1.0 0.0 0.3290084238236783 0.3581780944270628 0.3128134817492588
9 119.0 0.0 -1.0 -1.0 -1.0 0.0 0.33122818944362187 0.3586665465985232 0.3101052639578553
9 120.0 0.0 -1.0 -1.0 -1.0 0.0 0.33327847538095123 0.363113514751861 0.30360800986718794
9 121.0 0.0 -1.0 -1.0 -1.0 0.0 0.344314381812497 0.3731615988152497 0.2825240193722534
9 122.0 0.0 -1.0 -1.0 -1.0 0.0 0.34589126294147926 0.36145778894114605 0.2926509481173747
9 123.0 0.0 -1.0 -1.0 -1.0 0.0 0.3328229703876896 0.35234221690482415 0.3148348127074859
9 124.0 0.0 -1.0 -1.0 -1.0 0.0 0.3190813271950213 0.3544591487813644 0.3264595240236141
9 125.0 0.0 -1.0 -1.0 -1.0 0.0 0.33104341896144496 0.32265832177931264 0.34629825925924246
9 126.0 0.0 -1.0 -1.0 -1.0 0.0 0.3100026698345072 0.3324886833859862 0.3575086467795068
9 127.0 0.0 -1.0 -1.0 -1.0 0.0 0.2826930077624699 0.33856198992155145 0.3787450023159788
9 128.0 0.0 -1.0 -1.0 -1.0 0.0 0.30791985910403286 0.33595191338872654 0.35612822750724066
9 129.0 0.0 -1.0 -1.0 -1.0 0.0 0.30991001895235615 0.3297847636515507 0.36030521739609334
9 130.0 0.0 -1.0 -1.0 -1.0 0.0 0.3143725542586084 0.3472436686681472 0.3383837770732447
9 131.0 0.0 -1.0 -1.0 -1.0 0.0 0.3323606606310415 0.3479565005854849 0.3196828387834738
9 132.0 0.0 -1.0 -1.0 -1.0 0.0 0.3339949355838492 0.3687848462038354 0.2972202182123154
9 133.0 0.0 -1.0 -1.0 -1.0 0.0 0.3417510693673482 0.34536200908540765 0.31288692154724407
9 134.0 0.0 -1.0 -1.0 -1.0 0.0 0.3375478082928122 0.36471969705290774 0.2977324946542803
9 135.0 0.0 -1.0 -1.0 -1.0 0.0 0.33660279501793366 0.35958535790232354 0.3038118470797425
9 136.0 0.0 -1.0 -1.0 -1.0 0.0 0.3496307856787636 0.34495016839303355 0.3054190459282025
9 137.0 0.0 -1.0 -1.0 -1.0 0.0 0.34893550248551297 0.32977578015038217 0.32128871736410475
9 138.0 0.0 -1.0 -1.0 -1.0 0.0 0.3650811429321682 0.3482645336836621 0.2866543233841696
9 139.0 0.0 -1.0 -1.0 -1.0 0.0 0.35019764917064866 0.3279881751290331 0.32181417570031834
9 140.0 0.0 -1.0 -1.0 -1.0 0.0 0.3537463859653608 0.3440105979320353 0.30224301610260407
9 141.0 0.0 -1.0 -1.0 -1.0 0.0 0.35090152960070226 0.33150709076630624 0.3175913796329916
9 142.0 0.0 -1.0 -1.0 -1.0 0.0 0.3350727044036721 0.3430235205808252 0.32190377501550294
9 143.0 0.0 -1.0 -1.0 -1.0 0.0 0.3422959184575048 0.33104214887724503 0.3266619326652504
9 144.0 0.0 -1.0 -1.0 -1.0 0.0 0.31829039641033874 0.34961769181296987 0.33209191177669145
9 145.0 0.0 -1.0 -1.0 -1.0 0.0 0.29386620064907887 0.3644659785940827 0.34166782075683827
9 146.0 0.0 -1.0 -1.0 -1.0 0.0 0.28494918448911344 0.36733104320496396 0.3477197723059225
9 147.0 0.0 -1.0 -1.0 -1.0 0.0 0.32002058590590693 0.3313655440262864 0.34861387006780703
9 148.0 0.0 -1.0 -1.0 -1.0 0.0 0.32331169492354733 0.33879284618016003 0.33789545889629274
9 149.0 0.0 -1.0 -1.0 -1.0 0.0 0.29319056256271636 0.3440176739409177 0.36279176349636594
9 150.0 0.0 -1.0 -1.0 -1.0 0.0 0.2831689607893205 0.3541971975714267 0.3626338416392525
9 151.0 0.0 -1.0 -1.0 -1.0 0.0 0.29476413527296286 0.3560585885246443 0.3491772762023929
9 152.0 0.0 -1.0 -1.0 -1.0 0.0 0.290009311435987 0.38429416812911305 0.32569652043490005
9 153.0 0.0 -1.0 -1.0 -1.0 0.0 0.30060058035717846 0.3700231386997296 0.3293762809430919
9 154.0 0.0 -1.0 -1.0 -1.0 0.0 0.2888078055253863 0.37186404522476685 0.33932814924984683
9 155.0 0.0 -1.0 -1.0 -1.0 0.0 0.3066030680826306 0.37484769945137225 0.31854923246599753
9 156.0 0.0 -1.0 -1.0 -1.0 0.0 0.30497406680336286 0.36721976626407943 0.3278061669325576
9 157.0 0.0 -1.0 -1.0 -1.0 0.0 0.29788046893546033 0.3528952578336758 0.34922427323086397
9 158.0 0.0 -1.0 -1.0 -1.0 0.0 0.3179034135482666 0.3618388547766616 0.320257731675072
9 159.0 0.0 -1.0 -1.0 -1.0 0.0 0.33049973343681543 0.3562370623674395 0.31326320419574516
9 160.0 0.0 -1.0 -1.0 -1.0 0.0 0.3066760086758308 0.360279173285658 0.3330448180385114
9 161.0 0.0 -1.0 -1.0 -1.0 0.0 0.292927289767513 0.35486492911479184 0.35220778111769546
9 162.0 0.0 -1.0 -1.0 -1.0 0.0 0.29105987332581873 0.34368510563824045 0.36525502103594043
9 163.0 0.0 -1.0 -1.0 -1.0 0.0 0.2573440971728858 0.35556434834078793 0.387091554486326
9 164.0 0.0 -1.0 -1.0 -1.0 0.0 0.26015806672108965 0.3370972819777676 0.4027446513011425
9 165.0 0.0 -1.0 -1.0 -1.0 0.0 0.290457223843873 0.3250785072569903 0.3844642688991366
9 166.0 0.0 -1.0 -1.0 -1.0 0.0 0.30157596712085455 0.3170316140083818 0.38139241887076364
9 167.0 0.0 -1.0 -1.0 -1.0 0.0 0.32020286177640955 0.3152305574595567 0.3645665807640337
9 168.0 0.0 -1.0 -1.0 -1.0 0.0 0.28626070664041814 0.3437937798191784 0.3699455135404034
9 169.0 0.0 -1.0 -1.0 -1.0 0.0 0.29457047609333675 0.3319124114963061 0.373517112410357
9 170.0 0.0 -1.0 -1.0 -1.0 0.0 0.27167706278100257 0.36677848788957157 0.3615444493294258
9 171.0 0.0 -1.0 -1.0 -1.0 0.0 0.2948624672867536 0.3390296355482587 0.3661078971649877
9 172.0 0.0 -1.0 -1.0 -1.0 0.0 0.2881851983322059 0.36499822915125646 0.3468165725165377
9 173.0 0.0 -1.0 -1.0 -1.0 0.0 0.2777524373243335 0.3721683416723355 0.35007922100333083
9 174.0 0.0 -1.0 -1.0 -1.0 0.0 0.28989091571347103 0.35663374956338123 0.35347533472314735
9 175.0 0.0 -1.0 -1.0 -1.0 0.0 0.29039789122226706 0.34473773764339577 0.36486437113433745
9 176.0 0.0 -1.0 -1.0 -1.0 0.0 0.31701948201595453 0.3437499810464939 0.33923053693755156
9 177.0 0.0 -1.0 -1.0 -1.0 0.0 0.32180215642842847 0.3372080473526832 0.34098979621888836
9 178.0 0.0 -1.0 -1.0 -1.0 0.0 0.3277708487637297 0.34453932442000557 0.3276898268162647
9 179.0 0.0 -1.0 -1.0 -1.0 0.0 0.32742475372769614 0.3564115622967304 0.3161636839755737
9 180.0 0.0 -1.0 -1.0 -1.0 0.0 0.34325329106758445 0.37949190821573126 0.27725480071668435
9 181.0 0.0 -1.0 -1.0 -1.0 0.0 0.3287471054387845 0.3611138175899286 0.310139076971287
9 182.0 0.0 -1.0 -1.0 -1.0 0.0 0.3538598322745707 0.34702845996922677 0.29911170775620244
9 183.0 0.0 -1.0 -1.0 -1.0 0.0 0.3724703016801049 0.3361761394403466 0.29135355887954867
9 184.0 0.0 -1.0 -1.0 -1.0 0.0 0.38661590570165516 0.32578642887478887 0.2875976654235562
9 185.0 0.0 -1.0 -1.0 -1.0 0.0 0.3775467097186857 0.3289709603934552 0.29348232988785905
9 186.0 0.0 -1.0 -1.0 -1.0 0.0 0.3736986335974543 0.33920961012497314 0.28709175627757266
9 187.0 0.0 -1.0 -1.0 -1.0 0.0 0.3544267595497162 0.34517765916262233 0.3003955812876613
9 188.0 0.0 -1.0 -1.0 -1.0 0.0 0.360648635398535 0.30002563561316353 0.3393257289883017
9 189.0 0.0 -1.0 -1.0 -1.0 0.0 0.35665864608358233 0.3094887130547384 0.3338526408616789
9 190.0 0.0 -1.0 -1.0 -1.0 0.0 0.33796383794933654 0.31134469458282593 0.3506914674678374
9 191.0 0.0 -1.0 -1.0 -1.0 0.0 0.33080471666266154 0.317269978194208 0.3519253051431302
9 192.0 0.0 -1.0 -1.0 -1.0 0.0 0.34138880523842474 0.3021777885963137 0.3564334061652618
9 193.0 0.0 -1.0 -1.0 -1.0 0.0 0.36012178624184815 0.2791530733881756 0.3607251403699763
9 194.0 0.0 -1.0 -1.0 -1.0 0.0 0.34645351067346114 0.29952531252933023 0.3540211767972089
9 195.0 0.0 -1.0 -1.0 -1.0 0.0 0.32783892682270654 0.3261275642453532 0.34603350893194035
9 196.0 0.0 -1.0 -1.0 -1.0 0.0 0.3339458528583767 0.3235150208039096 0.3425391263377137
9 197.0 0.0 -1.0 -1.0 -1.0 0.0 0.351711816682284 0.31550980769252174 0.3327783756251941
9 198.0 0.0 -1.0 -1.0 -1.0 0.0 0.3284356750706896 0.3133984497073095 0.35816587522200066
9 199.0 0.0 -1.0 -1.0 -1.0 0.0 0.33431778036589277 0.33056362445534127 0.33511859517876597
9 200.0 0.0 -1.0 -1.0 -1.0 0.0 0.3168437011486538 0.3373382128801205 0.34581808597122593
9 201.0 0.0 -1.0 -1.0 -1.0 0.0 0.30476181837086846 0.3062610631221895 0.3889771185069419
9 202.0 0.0 -1.0 -1.0 -1.0 0.0 0.3205955461908799 0.30191483686036746 0.377489616948753
9 203.0 0.0 -1.0 -1.0 -1.0 0.0 0.33805906486945597 0.3194168100704367 0.3425241250601072
9 204.0 0.0 -1.0 -1.0 -1.0 0.0 0.33828084871219316 0.30430515159140425 0.35741399969640264
9 205.0 0.0 -1.0 -1.0 -1.0 0.0 0.32857245295374 0.32418473418217053 0.3472428128640895
9 206.0 0.0 -1.0 -1.0 -1.0 0.0 0.31470253864650016 0.336102531550455 0.3491949298030448
9 207.0 0.0 -1.0 -1.0 -1.0 0.0 0.3090182315953419 0.3062893103878583 0.38469245801679974
9 208.0 0.0 -1.0 -1.0 -1.0 0.0 0.3026442778868379 0.2979286941529855 0.3994270279601767
9 209.0 0.0 -1.0 -1.0 -1.0 0.0 0.2930308742336247 0.31952299796707745 0.38744612779929777
9 210.0 0.0 -1.0 -1.0 -1.0 0.0 0.2926274467476155 0.3295676082340881 0.3778049450182962
9 211.0 0.0 -1.0 -1.0 -1.0 0.0 0.29246269281042386 0.3506065515232649 0.35693075566631116
9 212.0 0.0 -1.0 -1.0 -1.0 0.0 0.30062104236953363 0.3508070189697856 0.3485719386606808
9 213.0 0.0 -1.0 -1.0 -1.0 0.0 0.3197065886957042 0.32863203667167595 0.3516613746326197
9 214.0 0.0 -1.0 -1.0 -1.0 0.0 0.2971109678722845 0.3361956324570794 0.36669339967063613
9 215.0 0.0 -1.0 -1.0 -1.0 0.0 0.3016744004499728 0.3449044236886116 0.35342117586141564
9 216.0 0.0 -1.0 -1.0 -1.0 0.0 0.34435614909077444 0.31648611777805974 0.3391577331311658
9 217.0 0.0 -1.0 -1.0 -1.0 0.0 0.34969793163947904 0.3233456039808228 0.3269564643796982
9 218.0 0.0 -1.0 -1.0 -1.0 0.0 0.35308095129932066 0.31840254348996433 0.3285165052107152
9 219.0 0.0 -1.0 -1.0 -1.0 0.0 0.3392563566649859 0.3239057816939112 0.33683786164110285
9 220.0 0.0 -1.0 -1.0 -1.0 0.0 0.33759243597214916 0.3378379574472005 0.3245696065806502
9 221.0 0.0 -1.0 -1.0 -1.0 0.0 0.34875859799885567 0.32048613293058614 0.330755269070558
9 222.0 0.0 -1.0 -1.0 -1.0 0.0 0.35909275786025013 0.32381320368151395 0.317094038458236
9 223.0 0.0 -1.0 -1.0 -1.0 0.0 0.36666016680344937 0.3118309512793799 0.3215088819171708
9 224.0 0.0 -1.0 -1.0 -1.0 0.0 0.3632954714202554 0.3104274952760308 0.3262770333037133
9 225.0 0.0 -1.0 -1.0 -1.0 0.0 0.3799593845214207 0.3143990938520882 0.3056415216264913
9 226.0 0.0 -1.0 -1.0 -1.0 0.0 0.35022474223603395 0.3350027898044117 0.3147724679595541
9 227.0 0.0 -1.0 -1.0 -1.0 0.0 0.3100084302854963 0.36014714227635325 0.32984442743815057
9 228.0 0.0 -1.0 -1.0 -1.0 0.0 0.29327729416657367 0.3740510248979922 0.3326716809354342
9 229.0 0.0 -1.0 -1.0 -1.0 0.0 0.2839785947701189 0.36614594761712543 0.3498754576127557
9 230.0 0.0 -1.0 -1.0 -1.0 0.0 0.3117530876131313 0.3526883757557354 0.33555853663113333
9 231.0 0.0 -1.0 -1.0 -1.0 0.0 0.30842138756251086 0.3483893491189972 0.3431892633184919
9 232.0 0.0 -1.0 -1.0 -1.0 0.0 0.3225378097277868 0.33048225450304325 0.3469799357691701
9 233.0 0.0 -1.0 -1.0 -1.0 0.0 0.2957327631847672 0.35355213442172195 0.3507151023935107
9 234.0 0.0 -1.0 -1.0 -1.0 0.0 0.3047461298322817 0.3554398254509956 0.3398140447167227
9 235.0 0.0 -1.0 -1.0 -1.0 0.0 0.3169183934183655 0.3574963641926628 0.325585242388972
9 236.0 0.0 -1.0 -1.0 -1.0 0.0 0.3364072291502256 0.34637790249462114 0.31721486835515345
9 237.0 0.0 -1.0 -1.0 -1.0 0.0 0.3496850568287092 0.3318597667659395 0.3184551764053515
9 238.0 0.0 -1.0 -1.0 -1.0 0.0 0.32037780862069637 0.3603863398706521 0.3192358515086515
9 239.0 0.0 -1.0 -1.0 -1.0 0.0 0.3183035783940754 0.37159670746401585 0.31009971414190884
9 240.0 0.0 -1.0 -1.0 -1.0 0.0 0.3064965028262412 0.37348483806007293 0.32001865911368604
9 241.0 0.0 -1.0 -1.0 -1.0 0.0 0.296038417005229 0.3780294856215873 0.3259320973731839
9 242.0 0.0 -1.0 -1.0 -1.0 0.0 0.307344907988465 0.3372776930003245 0.35537739901121074
9 243.0 0.0 -1.0 -1.0 -1.0 0.0 0.3342432242092642 0.3246828083012132 0.3410739674895224
9 244.0 0.0 -1.0 -1.0 -1.0 0.0 0.3444361737629153 0.3140060626544284 0.34155776358265627
9 245.0 0.0 -1.0 -1.0 -1.0 0.0 0.3229391859733002 0.3355525949971455 0.3415082190295543
9 246.0 0.0 -1.0 -1.0 -1.0 0.0 0.3154567345223699 0.35592888204123513 0.328614383436395
9 247.0 0.0 -1.0 -1.0 -1.0 0.0 0.32509278958266125 0.3423763212478068 0.33253088916953183
9 248.0 0.0 -1.0 -1.0 -1.0 0.0 0.34819587167960664 0.3525364634358529 0.2992676648845405
9 249.0 0.0 -1.0 -1.0 -1.0 0.0 0.3634831619966034 0.3415879818436201 0.29492885615977654
9 250.0 0.0 -1.0 -1.0 -1.0 0.0 0.3399124727780442 0.32896899103217664 0.3311185361897791
9 251.0 0.0 -1.0 -1.0 -1.0 0.0 0.3240950871349543 0.3258407346952595 0.35006417816978613
9 252.0 0.0 -1.0 -1.0 -1.0 0.0 0.3260180159299939 0.33447664475552286 0.3395053393144833
9 253.0 0.0 -1.0 -1.0 -1.0 0.0 0.3048464293327915 0.3476862648354419 0.3474673058317665
9 254.0 0.0 -1.0 -1.0 -1.0 0.0 0.31842257855190054 0.31616912565381294 0.3654082957942863
9 255.0 0.0 -1.0 -1.0 -1.0 0.0 0.32842805141204034 0.3413720966111833 0.33019985197677637
9 256.0 0.0 -1.0 -1.0 -1.0 0.0 0.32368033141278557 0.3748995867909665 0.3014200817962479
9 257.0 0.0 -1.0 -1.0 -1.0 0.0 0.31595306774266435 0.36734447927264713 0.3167024529846886
9 258.0 0.0 -1.0 -1.0 -1.0 0.0 0.3175108749482765 0.32916707606869816 0.35332204898302527
9 259.0 0.0 -1.0 -1.0 -1.0 0.0 0.33012984623461916 0.33186948170879105 0.33800067205658985
9 260.0 0.0 -1.0 -1.0 -1.0 0.0 0.33732282605835523 0.3334814475381498 0.32919572640349487
9 261.0 0.0 -1.0 -1.0 -1.0 0.0 0.342398492700916 0.35205112725393467 0.3055503800451493
9 262.0 0.0 -1.0 -1.0 -1.0 0.0 0.3478435905318576 0.3579314084572996 0.2942250010108429
9 263.0 0.0 -1.0 -1.0 -1.0 0.0 0.3509984237025969 0.3442311758173814 0.30477040048002185
9 264.0 0.0 -1.0 -1.0 -1.0 0.0 0.3699566527675636 0.3151063234287317 0.3149370238037044
9 265.0 0.0 -1.0 -1.0 -1.0 0.0 0.36476141773702786 0.31274750730807765 0.3224910749548949
9 266.0 0.0 -1.0 -1.0 -1.0 0.0 0.35781588486152266 0.30073566780529803 0.3414484473331796
9 267.0 0.0 -1.0 -1.0 -1.0 0.0 0.35573817895946147 0.30309094382638785 0.34117087721415085
9 268.0 0.0 -1.0 -1.0 -1.0 0.0 0.34441874592774596 0.3078648845663424 0.3477163695059118
9 269.0 0.0 -1.0 -1.0 -1.0 0.0 0.3558406280346071 0.29989604525712243 0.3442633267082706
9 270.0 0.0 -1.0 -1.0 -1.0 0.0 0.39306536428308725 0.2821818514977239 0.32475278421918863
9 271.0 0.0 -1.0 -1.0 -1.0 0.0 0.37013007908575124 0.29222624767608096 0.3376436732381678
9 272.0 0.0 -1.0 -1.0 -1.0 0.0 0.36495117106537506 0.3081498702386976 0.32689895869592694
9 273.0 0.0 -1.0 -1.0 -1.0 0.0 0.35224215412740306 0.32859356118100563 0.3191642846915912
9 274.0 0.0 -1.0 -1.0 -1.0 0.0 0.3501673170605761 0.3122980797251995 0.3375346032142243
9 275.0 0.0 -1.0 -1.0 -1.0 0.0 0.36311155011835533 0.28852244290449236 0.34836600697715236
9 276.0 0.0 -1.0 -1.0 -1.0 0.0 0.369294403066751 0.30991421868567165 0.3207913782475773
9 277.0 0.0 -1.0 -1.0 -1.0 0.0 0.3537211573526358 0.3297727005010261 0.3165061421463381
9 278.0 0.0 -1.0 -1.0 -1.0 0.0 0.33119963365861227 0.32122476714130266 0.34757559920008513
9 279.0 0.0 -1.0 -1.0 -1.0 0.0 0.35309610126881935 0.32664518315974755 0.3202587155714331
9 280.0 0.0 -1.0 -1.0 -1.0 0.0 0.3544173231052342 0.33656041608883575 0.3090222608059301
9 281.0 0.0 -1.0 -1.0 -1.0 0.0 0.3692702553320888 0.3078275496855315 0.32290219498237965
9 282.0 0.0 -1.0 -1.0 -1.0 0.0 0.34153565556241455 0.3400301032109144 0.31843424122667097
9 283.0 0.0 -1.0 -1.0 -1.0 0.0 0.32250104053046225 0.345124700494676 0.3323742589748619
9 284.0 0.0 -1.0 -1.0 -1.0 0.0 0.3172778848836419 0.3438049998988447 0.3389171152175136
9 285.0 0.0 -1.0 -1.0 -1.0 0.0 0.3234593718915276 0.35065168277685743 0.3258889453316149
9 286.0 0.0 -1.0 -1.0 -1.0 0.0 0.3160235894522286 0.3664777540284917 0.3174986565192797
9 287.0 0.0 -1.0 -1.0 -1.0 0.0 0.33476580845057796 0.35038751366791393 0.3148466778815083
9 288.0 0.0 -1.0 -1.0 -1.0 0.0 0.3564329825330457 0.3477979806089195 0.295769036858035
9 289.0 0.0 -1.0 -1.0 -1.0 0.0 0.3301144331238912 0.38465218199527923 0.28523338488082955
9 290.0 0.0 -1.0 -1.0 -1.0 0.0 0.3438095048226731 0.37261832934888095 0.28357216582844585
9 291.0 0.0 -1.0 -1.0 -1.0 0.0 0.30869976257555964 0.3872782234374777 0.30402201398696255
9 292.0 0.0 -1.0 -1.0 -1.0 0.0 0.3228253778918302 0.38744434386825277 0.28973027823991726
9 293.0 0.0 -1.0 -1.0 -1.0 0.0 0.31222071070080826 0.3806132404963832 0.3071660488028087
9 294.0 0.0 -1.0 -1.0 -1.0 0.0 0.31815370114811264 0.3579598453632616 0.3238864534886256
9 295.0 0.0 -1.0 -1.0 -1.0 0.0 0.2931703835701722 0.38020679436010274 0.32662282206972476
9 296.0 0.0 -1.0 -1.0 -1.0 0.0 0.2772612950594412 0.38832104042497045 0.33441766451558846
9 297.0 0.0 -1.0 -1.0 -1.0 0.0 0.30674415888304496 0.3782056088620864 0.3150502322548689
9 298.0 0.0 -1.0 -1.0 -1.0 0.0 0.3161191101880913 0.3671732415575895 0.3167076482543192
9 299.0 0.0 -1.0 -1.0 -1.0 0.0 0.30526219441220814 0.3550134181529685 0.3397243874348233
9 300.0 0.0 -1.0 -1.0 -1.0 0.0 0.29532941245544914 0.3636754545629274 0.34099513298162343
9 301.0 0.0 -1.0 -1.0 -1.0 0.0 0.29791160788838494 0.367395161443465 0.3346932306681502
9 302.0 0.0 -1.0 -1.0 -1.0 0.0 0.2820822603160193 0.3700752054191125 0.347842534264868
9 303.0 0.0 -1.0 -1.0 -1.0 0.0 0.28065971725812483 0.3680387442458363 0.35130153849603873
9 304.0 0.0 -1.0 -1.0 -1.0 0.0 0.27955651287604166 0.3616405782337387 0.35880290889021965
9 305.0 0.0 -1.0 -1.0 -1.0 0.0 0.2902683044479154 0.36863158011197855 0.34110011544010627
9 306.0 0.0 -1.0 -1.0 -1.0 0.0 0.30686218011144895 0.3558499703783224 0.3372878495102286
9 307.0 0.0 -1.0 -1.0 -1.0 0.0 0.3062730900277726 0.3572083578796491 0.3365185520925784
9 308.0 0.0 -1.0 -1.0 -1.0 0.0 0.319550694250985 0.3628132849507448 0.31763602079827036
9 309.0 0.0 -1.0 -1.0 -1.0 0.0 0.3193222974845343 0.36482548457599057 0.31585221793947493
9 310.0 0.0 -1.0 -1.0 -1.0 0.0 0.32738868809022037 0.3548530130353263 0.3177582988744534
9 311.0 0.0 -1.0 -1.0 -1.0 0.0 0.3490551981251759 0.3358297882434764 0.31511501363134786
9 312.0 0.0 -1.0 -1.0 -1.0 0.0 0.3377744774390108 0.3396160144829855 0.322609508078004
9 313.0 0.0 -1.0 -1.0 -1.0 0.0 0.3281776802943682 0.338143350642247 0.33367896906338457
9 314.0 0.0 -1.0 -1.0 -1.0 0.0 0.3299416040679299 0.3369863966999916 0.3330719992320784
9 315.0 0.0 -1.0 -1.0 -1.0 0.0 0.36843533796776656 0.3243957661692204 0.30716889586301316
9 316.0 0.0 -1.0 -1.0 -1.0 0.0 0.3673944688054042 0.31473268741990995 0.3178728437746857
9 317.0 0.0 -1.0 -1.0 -1.0 0.0 0.33580984263324537 0.3365828096286388 0.32760734773811584
9 318.0 0.0 -1.0 -1.0 -1.0 0.0 0.3449476984356 0.3529196221847598 0.30213267937964033
9 319.0 0.0 -1.0 -1.0 -1.0 0.0 0.3450923865457601 0.3594951725923977 0.29541244086184226
9 320.0 0.0 -1.0 -1.0 -1.0 0.0 0.3406142526793978 0.37874600461709645 0.28063974270350567
9 321.0 0.0 -1.0 -1.0 -1.0 0.0 0.3461084632401089 0.3662242811741113 0.2876672555857796
9 322.0 0.0 -1.0 -1.0 -1.0 0.0 0.38313532422696633 0.3228570207363129 0.2940076550367207
9 323.0 0.0 -1.0 -1.0 -1.0 0.0 0.3835751014556492 0.29019340397239607 0.32623149457195466
9 324.0 0.0 -1.0 -1.0 -1.0 0.0 0.3543513331043574 0.286507515874931 0.35914115102071165
9 325.0 0.0 -1.0 -1.0 -1.0 0.0 0.3905766580763724 0.2571297505559244 0.3522935913677033
9 326.0 0.0 -1.0 -1.0 -1.0 0.0 0.40666944796565724 0.27223803620057285 0.3210925158337698
9 327.0 0.0 -1.0 -1.0 -1.0 0.0 0.3954452082374005 0.28947486721617843 0.3150799245464207
9 328.0 0.0 -1.0 -1.0 -1.0 0.0 0.3720982474542525 0.29705812466147014 0.33084362788427724
9 329.0 0.0 -1.0 -1.0 -1.0 0.0 0.33616383488124746 0.3313002633884848 0.33253590173026737
9 330.0 0.0 -1.0 -1.0 -1.0 0.0 0.3202848755772494 0.3221298445931366 0.35758527982961413
9 331.0 0.0 -1.0 -1.0 -1.0 0.0 0.2842766378032389 0.32919573286435766 0.38652762933240326
9 332.0 0.0 -1.0 -1.0 -1.0 0.0 0.2983164092761069 0.33298634786906556 0.3686972428548274
9 333.0 0.0 -1.0 -1.0 -1.0 0.0 0.32038889684008054 0.34112294352906164 0.33848815963085793
9 334.0 0.0 -1.0 -1.0 -1.0 0.0 0.29844874166929414 0.3505631946750978 0.3509880636556083
9 335.0 0.0 -1.0 -1.0 -1.0 0.0 0.30963646557354274 0.3436615593447556 0.34670197508170175
9 336.0 0.0 -1.0 -1.0 -1.0 0.0 0.29527749543989956 0.3525877962570491 0.3521347083030513
9 337.0 0.0 -1.0 -1.0 -1.0 0.0 0.3039172541870359 0.3533037228395529 0.34277902297341123
9 338.0 0.0 -1.0 -1.0 -1.0 0.0 0.31113374663719334 0.32512336526107305 0.36374288810173355
9 339.0 0.0 -1.0 -1.0 -1.0 0.0 0.31640834003253965 0.3407706511196726 0.34282100884778777
9 340.0 0.0 -1.0 -1.0 -1.0 0.0 0.3263888739130891 0.3376352067730377 0.3359759193138732
9 341.0 0.0 -1.0 -1.0 -1.0 0.0 0.3468558616099302 0.3298105796066016 0.3233335587834682
9 342.0 0.0 -1.0 -1.0 -1.0 0.0 0.35159526734649815 0.3175880811669906 0.33081665148651124
9 343.0 0.0 -1.0 -1.0 -1.0 0.0 0.3547873249906079 0.3272613745390685 0.31795130047032344
9 344.0 0.0 -1.0 -1.0 -1.0 0.0 0.3348934394979861 0.34978836237641653 0.3153181981255976
9 345.0 0.0 -1.0 -1.0 -1.0 0.0 0.3325521371261702 0.3314028930551373 0.3360449698186925
9 346.0 0.0 -1.0 -1.0 -1.0 0.0 0.3208093696948836 0.34268760970118867 0.33650302060392756
9 347.0 0.0 -1.0 -1.0 -1.0 0.0 0.2987054500396912 0.3678431234216618 0.3334514265386471
9 348.0 0.0 -1.0 -1.0 -1.0 0.0 0.29424823771980857 0.37842775816895313 0.32732400411123835
9 349.0 0.0 -1.0 -1.0 -1.0 0.0 0.3157599519891496 0.34733220434594725 0.3369078436649033
9 350.0 0.0 -1.0 -1.0 -1.0 0.0 0.33159530743592003 0.31760131716085094 0.35080337540322903
9 351.0 0.0 -1.0 -1.0 -1.0 0.0 0.3386453113430411 0.2904693972597969 0.3708852913971619
9 352.0 0.0 -1.0 -1.0 -1.0 0.0 0.3465501983234247 0.29155227391620736 0.3618975277603678
9 353.0 0.0 -1.0 -1.0 -1.0 0.0 0.3674714829558199 0.29052781344666395 0.3420007035975161
9 354.0 0.0 -1.0 -1.0 -1.0 0.0 0.3492455349712471 0.3028552614122927 0.3478992036164601
9 355.0 0.0 -1.0 -1.0 -1.0 0.0 0.3300595032297779 0.3285333316191471 0.3414071651510751
9 356.0 0.0 -1.0 -1.0 -1.0 0.0 0.33833102541053217 0.33549565747491267 0.32617331711455505
9 357.0 0.0 -1.0 -1.0 -1.0 0.0 0.31858478801347934 0.345956808831067 0.33545840315545356
9 358.0 0.0 -1.0 -1.0 -1.0 0.0 0.3174972790055084 0.3650595135295172 0.31744320746497473
9 359.0 0.0 -1.0 -1.0 -1.0 0.0 0.30544326715518727 0.36202330492781654 0.33253342791699597
9 360.0 0.0 -1.0 -1.0 -1.0 0.0 0.3009189787093252 0.33425671808027324 0.36482430321040155
9 361.0 0.0 -1.0 -1.0 -1.0 0.0 0.3116742670106367 0.31560075811851085 0.3727249748708524
9 362.0 0.0 -1.0 -1.0 -1.0 0.0 0.31727847077476484 0.3216455023229664 0.3610760269022687
9 363.0 0.0 -1.0 -1.0 -1.0 0.0 0.30867556622244424 0.32758687784404855 0.3637375559335072
9 364.0 0.0 -1.0 -1.0 -1.0 0.0 0.30163410603328566 0.33660393667593325 0.3617619572907808
9 365.0 0.0 -1.0 -1.0 -1.0 0.0 0.3142828088580667 0.3660890881938531 0.31962810294808014
9 366.0 0.0 -1.0 -1.0 -1.0 0.0 0.32498944861273743 0.3544279327536263 0.32058261863363624
9 367.0 0.0 -1.0 -1.0 -1.0 0.0 0.32219134258559284 0.31894689275898935 0.35886176465541797
9 368.0 0.0 -1.0 -1.0 -1.0 0.0 0.3109002478099363 0.33013931791418794 0.35896043427587593
9 369.0 0.0 -1.0 -1.0 -1.0 0.0 0.3214638062496391 0.3214450964100342 0.35709109734032674
9 370.0 0.0 -1.0 -1.0 -1.0 0.0 0.326389617423307 0.32361914408394066 0.3499912384927524
9 371.0 0.0 -1.0 -1.0 -1.0 0.0 0.31657630731480246 0.33950925210571475 0.3439144405794829
9 372.0 0.0 -1.0 -1.0 -1.0 0.0 0.3221918901497666 0.3232817097313649 0.35452640011886866
9 373.0 0.0 -1.0 -1.0 -1.0 0.0 0.3277358007008177 0.3352607167316647 0.3370034825675176
9 374.0 0.0 -1.0 -1.0 -1.0 0.0 0.3190582641914478 0.33902825265775793 0.3419134831507941
9 375.0 0.0 -1.0 -1.0 -1.0 0.0 0.3090189606691755 0.35881148616041825 0.33216955317040653
9 376.0 0.0 -1.0 -1.0 -1.0 0.0 0.3123937016682824 0.35900511438508803 0.32860118394662957
9 377.0 0.0 -1.0 -1.0 -1.0 0.0 0.31864632827937345 0.3649376776529486 0.31641599406767806
9 378.0 0.0 -1.0 -1.0 -1.0 0.0 0.31698894832489577 0.35023230459384 0.33277874708126404
9 379.0 0.0 -1.0 -1.0 -1.0 0.0 0.3029354188378546 0.349878782150454 0.3471857990116915
9 380.0 0.0 -1.0 -1.0 -1.0 0.0 0.3220773079159345 0.3549176304610749 0.3230050616229904
9 381.0 0.0 -1.0 -1.0 -1.0 0.0 0.2967432108713085 0.3508089477600718 0.3524478413686195
9 382.0 0.0 -1.0 -1.0 -1.0 0.0 0.3155131281392414 0.33645006113763115 0.34803681072312714
9 383.0 0.0 -1.0 -1.0 -1.0 0.0 0.3286908056733803 0.3347239106501821 0.33658528367643775
9 384.0 0.0 -1.0 -1.0 -1.0 0.0 0.3198134851110845 0.34467299574924626 0.3355135191396692
9 385.0 0.0 -1.0 -1.0 -1.0 0.0 0.3167458616186407 0.3564855401404675 0.32676859824089177
9 386.0 0.0 -1.0 -1.0 -1.0 0.0 0.3164755765374487 0.3279795345110573 0.3555448889514938
9 387.0 0.0 -1.0 -1.0 -1.0 0.0 0.32740143187905885 0.3374329933901833 0.3351655747307578
9 388.0 0.0 -1.0 -1.0 -1.0 0.0 0.3359658151128376 0.33563310595742385 0.32840107892973863
9 389.0 0.0 -1.0 -1.0 -1.0 0.0 0.3376534451457877 0.3020173635607671 0.36032919129344526
9 390.0 0.0 -1.0 -1.0 -1.0 0.0 0.3383095050029135 0.32931259072034935 0.3323779042767371
9 391.0 0.0 -1.0 -1.0 -1.0 0.0 0.33334599677091087 0.34256116568213985 0.32409283754694923
9 392.0 0.0 -1.0 -1.0 -1.0 0.0 0.3119043140753475 0.3411438060789003 0.34695187984575193
9 393.0 0.0 -1.0 -1.0 -1.0 0.0 0.3219942524622988 0.3471368353178282 0.3308689122198728
9 394.0 0.0 -1.0 -1.0 -1.0 0.0 0.30883729177144287 0.3368937467993073 0.35426896142924974
9 395.0 0.0 -1.0 -1.0 -1.0 0.0 0.3114711288912263 0.36063692282911863 0.3278919482796549
9 396.0 0.0 -1.0 -1.0 -1.0 0.0 0.3189110737377266 0.34600059813985884 0.33508832812241457
9 397.0 0.0 -1.0 -1.0 -1.0 0.0 0.31031077742040597 0.34850344173770736 0.3411857808418867
9 398.0 0.0 -1.0 -1.0 -1.0 0.0 0.32025244407705683 0.3332565157031877 0.34649104021975563
9 399.0 0.0 -1.0 -1.0 -1.0 0.0 0.3206214946241509 0.3279112619574165 0.3514672434184326
9 400.0 0.0 -1.0 -1.0 -1.0 0.0 0.3473060937726435 0.3386097148535193 0.31408419137383725
9 401.0 0.0 -1.0 -1.0 -1.0 0.0 0.3485464213682055 0.3399214143160351 0.3115321643157594
9 402.0 0.0 -1.0 -1.0 -1.0 0.0 0.3401474796139663 0.35761269971502135 0.30223982067101235
9 403.0 0.0 -1.0 -1.0 -1.0 0.0 0.36068058295590655 0.32650467010543316 0.31281474693866046
9 404.0 0.0 -1.0 -1.0 -1.0 0.0 0.37589225448735164 0.32601853650366247 0.2980892090089863
9 405.0 0.0 -1.0 -1.0 -1.0 0.0 0.3556354599072849 0.32598324739978224 0.318381292692933
9 406.0 0.0 -1.0 -1.0 -1.0 0.0 0.3734853461294476 0.32080914074370726 0.3057055131268451
9 407.0 0.0 -1.0 -1.0 -1.0 0.0 0.38317444286344604 0.32893479867134806 0.2878907584652058
9 408.0 0.0 -1.0 -1.0 -1.0 0.0 0.3965465638814271 0.33136107598780823 0.27209236013076465
9 409.0 0.0 -1.0 -1.0 -1.0 0.0 0.3960534990288967 0.3256800007417497 0.2782665002293536
9 410.0 0.0 -1.0 -1.0 -1.0 0.0 0.3772747372388514 0.34643195178463954 0.2762933109765091
9 411.0 0.0 -1.0 -1.0 -1.0 0.0 0.3543128468839835 0.36680409745960607 0.27888305565641036
9 412.0 0.0 -1.0 -1.0 -1.0 0.0 0.3427058648253877 0.35456661751430785 0.30272751766030453
9 413.0 0.0 -1.0 -1.0 -1.0 0.0 0.34664329323197635 0.3486020985182979 0.30475460824972583
9 414.0 0.0 -1.0 -1.0 -1.0 0.0 0.3486509002218023 0.3459551617582522 0.3053939380199456
9 415.0 0.0 -1.0 -1.0 -1.0 0.0 0.34507085496475526 0.3499661953136878 0.30496294972155713
9 416.0 0.0 -1.0 -1.0 -1.0 0.0 0.34233991550186155 0.3590002835868988 0.2986598009112398
9 417.0 0.0 -1.0 -1.0 -1.0 0.0 0.34604325395494223 0.3592539773332677 0.29470276871179035
9 418.0 0.0 -1.0 -1.0 -1.0 0.0 0.3426192746423503 0.38091212673323804 0.2764685986244116
9 419.0 0.0 -1.0 -1.0 -1.0 0.0 0.3324368030102742 0.38176004209215664 0.28580315489756924
9 420.0 0.0 -1.0 -1.0 -1.0 0.0 0.33568779413751865 0.3665838648230878 0.2977283410393941
9 421.0 0.0 -1.0 -1.0 -1.0 0.0 0.34848244837665804 0.3576147607624196 0.2939027908609224
9 422.0 0.0 -1.0 -1.0 -1.0 0.0 0.33704603100387176 0.3758463753428824 0.28710759365324595
9 423.0 0.0 -1.0 -1.0 -1.0 0.0 0.3301980890415333 0.3441740229656565 0.32562788799281
9 424.0 0.0 -1.0 -1.0 -1.0 0.0 0.32101912102032104 0.3255365848159719 0.3534442941637069
9 425.0 0.0 -1.0 -1.0 -1.0 0.0 0.3375099425584419 0.33453434027325507 0.3279557171683029
9 426.0 0.0 -1.0 -1.0 -1.0 0.0 0.34010767169054085 0.3426080704069738 0.3172842579024854
9 427.0 0.0 -1.0 -1.0 -1.0 0.0 0.3542472873574357 0.3407069197155458 0.3050457929270189
9 428.0 0.0 -1.0 -1.0 -1.0 0.0 0.3446118058141443 0.3442125674051987 0.3111756267806572
9 429.0 0.0 -1.0 -1.0 -1.0 0.0 0.350476452324326 0.3410242383870626 0.3084993092886117
9 430.0 0.0 -1.0 -1.0 -1.0 0.0 0.37815937763173013 0.3288377194962612 0.29300290287200875
9 431.0 0.0 -1.0 -1.0 -1.0 0.0 0.32512188531017094 0.3412717673262783 0.3336063473635507
9 432.0 0.0 -1.0 -1.0 -1.0 0.0 0.34920859011925914 0.3391840212104813 0.3116073886702596
9 433.0 0.0 -1.0 -1.0 -1.0 0.0 0.3298580719608433 0.34672532701050524 0.32341660102865133
9 434.0 0.0 -1.0 -1.0 -1.0 0.0 0.33634821678305066 0.3313190099311537 0.3323327732857957
9 435.0 0.0 -1.0 -1.0 -1.0 0.0 0.33376414619291334 0.3371907299881747 0.32904512381891193
9 436.0 0.0 -1.0 -1.0 -1.0 0.0 0.30422726101650743 0.3178044407250006 0.3779682982584917
9 437.0 0.0 -1.0 -1.0 -1.0 0.0 0.3202032242044624 0.32236125552754025 0.3574355202679974
9 438.0 0.0 -1.0 -1.0 -1.0 0.0 0.326625913078397 0.3319228960199559 0.3414511909016471
9 439.0 0.0 -1.0 -1.0 -1.0 0.0 0.3124118431180592 0.3479084984680519 0.33967965841388886
9 440.0 0.0 -1.0 -1.0 -1.0 0.0 0.2804387005173681 0.34654965085874423 0.3730116486238876
9 441.0 0.0 -1.0 -1.0 -1.0 0.0 0.29048723998838616 0.3734799277988225 0.3360328322127914
9 442.0 0.0 -1.0 -1.0 -1.0 0.0 0.2807130862375842 0.37674509461259353 0.34254181914982235
9 443.0 0.0 -1.0 -1.0 -1.0 0.0 0.3259752402362588 0.34681940726223426 0.32720535250150695
9 444.0 0.0 -1.0 -1.0 -1.0 0.0 0.30387150823356246 0.37672368820284485 0.31940480356359247
9 445.0 0.0 -1.0 -1.0 -1.0 0.0 0.283783070256985 0.35460993946391156 0.3616069902791034
9 446.0 0.0 -1.0 -1.0 -1.0 0.0 0.29475822901762144 0.32247547187622333 0.3827662991061556
9 447.0 0.0 -1.0 -1.0 -1.0 0.0 0.3013556247832716 0.32417258874752514 0.37447178646920315
9 448.0 0.0 -1.0 -1.0 -1.0 0.0 0.3063297466689422 0.3059247447259045 0.3877455086051535
9 449.0 0.0 -1.0 -1.0 -1.0 0.0 0.3432912760423688 0.31430241379983614 0.34240631015779505
9 450.0 0.0 -1.0 -1.0 -1.0 0.0 0.31646151189840505 0.33738076267392814 0.34615772542766676
9 451.0 0.0 -1.0 -1.0 -1.0 0.0 0.3138421199471806 0.3512205071249517 0.3349373729278676
9 452.0 0.0 -1.0 -1.0 -1.0 0.0 0.32827719808258654 0.3619744497121941 0.3097483522052195
9 453.0 0.0 -1.0 -1.0 -1.0 0.0 0.3441748889435701 0.34706355685180135 0.30876155420462853
9 454.0 0.0 -1.0 -1.0 -1.0 0.0 0.35871638983681825 0.33163118749013293 0.3096524226730492
9 455.0 0.0 -1.0 -1.0 -1.0 0.0 0.38429447291944846 0.3371484938850176 0.2785570331955339
9 456.0 0.0 -1.0 -1.0 -1.0 0.0 0.3464749790346503 0.34891783892028166 0.304607182045068
9 457.0 0.0 -1.0 -1.0 -1.0 0.0 0.34849153059200655 0.3568449949582861 0.2946634744497073
9 458.0 0.0 -1.0 -1.0 -1.0 0.0 0.32319569185765173 0.36060737481903665 0.3161969333233116
9 459.0 0.0 -1.0 -1.0 -1.0 0.0 0.33537665268762906 0.34992109470621663 0.3147022526061545
9 460.0 0.0 -1.0 -1.0 -1.0 0.0 0.32702570080845556 0.3550653747446774 0.317908924446867
9 461.0 0.0 -1.0 -1.0 -1.0 0.0 0.282500360893369 0.3807304659287882 0.3367691731778429
9 462.0 0.0 -1.0 -1.0 -1.0 0.0 0.2958079781576912 0.3605478476481208 0.343644174194188
9 463.0 0.0 -1.0 -1.0 -1.0 0.0 0.3179511863416232 0.3472019705203382 0.3348468431380385
9 464.0 0.0 -1.0 -1.0 -1.0 0.0 0.327311945346338 0.3432265506206258 0.32946150403303626
9 465.0 0.0 -1.0 -1.0 -1.0 0.0 0.3201258910677644 0.33913791919172404 0.3407361897405115
9 466.0 0.0 -1.0 -1.0 -1.0 0.0 0.31408636711879473 0.33283406496304446 0.35307956791816075
9 467.0 0.0 -1.0 -1.0 -1.0 0.0 0.3240685282897537 0.32717821526167595 0.3487532564485703
9 468.0 0.0 -1.0 -1.0 -1.0 0.0 0.313593465989371 0.336968178167088 0.34943835584354105
9 469.0 0.0 -1.0 -1.0 -1.0 0.0 0.3041227762353276 0.33411421056030194 0.36176301320437043
9 470.0 0.0 -1.0 -1.0 -1.0 0.0 0.30081459839749164 0.33761559216575804 0.3615698094367504
9 471.0 0.0 -1.0 -1.0 -1.0 0.0 0.2995017716519348 0.3268182157596551 0.37368001258841005
9 472.0 0.0 -1.0 -1.0 -1.0 0.0 0.29199099843173926 0.32255442871553924 0.38545457285272156
9 473.0 0.0 -1.0 -1.0 -1.0 0.0 0.29993532452356086 0.33148982362460017 0.368574851851839
9 474.0 0.0 -1.0 -1.0 -1.0 0.0 0.3071818361197981 0.33788387529168695 0.3549342885885149
9 475.0 0.0 -1.0 -1.0 -1.0 0.0 0.2968778405560917 0.34909647529065607 0.3540256841532521
9 476.0 0.0 -1.0 -1.0 -1.0 0.0 0.2751034052566524 0.37085364498806755 0.35404294975527995
9 477.0 0.0 -1.0 -1.0 -1.0 0.0 0.2985491418606074 0.3512789374949503 0.350171920644442
9 478.0 0.0 -1.0 -1.0 -1.0 0.0 0.2990545486439209 0.35677869349438246 0.3441667578616968
9 479.0 0.0 -1.0 -1.0 -1.0 0.0 0.3175826354299043 0.35238788383341463 0.3300294807366811
9 480.0 0.0 -1.0 -1.0 -1.0 0.0 0.33062612185561235 0.33928456674635493 0.330089311398033
9 481.0 0.0 -1.0 -1.0 -1.0 0.0 0.3361654449423642 0.34596770604460586 0.31786684901302986
9 482.0 0.0 -1.0 -1.0 -1.0 0.0 0.34247531912281937 0.32973747376358653 0.3277872071135941
9 483.0 0.0 -1.0 -1.0 -1.0 0.0 0.35198642746710823 0.33130464207215143 0.31670893046074033
9 484.0 0.0 -1.0 -1.0 -1.0 0.0 0.354344934385742 0.3161309713489413 0.32952409426531665
9 485.0 0.0 -1.0 -1.0 -1.0 0.0 0.2859007962852424 0.3450334537834051 0.3690657499313523
9 486.0 0.0 -1.0 -1.0 -1.0 0.0 0.3138443841148227 0.3264978356218306 0.35965778026334666
9 487.0 0.0 -1.0 -1.0 -1.0 0.0 0.30276740466625063 0.3316653505366067 0.36556724479714253
9 488.0 0.0 -1.0 -1.0 -1.0 0.0 0.3004850074070978 0.355141755779689 0.3443732368132133
9 489.0 0.0 -1.0 -1.0 -1.0 0.0 0.3048310455868024 0.33815475750915736 0.3570141969040402
9 490.0 0.0 -1.0 -1.0 -1.0 0.0 0.30912438454923585 0.35343094135750747 0.33744467409325657
9 491.0 0.0 -1.0 -1.0 -1.0 0.0 0.3349356678018542 0.31693591185550685 0.3481284203426387
9 492.0 0.0 -1.0 -1.0 -1.0 0.0 0.3285313752900392 0.31097668378585835 0.3604919409241023
9 493.0 0.0 -1.0 -1.0 -1.0 0.0 0.3350887814254393 0.2974347553724546 0.3674764632021059
9 494.0 0.0 -1.0 -1.0 -1.0 0.0 0.3164401549500874 0.28011237016246227 0.4034474748874502
9 495.0 0.0 -1.0 -1.0 -1.0 0.0 0.2859179528663035 0.31220192000023717 0.401880127133459
9 496.0 0.0 -1.0 -1.0 -1.0 0.0 0.28742958706066035 0.3255367064916526 0.387033706447687
9 497.0 0.0 -1.0 -1.0 -1.0 0.0 0.3120689297989018 0.3407420930269017 0.3471889771741962
9 498.0 0.0 -1.0 -1.0 -1.0 0.0 0.3346978090630958 0.30011176045872107 0.36519043047818317
9 499.0 0.0 -1.0 -1.0 -1.0 0.0 0.3398672404544616 0.33598466069393806 0.3241480988516007
9 500.0 0.0 -1.0 -1.0 -1.0 0.0 0.35887744444459097 0.32935027168760017 0.3117722838678088
9 501.0 0.0 -1.0 -1.0 -1.0 0.0 0.3591038317562248 0.31367347927152534 0.3272226889722497
9 502.0 0.0 -1.0 -1.0 -1.0 0.0 0.37153048947761824 0.3105634491343549 0.3179060613880267
9 503.0 0.0 -1.0 -1.0 -1.0 0.0 0.3344092537342723 0.3144428555855166 0.3511478906802112
9 504.0 0.0 -1.0 -1.0 -1.0 0.0 0.3206006670850805 0.34806451851680814 0.33133481439811135
9 505.0 0.0 -1.0 -1.0 -1.0 0.0 0.32423943106052866 0.32420423633921497 0.35155633260025615
9 506.0 0.0 -1.0 -1.0 -1.0 0.0 0.32603394776693356 0.3389561900431409 0.33500986218992546
9 507.0 0.0 -1.0 -1.0 -1.0 0.0 0.31534232854915306 0.3332982350135477 0.351359436437299
9 508.0 0.0 -1.0 -1.0 -1.0 0.0 0.2860025677996358 0.3426919398186856 0.37130549238167854
9 509.0 0.0 -1.0 -1.0 -1.0 0.0 0.2883652935255056 0.3280541671008556 0.3835805393736387
9 510.0 0.0 -1.0 -1.0 -1.0 0.0 0.3063387367723866 0.3415314107085748 0.3521298525190386
9 511.0 0.0 -1.0 -1.0 -1.0 0.0 0.3235716192598019 0.31458441029300677 0.3618439704471914
9 512.0 0.0 -1.0 -1.0 -1.0 0.0 0.32595758805221964 0.32074755482213363 0.3532948571256471
9 513.0 0.0 -1.0 -1.0 -1.0 0.0 0.31906356049890944 0.31320769751682076 0.36772874198426964
9 514.0 0.0 -1.0 -1.0 -1.0 0.0 0.33001533775569697 0.31901793571178644 0.3509667265325166
9 515.0 0.0 -1.0 -1.0 -1.0 0.0 0.3415610475242298 0.31327223858182385 0.34516671389394643
9 516.0 0.0 -1.0 -1.0 -1.0 0.0 0.3496972385829827 0.3008232708853216 0.34947949053169575
9 517.0 0.0 -1.0 -1.0 -1.0 0.0 0.3390850723768073 0.31795173623036255 0.34296319139283027
9 518.0 0.0 -1.0 -1.0 -1.0 0.0 0.33491036312801165 0.3255338681355926 0.3395557687363959
9 519.0 0.0 -1.0 -1.0 -1.0 0.0 0.34692761327346333 0.32924991267969245 0.3238224740468441
9 520.0 0.0 -1.0 -1.0 -1.0 0.0 0.3130379922104718 0.3646586445718591 0.322303363217669
9 521.0 0.0 -1.0 -1.0 -1.0 0.0 0.3313089958682432 0.3244401204774355 0.34425088365432144
9 522.0 0.0 -1.0 -1.0 -1.0 0.0 0.35508345015827986 0.30688276697566713 0.338033782866053
9 523.0 0.0 -1.0 -1.0 -1.0 0.0 0.35931929584384953 0.28891557371448323 0.351765130441667
9 524.0 0.0 -1.0 -1.0 -1.0 0.0 0.32852493266999316 0.2956881940079913 0.37578687332201555
9 525.0 0.0 -1.0 -1.0 -1.0 0.0 0.3234590739560618 0.3294774182962819 0.3470635077476566
9 526.0 0.0 -1.0 -1.0 -1.0 0.0 0.3424475179857008 0.3318835941858472 0.325668887828452
9 527.0 0.0 -1.0 -1.0 -1.0 0.0 0.33137892169300953 0.32149920471445875 0.34712187359253194
9 528.0 0.0 -1.0 -1.0 -1.0 0.0 0.3204453303130006 0.3125790368393395 0.3669756328476599
9 529.0 0.0 -1.0 -1.0 -1.0 0.0 0.3264548613074375 0.32175486186990865 0.3517902768226539
9 530.0 0.0 -1.0 -1.0 -1.0 0.0 0.3251126075266571 0.3240478107585437 0.35083958171479906
9 531.0 0.0 -1.0 -1.0 -1.0 0.0 0.3281397041410761 0.32579361309646065 0.3460666827624634
9 532.0 0.0 -1.0 -1.0 -1.0 0.0 0.33758866272983956 0.3331581975454394 0.3292531397247211
9 533.0 0.0 -1.0 -1.0 -1.0 0.0 0.34940080291249914 0.3248403096353213 0.3257588874521797
9 534.0 0.0 -1.0 -1.0 -1.0 0.0 0.35690040945233387 0.31120457500469956 0.33189501554296647
9 535.0 0.0 -1.0 -1.0 -1.0 0.0 0.34161259955160905 0.33232265605945854 0.32606474438893224
9 536.0 0.0 -1.0 -1.0 -1.0 0.0 0.35293270086919243 0.32389134981589757 0.3231759493149099
9 537.0 0.0 -1.0 -1.0 -1.0 0.0 0.3379878859939286 0.33799652376628836 0.32401559023978316
9 538.0 0.0 -1.0 -1.0 -1.0 0.0 0.3253272568738219 0.3252090459572805 0.34946369716889736
9 539.0 0.0 -1.0 -1.0 -1.0 0.0 0.32581634126963094 0.3191695783558538 0.3550140803745152
9 540.0 0.0 -1.0 -1.0 -1.0 0.0 0.3626237890636464 0.2901380621781849 0.34723814875816894
9 541.0 0.0 -1.0 -1.0 -1.0 0.0 0.38357457625951186 0.28390453766311585 0.33252088607737235
9 542.0 0.0 -1.0 -1.0 -1.0 0.0 0.3918192341556575 0.27511752105129805 0.3330632447930444
9 543.0 0.0 -1.0 -1.0 -1.0 0.0 0.38414654623491357 0.27812828271392187 0.3377251710511646
9 544.0 0.0 -1.0 -1.0 -1.0 0.0 0.3928155281064489 0.27763747602678107 0.32954699586676994
9 545.0 0.0 -1.0 -1.0 -1.0 0.0 0.35973135379709126 0.2893305426102409 0.35093810359266775
9 546.0 0.0 -1.0 -1.0 -1.0 0.0 0.3648788732887803 0.2774030529395988 0.35771807377162096
9 547.0 0.0 -1.0 -1.0 -1.0 0.0 0.3498755243120815 0.2779511916117203 0.372173284076198
9 548.0 0.0 -1.0 -1.0 -1.0 0.0 0.3492288107371504 0.306631692796282 0.34413949646656744
9 549.0 0.0 -1.0 -1.0 -1.0 0.0 0.33459258962819 0.2966296350601985 0.3687777753116116
9 550.0 0.0 -1.0 -1.0 -1.0 0.0 0.33653473583172944 0.3066937468567968 0.3567715173114739
9 551.0 0.0 -1.0 -1.0 -1.0 0.0 0.3435151868200663 0.3035099093197353 0.3529749038601986
9 552.0 0.0 -1.0 -1.0 -1.0 0.0 0.316419691322711 0.3328909240781433 0.3506893845991456
9 553.0 0.0 -1.0 -1.0 -1.0 0.0 0.3205240853149449 0.3442660649244488 0.3352098497606062
9 554.0 0.0 -1.0 -1.0 -1.0 0.0 0.3205589071510376 0.3337072281555173 0.3457338646934454
9 555.0 0.0 -1.0 -1.0 -1.0 0.0 0.31695999298822325 0.36022052539656785 0.32281948161520885
9 556.0 0.0 -1.0 -1.0 -1.0 0.0 0.3218623652717426 0.33227546222430004 0.3458621725039572
9 557.0 0.0 -1.0 -1.0 -1.0 0.0 0.3211644553131693 0.3411758976919066 0.33765964699492435
9 558.0 0.0 -1.0 -1.0 -1.0 0.0 0.31172416595047625 0.34197657847631197 0.3462992555732117
9 559.0 0.0 -1.0 -1.0 -1.0 0.0 0.3191839282587858 0.3420529006415128 0.33876317109970133
9 560.0 0.0 -1.0 -1.0 -1.0 0.0 0.3372540673012371 0.3232708306923314 0.3394751020064316
9 561.0 0.0 -1.0 -1.0 -1.0 0.0 0.3480017478160508 0.30867721881162924 0.34332103337232
9 562.0 0.0 -1.0 -1.0 -1.0 0.0 0.3259483957118914 0.34617046717891325 0.32788113710919525
9 563.0 0.0 -1.0 -1.0 -1.0 0.0 0.3069529870375529 0.35867386162460396 0.33437315133784323
9 564.0 0.0 -1.0 -1.0 -1.0 0.0 0.304923596853863 0.36255844928811176 0.3325179538580252
9 565.0 0.0 -1.0 -1.0 -1.0 0.0 0.29289838087507675 0.3566172150738054 0.35048440405111764
9 566.0 0.0 -1.0 -1.0 -1.0 0.0 0.29789596132376056 0.35622513554526136 0.34587890313097785
9 567.0 0.0 -1.0 -1.0 -1.0 0.0 0.3240843445406938 0.34269175220273296 0.33322390325657325
9 568.0 0.0 -1.0 -1.0 -1.0 0.0 0.34623660736498757 0.3319306552949056 0.3218327373401069
9 569.0 0.0 -1.0 -1.0 -1.0 0.0 0.3410259130895888 0.34718373463606045 0.3117903522743507
9 570.0 0.0 -1.0 -1.0 -1.0 0.0 0.3163392208244381 0.3509982835532274 0.33266249562233463
9 571.0 0.0 -1.0 -1.0 -1.0 0.0 0.3134027336216485 0.36324444143370244 0.32335282494464906
9 572.0 0.0 -1.0 -1.0 -1.0 0.0 0.32557379437644085 0.3600725719867824 0.314353633636777
9 573.0 0.0 -1.0 -1.0 -1.0 0.0 0.32633747378506295 0.33567478629921 0.33798773991572695
9 574.0 0.0 -1.0 -1.0 -1.0 0.0 0.33283742800706256 0.31751487113674776 0.34964770085618957
9 575.0 0.0 -1.0 -1.0 -1.0 0.0 0.33906511264676786 0.3074905951869288 0.3534442921663034
9 576.0 0.0 -1.0 -1.0 -1.0 0.0 0.3398131581219264 0.3078822260718571 0.35230461580621664
9 577.0 0.0 -1.0 -1.0 -1.0 0.0 0.3470894871466339 0.30575876967704135 0.3471517431763248
9 578.0 0.0 -1.0 -1.0 -1.0 0.0 0.35949885469779036 0.31661476017563944 0.3238863851265701
9 579.0 0.0 -1.0 -1.0 -1.0 0.0 0.3380354938839447 0.3476773025506111 0.3142872035654443
9 580.0 0.0 -1.0 -1.0 -1.0 0.0 0.34540513268256107 0.34110125216202747 0.31349361515541174
9 581.0 0.0 -1.0 -1.0 -1.0 0.0 0.31288953170977385 0.3555537719571341 0.3315566963330923
9 582.0 0.0 -1.0 -1.0 -1.0 0.0 0.32496235271846063 0.322058570677669 0.3529790766038704
9 583.0 0.0 -1.0 -1.0 -1.0 0.0 0.32905432440756693 0.30439279630905 0.3665528792833832
9 584.0 0.0 -1.0 -1.0 -1.0 0.0 0.3512317942510452 0.31826573781154255 0.330502467937412
9 585.0 0.0 -1.0 -1.0 -1.0 0.0 0.3152473236332445 0.32118999719071295 0.36356267917604235
9 586.0 0.0 -1.0 -1.0 -1.0 0.0 0.2987333437801447 0.33831686223475316 0.36294979398510185
9 587.0 0.0 -1.0 -1.0 -1.0 0.0 0.31443188302386116 0.3482233464640426 0.3373447705120961
9 588.0 0.0 -1.0 -1.0 -1.0 0.0 0.34212081139996925 0.3621208987314638 0.295758289868567
9 589.0 0.0 -1.0 -1.0 -1.0 0.0 0.3569705377842473 0.3458210134531668 0.2972084487625858
9 590.0 0.0 -1.0 -1.0 -1.0 0.0 0.3391862363686019 0.35583792269523207 0.304975840936166
9 591.0 0.0 -1.0 -1.0 -1.0 0.0 0.3645352280272801 0.338962954112254 0.2965018178604659
9 592.0 0.0 -1.0 -1.0 -1.0 0.0 0.33944243373317984 0.33999470815101723 0.32056285811580293
9 593.0 0.0 -1.0 -1.0 -1.0 0.0 0.31102582649024485 0.3486665878700599 0.3403075856396952
9 594.0 0.0 -1.0 -1.0 -1.0 0.0 0.3203252720059975 0.34710810640441925 0.33256662158958333
9 595.0 0.0 -1.0 -1.0 -1.0 0.0 0.30575369199806884 0.3464077350442778 0.34783857295765314
9 596.0 0.0 -1.0 -1.0 -1.0 0.0 0.2972851159145334 0.3729081618820906 0.32980672220337537
9 597.0 0.0 -1.0 -1.0 -1.0 0.0 0.3442142718308563 0.3367175147909339 0.31906821337820973
9 598.0 0.0 -1.0 -1.0 -1.0 0.0 0.3409897305142394 0.3374088476581265 0.321601421827634
9 599.0 0.0 -1.0 -1.0 -1.0 0.0 0.33306793901530685 0.35757255793961806 0.30935950304507515
9 600.0 0.0 -1.0 -1.0 -1.0 0.0 0.33160187676036196 0.33444677140712414 0.33395135183251384
9 601.0 0.0 -1.0 -1.0 -1.0 0.0 0.31606118457642657 0.3438907598755426 0.3400480555480309
9 602.0 0.0 -1.0 -1.0 -1.0 0.0 0.32599525327924744 0.34639907537511516 0.3276056713456377
9 603.0 0.0 -1.0 -1.0 -1.0 0.0 0.3077535657179564 0.366474280885759 0.32577215339628446
9 604.0 0.0 -1.0 -1.0 -1.0 0.0 0.32036945121712157 0.38571217008717434 0.29391837869570436
9 605.0 0.0 -1.0 -1.0 -1.0 0.0 0.31577725329367246 0.35973829721641826 0.3244844494899092
9 606.0 0.0 -1.0 -1.0 -1.0 0.0 0.303647331406087 0.3513221474229553 0.3450305211709575
9 607.0 0.0 -1.0 -1.0 -1.0 0.0 0.31178023450133435 0.3533151512930748 0.3349046142055908
9 608.0 0.0 -1.0 -1.0 -1.0 0.0 0.30695657209191785 0.35104655021361597 0.3419968776944664
9 609.0 0.0 -1.0 -1.0 -1.0 0.0 0.3080964361664404 0.35856840452293015 0.33333515931062946
9 610.0 0.0 -1.0 -1.0 -1.0 0.0 0.33560602555821034 0.33998121428616507 0.32441276015562454
9 611.0 0.0 -1.0 -1.0 -1.0 0.0 0.3128729554799559 0.3511183373303686 0.3360087071896757
9 612.0 0.0 -1.0 -1.0 -1.0 0.0 0.30702400314928807 0.3500972131581417 0.34287878369257013
9 613.0 0.0 -1.0 -1.0 -1.0 0.0 0.30884767642044475 0.3846397836282722 0.30651253995128275
9 614.0 0.0 -1.0 -1.0 -1.0 0.0 0.33251696584111806 0.3623054277344753 0.30517760642440667
9 615.0 0.0 -1.0 -1.0 -1.0 0.0 0.3325870160145933 0.37491252470543673 0.2925004592799701
9 616.0 0.0 -1.0 -1.0 -1.0 0.0 0.3383966236051238 0.35749411756383304 0.304109258831043
9 617.0 0.0 -1.0 -1.0 -1.0 0.0 0.3310385364367361 0.3635253227669883 0.3054361407962755
9 618.0 0.0 -1.0 -1.0 -1.0 0.0 0.317284025928711 0.3575984443522605 0.3251175297190288
9 619.0 0.0 -1.0 -1.0 -1.0 0.0 0.33144824093297665 0.3132483591273348 0.3553033999396885
9 620.0 0.0 -1.0 -1.0 -1.0 0.0 0.32970957606108997 0.3227603241959762 0.3475300997429334
9 621.0 0.0 -1.0 -1.0 -1.0 0.0 0.31198192011098397 0.3511344717494459 0.3368836081395704
9 622.0 0.0 -1.0 -1.0 -1.0 0.0 0.32906053991726303 0.3310693130027942 0.3398701470799427
9 623.0 0.0 -1.0 -1.0 -1.0 0.0 0.34809804036782366 0.3491258786055041 0.30277608102667214
9 624.0 0.0 -1.0 -1.0 -1.0 0.0 0.3544851320360393 0.3501110907242454 0.2954037772397155
9 625.0 0.0 -1.0 -1.0 -1.0 0.0 0.3445572252237469 0.3689305225282811 0.2865122522479718
9 626.0 0.0 -1.0 -1.0 -1.0 0.0 0.3323523283383464 0.37909812943533366 0.2885495422263199
9 627.0 0.0 -1.0 -1.0 -1.0 0.0 0.3163886353786329 0.4158041929724039 0.26780717164896356
9 628.0 0.0 -1.0 -1.0 -1.0 0.0 0.32932658650687047 0.3835926821618877 0.2870807313312417
9 629.0 0.0 -1.0 -1.0 -1.0 0.0 0.30837365337023626 0.4074492056502055 0.28417714097955804
9 630.0 0.0 -1.0 -1.0 -1.0 0.0 0.3026367260890968 0.3844043170386523 0.3129589568722509
9 631.0 0.0 -1.0 -1.0 -1.0 0.0 0.31834529968574776 0.36715916958249883 0.3144955307317532
9 632.0 0.0 -1.0 -1.0 -1.0 0.0 0.32554787116732414 0.35668539740752014 0.3177667314251559
9 633.0 0.0 -1.0 -1.0 -1.0 0.0 0.31768825910404563 0.3470940271377372 0.33521771375821713
9 634.0 0.0 -1.0 -1.0 -1.0 0.0 0.28791780103542325 0.3568529540827321 0.3552292448818446
9 635.0 0.0 -1.0 -1.0 -1.0 0.0 0.29197319395947585 0.35497774680716726 0.3530490592333569
9 636.0 0.0 -1.0 -1.0 -1.0 0.0 0.2969307876102625 0.33069367330930644 0.3723755390804309
9 637.0 0.0 -1.0 -1.0 -1.0 0.0 0.30626353272633766 0.36294151499816374 0.3307949522754987
9 638.0 0.0 -1.0 -1.0 -1.0 0.0 0.3344152836647175 0.346721959354222 0.3188627569810605
9 639.0 0.0 -1.0 -1.0 -1.0 0.0 0.34593888378023474 0.33473725666268306 0.31932385955708215
9 640.0 0.0 -1.0 -1.0 -1.0 0.0 0.35013268270781084 0.32821583357180445 0.32165148372038466
9 641.0 0.0 -1.0 -1.0 -1.0 0.0 0.3444038427961304 0.34886344114322176 0.30673271606064767
9 642.0 0.0 -1.0 -1.0 -1.0 0.0 0.32465898008076083 0.3631755755820395 0.31216544433719984
9 643.0 0.0 -1.0 -1.0 -1.0 0.0 0.3121440307445884 0.38515561844162893 0.3027003508137827
9 644.0 0.0 -1.0 -1.0 -1.0 0.0 0.3279007114643411 0.3847988816735273 0.2873004068621313
9 645.0 0.0 -1.0 -1.0 -1.0 0.0 0.30796232064578694 0.40325445746921673 0.2887832218849961
9 646.0 0.0 -1.0 -1.0 -1.0 0.0 0.3002790187825723 0.3793508556564958 0.32037012556093186
9 647.0 0.0 -1.0 -1.0 -1.0 0.0 0.3295291934497024 0.37519415496209296 0.2952766515882045
9 648.0 0.0 -1.0 -1.0 -1.0 0.0 0.3521906998051159 0.3697361528226025 0.27807314737228156
9 649.0 0.0 -1.0 -1.0 -1.0 0.0 0.32967862420578703 0.3500751171484705 0.32024625864574224
9 650.0 0.0 -1.0 -1.0 -1.0 0.0 0.3443071355570503 0.3399048590126754 0.31578800543027435
9 651.0 0.0 -1.0 -1.0 -1.0 0.0 0.34223686126880376 0.35872514874531625 0.2990379899858797
9 652.0 0.0 -1.0 -1.0 -1.0 0.0 0.3381216216142225 0.34976233634182924 0.3121160420439482
9 653.0 0.0 -1.0 -1.0 -1.0 0.0 0.3543364624627629 0.34817446004715585 0.297489077490081
9 654.0 0.0 -1.0 -1.0 -1.0 0.0 0.3255629571185887 0.3589042665637762 0.3155327763176354
9 655.0 0.0 -1.0 -1.0 -1.0 0.0 0.3256532350303169 0.36261108089183325 0.31173568407784974
9 656.0 0.0 -1.0 -1.0 -1.0 0.0 0.33742505011505597 0.3486631853933676 0.3139117644915765
9 657.0 0.0 -1.0 -1.0 -1.0 0.0 0.3264370114925538 0.35031488547929324 0.32324810302815316
9 658.0 0.0 -1.0 -1.0 -1.0 0.0 0.3579053736950233 0.3357472700060947 0.30634735629888216
9 659.0 0.0 -1.0 -1.0 -1.0 0.0 0.3520254652429749 0.3297835559726353 0.3181909787843899
9 660.0 0.0 -1.0 -1.0 -1.0 0.0 0.34866328157560955 0.32645885037385514 0.3248778680505353
9 661.0 0.0 -1.0 -1.0 -1.0 0.0 0.3827325904379648 0.32513141667100676 0.2921359928910284
9 662.0 0.0 -1.0 -1.0 -1.0 0.0 0.36946855748789337 0.32617592686373653 0.3043555156483702
9 663.0 0.0 -1.0 -1.0 -1.0 0.0 0.3834172905197495 0.3223756942568239 0.2942070152234263
9 664.0 0.0 -1.0 -1.0 -1.0 0.0 0.36620901020767255 0.33195627252653653 0.3018347172657909
9 665.0 0.0 -1.0 -1.0 -1.0 0.0 0.34858068113693896 0.3444736958556268 0.3069456230074344
9 666.0 0.0 -1.0 -1.0 -1.0 0.0 0.35952780087198133 0.339721195733649 0.3007510033943696
9 667.0 0.0 -1.0 -1.0 -1.0 0.0 0.34826002790799376 0.3378451692051116 0.31389480288689464
9 668.0 0.0 -1.0 -1.0 -1.0 0.0 0.3498869597570147 0.3247094547411946 0.3254035855017907
9 669.0 0.0 -1.0 -1.0 -1.0 0.0 0.35339590936149823 0.32854267275833976 0.31806141788016207
9 670.0 0.0 -1.0 -1.0 -1.0 0.0 0.3342032088220684 0.32705239553588195 0.3387443956420497
9 671.0 0.0 -1.0 -1.0 -1.0 0.0 0.32109635394619934 0.3063996652556305 0.37250398079816976
9 672.0 0.0 -1.0 -1.0 -1.0 0.0 0.330059202987573 0.2989710566971296 0.37096974031529734
9 673.0 0.0 -1.0 -1.0 -1.0 0.0 0.3481096759098803 0.3290419825034182 0.32284834158670145
9 674.0 0.0 -1.0 -1.0 -1.0 0.0 0.3236764131757584 0.33752448867302576 0.33879909815121595
9 675.0 0.0 -1.0 -1.0 -1.0 0.0 0.35397170668952377 0.3287892625096884 0.31723903080078786
9 676.0 0.0 -1.0 -1.0 -1.0 0.0 0.38129543488254497 0.3128555867507211 0.30584897836673414
9 677.0 0.0 -1.0 -1.0 -1.0 0.0 0.36365428832532304 0.3125912647047511 0.3237544469699261
9 678.0 0.0 -1.0 -1.0 -1.0 0.0 0.36905863128295857 0.301903190070864 0.3290381786461775
9 679.0 0.0 -1.0 -1.0 -1.0 0.0 0.3693411518857903 0.3133902390488887 0.3172686090653211
9 680.0 0.0 -1.0 -1.0 -1.0 0.0 0.3782556683785018 0.31474402715048216 0.30700030447101573
9 681.0 0.0 -1.0 -1.0 -1.0 0.0 0.36358759027406173 0.3245869166823681 0.31182549304357
9 682.0 0.0 -1.0 -1.0 -1.0 0.0 0.35165778047855617 0.3424275532983968 0.30591466622304725
9 683.0 0.0 -1.0 -1.0 -1.0 0.0 0.33659405246881235 0.3517446026480113 0.31166134488317637
9 684.0 0.0 -1.0 -1.0 -1.0 0.0 0.33505528103600407 0.34887740832357605 0.31606731064041993
9 685.0 0.0 -1.0 -1.0 -1.0 0.0 0.35220720155966867 0.3366024023117388 0.31119039612859256
9 686.0 0.0 -1.0 -1.0 -1.0 0.0 0.33773483875259624 0.33088380801451156 0.3313813532328925
9 687.0 0.0 -1.0 -1.0 -1.0 0.0 0.31125915010481064 0.36983662339514745 0.3189042265000419
9 688.0 0.0 -1.0 -1.0 -1.0 0.0 0.31619793213685077 0.3639072849500864 0.3198947829130626
9 689.0 0.0 -1.0 -1.0 -1.0 0.0 0.31044662710711246 0.34175353409460457 0.34779983879828313
9 690.0 0.0 -1.0 -1.0 -1.0 0.0 0.33244008625518456 0.3238131241221753 0.34374678962264016
9 691.0 0.0 -1.0 -1.0 -1.0 0.0 0.3544004773572427 0.320066760158677 0.3255327624840802
9 692.0 0.0 -1.0 -1.0 -1.0 0.0 0.33632883178389855 0.3158905378919069 0.3477806303241948
9 693.0 0.0 -1.0 -1.0 -1.0 0.0 0.31238044375592317 0.3350508141154775 0.35256874212859957
9 694.0 0.0 -1.0 -1.0 -1.0 0.0 0.3105765404696313 0.3395709103891737 0.349852549141195
9 695.0 0.0 -1.0 -1.0 -1.0 0.0 0.3371366209553134 0.3156156604417287 0.34724771860295817
9 696.0 0.0 -1.0 -1.0 -1.0 0.0 0.37925839986162835 0.29006925509803577 0.33067234504033577
9 697.0 0.0 -1.0 -1.0 -1.0 0.0 0.37456151748000655 0.30053873124428515 0.32489975127570836
9 698.0 0.0 -1.0 -1.0 -1.0 0.0 0.36426577480209943 0.3030304019831932 0.3327038232147073
9 699.0 0.0 -1.0 -1.0 -1.0 0.0 0.33342088287398475 0.33947910872256304 0.3271000084034521
9 700.0 0.0 -1.0 -1.0 -1.0 0.0 0.3337998501092666 0.33085250467516963 0.3353476452155638
9 701.0 0.0 -1.0 -1.0 -1.0 0.0 0.33285759697465656 0.34626797371626883 0.32087442930907484
9 702.0 0.0 -1.0 -1.0 -1.0 0.0 0.3323250315006354 0.3747711314239359 0.2929038370754288
9 703.0 0.0 -1.0 -1.0 -1.0 0.0 0.33470478755577887 0.3805559959623859 0.2847392164818351
9 704.0 0.0 -1.0 -1.0 -1.0 0.0 0.33693604575207836 0.3523616059011024 0.3107023483468192
9 705.0 0.0 -1.0 -1.0 -1.0 0.0 0.31494691803622255 0.35839210889944545 0.326660973064332
9 706.0 0.0 -1.0 -1.0 -1.0 0.0 0.2993676398242898 0.35746091050413914 0.34317144967157104
9 707.0 0.0 -1.0 -1.0 -1.0 0.0 0.3163606989290299 0.3444360037322449 0.3392032973387251
9 708.0 0.0 -1.0 -1.0 -1.0 0.0 0.3116251314842804 0.34734596825670877 0.3410289002590108
9 709.0 0.0 -1.0 -1.0 -1.0 0.0 0.33235385962020836 0.331472020440053 0.33617411993973867
9 710.0 0.0 -1.0 -1.0 -1.0 0.0 0.3540237624232926 0.3124135712631286 0.3335626663135786
9 711.0 0.0 -1.0 -1.0 -1.0 0.0 0.3479062587186283 0.3157804875245093 0.3363132537568622
9 712.0 0.0 -1.0 -1.0 -1.0 0.0 0.35848795786198556 0.3225117420670285 0.3190003000709859
9 713.0 0.0 -1.0 -1.0 -1.0 0.0 0.35853514485973165 0.33750407008773864 0.30396078505252994
9 714.0 0.0 -1.0 -1.0 -1.0 0.0 0.3778064737434055 0.31305978012762575 0.3091337461289689
9 715.0 0.0 -1.0 -1.0 -1.0 0.0 0.35274438165694827 0.34321380677016067 0.30404181157289106
9 716.0 0.0 -1.0 -1.0 -1.0 0.0 0.3389706232352056 0.33873512425078806 0.3222942525140064
9 717.0 0.0 -1.0 -1.0 -1.0 0.0 0.3326210877639636 0.3238212394546855 0.34355767278135113
9 718.0 0.0 -1.0 -1.0 -1.0 0.0 0.32723691348229933 0.33539673107860163 0.3373663554390991
9 719.0 0.0 -1.0 -1.0 -1.0 0.0 0.32360115509231085 0.3529360839269422 0.32346276098074705
9 720.0 0.0 -1.0 -1.0 -1.0 0.0 0.3060335855780804 0.3428646373731077 0.351101777048812
9 721.0 0.0 -1.0 -1.0 -1.0 0.0 0.2992301148991847 0.3569269505830185 0.34384293451779707
9 722.0 0.0 -1.0 -1.0 -1.0 0.0 0.307858138306612 0.3889642842861968 0.30317757740719137
9 723.0 0.0 -1.0 -1.0 -1.0 0.0 0.3097155343493629 0.39287724657003764 0.29740721908059947
9 724.0 0.0 -1.0 -1.0 -1.0 0.0 0.2837654325316836 0.42247333893894334 0.2937612285293729
9 725.0 0.0 -1.0 -1.0 -1.0 0.0 0.30849280697839876 0.3864277632834746 0.30507942973812663
9 726.0 0.0 -1.0 -1.0 -1.0 0.0 0.29695230416876 0.40318338168621815 0.299864314145022
9 727.0 0.0 -1.0 -1.0 -1.0 0.0 0.2901833853108602 0.3847216061757663 0.3250950085133735
9 728.0 0.0 -1.0 -1.0 -1.0 0.0 0.2833061720086868 0.3693718174303941 0.34732201056091894
9 729.0 0.0 -1.0 -1.0 -1.0 0.0 0.32231655190979225 0.3482200524108544 0.32946339567935345
9 730.0 0.0 -1.0 -1.0 -1.0 0.0 0.33042634722175707 0.3474997476309473 0.32207390514729545
9 731.0 0.0 -1.0 -1.0 -1.0 0.0 0.31577468587218616 0.35131749153581704 0.3329078225919968
9 732.0 0.0 -1.0 -1.0 -1.0 0.0 0.32633170225017033 0.3430858559837188 0.33058244176611074
9 733.0 0.0 -1.0 -1.0 -1.0 0.0 0.3137562958171473 0.38470937937280053 0.30153432481005227
9 734.0 0.0 -1.0 -1.0 -1.0 0.0 0.28149972376061055 0.4019834701002881 0.31651680613910116
9 735.0 0.0 -1.0 -1.0 -1.0 0.0 0.29402406961196376 0.38220783327550073 0.32376809711253535
9 736.0 0.0 -1.0 -1.0 -1.0 0.0 0.30232938052093294 0.39151107513471184 0.3061595443443554
9 737.0 0.0 -1.0 -1.0 -1.0 0.0 0.31206325293913667 0.3642379578391063 0.3236987892217573
9 738.0 0.0 -1.0 -1.0 -1.0 0.0 0.3302125971192115 0.3565624354429822 0.31322496743780637
9 739.0 0.0 -1.0 -1.0 -1.0 0.0 0.3345151852715642 0.3609789158954917 0.30450589883294404
9 740.0 0.0 -1.0 -1.0 -1.0 0.0 0.30466270499261766 0.36895422703360464 0.32638306797377725
9 741.0 0.0 -1.0 -1.0 -1.0 0.0 0.31348255353637927 0.3563607313937037 0.33015671506991695
9 742.0 0.0 -1.0 -1.0 -1.0 0.0 0.35756748165116753 0.32184902674639504 0.3205834916024376
9 743.0 0.0 -1.0 -1.0 -1.0 0.0 0.31241144544875205 0.3481738612383702 0.3394146933128777
9 744.0 0.0 -1.0 -1.0 -1.0 0.0 0.3398752415064641 0.33744410494173893 0.3226806535517971
9 745.0 0.0 -1.0 -1.0 -1.0 0.0 0.30415092336523536 0.3514909671158273 0.3443581095189371
9 746.0 0.0 -1.0 -1.0 -1.0 0.0 0.3002510251339119 0.3600654129147162 0.3396835619513718
9 747.0 0.0 -1.0 -1.0 -1.0 0.0 0.3085865639457218 0.35248198767273453 0.3389314483815435
9 748.0 0.0 -1.0 -1.0 -1.0 0.0 0.32043214459140984 0.3398333964273814 0.3397344589812088
9 749.0 0.0 -1.0 -1.0 -1.0 0.0 0.35391478919759173 0.315415906872308 0.3306693039301003
9 750.0 0.0 -1.0 -1.0 -1.0 0.0 0.3422789245271116 0.32257171765317494 0.3351493578197136
9 751.0 0.0 -1.0 -1.0 -1.0 0.0 0.3293167524656465 0.3186192121305141 0.35206403540383946
9 752.0 0.0 -1.0 -1.0 -1.0 0.0 0.34447610758734726 0.3159273101121808 0.339596582300472
9 753.0 0.0 -1.0 -1.0 -1.0 0.0 0.33645478578206695 0.3073829701783416 0.35616224403959146
9 754.0 0.0 -1.0 -1.0 -1.0 0.0 0.31346147428917165 0.30762649050282875 0.37891203520799976
9 755.0 0.0 -1.0 -1.0 -1.0 0.0 0.31876352942300046 0.31396975944142774 0.367266711135572
9 756.0 0.0 -1.0 -1.0 -1.0 0.0 0.33517665439698857 0.31338180030068874 0.3514415453023226
9 757.0 0.0 -1.0 -1.0 -1.0 0.0 0.3169424805019907 0.34902260099248766 0.3340349185055215
9 758.0 0.0 -1.0 -1.0 -1.0 0.0 0.32108677431091665 0.32118808610810057 0.3577251395809827
9 759.0 0.0 -1.0 -1.0 -1.0 0.0 0.3099791165410257 0.3120097109344436 0.3780111725245306
9 760.0 0.0 -1.0 -1.0 -1.0 0.0 0.29592919861153627 0.32529230270750825 0.37877849868095564
9 761.0 0.0 -1.0 -1.0 -1.0 0.0 0.3256697181378445 0.32764863838801334 0.34668164347414226
9 762.0 0.0 -1.0 -1.0 -1.0 0.0 0.33309281376130495 0.32901947271478427 0.3378877135239109
9 763.0 0.0 -1.0 -1.0 -1.0 0.0 0.3233569203054425 0.3327389637942094 0.34390411590034803
9 764.0 0.0 -1.0 -1.0 -1.0 0.0 0.32812523220264644 0.3252668106141182 0.3466079571832351
9 765.0 0.0 -1.0 -1.0 -1.0 0.0 0.33801481508135567 0.34433135803251097 0.3176538268861334
9 766.0 0.0 -1.0 -1.0 -1.0 0.0 0.30808324762765343 0.3406665060933104 0.3512502462790363
9 767.0 0.0 -1.0 -1.0 -1.0 0.0 0.3456976533656208 0.31938921999543424 0.33491312663894507
9 768.0 0.0 -1.0 -1.0 -1.0 0.0 0.3372681217378887 0.3306418058120117 0.33209007245009947
9 769.0 0.0 -1.0 -1.0 -1.0 0.0 0.31515140580094164 0.3483561714731098 0.3364924227259483
9 770.0 0.0 -1.0 -1.0 -1.0 0.0 0.31842678486420345 0.367993228192714 0.31357998694308237
9 771.0 0.0 -1.0 -1.0 -1.0 0.0 0.30302352028850543 0.34989357239266644 0.34708290731882824
9 772.0 0.0 -1.0 -1.0 -1.0 0.0 0.2995385951236562 0.3517492789399629 0.3487121259363808
9 773.0 0.0 -1.0 -1.0 -1.0 0.0 0.30790450239191497 0.30915008730940385 0.38294541029868123
9 774.0 0.0 -1.0 -1.0 -1.0 0.0 0.30390056490482836 0.34027032622050235 0.35582910887466923
9 775.0 0.0 -1.0 -1.0 -1.0 0.0 0.3314533298361822 0.3069231215610054 0.36162354860281226
9 776.0 0.0 -1.0 -1.0 -1.0 0.0 0.3282478954822085 0.2999591808632918 0.3717929236544997
9 777.0 0.0 -1.0 -1.0 -1.0 0.0 0.35640842658584154 0.28577192284856 0.3578196505655984
9 778.0 0.0 -1.0 -1.0 -1.0 0.0 0.34525650918891565 0.28988089664908523 0.3648625941619991
9 779.0 0.0 -1.0 -1.0 -1.0 0.0 0.3615503412762556 0.30412732585779056 0.33432233286595353
9 780.0 0.0 -1.0 -1.0 -1.0 0.0 0.3807640991408094 0.2869743101700099 0.3322615906891806
9 781.0 0.0 -1.0 -1.0 -1.0 0.0 0.3732066169300479 0.2936591484477754 0.33313423462217656
9 782.0 0.0 -1.0 -1.0 -1.0 0.0 0.36772110222129967 0.29505531147014463 0.33722358630855576
9 783.0 0.0 -1.0 -1.0 -1.0 0.0 0.34726859997866294 0.31059564749989166 0.34213575252144546
9 784.0 0.0 -1.0 -1.0 -1.0 0.0 0.3539454693232974 0.31377975867971464 0.33227477199698796
9 785.0 0.0 -1.0 -1.0 -1.0 0.0 0.34915216586642445 0.31078075441204095 0.34006707972153466
9 786.0 0.0 -1.0 -1.0 -1.0 0.0 0.3389528452758629 0.3130442667857754 0.3480028879383618
9 787.0 0.0 -1.0 -1.0 -1.0 0.0 0.3147757644423689 0.3299945677753318 0.35522966778229914
9 788.0 0.0 -1.0 -1.0 -1.0 0.0 0.3419564877306776 0.3198974748408523 0.33814603742847027
9 789.0 0.0 -1.0 -1.0 -1.0 0.0 0.32398738841622754 0.3234527041676276 0.35255990741614485
9 790.0 0.0 -1.0 -1.0 -1.0 0.0 0.33067416057371024 0.3076568669836678 0.36166897244262186
9 791.0 0.0 -1.0 -1.0 -1.0 0.0 0.3155834846797947 0.336572162986864 0.34784435233334116
9 792.0 0.0 -1.0 -1.0 -1.0 0.0 0.3150967410595932 0.35885531601045323 0.32604794292995365
9 793.0 0.0 -1.0 -1.0 -1.0 0.0 0.33255501649516683 0.3339132451046959 0.3335317384001372
9 794.0 0.0 -1.0 -1.0 -1.0 0.0 0.30852615286934315 0.3094193663272269 0.3820544808034297
9 795.0 0.0 -1.0 -1.0 -1.0 0.0 0.32033682232254185 0.31257821218125764 0.3670849654962007
9 796.0 0.0 -1.0 -1.0 -1.0 0.0 0.3267004094034792 0.34093238783137003 0.3323672027651509
9 797.0 0.0 -1.0 -1.0 -1.0 0.0 0.34633040788054736 0.3259360894055937 0.3277335027138588
9 798.0 0.0 -1.0 -1.0 -1.0 0.0 0.3260343192821403 0.3473405400113264 0.32662514070653337
9 799.0 0.0 -1.0 -1.0 -1.0 0.0 0.32351148319205847 0.34319192276518357 0.3332965940427578
9 800.0 0.0 -1.0 -1.0 -1.0 0.0 0.3059123365484248 0.3596782782423075 0.3344093852092675
9 801.0 0.0 -1.0 -1.0 -1.0 0.0 0.2946761411893124 0.32749436789363173 0.37782949091705587
9 802.0 0.0 -1.0 -1.0 -1.0 0.0 0.3120925617035824 0.33013884261775645 0.357768595678661
9 803.0 0.0 -1.0 -1.0 -1.0 0.0 0.31667231883402785 0.3382949030034115 0.3450327781625606
9 804.0 0.0 -1.0 -1.0 -1.0 0.0 0.3302766383417454 0.3260353934009233 0.34368796825733144
9 805.0 0.0 -1.0 -1.0 -1.0 0.0 0.33293606644313234 0.3335232862310125 0.33354064732585514
9 806.0 0.0 -1.0 -1.0 -1.0 0.0 0.32273865929871365 0.35749098993018974 0.31977035077109656
9 807.0 0.0 -1.0 -1.0 -1.0 0.0 0.3221153263191261 0.33208814498570755 0.3457965286951663
9 808.0 0.0 -1.0 -1.0 -1.0 0.0 0.30384302562835175 0.33866188843544576 0.35749508593620233
9 809.0 0.0 -1.0 -1.0 -1.0 0.0 0.29299077148796243 0.34543453268208263 0.36157469582995494
9 810.0 0.0 -1.0 -1.0 -1.0 0.0 0.3125486112901576 0.332136530916075 0.35531485779376754
9 811.0 0.0 -1.0 -1.0 -1.0 0.0 0.3236854921202964 0.3281783248855989 0.3481361829941045
9 812.0 0.0 -1.0 -1.0 -1.0 0.0 0.3064923315007626 0.326044965639173 0.36746270286006427
9 813.0 0.0 -1.0 -1.0 -1.0 0.0 0.3423737513284276 0.312490227410836 0.3451360212607365
9 814.0 0.0 -1.0 -1.0 -1.0 0.0 0.37470755319229815 0.30898519195669744 0.3163072548510042
9 815.0 0.0 -1.0 -1.0 -1.0 0.0 0.3804147078075742 0.30319238180296393 0.31639291038946166
9 816.0 0.0 -1.0 -1.0 -1.0 0.0 0.3921370121466912 0.2824797557931735 0.32538323206013525
9 817.0 0.0 -1.0 -1.0 -1.0 0.0 0.38704192122009057 0.2891756283346887 0.3237824504452207
9 818.0 0.0 -1.0 -1.0 -1.0 0.0 0.34435409586510696 0.30745782408884154 0.3481880800460516
9 819.0 0.0 -1.0 -1.0 -1.0 0.0 0.3514147692841903 0.3046025076604366 0.34398272305537314
9 820.0 0.0 -1.0 -1.0 -1.0 0.0 0.32695319742973944 0.31631805418350206 0.35672874838675844
9 821.0 0.0 -1.0 -1.0 -1.0 0.0 0.34014144875105695 0.3131176569528784 0.3467408942960646
9 822.0 0.0 -1.0 -1.0 -1.0 0.0 0.3652987970137574 0.2899424377118072 0.3447587652744356
9 823.0 0.0 -1.0 -1.0 -1.0 0.0 0.3804525337560724 0.3213728425036787 0.29817462374024917
9 824.0 0.0 -1.0 -1.0 -1.0 0.0 0.36651858038755947 0.35744407056913835 0.27603734904330207
9 825.0 0.0 -1.0 -1.0 -1.0 0.0 0.3803127517206335 0.3195688301724768 0.3001184181068895
9 826.0 0.0 -1.0 -1.0 -1.0 0.0 0.3586618169405704 0.3368786643872943 0.3044595186721351
9 827.0 0.0 -1.0 -1.0 -1.0 0.0 0.3290931358279822 0.34233433438697847 0.3285725297850395
9 828.0 0.0 -1.0 -1.0 -1.0 0.0 0.34639765982675175 0.35126657588259186 0.3023357642906564
9 829.0 0.0 -1.0 -1.0 -1.0 0.0 0.304839099058181 0.3646292782988521 0.33053162264296687
9 830.0 0.0 -1.0 -1.0 -1.0 0.0 0.32215812085187934 0.35135908888205064 0.3264827902660701
9 831.0 0.0 -1.0 -1.0 -1.0 0.0 0.30253916103857204 0.347098511804108 0.35036232715731985
9 832.0 0.0 -1.0 -1.0 -1.0 0.0 0.315845142434604 0.3178290145353026 0.3663258430300933
9 833.0 0.0 -1.0 -1.0 -1.0 0.0 0.33220717990565907 0.32998607629589005 0.33780674379845094
9 834.0 0.0 -1.0 -1.0 -1.0 0.0 0.3599739866290108 0.31201746131259045 0.328008552058399
9 835.0 0.0 -1.0 -1.0 -1.0 0.0 0.40048301037844647 0.3178234819489103 0.28169350767264306
9 836.0 0.0 -1.0 -1.0 -1.0 0.0 0.41794889453300726 0.30362448012280785 0.2784266253441848
9 837.0 0.0 -1.0 -1.0 -1.0 0.0 0.3962156411098922 0.33196336512354174 0.2718209937665661
9 838.0 0.0 -1.0 -1.0 -1.0 0.0 0.3746038657656878 0.34322584852779103 0.2821702857065209
9 839.0 0.0 -1.0 -1.0 -1.0 0.0 0.3869251541373089 0.3313662397202897 0.28170860614240134
9 840.0 0.0 -1.0 -1.0 -1.0 0.0 0.3834517931222522 0.3260702686717941 0.29047793820595347
9 841.0 0.0 -1.0 -1.0 -1.0 0.0 0.38445746948414156 0.32624449483523577 0.28929803568062273
9 842.0 0.0 -1.0 -1.0 -1.0 0.0 0.3389048387490711 0.3321645584352272 0.3289306028157018
9 843.0 0.0 -1.0 -1.0 -1.0 0.0 0.34105143366208523 0.30606953038941087 0.3528790359485038
9 844.0 0.0 -1.0 -1.0 -1.0 0.0 0.3470102200427925 0.30221528455927643 0.35077449539793115
9 845.0 0.0 -1.0 -1.0 -1.0 0.0 0.3040785998113929 0.3184280714790921 0.37749332870951524
9 846.0 0.0 -1.0 -1.0 -1.0 0.0 0.2968914449713093 0.32392044523385893 0.3791881097948317
9 847.0 0.0 -1.0 -1.0 -1.0 0.0 0.3141183365011702 0.3242995035171973 0.36158215998163273
9 848.0 0.0 -1.0 -1.0 -1.0 0.0 0.34091311008372954 0.31539091171386424 0.3436959782024063
9 849.0 0.0 -1.0 -1.0 -1.0 0.0 0.31464032173053275 0.320194628964897 0.36516504930457033
9 850.0 0.0 -1.0 -1.0 -1.0 0.0 0.31679495132160124 0.32301810906959405 0.36018693960880477
9 851.0 0.0 -1.0 -1.0 -1.0 0.0 0.33571138449755256 0.3021662925366961 0.36212232296575125
9 852.0 0.0 -1.0 -1.0 -1.0 0.0 0.31159959444652535 0.33520630953313657 0.353194096020338
9 853.0 0.0 -1.0 -1.0 -1.0 0.0 0.32154835148571764 0.33620484271001155 0.342246805804271
9 854.0 0.0 -1.0 -1.0 -1.0 0.0 0.3155185770759889 0.34980568074080926 0.3346757421832019
9 855.0 0.0 -1.0 -1.0 -1.0 0.0 0.32563507415346193 0.32281772733054676 0.3515471985159913
9 856.0 0.0 -1.0 -1.0 -1.0 0.0 0.33395451666979686 0.3229255955305929 0.34311988779961006
9 857.0 0.0 -1.0 -1.0 -1.0 0.0 0.30455218112848226 0.3579738674692789 0.33747395140223885
9 858.0 0.0 -1.0 -1.0 -1.0 0.0 0.3162061151176495 0.3681256800353214 0.31566820484702923
9 859.0 0.0 -1.0 -1.0 -1.0 0.0 0.3131144333545502 0.37216977256857653 0.3147157940768732
9 860.0 0.0 -1.0 -1.0 -1.0 0.0 0.3145889698380304 0.34872508406795333 0.3366859460940164
9 861.0 0.0 -1.0 -1.0 -1.0 0.0 0.3178447178444039 0.3531977596071553 0.32895752254844063
9 862.0 0.0 -1.0 -1.0 -1.0 0.0 0.316829990714038 0.36058875137409374 0.3225812579118682
9 863.0 0.0 -1.0 -1.0 -1.0 0.0 0.32195630454844326 0.3653205619462905 0.31272313350526654
9 864.0 0.0 -1.0 -1.0 -1.0 0.0 0.3141964482180431 0.36469286520983146 0.32111068657212544
9 865.0 0.0 -1.0 -1.0 -1.0 0.0 0.31481539981380996 0.3698406588944866 0.3153439412917033
9 866.0 0.0 -1.0 -1.0 -1.0 0.0 0.3209411064239508 0.35848765726041565 0.32057123631563356
9 867.0 0.0 -1.0 -1.0 -1.0 0.0 0.31479664285898795 0.346979700920877 0.33822365622013506
9 868.0 0.0 -1.0 -1.0 -1.0 0.0 0.343633112495327 0.31413011089986415 0.3422367766048087
9 869.0 0.0 -1.0 -1.0 -1.0 0.0 0.3342575905705476 0.3053724895955663 0.36036991983388605
9 870.0 0.0 -1.0 -1.0 -1.0 0.0 0.33487993761136486 0.3260229368055462 0.3390971255830888
9 871.0 0.0 -1.0 -1.0 -1.0 0.0 0.3353106184124389 0.3294902709369594 0.33519911065060176
9 872.0 0.0 -1.0 -1.0 -1.0 0.0 0.32928758290365373 0.3315999308885095 0.33911248620783657
9 873.0 0.0 -1.0 -1.0 -1.0 0.0 0.33276049037665056 0.3383799010029314 0.32885960862041785
9 874.0 0.0 -1.0 -1.0 -1.0 0.0 0.31857584373716774 0.34656611394180603 0.33485804232102623
9 875.0 0.0 -1.0 -1.0 -1.0 0.0 0.3418733042077543 0.3248706087714158 0.33325608702083004
9 876.0 0.0 -1.0 -1.0 -1.0 0.0 0.335254993132766 0.31464424268026603 0.350100764186968
9 877.0 0.0 -1.0 -1.0 -1.0 0.0 0.3316008376664544 0.35216151415146724 0.31623764818207833
9 878.0 0.0 -1.0 -1.0 -1.0 0.0 0.3464342073903353 0.35689212808046256 0.29667366452920196
9 879.0 0.0 -1.0 -1.0 -1.0 0.0 0.3459680764247021 0.341143582689544 0.312888340885754
9 880.0 0.0 -1.0 -1.0 -1.0 0.0 0.34799398269063353 0.3131297708997202 0.33887624640964636
9 881.0 0.0 -1.0 -1.0 -1.0 0.0 0.35067649301577014 0.3054960029699043 0.3438275040143254
9 882.0 0.0 -1.0 -1.0 -1.0 0.0 0.33308526839950386 0.31772086065126215 0.3491938709492339
9 883.0 0.0 -1.0 -1.0 -1.0 0.0 0.33970381538879657 0.2900910871979299 0.3702050974132735
9 884.0 0.0 -1.0 -1.0 -1.0 0.0 0.34668089833875615 0.280517571380561 0.37280153028068286
9 885.0 0.0 -1.0 -1.0 -1.0 0.0 0.3489970449480173 0.27102944670550416 0.37997350834647875
9 886.0 0.0 -1.0 -1.0 -1.0 0.0 0.3572495135545692 0.30543124621440376 0.3373192402310272
9 887.0 0.0 -1.0 -1.0 -1.0 0.0 0.3595929402943302 0.31792794723632695 0.32247911246934313
9 888.0 0.0 -1.0 -1.0 -1.0 0.0 0.38588320919102187 0.2855598405800974 0.32855695022888054
9 889.0 0.0 -1.0 -1.0 -1.0 0.0 0.35051414015119114 0.30339155707126525 0.3460943027775436
9 890.0 0.0 -1.0 -1.0 -1.0 0.0 0.37105475744230376 0.3009080482274498 0.3280371943302463
9 891.0 0.0 -1.0 -1.0 -1.0 0.0 0.36949375684252117 0.2884331847870285 0.34207305837045054
9 892.0 0.0 -1.0 -1.0 -1.0 0.0 0.37474629974255563 0.27651892938528005 0.34873477087216437
9 893.0 0.0 -1.0 -1.0 -1.0 0.0 0.3582860344695436 0.288786312931336 0.3529276525991207
9 894.0 0.0 -1.0 -1.0 -1.0 0.0 0.37187518134742636 0.31217704147871356 0.31594777717386036
9 895.0 0.0 -1.0 -1.0 -1.0 0.0 0.3742882440750865 0.31617461039575717 0.3095371455291563
9 896.0 0.0 -1.0 -1.0 -1.0 0.0 0.34298026179515106 0.3149221318864611 0.34209760631838804
9 897.0 0.0 -1.0 -1.0 -1.0 0.0 0.34629256902497196 0.31278481172937567 0.3409226192456522
9 898.0 0.0 -1.0 -1.0 -1.0 0.0 0.34094363189776083 0.33665136887054126 0.322404999231698
9 899.0 0.0 -1.0 -1.0 -1.0 0.0 0.3621032104681939 0.3009194559911785 0.33697733354062787
9 900.0 0.0 -1.0 -1.0 -1.0 0.0 0.3696845523820361 0.2937171265670521 0.3365983210509115
9 901.0 0.0 -1.0 -1.0 -1.0 0.0 0.3677532936243873 0.2904399645448924 0.34180674183072024
9 902.0 0.0 -1.0 -1.0 -1.0 0.0 0.33093205072581333 0.31815329187444424 0.35091465739974254
9 903.0 0.0 -1.0 -1.0 -1.0 0.0 0.32156355457954794 0.31110242877828803 0.36733401664216364
9 904.0 0.0 -1.0 -1.0 -1.0 0.0 0.32940059247429787 0.29449854158933375 0.37610086593636827
9 905.0 0.0 -1.0 -1.0 -1.0 0.0 0.3358131237264632 0.2915066516964965 0.3726802245770402
9 906.0 0.0 -1.0 -1.0 -1.0 0.0 0.3611308734980653 0.2908714802426458 0.3479976462592888
9 907.0 0.0 -1.0 -1.0 -1.0 0.0 0.33741713468002676 0.3106320851785641 0.35195078014140946
9 908.0 0.0 -1.0 -1.0 -1.0 0.0 0.34835652149695984 0.3086389287514339 0.3430045497516065
9 909.0 0.0 -1.0 -1.0 -1.0 0.0 0.35030094300871073 0.3356384929392869 0.31406056405200233
9 910.0 0.0 -1.0 -1.0 -1.0 0.0 0.35285314329596623 0.3278266267455829 0.31932022995845083
9 911.0 0.0 -1.0 -1.0 -1.0 0.0 0.33736029178008553 0.34133066210195623 0.3213090461179583
9 912.0 0.0 -1.0 -1.0 -1.0 0.0 0.340072717133063 0.3563384777134972 0.3035888051534398
9 913.0 0.0 -1.0 -1.0 -1.0 0.0 0.3244976577451102 0.36049209588847764 0.31501024636641184
9 914.0 0.0 -1.0 -1.0 -1.0 0.0 0.3260377623611203 0.3246730345055758 0.3492892031333038
9 915.0 0.0 -1.0 -1.0 -1.0 0.0 0.356997780365256 0.3141477773684213 0.32885444226632266
9 916.0 0.0 -1.0 -1.0 -1.0 0.0 0.32710643783846655 0.3254378242985902 0.3474557378629434
9 917.0 0.0 -1.0 -1.0 -1.0 0.0 0.34998613935315126 0.30219486799749684 0.3478189926493519
9 918.0 0.0 -1.0 -1.0 -1.0 0.0 0.3348375658672598 0.30191334836580785 0.3632490857669321
9 919.0 0.0 -1.0 -1.0 -1.0 0.0 0.32411169343040025 0.3175379968507134 0.35835030971888665
9 920.0 0.0 -1.0 -1.0 -1.0 0.0 0.33058593853542795 0.3320724002011066 0.33734166126346543
9 921.0 0.0 -1.0 -1.0 -1.0 0.0 0.32278305972580085 0.3273819392905714 0.3498350009836278
9 922.0 0.0 -1.0 -1.0 -1.0 0.0 0.3271132127757603 0.3256599343979803 0.34722685282625926
9 923.0 0.0 -1.0 -1.0 -1.0 0.0 0.31179552355444395 0.3363045761763432 0.3518999002692129
9 924.0 0.0 -1.0 -1.0 -1.0 0.0 0.3102620586121991 0.33151995492574726 0.35821798646205366
9 925.0 0.0 -1.0 -1.0 -1.0 0.0 0.308129970804431 0.32964818199711715 0.36222184719845196
9 926.0 0.0 -1.0 -1.0 -1.0 0.0 0.3272474348385444 0.33486468974895234 0.3378878754125036
9 927.0 0.0 -1.0 -1.0 -1.0 0.0 0.32639775766251483 0.3155363617568863 0.3580658805805987
9 928.0 0.0 -1.0 -1.0 -1.0 0.0 0.33874477971912803 0.314354135753478 0.3469010845273938
9 929.0 0.0 -1.0 -1.0 -1.0 0.0 0.3321943767747066 0.30387045119411776 0.3639351720311757
9 930.0 0.0 -1.0 -1.0 -1.0 0.0 0.34428532924432725 0.3227826833717473 0.3329319873839256
9 931.0 0.0 -1.0 -1.0 -1.0 0.0 0.3482469081903405 0.3399593284107437 0.31179376339891596
9 932.0 0.0 -1.0 -1.0 -1.0 0.0 0.34313478737131164 0.36040318972446855 0.29646202290421964
9 933.0 0.0 -1.0 -1.0 -1.0 0.0 0.3472324301812282 0.3594252233269886 0.29334234649178337
9 934.0 0.0 -1.0 -1.0 -1.0 0.0 0.3068520348036721 0.3693376479982339 0.32381031719809406
9 935.0 0.0 -1.0 -1.0 -1.0 0.0 0.30993699460784996 0.35474756446747047 0.3353154409246795
9 936.0 0.0 -1.0 -1.0 -1.0 0.0 0.31031371958481857 0.3553809356070606 0.33430534480812085
9 937.0 0.0 -1.0 -1.0 -1.0 0.0 0.3081764901804997 0.37442635295711724 0.3173971568623829
9 938.0 0.0 -1.0 -1.0 -1.0 0.0 0.30760958333099103 0.37434914580718565 0.31804127086182354
9 939.0 0.0 -1.0 -1.0 -1.0 0.0 0.30585137662686235 0.36531715470481047 0.32883146866832724
9 940.0 0.0 -1.0 -1.0 -1.0 0.0 0.2842337294033902 0.3831048183539222 0.33266145224268784
9 941.0 0.0 -1.0 -1.0 -1.0 0.0 0.27847540605892146 0.38877452976077814 0.33275006418030023
9 942.0 0.0 -1.0 -1.0 -1.0 0.0 0.3011556671549548 0.3635082065239337 0.33533612632111165
9 943.0 0.0 -1.0 -1.0 -1.0 0.0 0.2797281316013748 0.3763292507328988 0.34394261766572654
9 944.0 0.0 -1.0 -1.0 -1.0 0.0 0.30158122615787764 0.37391729350714803 0.3245014803349743
9 945.0 0.0 -1.0 -1.0 -1.0 0.0 0.2872916992970795 0.36906099177805424 0.3436473089248661
9 946.0 0.0 -1.0 -1.0 -1.0 0.0 0.3061737532506827 0.34095846083388986 0.3528677859154273
9 947.0 0.0 -1.0 -1.0 -1.0 0.0 0.3281692894515724 0.3369536359477439 0.33487707460068356
9 948.0 0.0 -1.0 -1.0 -1.0 0.0 0.33474485620458966 0.3216816836270334 0.3435734601683771
9 949.0 0.0 -1.0 -1.0 -1.0 0.0 0.34213445572711343 0.29571990125538056 0.362145643017506
9 950.0 0.0 -1.0 -1.0 -1.0 0.0 0.35491815355181394 0.28418168293413926 0.3609001635140469
9 951.0 0.0 -1.0 -1.0 -1.0 0.0 0.36331747008600984 0.2939903198538159 0.3426922100601743
9 952.0 0.0 -1.0 -1.0 -1.0 0.0 0.37906430713696354 0.2987857239049767 0.32214996895805975
9 953.0 0.0 -1.0 -1.0 -1.0 0.0 0.384615253353608 0.30317035168715256 0.3122143949592397
9 954.0 0.0 -1.0 -1.0 -1.0 0.0 0.36573292622708947 0.30724435888592905 0.32702271488698137
9 955.0 0.0 -1.0 -1.0 -1.0 0.0 0.3874231626327323 0.31560379563040003 0.29697304173686756
9 956.0 0.0 -1.0 -1.0 -1.0 0.0 0.3973542258217513 0.31127735705294823 0.2913684171253005
9 957.0 0.0 -1.0 -1.0 -1.0 0.0 0.39003864557243495 0.31735603526446715 0.2926053191630977
9 958.0 0.0 -1.0 -1.0 -1.0 0.0 0.36271972415690457 0.34361295469052466 0.2936673211525707
9 959.0 0.0 -1.0 -1.0 -1.0 0.0 0.37667646816677425 0.3439888663809615 0.27933466545226415
9 960.0 0.0 -1.0 -1.0 -1.0 0.0 0.3532223239584421 0.3462516145377721 0.30052606150378547
9 961.0 0.0 -1.0 -1.0 -1.0 0.0 0.3573824746364763 0.32690996339671785 0.31570756196680605
9 962.0 0.0 -1.0 -1.0 -1.0 0.0 0.3286131722981587 0.3466845703711536 0.32470225733068764
9 963.0 0.0 -1.0 -1.0 -1.0 0.0 0.36872334700777615 0.3135145775529258 0.31776207543929835
9 964.0 0.0 -1.0 -1.0 -1.0 0.0 0.329974962234765 0.3294297250245113 0.3405953127407236
9 965.0 0.0 -1.0 -1.0 -1.0 0.0 0.33697728276996214 0.31046018198636616 0.3525625352436718
9 966.0 0.0 -1.0 -1.0 -1.0 0.0 0.3136107038506617 0.32109866828054096 0.36529062786879735
9 967.0 0.0 -1.0 -1.0 -1.0 0.0 0.32455519225141133 0.3019983214128628 0.3734464863357258
9 968.0 0.0 -1.0 -1.0 -1.0 0.0 0.3263941105837713 0.3160337765781806 0.35757211283804835
9 969.0 0.0 -1.0 -1.0 -1.0 0.0 0.32661463616487274 0.32500231834007903 0.34838304549504834
9 970.0 0.0 -1.0 -1.0 -1.0 0.0 0.3055103141065059 0.32559208844983867 0.36889759744365563
9 971.0 0.0 -1.0 -1.0 -1.0 0.0 0.33575053919373926 0.31609400498757545 0.3481554558186854
9 972.0 0.0 -1.0 -1.0 -1.0 0.0 0.3085130794324352 0.33273963455864825 0.35874728600891664
9 973.0 0.0 -1.0 -1.0 -1.0 0.0 0.34917022154683275 0.3055810844743563 0.34524869397881147
9 974.0 0.0 -1.0 -1.0 -1.0 0.0 0.3229473770412175 0.3083905153366645 0.36866210762211793
9 975.0 0.0 -1.0 -1.0 -1.0 0.0 0.31378910685604394 0.32233738498248793 0.3638735081614681
9 976.0 0.0 -1.0 -1.0 -1.0 0.0 0.3125237295653872 0.34244221621998494 0.34503405421462807
9 977.0 0.0 -1.0 -1.0 -1.0 0.0 0.31945243826624603 0.3349174894415255 0.34563007229222853
9 978.0 0.0 -1.0 -1.0 -1.0 0.0 0.32207006347427514 0.3285927353330555 0.3493372011926696
9 979.0 0.0 -1.0 -1.0 -1.0 0.0 0.3498509527383407 0.3324811334847852 0.31766791377687403
9 980.0 0.0 -1.0 -1.0 -1.0 0.0 0.34171210401227825 0.32329540425181136 0.33499249173591045
9 981.0 0.0 -1.0 -1.0 -1.0 0.0 0.3417114677261404 0.3228567320594518 0.33543180021440777
9 982.0 0.0 -1.0 -1.0 -1.0 0.0 0.34125708548675976 0.3173686618940343 0.34137425261920606
9 983.0 0.0 -1.0 -1.0 -1.0 0.0 0.3444638653568041 0.3311013880350548 0.3244347466081408
9 984.0 0.0 -1.0 -1.0 -1.0 0.0 0.3344891422102483 0.3360521795948386 0.3294586781949134
9 985.0 0.0 -1.0 -1.0 -1.0 0.0 0.3228903837499805 0.32447293344835093 0.3526366828016684
9 986.0 0.0 -1.0 -1.0 -1.0 0.0 0.3153048294065421 0.3382976961923609 0.346397474401097
9 987.0 0.0 -1.0 -1.0 -1.0 0.0 0.3268208799027997 0.3370296150800875 0.3361495050171128
9 988.0 0.0 -1.0 -1.0 -1.0 0.0 0.30857433094678743 0.3529213674689676 0.338504301584245
9 989.0 0.0 -1.0 -1.0 -1.0 0.0 0.3128265737460616 0.3470555602460134 0.34011786600792526
9 990.0 0.0 -1.0 -1.0 -1.0 0.0 0.3408238956732143 0.332729954306401 0.3264461500203848
9 991.0 0.0 -1.0 -1.0 -1.0 0.0 0.3428053888937059 0.3174657173875621 0.3397288937187318
9 992.0 0.0 -1.0 -1.0 -1.0 0.0 0.35714880485340944 0.30744131584149037 0.33540987930510013
9 993.0 0.0 -1.0 -1.0 -1.0 0.0 0.36326058286032237 0.31479439764297973 0.3219450194966979
9 994.0 0.0 -1.0 -1.0 -1.0 0.0 0.3567042986477301 0.34374875058784127 0.29954695076442883
9 995.0 0.0 -1.0 -1.0 -1.0 0.0 0.35640239911987465 0.3265647206968639 0.31703288018326126
9 996.0 0.0 -1.0 -1.0 -1.0 0.0 0.333267744041199 0.3236832782953422 0.34304897766345854
9 997.0 0.0 -1.0 -1.0 -1.0 0.0 0.3213893216788259 0.3434093549667579 0.335201323354416
9 998.0 0.0 -1.0 -1.0 -1.0 0.0 0.3229378661230844 0.32944541646503006 0.3476167174118857
9 999.0 0.0 -1.0 -1.0 -1.0 0.0 0.29746036547528165 0.32641912274703183 0.3761205117776862
9 1000.0 0.0 -1.0 -1.0 -1.0 0.0 0.30219890655386356 0.3138269090479078 0.38397418439822856
1000000000000000000000000000000000000000000000000000000000000000000000000000000000000000000000000000
-1.0
solo con 1: -100.0
