9 0.0 57.0 -41.0 -162.0 -112.3 48.14319969390981 0.3333333333333333 0.3333333333333333 0.3333333333333333
9 1.0 57.0 -41.0 -162.0 -95.72 49.56621527784523 0.31425825098877946 0.29056708648112384 0.39517466253009703
9 2.0 57.0 -41.0 -159.0 -75.96 44.231923203756686 0.3015539517798667 0.23317984190624716 0.46526620631388593
9 3.0 71.0 -40.0 -156.0 -61.96 35.39843059923544 0.2790240529108196 0.20670580404301211 0.5142701430461681
9 4.0 16.0 -37.0 -156.0 -55.25 30.205817554593917 0.24147042338076546 0.1896364279333912 0.5688931486858437
9 5.0 16.0 -36.0 -153.0 -50.01 25.711489787071983 0.2212073362945424 0.17408436056702084 0.6047083031384368
9 6.0 46.0 -35.0 -153.0 -45.6 21.787309808392333 0.1961999337789851 0.1602498974785482 0.643550168742467
9 7.0 51.0 -33.0 -152.0 -42.34 19.127546374353134 0.1714095528391858 0.14244700038672187 0.6861434467740924
9 8.0 89.0 -29.0 -151.0 -38.82 15.89700435537298 0.15537277364152546 0.12601789497173185 0.7186093313867425
9 9.0 27.0 -29.0 -151.0 -36.61 16.06859978311424 0.1512447137947257 0.11016507852545084 0.7385902076798233
9 10.0 5.0 -28.0 -149.0 -35.03 16.162342439489183 0.15810452419557078 0.12363206267366801 0.7182634131307613
9 11.0 5.0 -27.0 -149.0 -33.37 16.40562542101171 0.13971612147945536 0.12043687092854646 0.7398470075919984
9 12.0 88.0 -24.0 -149.0 -31.47 16.478608723267428 0.13253959099257906 0.11312799648069134 0.7543324125267296
9 13.0 2.0 -24.0 -149.0 -29.53 16.67905902924413 0.12702079917569153 0.10819978402347369 0.7647794168008346
9 14.0 73.0 -21.0 -149.0 -27.78 16.94350684605829 0.11665408017087268 0.10119360923013826 0.7821523105989889
9 15.0 83.0 -17.0 -149.0 -25.77 17.29299209962162 0.11140699918857785 0.09818798042345483 0.7904050203879673
9 16.0 36.0 -17.0 -149.0 -23.84 17.54573820883377 0.10197502897141268 0.09651039295805637 0.8015145780705312
9 17.0 31.0 -16.0 -149.0 -21.9 17.81923827006229 0.0945215653364103 0.09776365471542964 0.8077147799481597
9 18.0 63.0 -14.0 -149.0 -20.13 18.049681717443395 0.09349289695268194 0.09268886171392822 0.8138182413333898
9 19.0 62.0 -13.0 -149.0 -18.85 18.20887506995233 0.10662333707934249 0.10407304712033738 0.7893036158003203
9 20.0 32.0 -12.0 -149.0 -17.66 18.34584696900366 0.12070246968904585 0.11059307118903357 0.7687044591219205
9 21.0 42.0 -11.0 -149.0 -16.65 18.496177601293347 0.11784128734208477 0.11554164670024701 0.7666170659576684
9 22.0 30.0 -10.0 -149.0 -15.66 18.64892013555268 0.11813688832408346 0.12042619173705414 0.7614369199388623
9 23.0 76.0 -8.0 -149.0 -13.66 13.926372046726263 0.11745059625028603 0.1273809457850755 0.7551684579646383
9 24.0 5.0 -7.0 -149.0 -12.24 13.895075793716673 0.11257822133214472 0.12900484910359575 0.7584169295642594
9 25.0 14.0 -6.0 -149.0 -10.88 14.059958187790743 0.1094262631632951 0.125381685710513 0.7651920511261919
9 26.0 34.0 -5.0 -42.0 -8.38 3.818561789655117 0.11197801176124171 0.11133029308032129 0.776691695158437
9 27.0 29.0 -5.0 -16.0 -7.08 1.5870689584223747 0.12050797941801332 0.10236136916808619 0.7771306514139005
9 28.0 19.0 -4.0 -16.0 -6.21 1.512874045909929 0.12253522968562074 0.1054134893329662 0.7720512809814131
9 29.0 3.0 -4.0 -10.0 -5.34 0.9663008712287147 0.13036086846745404 0.1110963648481734 0.7585427666843725
9 30.0 44.0 -3.0 -10.0 -4.71 0.997927144564465 0.15697164558781004 0.10791601331216676 0.7351123411000234
9 31.0 54.0 -2.0 -7.0 -4.2 0.7654139963827326 0.16110113801026016 0.12276002126524906 0.7161388407244905
9 32.0 52.0 -2.0 -6.0 -3.67 0.7528397417562894 0.16936496701893575 0.12678313992952855 0.7038518930515355
9 33.0 47.0 -1.0 -5.0 -3.1 0.7453559924999298 0.1616919407425196 0.12240543333641624 0.715902625921064
9 34.0 21.0 -1.0 -5.0 -2.61 0.8027100562117272 0.1678769639538952 0.13517118158502442 0.6969518544610804
9 35.0 2.0 -1.0 -5.0 -1.99 0.8347866115772866 0.16661028507474782 0.14164322750412242 0.6917464874211298
9 36.0 0.0 -1.0 -4.0 -1.5 0.7316785737969477 0.17120792536136187 0.13743509770226314 0.691356976936375
9 37.0 0.0 -1.0 -4.0 -1.25 0.5751591786697668 0.18797819801957402 0.1702186208927499 0.6418031810876761
9 38.0 0.0 -1.0 -3.0 -1.14 0.42687494916219 0.22725096837991277 0.1901377618327083 0.5826112697873791
9 39.0 0.0 -1.0 -3.0 -1.05 0.26111648393354714 0.23649303385691473 0.242304925378044 0.5212020407650416
9 40.0 0.0 -1.0 -3.0 -1.04 0.24287836253956202 0.259058197243574 0.23470655704369173 0.5062352457127344
9 41.0 0.0 -1.0 -3.0 -1.03 0.2227015033536133 0.24589169850062537 0.27989461950542105 0.47421368199395375
9 42.0 0.0 -1.0 -3.0 -1.02 0.19999999999999996 0.26009194235617533 0.31511705162963966 0.42479100601418546
9 43.0 0.0 -1.0 -3.0 -1.02 0.19999999999999996 0.28353846483339634 0.3210007357872405 0.3954607993793626
9 44.0 0.0 -1.0 -3.0 -1.02 0.19999999999999996 0.2947290076292413 0.3311783944218438 0.3740925979489148
9 45.0 0.0 -1.0 -3.0 -1.02 0.19999999999999996 0.28795500848720296 0.33560704839692385 0.3764379431158732
9 46.0 0.0 -1.0 -3.0 -1.02 0.19999999999999996 0.28031857694877077 0.33840055391918006 0.38128086913204906
9 47.0 0.0 -1.0 -3.0 -1.02 0.19999999999999996 0.3110897179388517 0.33914025489479216 0.34977002716635625
9 48.0 0.0 -1.0 -3.0 -1.02 0.19999999999999996 0.2985016010452216 0.3434126063555569 0.35808579259922124
9 49.0 0.0 -1.0 -3.0 -1.02 0.19999999999999996 0.2974874213057028 0.3448971579021192 0.3576154207921779
9 50.0 0.0 -1.0 -3.0 -1.02 0.19999999999999996 0.316483808250269 0.3361315456976224 0.34738464605210867
9 51.0 0.0 -1.0 -3.0 -1.02 0.19999999999999996 0.31611241683400043 0.33303147411989087 0.35085610904610876
9 52.0 0.0 -1.0 -3.0 -1.02 0.19999999999999996 0.3297812106165635 0.3583549739906751 0.31186381539276137
9 53.0 0.0 -1.0 -3.0 -1.02 0.19999999999999996 0.33927101616185096 0.35587559480325737 0.30485338903489156
9 54.0 0.0 -1.0 -1.0 -1.0 0.0 0.3553125059130606 0.3592153248053904 0.28547216928154884
9 55.0 0.0 -1.0 -1.0 -1.0 0.0 0.3633514677549363 0.3507157128190238 0.2859328194260404
9 56.0 0.0 -1.0 -1.0 -1.0 0.0 0.3580673509796823 0.32279280907157754 0.31913983994874007
9 57.0 0.0 -1.0 -1.0 -1.0 0.0 0.36491915991296553 0.31260041105167335 0.322480429035361
9 58.0 0.0 -1.0 -1.0 -1.0 0.0 0.3391067278125832 0.3444525166050334 0.31644075558238316
9 59.0 0.0 -1.0 -1.0 -1.0 0.0 0.3632376654078726 0.3190042337425876 0.31775810084953987
9 60.0 0.0 -1.0 -1.0 -1.0 0.0 0.3382786798667301 0.33088407332547626 0.33083724680779353
9 61.0 0.0 -1.0 -1.0 -1.0 0.0 0.3403715780450266 0.33968418291011426 0.31994423904485947
9 62.0 0.0 -1.0 -1.0 -1.0 0.0 0.33624751797116426 0.35751215785174345 0.3062403241770923
9 63.0 0.0 -1.0 -1.0 -1.0 0.0 0.33819032316253234 0.3570961387816948 0.30471353805577256
9 64.0 0.0 -1.0 -1.0 -1.0 0.0 0.3605761135069913 0.3255232004737227 0.31390068601928606
9 65.0 0.0 -1.0 -1.0 -1.0 0.0 0.35424159128565513 0.3404250981295512 0.3053333105847934
9 66.0 0.0 -1.0 -1.0 -1.0 0.0 0.3404627511742199 0.3426415323023901 0.3168957165233898
9 67.0 0.0 -1.0 -1.0 -1.0 0.0 0.3594934450530735 0.3336867927954779 0.30681976215144846
9 68.0 0.0 -1.0 -1.0 -1.0 0.0 0.3695377957820233 0.3242825571784177 0.3061796470395588
9 69.0 0.0 -1.0 -1.0 -1.0 0.0 0.3664988972157801 0.32151507499924625 0.3119860277849735
9 70.0 0.0 -1.0 -1.0 -1.0 0.0 0.37620827117122657 0.3258334059570975 0.297958322871676
9 71.0 0.0 -1.0 -1.0 -1.0 0.0 0.3410855233300434 0.34717349313708695 0.31174098353286944
9 72.0 0.0 -1.0 -1.0 -1.0 0.0 0.3261353489727363 0.3321202540278816 0.34174439699938225
9 73.0 0.0 -1.0 -1.0 -1.0 0.0 0.33172207273760285 0.32785565030814184 0.34042227695425525
9 74.0 0.0 -1.0 -1.0 -1.0 0.0 0.3407790680123368 0.3181367535048937 0.3410841784827693
9 75.0 0.0 -1.0 -1.0 -1.0 0.0 0.34827894994333974 0.31559342743474067 0.3361276226219198
9 76.0 0.0 -1.0 -1.0 -1.0 0.0 0.3293684565217274 0.33784303075998745 0.3327885127182851
9 77.0 0.0 -1.0 -1.0 -1.0 0.0 0.34132958468561286 0.3482487073236117 0.3104217079907754
9 78.0 0.0 -1.0 -1.0 -1.0 0.0 0.32220116319587405 0.35116943114045435 0.3266294056636715
9 79.0 0.0 -1.0 -1.0 -1.0 0.0 0.33586689756878435 0.3375295498470925 0.3266035525841229
9 80.0 0.0 -1.0 -1.0 -1.0 0.0 0.34740460311405286 0.3283107568776631 0.32428464000828433
9 81.0 0.0 -1.0 -1.0 -1.0 0.0 0.3486523846028123 0.32085544481971146 0.3304921705774762
9 82.0 0.0 -1.0 -1.0 -1.0 0.0 0.3598396099653469 0.31736131979325766 0.3227990702413956
9 83.0 0.0 -1.0 -1.0 -1.0 0.0 0.35812693587732186 0.30426278279984353 0.3376102813228343
9 84.0 0.0 -1.0 -1.0 -1.0 0.0 0.3381742692048466 0.29540384858051566 0.3664218822146378
9 85.0 0.0 -1.0 -1.0 -1.0 0.0 0.34286235672553167 0.30465621104771873 0.3524814322267497
9 86.0 0.0 -1.0 -1.0 -1.0 0.0 0.3449957701227326 0.2936970642690121 0.36130716560825527
9 87.0 0.0 -1.0 -1.0 -1.0 0.0 0.34054996655571784 0.2848479514273183 0.37460208201696377
9 88.0 0.0 -1.0 -1.0 -1.0 0.0 0.3313429354659594 0.31045374143146304 0.35820332310257774
9 89.0 0.0 -1.0 -1.0 -1.0 0.0 0.31327707495290785 0.3385801180133728 0.34814280703371964
9 90.0 0.0 -1.0 -1.0 -1.0 0.0 0.3141871969105026 0.3316556294150646 0.35415717367443283
9 91.0 0.0 -1.0 -1.0 -1.0 0.0 0.320116351499455 0.32963999392970017 0.35024365457084494
9 92.0 0.0 -1.0 -1.0 -1.0 0.0 0.33493674006890345 0.3367399158347269 0.3283233440963699
9 93.0 0.0 -1.0 -1.0 -1.0 0.0 0.3405581697441565 0.328519084457022 0.3309227457988214
9 94.0 0.0 -1.0 -1.0 -1.0 0.0 0.3505554792773815 0.31189952771381596 0.33754499300880264
9 95.0 0.0 -1.0 -1.0 -1.0 0.0 0.31099832843553576 0.3538260558283832 0.33517561573608107
9 96.0 0.0 -1.0 -1.0 -1.0 0.0 0.306179364530178 0.3585623704219118 0.33525826504791006
9 97.0 0.0 -1.0 -1.0 -1.0 0.0 0.33099470319865176 0.3338152470777861 0.335190049723562
9 98.0 0.0 -1.0 -1.0 -1.0 0.0 0.3205750241339589 0.33317001892148795 0.34625495694455277
9 99.0 0.0 -1.0 -1.0 -1.0 0.0 0.3031123574083192 0.35372040124614545 0.34316724134553545
9 100.0 0.0 -1.0 -1.0 -1.0 0.0 0.31923532437109503 0.3477861262792639 0.33297854934964105
9 101.0 0.0 -1.0 -1.0 -1.0 0.0 0.3341824875503787 0.3300922821873442 0.3357252302622772
9 102.0 0.0 -1.0 -1.0 -1.0 0.0 0.3553234447064603 0.3081635777906737 0.33651297750286574
9 103.0 0.0 -1.0 -1.0 -1.0 0.0 0.31788711530510017 0.33852692878196 0.3435859559129398
9 104.0 0.0 -1.0 -1.0 -1.0 0.0 0.31284539627088986 0.3419001439631947 0.3452544597659155
9 105.0 0.0 -1.0 -1.0 -1.0 0.0 0.3304868538519189 0.3444159561806359 0.32509718996744524
9 106.0 0.0 -1.0 -1.0 -1.0 0.0 0.3328319368766077 0.32143369512066405 0.3457343680027282
9 107.0 0.0 -1.0 -1.0 -1.0 0.0 0.3479315455377329 0.2929571059079784 0.3591113485542885
9 108.0 0.0 -1.0 -1.0 -1.0 0.0 0.3244463544141184 0.32160664117222004 0.35394700441366156
9 109.0 0.0 -1.0 -1.0 -1.0 0.0 0.32492027319519545 0.31101204702708013 0.36406767977772425
9 110.0 0.0 -1.0 -1.0 -1.0 0.0 0.33141927549273636 0.3034067665930389 0.3651739579142246
9 111.0 0.0 -1.0 -1.0 -1.0 0.0 0.32360085711697906 0.30617965251115065 0.37021949037187035
9 112.0 0.0 -1.0 -1.0 -1.0 0.0 0.31876781982953256 0.33188072407900165 0.3493514560914659
9 113.0 0.0 -1.0 -1.0 -1.0 0.0 0.30268739873845535 0.32967279544818234 0.36763980581336264
9 114.0 0.0 -1.0 -1.0 -1.0 0.0 0.3136753322588508 0.325116935439796 0.3612077323013531
9 115.0 0.0 -1.0 -1.0 -1.0 0.0 0.3125435349611292 0.3283713393317885 0.35908512570708223
9 116.0 0.0 -1.0 -1.0 -1.0 0.0 0.2837662328061847 0.31970581224682343 0.396527954946992
9 117.0 0.0 -1.0 -1.0 -1.0 0.0 0.3026227481178296 0.32131136112189884 0.3760658907602717
9 118.0 0.0 -1.0 -1.0 -1.0 0.0 0.3057093096160661 0.3286228155165063 0.36566787486742747
9 119.0 0.0 -1.0 -1.0 -1.0 0.0 0.29504697388490186 0.3289550784107802 0.37599794770431816
9 120.0 0.0 -1.0 -1.0 -1.0 0.0 0.3159551775413832 0.3124487162225214 0.3715961062360954
9 121.0 0.0 -1.0 -1.0 -1.0 0.0 0.3309240048689441 0.3079201168629156 0.3611558782681403
9 122.0 0.0 -1.0 -1.0 -1.0 0.0 0.3178874328486989 0.3234578013369983 0.3586547658143028
9 123.0 0.0 -1.0 -1.0 -1.0 0.0 0.313447025646299 0.319028738928278 0.36752423542542334
9 124.0 0.0 -1.0 -1.0 -1.0 0.0 0.33437743166510436 0.3398424231749495 0.3257801451599461
9 125.0 0.0 -1.0 -1.0 -1.0 0.0 0.3358719348650628 0.3185209626088112 0.34560710252612586
9 126.0 0.0 -1.0 -1.0 -1.0 0.0 0.3301740024621946 0.3005887783819052 0.3692372191559006
9 127.0 0.0 -1.0 -1.0 -1.0 0.0 0.3581653396423683 0.29162082473801865 0.35021383561961317
9 128.0 0.0 -1.0 -1.0 -1.0 0.0 0.3860613036737844 0.31343458900013615 0.30050410732607946
9 129.0 0.0 -1.0 -1.0 -1.0 0.0 0.37776672634409414 0.29313977198290087 0.329093501673005
9 130.0 0.0 -1.0 -1.0 -1.0 0.0 0.34935196793186196 0.3047767788204653 0.34587125324767265
9 131.0 0.0 -1.0 -1.0 -1.0 0.0 0.30347277519865623 0.3280879091267982 0.3684393156745458
9 132.0 0.0 -1.0 -1.0 -1.0 0.0 0.30381627520418464 0.31401513629884914 0.38216858849696633
9 133.0 0.0 -1.0 -1.0 -1.0 0.0 0.317396212581146 0.3281691518692523 0.35443463554960175
9 134.0 0.0 -1.0 -1.0 -1.0 0.0 0.34284071590947557 0.3240051686616184 0.333154115428906
9 135.0 0.0 -1.0 -1.0 -1.0 0.0 0.34036777200101165 0.31623326622529446 0.3433989617736939
9 136.0 0.0 -1.0 -1.0 -1.0 0.0 0.3143982485674312 0.30657445167103425 0.3790272997615346
9 137.0 0.0 -1.0 -1.0 -1.0 0.0 0.3179694546385786 0.3118096966565818 0.3702208487048395
9 138.0 0.0 -1.0 -1.0 -1.0 0.0 0.3274191521799046 0.3125878003486985 0.3599930474713968
9 139.0 0.0 -1.0 -1.0 -1.0 0.0 0.3241041868669315 0.34892513661095315 0.32697067652211553
9 140.0 0.0 -1.0 -1.0 -1.0 0.0 0.333290656954158 0.33306658400221756 0.3336427590436244
9 141.0 0.0 -1.0 -1.0 -1.0 0.0 0.32278674229127047 0.3247657526990583 0.3524475050096712
9 142.0 0.0 -1.0 -1.0 -1.0 0.0 0.3113502324246791 0.3335085340059161 0.35514123356940486
9 143.0 0.0 -1.0 -1.0 -1.0 0.0 0.3213972941375671 0.3253096057062187 0.3532931001562142
9 144.0 0.0 -1.0 -1.0 -1.0 0.0 0.3279796325169338 0.3370360750233214 0.3349842924597449
9 145.0 0.0 -1.0 -1.0 -1.0 0.0 0.3290719371013047 0.34421926713075157 0.3267087957679438
9 146.0 0.0 -1.0 -1.0 -1.0 0.0 0.30856103970865995 0.3482602410752704 0.3431787192160695
9 147.0 0.0 -1.0 -1.0 -1.0 0.0 0.3152590431149209 0.3695241523629501 0.31521680452212897
9 148.0 0.0 -1.0 -1.0 -1.0 0.0 0.3372917644501735 0.34616502598027665 0.31654320956954984
9 149.0 0.0 -1.0 -1.0 -1.0 0.0 0.3297314284707268 0.3262002791086322 0.34406829242064063
9 150.0 0.0 -1.0 -1.0 -1.0 0.0 0.33013954351293634 0.3234484517871726 0.3464120046998908
9 151.0 0.0 -1.0 -1.0 -1.0 0.0 0.3045003787102099 0.32758420533056337 0.3679154159592266
9 152.0 0.0 -1.0 -1.0 -1.0 0.0 0.3088005349382441 0.33525815797185315 0.3559413070899027
9 153.0 0.0 -1.0 -1.0 -1.0 0.0 0.3105809777737392 0.35225330093634694 0.3371657212899137
9 154.0 0.0 -1.0 -1.0 -1.0 0.0 0.31308622371761236 0.3590460018122712 0.3278677744701167
9 155.0 0.0 -1.0 -1.0 -1.0 0.0 0.3225554424250881 0.31612270060177855 0.36132185697313335
9 156.0 0.0 -1.0 -1.0 -1.0 0.0 0.2929891856175731 0.32788766062481156 0.3791231537576153
9 157.0 0.0 -1.0 -1.0 -1.0 0.0 0.30245469174757206 0.3678007429605927 0.32974456529183516
9 158.0 0.0 -1.0 -1.0 -1.0 0.0 0.30499437460494666 0.37402470618753286 0.32098091920752075
9 159.0 0.0 -1.0 -1.0 -1.0 0.0 0.3435207128583403 0.3516809395580756 0.304798347583584
9 160.0 0.0 -1.0 -1.0 -1.0 0.0 0.34755868558855246 0.3370466702241231 0.3153946441873243
9 161.0 0.0 -1.0 -1.0 -1.0 0.0 0.3339599353818193 0.3324737714419962 0.3335662931761844
9 162.0 0.0 -1.0 -1.0 -1.0 0.0 0.3593794215107047 0.32640431542900056 0.31421626306029476
9 163.0 0.0 -1.0 -1.0 -1.0 0.0 0.3460871411838292 0.33872198842603696 0.3151908703901338
9 164.0 0.0 -1.0 -1.0 -1.0 0.0 0.3497460698729906 0.34819063104444387 0.30206329908256524
9 165.0 0.0 -1.0 -1.0 -1.0 0.0 0.3476158706913863 0.3487209888194125 0.3036631404892012
9 166.0 0.0 -1.0 -1.0 -1.0 0.0 0.334725175027084 0.36275601873920343 0.3025188062337127
9 167.0 0.0 -1.0 -1.0 -1.0 0.0 0.30890075363189834 0.36267695147901075 0.3284222948890909
9 168.0 0.0 -1.0 -1.0 -1.0 0.0 0.3036353472166871 0.3705970912190081 0.32576756156430475
9 169.0 0.0 -1.0 -1.0 -1.0 0.0 0.30750287294127976 0.38794808019647353 0.3045490468622469
9 170.0 0.0 -1.0 -1.0 -1.0 0.0 0.2982680125441503 0.36628108583863983 0.3354509016172097
9 171.0 0.0 -1.0 -1.0 -1.0 0.0 0.30623028648920997 0.35608160632742214 0.3376881071833677
9 172.0 0.0 -1.0 -1.0 -1.0 0.0 0.33076893426244575 0.32515504475226165 0.3440760209852927
9 173.0 0.0 -1.0 -1.0 -1.0 0.0 0.34308440638377036 0.31425873396119497 0.34265685965503456
9 174.0 0.0 -1.0 -1.0 -1.0 0.0 0.3006347234263321 0.33028365646802826 0.36908162010563994
9 175.0 0.0 -1.0 -1.0 -1.0 0.0 0.3020663230421575 0.3371293251773295 0.360804351780513
9 176.0 0.0 -1.0 -1.0 -1.0 0.0 0.2923613101879171 0.3734018105456521 0.334236879266431
9 177.0 0.0 -1.0 -1.0 -1.0 0.0 0.2867340392551529 0.38569840607552947 0.32756755466931736
9 178.0 0.0 -1.0 -1.0 -1.0 0.0 0.29629269970423705 0.3724231284756969 0.3312841718200661
9 179.0 0.0 -1.0 -1.0 -1.0 0.0 0.31655041857693983 0.34337736941928254 0.3400722120037776
9 180.0 0.0 -1.0 -1.0 -1.0 0.0 0.3339206553175989 0.32754872089281845 0.33853062378958265
9 181.0 0.0 -1.0 -1.0 -1.0 0.0 0.33721115478621383 0.3025963929256428 0.3601924522881435
9 182.0 0.0 -1.0 -1.0 -1.0 0.0 0.3332670897094562 0.3318801830336212 0.33485272725692233
9 183.0 0.0 -1.0 -1.0 -1.0 0.0 0.3224138071635677 0.33223456314698635 0.3453516296894459
9 184.0 0.0 -1.0 -1.0 -1.0 0.0 0.3395638331089309 0.3048266396219824 0.3556095272690866
9 185.0 0.0 -1.0 -1.0 -1.0 0.0 0.33468034703961763 0.30550529610808674 0.3598143568522957
9 186.0 0.0 -1.0 -1.0 -1.0 0.0 0.3699436940116261 0.30076103288408856 0.3292952731042853
9 187.0 0.0 -1.0 -1.0 -1.0 0.0 0.37075060332556076 0.2877669644909023 0.34148243218353713
9 188.0 0.0 -1.0 -1.0 -1.0 0.0 0.3545421058470689 0.3075437915064239 0.33791410264650723
9 189.0 0.0 -1.0 -1.0 -1.0 0.0 0.3579601227301996 0.29847459729544423 0.343565279974356
9 190.0 0.0 -1.0 -1.0 -1.0 0.0 0.32730579272420735 0.3171960602248622 0.3554981470509307
9 191.0 0.0 -1.0 -1.0 -1.0 0.0 0.33027883181594325 0.3119257039450856 0.357795464238971
9 192.0 0.0 -1.0 -1.0 -1.0 0.0 0.3232395426140818 0.3065954152877303 0.37016504209818807
9 193.0 0.0 -1.0 -1.0 -1.0 0.0 0.32702110204864054 0.30890505382537475 0.3640738441259847
9 194.0 0.0 -1.0 -1.0 -1.0 0.0 0.3380109662412687 0.2758897964733006 0.38609923728543044
9 195.0 0.0 -1.0 -1.0 -1.0 0.0 0.3167264175109769 0.2899762319391919 0.3932973505498311
9 196.0 0.0 -1.0 -1.0 -1.0 0.0 0.32573189476503245 0.30885507602133283 0.3654130292136346
9 197.0 0.0 -1.0 -1.0 -1.0 0.0 0.31227618916583283 0.30793064299755213 0.37979316783661515
9 198.0 0.0 -1.0 -1.0 -1.0 0.0 0.3087934667867234 0.34567488573832816 0.3455316474749487
9 199.0 0.0 -1.0 -1.0 -1.0 0.0 0.2982878702878979 0.33268448952296564 0.3690276401891363
9 200.0 0.0 -1.0 -1.0 -1.0 0.0 0.3287025188704401 0.32644320447793646 0.34485427665162355
9 201.0 0.0 -1.0 -1.0 -1.0 0.0 0.3448688965320187 0.30381793643250393 0.3513131670354774
9 202.0 0.0 -1.0 -1.0 -1.0 0.0 0.3323003206825685 0.32744119914797637 0.34025848016945526
9 203.0 0.0 -1.0 -1.0 -1.0 0.0 0.33196230961533724 0.3475983577578167 0.32043933262684626
9 204.0 0.0 -1.0 -1.0 -1.0 0.0 0.3111272572418153 0.35946030126661904 0.3294124414915659
9 205.0 0.0 -1.0 -1.0 -1.0 0.0 0.3073062309878694 0.3280598821651834 0.3646338868469471
9 206.0 0.0 -1.0 -1.0 -1.0 0.0 0.3079995704417236 0.32514283390773796 0.36685759565053855
9 207.0 0.0 -1.0 -1.0 -1.0 0.0 0.3139210756608808 0.33334212622440446 0.3527367981147147
9 208.0 0.0 -1.0 -1.0 -1.0 0.0 0.31556942951642175 0.34687629643089496 0.3375542740526833
9 209.0 0.0 -1.0 -1.0 -1.0 0.0 0.34065459382398006 0.3682592400069818 0.2910861661690384
9 210.0 0.0 -1.0 -1.0 -1.0 0.0 0.3175274742206533 0.37266146486084106 0.3098110609185057
9 211.0 0.0 -1.0 -1.0 -1.0 0.0 0.36790385002758796 0.3441813249548528 0.2879148250175591
9 212.0 0.0 -1.0 -1.0 -1.0 0.0 0.3263841983306228 0.3709545710657668 0.3026612306036103
9 213.0 0.0 -1.0 -1.0 -1.0 0.0 0.34652625672271214 0.34915325516380114 0.3043204881134867
9 214.0 0.0 -1.0 -1.0 -1.0 0.0 0.3809936795134917 0.3316424318995594 0.2873638885869489
9 215.0 0.0 -1.0 -1.0 -1.0 0.0 0.35696056568118095 0.338897391831844 0.304142042486975
9 216.0 0.0 -1.0 -1.0 -1.0 0.0 0.32948829884274317 0.36562187642924926 0.30488982472800763
9 217.0 0.0 -1.0 -1.0 -1.0 0.0 0.33274152092939174 0.33925378429691677 0.3280046947736917
9 218.0 0.0 -1.0 -1.0 -1.0 0.0 0.32168360333147156 0.35119376987286854 0.3271226267956602
9 219.0 0.0 -1.0 -1.0 -1.0 0.0 0.33606185230124597 0.36692101256643783 0.29701713513231603
9 220.0 0.0 -1.0 -1.0 -1.0 0.0 0.32411254601093664 0.35732253077485376 0.31856492321420943
9 221.0 0.0 -1.0 -1.0 -1.0 0.0 0.341481376361829 0.3351736825431778 0.3233449410949932
9 222.0 0.0 -1.0 -1.0 -1.0 0.0 0.34051419439938874 0.34874879517620483 0.31073701042440627
9 223.0 0.0 -1.0 -1.0 -1.0 0.0 0.359027204565693 0.34288153572412866 0.29809125971017836
9 224.0 0.0 -1.0 -1.0 -1.0 0.0 0.34483048546612316 0.3510214198464251 0.30414809468745185
9 225.0 0.0 -1.0 -1.0 -1.0 0.0 0.33983260222668227 0.36325792009879637 0.29690947767452125
9 226.0 0.0 -1.0 -1.0 -1.0 0.0 0.3336885265066711 0.36511420878670015 0.3011972647066288
9 227.0 0.0 -1.0 -1.0 -1.0 0.0 0.3458592181093467 0.32721852123356115 0.32692226065709223
9 228.0 0.0 -1.0 -1.0 -1.0 0.0 0.3279355828340057 0.32319253595164954 0.34887188121434454
9 229.0 0.0 -1.0 -1.0 -1.0 0.0 0.34312013285785964 0.33760108448462056 0.3192787826575198
9 230.0 0.0 -1.0 -1.0 -1.0 0.0 0.35535226986211776 0.32514088839307087 0.3195068417448114
9 231.0 0.0 -1.0 -1.0 -1.0 0.0 0.3477393038447151 0.34710893611608035 0.30515176003920436
9 232.0 0.0 -1.0 -1.0 -1.0 0.0 0.34753327194114186 0.3326803937802426 0.3197863342786157
9 233.0 0.0 -1.0 -1.0 -1.0 0.0 0.3784558182571465 0.28705927448125435 0.33448490726159913
9 234.0 0.0 -1.0 -1.0 -1.0 0.0 0.3552073849019229 0.2960883569685539 0.34870425812952344
9 235.0 0.0 -1.0 -1.0 -1.0 0.0 0.3456415331331188 0.31477188382916443 0.3395865830377168
9 236.0 0.0 -1.0 -1.0 -1.0 0.0 0.3549455169336352 0.30903917531143654 0.3360153077549281
9 237.0 0.0 -1.0 -1.0 -1.0 0.0 0.34204920728870986 0.3234515026482169 0.3344992900630729
9 238.0 0.0 -1.0 -1.0 -1.0 0.0 0.3159144124955862 0.3242002321266193 0.3598853553777943
9 239.0 0.0 -1.0 -1.0 -1.0 0.0 0.325851283534443 0.3127952641520721 0.3613534523134851
9 240.0 0.0 -1.0 -1.0 -1.0 0.0 0.3267744675551998 0.32816527663028666 0.34506025581451377
9 241.0 0.0 -1.0 -1.0 -1.0 0.0 0.36123605470873216 0.3252312238864601 0.3135327214048074
9 242.0 0.0 -1.0 -1.0 -1.0 0.0 0.39245049056378095 0.29964749062022583 0.30790201881599305
9 243.0 0.0 -1.0 -1.0 -1.0 0.0 0.34699898939732393 0.3378844266410461 0.31511658396163017
9 244.0 0.0 -1.0 -1.0 -1.0 0.0 0.30659236418642716 0.3629380552942939 0.33046958051927916
9 245.0 0.0 -1.0 -1.0 -1.0 0.0 0.3049578161414284 0.3426336855131019 0.3524084983454697
9 246.0 0.0 -1.0 -1.0 -1.0 0.0 0.324388131762273 0.3295333473115386 0.3460785209261886
9 247.0 0.0 -1.0 -1.0 -1.0 0.0 0.3309143456700884 0.3222307316592218 0.34685492267068974
9 248.0 0.0 -1.0 -1.0 -1.0 0.0 0.35280434738519745 0.2985199485631552 0.3486757040516473
9 249.0 0.0 -1.0 -1.0 -1.0 0.0 0.32344702342476706 0.3071490174853503 0.36940395908988244
9 250.0 0.0 -1.0 -1.0 -1.0 0.0 0.33842374967643374 0.30619034478779367 0.35538590553577265
9 251.0 0.0 -1.0 -1.0 -1.0 0.0 0.31809576436195675 0.3093190694741602 0.37258516616388326
9 252.0 0.0 -1.0 -1.0 -1.0 0.0 0.3231443811017761 0.3083450087801955 0.3685106101180285
9 253.0 0.0 -1.0 -1.0 -1.0 0.0 0.342625335813731 0.33466659121480163 0.32270807297146736
9 254.0 0.0 -1.0 -1.0 -1.0 0.0 0.3457637248097415 0.32897467909666306 0.32526159609359573
9 255.0 0.0 -1.0 -1.0 -1.0 0.0 0.32724067594302403 0.3636343887007516 0.3091249353562242
9 256.0 0.0 -1.0 -1.0 -1.0 0.0 0.341600923146123 0.33686958437158787 0.3215294924822891
9 257.0 0.0 -1.0 -1.0 -1.0 0.0 0.34551095056308745 0.3182209851211242 0.33626806431578843
9 258.0 0.0 -1.0 -1.0 -1.0 0.0 0.3550256481979403 0.32503288142506725 0.3199414703769925
9 259.0 0.0 -1.0 -1.0 -1.0 0.0 0.35085064054461607 0.35764843721521067 0.29150092224017327
9 260.0 0.0 -1.0 -1.0 -1.0 0.0 0.33076962808633875 0.342499347526544 0.32673102438711743
9 261.0 0.0 -1.0 -1.0 -1.0 0.0 0.3416374254070933 0.3386881707286307 0.3196744038642759
9 262.0 0.0 -1.0 -1.0 -1.0 0.0 0.38347337169433415 0.29862262520707433 0.31790400309859135
9 263.0 0.0 -1.0 -1.0 -1.0 0.0 0.3675941031723539 0.30809621484098126 0.324309681986665
9 264.0 0.0 -1.0 -1.0 -1.0 0.0 0.3778354430803188 0.31138639257025147 0.3107781643494298
9 265.0 0.0 -1.0 -1.0 -1.0 0.0 0.3303384982251156 0.3244864281557542 0.3451750736191299
9 266.0 0.0 -1.0 -1.0 -1.0 0.0 0.3267500060215845 0.3346006687419337 0.33864932523648206
9 267.0 0.0 -1.0 -1.0 -1.0 0.0 0.31983886733845635 0.33943282552448706 0.34072830713705643
9 268.0 0.0 -1.0 -1.0 -1.0 0.0 0.32211589246252925 0.3361273237594578 0.3417567837780131
9 269.0 0.0 -1.0 -1.0 -1.0 0.0 0.320617550525532 0.33475445389126063 0.34462799558320734
9 270.0 0.0 -1.0 -1.0 -1.0 0.0 0.30772905432770986 0.35539884575902186 0.33687209991326805
9 271.0 0.0 -1.0 -1.0 -1.0 0.0 0.3111121160391666 0.3530978154401276 0.3357900685207059
9 272.0 0.0 -1.0 -1.0 -1.0 0.0 0.3058066163058197 0.33681213258931775 0.35738125110486263
9 273.0 0.0 -1.0 -1.0 -1.0 0.0 0.2880362378409268 0.34178386008353123 0.3701799020755421
9 274.0 0.0 -1.0 -1.0 -1.0 0.0 0.3068992578414746 0.3371686827875619 0.3559320593709637
9 275.0 0.0 -1.0 -1.0 -1.0 0.0 0.33822846602285267 0.3164333844196069 0.34533814955754044
9 276.0 0.0 -1.0 -1.0 -1.0 0.0 0.34772685002413406 0.3182868151557228 0.3339863348201433
9 277.0 0.0 -1.0 -1.0 -1.0 0.0 0.33480800361894514 0.3213356815126041 0.343856314868451
9 278.0 0.0 -1.0 -1.0 -1.0 0.0 0.34393815936655914 0.3047203326652896 0.3513415079681513
9 279.0 0.0 -1.0 -1.0 -1.0 0.0 0.3536175200117028 0.30928078128836084 0.33710169869993645
9 280.0 0.0 -1.0 -1.0 -1.0 0.0 0.3292657627700645 0.32256611377893196 0.3481681234510033
9 281.0 0.0 -1.0 -1.0 -1.0 0.0 0.3357089309239531 0.3273823114482654 0.3369087576277814
9 282.0 0.0 -1.0 -1.0 -1.0 0.0 0.357803787546303 0.30295323009338343 0.3392429823603137
9 283.0 0.0 -1.0 -1.0 -1.0 0.0 0.37729727811795954 0.295283991294302 0.3274187305877384
9 284.0 0.0 -1.0 -1.0 -1.0 0.0 0.40320550407594974 0.2945646827406618 0.30222981318338826
9 285.0 0.0 -1.0 -1.0 -1.0 0.0 0.37109813662931784 0.3268904969285835 0.30201136644209836
9 286.0 0.0 -1.0 -1.0 -1.0 0.0 0.36763548704979215 0.3111766615365108 0.32118785141369693
9 287.0 0.0 -1.0 -1.0 -1.0 0.0 0.35219044072055294 0.3147904854202357 0.3330190738592115
9 288.0 0.0 -1.0 -1.0 -1.0 0.0 0.34398805385189524 0.32338994708254576 0.332621999065559
9 289.0 0.0 -1.0 -1.0 -1.0 0.0 0.37849789445147697 0.30127585868879114 0.3202262468597317
9 290.0 0.0 -1.0 -1.0 -1.0 0.0 0.34737781765068443 0.31920580183574715 0.3334163805135685
9 291.0 0.0 -1.0 -1.0 -1.0 0.0 0.38236902226100367 0.31463531153332924 0.3029956662056669
9 292.0 0.0 -1.0 -1.0 -1.0 0.0 0.3837219889756956 0.3006603956289203 0.31561761539538424
9 293.0 0.0 -1.0 -1.0 -1.0 0.0 0.36648238781996695 0.33582860822831884 0.29768900395171405
9 294.0 0.0 -1.0 -1.0 -1.0 0.0 0.35034900625249443 0.3479440309239416 0.3017069628235639
9 295.0 0.0 -1.0 -1.0 -1.0 0.0 0.3411749801450402 0.3578572446989636 0.30096777515599615
9 296.0 0.0 -1.0 -1.0 -1.0 0.0 0.3502455203180345 0.34176773709935027 0.3079867425826153
9 297.0 0.0 -1.0 -1.0 -1.0 0.0 0.3283172248076008 0.3780291356055554 0.2936536395868439
9 298.0 0.0 -1.0 -1.0 -1.0 0.0 0.3268774403220894 0.3842064473116585 0.28891611236625225
9 299.0 0.0 -1.0 -1.0 -1.0 0.0 0.3232926833236967 0.35627269108175386 0.3204346255945494
9 300.0 0.0 -1.0 -1.0 -1.0 0.0 0.31802886730117313 0.338301999434726 0.3436691332641011
9 301.0 0.0 -1.0 -1.0 -1.0 0.0 0.3592107705406167 0.31075852191031933 0.33003070754906405
9 302.0 0.0 -1.0 -1.0 -1.0 0.0 0.34904953603277233 0.3252380378681864 0.3257124260990413
9 303.0 0.0 -1.0 -1.0 -1.0 0.0 0.33356992398871455 0.3345279485659172 0.33190212744536823
9 304.0 0.0 -1.0 -1.0 -1.0 0.0 0.35425973617727524 0.32101719602096473 0.32472306780175947
9 305.0 0.0 -1.0 -1.0 -1.0 0.0 0.35071780097304106 0.3405578728358727 0.30872432619108614
9 306.0 0.0 -1.0 -1.0 -1.0 0.0 0.37285798612152704 0.32067715739029884 0.3064648564881742
9 307.0 0.0 -1.0 -1.0 -1.0 0.0 0.4043551212455222 0.31945762786675547 0.27618725088772217
9 308.0 0.0 -1.0 -1.0 -1.0 0.0 0.39146553022732067 0.3303766894093089 0.27815778036337035
9 309.0 0.0 -1.0 -1.0 -1.0 0.0 0.3765721703272565 0.31521479754492093 0.30821303212782264
9 310.0 0.0 -1.0 -1.0 -1.0 0.0 0.3720522838275425 0.3149712131029622 0.31297650306949526
9 311.0 0.0 -1.0 -1.0 -1.0 0.0 0.3528987773092074 0.3314095383473014 0.3156916843434912
9 312.0 0.0 -1.0 -1.0 -1.0 0.0 0.3447430296888505 0.3453223458467858 0.309934624464364
9 313.0 0.0 -1.0 -1.0 -1.0 0.0 0.34039921354430525 0.3499864565979902 0.3096143298577045
9 314.0 0.0 -1.0 -1.0 -1.0 0.0 0.33057416502839965 0.33888793938540523 0.3305378955861953
9 315.0 0.0 -1.0 -1.0 -1.0 0.0 0.34265274557371905 0.3458366250161889 0.3115106294100924
9 316.0 0.0 -1.0 -1.0 -1.0 0.0 0.3353528040781072 0.33422984404937844 0.33041735187251425
9 317.0 0.0 -1.0 -1.0 -1.0 0.0 0.31668139845467475 0.33858641265094386 0.3447321888943813
9 318.0 0.0 -1.0 -1.0 -1.0 0.0 0.3135913141383443 0.3346668560900706 0.35174182977158525
9 319.0 0.0 -1.0 -1.0 -1.0 0.0 0.30941422420052106 0.33271665757193103 0.3578691182275479
9 320.0 0.0 -1.0 -1.0 -1.0 0.0 0.33122471547943033 0.3046417432082248 0.364133541312345
9 321.0 0.0 -1.0 -1.0 -1.0 0.0 0.3180185440440445 0.3226857916460454 0.3592956643099101
9 322.0 0.0 -1.0 -1.0 -1.0 0.0 0.31485320201398975 0.33476635263978166 0.35038044534622825
9 323.0 0.0 -1.0 -1.0 -1.0 0.0 0.3125430458540776 0.29923396239116257 0.38822299175475977
9 324.0 0.0 -1.0 -1.0 -1.0 0.0 0.322718376662692 0.2915129335450272 0.38576868979228074
9 325.0 0.0 -1.0 -1.0 -1.0 0.0 0.2984037615406385 0.32737271016961367 0.37422352828974786
9 326.0 0.0 -1.0 -1.0 -1.0 0.0 0.31338895865871935 0.32713159003883496 0.3594794513024459
9 327.0 0.0 -1.0 -1.0 -1.0 0.0 0.3121000964054229 0.31783574745187665 0.3700641561427006
9 328.0 0.0 -1.0 -1.0 -1.0 0.0 0.3262623868176018 0.32614945258869776 0.34758816059370046
9 329.0 0.0 -1.0 -1.0 -1.0 0.0 0.3252366566699843 0.34463930151990924 0.3301240418101065
9 330.0 0.0 -1.0 -1.0 -1.0 0.0 0.3095616657408912 0.3111298451894532 0.3793084890696554
9 331.0 0.0 -1.0 -1.0 -1.0 0.0 0.30276893765741697 0.3246404942928426 0.37259056804974044
9 332.0 0.0 -1.0 -1.0 -1.0 0.0 0.2996786835811743 0.3415760141457262 0.3587453022730995
9 333.0 0.0 -1.0 -1.0 -1.0 0.0 0.3351547178477576 0.3466296805991299 0.31821560155311246
9 334.0 0.0 -1.0 -1.0 -1.0 0.0 0.31022626848717244 0.3517657173891089 0.3380080141237186
9 335.0 0.0 -1.0 -1.0 -1.0 0.0 0.32189536356174875 0.35560283711066526 0.3225017993275861
9 336.0 0.0 -1.0 -1.0 -1.0 0.0 0.3623859867150774 0.33889566599907417 0.29871834728584884
9 337.0 0.0 -1.0 -1.0 -1.0 0.0 0.36264526145624953 0.3616511296459121 0.2757036088978382
9 338.0 0.0 -1.0 -1.0 -1.0 0.0 0.3483095434037257 0.343939182996419 0.3077512735998551
9 339.0 0.0 -1.0 -1.0 -1.0 0.0 0.3123128840817785 0.3433218493132788 0.3443652666049428
9 340.0 0.0 -1.0 -1.0 -1.0 0.0 0.3289714803886881 0.3107452375150418 0.36028328209627003
9 341.0 0.0 -1.0 -1.0 -1.0 0.0 0.32112331720349724 0.3020904894147123 0.3767861933817901
9 342.0 0.0 -1.0 -1.0 -1.0 0.0 0.32186273827828565 0.31030600270155484 0.36783125902015945
9 343.0 0.0 -1.0 -1.0 -1.0 0.0 0.312766544486289 0.30567819072662966 0.3815552647870812
9 344.0 0.0 -1.0 -1.0 -1.0 0.0 0.31438334159944137 0.3012961649203922 0.3843204934801663
9 345.0 0.0 -1.0 -1.0 -1.0 0.0 0.3343460978485587 0.2868565401816724 0.3787973619697687
9 346.0 0.0 -1.0 -1.0 -1.0 0.0 0.32573862770649487 0.31550651052381345 0.35875486176969174
9 347.0 0.0 -1.0 -1.0 -1.0 0.0 0.318475405430746 0.3108096852807554 0.3707149092884985
9 348.0 0.0 -1.0 -1.0 -1.0 0.0 0.30759207035381997 0.33909183967918877 0.35331608996699154
9 349.0 0.0 -1.0 -1.0 -1.0 0.0 0.3180673387724312 0.34328219919394265 0.33865046203362636
9 350.0 0.0 -1.0 -1.0 -1.0 0.0 0.3162801370002932 0.35116606667622136 0.3325537963234854
9 351.0 0.0 -1.0 -1.0 -1.0 0.0 0.3110358496131549 0.36730710408287054 0.32165704630397435
9 352.0 0.0 -1.0 -1.0 -1.0 0.0 0.33486785681537207 0.3687447188689212 0.296387424315707
9 353.0 0.0 -1.0 -1.0 -1.0 0.0 0.35132294025327476 0.3617770030090341 0.28690005673769137
9 354.0 0.0 -1.0 -1.0 -1.0 0.0 0.3124609410466531 0.37195005440788415 0.31558900454546285
9 355.0 0.0 -1.0 -1.0 -1.0 0.0 0.3106456943375672 0.35607474051148635 0.3332795651509464
9 356.0 0.0 -1.0 -1.0 -1.0 0.0 0.3413888760427759 0.3339153595538458 0.32469576440337844
9 357.0 0.0 -1.0 -1.0 -1.0 0.0 0.34274103041864357 0.33809920527345766 0.31915976430789883
9 358.0 0.0 -1.0 -1.0 -1.0 0.0 0.3402220529332034 0.33085926229107315 0.3289186847757233
9 359.0 0.0 -1.0 -1.0 -1.0 0.0 0.3472970293552642 0.33686259721323375 0.31584037343150223
9 360.0 0.0 -1.0 -1.0 -1.0 0.0 0.3456438447231803 0.323331408167163 0.33102474710965657
9 361.0 0.0 -1.0 -1.0 -1.0 0.0 0.34262428708858594 0.32186366789104276 0.3355120450203713
9 362.0 0.0 -1.0 -1.0 -1.0 0.0 0.3348556927696258 0.32065969726242133 0.3444846099679528
9 363.0 0.0 -1.0 -1.0 -1.0 0.0 0.31523190136507845 0.35586186390266156 0.32890623473226
9 364.0 0.0 -1.0 -1.0 -1.0 0.0 0.3442401409376089 0.3374344568647325 0.31832540219765837
9 365.0 0.0 -1.0 -1.0 -1.0 0.0 0.3359606291884173 0.3413579902866048 0.322681380524978
9 366.0 0.0 -1.0 -1.0 -1.0 0.0 0.334937248700523 0.3173037570480435 0.3477589942514338
9 367.0 0.0 -1.0 -1.0 -1.0 0.0 0.3485904440750627 0.30737040676740884 0.3440391491575285
9 368.0 0.0 -1.0 -1.0 -1.0 0.0 0.36255985928386975 0.3053890782503387 0.33205106246579164
9 369.0 0.0 -1.0 -1.0 -1.0 0.0 0.367488544512202 0.33544139530127526 0.2970700601865229
9 370.0 0.0 -1.0 -1.0 -1.0 0.0 0.3651505940850553 0.3322689464146745 0.3025804595002704
9 371.0 0.0 -1.0 -1.0 -1.0 0.0 0.35452702807826897 0.30069983164045105 0.34477314028128
9 372.0 0.0 -1.0 -1.0 -1.0 0.0 0.3482308058568318 0.31690173912196523 0.334867455021203
9 373.0 0.0 -1.0 -1.0 -1.0 0.0 0.35592634713366683 0.3291318410533152 0.3149418118130176
9 374.0 0.0 -1.0 -1.0 -1.0 0.0 0.3258158703881757 0.3619005915597528 0.31228353805207154
9 375.0 0.0 -1.0 -1.0 -1.0 0.0 0.3065772000058951 0.35794390408014315 0.33547889591396163
9 376.0 0.0 -1.0 -1.0 -1.0 0.0 0.3022160166452524 0.35725136525341405 0.34053261810133345
9 377.0 0.0 -1.0 -1.0 -1.0 0.0 0.3066880324559559 0.3558719104288614 0.3374400571151826
9 378.0 0.0 -1.0 -1.0 -1.0 0.0 0.3091083826386359 0.3429894023488212 0.34790221501254315
9 379.0 0.0 -1.0 -1.0 -1.0 0.0 0.3222847360373584 0.34456094475295485 0.3331543192096868
9 380.0 0.0 -1.0 -1.0 -1.0 0.0 0.3380566395010423 0.34431899017144424 0.31762437032751323
9 381.0 0.0 -1.0 -1.0 -1.0 0.0 0.32630666446786266 0.3474629949194325 0.3262303406127048
9 382.0 0.0 -1.0 -1.0 -1.0 0.0 0.32470944456208956 0.32440918989066225 0.35088136554724825
9 383.0 0.0 -1.0 -1.0 -1.0 0.0 0.32268963553791563 0.3319322511746405 0.3453781132874439
9 384.0 0.0 -1.0 -1.0 -1.0 0.0 0.29800496363928647 0.34673547910009167 0.355259557260622
9 385.0 0.0 -1.0 -1.0 -1.0 0.0 0.2875036565904646 0.35402243925950505 0.35847390415003033
9 386.0 0.0 -1.0 -1.0 -1.0 0.0 0.3243601061134278 0.31085903346329125 0.36478086042328106
9 387.0 0.0 -1.0 -1.0 -1.0 0.0 0.3463484702400592 0.32231788132586947 0.33133364843407137
9 388.0 0.0 -1.0 -1.0 -1.0 0.0 0.35674624496960083 0.31926961751387406 0.3239841375165249
9 389.0 0.0 -1.0 -1.0 -1.0 0.0 0.3292342372715193 0.35449525059732195 0.31627051213115887
9 390.0 0.0 -1.0 -1.0 -1.0 0.0 0.33102207372991815 0.32985794870536367 0.33911997756471846
9 391.0 0.0 -1.0 -1.0 -1.0 0.0 0.3355562942906644 0.33033668162810165 0.33410702408123377
9 392.0 0.0 -1.0 -1.0 -1.0 0.0 0.3701367303264887 0.3102473513867323 0.31961591828677915
9 393.0 0.0 -1.0 -1.0 -1.0 0.0 0.33935859968032345 0.3235366477421867 0.33710475257748973
9 394.0 0.0 -1.0 -1.0 -1.0 0.0 0.34128775154804925 0.3263203583772668 0.3323918900746839
9 395.0 0.0 -1.0 -1.0 -1.0 0.0 0.35233771712356543 0.3615156856383075 0.2861465972381271
9 396.0 0.0 -1.0 -1.0 -1.0 0.0 0.36258462178921574 0.32575200002411414 0.3116633781866701
9 397.0 0.0 -1.0 -1.0 -1.0 0.0 0.3423397675815166 0.3328287706769928 0.3248314617414906
9 398.0 0.0 -1.0 -1.0 -1.0 0.0 0.34860733289929546 0.32256614705661923 0.32882652004408525
9 399.0 0.0 -1.0 -1.0 -1.0 0.0 0.33674942877245523 0.3138742563874786 0.34937631484006615
9 400.0 0.0 -1.0 -1.0 -1.0 0.0 0.36031400484886594 0.3140200992479084 0.32566589590322564
9 401.0 0.0 -1.0 -1.0 -1.0 0.0 0.38452878564819687 0.2848837640166365 0.33058745033516684
9 402.0 0.0 -1.0 -1.0 -1.0 0.0 0.3732996978885975 0.2992666164961873 0.3274336856152149
9 403.0 0.0 -1.0 -1.0 -1.0 0.0 0.3467045540663392 0.3269329687296532 0.32636247720400763
9 404.0 0.0 -1.0 -1.0 -1.0 0.0 0.32690805453388777 0.35198929772959103 0.32110264773652103
9 405.0 0.0 -1.0 -1.0 -1.0 0.0 0.35611409850137354 0.35472694158286816 0.28915895991575835
9 406.0 0.0 -1.0 -1.0 -1.0 0.0 0.3423639808854566 0.3611143355367114 0.2965216835778321
9 407.0 0.0 -1.0 -1.0 -1.0 0.0 0.32081484691937584 0.35157221971989694 0.32761293336072733
9 408.0 0.0 -1.0 -1.0 -1.0 0.0 0.3258058745294729 0.3598894584811861 0.31430466698934084
9 409.0 0.0 -1.0 -1.0 -1.0 0.0 0.31140242416592284 0.3629469778103456 0.32565059802373175
9 410.0 0.0 -1.0 -1.0 -1.0 0.0 0.32072495585095795 0.3431457924263745 0.33612925172266744
9 411.0 0.0 -1.0 -1.0 -1.0 0.0 0.3261983460222451 0.33004622195716116 0.34375543202059355
9 412.0 0.0 -1.0 -1.0 -1.0 0.0 0.31724925936547516 0.3388886498068287 0.34386209082769603
9 413.0 0.0 -1.0 -1.0 -1.0 0.0 0.31488384230378064 0.356011108065796 0.3291050496304236
9 414.0 0.0 -1.0 -1.0 -1.0 0.0 0.3345011011235712 0.3660477915218442 0.2994511073545844
9 415.0 0.0 -1.0 -1.0 -1.0 0.0 0.3727079906582319 0.3513054916101067 0.27598651773166144
9 416.0 0.0 -1.0 -1.0 -1.0 0.0 0.3642171296161589 0.3376757216546492 0.2981071487291916
9 417.0 0.0 -1.0 -1.0 -1.0 0.0 0.3493201104347967 0.33790363873669643 0.31277625082850724
9 418.0 0.0 -1.0 -1.0 -1.0 0.0 0.35035436284174876 0.3480472536748126 0.3015983834834387
9 419.0 0.0 -1.0 -1.0 -1.0 0.0 0.3683070851661671 0.3382075593020686 0.2934853555317643
9 420.0 0.0 -1.0 -1.0 -1.0 0.0 0.38817014018416585 0.30793274709172846 0.30389711272410586
9 421.0 0.0 -1.0 -1.0 -1.0 0.0 0.3962534409684831 0.2974745105552287 0.30627204847628836
9 422.0 0.0 -1.0 -1.0 -1.0 0.0 0.39805359412420266 0.31258593484584357 0.28936047102995366
9 423.0 0.0 -1.0 -1.0 -1.0 0.0 0.37522308056993203 0.312645260307323 0.3121316591227448
9 424.0 0.0 -1.0 -1.0 -1.0 0.0 0.3428084591889583 0.3155182533016386 0.3416732875094034
9 425.0 0.0 -1.0 -1.0 -1.0 0.0 0.32664921808587216 0.32604364920593343 0.3473071327081944
9 426.0 0.0 -1.0 -1.0 -1.0 0.0 0.3409203147489043 0.3182041421390542 0.3408755431120413
9 427.0 0.0 -1.0 -1.0 -1.0 0.0 0.3220323377777501 0.307980785296782 0.36998687692546783
9 428.0 0.0 -1.0 -1.0 -1.0 0.0 0.3011165139821377 0.31278024484454914 0.38610324117331307
9 429.0 0.0 -1.0 -1.0 -1.0 0.0 0.30600797470252344 0.30359571951242026 0.39039630578505624
9 430.0 0.0 -1.0 -1.0 -1.0 0.0 0.32534101291924883 0.30530866923961897 0.36935031784113187
9 431.0 0.0 -1.0 -1.0 -1.0 0.0 0.35795182195623254 0.3031522195254638 0.33889595851830384
9 432.0 0.0 -1.0 -1.0 -1.0 0.0 0.33676842500665566 0.32831511982027933 0.33491645517306523
9 433.0 0.0 -1.0 -1.0 -1.0 0.0 0.33346834000258696 0.3298237878989561 0.33670787209845676
9 434.0 0.0 -1.0 -1.0 -1.0 0.0 0.3340129436160762 0.33167682446236246 0.3343102319215612
9 435.0 0.0 -1.0 -1.0 -1.0 0.0 0.36275717943233926 0.30920432038047724 0.3280385001871833
9 436.0 0.0 -1.0 -1.0 -1.0 0.0 0.3228920658132772 0.3446697129009002 0.33243822128582257
9 437.0 0.0 -1.0 -1.0 -1.0 0.0 0.32839663121406304 0.35290011204461696 0.31870325674131983
9 438.0 0.0 -1.0 -1.0 -1.0 0.0 0.3167048533669695 0.37171728232057477 0.31157786431245577
9 439.0 0.0 -1.0 -1.0 -1.0 0.0 0.3318885188765412 0.3601408092108628 0.3079706719125962
9 440.0 0.0 -1.0 -1.0 -1.0 0.0 0.3335979633981214 0.3223846446527232 0.34401739194915526
9 441.0 0.0 -1.0 -1.0 -1.0 0.0 0.3390522850654012 0.3263511028445714 0.3345966120900276
9 442.0 0.0 -1.0 -1.0 -1.0 0.0 0.33362301718678 0.33641096148155936 0.3299660213316606
9 443.0 0.0 -1.0 -1.0 -1.0 0.0 0.31201772105872494 0.3402519506232611 0.3477303283180141
9 444.0 0.0 -1.0 -1.0 -1.0 0.0 0.3171163557719279 0.34450742486188174 0.3383762193661904
9 445.0 0.0 -1.0 -1.0 -1.0 0.0 0.32486540745952847 0.3263639984381295 0.3487705941023419
9 446.0 0.0 -1.0 -1.0 -1.0 0.0 0.35711251069946953 0.2953358209832382 0.3475516683172924
9 447.0 0.0 -1.0 -1.0 -1.0 0.0 0.336076373681587 0.31249539743641996 0.35142822888199293
9 448.0 0.0 -1.0 -1.0 -1.0 0.0 0.3274898007654114 0.30521338538542503 0.3672968138491637
9 449.0 0.0 -1.0 -1.0 -1.0 0.0 0.3116346449958341 0.31330577028090434 0.3750595847232615
9 450.0 0.0 -1.0 -1.0 -1.0 0.0 0.3460417328153727 0.30806377500168924 0.3458944921829379
9 451.0 0.0 -1.0 -1.0 -1.0 0.0 0.3564490766622038 0.32366465881374623 0.31988626452404995
9 452.0 0.0 -1.0 -1.0 -1.0 0.0 0.3682386391403993 0.3178743876625742 0.3138869731970262
9 453.0 0.0 -1.0 -1.0 -1.0 0.0 0.3448822041873663 0.3418432468362134 0.3132745489764203
9 454.0 0.0 -1.0 -1.0 -1.0 0.0 0.3377090530273483 0.33359756350596187 0.32869338346668975
9 455.0 0.0 -1.0 -1.0 -1.0 0.0 0.3313114777551495 0.3477451045537293 0.3209434176911212
9 456.0 0.0 -1.0 -1.0 -1.0 0.0 0.33583716903666533 0.3484867579394142 0.31567607302392015
9 457.0 0.0 -1.0 -1.0 -1.0 0.0 0.32814191023127165 0.3678228271217288 0.30403526264699976
9 458.0 0.0 -1.0 -1.0 -1.0 0.0 0.3375927238799643 0.3379593474407189 0.32444792867931693
9 459.0 0.0 -1.0 -1.0 -1.0 0.0 0.3095376346879938 0.34375710576896684 0.34670525954303927
9 460.0 0.0 -1.0 -1.0 -1.0 0.0 0.31525113755010237 0.3297546805864692 0.35499418186342796
9 461.0 0.0 -1.0 -1.0 -1.0 0.0 0.3375299294537616 0.3215902575565133 0.34087981298972503
9 462.0 0.0 -1.0 -1.0 -1.0 0.0 0.3381573085287255 0.2899600222725459 0.37188266919872853
9 463.0 0.0 -1.0 -1.0 -1.0 0.0 0.31983796592194147 0.3065143267669853 0.37364770731107333
9 464.0 0.0 -1.0 -1.0 -1.0 0.0 0.32126955391940143 0.28862056921554224 0.3901098768650561
9 465.0 0.0 -1.0 -1.0 -1.0 0.0 0.3336466691687874 0.29451476040579505 0.3718385704254177
9 466.0 0.0 -1.0 -1.0 -1.0 0.0 0.34775487500804236 0.29429087770616164 0.35795424728579595
9 467.0 0.0 -1.0 -1.0 -1.0 0.0 0.302234366234997 0.32858020891837403 0.3691854248466292
9 468.0 0.0 -1.0 -1.0 -1.0 0.0 0.3218681223062627 0.3303097972792759 0.3478220804144614
9 469.0 0.0 -1.0 -1.0 -1.0 0.0 0.32858013289363536 0.33490658441163695 0.33651328269472747
9 470.0 0.0 -1.0 -1.0 -1.0 0.0 0.30228928010942563 0.3787841650804239 0.3189265548101504
9 471.0 0.0 -1.0 -1.0 -1.0 0.0 0.3149385576268864 0.3726257490302913 0.3124356933428226
9 472.0 0.0 -1.0 -1.0 -1.0 0.0 0.31579148571850907 0.34848413962787894 0.33572437465361205
9 473.0 0.0 -1.0 -1.0 -1.0 0.0 0.32397668638153604 0.3348409268487225 0.34118238676974144
9 474.0 0.0 -1.0 -1.0 -1.0 0.0 0.37354554315626953 0.3005207208387159 0.32593373600501463
9 475.0 0.0 -1.0 -1.0 -1.0 0.0 0.4213110398657542 0.30416873276427614 0.2745202273699696
9 476.0 0.0 -1.0 -1.0 -1.0 0.0 0.3840265960904544 0.327062674784824 0.28891072912472177
9 477.0 0.0 -1.0 -1.0 -1.0 0.0 0.38551293744924614 0.3260776785684981 0.28840938398225563
9 478.0 0.0 -1.0 -1.0 -1.0 0.0 0.3685611713408199 0.32775855162758094 0.3036802770315991
9 479.0 0.0 -1.0 -1.0 -1.0 0.0 0.3459177303486547 0.34420039610393344 0.3098818735474118
9 480.0 0.0 -1.0 -1.0 -1.0 0.0 0.353376673796293 0.32488035575553664 0.3217429704481703
9 481.0 0.0 -1.0 -1.0 -1.0 0.0 0.36854300393742934 0.31982950088993195 0.3116274951726384
9 482.0 0.0 -1.0 -1.0 -1.0 0.0 0.35745209227375135 0.3077466419195205 0.33480126580672787
9 483.0 0.0 -1.0 -1.0 -1.0 0.0 0.3297665084210078 0.31443723571297727 0.35579625586601465
9 484.0 0.0 -1.0 -1.0 -1.0 0.0 0.34197454314516806 0.30735829552479116 0.35066716133004094
9 485.0 0.0 -1.0 -1.0 -1.0 0.0 0.3423416561020274 0.3020734897763911 0.3555848541215815
9 486.0 0.0 -1.0 -1.0 -1.0 0.0 0.3450569622890577 0.32541477774949373 0.32952825996144847
9 487.0 0.0 -1.0 -1.0 -1.0 0.0 0.3822278549301633 0.31161121725388274 0.3061609278159539
9 488.0 0.0 -1.0 -1.0 -1.0 0.0 0.3991243842925333 0.2793667972919304 0.32150881841553636
9 489.0 0.0 -1.0 -1.0 -1.0 0.0 0.39287285546525175 0.3057261101081682 0.30140103442658
9 490.0 0.0 -1.0 -1.0 -1.0 0.0 0.3783048407363424 0.33342819286034936 0.2882669664033084
9 491.0 0.0 -1.0 -1.0 -1.0 0.0 0.39436795386021095 0.31056658406314974 0.29506546207663925
9 492.0 0.0 -1.0 -1.0 -1.0 0.0 0.3830660029626919 0.30727748869573535 0.3096565083415726
9 493.0 0.0 -1.0 -1.0 -1.0 0.0 0.39607176158480123 0.28233356084849276 0.32159467756670596
9 494.0 0.0 -1.0 -1.0 -1.0 0.0 0.3850988829510541 0.2925094616611767 0.3223916553877691
9 495.0 0.0 -1.0 -1.0 -1.0 0.0 0.3815428354476799 0.28187411145256847 0.3365830530997518
9 496.0 0.0 -1.0 -1.0 -1.0 0.0 0.3810934264631845 0.2866926313101299 0.33221394222668565
9 497.0 0.0 -1.0 -1.0 -1.0 0.0 0.35784659821685805 0.27779156037885583 0.36436184140428607
9 498.0 0.0 -1.0 -1.0 -1.0 0.0 0.3870774408797274 0.28508931186941255 0.32783324725086027
9 499.0 0.0 -1.0 -1.0 -1.0 0.0 0.3799488438842276 0.288363817861063 0.3316873382547093
9 500.0 0.0 -1.0 -1.0 -1.0 0.0 0.36482620902213525 0.31197716779978274 0.32319662317808223
9 501.0 0.0 -1.0 -1.0 -1.0 0.0 0.37101240367795946 0.30178238385557116 0.3272052124664694
9 502.0 0.0 -1.0 -1.0 -1.0 0.0 0.3470491015412412 0.3165333529109861 0.3364175455477728
9 503.0 0.0 -1.0 -1.0 -1.0 0.0 0.34208159298953 0.3292328193797236 0.3286855876307466
9 504.0 0.0 -1.0 -1.0 -1.0 0.0 0.3355091937833161 0.33607023791513124 0.3284205683015527
9 505.0 0.0 -1.0 -1.0 -1.0 0.0 0.34573285854593655 0.32490092989993 0.3293662115541337
9 506.0 0.0 -1.0 -1.0 -1.0 0.0 0.3215380545712058 0.33943294358202164 0.3390290018467726
9 507.0 0.0 -1.0 -1.0 -1.0 0.0 0.3094702582324062 0.339671359335812 0.35085838243178186
9 508.0 0.0 -1.0 -1.0 -1.0 0.0 0.3259401397802631 0.3471339407410606 0.3269259194786762
9 509.0 0.0 -1.0 -1.0 -1.0 0.0 0.3379333263670071 0.3537370545638487 0.3083296190691442
9 510.0 0.0 -1.0 -1.0 -1.0 0.0 0.3198806405954616 0.3477886872286115 0.332330672175927
9 511.0 0.0 -1.0 -1.0 -1.0 0.0 0.3269194797870518 0.3443143061836099 0.3287662140293382
9 512.0 0.0 -1.0 -1.0 -1.0 0.0 0.3190457928824952 0.35964800185031154 0.3213062052671934
9 513.0 0.0 -1.0 -1.0 -1.0 0.0 0.33649273460977014 0.3482958760615817 0.3152113893286482
9 514.0 0.0 -1.0 -1.0 -1.0 0.0 0.3189499444945226 0.3744093346787606 0.306640720826717
9 515.0 0.0 -1.0 -1.0 -1.0 0.0 0.3328959013452936 0.33345828346221174 0.3336458151924945
9 516.0 0.0 -1.0 -1.0 -1.0 0.0 0.3370032961545902 0.33253566084736713 0.3304610429980426
9 517.0 0.0 -1.0 -1.0 -1.0 0.0 0.3461284319292093 0.32023232656157724 0.3336392415092135
9 518.0 0.0 -1.0 -1.0 -1.0 0.0 0.3486250098973473 0.3205526264369952 0.3308223636656574
9 519.0 0.0 -1.0 -1.0 -1.0 0.0 0.3439471268636403 0.3347008851528939 0.3213519879834661
9 520.0 0.0 -1.0 -1.0 -1.0 0.0 0.363485116551028 0.32358709604118674 0.3129277874077852
9 521.0 0.0 -1.0 -1.0 -1.0 0.0 0.35073467218491927 0.3102990572226553 0.33896627059242546
9 522.0 0.0 -1.0 -1.0 -1.0 0.0 0.3445700624128676 0.3241673495604623 0.3312625880266702
9 523.0 0.0 -1.0 -1.0 -1.0 0.0 0.3217656747462827 0.33643330071599725 0.34180102453771993
9 524.0 0.0 -1.0 -1.0 -1.0 0.0 0.30104131656425176 0.3642528852942416 0.3347057981415067
9 525.0 0.0 -1.0 -1.0 -1.0 0.0 0.32032546568619785 0.3735040045278238 0.3061705297859781
9 526.0 0.0 -1.0 -1.0 -1.0 0.0 0.3278436169166368 0.3734573765679576 0.2986990065154055
9 527.0 0.0 -1.0 -1.0 -1.0 0.0 0.3057346014305088 0.34701418926808403 0.3472512093014077
9 528.0 0.0 -1.0 -1.0 -1.0 0.0 0.30785988404125136 0.3448049935402402 0.3473351224185086
9 529.0 0.0 -1.0 -1.0 -1.0 0.0 0.3168865108854352 0.33893340445059544 0.34418008466396943
9 530.0 0.0 -1.0 -1.0 -1.0 0.0 0.31448644812708204 0.3507622923367785 0.33475125953613954
9 531.0 0.0 -1.0 -1.0 -1.0 0.0 0.33297023956684346 0.3286445383750263 0.33838522205813054
9 532.0 0.0 -1.0 -1.0 -1.0 0.0 0.3203085345548832 0.33751737570405943 0.3421740897410574
9 533.0 0.0 -1.0 -1.0 -1.0 0.0 0.3288618085294107 0.33796851132415817 0.33316968014643095
9 534.0 0.0 -1.0 -1.0 -1.0 0.0 0.3488312166317759 0.334885105011932 0.3162836783562921
9 535.0 0.0 -1.0 -1.0 -1.0 0.0 0.34439458508941007 0.32208856337382863 0.3335168515367615
9 536.0 0.0 -1.0 -1.0 -1.0 0.0 0.34623608452947147 0.32969732993655704 0.3240665855339713
9 537.0 0.0 -1.0 -1.0 -1.0 0.0 0.35242746461220553 0.33695902559455015 0.3106135097932444
9 538.0 0.0 -1.0 -1.0 -1.0 0.0 0.34685312474271496 0.33312122089396695 0.32002565436331787
9 539.0 0.0 -1.0 -1.0 -1.0 0.0 0.32820368606337835 0.31082852871834316 0.3609677852182784
9 540.0 0.0 -1.0 -1.0 -1.0 0.0 0.32478568567413924 0.31512977961082145 0.36008453471503954
9 541.0 0.0 -1.0 -1.0 -1.0 0.0 0.3420827675135374 0.291249340419415 0.36666789206704786
9 542.0 0.0 -1.0 -1.0 -1.0 0.0 0.3443818141121624 0.28770542505828994 0.36791276082954755
9 543.0 0.0 -1.0 -1.0 -1.0 0.0 0.3479150729889247 0.2805950727363841 0.3714898542746913
9 544.0 0.0 -1.0 -1.0 -1.0 0.0 0.33509060011091635 0.297631578309593 0.3672778215794906
9 545.0 0.0 -1.0 -1.0 -1.0 0.0 0.31504263449888315 0.30292238317962844 0.3820349823214887
9 546.0 0.0 -1.0 -1.0 -1.0 0.0 0.300687513870451 0.31854980083429885 0.3807626852952501
9 547.0 0.0 -1.0 -1.0 -1.0 0.0 0.3192213701027487 0.31628539862047894 0.36449323127677247
9 548.0 0.0 -1.0 -1.0 -1.0 0.0 0.3396117096206618 0.30595273244189214 0.3544355579374463
9 549.0 0.0 -1.0 -1.0 -1.0 0.0 0.3451010603370376 0.32600660816235527 0.32889233150060704
9 550.0 0.0 -1.0 -1.0 -1.0 0.0 0.3323217418565122 0.3487756677948701 0.31890259034861773
9 551.0 0.0 -1.0 -1.0 -1.0 0.0 0.31151400467985996 0.33993759572224136 0.34854839959789863
9 552.0 0.0 -1.0 -1.0 -1.0 0.0 0.29642422888050296 0.3490600216421839 0.3545157494773133
9 553.0 0.0 -1.0 -1.0 -1.0 0.0 0.3004036511369649 0.347804881387429 0.3517914674756061
9 554.0 0.0 -1.0 -1.0 -1.0 0.0 0.3216332620428291 0.3207669647220354 0.3575997732351355
9 555.0 0.0 -1.0 -1.0 -1.0 0.0 0.3270181225291632 0.31693150428044825 0.3560503731903888
9 556.0 0.0 -1.0 -1.0 -1.0 0.0 0.31638683458388306 0.3060036867358134 0.37760947868030365
9 557.0 0.0 -1.0 -1.0 -1.0 0.0 0.30759256720403794 0.31824221327969987 0.37416521951626214
9 558.0 0.0 -1.0 -1.0 -1.0 0.0 0.28985043992243315 0.34157245829195076 0.3685771017856162
9 559.0 0.0 -1.0 -1.0 -1.0 0.0 0.3034342592950303 0.3490590991820662 0.34750664152290356
9 560.0 0.0 -1.0 -1.0 -1.0 0.0 0.30382816622912645 0.35318074684592093 0.34299108692495245
9 561.0 0.0 -1.0 -1.0 -1.0 0.0 0.30876225433490334 0.3323403721323727 0.3588973735327237
9 562.0 0.0 -1.0 -1.0 -1.0 0.0 0.35629082122198596 0.3360993879817517 0.30760979079626216
9 563.0 0.0 -1.0 -1.0 -1.0 0.0 0.32204460202542057 0.34515432106621247 0.3328010769083669
9 564.0 0.0 -1.0 -1.0 -1.0 0.0 0.3126462369232071 0.3543227892048673 0.3330309738719255
9 565.0 0.0 -1.0 -1.0 -1.0 0.0 0.33914891267988767 0.32496789142720595 0.3358831958929066
9 566.0 0.0 -1.0 -1.0 -1.0 0.0 0.32439340304921516 0.33321832979579036 0.34238826715499443
9 567.0 0.0 -1.0 -1.0 -1.0 0.0 0.32978863150144166 0.34204007538430525 0.32817129311425297
9 568.0 0.0 -1.0 -1.0 -1.0 0.0 0.33511878146207363 0.3355528954046227 0.32932832313330385
9 569.0 0.0 -1.0 -1.0 -1.0 0.0 0.3373992276076871 0.34724658635158173 0.3153541860407312
9 570.0 0.0 -1.0 -1.0 -1.0 0.0 0.3433205562609715 0.34026332214886934 0.3164161215901593
9 571.0 0.0 -1.0 -1.0 -1.0 0.0 0.3512954835882042 0.3194998667538803 0.3292046496579154
9 572.0 0.0 -1.0 -1.0 -1.0 0.0 0.34995517136031057 0.30941096928286815 0.3406338593568212
9 573.0 0.0 -1.0 -1.0 -1.0 0.0 0.3161965907481572 0.3522577368108877 0.3315456724409551
9 574.0 0.0 -1.0 -1.0 -1.0 0.0 0.3236671012063156 0.31768892496448337 0.3586439738292009
9 575.0 0.0 -1.0 -1.0 -1.0 0.0 0.30993390348511185 0.330058197209111 0.36000789930577737
9 576.0 0.0 -1.0 -1.0 -1.0 0.0 0.32606897309528426 0.32170697301957396 0.35222405388514166
9 577.0 0.0 -1.0 -1.0 -1.0 0.0 0.32563688383626677 0.32795830889027555 0.3464048072734579
9 578.0 0.0 -1.0 -1.0 -1.0 0.0 0.34911507608390546 0.3160502256912476 0.33483469822484724
9 579.0 0.0 -1.0 -1.0 -1.0 0.0 0.33787703255754087 0.31547056988023 0.34665239756222915
9 580.0 0.0 -1.0 -1.0 -1.0 0.0 0.3101703002428339 0.3436251138924616 0.34620458586470454
9 581.0 0.0 -1.0 -1.0 -1.0 0.0 0.31495839149672694 0.30518166775570404 0.37985994074756924
9 582.0 0.0 -1.0 -1.0 -1.0 0.0 0.30804641820342854 0.3316231943169947 0.36033038747957674
9 583.0 0.0 -1.0 -1.0 -1.0 0.0 0.34166420388964114 0.33543004248172403 0.32290575362863505
9 584.0 0.0 -1.0 -1.0 -1.0 0.0 0.3533182007815158 0.34260035217048906 0.3040814470479951
9 585.0 0.0 -1.0 -1.0 -1.0 0.0 0.3342131668067627 0.3530707597753758 0.31271607341786173
9 586.0 0.0 -1.0 -1.0 -1.0 0.0 0.35050375860432914 0.34002963010343534 0.3094666112922356
9 587.0 0.0 -1.0 -1.0 -1.0 0.0 0.3566922081366944 0.35380113377420996 0.28950665808909554
9 588.0 0.0 -1.0 -1.0 -1.0 0.0 0.3665782053113484 0.3416785641139918 0.29174323057466023
9 589.0 0.0 -1.0 -1.0 -1.0 0.0 0.3631465095221402 0.3515894966313634 0.28526399384649653
9 590.0 0.0 -1.0 -1.0 -1.0 0.0 0.3624916022720359 0.3270551424841196 0.31045325524384454
9 591.0 0.0 -1.0 -1.0 -1.0 0.0 0.3474760648504788 0.33427686110309657 0.31824707404642455
9 592.0 0.0 -1.0 -1.0 -1.0 0.0 0.3594283228200641 0.3361695577962265 0.3044021193837097
9 593.0 0.0 -1.0 -1.0 -1.0 0.0 0.36902870962051104 0.3495378016543407 0.2814334887251481
9 594.0 0.0 -1.0 -1.0 -1.0 0.0 0.3637559160236701 0.34932900244504567 0.28691508153128437
9 595.0 0.0 -1.0 -1.0 -1.0 0.0 0.35008518028173613 0.3450997073864553 0.3048151123318086
9 596.0 0.0 -1.0 -1.0 -1.0 0.0 0.3703670808160953 0.31679870105071095 0.31283421813319373
9 597.0 0.0 -1.0 -1.0 -1.0 0.0 0.37296634838877585 0.30257118758423585 0.3244624640269882
9 598.0 0.0 -1.0 -1.0 -1.0 0.0 0.35865568758140864 0.31813565038865427 0.3232086620299369
9 599.0 0.0 -1.0 -1.0 -1.0 0.0 0.35818705458165007 0.33978526861791236 0.3020276768004377
9 600.0 0.0 -1.0 -1.0 -1.0 0.0 0.34443266664313055 0.33888337842929517 0.31668395492757406
9 601.0 0.0 -1.0 -1.0 -1.0 0.0 0.3536957107259038 0.342253313529732 0.3040509757443641
9 602.0 0.0 -1.0 -1.0 -1.0 0.0 0.3385464200336217 0.3727111413583825 0.28874243860799587
9 603.0 0.0 -1.0 -1.0 -1.0 0.0 0.37020451536643184 0.3250498338171753 0.304745650816393
9 604.0 0.0 -1.0 -1.0 -1.0 0.0 0.3953221168578839 0.31273419573162586 0.2919436874104901
9 605.0 0.0 -1.0 -1.0 -1.0 0.0 0.3746754559415729 0.3205997474022797 0.30472479665614727
9 606.0 0.0 -1.0 -1.0 -1.0 0.0 0.35314450812786474 0.3187720364482436 0.32808345542389156
9 607.0 0.0 -1.0 -1.0 -1.0 0.0 0.35124557954345303 0.3207785451427958 0.32797587531375116
9 608.0 0.0 -1.0 -1.0 -1.0 0.0 0.342642457765751 0.3259693912849558 0.3313881509492933
9 609.0 0.0 -1.0 -1.0 -1.0 0.0 0.357586616492757 0.3285556223778815 0.3138577611293617
9 610.0 0.0 -1.0 -1.0 -1.0 0.0 0.3607592020301313 0.33083449719772995 0.3084063007721387
9 611.0 0.0 -1.0 -1.0 -1.0 0.0 0.3438362017052615 0.35536094537038687 0.30080285292435166
9 612.0 0.0 -1.0 -1.0 -1.0 0.0 0.3427986355744468 0.33531768537185896 0.3218836790536943
9 613.0 0.0 -1.0 -1.0 -1.0 0.0 0.3400141058743475 0.31864291596658423 0.3413429781590684
9 614.0 0.0 -1.0 -1.0 -1.0 0.0 0.33644505744037445 0.3028292055847436 0.3607257369748822
9 615.0 0.0 -1.0 -1.0 -1.0 0.0 0.3094707464380802 0.3027774945010427 0.38775175906087694
9 616.0 0.0 -1.0 -1.0 -1.0 0.0 0.34521476844273463 0.3000984693435347 0.3546867622137308
9 617.0 0.0 -1.0 -1.0 -1.0 0.0 0.3395645791287825 0.30015967144272976 0.36027574942848795
9 618.0 0.0 -1.0 -1.0 -1.0 0.0 0.31495323353730387 0.31635185031705926 0.36869491614563676
9 619.0 0.0 -1.0 -1.0 -1.0 0.0 0.33377845548196544 0.3217257390616166 0.3444958054564179
9 620.0 0.0 -1.0 -1.0 -1.0 0.0 0.3216690480903487 0.3243858216060319 0.3539451303036195
9 621.0 0.0 -1.0 -1.0 -1.0 0.0 0.3319159154884479 0.3209592485517681 0.34712483595978383
9 622.0 0.0 -1.0 -1.0 -1.0 0.0 0.3334718687816797 0.31251454356116487 0.3540135876571553
9 623.0 0.0 -1.0 -1.0 -1.0 0.0 0.3191902601984236 0.3174872453593217 0.36332249444225484
9 624.0 0.0 -1.0 -1.0 -1.0 0.0 0.3098994453049725 0.318976362473568 0.37112419222145965
9 625.0 0.0 -1.0 -1.0 -1.0 0.0 0.2942733055028129 0.33747038691826536 0.36825630757892197
9 626.0 0.0 -1.0 -1.0 -1.0 0.0 0.3271845650538495 0.35854802827271004 0.3142674066734407
9 627.0 0.0 -1.0 -1.0 -1.0 0.0 0.30019358936593304 0.3843482564453856 0.3154581541886813
9 628.0 0.0 -1.0 -1.0 -1.0 0.0 0.297861190184584 0.36239682874378404 0.3397419810716319
9 629.0 0.0 -1.0 -1.0 -1.0 0.0 0.3005911126108775 0.36850491177731187 0.3309039756118106
9 630.0 0.0 -1.0 -1.0 -1.0 0.0 0.31918595355049645 0.3494159616838451 0.33139808476565835
9 631.0 0.0 -1.0 -1.0 -1.0 0.0 0.31975585298606307 0.35536526760599946 0.3248788794079375
9 632.0 0.0 -1.0 -1.0 -1.0 0.0 0.33660882091695293 0.3387492211083448 0.3246419579747023
9 633.0 0.0 -1.0 -1.0 -1.0 0.0 0.31397356448657815 0.351230118808578 0.334796316704844
9 634.0 0.0 -1.0 -1.0 -1.0 0.0 0.3373084367480194 0.34706571543849735 0.3156258478134829
9 635.0 0.0 -1.0 -1.0 -1.0 0.0 0.3614936937304728 0.31068359964033204 0.32782270662919516
9 636.0 0.0 -1.0 -1.0 -1.0 0.0 0.3741228127722981 0.30269470834929635 0.3231824788784054
9 637.0 0.0 -1.0 -1.0 -1.0 0.0 0.3654862900512538 0.287356631447676 0.3471570785010701
9 638.0 0.0 -1.0 -1.0 -1.0 0.0 0.3503306832695998 0.2755080842363731 0.374161232494027
9 639.0 0.0 -1.0 -1.0 -1.0 0.0 0.3270250636478886 0.29892806615415846 0.3740468701979529
9 640.0 0.0 -1.0 -1.0 -1.0 0.0 0.35725658174814046 0.2990287946235148 0.34371462362834493
9 641.0 0.0 -1.0 -1.0 -1.0 0.0 0.3292637908091436 0.33169869754551945 0.33903751164533685
9 642.0 0.0 -1.0 -1.0 -1.0 0.0 0.30820979500729606 0.3484704360660942 0.34331976892660976
9 643.0 0.0 -1.0 -1.0 -1.0 0.0 0.3126740497067022 0.3616982782189096 0.32562767207438825
9 644.0 0.0 -1.0 -1.0 -1.0 0.0 0.3209233721097878 0.3456977173492408 0.33337891054097163
9 645.0 0.0 -1.0 -1.0 -1.0 0.0 0.3207399243270765 0.32889936567054695 0.3503607100023766
9 646.0 0.0 -1.0 -1.0 -1.0 0.0 0.3150697644429375 0.3217160382236413 0.3632141973334214
9 647.0 0.0 -1.0 -1.0 -1.0 0.0 0.3207029904298395 0.3168803053201432 0.3624167042500172
9 648.0 0.0 -1.0 -1.0 -1.0 0.0 0.3511661346828889 0.3113485633137124 0.3374853020033985
9 649.0 0.0 -1.0 -1.0 -1.0 0.0 0.3357979529771512 0.30338650229474007 0.36081554472810873
9 650.0 0.0 -1.0 -1.0 -1.0 0.0 0.31318536493955196 0.30207838262327474 0.3847362524371733
9 651.0 0.0 -1.0 -1.0 -1.0 0.0 0.3310334433078097 0.30870788601511684 0.3602586706770733
9 652.0 0.0 -1.0 -1.0 -1.0 0.0 0.3411906066264715 0.3182314599291944 0.3405779334443343
9 653.0 0.0 -1.0 -1.0 -1.0 0.0 0.34310451102857514 0.31909949464286025 0.33779599432856455
9 654.0 0.0 -1.0 -1.0 -1.0 0.0 0.34957218732922335 0.32499980727420735 0.32542800539656946
9 655.0 0.0 -1.0 -1.0 -1.0 0.0 0.33783476452242284 0.3358129750250469 0.3263522604525303
9 656.0 0.0 -1.0 -1.0 -1.0 0.0 0.31357315342838715 0.36246159277008083 0.32396525380153207
9 657.0 0.0 -1.0 -1.0 -1.0 0.0 0.31160882721097805 0.3698653876855793 0.31852578510344265
9 658.0 0.0 -1.0 -1.0 -1.0 0.0 0.31589121371048345 0.34290340005995956 0.34120538622955693
9 659.0 0.0 -1.0 -1.0 -1.0 0.0 0.33125142279629705 0.3302012067518452 0.33854737045185773
9 660.0 0.0 -1.0 -1.0 -1.0 0.0 0.3647343066558853 0.33509650608449 0.3001691872596245
9 661.0 0.0 -1.0 -1.0 -1.0 0.0 0.3712052251378687 0.3372293443529514 0.2915654305091799
9 662.0 0.0 -1.0 -1.0 -1.0 0.0 0.38209070485172864 0.320157827125058 0.2977514680232134
9 663.0 0.0 -1.0 -1.0 -1.0 0.0 0.4205266532582545 0.2980050393484348 0.2814683073933105
9 664.0 0.0 -1.0 -1.0 -1.0 0.0 0.40957949907427554 0.3028722352976335 0.287548265628091
9 665.0 0.0 -1.0 -1.0 -1.0 0.0 0.3734728129198045 0.315000656557952 0.31152653052224355
9 666.0 0.0 -1.0 -1.0 -1.0 0.0 0.3519824937720102 0.3247772499196619 0.3232402563083278
9 667.0 0.0 -1.0 -1.0 -1.0 0.0 0.3497184337504137 0.3378454622301072 0.31243610401947897
9 668.0 0.0 -1.0 -1.0 -1.0 0.0 0.3706416802139209 0.3204981013605549 0.3088602184255241
9 669.0 0.0 -1.0 -1.0 -1.0 0.0 0.3885389025730581 0.32491554397348066 0.28654555345346117
9 670.0 0.0 -1.0 -1.0 -1.0 0.0 0.38645169053876577 0.32703115915079656 0.2865171503104376
9 671.0 0.0 -1.0 -1.0 -1.0 0.0 0.3893367211873666 0.3264241021215065 0.2842391766911268
9 672.0 0.0 -1.0 -1.0 -1.0 0.0 0.39804852249519657 0.3058416647669448 0.29610981273785875
9 673.0 0.0 -1.0 -1.0 -1.0 0.0 0.4084793400783247 0.2943175535275722 0.29720310639410313
9 674.0 0.0 -1.0 -1.0 -1.0 0.0 0.384135614793987 0.2871102285964851 0.32875415660952767
9 675.0 0.0 -1.0 -1.0 -1.0 0.0 0.3533712890625872 0.31330867672667534 0.3333200342107375
9 676.0 0.0 -1.0 -1.0 -1.0 0.0 0.3668208295975156 0.3183868326319861 0.31479233777049814
9 677.0 0.0 -1.0 -1.0 -1.0 0.0 0.3199001073803305 0.3294983416520826 0.35060155096758694
9 678.0 0.0 -1.0 -1.0 -1.0 0.0 0.3225623832809206 0.32322173576510743 0.35421588095397205
9 679.0 0.0 -1.0 -1.0 -1.0 0.0 0.31557379011625825 0.3596336687685052 0.32479254111523637
9 680.0 0.0 -1.0 -1.0 -1.0 0.0 0.29969668731025856 0.3343849227510509 0.3659183899386907
9 681.0 0.0 -1.0 -1.0 -1.0 0.0 0.3001991966996818 0.3249662583103589 0.37483454498995905
9 682.0 0.0 -1.0 -1.0 -1.0 0.0 0.31349322085071235 0.3332916581142168 0.353215121035071
9 683.0 0.0 -1.0 -1.0 -1.0 0.0 0.3150422885724245 0.34793263855364864 0.3370250728739271
9 684.0 0.0 -1.0 -1.0 -1.0 0.0 0.3178337933923505 0.3305659088743972 0.3516002977332522
9 685.0 0.0 -1.0 -1.0 -1.0 0.0 0.34418720561078087 0.3117441756967913 0.34406861869242794
9 686.0 0.0 -1.0 -1.0 -1.0 0.0 0.3411792839828538 0.30585414512671694 0.35296657089042915
9 687.0 0.0 -1.0 -1.0 -1.0 0.0 0.37641796582943043 0.30095788192864176 0.3226241522419277
9 688.0 0.0 -1.0 -1.0 -1.0 0.0 0.3689127692132357 0.3092887129876698 0.3217985177990944
9 689.0 0.0 -1.0 -1.0 -1.0 0.0 0.3619791427214822 0.28089771865935736 0.35712313861916073
9 690.0 0.0 -1.0 -1.0 -1.0 0.0 0.36638068692484443 0.300363347443891 0.3332559656312645
9 691.0 0.0 -1.0 -1.0 -1.0 0.0 0.34081144282687165 0.33597292901388637 0.3232156281592418
9 692.0 0.0 -1.0 -1.0 -1.0 0.0 0.3091161433618947 0.34185540631582934 0.3490284503222761
9 693.0 0.0 -1.0 -1.0 -1.0 0.0 0.31614082965596063 0.3511069503446027 0.3327522199994366
9 694.0 0.0 -1.0 -1.0 -1.0 0.0 0.3238551078312847 0.34027177076599513 0.33587312140272024
9 695.0 0.0 -1.0 -1.0 -1.0 0.0 0.33746946584999604 0.33737162019453526 0.32515891395546864
9 696.0 0.0 -1.0 -1.0 -1.0 0.0 0.35534360891454675 0.3304870151648216 0.31416937592063177
9 697.0 0.0 -1.0 -1.0 -1.0 0.0 0.35599616546817275 0.3195400370300516 0.3244637975017756
9 698.0 0.0 -1.0 -1.0 -1.0 0.0 0.33806468245847243 0.3245985144132403 0.3373368031282872
9 699.0 0.0 -1.0 -1.0 -1.0 0.0 0.35454096846888733 0.311661071994605 0.3337979595365077
9 700.0 0.0 -1.0 -1.0 -1.0 0.0 0.36895149182816533 0.3242925199604413 0.30675598821139316
9 701.0 0.0 -1.0 -1.0 -1.0 0.0 0.34321162142770134 0.34274953104272876 0.31403884752956995
9 702.0 0.0 -1.0 -1.0 -1.0 0.0 0.34211572642084676 0.32040977388518505 0.33747449969396803
9 703.0 0.0 -1.0 -1.0 -1.0 0.0 0.34532129296465264 0.3290545764825337 0.32562413055281353
9 704.0 0.0 -1.0 -1.0 -1.0 0.0 0.3409572602693755 0.3263963026430149 0.3326464370876095
9 705.0 0.0 -1.0 -1.0 -1.0 0.0 0.3149060996313656 0.3466074218755111 0.33848647849312336
9 706.0 0.0 -1.0 -1.0 -1.0 0.0 0.32735609627079354 0.33216017857367747 0.340483725155529
9 707.0 0.0 -1.0 -1.0 -1.0 0.0 0.3571896159458818 0.3104676496875699 0.33234273436654876
9 708.0 0.0 -1.0 -1.0 -1.0 0.0 0.369069909547373 0.29247269409823035 0.3384573963543969
9 709.0 0.0 -1.0 -1.0 -1.0 0.0 0.3756051111754444 0.3141347782781016 0.31026011054645414
9 710.0 0.0 -1.0 -1.0 -1.0 0.0 0.38933028662733354 0.2789441237253249 0.3317255896473417
9 711.0 0.0 -1.0 -1.0 -1.0 0.0 0.35911101654225724 0.30178676312574465 0.33910222033199794
9 712.0 0.0 -1.0 -1.0 -1.0 0.0 0.35289833028193196 0.3049054429296944 0.3421962267883736
9 713.0 0.0 -1.0 -1.0 -1.0 0.0 0.3351776781794674 0.31380000061747854 0.3510223212030541
9 714.0 0.0 -1.0 -1.0 -1.0 0.0 0.3204344328325535 0.3504837211101197 0.3290818460573267
9 715.0 0.0 -1.0 -1.0 -1.0 0.0 0.30809876059570374 0.35355102680115813 0.33835021260313825
9 716.0 0.0 -1.0 -1.0 -1.0 0.0 0.32461190420863545 0.3423113895572047 0.3330767062341598
9 717.0 0.0 -1.0 -1.0 -1.0 0.0 0.3428855215418702 0.31715997146345054 0.33995450699467916
9 718.0 0.0 -1.0 -1.0 -1.0 0.0 0.3306009719095562 0.3170839504805488 0.3523150776098949
9 719.0 0.0 -1.0 -1.0 -1.0 0.0 0.3449825345617478 0.3230328943495319 0.3319845710887202
9 720.0 0.0 -1.0 -1.0 -1.0 0.0 0.3350270200843623 0.34203677336620397 0.32293620654943395
9 721.0 0.0 -1.0 -1.0 -1.0 0.0 0.31589121708416884 0.3647604781423804 0.31934830477345083
9 722.0 0.0 -1.0 -1.0 -1.0 0.0 0.3291740401515256 0.3590185382148784 0.31180742163359604
9 723.0 0.0 -1.0 -1.0 -1.0 0.0 0.3337783038399929 0.3431714966149919 0.3230501995450154
9 724.0 0.0 -1.0 -1.0 -1.0 0.0 0.31354160013932286 0.36716219379690584 0.3192962060637714
9 725.0 0.0 -1.0 -1.0 -1.0 0.0 0.32539909029079817 0.3482134315323811 0.32638747817682073
9 726.0 0.0 -1.0 -1.0 -1.0 0.0 0.3218319432990597 0.3386577525849818 0.3395103041159585
9 727.0 0.0 -1.0 -1.0 -1.0 0.0 0.3419322238376654 0.33081536278003826 0.3272524133822962
9 728.0 0.0 -1.0 -1.0 -1.0 0.0 0.3085712229036813 0.37901278640229413 0.3124159906940248
9 729.0 0.0 -1.0 -1.0 -1.0 0.0 0.3482304809196312 0.34576505827436604 0.306004460806003
9 730.0 0.0 -1.0 -1.0 -1.0 0.0 0.3256499975565117 0.35721750580463746 0.3171324966388507
9 731.0 0.0 -1.0 -1.0 -1.0 0.0 0.3316115526290219 0.3472023295761523 0.32118611779482575
9 732.0 0.0 -1.0 -1.0 -1.0 0.0 0.33520507120071535 0.33556096040363664 0.3292339683956481
9 733.0 0.0 -1.0 -1.0 -1.0 0.0 0.33879756281929135 0.33119948686595213 0.33000295031475657
9 734.0 0.0 -1.0 -1.0 -1.0 0.0 0.31819547584381774 0.3457093047724121 0.3360952193837703
9 735.0 0.0 -1.0 -1.0 -1.0 0.0 0.3151742693705659 0.3512325905624118 0.33359314006702234
9 736.0 0.0 -1.0 -1.0 -1.0 0.0 0.3215037117748957 0.35632643277840886 0.3221698554466957
9 737.0 0.0 -1.0 -1.0 -1.0 0.0 0.32830724247787757 0.34622900584340416 0.32546375167871866
9 738.0 0.0 -1.0 -1.0 -1.0 0.0 0.3242884438811959 0.3239122538229141 0.3517993022958897
9 739.0 0.0 -1.0 -1.0 -1.0 0.0 0.318657889428706 0.3231180899300736 0.35822402064122033
9 740.0 0.0 -1.0 -1.0 -1.0 0.0 0.338017960056808 0.29787849431026275 0.3641035456329293
9 741.0 0.0 -1.0 -1.0 -1.0 0.0 0.35328072653522535 0.28678837888675995 0.35993089457801497
9 742.0 0.0 -1.0 -1.0 -1.0 0.0 0.34235853976852904 0.31767578158737964 0.33996567864409144
9 743.0 0.0 -1.0 -1.0 -1.0 0.0 0.335871992955104 0.3156210424177475 0.3485069646271483
9 744.0 0.0 -1.0 -1.0 -1.0 0.0 0.31202819068833665 0.32226060517283434 0.36571120413882885
9 745.0 0.0 -1.0 -1.0 -1.0 0.0 0.3087434090317315 0.29537497107267763 0.39588161989559095
9 746.0 0.0 -1.0 -1.0 -1.0 0.0 0.3103764974907309 0.3106024457714272 0.379021056737842
9 747.0 0.0 -1.0 -1.0 -1.0 0.0 0.31849346252867294 0.32149802992901294 0.360008507542314
9 748.0 0.0 -1.0 -1.0 -1.0 0.0 0.3222862687183049 0.32520751748631227 0.352506213795383
9 749.0 0.0 -1.0 -1.0 -1.0 0.0 0.30547695648035683 0.344978270621753 0.3495447728978905
9 750.0 0.0 -1.0 -1.0 -1.0 0.0 0.31351237750382205 0.3506640340265264 0.3358235884696515
9 751.0 0.0 -1.0 -1.0 -1.0 0.0 0.3107207103627043 0.3282334350149331 0.3610458546223629
9 752.0 0.0 -1.0 -1.0 -1.0 0.0 0.3136696463602434 0.31491994929530254 0.3714104043444541
9 753.0 0.0 -1.0 -1.0 -1.0 0.0 0.30159274646707734 0.3112082918338827 0.38719896169903983
9 754.0 0.0 -1.0 -1.0 -1.0 0.0 0.3139685353535928 0.3053586094078087 0.3806728552385987
9 755.0 0.0 -1.0 -1.0 -1.0 0.0 0.29437639120734693 0.324147313639658 0.3814762951529953
9 756.0 0.0 -1.0 -1.0 -1.0 0.0 0.31340744351527294 0.3152702288605388 0.3713223276241882
9 757.0 0.0 -1.0 -1.0 -1.0 0.0 0.3173775787072749 0.33005028503525 0.35257213625747513
9 758.0 0.0 -1.0 -1.0 -1.0 0.0 0.33187069822726784 0.32073681547961663 0.34739248629311575
9 759.0 0.0 -1.0 -1.0 -1.0 0.0 0.3510354240684451 0.3070835803238021 0.3418809956077527
9 760.0 0.0 -1.0 -1.0 -1.0 0.0 0.3586865874046744 0.3199259139434812 0.32138749865184446
9 761.0 0.0 -1.0 -1.0 -1.0 0.0 0.35497989683536424 0.31605740028779006 0.3289627028768459
9 762.0 0.0 -1.0 -1.0 -1.0 0.0 0.34836557913174176 0.3130825171731615 0.33855190369509686
9 763.0 0.0 -1.0 -1.0 -1.0 0.0 0.34317905442114094 0.3125945465126562 0.34422639906620295
9 764.0 0.0 -1.0 -1.0 -1.0 0.0 0.3539184706307551 0.3067612587634818 0.3393202706057631
9 765.0 0.0 -1.0 -1.0 -1.0 0.0 0.33908718620267925 0.3228645997908929 0.3380482140064278
9 766.0 0.0 -1.0 -1.0 -1.0 0.0 0.34310581301528226 0.34809005626664635 0.3088041307180713
9 767.0 0.0 -1.0 -1.0 -1.0 0.0 0.3259615975501158 0.373128127277081 0.3009102751728032
9 768.0 0.0 -1.0 -1.0 -1.0 0.0 0.3117016272447887 0.3642737054017661 0.3240246673534453
9 769.0 0.0 -1.0 -1.0 -1.0 0.0 0.2919839659499132 0.3637462422092082 0.34426979184087864
9 770.0 0.0 -1.0 -1.0 -1.0 0.0 0.29480129298737895 0.3528655981509633 0.35233310886165775
9 771.0 0.0 -1.0 -1.0 -1.0 0.0 0.3169473535005669 0.34499751148340946 0.3380551350160239
9 772.0 0.0 -1.0 -1.0 -1.0 0.0 0.28965660429448575 0.37320015690320374 0.33714323880231056
9 773.0 0.0 -1.0 -1.0 -1.0 0.0 0.3232997021467206 0.35826868455023586 0.31843161330304365
9 774.0 0.0 -1.0 -1.0 -1.0 0.0 0.32075025022249426 0.39630820356549995 0.28294154621200557
9 775.0 0.0 -1.0 -1.0 -1.0 0.0 0.3077132645427745 0.39559073417259816 0.2966960012846274
9 776.0 0.0 -1.0 -1.0 -1.0 0.0 0.3061478556469823 0.3818265548831789 0.3120255894698388
9 777.0 0.0 -1.0 -1.0 -1.0 0.0 0.2997899178956716 0.3788597827952384 0.3213502993090899
9 778.0 0.0 -1.0 -1.0 -1.0 0.0 0.31476933561543613 0.35493669276718876 0.33029397161737534
9 779.0 0.0 -1.0 -1.0 -1.0 0.0 0.3018958369382155 0.3588607247437038 0.339243438318081
9 780.0 0.0 -1.0 -1.0 -1.0 0.0 0.3401818125203343 0.3233634964858987 0.3364546909937671
9 781.0 0.0 -1.0 -1.0 -1.0 0.0 0.33039628971113183 0.3369438359796903 0.33265987430917787
9 782.0 0.0 -1.0 -1.0 -1.0 0.0 0.336177720248511 0.32818161933050455 0.33564066042098434
9 783.0 0.0 -1.0 -1.0 -1.0 0.0 0.3341932622791721 0.3280177828484262 0.3377889548724019
9 784.0 0.0 -1.0 -1.0 -1.0 0.0 0.3390247727893929 0.303074856452041 0.3579003707585663
9 785.0 0.0 -1.0 -1.0 -1.0 0.0 0.3298049342423517 0.3245028421966161 0.34569222356103224
9 786.0 0.0 -1.0 -1.0 -1.0 0.0 0.3497425260781272 0.30048945439982777 0.3497680195220449
9 787.0 0.0 -1.0 -1.0 -1.0 0.0 0.3296240644383679 0.307018423905159 0.363357511656473
9 788.0 0.0 -1.0 -1.0 -1.0 0.0 0.32006764692911976 0.30764683565251305 0.37228551741836696
9 789.0 0.0 -1.0 -1.0 -1.0 0.0 0.3375698961888143 0.29903621787080986 0.3633938859403758
9 790.0 0.0 -1.0 -1.0 -1.0 0.0 0.34005888232766845 0.3005446122282108 0.35939650544412094
9 791.0 0.0 -1.0 -1.0 -1.0 0.0 0.3394312648179094 0.3195343466650618 0.3410343885170288
9 792.0 0.0 -1.0 -1.0 -1.0 0.0 0.35398481716320096 0.3130894199306765 0.3329257629061221
9 793.0 0.0 -1.0 -1.0 -1.0 0.0 0.3165043041580121 0.3344300509050687 0.34906564493691916
9 794.0 0.0 -1.0 -1.0 -1.0 0.0 0.32529149654295464 0.3339808730484355 0.3407276304086098
9 795.0 0.0 -1.0 -1.0 -1.0 0.0 0.30664840535538856 0.33971913538767956 0.3536324592569317
9 796.0 0.0 -1.0 -1.0 -1.0 0.0 0.3309550731293303 0.33488939211524366 0.3341555347554261
9 797.0 0.0 -1.0 -1.0 -1.0 0.0 0.32623403603220985 0.3450421791149348 0.3287237848528553
9 798.0 0.0 -1.0 -1.0 -1.0 0.0 0.3380578859724752 0.3294882296840819 0.3324538843434431
9 799.0 0.0 -1.0 -1.0 -1.0 0.0 0.3423431113926017 0.3257178672287558 0.3319390213786426
9 800.0 0.0 -1.0 -1.0 -1.0 0.0 0.3361891733557566 0.3326023524336042 0.3312084742106392
9 801.0 0.0 -1.0 -1.0 -1.0 0.0 0.32101011099364174 0.35280825273483546 0.32618163627152297
9 802.0 0.0 -1.0 -1.0 -1.0 0.0 0.31176536711156533 0.35251325098901937 0.3357213818994155
9 803.0 0.0 -1.0 -1.0 -1.0 0.0 0.3056656736420685 0.34067131122811534 0.35366301512981607
9 804.0 0.0 -1.0 -1.0 -1.0 0.0 0.29265715220129507 0.3574693775198895 0.34987347027881555
9 805.0 0.0 -1.0 -1.0 -1.0 0.0 0.3082663749170499 0.3436084046416649 0.34812522044128485
9 806.0 0.0 -1.0 -1.0 -1.0 0.0 0.3442618491752291 0.2944504401562557 0.3612877106685152
9 807.0 0.0 -1.0 -1.0 -1.0 0.0 0.338816561166585 0.29010970093131766 0.37107373790209736
9 808.0 0.0 -1.0 -1.0 -1.0 0.0 0.37608573591008765 0.2980209375261877 0.3258933265637247
9 809.0 0.0 -1.0 -1.0 -1.0 0.0 0.36707794360000423 0.30000621598123384 0.33291584041876204
9 810.0 0.0 -1.0 -1.0 -1.0 0.0 0.36977507382774877 0.3009817867778915 0.3292431393943599
9 811.0 0.0 -1.0 -1.0 -1.0 0.0 0.34597409271461577 0.3138044546020672 0.3402214526833171
9 812.0 0.0 -1.0 -1.0 -1.0 0.0 0.33708363308416733 0.3345136432146021 0.32840272370123036
9 813.0 0.0 -1.0 -1.0 -1.0 0.0 0.32583972440089454 0.3414897836954355 0.3326704919036701
9 814.0 0.0 -1.0 -1.0 -1.0 0.0 0.34825557003893365 0.3580865345378077 0.2936578954232585
9 815.0 0.0 -1.0 -1.0 -1.0 0.0 0.35480955756617955 0.3283315543170526 0.31685888811676777
9 816.0 0.0 -1.0 -1.0 -1.0 0.0 0.3618428195071051 0.31325040333794285 0.32490677715495186
9 817.0 0.0 -1.0 -1.0 -1.0 0.0 0.3580230828425113 0.31656123019549987 0.32541568696198875
9 818.0 0.0 -1.0 -1.0 -1.0 0.0 0.35092811740188457 0.3242138228692303 0.324858059728885
9 819.0 0.0 -1.0 -1.0 -1.0 0.0 0.31233051041454596 0.32880853140546534 0.35886095817998864
9 820.0 0.0 -1.0 -1.0 -1.0 0.0 0.3193793551764326 0.3356501386864674 0.34497050613709956
9 821.0 0.0 -1.0 -1.0 -1.0 0.0 0.32869576233514336 0.31241512219683537 0.35888911546802127
9 822.0 0.0 -1.0 -1.0 -1.0 0.0 0.3331754191687253 0.307358348901535 0.35946623192973964
9 823.0 0.0 -1.0 -1.0 -1.0 0.0 0.35037922887099654 0.3278889956233603 0.321731775505643
9 824.0 0.0 -1.0 -1.0 -1.0 0.0 0.3713985334769206 0.3183163009414352 0.31028516558164426
9 825.0 0.0 -1.0 -1.0 -1.0 0.0 0.3796853732899084 0.3273272840550812 0.2929873426550104
9 826.0 0.0 -1.0 -1.0 -1.0 0.0 0.36281647000547 0.3362440591080437 0.30093947088648637
9 827.0 0.0 -1.0 -1.0 -1.0 0.0 0.36994370412755484 0.3092400335473604 0.32081626232508476
9 828.0 0.0 -1.0 -1.0 -1.0 0.0 0.352630863018976 0.3216153832617398 0.3257537537192846
9 829.0 0.0 -1.0 -1.0 -1.0 0.0 0.32741472884444134 0.3452088984629439 0.3273763726926147
9 830.0 0.0 -1.0 -1.0 -1.0 0.0 0.31941969706865403 0.3550465838709841 0.3255337190603621
9 831.0 0.0 -1.0 -1.0 -1.0 0.0 0.30589498955115635 0.3475243620510499 0.3465806483977939
9 832.0 0.0 -1.0 -1.0 -1.0 0.0 0.29978303257487526 0.3485596530988908 0.35165731432623387
9 833.0 0.0 -1.0 -1.0 -1.0 0.0 0.32082703404933194 0.3533012040538771 0.325871761896791
9 834.0 0.0 -1.0 -1.0 -1.0 0.0 0.30720393098394927 0.35006396897201486 0.34273210004403604
9 835.0 0.0 -1.0 -1.0 -1.0 0.0 0.3148852124174644 0.3493624631739303 0.33575232440860525
9 836.0 0.0 -1.0 -1.0 -1.0 0.0 0.30785841023742866 0.34590551097601785 0.34623607878655316
9 837.0 0.0 -1.0 -1.0 -1.0 0.0 0.3185614236829619 0.35822388543597067 0.32321469088106725
9 838.0 0.0 -1.0 -1.0 -1.0 0.0 0.32908297871094283 0.3431430592970852 0.32777396199197184
9 839.0 0.0 -1.0 -1.0 -1.0 0.0 0.3561177264825384 0.3295334634283882 0.31434881008907356
9 840.0 0.0 -1.0 -1.0 -1.0 0.0 0.3118374462303248 0.35144282185023856 0.3367197319194367
9 841.0 0.0 -1.0 -1.0 -1.0 0.0 0.3062253947250893 0.35637987447436076 0.33739473080054977
9 842.0 0.0 -1.0 -1.0 -1.0 0.0 0.29647518052862937 0.3452905301221291 0.3582342893492416
9 843.0 0.0 -1.0 -1.0 -1.0 0.0 0.2741780646295305 0.3586833564280421 0.36713857894242724
9 844.0 0.0 -1.0 -1.0 -1.0 0.0 0.2993926392680804 0.3289737328256301 0.37163362790628945
9 845.0 0.0 -1.0 -1.0 -1.0 0.0 0.29609305876541375 0.33170362049434865 0.3722033207402377
9 846.0 0.0 -1.0 -1.0 -1.0 0.0 0.31662386833405043 0.3419221499753356 0.34145398169061414
9 847.0 0.0 -1.0 -1.0 -1.0 0.0 0.304176981276777 0.37618710308278236 0.3196359156404406
9 848.0 0.0 -1.0 -1.0 -1.0 0.0 0.3189483744323845 0.3539808097849827 0.32707081578263264
9 849.0 0.0 -1.0 -1.0 -1.0 0.0 0.3289613090033023 0.3466616935451182 0.3243769974515795
9 850.0 0.0 -1.0 -1.0 -1.0 0.0 0.3232696189481803 0.33885394625639553 0.3378764347954241
9 851.0 0.0 -1.0 -1.0 -1.0 0.0 0.3580025419385725 0.2844055853367166 0.3575918727247109
9 852.0 0.0 -1.0 -1.0 -1.0 0.0 0.34870547847034905 0.299669760462367 0.3516247610672842
9 853.0 0.0 -1.0 -1.0 -1.0 0.0 0.3405371604353759 0.29333804240278694 0.36612479716183705
9 854.0 0.0 -1.0 -1.0 -1.0 0.0 0.3313564972315646 0.32158225191731404 0.34706125085112155
9 855.0 0.0 -1.0 -1.0 -1.0 0.0 0.3313353901629673 0.3392641502216936 0.32940045961533904
9 856.0 0.0 -1.0 -1.0 -1.0 0.0 0.3636251242941166 0.29516637766921094 0.3412084980366724
9 857.0 0.0 -1.0 -1.0 -1.0 0.0 0.35325477572054564 0.297753025947687 0.34899219833176737
9 858.0 0.0 -1.0 -1.0 -1.0 0.0 0.37179453172537924 0.30116896715887453 0.32703650111574645
9 859.0 0.0 -1.0 -1.0 -1.0 0.0 0.36349279846949967 0.2908905101238886 0.34561669140661183
9 860.0 0.0 -1.0 -1.0 -1.0 0.0 0.3444106386801519 0.3148263019823483 0.34076305933749973
9 861.0 0.0 -1.0 -1.0 -1.0 0.0 0.35192170461875094 0.2972702433196996 0.3508080520615496
9 862.0 0.0 -1.0 -1.0 -1.0 0.0 0.3449146799444714 0.2915480311601172 0.36353728889541154
9 863.0 0.0 -1.0 -1.0 -1.0 0.0 0.3477026948521656 0.2870553486168726 0.36524195653096186
9 864.0 0.0 -1.0 -1.0 -1.0 0.0 0.3870046944330545 0.3041089909958199 0.3088863145711258
9 865.0 0.0 -1.0 -1.0 -1.0 0.0 0.39839585228872465 0.31379214730833344 0.2878120004029416
9 866.0 0.0 -1.0 -1.0 -1.0 0.0 0.396791595060399 0.3069023343034127 0.2963060706361885
9 867.0 0.0 -1.0 -1.0 -1.0 0.0 0.3697356414685558 0.3331178368777234 0.29714652165372074
9 868.0 0.0 -1.0 -1.0 -1.0 0.0 0.32890337618736704 0.3653770004918542 0.30571962332077873
9 869.0 0.0 -1.0 -1.0 -1.0 0.0 0.35468324679672314 0.3462057912282736 0.29911096197500286
9 870.0 0.0 -1.0 -1.0 -1.0 0.0 0.37045399031805254 0.30481671327158066 0.32472929641036685
9 871.0 0.0 -1.0 -1.0 -1.0 0.0 0.35854540959232784 0.300495139681006 0.3409594507266663
9 872.0 0.0 -1.0 -1.0 -1.0 0.0 0.35412645505802237 0.2983668071904696 0.34750673775150787
9 873.0 0.0 -1.0 -1.0 -1.0 0.0 0.34574153303951144 0.2928649400062008 0.3613935269542874
9 874.0 0.0 -1.0 -1.0 -1.0 0.0 0.3644446744656239 0.30079834291009844 0.3347569826242776
9 875.0 0.0 -1.0 -1.0 -1.0 0.0 0.37134146941281476 0.29856033196467885 0.3300981986225064
9 876.0 0.0 -1.0 -1.0 -1.0 0.0 0.353357570680707 0.3251346841265792 0.32150774519271363
9 877.0 0.0 -1.0 -1.0 -1.0 0.0 0.34624385461081053 0.3604779725551328 0.29327817283405677
9 878.0 0.0 -1.0 -1.0 -1.0 0.0 0.33338619550686405 0.3525747851512795 0.31403901934185674
9 879.0 0.0 -1.0 -1.0 -1.0 0.0 0.3625512644724946 0.34250677790380346 0.2949419576237018
9 880.0 0.0 -1.0 -1.0 -1.0 0.0 0.35405916818222083 0.37311097160936063 0.2728298602084187
9 881.0 0.0 -1.0 -1.0 -1.0 0.0 0.3556054467076589 0.3431919965660101 0.3012025567263308
9 882.0 0.0 -1.0 -1.0 -1.0 0.0 0.32644166235198185 0.3460117299644216 0.32754660768359656
9 883.0 0.0 -1.0 -1.0 -1.0 0.0 0.33712004410491125 0.3525007163408462 0.3103792395542426
9 884.0 0.0 -1.0 -1.0 -1.0 0.0 0.32820280978725164 0.36014231153666193 0.3116548786760862
9 885.0 0.0 -1.0 -1.0 -1.0 0.0 0.33330423529943987 0.34464435340924054 0.32205141129131976
9 886.0 0.0 -1.0 -1.0 -1.0 0.0 0.32819395576127003 0.3534535976466995 0.31835244659203044
9 887.0 0.0 -1.0 -1.0 -1.0 0.0 0.3088104315313334 0.33921661904851397 0.35197294942015267
9 888.0 0.0 -1.0 -1.0 -1.0 0.0 0.31277856252038194 0.3500223725297036 0.3371990649499144
9 889.0 0.0 -1.0 -1.0 -1.0 0.0 0.3224940686592869 0.36018673865804984 0.31731919268266306
9 890.0 0.0 -1.0 -1.0 -1.0 0.0 0.3421726357510033 0.37235468118105175 0.2854726830679449
9 891.0 0.0 -1.0 -1.0 -1.0 0.0 0.3199550458504662 0.3594121355773975 0.32063281857213644
9 892.0 0.0 -1.0 -1.0 -1.0 0.0 0.3358246427448901 0.35812710995936287 0.30604824729574676
9 893.0 0.0 -1.0 -1.0 -1.0 0.0 0.3429913296212615 0.34642816574571067 0.31058050463302794
9 894.0 0.0 -1.0 -1.0 -1.0 0.0 0.3322685527631383 0.35106333290113645 0.3166681143357251
9 895.0 0.0 -1.0 -1.0 -1.0 0.0 0.3660477655858223 0.29835786910477663 0.3355943653094009
9 896.0 0.0 -1.0 -1.0 -1.0 0.0 0.3468906517806341 0.30837170468462094 0.34473764353474484
9 897.0 0.0 -1.0 -1.0 -1.0 0.0 0.3457125465136599 0.3078554562801228 0.34643199720621737
9 898.0 0.0 -1.0 -1.0 -1.0 0.0 0.33030113983663073 0.3100737162245287 0.35962514393884054
9 899.0 0.0 -1.0 -1.0 -1.0 0.0 0.30193772112191647 0.31865438485217407 0.37940789402590946
9 900.0 0.0 -1.0 -1.0 -1.0 0.0 0.3130779210164731 0.3317431980799784 0.35517888090354865
9 901.0 0.0 -1.0 -1.0 -1.0 0.0 0.3271015052004889 0.332323099537059 0.3405753952624518
9 902.0 0.0 -1.0 -1.0 -1.0 0.0 0.35411809697030916 0.3174048903599185 0.32847701266977225
9 903.0 0.0 -1.0 -1.0 -1.0 0.0 0.3491736922694427 0.32275126603154214 0.3280750416990154
9 904.0 0.0 -1.0 -1.0 -1.0 0.0 0.34156788853802084 0.3119005634681614 0.3465315479938178
9 905.0 0.0 -1.0 -1.0 -1.0 0.0 0.309464577831551 0.32633509567339025 0.3642003264950588
9 906.0 0.0 -1.0 -1.0 -1.0 0.0 0.33242502039704563 0.2978223831908639 0.3697525964120904
9 907.0 0.0 -1.0 -1.0 -1.0 0.0 0.310428089778648 0.320981777397106 0.36859013282424596
9 908.0 0.0 -1.0 -1.0 -1.0 0.0 0.32297759047131047 0.3214556196609908 0.3555667898676987
9 909.0 0.0 -1.0 -1.0 -1.0 0.0 0.32231842428979623 0.3354800865765528 0.34220148913365106
9 910.0 0.0 -1.0 -1.0 -1.0 0.0 0.31892845465851544 0.3330505324223923 0.34802101291909215
9 911.0 0.0 -1.0 -1.0 -1.0 0.0 0.3435703904174904 0.3121204410855001 0.34430916849700977
9 912.0 0.0 -1.0 -1.0 -1.0 0.0 0.319933659143984 0.3381658678895242 0.34190047296649195
9 913.0 0.0 -1.0 -1.0 -1.0 0.0 0.30871005318649963 0.3587621568597935 0.33252778995370685
9 914.0 0.0 -1.0 -1.0 -1.0 0.0 0.3065554933791634 0.36586903969278706 0.32757546692804984
9 915.0 0.0 -1.0 -1.0 -1.0 0.0 0.3200911518756353 0.38051916258810004 0.29938968553626477
9 916.0 0.0 -1.0 -1.0 -1.0 0.0 0.3320989284515333 0.4049462227164159 0.2629548488320508
9 917.0 0.0 -1.0 -1.0 -1.0 0.0 0.3121306346997522 0.3999100034754005 0.28795936182484744
9 918.0 0.0 -1.0 -1.0 -1.0 0.0 0.3212856073221758 0.3962171295180802 0.28249726315974427
9 919.0 0.0 -1.0 -1.0 -1.0 0.0 0.29526354745131805 0.393828314717075 0.3109081378316072
9 920.0 0.0 -1.0 -1.0 -1.0 0.0 0.30024464002076706 0.3956718754111055 0.30408348456812717
9 921.0 0.0 -1.0 -1.0 -1.0 0.0 0.30144812978420676 0.38597874346877803 0.3125731267470153
9 922.0 0.0 -1.0 -1.0 -1.0 0.0 0.3098207692324385 0.3846170170981058 0.3055622136694554
9 923.0 0.0 -1.0 -1.0 -1.0 0.0 0.283181786284144 0.35318705187385135 0.3636311618420048
9 924.0 0.0 -1.0 -1.0 -1.0 0.0 0.2881054979772774 0.34898334174639184 0.36291116027633086
9 925.0 0.0 -1.0 -1.0 -1.0 0.0 0.30612127699936637 0.35222447010430746 0.34165425289632617
9 926.0 0.0 -1.0 -1.0 -1.0 0.0 0.31908496777323253 0.3452363419196628 0.33567869030710484
9 927.0 0.0 -1.0 -1.0 -1.0 0.0 0.3116970727939967 0.3686289663013266 0.3196739609046764
9 928.0 0.0 -1.0 -1.0 -1.0 0.0 0.2943712082254955 0.3768648256499709 0.32876396612453346
9 929.0 0.0 -1.0 -1.0 -1.0 0.0 0.320205190485314 0.3332131626246455 0.34658164689004034
9 930.0 0.0 -1.0 -1.0 -1.0 0.0 0.3469219619909845 0.3260246726472475 0.327053365361768
9 931.0 0.0 -1.0 -1.0 -1.0 0.0 0.3557658664287531 0.319829302363409 0.324404831207838
9 932.0 0.0 -1.0 -1.0 -1.0 0.0 0.3608793485164831 0.31624318230216253 0.32287746918135407
9 933.0 0.0 -1.0 -1.0 -1.0 0.0 0.345246477580885 0.34268401815352606 0.3120695042655892
9 934.0 0.0 -1.0 -1.0 -1.0 0.0 0.35175474113365013 0.32947517725262465 0.3187700816137254
9 935.0 0.0 -1.0 -1.0 -1.0 0.0 0.3350096401693281 0.352191495934666 0.31279886389600603
9 936.0 0.0 -1.0 -1.0 -1.0 0.0 0.3361884129395733 0.3695739726880919 0.29423761437233464
9 937.0 0.0 -1.0 -1.0 -1.0 0.0 0.37275384892793517 0.3395008312742722 0.28774531979779255
9 938.0 0.0 -1.0 -1.0 -1.0 0.0 0.34905095342351955 0.3386269563837319 0.3123220901927485
9 939.0 0.0 -1.0 -1.0 -1.0 0.0 0.3554549760578663 0.3363023175038647 0.308242706438269
9 940.0 0.0 -1.0 -1.0 -1.0 0.0 0.3581235433335063 0.3360838274244962 0.3057926292419977
9 941.0 0.0 -1.0 -1.0 -1.0 0.0 0.3552649872417637 0.3263320729199915 0.3184029398382451
9 942.0 0.0 -1.0 -1.0 -1.0 0.0 0.34210551633169517 0.3465101665854457 0.31138431708285913
9 943.0 0.0 -1.0 -1.0 -1.0 0.0 0.34576803891405106 0.3271771552462489 0.32705480583970015
9 944.0 0.0 -1.0 -1.0 -1.0 0.0 0.32806945565861817 0.33963460481895835 0.3322959395224234
9 945.0 0.0 -1.0 -1.0 -1.0 0.0 0.3587861479907136 0.3297658143221884 0.31144803768709795
9 946.0 0.0 -1.0 -1.0 -1.0 0.0 0.3388844446594101 0.33441007775649334 0.32670547758409674
9 947.0 0.0 -1.0 -1.0 -1.0 0.0 0.3299427222713989 0.322342666264548 0.3477146114640529
9 948.0 0.0 -1.0 -1.0 -1.0 0.0 0.3590903118160331 0.3190669958937665 0.32184269229020024
9 949.0 0.0 -1.0 -1.0 -1.0 0.0 0.3638688543770743 0.31345088705783813 0.32268025856508764
9 950.0 0.0 -1.0 -1.0 -1.0 0.0 0.38094082727779155 0.2992747534457327 0.31978441927647583
9 951.0 0.0 -1.0 -1.0 -1.0 0.0 0.36546077681844247 0.3187043762375976 0.3158348469439601
9 952.0 0.0 -1.0 -1.0 -1.0 0.0 0.363554925694035 0.31053043209858183 0.3259146422073833
9 953.0 0.0 -1.0 -1.0 -1.0 0.0 0.35520341372917996 0.33939224375951105 0.3054043425113089
9 954.0 0.0 -1.0 -1.0 -1.0 0.0 0.3488265980565369 0.34795877293263955 0.3032146290108237
9 955.0 0.0 -1.0 -1.0 -1.0 0.0 0.3466044141389961 0.34334888279276043 0.31004670306824356
9 956.0 0.0 -1.0 -1.0 -1.0 0.0 0.3277632799067309 0.3336121096993756 0.3386246103938935
9 957.0 0.0 -1.0 -1.0 -1.0 0.0 0.32447019010433253 0.3159454359139976 0.35958437398166976
9 958.0 0.0 -1.0 -1.0 -1.0 0.0 0.32240632433922206 0.3026663342560786 0.3749273414046996
9 959.0 0.0 -1.0 -1.0 -1.0 0.0 0.33050209171372985 0.3220916035788498 0.3474063047074202
9 960.0 0.0 -1.0 -1.0 -1.0 0.0 0.3386349104344686 0.29551241535309186 0.3658526742124396
9 961.0 0.0 -1.0 -1.0 -1.0 0.0 0.346726853963413 0.3120278185829265 0.3412453274536605
9 962.0 0.0 -1.0 -1.0 -1.0 0.0 0.3386901029702596 0.3176666766093366 0.3436432204204039
9 963.0 0.0 -1.0 -1.0 -1.0 0.0 0.330245259216237 0.330363678606316 0.339391062177447
9 964.0 0.0 -1.0 -1.0 -1.0 0.0 0.3372461281247931 0.33353139773599955 0.32922247413920724
9 965.0 0.0 -1.0 -1.0 -1.0 0.0 0.33348836287828276 0.33520897951976764 0.33130265760194955
9 966.0 0.0 -1.0 -1.0 -1.0 0.0 0.30744482306220433 0.36307510091620543 0.3294800760215905
9 967.0 0.0 -1.0 -1.0 -1.0 0.0 0.3376337190223407 0.33300406192937987 0.32936221904827945
9 968.0 0.0 -1.0 -1.0 -1.0 0.0 0.3375585413086284 0.3197298776509396 0.34271158104043203
9 969.0 0.0 -1.0 -1.0 -1.0 0.0 0.3344534529387071 0.32824544396920063 0.3373011030920923
9 970.0 0.0 -1.0 -1.0 -1.0 0.0 0.3347200985394331 0.3216637105382055 0.34361619092236156
9 971.0 0.0 -1.0 -1.0 -1.0 0.0 0.36482956748253637 0.3354886439512354 0.2996817885662281
9 972.0 0.0 -1.0 -1.0 -1.0 0.0 0.3772000909364999 0.3363289496670279 0.28647095939647216
9 973.0 0.0 -1.0 -1.0 -1.0 0.0 0.35622977663430544 0.34704501475464583 0.2967252086110484
9 974.0 0.0 -1.0 -1.0 -1.0 0.0 0.33093420978350024 0.3590123272588556 0.31005346295764374
9 975.0 0.0 -1.0 -1.0 -1.0 0.0 0.3099559573366533 0.37149284594406157 0.31855119671928506
9 976.0 0.0 -1.0 -1.0 -1.0 0.0 0.32008975978418014 0.40056082277147703 0.2793494174443429
9 977.0 0.0 -1.0 -1.0 -1.0 0.0 0.32064362676342933 0.376948159640552 0.30240821359601894
9 978.0 0.0 -1.0 -1.0 -1.0 0.0 0.31756582661873994 0.38374120101791076 0.29869297236334935
9 979.0 0.0 -1.0 -1.0 -1.0 0.0 0.30509766752236717 0.3769012344727567 0.3180010980048764
9 980.0 0.0 -1.0 -1.0 -1.0 0.0 0.3079383544617924 0.3610984313338711 0.33096321420433644
9 981.0 0.0 -1.0 -1.0 -1.0 0.0 0.32343012055656006 0.3442104217269739 0.33235945771646613
9 982.0 0.0 -1.0 -1.0 -1.0 0.0 0.3340917582692071 0.34479207433899073 0.3211161673918022
9 983.0 0.0 -1.0 -1.0 -1.0 0.0 0.32757052280113186 0.34401291897806857 0.3284165582207995
9 984.0 0.0 -1.0 -1.0 -1.0 0.0 0.29014743528643283 0.3676703819906678 0.34218218272289946
9 985.0 0.0 -1.0 -1.0 -1.0 0.0 0.3425681460010537 0.31902551432215853 0.33840633967678785
9 986.0 0.0 -1.0 -1.0 -1.0 0.0 0.3469454739929224 0.32363158882062054 0.329422937186457
9 987.0 0.0 -1.0 -1.0 -1.0 0.0 0.3199482013881369 0.3113277752474243 0.3687240233644388
9 988.0 0.0 -1.0 -1.0 -1.0 0.0 0.3272446255405895 0.3155290084832532 0.3572263659761571
9 989.0 0.0 -1.0 -1.0 -1.0 0.0 0.33092741425501804 0.295196042849912 0.37387654289507016
9 990.0 0.0 -1.0 -1.0 -1.0 0.0 0.357203896466212 0.2951613647813655 0.3476347387524224
9 991.0 0.0 -1.0 -1.0 -1.0 0.0 0.38090673904505523 0.2747025357549925 0.3443907251999526
9 992.0 0.0 -1.0 -1.0 -1.0 0.0 0.3683099047924107 0.29329657758643735 0.33839351762115166
9 993.0 0.0 -1.0 -1.0 -1.0 0.0 0.38316833464868877 0.3038321998651391 0.3129994654861724
9 994.0 0.0 -1.0 -1.0 -1.0 0.0 0.3781337744096577 0.3078283679689377 0.3140378576214046
9 995.0 0.0 -1.0 -1.0 -1.0 0.0 0.35046064700949964 0.32592316071048016 0.3236161922800205
9 996.0 0.0 -1.0 -1.0 -1.0 0.0 0.35223902119483386 0.32753510283015375 0.3202258759750126
9 997.0 0.0 -1.0 -1.0 -1.0 0.0 0.3417206916979215 0.3483067334473548 0.30997257485472346
9 998.0 0.0 -1.0 -1.0 -1.0 0.0 0.3137195277735113 0.3551234902091494 0.3311569820173395
9 999.0 0.0 -1.0 -1.0 -1.0 0.0 0.32422834873699347 0.34931007620456017 0.32646157505844664
9 1000.0 0.0 -1.0 -1.0 -1.0 0.0 0.3257341743588189 0.34088324361520117 0.33338258202598015
1000000000000000000000000000000000000000000000000000000000000000000000000000000000000000000000000000
-1.0
solo con 1: -100.0
