9 0.0 28.0 -38.0 -158.0 -108.93 49.011698253137126 0.3333333333333333 0.3333333333333333 0.3333333333333333
9 1.0 63.0 -35.0 -158.0 -86.87 48.776889502047474 0.327890276420747 0.2653710447294339 0.40673867884981907
9 2.0 63.0 -33.0 -157.0 -75.75 46.39757373489317 0.2941154333264295 0.22439949792204025 0.4814850687515304
9 3.0 63.0 -29.0 -157.0 -64.42 41.74336698049988 0.2741218311421477 0.19223396717424587 0.5336442016836063
9 4.0 22.0 -29.0 -157.0 -54.61 36.047358019722054 0.22532637720455884 0.18947417211057171 0.5851994506848697
9 5.0 61.0 -28.0 -157.0 -44.91 27.629253637506327 0.1970919416523247 0.16666936787517692 0.6362386904724985
9 6.0 11.0 -26.0 -155.0 -38.75 23.150528497141696 0.17518232426692038 0.14425680712572 0.6805608686073593
9 7.0 54.0 -24.0 -150.0 -33.86 16.962835192790674 0.16609509755110716 0.13091698731863718 0.702987915130256
9 8.0 0.0 -24.0 -150.0 -31.41 17.175913955362617 0.16938211460332886 0.11725194838558611 0.713365937011085
9 9.0 40.0 -20.0 -150.0 -29.48 17.4486143121493 0.15899833863017193 0.10824542360875192 0.7327562377610763
9 10.0 48.0 -19.0 -53.0 -25.28 4.572822659004728 0.14459926503215204 0.10143568393445364 0.753965051033394
9 11.0 30.0 -19.0 -53.0 -23.4 3.931226965534482 0.14230693697518643 0.09379247009876743 0.7639005929260462
9 12.0 54.0 -16.0 -32.0 -21.09 2.7673967638350767 0.12703176036380617 0.09182635670638703 0.781141882929807
9 13.0 40.0 -14.0 -27.0 -18.72 2.0354435150674886 0.11707274488057086 0.08375469143057224 0.7991725636888569
9 14.0 23.0 -13.0 -23.0 -16.86 1.775364523673714 0.10999209346580394 0.07757041638646922 0.8124374901477269
9 15.0 36.0 -12.0 -23.0 -15.57 1.7071152346114278 0.1123799584500135 0.07897190671357973 0.8086481348364067
9 16.0 63.0 -11.0 -20.0 -14.31 1.3758009604693133 0.12302941386909202 0.08107367223335338 0.7958969138975545
9 17.0 0.0 -11.0 -20.0 -13.14 1.4908474981118156 0.11423714377182602 0.0901948608287422 0.7955679953994315
9 18.0 21.0 -9.0 -20.0 -11.77 1.3988090172238183 0.11323821110120726 0.08909896976902335 0.7976628191297696
9 19.0 32.0 -8.0 -20.0 -10.71 1.4584826763358274 0.11560823360571472 0.09470630451207886 0.7896854618822062
9 20.0 13.0 -7.0 -20.0 -9.84 1.5421354733556383 0.12097851245782029 0.10650350401430521 0.7725179835278742
9 21.0 1.0 -7.0 -20.0 -8.89 1.6136726415042784 0.12486484777889766 0.11269256525206738 0.7624425869690348
9 22.0 26.0 -5.0 -20.0 -7.93 1.776701062831524 0.12366603504169202 0.11123096274742064 0.7651030022108878
9 23.0 55.0 -4.0 -20.0 -7.13 1.8458525718950907 0.11857525991374471 0.11311518243881896 0.7683095576474369
9 24.0 38.0 -4.0 -20.0 -6.26 1.9468700599431477 0.12023149268532572 0.12869689019455025 0.7510716171201239
9 25.0 6.0 -2.0 -20.0 -5.45 2.0269646910062 0.10699404520083379 0.1259690143371853 0.7670369404619812
9 26.0 6.0 -2.0 -12.0 -4.3 1.3065491598369765 0.09676283260176931 0.12360054302725994 0.7796366243709708
9 27.0 25.0 -1.0 -9.0 -3.5 1.2018504251546631 0.10437815833769502 0.12718156074946768 0.7684402809128372
9 28.0 25.0 -1.0 -9.0 -2.81 1.1343578257180034 0.11568196491091037 0.13189152608324187 0.7524265090058477
9 29.0 2.0 -1.0 -6.0 -2.21 0.890976084885775 0.12831876221339703 0.14943168651058553 0.7222495512760174
9 30.0 0.0 -1.0 -6.0 -1.69 0.8954994092232514 0.13417805310348618 0.14429860508239836 0.7215233418141155
9 31.0 0.0 -1.0 -6.0 -1.37 0.8487066809581681 0.1672904891510945 0.159253779140281 0.6734557317086244
9 32.0 0.0 -1.0 -5.0 -1.15 0.5924610544247628 0.2005499015825136 0.18139307768572935 0.6180570207317571
9 33.0 0.0 -1.0 -5.0 -1.12 0.5734883511361742 0.22554106948237274 0.23670376063877221 0.5377551698788551
9 34.0 0.0 -1.0 -4.0 -1.07 0.4083719833285286 0.24523577538061567 0.2555761636368535 0.49918806098253077
9 35.0 0.0 -1.0 -3.0 -1.02 0.19999999999999998 0.284155339959467 0.24503953705873407 0.47080512298179883
9 36.0 0.0 -1.0 -3.0 -1.02 0.19999999999999998 0.29625800455458534 0.27772987873699406 0.4260121167084208
9 37.0 0.0 -1.0 -1.0 -1.0 0.0 0.2935031996310826 0.2949421819141332 0.41155461845478425
9 38.0 0.0 -1.0 -1.0 -1.0 0.0 0.29529501974249306 0.331285507651492 0.373419472606015
9 39.0 0.0 -1.0 -1.0 -1.0 0.0 0.28782576892700584 0.344448334398262 0.3677258966747323
9 40.0 0.0 -1.0 -1.0 -1.0 0.0 0.29954872856245474 0.3362035580222827 0.36424771341526246
9 41.0 0.0 -1.0 -1.0 -1.0 0.0 0.3178626994046549 0.3278615706346102 0.3542757299607348
9 42.0 0.0 -1.0 -1.0 -1.0 0.0 0.3527359836223164 0.3021819526803422 0.34508206369734123
9 43.0 0.0 -1.0 -1.0 -1.0 0.0 0.3548211198634317 0.3192296708611917 0.32594920927537663
9 44.0 0.0 -1.0 -1.0 -1.0 0.0 0.3667942361370299 0.2880725491826395 0.34513321468033076
9 45.0 0.0 -1.0 -1.0 -1.0 0.0 0.36747341523945226 0.2982677547987495 0.33425882996179823
9 46.0 0.0 -1.0 -1.0 -1.0 0.0 0.3491246977967977 0.3200647981082463 0.3308105040949559
9 47.0 0.0 -1.0 -1.0 -1.0 0.0 0.3434664859885612 0.3117621561001404 0.3447713579112985
9 48.0 0.0 -1.0 -1.0 -1.0 0.0 0.335893869430563 0.29325689716719927 0.3708492334022379
9 49.0 0.0 -1.0 -1.0 -1.0 0.0 0.3552257013203039 0.2729283826697256 0.37184591600997036
9 50.0 0.0 -1.0 -1.0 -1.0 0.0 0.33701949490625616 0.2810356173186203 0.38194488777512375
9 51.0 0.0 -1.0 -1.0 -1.0 0.0 0.34470857769138336 0.28053437249711793 0.3747570498114988
9 52.0 0.0 -1.0 -1.0 -1.0 0.0 0.35591030089743086 0.29694535094735147 0.3471443481552176
9 53.0 0.0 -1.0 -1.0 -1.0 0.0 0.3477122543475008 0.30491849110275104 0.34736925454974793
9 54.0 0.0 -1.0 -1.0 -1.0 0.0 0.35207222623834333 0.28806680091702574 0.3598609728446312
9 55.0 0.0 -1.0 -1.0 -1.0 0.0 0.36524726469839747 0.2885166192849149 0.3462361160166878
9 56.0 0.0 -1.0 -1.0 -1.0 0.0 0.33666942031817604 0.3210299937541901 0.34230058592763385
9 57.0 0.0 -1.0 -1.0 -1.0 0.0 0.32921330862248965 0.3059130193284663 0.36487367204904436
9 58.0 0.0 -1.0 -1.0 -1.0 0.0 0.320332153715266 0.3088563293445883 0.3708115169401459
9 59.0 0.0 -1.0 -1.0 -1.0 0.0 0.3282147448658746 0.32864533874520513 0.3431399163889205
9 60.0 0.0 -1.0 -1.0 -1.0 0.0 0.3228011958241597 0.32173533940075677 0.35546346477508367
9 61.0 0.0 -1.0 -1.0 -1.0 0.0 0.313135226677824 0.30867730527024606 0.3781874680519302
9 62.0 0.0 -1.0 -1.0 -1.0 0.0 0.33917658278533397 0.3116842544452291 0.34913916276943696
9 63.0 0.0 -1.0 -1.0 -1.0 0.0 0.33159924157380866 0.3102375595116744 0.3581631989145167
9 64.0 0.0 -1.0 -1.0 -1.0 0.0 0.31920785019581177 0.32198414342931253 0.3588080063748757
9 65.0 0.0 -1.0 -1.0 -1.0 0.0 0.30732478754794246 0.3333686548556622 0.3593065575963952
9 66.0 0.0 -1.0 -1.0 -1.0 0.0 0.2930183376198383 0.3493089871192085 0.35767267526095314
9 67.0 0.0 -1.0 -1.0 -1.0 0.0 0.3065479890267103 0.33141216661578055 0.3620398443575093
9 68.0 0.0 -1.0 -1.0 -1.0 0.0 0.30334072991596495 0.3512640177898339 0.3453952522942007
9 69.0 0.0 -1.0 -1.0 -1.0 0.0 0.3056234948690524 0.3183927193022172 0.37598378582873027
9 70.0 0.0 -1.0 -1.0 -1.0 0.0 0.3321896559247678 0.32490961618862313 0.3429007278866094
9 71.0 0.0 -1.0 -1.0 -1.0 0.0 0.2975505572146553 0.349594719978764 0.352854722806581
9 72.0 0.0 -1.0 -1.0 -1.0 0.0 0.31684691022201167 0.31407625128170713 0.3690768384962812
9 73.0 0.0 -1.0 -1.0 -1.0 0.0 0.3214222714557735 0.30341444299901565 0.3751632855452109
9 74.0 0.0 -1.0 -1.0 -1.0 0.0 0.31933272925635997 0.3084428629763842 0.3722244077672557
9 75.0 0.0 -1.0 -1.0 -1.0 0.0 0.34647654242607145 0.32704202741809607 0.3264814301558323
9 76.0 0.0 -1.0 -1.0 -1.0 0.0 0.37798142316337385 0.3199006087956444 0.30211796804098173
9 77.0 0.0 -1.0 -1.0 -1.0 0.0 0.36783351096415834 0.32536611964944645 0.306800369386395
9 78.0 0.0 -1.0 -1.0 -1.0 0.0 0.32954155417845954 0.3520080835780772 0.3184503622434632
9 79.0 0.0 -1.0 -1.0 -1.0 0.0 0.3038566047371552 0.37056844720692456 0.3255749480559205
9 80.0 0.0 -1.0 -1.0 -1.0 0.0 0.30566616716185685 0.3686956312317441 0.3256382016063988
9 81.0 0.0 -1.0 -1.0 -1.0 0.0 0.3120664202043426 0.3765592391498548 0.31137434064580266
9 82.0 0.0 -1.0 -1.0 -1.0 0.0 0.3157258203073785 0.3704051265093652 0.3138690531832564
9 83.0 0.0 -1.0 -1.0 -1.0 0.0 0.29459379059493285 0.3700621639479146 0.33534404545715274
9 84.0 0.0 -1.0 -1.0 -1.0 0.0 0.31686705057649595 0.3398383204061865 0.34329462901731744
9 85.0 0.0 -1.0 -1.0 -1.0 0.0 0.30492083847652063 0.340429650585215 0.3546495109382644
9 86.0 0.0 -1.0 -1.0 -1.0 0.0 0.3088148868220583 0.3223532112474132 0.36883190193052884
9 87.0 0.0 -1.0 -1.0 -1.0 0.0 0.3503861878358765 0.32455954574034623 0.32505426642377727
9 88.0 0.0 -1.0 -1.0 -1.0 0.0 0.326323513367957 0.3317757117416154 0.3419007748904276
9 89.0 0.0 -1.0 -1.0 -1.0 0.0 0.3071411836809759 0.34721132032212126 0.34564749599690286
9 90.0 0.0 -1.0 -1.0 -1.0 0.0 0.32826911812455 0.31563919562462744 0.3560916862508226
9 91.0 0.0 -1.0 -1.0 -1.0 0.0 0.32241037938362155 0.3199747770810233 0.35761484353535516
9 92.0 0.0 -1.0 -1.0 -1.0 0.0 0.3459447200971039 0.3181231522239778 0.3359321276789182
9 93.0 0.0 -1.0 -1.0 -1.0 0.0 0.35244193707488064 0.29873838772046335 0.348819675204656
9 94.0 0.0 -1.0 -1.0 -1.0 0.0 0.3536654822818348 0.3176213778362435 0.3287131398819217
9 95.0 0.0 -1.0 -1.0 -1.0 0.0 0.36511130471683806 0.31759689052482143 0.31729180475834057
9 96.0 0.0 -1.0 -1.0 -1.0 0.0 0.34113817755686043 0.3450171214646693 0.3138447009784705
9 97.0 0.0 -1.0 -1.0 -1.0 0.0 0.3394104728436935 0.3419691034308915 0.3186204237254149
9 98.0 0.0 -1.0 -1.0 -1.0 0.0 0.3632956318429377 0.3164558616991141 0.32024850645794806
9 99.0 0.0 -1.0 -1.0 -1.0 0.0 0.36422855115335045 0.31114863450624386 0.3246228143404057
9 100.0 0.0 -1.0 -1.0 -1.0 0.0 0.34545227658548194 0.312367670307547 0.3421800531069711
9 101.0 0.0 -1.0 -1.0 -1.0 0.0 0.3339689731936886 0.3247491987506511 0.3412818280556603
9 102.0 0.0 -1.0 -1.0 -1.0 0.0 0.31985675745495085 0.34903738102995263 0.3311058615150966
9 103.0 0.0 -1.0 -1.0 -1.0 0.0 0.323658602141358 0.348240253471832 0.32810114438680993
9 104.0 0.0 -1.0 -1.0 -1.0 0.0 0.35877067142712976 0.3381308778678772 0.3030984507049931
9 105.0 0.0 -1.0 -1.0 -1.0 0.0 0.3469413905816644 0.33589539991857265 0.31716320949976295
9 106.0 0.0 -1.0 -1.0 -1.0 0.0 0.33353083584933274 0.3552214513615116 0.3112477127891557
9 107.0 0.0 -1.0 -1.0 -1.0 0.0 0.3561276700337009 0.34506467024438015 0.29880765972191914
9 108.0 0.0 -1.0 -1.0 -1.0 0.0 0.37529664173277666 0.33851979390471554 0.2861835643625075
9 109.0 0.0 -1.0 -1.0 -1.0 0.0 0.36512470477841036 0.325876796161409 0.3089984990601806
9 110.0 0.0 -1.0 -1.0 -1.0 0.0 0.3542124401604017 0.3412787832115052 0.3045087766280927
9 111.0 0.0 -1.0 -1.0 -1.0 0.0 0.3368969714579155 0.33104268426866645 0.3320603442734181
9 112.0 0.0 -1.0 -1.0 -1.0 0.0 0.32225447345562985 0.332940341045729 0.3448051854986412
9 113.0 0.0 -1.0 -1.0 -1.0 0.0 0.34832379979520733 0.31686058633247144 0.33481561387232156
9 114.0 0.0 -1.0 -1.0 -1.0 0.0 0.33818199104999586 0.34284120868199713 0.31897680026800723
9 115.0 0.0 -1.0 -1.0 -1.0 0.0 0.33155646441594366 0.32522643160060133 0.34321710398345506
9 116.0 0.0 -1.0 -1.0 -1.0 0.0 0.3221149652626182 0.31122813723492165 0.3666568975024604
9 117.0 0.0 -1.0 -1.0 -1.0 0.0 0.3302379888019459 0.31750710997077136 0.3522549012272826
9 118.0 0.0 -1.0 -1.0 -1.0 0.0 0.30761119428493133 0.3115704666062453 0.3808183391088234
9 119.0 0.0 -1.0 -1.0 -1.0 0.0 0.34424107261533393 0.2805352680471928 0.37522365933747315
9 120.0 0.0 -1.0 -1.0 -1.0 0.0 0.35765559975415284 0.2657220154577102 0.3766223847881369
9 121.0 0.0 -1.0 -1.0 -1.0 0.0 0.3718967639229561 0.27288982826569785 0.3552134078113459
9 122.0 0.0 -1.0 -1.0 -1.0 0.0 0.3672203483520413 0.29527795426155157 0.3375016973864071
9 123.0 0.0 -1.0 -1.0 -1.0 0.0 0.355790255257726 0.325976206775138 0.3182335379671361
9 124.0 0.0 -1.0 -1.0 -1.0 0.0 0.32541536007301164 0.3546895470460579 0.3198950928809305
9 125.0 0.0 -1.0 -1.0 -1.0 0.0 0.3491800711221588 0.3246900719542207 0.3261298569236205
9 126.0 0.0 -1.0 -1.0 -1.0 0.0 0.3519482549937207 0.3242327928482892 0.3238189521579898
9 127.0 0.0 -1.0 -1.0 -1.0 0.0 0.3835183907634686 0.302806117490199 0.3136754917463324
9 128.0 0.0 -1.0 -1.0 -1.0 0.0 0.348638773035456 0.3121724017657267 0.33918882519881743
9 129.0 0.0 -1.0 -1.0 -1.0 0.0 0.3410575988678457 0.3302036044511398 0.32873879668101436
9 130.0 0.0 -1.0 -1.0 -1.0 0.0 0.33042991651054665 0.34584734576228 0.32372273772717347
9 131.0 0.0 -1.0 -1.0 -1.0 0.0 0.3353775931525494 0.3590934283943159 0.30552897845313465
9 132.0 0.0 -1.0 -1.0 -1.0 0.0 0.318122179073378 0.36810895638423874 0.31376886454238306
9 133.0 0.0 -1.0 -1.0 -1.0 0.0 0.312383062895685 0.3539609499274704 0.33365598717684475
9 134.0 0.0 -1.0 -1.0 -1.0 0.0 0.32227596887119536 0.35541497079285456 0.32230906033595014
9 135.0 0.0 -1.0 -1.0 -1.0 0.0 0.3289356025653627 0.3432563361833576 0.32780806125127976
9 136.0 0.0 -1.0 -1.0 -1.0 0.0 0.3256232768640562 0.34872620802710685 0.3256505151088369
9 137.0 0.0 -1.0 -1.0 -1.0 0.0 0.3141166365630814 0.3796946218233679 0.3061887416135508
9 138.0 0.0 -1.0 -1.0 -1.0 0.0 0.3157458002551201 0.3841343842242418 0.3001198155206381
9 139.0 0.0 -1.0 -1.0 -1.0 0.0 0.32769474929224385 0.34352794426883615 0.32877730643892017
9 140.0 0.0 -1.0 -1.0 -1.0 0.0 0.3140902696300978 0.35486895920687267 0.33104077116302955
9 141.0 0.0 -1.0 -1.0 -1.0 0.0 0.3437954848132458 0.33505818553346595 0.32114632965328804
9 142.0 0.0 -1.0 -1.0 -1.0 0.0 0.3294865945287409 0.39612267584651734 0.27439072962474187
9 143.0 0.0 -1.0 -1.0 -1.0 0.0 0.3300229550246651 0.3746075024578084 0.29536954251752623
9 144.0 0.0 -1.0 -1.0 -1.0 0.0 0.3503390054805282 0.3727370421350818 0.2769239523843905
9 145.0 0.0 -1.0 -1.0 -1.0 0.0 0.3340128007558713 0.3845194513396132 0.2814677479045154
9 146.0 0.0 -1.0 -1.0 -1.0 0.0 0.3224200979038517 0.3803745520912451 0.29720535000490345
9 147.0 0.0 -1.0 -1.0 -1.0 0.0 0.33413981433259643 0.355371941475815 0.31048824419158866
9 148.0 0.0 -1.0 -1.0 -1.0 0.0 0.3390474231146434 0.349995752040948 0.3109568248444086
9 149.0 0.0 -1.0 -1.0 -1.0 0.0 0.33874432349087086 0.33228420761412797 0.3289714688950011
9 150.0 0.0 -1.0 -1.0 -1.0 0.0 0.31463298220421726 0.3297642192473246 0.3556027985484582
9 151.0 0.0 -1.0 -1.0 -1.0 0.0 0.3218805283527127 0.3352295777528513 0.3428898938944361
9 152.0 0.0 -1.0 -1.0 -1.0 0.0 0.3353816407685571 0.35895158543935174 0.3056667737920913
9 153.0 0.0 -1.0 -1.0 -1.0 0.0 0.3190601525731974 0.37124866291739245 0.3096911845094102
9 154.0 0.0 -1.0 -1.0 -1.0 0.0 0.3092836220705456 0.39874930030644534 0.29196707762300916
9 155.0 0.0 -1.0 -1.0 -1.0 0.0 0.2964720205139576 0.40203812352677887 0.30148985595926386
9 156.0 0.0 -1.0 -1.0 -1.0 0.0 0.291067625209117 0.39567536698619965 0.3132570078046834
9 157.0 0.0 -1.0 -1.0 -1.0 0.0 0.3127624129304105 0.35836048608745785 0.32887710098213163
9 158.0 0.0 -1.0 -1.0 -1.0 0.0 0.2943896862613757 0.37367933574403767 0.33193097799458654
9 159.0 0.0 -1.0 -1.0 -1.0 0.0 0.29613172858203124 0.3650207794695997 0.338847491948369
9 160.0 0.0 -1.0 -1.0 -1.0 0.0 0.29133295024766265 0.329567362727855 0.3790996870244825
9 161.0 0.0 -1.0 -1.0 -1.0 0.0 0.3355197184487219 0.3485882429949787 0.3158920385562995
9 162.0 0.0 -1.0 -1.0 -1.0 0.0 0.31788580438657943 0.3532176190989634 0.32889657651445736
9 163.0 0.0 -1.0 -1.0 -1.0 0.0 0.3257050966306578 0.3480037002240959 0.3262912031452462
9 164.0 0.0 -1.0 -1.0 -1.0 0.0 0.34739478930206436 0.3524931657312837 0.30011204496665195
9 165.0 0.0 -1.0 -1.0 -1.0 0.0 0.3024932780564309 0.371145945543378 0.3263607764001911
9 166.0 0.0 -1.0 -1.0 -1.0 0.0 0.310699597146057 0.37701291628831735 0.3122874865656258
9 167.0 0.0 -1.0 -1.0 -1.0 0.0 0.3057601391209532 0.35479922565323285 0.3394406352258138
9 168.0 0.0 -1.0 -1.0 -1.0 0.0 0.3332212132909939 0.35467303135677286 0.3121057553522334
9 169.0 0.0 -1.0 -1.0 -1.0 0.0 0.33908015628398197 0.3298424871340145 0.3310773565820035
9 170.0 0.0 -1.0 -1.0 -1.0 0.0 0.32675287919293017 0.3345480519479675 0.3386990688591024
9 171.0 0.0 -1.0 -1.0 -1.0 0.0 0.3317336258164714 0.2927563388973196 0.37551003528620897
9 172.0 0.0 -1.0 -1.0 -1.0 0.0 0.3434481563898629 0.3303554515502815 0.3261963920598555
9 173.0 0.0 -1.0 -1.0 -1.0 0.0 0.3330090541628409 0.329087452548969 0.3379034932881902
9 174.0 0.0 -1.0 -1.0 -1.0 0.0 0.34352982549875827 0.32743360908189856 0.32903656541934323
9 175.0 0.0 -1.0 -1.0 -1.0 0.0 0.33644700522689247 0.3283629988597642 0.3351899959133435
9 176.0 0.0 -1.0 -1.0 -1.0 0.0 0.3157782613325828 0.3412579696398762 0.34296376902754067
9 177.0 0.0 -1.0 -1.0 -1.0 0.0 0.32073374874277577 0.3494090276958057 0.3298572235614186
9 178.0 0.0 -1.0 -1.0 -1.0 0.0 0.31062588565970534 0.3694222972447783 0.3199518170955164
9 179.0 0.0 -1.0 -1.0 -1.0 0.0 0.29577768872846416 0.3667810554942122 0.33744125577732376
9 180.0 0.0 -1.0 -1.0 -1.0 0.0 0.29630977039904427 0.37680289326052396 0.3268873363404318
9 181.0 0.0 -1.0 -1.0 -1.0 0.0 0.2874322290673876 0.3951719829994654 0.3173957879331471
9 182.0 0.0 -1.0 -1.0 -1.0 0.0 0.2825734293172393 0.4141909228995987 0.303235647783162
9 183.0 0.0 -1.0 -1.0 -1.0 0.0 0.2985201133349495 0.37053488730974143 0.3309449993553094
9 184.0 0.0 -1.0 -1.0 -1.0 0.0 0.3141513171634154 0.37044478331748365 0.3154038995191009
9 185.0 0.0 -1.0 -1.0 -1.0 0.0 0.28897959532682055 0.37919264407633935 0.3318277605968401
9 186.0 0.0 -1.0 -1.0 -1.0 0.0 0.29191157873335777 0.3549724549438591 0.35311596632278286
9 187.0 0.0 -1.0 -1.0 -1.0 0.0 0.28725141225260564 0.34262963753722375 0.37011895021017066
9 188.0 0.0 -1.0 -1.0 -1.0 0.0 0.29213625925227815 0.3404053447703798 0.36745839597734176
9 189.0 0.0 -1.0 -1.0 -1.0 0.0 0.2951596059696891 0.3585036195549494 0.34633677447536165
9 190.0 0.0 -1.0 -1.0 -1.0 0.0 0.3201860216542299 0.3403599072101299 0.3394540711356401
9 191.0 0.0 -1.0 -1.0 -1.0 0.0 0.3207809919381369 0.34217444712449496 0.33704456093736823
9 192.0 0.0 -1.0 -1.0 -1.0 0.0 0.32461852389441115 0.3332235447562303 0.3421579313493586
9 193.0 0.0 -1.0 -1.0 -1.0 0.0 0.3087566490116982 0.3467738448755833 0.34446950611271854
9 194.0 0.0 -1.0 -1.0 -1.0 0.0 0.3206116584739185 0.3353230225293436 0.34406531899673776
9 195.0 0.0 -1.0 -1.0 -1.0 0.0 0.3264583837575247 0.3104998137781418 0.3630418024643337
9 196.0 0.0 -1.0 -1.0 -1.0 0.0 0.31810557114733595 0.3148495391365135 0.367044889716151
9 197.0 0.0 -1.0 -1.0 -1.0 0.0 0.2964234593790376 0.3149910121737081 0.3885855284472538
9 198.0 0.0 -1.0 -1.0 -1.0 0.0 0.3083528534129542 0.3014588514799158 0.3901882951071299
9 199.0 0.0 -1.0 -1.0 -1.0 0.0 0.30122468523590906 0.31971936590524924 0.3790559488588419
9 200.0 0.0 -1.0 -1.0 -1.0 0.0 0.2915954716833324 0.34683656698912574 0.36156796132754193
9 201.0 0.0 -1.0 -1.0 -1.0 0.0 0.29397316013474173 0.3458449730853673 0.36018186677989106
9 202.0 0.0 -1.0 -1.0 -1.0 0.0 0.2879365332723036 0.34659098401855365 0.3654724827091427
9 203.0 0.0 -1.0 -1.0 -1.0 0.0 0.3094253798655374 0.3484939979752851 0.3420806221591777
9 204.0 0.0 -1.0 -1.0 -1.0 0.0 0.3298952304556023 0.3549952068739292 0.3151095626704684
9 205.0 0.0 -1.0 -1.0 -1.0 0.0 0.33399766971030964 0.35655560927000196 0.30944672101968845
9 206.0 0.0 -1.0 -1.0 -1.0 0.0 0.3380758792494016 0.3521286939737709 0.3097954267768272
9 207.0 0.0 -1.0 -1.0 -1.0 0.0 0.35584541462440983 0.3365531096919499 0.30760147568364027
9 208.0 0.0 -1.0 -1.0 -1.0 0.0 0.34300838603108597 0.34789573597426054 0.3090958779946536
9 209.0 0.0 -1.0 -1.0 -1.0 0.0 0.3489140705554163 0.32658816819923175 0.32449776124535196
9 210.0 0.0 -1.0 -1.0 -1.0 0.0 0.32680625968637034 0.3116073216717234 0.36158641864190627
9 211.0 0.0 -1.0 -1.0 -1.0 0.0 0.3250488443160858 0.27643075176357956 0.39852040392033466
9 212.0 0.0 -1.0 -1.0 -1.0 0.0 0.33493698230756763 0.2807896386779689 0.38427337901446307
9 213.0 0.0 -1.0 -1.0 -1.0 0.0 0.33830448973670857 0.30322813503894436 0.35846737522434713
9 214.0 0.0 -1.0 -1.0 -1.0 0.0 0.3124081938773746 0.3369558469468524 0.3506359591757731
9 215.0 0.0 -1.0 -1.0 -1.0 0.0 0.29453147194545254 0.32958954289325454 0.37587898516129264
9 216.0 0.0 -1.0 -1.0 -1.0 0.0 0.30276205762567826 0.3120618527648004 0.3851760896095213
9 217.0 0.0 -1.0 -1.0 -1.0 0.0 0.32788434660467236 0.3035428295788918 0.3685728238164361
9 218.0 0.0 -1.0 -1.0 -1.0 0.0 0.34336669543744314 0.28054921319159043 0.3760840913709664
9 219.0 0.0 -1.0 -1.0 -1.0 0.0 0.32235458454000726 0.3222718108299258 0.3553736046300668
9 220.0 0.0 -1.0 -1.0 -1.0 0.0 0.32716513102536965 0.3312059736457232 0.3416288953289072
9 221.0 0.0 -1.0 -1.0 -1.0 0.0 0.3063707257614785 0.3506234825926801 0.3430057916458412
9 222.0 0.0 -1.0 -1.0 -1.0 0.0 0.31162409572340743 0.342316748587917 0.3460591556886755
9 223.0 0.0 -1.0 -1.0 -1.0 0.0 0.3315643625011046 0.33309820800081624 0.3353374294980793
9 224.0 0.0 -1.0 -1.0 -1.0 0.0 0.3350690375144233 0.3223698578503012 0.3425611046352755
9 225.0 0.0 -1.0 -1.0 -1.0 0.0 0.33076313202498964 0.3104557680162683 0.35878109995874213
9 226.0 0.0 -1.0 -1.0 -1.0 0.0 0.34204563871493265 0.30848382411638026 0.34947053716868703
9 227.0 0.0 -1.0 -1.0 -1.0 0.0 0.32776234277748734 0.2922562019595773 0.37998145526293525
9 228.0 0.0 -1.0 -1.0 -1.0 0.0 0.31557149568441256 0.3174175172053559 0.3670109871102316
9 229.0 0.0 -1.0 -1.0 -1.0 0.0 0.3091081342234476 0.3248316985137848 0.36606016726276785
9 230.0 0.0 -1.0 -1.0 -1.0 0.0 0.2901911601764155 0.3453185484348117 0.3644902913887728
9 231.0 0.0 -1.0 -1.0 -1.0 0.0 0.27137047183374624 0.3473895398237248 0.3812399883425289
9 232.0 0.0 -1.0 -1.0 -1.0 0.0 0.2715300516040307 0.31553295555601435 0.41293699283995516
9 233.0 0.0 -1.0 -1.0 -1.0 0.0 0.2973986910988864 0.3066513663308707 0.39594994257024313
9 234.0 0.0 -1.0 -1.0 -1.0 0.0 0.27722347350340604 0.3170868915530139 0.4056896349435798
9 235.0 0.0 -1.0 -1.0 -1.0 0.0 0.29540697198432625 0.2954766948665738 0.40911633314909984
9 236.0 0.0 -1.0 -1.0 -1.0 0.0 0.30394848293584154 0.3161347778165271 0.3799167392476312
9 237.0 0.0 -1.0 -1.0 -1.0 0.0 0.29959886801694874 0.3265598427154569 0.37384128926759425
9 238.0 0.0 -1.0 -1.0 -1.0 0.0 0.32945478143981544 0.3230505678215051 0.34749465073867947
9 239.0 0.0 -1.0 -1.0 -1.0 0.0 0.3148096114744994 0.3139863577465103 0.3712040307789901
9 240.0 0.0 -1.0 -1.0 -1.0 0.0 0.2922178167272057 0.32578978357746713 0.3819923996953269
9 241.0 0.0 -1.0 -1.0 -1.0 0.0 0.30782775679190666 0.3256136126051675 0.3665586306029256
9 242.0 0.0 -1.0 -1.0 -1.0 0.0 0.3282831961229378 0.33048204468808096 0.3412347591889813
9 243.0 0.0 -1.0 -1.0 -1.0 0.0 0.319531625112647 0.35372517979660045 0.32674319509075245
9 244.0 0.0 -1.0 -1.0 -1.0 0.0 0.31043380307470964 0.36424215727199666 0.3253240396532939
9 245.0 0.0 -1.0 -1.0 -1.0 0.0 0.30804960340212295 0.3730298087125176 0.3189205878853593
9 246.0 0.0 -1.0 -1.0 -1.0 0.0 0.3233794105209714 0.38787048806785945 0.2887501014111692
9 247.0 0.0 -1.0 -1.0 -1.0 0.0 0.33089441466262054 0.3582686713351281 0.31083691400225144
9 248.0 0.0 -1.0 -1.0 -1.0 0.0 0.335078972284876 0.3427616288627094 0.32215939885241474
9 249.0 0.0 -1.0 -1.0 -1.0 0.0 0.31289835228370255 0.33972966026780177 0.3473719874484958
9 250.0 0.0 -1.0 -1.0 -1.0 0.0 0.299174060023874 0.34694138588327755 0.35388455409284847
9 251.0 0.0 -1.0 -1.0 -1.0 0.0 0.30338169416180955 0.35457594308178647 0.3420423627564038
9 252.0 0.0 -1.0 -1.0 -1.0 0.0 0.29032937592794655 0.37027163979674976 0.33939898427530396
9 253.0 0.0 -1.0 -1.0 -1.0 0.0 0.30855988235432685 0.35008972645761716 0.3413503911880564
9 254.0 0.0 -1.0 -1.0 -1.0 0.0 0.307006544630032 0.361974411839361 0.3310190435306072
9 255.0 0.0 -1.0 -1.0 -1.0 0.0 0.2956733874836925 0.38070007446637133 0.3236265380499362
9 256.0 0.0 -1.0 -1.0 -1.0 0.0 0.33210337282039754 0.35617023562410854 0.31172639155549386
9 257.0 0.0 -1.0 -1.0 -1.0 0.0 0.3287514206731994 0.33797787662899187 0.3332707026978088
9 258.0 0.0 -1.0 -1.0 -1.0 0.0 0.3282490776137847 0.3339254505481948 0.3378254718380203
9 259.0 0.0 -1.0 -1.0 -1.0 0.0 0.3219447824548305 0.3472977157524791 0.3307575017926906
9 260.0 0.0 -1.0 -1.0 -1.0 0.0 0.3331052747114161 0.3431057919487312 0.32378893333985254
9 261.0 0.0 -1.0 -1.0 -1.0 0.0 0.34316147519407264 0.3543622373531871 0.3024762874527404
9 262.0 0.0 -1.0 -1.0 -1.0 0.0 0.34024491349864133 0.3374817312036398 0.3222733552977186
9 263.0 0.0 -1.0 -1.0 -1.0 0.0 0.32014762567632465 0.3360956030623349 0.3437567712613404
9 264.0 0.0 -1.0 -1.0 -1.0 0.0 0.3000935813534188 0.35848531818389295 0.3414211004626884
9 265.0 0.0 -1.0 -1.0 -1.0 0.0 0.2957608931528737 0.3560016029956648 0.3482375038514612
9 266.0 0.0 -1.0 -1.0 -1.0 0.0 0.3233058049063754 0.3373928875786991 0.33930130751492527
9 267.0 0.0 -1.0 -1.0 -1.0 0.0 0.3059664062945672 0.35993208882996003 0.3341015048754727
9 268.0 0.0 -1.0 -1.0 -1.0 0.0 0.3101640630752658 0.3725201389198478 0.3173157980048865
9 269.0 0.0 -1.0 -1.0 -1.0 0.0 0.343313431010219 0.34956295742577054 0.30712361156401063
9 270.0 0.0 -1.0 -1.0 -1.0 0.0 0.34506338826510047 0.33884571893589494 0.31609089279900465
9 271.0 0.0 -1.0 -1.0 -1.0 0.0 0.3588495062270973 0.3225481342961913 0.31860235947671134
9 272.0 0.0 -1.0 -1.0 -1.0 0.0 0.3541538798887744 0.32366386084360627 0.3221822592676192
9 273.0 0.0 -1.0 -1.0 -1.0 0.0 0.36847499152898266 0.3150515194015435 0.31647348906947353
9 274.0 0.0 -1.0 -1.0 -1.0 0.0 0.3831284146041981 0.31996148886161824 0.29691009653418365
9 275.0 0.0 -1.0 -1.0 -1.0 0.0 0.37607977124446945 0.32235450872143095 0.3015657200340994
9 276.0 0.0 -1.0 -1.0 -1.0 0.0 0.33284556367243523 0.3231011135963387 0.344053322731226
9 277.0 0.0 -1.0 -1.0 -1.0 0.0 0.3473303240893793 0.3057773989627114 0.34689227694790936
9 278.0 0.0 -1.0 -1.0 -1.0 0.0 0.3367073957055375 0.32546845086898846 0.33782415342547417
9 279.0 0.0 -1.0 -1.0 -1.0 0.0 0.32245871506176754 0.3496153548977695 0.32792593004046305
9 280.0 0.0 -1.0 -1.0 -1.0 0.0 0.3127906374079352 0.3760352703128673 0.31117409227919757
9 281.0 0.0 -1.0 -1.0 -1.0 0.0 0.33000646534501404 0.3558325476608338 0.31416098699415224
9 282.0 0.0 -1.0 -1.0 -1.0 0.0 0.36525969102512884 0.3322845413790491 0.3024557675958224
9 283.0 0.0 -1.0 -1.0 -1.0 0.0 0.3707247095355409 0.32729887875922586 0.30197641170523337
9 284.0 0.0 -1.0 -1.0 -1.0 0.0 0.37259152243841387 0.319235277831439 0.3081731997301472
9 285.0 0.0 -1.0 -1.0 -1.0 0.0 0.3572578312533408 0.32716611361750636 0.31557605512915293
9 286.0 0.0 -1.0 -1.0 -1.0 0.0 0.3351278612342734 0.32305094065355955 0.3418211981121674
9 287.0 0.0 -1.0 -1.0 -1.0 0.0 0.3378711827459428 0.3364892264226092 0.3256395908314483
9 288.0 0.0 -1.0 -1.0 -1.0 0.0 0.35534509698559114 0.33562431010160876 0.30903059291280016
9 289.0 0.0 -1.0 -1.0 -1.0 0.0 0.3776156084620036 0.32295073695566684 0.2994336545823295
9 290.0 0.0 -1.0 -1.0 -1.0 0.0 0.3261933732609102 0.32987269944075964 0.3439339272983302
9 291.0 0.0 -1.0 -1.0 -1.0 0.0 0.30892131395666544 0.3137119643605486 0.37736672168278595
9 292.0 0.0 -1.0 -1.0 -1.0 0.0 0.31868699166058856 0.33829196839877745 0.34302103994063365
9 293.0 0.0 -1.0 -1.0 -1.0 0.0 0.33302017459548755 0.34178101892333806 0.3251988064811743
9 294.0 0.0 -1.0 -1.0 -1.0 0.0 0.34476391203695067 0.3418307103515578 0.3134053776114917
9 295.0 0.0 -1.0 -1.0 -1.0 0.0 0.3535233978531735 0.31290125477509084 0.33357534737173566
9 296.0 0.0 -1.0 -1.0 -1.0 0.0 0.33311496637634164 0.31707912180753606 0.34980591181612264
9 297.0 0.0 -1.0 -1.0 -1.0 0.0 0.300864327928285 0.3520998132623617 0.3470358588093535
9 298.0 0.0 -1.0 -1.0 -1.0 0.0 0.30841483594170377 0.35542675512567184 0.3361584089326243
9 299.0 0.0 -1.0 -1.0 -1.0 0.0 0.306830244014571 0.3716627646772126 0.3215069913082166
9 300.0 0.0 -1.0 -1.0 -1.0 0.0 0.31087868830127624 0.35654111940739774 0.33258019229132585
9 301.0 0.0 -1.0 -1.0 -1.0 0.0 0.3183028102496155 0.316922989870419 0.3647741998799656
9 302.0 0.0 -1.0 -1.0 -1.0 0.0 0.32079035447167664 0.3287905298071045 0.35041911572121875
9 303.0 0.0 -1.0 -1.0 -1.0 0.0 0.344563019066595 0.33110106189927024 0.3243359190341348
9 304.0 0.0 -1.0 -1.0 -1.0 0.0 0.361756373389439 0.33566405479633565 0.30257957181422523
9 305.0 0.0 -1.0 -1.0 -1.0 0.0 0.3627918918787267 0.34686851126945517 0.2903395968518179
9 306.0 0.0 -1.0 -1.0 -1.0 0.0 0.3637117480978121 0.33149682403327496 0.3047914278689132
9 307.0 0.0 -1.0 -1.0 -1.0 0.0 0.3465945601417442 0.337362429377196 0.3160430104810596
9 308.0 0.0 -1.0 -1.0 -1.0 0.0 0.30727668793708157 0.35115760701361554 0.341565705049303
9 309.0 0.0 -1.0 -1.0 -1.0 0.0 0.30929169095630177 0.3442603473702876 0.3464479616734108
9 310.0 0.0 -1.0 -1.0 -1.0 0.0 0.3234448793812739 0.3485750270689899 0.32798009354973623
9 311.0 0.0 -1.0 -1.0 -1.0 0.0 0.34181122354057203 0.31140661702621697 0.3467821594332111
9 312.0 0.0 -1.0 -1.0 -1.0 0.0 0.36312190393026955 0.3252238887119136 0.31165420735781707
9 313.0 0.0 -1.0 -1.0 -1.0 0.0 0.355982304465406 0.3200863281545079 0.3239313673800861
9 314.0 0.0 -1.0 -1.0 -1.0 0.0 0.33757287204426306 0.30469774058067295 0.3577293873750639
9 315.0 0.0 -1.0 -1.0 -1.0 0.0 0.34390950451276836 0.3208669399902691 0.33522355549696214
9 316.0 0.0 -1.0 -1.0 -1.0 0.0 0.3558447934149855 0.311208732712718 0.3329464738722965
9 317.0 0.0 -1.0 -1.0 -1.0 0.0 0.3427952425750133 0.31190877061213884 0.3452959868128477
9 318.0 0.0 -1.0 -1.0 -1.0 0.0 0.3205723599999432 0.33763650113025856 0.3417911388697985
9 319.0 0.0 -1.0 -1.0 -1.0 0.0 0.3235260612692821 0.3303653614170715 0.3461085773136464
9 320.0 0.0 -1.0 -1.0 -1.0 0.0 0.316161189263565 0.3242178934493568 0.35962091728707807
9 321.0 0.0 -1.0 -1.0 -1.0 0.0 0.32218285568980926 0.32167822840695837 0.35613891590323227
9 322.0 0.0 -1.0 -1.0 -1.0 0.0 0.3267386222363698 0.32707922850856697 0.3461821492550633
9 323.0 0.0 -1.0 -1.0 -1.0 0.0 0.31292240650020714 0.3516816808030559 0.335395912696737
9 324.0 0.0 -1.0 -1.0 -1.0 0.0 0.3235549761088518 0.32134166233648254 0.3551033615546658
9 325.0 0.0 -1.0 -1.0 -1.0 0.0 0.31095491580617424 0.3404295754185626 0.3486155087752632
9 326.0 0.0 -1.0 -1.0 -1.0 0.0 0.2830155052869385 0.32683372669706523 0.39015076801599635
9 327.0 0.0 -1.0 -1.0 -1.0 0.0 0.29595115397185445 0.3300408397510719 0.37400800627707365
9 328.0 0.0 -1.0 -1.0 -1.0 0.0 0.29344741482888453 0.3165760900358665 0.3899764951352492
9 329.0 0.0 -1.0 -1.0 -1.0 0.0 0.3013559062235984 0.3077266767468846 0.39091741702951716
9 330.0 0.0 -1.0 -1.0 -1.0 0.0 0.3176887554221201 0.3235336855978062 0.3587775589800738
9 331.0 0.0 -1.0 -1.0 -1.0 0.0 0.31200997012632936 0.32098387271881584 0.3670061571548549
9 332.0 0.0 -1.0 -1.0 -1.0 0.0 0.3141413230173221 0.3240098750000754 0.36184880198260244
9 333.0 0.0 -1.0 -1.0 -1.0 0.0 0.31063457488305174 0.32537393036373785 0.3639914947532104
9 334.0 0.0 -1.0 -1.0 -1.0 0.0 0.3212485075549113 0.3256324804204478 0.353119012024641
9 335.0 0.0 -1.0 -1.0 -1.0 0.0 0.3564157825406927 0.3340856591679195 0.3094985582913879
9 336.0 0.0 -1.0 -1.0 -1.0 0.0 0.3758979727601671 0.30676740934733043 0.3173346178925026
9 337.0 0.0 -1.0 -1.0 -1.0 0.0 0.3933850043279354 0.3110960420372222 0.29551895363484265
9 338.0 0.0 -1.0 -1.0 -1.0 0.0 0.3450679200218876 0.34521985114069004 0.3097122288374224
9 339.0 0.0 -1.0 -1.0 -1.0 0.0 0.346286843740048 0.3520885616456759 0.3016245946142759
9 340.0 0.0 -1.0 -1.0 -1.0 0.0 0.35116168468795467 0.3373232300051021 0.3115150853069435
9 341.0 0.0 -1.0 -1.0 -1.0 0.0 0.37961334278655484 0.32283137449280086 0.29755528272064424
9 342.0 0.0 -1.0 -1.0 -1.0 0.0 0.3817447594745925 0.3241371446735784 0.2941180958518289
9 343.0 0.0 -1.0 -1.0 -1.0 0.0 0.3482828104288201 0.3405072252983048 0.31120996427287523
9 344.0 0.0 -1.0 -1.0 -1.0 0.0 0.33889243943808317 0.3132357054818867 0.3478718550800302
9 345.0 0.0 -1.0 -1.0 -1.0 0.0 0.31238171367096085 0.3334154721861698 0.35420281414286925
9 346.0 0.0 -1.0 -1.0 -1.0 0.0 0.3183856952096598 0.33018898179251116 0.35142532299782914
9 347.0 0.0 -1.0 -1.0 -1.0 0.0 0.3284425664630897 0.3066299264963945 0.3649275070405156
9 348.0 0.0 -1.0 -1.0 -1.0 0.0 0.308203387875248 0.33329011999399627 0.3585064921307557
9 349.0 0.0 -1.0 -1.0 -1.0 0.0 0.3114535764033045 0.3396897489941812 0.3488566746025144
9 350.0 0.0 -1.0 -1.0 -1.0 0.0 0.31772500449739866 0.35301702134161717 0.32925797416098407
9 351.0 0.0 -1.0 -1.0 -1.0 0.0 0.3043392666505939 0.35175097641442804 0.3439097569349783
9 352.0 0.0 -1.0 -1.0 -1.0 0.0 0.29098662038120343 0.3562349253609952 0.3527784542578015
9 353.0 0.0 -1.0 -1.0 -1.0 0.0 0.30878585595121755 0.3612267220037175 0.32998742204506487
9 354.0 0.0 -1.0 -1.0 -1.0 0.0 0.34141725033238113 0.3448038671992629 0.31377888246835606
9 355.0 0.0 -1.0 -1.0 -1.0 0.0 0.3601236989195031 0.32274953224661906 0.3171267688338777
9 356.0 0.0 -1.0 -1.0 -1.0 0.0 0.35191849850658535 0.31985952094750447 0.32822198054591006
9 357.0 0.0 -1.0 -1.0 -1.0 0.0 0.35168768443400494 0.31640869868179883 0.3319036168841961
9 358.0 0.0 -1.0 -1.0 -1.0 0.0 0.3172486880897637 0.3423734289737586 0.34037788293647786
9 359.0 0.0 -1.0 -1.0 -1.0 0.0 0.32798562866289965 0.3459781044664719 0.32603626687062826
9 360.0 0.0 -1.0 -1.0 -1.0 0.0 0.3285146970459965 0.3375013940682871 0.3339839088857166
9 361.0 0.0 -1.0 -1.0 -1.0 0.0 0.3369532221970089 0.3436380172713399 0.3194087605316511
9 362.0 0.0 -1.0 -1.0 -1.0 0.0 0.32053871903349646 0.3702624141876826 0.30919886677882114
9 363.0 0.0 -1.0 -1.0 -1.0 0.0 0.30739332900257016 0.3720976652186539 0.32050900577877584
9 364.0 0.0 -1.0 -1.0 -1.0 0.0 0.3357358848431919 0.3381248624383236 0.32613925271848443
9 365.0 0.0 -1.0 -1.0 -1.0 0.0 0.35449580557715493 0.3255834994036125 0.31992069501923276
9 366.0 0.0 -1.0 -1.0 -1.0 0.0 0.3486847170439426 0.3321524081461369 0.3191628748099206
9 367.0 0.0 -1.0 -1.0 -1.0 0.0 0.37160450070291584 0.30080364997170067 0.3275918493253833
9 368.0 0.0 -1.0 -1.0 -1.0 0.0 0.3628783330340768 0.3124976884407095 0.3246239785252137
9 369.0 0.0 -1.0 -1.0 -1.0 0.0 0.3403880379140219 0.30693248617245844 0.35267947591351956
9 370.0 0.0 -1.0 -1.0 -1.0 0.0 0.33513979034610386 0.32201552581739035 0.3428446838365057
9 371.0 0.0 -1.0 -1.0 -1.0 0.0 0.32310805278401417 0.3414945700771114 0.3353973771388744
9 372.0 0.0 -1.0 -1.0 -1.0 0.0 0.3243062961747791 0.32657776355702217 0.34911594026819864
9 373.0 0.0 -1.0 -1.0 -1.0 0.0 0.32435743884492324 0.33460805247839676 0.3410345086766799
9 374.0 0.0 -1.0 -1.0 -1.0 0.0 0.3306521538804579 0.33824787835974485 0.3310999677597971
9 375.0 0.0 -1.0 -1.0 -1.0 0.0 0.31021644958009853 0.32648889594168923 0.3632946544782125
9 376.0 0.0 -1.0 -1.0 -1.0 0.0 0.3419452357799468 0.313555009738222 0.3444997544818311
9 377.0 0.0 -1.0 -1.0 -1.0 0.0 0.3309899582292932 0.3305302884869985 0.33847975328370805
9 378.0 0.0 -1.0 -1.0 -1.0 0.0 0.3375742201375244 0.35282641489180705 0.3095993649706685
9 379.0 0.0 -1.0 -1.0 -1.0 0.0 0.3333424444292609 0.3355160032035079 0.3311415523672312
9 380.0 0.0 -1.0 -1.0 -1.0 0.0 0.3185781031755424 0.3327073275216767 0.34871456930278116
9 381.0 0.0 -1.0 -1.0 -1.0 0.0 0.3293382118897923 0.3102660782943648 0.3603957098158426
9 382.0 0.0 -1.0 -1.0 -1.0 0.0 0.3537936012124267 0.30973446457234016 0.33647193421523314
9 383.0 0.0 -1.0 -1.0 -1.0 0.0 0.34696350469022563 0.3076816683795801 0.34535482693019426
9 384.0 0.0 -1.0 -1.0 -1.0 0.0 0.3628279202987621 0.30226278622149605 0.33490929347974174
9 385.0 0.0 -1.0 -1.0 -1.0 0.0 0.3256311418167778 0.3153041612025402 0.35906469698068166
9 386.0 0.0 -1.0 -1.0 -1.0 0.0 0.3582030435556026 0.27861390542008657 0.36318305102431075
9 387.0 0.0 -1.0 -1.0 -1.0 0.0 0.3527491639311508 0.3002032669396288 0.34704756912922025
9 388.0 0.0 -1.0 -1.0 -1.0 0.0 0.35766962398165136 0.2981907563208645 0.3441396196974842
9 389.0 0.0 -1.0 -1.0 -1.0 0.0 0.3578845003642765 0.30651562667118165 0.3355998729645418
9 390.0 0.0 -1.0 -1.0 -1.0 0.0 0.34944748281183263 0.31624770947221365 0.3343048077159537
9 391.0 0.0 -1.0 -1.0 -1.0 0.0 0.3441564250253102 0.3078830519867517 0.34796052298793806
9 392.0 0.0 -1.0 -1.0 -1.0 0.0 0.33686687459865683 0.3218944242173361 0.3412387011840071
9 393.0 0.0 -1.0 -1.0 -1.0 0.0 0.3381220772627145 0.3396483404495932 0.32222958228769244
9 394.0 0.0 -1.0 -1.0 -1.0 0.0 0.3352894879087417 0.3371509784193519 0.32755953367190643
9 395.0 0.0 -1.0 -1.0 -1.0 0.0 0.3240867317703269 0.33066594769511426 0.34524732053455887
9 396.0 0.0 -1.0 -1.0 -1.0 0.0 0.3457738124957229 0.32893177459330325 0.32529441291097383
9 397.0 0.0 -1.0 -1.0 -1.0 0.0 0.35026827256470694 0.32938708652243165 0.3203446409128614
9 398.0 0.0 -1.0 -1.0 -1.0 0.0 0.36127215582236116 0.3157477486743805 0.3229800955032582
9 399.0 0.0 -1.0 -1.0 -1.0 0.0 0.37007735237587075 0.30203535482909927 0.3278872927950299
9 400.0 0.0 -1.0 -1.0 -1.0 0.0 0.39040941983619276 0.28262720530433016 0.32696337485947713
9 401.0 0.0 -1.0 -1.0 -1.0 0.0 0.3727730804753982 0.2991935369053607 0.3280333826192411
9 402.0 0.0 -1.0 -1.0 -1.0 0.0 0.38137022581642394 0.30417042644903336 0.31445934773454287
9 403.0 0.0 -1.0 -1.0 -1.0 0.0 0.3708300451166219 0.33135450961742124 0.29781544526595705
9 404.0 0.0 -1.0 -1.0 -1.0 0.0 0.3794895674476566 0.3051440025681571 0.31536642998418624
9 405.0 0.0 -1.0 -1.0 -1.0 0.0 0.3500715559886678 0.3086682876334881 0.34126015637784435
9 406.0 0.0 -1.0 -1.0 -1.0 0.0 0.32138953313292384 0.31448596859727274 0.36412449826980336
9 407.0 0.0 -1.0 -1.0 -1.0 0.0 0.3204525972165304 0.3263136677526739 0.35323373503079564
9 408.0 0.0 -1.0 -1.0 -1.0 0.0 0.3211985823233372 0.3404015037277764 0.33839991394888663
9 409.0 0.0 -1.0 -1.0 -1.0 0.0 0.3220592154669415 0.3591086186861218 0.31883216584693674
9 410.0 0.0 -1.0 -1.0 -1.0 0.0 0.30870370035061057 0.36878397650979594 0.32251232313959366
9 411.0 0.0 -1.0 -1.0 -1.0 0.0 0.3049541009311264 0.37140616058374115 0.3236397384851323
9 412.0 0.0 -1.0 -1.0 -1.0 0.0 0.31693397202735085 0.37801127780971705 0.3050547501629322
9 413.0 0.0 -1.0 -1.0 -1.0 0.0 0.31913229761664474 0.34778120238755805 0.3330864999957972
9 414.0 0.0 -1.0 -1.0 -1.0 0.0 0.3206927373434544 0.35619490055953074 0.3231123620970151
9 415.0 0.0 -1.0 -1.0 -1.0 0.0 0.3242612790508757 0.3495289279605602 0.32620979298856406
9 416.0 0.0 -1.0 -1.0 -1.0 0.0 0.3356596858654167 0.3638654089039581 0.300474905230625
9 417.0 0.0 -1.0 -1.0 -1.0 0.0 0.3378485418733625 0.366059685730558 0.2960917723960796
9 418.0 0.0 -1.0 -1.0 -1.0 0.0 0.3522031349891091 0.3510000717144375 0.2967967932964534
9 419.0 0.0 -1.0 -1.0 -1.0 0.0 0.3373998370107922 0.3564802122367536 0.3061199507524545
9 420.0 0.0 -1.0 -1.0 -1.0 0.0 0.3397901333586604 0.3255869027382169 0.33462296390312285
9 421.0 0.0 -1.0 -1.0 -1.0 0.0 0.3747100131886739 0.32083241522379885 0.3044575715875272
9 422.0 0.0 -1.0 -1.0 -1.0 0.0 0.40213486332237663 0.2878987225693292 0.30996641410829395
9 423.0 0.0 -1.0 -1.0 -1.0 0.0 0.36315102616411565 0.32259111905176413 0.3142578547841203
9 424.0 0.0 -1.0 -1.0 -1.0 0.0 0.36561426457457236 0.3083498626993282 0.32603587272609963
9 425.0 0.0 -1.0 -1.0 -1.0 0.0 0.36247182253309485 0.3165187994140664 0.32100937805283863
9 426.0 0.0 -1.0 -1.0 -1.0 0.0 0.34287827955251354 0.31509065540869047 0.34203106503879593
9 427.0 0.0 -1.0 -1.0 -1.0 0.0 0.3558564886988224 0.2959828554821728 0.3481606558190049
9 428.0 0.0 -1.0 -1.0 -1.0 0.0 0.3699866281795209 0.30347459218261824 0.3265387796378609
9 429.0 0.0 -1.0 -1.0 -1.0 0.0 0.35821869917218335 0.30462932270168347 0.33715197812613307
9 430.0 0.0 -1.0 -1.0 -1.0 0.0 0.37292931306815147 0.29136109357316786 0.3357095933586806
9 431.0 0.0 -1.0 -1.0 -1.0 0.0 0.3720404638461225 0.2922521827952879 0.3357073533585897
9 432.0 0.0 -1.0 -1.0 -1.0 0.0 0.3699882872736582 0.29002041762199476 0.3399912951043467
9 433.0 0.0 -1.0 -1.0 -1.0 0.0 0.36883741606963477 0.274680201856733 0.35648238207363214
9 434.0 0.0 -1.0 -1.0 -1.0 0.0 0.36794032775918434 0.28764531096334855 0.344414361277467
9 435.0 0.0 -1.0 -1.0 -1.0 0.0 0.33811265395354567 0.30071181220573917 0.3611755338407152
9 436.0 0.0 -1.0 -1.0 -1.0 0.0 0.3432123715249428 0.2980879276812179 0.35869970079383934
9 437.0 0.0 -1.0 -1.0 -1.0 0.0 0.3308198497681144 0.2986180042820137 0.37056214594987225
9 438.0 0.0 -1.0 -1.0 -1.0 0.0 0.33563639058643346 0.29072085059796143 0.37364275881560505
9 439.0 0.0 -1.0 -1.0 -1.0 0.0 0.3321222877090701 0.28567812250747915 0.38219958978345103
9 440.0 0.0 -1.0 -1.0 -1.0 0.0 0.3488257042345218 0.2680196309375956 0.3831546648278823
9 441.0 0.0 -1.0 -1.0 -1.0 0.0 0.36623940894007023 0.27863013530209924 0.3551304557578306
9 442.0 0.0 -1.0 -1.0 -1.0 0.0 0.37899644029053625 0.2794721750951724 0.34153138461429144
9 443.0 0.0 -1.0 -1.0 -1.0 0.0 0.3636201688320479 0.3087219619552441 0.3276578692127081
9 444.0 0.0 -1.0 -1.0 -1.0 0.0 0.3476727045645322 0.33310238268119585 0.3192249127542719
9 445.0 0.0 -1.0 -1.0 -1.0 0.0 0.35865359147086084 0.3209728190851773 0.3203735894439618
9 446.0 0.0 -1.0 -1.0 -1.0 0.0 0.3452750726760446 0.325268758172558 0.32945616915139747
9 447.0 0.0 -1.0 -1.0 -1.0 0.0 0.34009656281909967 0.3455883078798801 0.31431512930102007
9 448.0 0.0 -1.0 -1.0 -1.0 0.0 0.34807394562026317 0.32684320538712974 0.3250828489926072
9 449.0 0.0 -1.0 -1.0 -1.0 0.0 0.33002553510109356 0.3399419227613872 0.3300325421375192
9 450.0 0.0 -1.0 -1.0 -1.0 0.0 0.31181140698643806 0.3438854633998232 0.3443031296137385
9 451.0 0.0 -1.0 -1.0 -1.0 0.0 0.3104157392911688 0.35766937847221736 0.33191488223661386
9 452.0 0.0 -1.0 -1.0 -1.0 0.0 0.32538460367989963 0.3430905305359889 0.33152486578411133
9 453.0 0.0 -1.0 -1.0 -1.0 0.0 0.32288560912660375 0.3686886691090333 0.3084257217643633
9 454.0 0.0 -1.0 -1.0 -1.0 0.0 0.31821034259674613 0.3583813052489806 0.3234083521542733
9 455.0 0.0 -1.0 -1.0 -1.0 0.0 0.2990512522324077 0.3730260038720216 0.3279227438955708
9 456.0 0.0 -1.0 -1.0 -1.0 0.0 0.3040957690396119 0.3485682528794306 0.3473359780809577
9 457.0 0.0 -1.0 -1.0 -1.0 0.0 0.3223899400626479 0.35168736795183214 0.3259226919855198
9 458.0 0.0 -1.0 -1.0 -1.0 0.0 0.31732421408774064 0.34782638974679 0.3348493961654694
9 459.0 0.0 -1.0 -1.0 -1.0 0.0 0.3318022337217452 0.32378843291304954 0.3444093333652053
9 460.0 0.0 -1.0 -1.0 -1.0 0.0 0.32298526790094995 0.3331516257895569 0.3438631063094931
9 461.0 0.0 -1.0 -1.0 -1.0 0.0 0.3394099073977859 0.322114507359796 0.3384755852424181
9 462.0 0.0 -1.0 -1.0 -1.0 0.0 0.33394963149936274 0.33643830511523065 0.32961206338540633
9 463.0 0.0 -1.0 -1.0 -1.0 0.0 0.34900428532204025 0.33025266507496914 0.3207430496029906
9 464.0 0.0 -1.0 -1.0 -1.0 0.0 0.3557024581803568 0.3186817127298785 0.32561582908976466
9 465.0 0.0 -1.0 -1.0 -1.0 0.0 0.3500203168452544 0.31347153539630673 0.3365081477584388
9 466.0 0.0 -1.0 -1.0 -1.0 0.0 0.35495384934325735 0.30136425647861176 0.3436818941781308
9 467.0 0.0 -1.0 -1.0 -1.0 0.0 0.3725012710799539 0.31373699447382797 0.31376173444621835
9 468.0 0.0 -1.0 -1.0 -1.0 0.0 0.35026224671368844 0.34027861848909696 0.3094591347972146
9 469.0 0.0 -1.0 -1.0 -1.0 0.0 0.3504958495997414 0.3373446884236617 0.31215946197659694
9 470.0 0.0 -1.0 -1.0 -1.0 0.0 0.343984036769357 0.341757642892481 0.3142583203381618
9 471.0 0.0 -1.0 -1.0 -1.0 0.0 0.3339537237960792 0.3447290192238605 0.3213172569800603
9 472.0 0.0 -1.0 -1.0 -1.0 0.0 0.33718799426069973 0.35469502368853817 0.3081169820507621
9 473.0 0.0 -1.0 -1.0 -1.0 0.0 0.3440941704979352 0.34679660504042453 0.3091092244616402
9 474.0 0.0 -1.0 -1.0 -1.0 0.0 0.30818065105474507 0.36185732856648073 0.32996202037877403
9 475.0 0.0 -1.0 -1.0 -1.0 0.0 0.3152298550285834 0.3331220191543954 0.35164812581702115
9 476.0 0.0 -1.0 -1.0 -1.0 0.0 0.3230046473933764 0.35192647938803345 0.3250688732185902
9 477.0 0.0 -1.0 -1.0 -1.0 0.0 0.3121185515392721 0.3446535851707472 0.34322786328998056
9 478.0 0.0 -1.0 -1.0 -1.0 0.0 0.3159011320465925 0.3604157424824866 0.32368312547092104
9 479.0 0.0 -1.0 -1.0 -1.0 0.0 0.3159009221055935 0.36823907411799284 0.3158600037764136
9 480.0 0.0 -1.0 -1.0 -1.0 0.0 0.32253993459966723 0.35523990968190966 0.3222201557184231
9 481.0 0.0 -1.0 -1.0 -1.0 0.0 0.34204489312658204 0.3198615173413948 0.33809358953202334
9 482.0 0.0 -1.0 -1.0 -1.0 0.0 0.30846622526873174 0.32806923989502595 0.3634645348362425
9 483.0 0.0 -1.0 -1.0 -1.0 0.0 0.32792557935972155 0.31536042905105083 0.35671399158922773
9 484.0 0.0 -1.0 -1.0 -1.0 0.0 0.33387085601496486 0.31064623085605747 0.3554829131289775
9 485.0 0.0 -1.0 -1.0 -1.0 0.0 0.3392479254010283 0.31375561533672425 0.3469964592622473
9 486.0 0.0 -1.0 -1.0 -1.0 0.0 0.3233386272765438 0.31962903383990365 0.35703233888355274
9 487.0 0.0 -1.0 -1.0 -1.0 0.0 0.3232004825072897 0.32343538711414577 0.3533641303785647
9 488.0 0.0 -1.0 -1.0 -1.0 0.0 0.28735312551876296 0.34215981860719913 0.37048705587403774
9 489.0 0.0 -1.0 -1.0 -1.0 0.0 0.2914266750625086 0.3465203667993266 0.3620529581381649
9 490.0 0.0 -1.0 -1.0 -1.0 0.0 0.29232179492495747 0.33304803499901886 0.37463017007602367
9 491.0 0.0 -1.0 -1.0 -1.0 0.0 0.31880278236275256 0.3169799513936055 0.36421726624364176
9 492.0 0.0 -1.0 -1.0 -1.0 0.0 0.32941630477034 0.35624511160642436 0.3143385836232357
9 493.0 0.0 -1.0 -1.0 -1.0 0.0 0.30351574687704685 0.36329396485991855 0.33319028826303465
9 494.0 0.0 -1.0 -1.0 -1.0 0.0 0.30555347218501583 0.3627922040541954 0.33165432376078885
9 495.0 0.0 -1.0 -1.0 -1.0 0.0 0.29900518276168847 0.36497306664905105 0.33602175058926015
9 496.0 0.0 -1.0 -1.0 -1.0 0.0 0.3239958245904457 0.32720565714393146 0.34879851826562275
9 497.0 0.0 -1.0 -1.0 -1.0 0.0 0.3276087299543851 0.3103256238905244 0.36206564615509046
9 498.0 0.0 -1.0 -1.0 -1.0 0.0 0.34811095537509884 0.3054071188937073 0.3464819257311939
9 499.0 0.0 -1.0 -1.0 -1.0 0.0 0.33571554797252995 0.3123328481108227 0.35195160391664765
9 500.0 0.0 -1.0 -1.0 -1.0 0.0 0.34833440548482875 0.3116610033922554 0.3400045911229157
9 501.0 0.0 -1.0 -1.0 -1.0 0.0 0.3347674662826043 0.3620306575299271 0.3032018761874687
9 502.0 0.0 -1.0 -1.0 -1.0 0.0 0.338183979480348 0.3608132524912786 0.3010027680283735
9 503.0 0.0 -1.0 -1.0 -1.0 0.0 0.3195718467710255 0.3318867759885686 0.34854137724040635
9 504.0 0.0 -1.0 -1.0 -1.0 0.0 0.34915288630796937 0.32118467513169335 0.32966243856033745
9 505.0 0.0 -1.0 -1.0 -1.0 0.0 0.3557523472155474 0.32712293953546223 0.31712471324899033
9 506.0 0.0 -1.0 -1.0 -1.0 0.0 0.3466816951790346 0.3264876832981048 0.3268306215228607
9 507.0 0.0 -1.0 -1.0 -1.0 0.0 0.3185600406981328 0.3377743161558949 0.34366564314597225
9 508.0 0.0 -1.0 -1.0 -1.0 0.0 0.29649733788174837 0.3312935257743965 0.3722091363438549
9 509.0 0.0 -1.0 -1.0 -1.0 0.0 0.3083180141946832 0.33193677435542446 0.3597452114498922
9 510.0 0.0 -1.0 -1.0 -1.0 0.0 0.29750220990856513 0.34151577981176123 0.36098201027967347
9 511.0 0.0 -1.0 -1.0 -1.0 0.0 0.30914881969962904 0.35391047022054584 0.33694071007982523
9 512.0 0.0 -1.0 -1.0 -1.0 0.0 0.3101011211366008 0.35713460818956627 0.3327642706738332
9 513.0 0.0 -1.0 -1.0 -1.0 0.0 0.3208525734604678 0.3683246895723676 0.31082273696716456
9 514.0 0.0 -1.0 -1.0 -1.0 0.0 0.3375106260600747 0.345771408537243 0.3167179654026824
9 515.0 0.0 -1.0 -1.0 -1.0 0.0 0.33254530003932387 0.3624778168962539 0.3049768830644223
9 516.0 0.0 -1.0 -1.0 -1.0 0.0 0.3169854062006329 0.3680729912163987 0.3149416025829685
9 517.0 0.0 -1.0 -1.0 -1.0 0.0 0.30778957588224787 0.35182688127608375 0.3403835428416684
9 518.0 0.0 -1.0 -1.0 -1.0 0.0 0.30328593665130343 0.32711646673402955 0.3695975966146673
9 519.0 0.0 -1.0 -1.0 -1.0 0.0 0.3167428357480272 0.32319791099770007 0.36005925325427285
9 520.0 0.0 -1.0 -1.0 -1.0 0.0 0.30371777653078275 0.3615588837186828 0.33472333975053437
9 521.0 0.0 -1.0 -1.0 -1.0 0.0 0.31183056814674354 0.3534204895600662 0.33474894229319035
9 522.0 0.0 -1.0 -1.0 -1.0 0.0 0.31980117903995336 0.3502724285840854 0.329926392375961
9 523.0 0.0 -1.0 -1.0 -1.0 0.0 0.30172712641423544 0.3455442458190645 0.35272862776670005
9 524.0 0.0 -1.0 -1.0 -1.0 0.0 0.31714997691132735 0.3159458700169161 0.3669041530717566
9 525.0 0.0 -1.0 -1.0 -1.0 0.0 0.3076872086385061 0.32353325519267734 0.36877953616881665
9 526.0 0.0 -1.0 -1.0 -1.0 0.0 0.31712312122334396 0.33052855713195706 0.3523483216446989
9 527.0 0.0 -1.0 -1.0 -1.0 0.0 0.3331636412280763 0.3577264728839954 0.30910988588792826
9 528.0 0.0 -1.0 -1.0 -1.0 0.0 0.3033353770839646 0.3645053933405503 0.33215922957548494
9 529.0 0.0 -1.0 -1.0 -1.0 0.0 0.30198852285635425 0.3321246393658192 0.3658868377778267
9 530.0 0.0 -1.0 -1.0 -1.0 0.0 0.29699922841724674 0.32488121736102615 0.3781195542217271
9 531.0 0.0 -1.0 -1.0 -1.0 0.0 0.30215216477039947 0.3093058372669775 0.38854199796262295
9 532.0 0.0 -1.0 -1.0 -1.0 0.0 0.3033667774442142 0.31538660567807764 0.38124661687770817
9 533.0 0.0 -1.0 -1.0 -1.0 0.0 0.30966413435040174 0.3308710138777819 0.3594648517718163
9 534.0 0.0 -1.0 -1.0 -1.0 0.0 0.3215548026675738 0.2983118685611352 0.3801333287712911
9 535.0 0.0 -1.0 -1.0 -1.0 0.0 0.3190959937880352 0.3330692012225283 0.3478348049894365
9 536.0 0.0 -1.0 -1.0 -1.0 0.0 0.2978901451818637 0.35915902887537704 0.3429508259427593
9 537.0 0.0 -1.0 -1.0 -1.0 0.0 0.2700049315552121 0.38558155421623286 0.3444135142285547
9 538.0 0.0 -1.0 -1.0 -1.0 0.0 0.28507044974512624 0.37178596552886106 0.3431435847260124
9 539.0 0.0 -1.0 -1.0 -1.0 0.0 0.2803135845968438 0.37197909825817116 0.3477073171449851
9 540.0 0.0 -1.0 -1.0 -1.0 0.0 0.2928136837545093 0.34326191533279826 0.3639244009126923
9 541.0 0.0 -1.0 -1.0 -1.0 0.0 0.3161283439924398 0.3313331802933941 0.3525384757141664
9 542.0 0.0 -1.0 -1.0 -1.0 0.0 0.3066524248220041 0.34666401617194614 0.34668355900604964
9 543.0 0.0 -1.0 -1.0 -1.0 0.0 0.3086424908382972 0.36184643448139864 0.32951107468030416
9 544.0 0.0 -1.0 -1.0 -1.0 0.0 0.2887478021200245 0.3453447457634873 0.365907452116488
9 545.0 0.0 -1.0 -1.0 -1.0 0.0 0.29312046151010307 0.3383651117966305 0.36851442669326623
9 546.0 0.0 -1.0 -1.0 -1.0 0.0 0.28289572688627357 0.32434589365425753 0.39275837945946895
9 547.0 0.0 -1.0 -1.0 -1.0 0.0 0.2962006038240462 0.3380460736554759 0.36575332252047793
9 548.0 0.0 -1.0 -1.0 -1.0 0.0 0.3109774773498663 0.32934123289221107 0.3596812897579225
9 549.0 0.0 -1.0 -1.0 -1.0 0.0 0.3059745942262678 0.3481932643201825 0.34583214145354957
9 550.0 0.0 -1.0 -1.0 -1.0 0.0 0.31163275829902104 0.3168768394427504 0.37149040225822866
9 551.0 0.0 -1.0 -1.0 -1.0 0.0 0.3010049100196627 0.3201102380927495 0.3788848518875877
9 552.0 0.0 -1.0 -1.0 -1.0 0.0 0.31449604246046897 0.3370317970410735 0.3484721604984574
9 553.0 0.0 -1.0 -1.0 -1.0 0.0 0.3210096539151533 0.3236556420984211 0.3553347039864254
9 554.0 0.0 -1.0 -1.0 -1.0 0.0 0.3337849382643463 0.32800877052568234 0.3382062912099714
9 555.0 0.0 -1.0 -1.0 -1.0 0.0 0.34683833087268323 0.3234111446632139 0.3297505244641027
9 556.0 0.0 -1.0 -1.0 -1.0 0.0 0.3730955301397533 0.2980210808649494 0.3288833889952971
9 557.0 0.0 -1.0 -1.0 -1.0 0.0 0.33734157775144646 0.3166953167599755 0.34596310548857795
9 558.0 0.0 -1.0 -1.0 -1.0 0.0 0.35944495766937223 0.3237431175285902 0.3168119248020374
9 559.0 0.0 -1.0 -1.0 -1.0 0.0 0.3655374150646999 0.3153618617415217 0.3191007231937783
9 560.0 0.0 -1.0 -1.0 -1.0 0.0 0.3823565840540422 0.320368474787127 0.29727494115883046
9 561.0 0.0 -1.0 -1.0 -1.0 0.0 0.3567511561532858 0.31353998372227104 0.3297088601244431
9 562.0 0.0 -1.0 -1.0 -1.0 0.0 0.34184318506797823 0.31823112775498197 0.3399256871770398
9 563.0 0.0 -1.0 -1.0 -1.0 0.0 0.34718705375786035 0.32816092523018303 0.3246520210119567
9 564.0 0.0 -1.0 -1.0 -1.0 0.0 0.37077486447412333 0.3344526724204633 0.29477246310541366
9 565.0 0.0 -1.0 -1.0 -1.0 0.0 0.3747831419685547 0.33541425233307004 0.2898026056983751
9 566.0 0.0 -1.0 -1.0 -1.0 0.0 0.3578150562927985 0.3348095154148522 0.3073754282923491
9 567.0 0.0 -1.0 -1.0 -1.0 0.0 0.32783554444074886 0.3497436439925103 0.32242081156674063
9 568.0 0.0 -1.0 -1.0 -1.0 0.0 0.3035186162951681 0.3596366930840922 0.3368446906207398
9 569.0 0.0 -1.0 -1.0 -1.0 0.0 0.3081681842539151 0.3422295496177305 0.34960226612835454
9 570.0 0.0 -1.0 -1.0 -1.0 0.0 0.3326191238987763 0.334671691977019 0.33270918412420436
9 571.0 0.0 -1.0 -1.0 -1.0 0.0 0.31915800572064784 0.35856803038076684 0.32227396389858526
9 572.0 0.0 -1.0 -1.0 -1.0 0.0 0.3227907244165836 0.3374318576675354 0.33977741791588123
9 573.0 0.0 -1.0 -1.0 -1.0 0.0 0.34120711802508163 0.3343592335852025 0.3244336483897158
9 574.0 0.0 -1.0 -1.0 -1.0 0.0 0.3218506531584028 0.3236137331347291 0.35453561370686804
9 575.0 0.0 -1.0 -1.0 -1.0 0.0 0.3067618455086612 0.3280996511731551 0.3651385033181837
9 576.0 0.0 -1.0 -1.0 -1.0 0.0 0.3465901838261165 0.36395254478349687 0.2894572713903868
9 577.0 0.0 -1.0 -1.0 -1.0 0.0 0.378188349825831 0.32987134176658545 0.2919403084075834
9 578.0 0.0 -1.0 -1.0 -1.0 0.0 0.3664185702338707 0.3258926907303568 0.30768873903577276
9 579.0 0.0 -1.0 -1.0 -1.0 0.0 0.3713542414715086 0.33202867654079404 0.2966170819876973
9 580.0 0.0 -1.0 -1.0 -1.0 0.0 0.3767294538309374 0.3337407930015814 0.28952975316748114
9 581.0 0.0 -1.0 -1.0 -1.0 0.0 0.36252574573962243 0.34176142614752825 0.2957128281128493
9 582.0 0.0 -1.0 -1.0 -1.0 0.0 0.33253179783812775 0.33619809776712617 0.33127010439474625
9 583.0 0.0 -1.0 -1.0 -1.0 0.0 0.33141477343315734 0.33192291290974213 0.3366623136571003
9 584.0 0.0 -1.0 -1.0 -1.0 0.0 0.34955304619689803 0.3391810381948932 0.31126591560820865
9 585.0 0.0 -1.0 -1.0 -1.0 0.0 0.3224388121373702 0.33145488657602146 0.34610630128660835
9 586.0 0.0 -1.0 -1.0 -1.0 0.0 0.3338421204984838 0.3303886784503354 0.33576920105118085
9 587.0 0.0 -1.0 -1.0 -1.0 0.0 0.3559072303679933 0.3330396347104083 0.3110531349215983
9 588.0 0.0 -1.0 -1.0 -1.0 0.0 0.3438791097939663 0.3034299028188667 0.35269098738716687
9 589.0 0.0 -1.0 -1.0 -1.0 0.0 0.35830250200174946 0.2904262321377515 0.3512712658604989
9 590.0 0.0 -1.0 -1.0 -1.0 0.0 0.389584296507467 0.26758058005353275 0.34283512343900036
9 591.0 0.0 -1.0 -1.0 -1.0 0.0 0.38466747716206084 0.3030081485435881 0.31232437429435117
9 592.0 0.0 -1.0 -1.0 -1.0 0.0 0.37214671757111667 0.29256229646376575 0.3352909859651174
9 593.0 0.0 -1.0 -1.0 -1.0 0.0 0.3583716322883348 0.31223832841281185 0.3293900392988535
9 594.0 0.0 -1.0 -1.0 -1.0 0.0 0.36231514745969917 0.2989779434936369 0.33870690904666395
9 595.0 0.0 -1.0 -1.0 -1.0 0.0 0.3365876476508028 0.33108897163763906 0.3323233807115582
9 596.0 0.0 -1.0 -1.0 -1.0 0.0 0.35091744575940054 0.34113836021994837 0.30794419402065104
9 597.0 0.0 -1.0 -1.0 -1.0 0.0 0.36179594549227045 0.32620834174065955 0.3119957127670701
9 598.0 0.0 -1.0 -1.0 -1.0 0.0 0.3517691260850597 0.31956515965852283 0.3286657142564176
9 599.0 0.0 -1.0 -1.0 -1.0 0.0 0.36223192754795946 0.3239615088521199 0.31380656359992076
9 600.0 0.0 -1.0 -1.0 -1.0 0.0 0.3727129512384939 0.32205260785764994 0.3052344409038563
9 601.0 0.0 -1.0 -1.0 -1.0 0.0 0.36673301526003543 0.31340981628439457 0.3198571684555698
9 602.0 0.0 -1.0 -1.0 -1.0 0.0 0.3552903770075628 0.32364920210209264 0.3210604208903445
9 603.0 0.0 -1.0 -1.0 -1.0 0.0 0.34690491386300637 0.339309786911376 0.3137852992256177
9 604.0 0.0 -1.0 -1.0 -1.0 0.0 0.3329044774610883 0.32911810287304233 0.3379774196658695
9 605.0 0.0 -1.0 -1.0 -1.0 0.0 0.32035500190913296 0.31954142988774964 0.3601035682031174
9 606.0 0.0 -1.0 -1.0 -1.0 0.0 0.34293241043635453 0.31413287377898885 0.3429347157846565
9 607.0 0.0 -1.0 -1.0 -1.0 0.0 0.3481529782090831 0.3400239077290621 0.3118231140618549
9 608.0 0.0 -1.0 -1.0 -1.0 0.0 0.365759153357309 0.32821154896537474 0.3060292976773163
9 609.0 0.0 -1.0 -1.0 -1.0 0.0 0.3584179853027853 0.3588817875127399 0.2827002271844748
9 610.0 0.0 -1.0 -1.0 -1.0 0.0 0.37821170652963704 0.338853420531845 0.2829348729385182
9 611.0 0.0 -1.0 -1.0 -1.0 0.0 0.3566294101300127 0.35506675183036507 0.28830383803962223
9 612.0 0.0 -1.0 -1.0 -1.0 0.0 0.40227258164979274 0.3341895902361932 0.2635378281140139
9 613.0 0.0 -1.0 -1.0 -1.0 0.0 0.3661641701372084 0.3421949854788502 0.2916408443839416
9 614.0 0.0 -1.0 -1.0 -1.0 0.0 0.3684258273566287 0.33125986836388455 0.30031430427948674
9 615.0 0.0 -1.0 -1.0 -1.0 0.0 0.35835652434020304 0.33461262879411363 0.30703084686568355
9 616.0 0.0 -1.0 -1.0 -1.0 0.0 0.35733067039735955 0.3171918473862189 0.3254774822164213
9 617.0 0.0 -1.0 -1.0 -1.0 0.0 0.34416729516189626 0.3327349323350364 0.32309777250306687
9 618.0 0.0 -1.0 -1.0 -1.0 0.0 0.3209605501827177 0.3630092332126341 0.31603021660464803
9 619.0 0.0 -1.0 -1.0 -1.0 0.0 0.3213038307046419 0.35664632135852914 0.3220498479368289
9 620.0 0.0 -1.0 -1.0 -1.0 0.0 0.295876102342953 0.3736396457309713 0.33048425192607567
9 621.0 0.0 -1.0 -1.0 -1.0 0.0 0.2782227243688219 0.39282369274296086 0.3289535828882172
9 622.0 0.0 -1.0 -1.0 -1.0 0.0 0.28933390372056395 0.3728262419716726 0.33783985430776353
9 623.0 0.0 -1.0 -1.0 -1.0 0.0 0.2908452229146572 0.3550223512497208 0.3541324258356221
9 624.0 0.0 -1.0 -1.0 -1.0 0.0 0.27997875294952973 0.36522147221309004 0.3547997748373804
9 625.0 0.0 -1.0 -1.0 -1.0 0.0 0.28487268200714144 0.35750727665158655 0.3576200413412721
9 626.0 0.0 -1.0 -1.0 -1.0 0.0 0.2989703612626892 0.3431043511696442 0.3579252875676666
9 627.0 0.0 -1.0 -1.0 -1.0 0.0 0.29958690125628723 0.3218403275023517 0.37857277124136124
9 628.0 0.0 -1.0 -1.0 -1.0 0.0 0.29863341409735117 0.32318314696489786 0.3781834389377509
9 629.0 0.0 -1.0 -1.0 -1.0 0.0 0.2802225732482586 0.3462092923323022 0.37356813441943926
9 630.0 0.0 -1.0 -1.0 -1.0 0.0 0.27092219131464285 0.33301942139798213 0.39605838728737497
9 631.0 0.0 -1.0 -1.0 -1.0 0.0 0.2921886879421546 0.37059274128769215 0.33721857077015327
9 632.0 0.0 -1.0 -1.0 -1.0 0.0 0.30563906287870707 0.3481346141574319 0.346226322963861
9 633.0 0.0 -1.0 -1.0 -1.0 0.0 0.3330796696741701 0.341586160272296 0.3253341700535339
9 634.0 0.0 -1.0 -1.0 -1.0 0.0 0.3286241159864559 0.3481271028674662 0.3232487811460779
9 635.0 0.0 -1.0 -1.0 -1.0 0.0 0.3412974792980366 0.32336430429826946 0.3353382164036939
9 636.0 0.0 -1.0 -1.0 -1.0 0.0 0.37925266458051365 0.31480811836713773 0.3059392170523484
9 637.0 0.0 -1.0 -1.0 -1.0 0.0 0.35625892266273257 0.331996263497853 0.31174481383941466
9 638.0 0.0 -1.0 -1.0 -1.0 0.0 0.35997988682260673 0.3135766632533868 0.32644344992400653
9 639.0 0.0 -1.0 -1.0 -1.0 0.0 0.3687647894822904 0.31449499325637725 0.31674021726133234
9 640.0 0.0 -1.0 -1.0 -1.0 0.0 0.32879213121071926 0.3340604628243863 0.3371474059648943
9 641.0 0.0 -1.0 -1.0 -1.0 0.0 0.32353561694837774 0.35373048988120703 0.32273389317041534
9 642.0 0.0 -1.0 -1.0 -1.0 0.0 0.3164025682043043 0.36627204519257256 0.31732538660312315
9 643.0 0.0 -1.0 -1.0 -1.0 0.0 0.30603482222741657 0.3799800122102323 0.3139851655623512
9 644.0 0.0 -1.0 -1.0 -1.0 0.0 0.29916875778110613 0.38317342330244775 0.31765781891644596
9 645.0 0.0 -1.0 -1.0 -1.0 0.0 0.3069719457693341 0.3712356185258876 0.3217924357047783
9 646.0 0.0 -1.0 -1.0 -1.0 0.0 0.3287421036313868 0.3639124142006463 0.3073454821679671
9 647.0 0.0 -1.0 -1.0 -1.0 0.0 0.31264938129684877 0.37660281777071963 0.31074780093243154
9 648.0 0.0 -1.0 -1.0 -1.0 0.0 0.3010775632372088 0.3693969003266991 0.32952553643609245
9 649.0 0.0 -1.0 -1.0 -1.0 0.0 0.2895928937951652 0.36254912113008286 0.347857985074752
9 650.0 0.0 -1.0 -1.0 -1.0 0.0 0.28771506766170796 0.3516340423406389 0.3606508899976534
9 651.0 0.0 -1.0 -1.0 -1.0 0.0 0.28599406892346085 0.3539613538364691 0.36004457724007005
9 652.0 0.0 -1.0 -1.0 -1.0 0.0 0.30028070738035645 0.3662801047782306 0.33343918784141274
9 653.0 0.0 -1.0 -1.0 -1.0 0.0 0.29032963522357524 0.3653182995808084 0.3443520651956165
9 654.0 0.0 -1.0 -1.0 -1.0 0.0 0.28942115424201137 0.3574373695249347 0.35314147623305375
9 655.0 0.0 -1.0 -1.0 -1.0 0.0 0.318010834310175 0.3607029217153033 0.32128624397452155
9 656.0 0.0 -1.0 -1.0 -1.0 0.0 0.34365730364874947 0.3426418231983165 0.31370087315293416
9 657.0 0.0 -1.0 -1.0 -1.0 0.0 0.3583738132703403 0.3264497316361448 0.31517645509351505
9 658.0 0.0 -1.0 -1.0 -1.0 0.0 0.359335325857163 0.3429969019207389 0.29766777222209806
9 659.0 0.0 -1.0 -1.0 -1.0 0.0 0.3415178150658432 0.3661032843033775 0.2923789006307791
9 660.0 0.0 -1.0 -1.0 -1.0 0.0 0.3126852483415103 0.38637851881316443 0.3009362328453253
9 661.0 0.0 -1.0 -1.0 -1.0 0.0 0.31175846970897925 0.38133058088230243 0.3069109494087183
9 662.0 0.0 -1.0 -1.0 -1.0 0.0 0.3197926980099019 0.37070393334467944 0.3095033686454188
9 663.0 0.0 -1.0 -1.0 -1.0 0.0 0.30292381464896645 0.36509039772344737 0.33198578762758624
9 664.0 0.0 -1.0 -1.0 -1.0 0.0 0.30377726248551307 0.3593290517541448 0.33689368576034234
9 665.0 0.0 -1.0 -1.0 -1.0 0.0 0.29265390069943165 0.3510156760550515 0.35633042324551667
9 666.0 0.0 -1.0 -1.0 -1.0 0.0 0.3036990447346902 0.35375015515260516 0.34255080011270445
9 667.0 0.0 -1.0 -1.0 -1.0 0.0 0.32234303113766133 0.3281522161788746 0.3495047526834643
9 668.0 0.0 -1.0 -1.0 -1.0 0.0 0.32182409215617047 0.32897919629075295 0.34919671155307674
9 669.0 0.0 -1.0 -1.0 -1.0 0.0 0.3238911050010583 0.3372817709705729 0.3388271240283688
9 670.0 0.0 -1.0 -1.0 -1.0 0.0 0.3113825517684217 0.33107164479402706 0.3575458034375514
9 671.0 0.0 -1.0 -1.0 -1.0 0.0 0.3124594798226437 0.33904251238680155 0.34849800779055484
9 672.0 0.0 -1.0 -1.0 -1.0 0.0 0.32510880051303104 0.3326535061620391 0.34223769332492976
9 673.0 0.0 -1.0 -1.0 -1.0 0.0 0.3210387742501944 0.31979902777823477 0.35916219797157084
9 674.0 0.0 -1.0 -1.0 -1.0 0.0 0.30777841501466563 0.33854692122529834 0.35367466376003603
9 675.0 0.0 -1.0 -1.0 -1.0 0.0 0.29397093650161077 0.34737946739038345 0.35864959610800595
9 676.0 0.0 -1.0 -1.0 -1.0 0.0 0.2894870745165614 0.36784253237427506 0.3426703931091633
9 677.0 0.0 -1.0 -1.0 -1.0 0.0 0.292052399567626 0.3603625693400748 0.3475850310922995
9 678.0 0.0 -1.0 -1.0 -1.0 0.0 0.31567999995746077 0.35739009829600077 0.32692990174653824
9 679.0 0.0 -1.0 -1.0 -1.0 0.0 0.3229623830721009 0.338419252539465 0.3386183643884341
9 680.0 0.0 -1.0 -1.0 -1.0 0.0 0.3296710612271903 0.3537062410606835 0.3166226977121261
9 681.0 0.0 -1.0 -1.0 -1.0 0.0 0.3523925816856909 0.33272684318533946 0.3148805751289696
9 682.0 0.0 -1.0 -1.0 -1.0 0.0 0.3580393963277511 0.3003830784319855 0.34157752524026364
9 683.0 0.0 -1.0 -1.0 -1.0 0.0 0.33254351710749924 0.30811643675022354 0.3593400461422774
9 684.0 0.0 -1.0 -1.0 -1.0 0.0 0.32437164811632946 0.3102036942375197 0.3654246576461509
9 685.0 0.0 -1.0 -1.0 -1.0 0.0 0.28477316481036935 0.3297835127700487 0.38544332241958207
9 686.0 0.0 -1.0 -1.0 -1.0 0.0 0.29851897820263673 0.33090360576560535 0.3705774160317581
9 687.0 0.0 -1.0 -1.0 -1.0 0.0 0.2677208284531491 0.3447512337588959 0.38752793778795486
9 688.0 0.0 -1.0 -1.0 -1.0 0.0 0.284864889668191 0.3296437923640315 0.3854913179677775
9 689.0 0.0 -1.0 -1.0 -1.0 0.0 0.30791755984671587 0.34429748070775923 0.3477849594455251
9 690.0 0.0 -1.0 -1.0 -1.0 0.0 0.32657107366159477 0.3142058642946593 0.359223062043746
9 691.0 0.0 -1.0 -1.0 -1.0 0.0 0.33551873936261173 0.3070526723667154 0.35742858827067286
9 692.0 0.0 -1.0 -1.0 -1.0 0.0 0.336488706284049 0.331595294237883 0.331915999478068
9 693.0 0.0 -1.0 -1.0 -1.0 0.0 0.3523507803515187 0.31304604713554296 0.33460317251293864
9 694.0 0.0 -1.0 -1.0 -1.0 0.0 0.3390501023477738 0.31962384145594724 0.34132605619627887
9 695.0 0.0 -1.0 -1.0 -1.0 0.0 0.3641649650898662 0.2948577465593135 0.34097728835082003
9 696.0 0.0 -1.0 -1.0 -1.0 0.0 0.3718270841879498 0.29325506716629335 0.33491784864575685
9 697.0 0.0 -1.0 -1.0 -1.0 0.0 0.3680517996764204 0.29305422855589436 0.3388939717676853
9 698.0 0.0 -1.0 -1.0 -1.0 0.0 0.3541398648035581 0.30787712830933706 0.337983006887105
9 699.0 0.0 -1.0 -1.0 -1.0 0.0 0.3602689374388504 0.30281053798606156 0.3369205245750883
9 700.0 0.0 -1.0 -1.0 -1.0 0.0 0.3403292713821432 0.32958503878321493 0.3300856898346416
9 701.0 0.0 -1.0 -1.0 -1.0 0.0 0.3391602391041018 0.33710572889775603 0.32373403199814194
9 702.0 0.0 -1.0 -1.0 -1.0 0.0 0.3471712014948085 0.3361545777271607 0.31667422077803087
9 703.0 0.0 -1.0 -1.0 -1.0 0.0 0.33945986950637064 0.3389521061799514 0.32158802431367794
9 704.0 0.0 -1.0 -1.0 -1.0 0.0 0.34764641404861973 0.3265199073643574 0.32583367858702267
9 705.0 0.0 -1.0 -1.0 -1.0 0.0 0.34190045973698757 0.32783208009668496 0.3302674601663275
9 706.0 0.0 -1.0 -1.0 -1.0 0.0 0.3670377614415945 0.3200841451579558 0.3128780934004496
9 707.0 0.0 -1.0 -1.0 -1.0 0.0 0.36068001908541736 0.3334141460849298 0.3059058348296529
9 708.0 0.0 -1.0 -1.0 -1.0 0.0 0.37253709793541184 0.32823163143627526 0.2992312706283127
9 709.0 0.0 -1.0 -1.0 -1.0 0.0 0.36894661469824114 0.3210398916753522 0.3100134936264068
9 710.0 0.0 -1.0 -1.0 -1.0 0.0 0.3519877817531956 0.32395030275290915 0.3240619154938952
9 711.0 0.0 -1.0 -1.0 -1.0 0.0 0.34126974716531655 0.3274528919713939 0.33127736086328946
9 712.0 0.0 -1.0 -1.0 -1.0 0.0 0.33175963102502876 0.3269193897247533 0.34132097925021776
9 713.0 0.0 -1.0 -1.0 -1.0 0.0 0.3328499766870135 0.341420596557441 0.32572942675554567
9 714.0 0.0 -1.0 -1.0 -1.0 0.0 0.321759177145038 0.34527086489962194 0.3329699579553399
9 715.0 0.0 -1.0 -1.0 -1.0 0.0 0.31463420054139624 0.34631392011920814 0.3390518793393955
9 716.0 0.0 -1.0 -1.0 -1.0 0.0 0.31514975093268166 0.31612611456547723 0.36872413450184105
9 717.0 0.0 -1.0 -1.0 -1.0 0.0 0.30287118942682606 0.3093230801857086 0.3878057303874656
9 718.0 0.0 -1.0 -1.0 -1.0 0.0 0.30693227580783583 0.3125033475854807 0.3805643766066833
9 719.0 0.0 -1.0 -1.0 -1.0 0.0 0.3311053168187948 0.29717429125680433 0.371720391924401
9 720.0 0.0 -1.0 -1.0 -1.0 0.0 0.30932326400358917 0.29266256029935817 0.3980141756970528
9 721.0 0.0 -1.0 -1.0 -1.0 0.0 0.3047420270449846 0.3057765513359075 0.38948142161910815
9 722.0 0.0 -1.0 -1.0 -1.0 0.0 0.29651415964902333 0.3393928348165574 0.3640930055344193
9 723.0 0.0 -1.0 -1.0 -1.0 0.0 0.3003155561839597 0.3468568805349987 0.35282756328104176
9 724.0 0.0 -1.0 -1.0 -1.0 0.0 0.3360394673218006 0.3131686504375563 0.35079188224064306
9 725.0 0.0 -1.0 -1.0 -1.0 0.0 0.30735287131140665 0.35239067241490807 0.3402564562736858
9 726.0 0.0 -1.0 -1.0 -1.0 0.0 0.30259608592990433 0.3439444331191375 0.35345948095095814
9 727.0 0.0 -1.0 -1.0 -1.0 0.0 0.3356771030872223 0.33995332346923846 0.324369573443539
9 728.0 0.0 -1.0 -1.0 -1.0 0.0 0.3460011581581547 0.35297023405523875 0.3010286077866066
9 729.0 0.0 -1.0 -1.0 -1.0 0.0 0.35202137648010173 0.3464447166665483 0.3015339068533499
9 730.0 0.0 -1.0 -1.0 -1.0 0.0 0.360723029922847 0.35375804908894454 0.2855189209882083
9 731.0 0.0 -1.0 -1.0 -1.0 0.0 0.34799044007541236 0.3484514954377855 0.3035580644868024
9 732.0 0.0 -1.0 -1.0 -1.0 0.0 0.3441861276652441 0.33872052677614733 0.3170933455586086
9 733.0 0.0 -1.0 -1.0 -1.0 0.0 0.3336584645047234 0.33561440904801304 0.33072712644726354
9 734.0 0.0 -1.0 -1.0 -1.0 0.0 0.33008664472121424 0.3228524294931173 0.34706092578566844
9 735.0 0.0 -1.0 -1.0 -1.0 0.0 0.3408492824332625 0.33617691783826714 0.3229737997284702
9 736.0 0.0 -1.0 -1.0 -1.0 0.0 0.3311792262822452 0.3512360898270847 0.31758468389066985
9 737.0 0.0 -1.0 -1.0 -1.0 0.0 0.32696507547273657 0.3494799683146344 0.32355495621262903
9 738.0 0.0 -1.0 -1.0 -1.0 0.0 0.329748271083356 0.35654288095051845 0.3137088479661254
9 739.0 0.0 -1.0 -1.0 -1.0 0.0 0.33260209152709186 0.3528849359913919 0.31451297248151605
9 740.0 0.0 -1.0 -1.0 -1.0 0.0 0.3270145234955502 0.34915388070633846 0.3238315957981113
9 741.0 0.0 -1.0 -1.0 -1.0 0.0 0.33099668895693457 0.3592839747876457 0.3097193362554196
9 742.0 0.0 -1.0 -1.0 -1.0 0.0 0.36438870698692655 0.3387702978153363 0.29684099519773705
9 743.0 0.0 -1.0 -1.0 -1.0 0.0 0.3916463065074903 0.30944787578805166 0.2989058177044579
9 744.0 0.0 -1.0 -1.0 -1.0 0.0 0.38686568365613483 0.30385611716508765 0.3092781991787778
9 745.0 0.0 -1.0 -1.0 -1.0 0.0 0.3685210138074545 0.31046570772291004 0.32101327846963557
9 746.0 0.0 -1.0 -1.0 -1.0 0.0 0.3794584969014592 0.31123899205408356 0.3093025110444572
9 747.0 0.0 -1.0 -1.0 -1.0 0.0 0.3615877052087413 0.33692468187701957 0.3014876129142393
9 748.0 0.0 -1.0 -1.0 -1.0 0.0 0.39359601669515454 0.2959325391417958 0.3104714441630499
9 749.0 0.0 -1.0 -1.0 -1.0 0.0 0.37070026563731223 0.3179719213632114 0.3113278129994763
9 750.0 0.0 -1.0 -1.0 -1.0 0.0 0.36334229858174033 0.3096574238605275 0.32700027755773214
9 751.0 0.0 -1.0 -1.0 -1.0 0.0 0.3589310836218069 0.30867694181461247 0.3323919745635806
9 752.0 0.0 -1.0 -1.0 -1.0 0.0 0.3330931800240412 0.3343272678335094 0.3325795521424492
9 753.0 0.0 -1.0 -1.0 -1.0 0.0 0.3165285683604516 0.34898616077252353 0.3344852708670247
9 754.0 0.0 -1.0 -1.0 -1.0 0.0 0.3085793048872553 0.3556048216687615 0.33581587344398317
9 755.0 0.0 -1.0 -1.0 -1.0 0.0 0.31032135011512874 0.34639984098649473 0.3432788088983766
9 756.0 0.0 -1.0 -1.0 -1.0 0.0 0.31629097483928587 0.33969028846725147 0.3440187366934629
9 757.0 0.0 -1.0 -1.0 -1.0 0.0 0.3049513913141996 0.3526822651300576 0.3423663435557427
9 758.0 0.0 -1.0 -1.0 -1.0 0.0 0.3003795470352753 0.37206651132205865 0.3275539416426661
9 759.0 0.0 -1.0 -1.0 -1.0 0.0 0.3163129856023493 0.3597217895442122 0.3239652248534384
9 760.0 0.0 -1.0 -1.0 -1.0 0.0 0.32252920963884085 0.35668121991140334 0.32078957044975587
9 761.0 0.0 -1.0 -1.0 -1.0 0.0 0.3492688267809735 0.32199487116855385 0.3287363020504726
9 762.0 0.0 -1.0 -1.0 -1.0 0.0 0.3734644855007246 0.29743251298763856 0.329103001511637
9 763.0 0.0 -1.0 -1.0 -1.0 0.0 0.35370281133156234 0.3282306981629363 0.3180664905055014
9 764.0 0.0 -1.0 -1.0 -1.0 0.0 0.36894198057837907 0.29770462917738794 0.33335339024423305
9 765.0 0.0 -1.0 -1.0 -1.0 0.0 0.33330105845163666 0.3226745410078595 0.34402440054050354
9 766.0 0.0 -1.0 -1.0 -1.0 0.0 0.3143115862206356 0.3402738685823753 0.345414545196989
9 767.0 0.0 -1.0 -1.0 -1.0 0.0 0.32324237814368545 0.331216820576129 0.3455408012801855
9 768.0 0.0 -1.0 -1.0 -1.0 0.0 0.3476166513427401 0.29886276499314446 0.35352058366411543
9 769.0 0.0 -1.0 -1.0 -1.0 0.0 0.3057862696375867 0.31767815029475893 0.37653558006765436
9 770.0 0.0 -1.0 -1.0 -1.0 0.0 0.29858954414731836 0.33174200653394803 0.36966844931873344
9 771.0 0.0 -1.0 -1.0 -1.0 0.0 0.3030901313653095 0.3643822297635751 0.33252763887111536
9 772.0 0.0 -1.0 -1.0 -1.0 0.0 0.3199537760953252 0.343770186298456 0.3362760376062188
9 773.0 0.0 -1.0 -1.0 -1.0 0.0 0.3125417599630773 0.3615804035217014 0.3258778365152215
9 774.0 0.0 -1.0 -1.0 -1.0 0.0 0.30004913413498113 0.35599954289881497 0.3439513229662042
9 775.0 0.0 -1.0 -1.0 -1.0 0.0 0.2974012862942802 0.37212263242390387 0.33047608128181577
9 776.0 0.0 -1.0 -1.0 -1.0 0.0 0.3066553413734308 0.3565968183579459 0.33674784026862303
9 777.0 0.0 -1.0 -1.0 -1.0 0.0 0.3316606574891733 0.32310047566948524 0.3452388668413417
9 778.0 0.0 -1.0 -1.0 -1.0 0.0 0.353452392687105 0.31589278367942697 0.3306548236334681
9 779.0 0.0 -1.0 -1.0 -1.0 0.0 0.34515428926072184 0.3132763543916971 0.341569356347581
9 780.0 0.0 -1.0 -1.0 -1.0 0.0 0.3330296738559545 0.2858718326383311 0.38109849350571406
9 781.0 0.0 -1.0 -1.0 -1.0 0.0 0.31993755655816863 0.2917998545733515 0.38826258886848
9 782.0 0.0 -1.0 -1.0 -1.0 0.0 0.2950227222785239 0.30964575140708905 0.39533152631438706
9 783.0 0.0 -1.0 -1.0 -1.0 0.0 0.3007858223396624 0.31390801519737577 0.3853061624629617
9 784.0 0.0 -1.0 -1.0 -1.0 0.0 0.33352351753026005 0.318239897460237 0.3482365850095031
9 785.0 0.0 -1.0 -1.0 -1.0 0.0 0.2995478050021051 0.32044889546828315 0.3800032995296121
9 786.0 0.0 -1.0 -1.0 -1.0 0.0 0.3107025785842936 0.32844260823190674 0.3608548131837995
9 787.0 0.0 -1.0 -1.0 -1.0 0.0 0.32834126510173484 0.3221795249344433 0.3494792099638219
9 788.0 0.0 -1.0 -1.0 -1.0 0.0 0.3023508801268325 0.35018925310869525 0.34745986676447244
9 789.0 0.0 -1.0 -1.0 -1.0 0.0 0.2895291226964206 0.36141454692695485 0.3490563303766244
9 790.0 0.0 -1.0 -1.0 -1.0 0.0 0.30830285649528294 0.35474386069427366 0.33695328281044323
9 791.0 0.0 -1.0 -1.0 -1.0 0.0 0.3192747148539594 0.32785305027169104 0.35287223487434943
9 792.0 0.0 -1.0 -1.0 -1.0 0.0 0.3076731615376843 0.3384756435564277 0.35385119490588807
9 793.0 0.0 -1.0 -1.0 -1.0 0.0 0.2849906997191719 0.35214495028410175 0.3628643499967263
9 794.0 0.0 -1.0 -1.0 -1.0 0.0 0.3016203675753445 0.35063724058302453 0.347742391841631
9 795.0 0.0 -1.0 -1.0 -1.0 0.0 0.3227291657747044 0.34384032171207474 0.3334305125132208
9 796.0 0.0 -1.0 -1.0 -1.0 0.0 0.31616355240245214 0.3720764528205286 0.3117599947770194
9 797.0 0.0 -1.0 -1.0 -1.0 0.0 0.31240084584460104 0.38541210574190676 0.3021870484134922
9 798.0 0.0 -1.0 -1.0 -1.0 0.0 0.2979014667771887 0.3884998837274646 0.3135986494953466
9 799.0 0.0 -1.0 -1.0 -1.0 0.0 0.31646080266881926 0.35341463965416264 0.33012455767701815
9 800.0 0.0 -1.0 -1.0 -1.0 0.0 0.326272310459749 0.34687960359313086 0.32684808594712017
9 801.0 0.0 -1.0 -1.0 -1.0 0.0 0.3337522496720055 0.34775689133372906 0.31849085899426527
9 802.0 0.0 -1.0 -1.0 -1.0 0.0 0.3438006366540104 0.3362244741029 0.3199748892430893
9 803.0 0.0 -1.0 -1.0 -1.0 0.0 0.3316674130885333 0.34613174366083505 0.32220084325063164
9 804.0 0.0 -1.0 -1.0 -1.0 0.0 0.31809089261980594 0.34892728345245133 0.33298182392774267
9 805.0 0.0 -1.0 -1.0 -1.0 0.0 0.3139376793453966 0.36206261264247563 0.32399970801212774
9 806.0 0.0 -1.0 -1.0 -1.0 0.0 0.3172400118238736 0.35917093563839353 0.32358905253773274
9 807.0 0.0 -1.0 -1.0 -1.0 0.0 0.34441388753313207 0.34827976746142125 0.3073063450054467
9 808.0 0.0 -1.0 -1.0 -1.0 0.0 0.31861257350564826 0.3471335071892159 0.3342539193051358
9 809.0 0.0 -1.0 -1.0 -1.0 0.0 0.3285161634672626 0.34340552922940826 0.32807830730332893
9 810.0 0.0 -1.0 -1.0 -1.0 0.0 0.30896925554545024 0.3540259674381982 0.33700477701635156
9 811.0 0.0 -1.0 -1.0 -1.0 0.0 0.3251672751284715 0.3342701488115921 0.34056257605993656
9 812.0 0.0 -1.0 -1.0 -1.0 0.0 0.3195821610812186 0.3106738806590631 0.36974395825971856
9 813.0 0.0 -1.0 -1.0 -1.0 0.0 0.33330887597022424 0.29558428789263536 0.3711068361371403
9 814.0 0.0 -1.0 -1.0 -1.0 0.0 0.3238723013430171 0.3092544695362648 0.3668732291207183
9 815.0 0.0 -1.0 -1.0 -1.0 0.0 0.2949349975347219 0.32527110152155264 0.3797939009437254
9 816.0 0.0 -1.0 -1.0 -1.0 0.0 0.31988227612203274 0.32276181832572204 0.35735590555224506
9 817.0 0.0 -1.0 -1.0 -1.0 0.0 0.33123956322433734 0.3118064443926806 0.35695399238298214
9 818.0 0.0 -1.0 -1.0 -1.0 0.0 0.3184246695421701 0.32104732020534804 0.3605280102524816
9 819.0 0.0 -1.0 -1.0 -1.0 0.0 0.34950888053553264 0.324085735935996 0.32640538352847126
9 820.0 0.0 -1.0 -1.0 -1.0 0.0 0.37308971861387086 0.3062324445341041 0.3206778368520253
9 821.0 0.0 -1.0 -1.0 -1.0 0.0 0.36795800820504904 0.30401639608556236 0.3280255957093886
9 822.0 0.0 -1.0 -1.0 -1.0 0.0 0.36003417328030557 0.2886951196936074 0.35127070702608704
9 823.0 0.0 -1.0 -1.0 -1.0 0.0 0.38219620311310676 0.26786040244512466 0.3499433944417686
9 824.0 0.0 -1.0 -1.0 -1.0 0.0 0.3676880542550679 0.2974935069916335 0.33481843875329853
9 825.0 0.0 -1.0 -1.0 -1.0 0.0 0.34070304540526775 0.3098675718639471 0.34942938273078517
9 826.0 0.0 -1.0 -1.0 -1.0 0.0 0.3528065783154549 0.29656535615957524 0.3506280655249699
9 827.0 0.0 -1.0 -1.0 -1.0 0.0 0.33152818370472736 0.3168161240266698 0.35165569226860305
9 828.0 0.0 -1.0 -1.0 -1.0 0.0 0.3390416768046803 0.3296404080316653 0.33131791516365444
9 829.0 0.0 -1.0 -1.0 -1.0 0.0 0.35079162546967124 0.31009548024355704 0.33911289428677166
9 830.0 0.0 -1.0 -1.0 -1.0 0.0 0.371040536081434 0.29651587642251664 0.3324435874960494
9 831.0 0.0 -1.0 -1.0 -1.0 0.0 0.3602486726506726 0.29473718914152863 0.3450141382077986
9 832.0 0.0 -1.0 -1.0 -1.0 0.0 0.35287015539077055 0.3286581830621855 0.3184716615470442
9 833.0 0.0 -1.0 -1.0 -1.0 0.0 0.369888597146314 0.3130023723027543 0.31710903055093176
9 834.0 0.0 -1.0 -1.0 -1.0 0.0 0.3621971550710954 0.3029680625228783 0.3348347824060261
9 835.0 0.0 -1.0 -1.0 -1.0 0.0 0.34002440999742845 0.3247438623782056 0.33523172762436587
9 836.0 0.0 -1.0 -1.0 -1.0 0.0 0.33632994479544115 0.32186582745365055 0.34180422775090835
9 837.0 0.0 -1.0 -1.0 -1.0 0.0 0.33151706171883966 0.3184296602074858 0.3500532780736744
9 838.0 0.0 -1.0 -1.0 -1.0 0.0 0.317709102868351 0.3235036179692424 0.3587872791624065
9 839.0 0.0 -1.0 -1.0 -1.0 0.0 0.31046816084368106 0.3462499417123718 0.34328189744394744
9 840.0 0.0 -1.0 -1.0 -1.0 0.0 0.34559087246039966 0.2959280506296186 0.3584810769099818
9 841.0 0.0 -1.0 -1.0 -1.0 0.0 0.3444913489656571 0.2998841167660069 0.3556245342683358
9 842.0 0.0 -1.0 -1.0 -1.0 0.0 0.31610293321899335 0.3093560086513407 0.37454105812966604
9 843.0 0.0 -1.0 -1.0 -1.0 0.0 0.34350893332851085 0.29283637710472177 0.36365468956676716
9 844.0 0.0 -1.0 -1.0 -1.0 0.0 0.33924639657870087 0.3008787700258616 0.3598748333954376
9 845.0 0.0 -1.0 -1.0 -1.0 0.0 0.31725736786185954 0.3194727614008366 0.3632698707373041
9 846.0 0.0 -1.0 -1.0 -1.0 0.0 0.3449731930568125 0.3182578307886625 0.33676897615452495
9 847.0 0.0 -1.0 -1.0 -1.0 0.0 0.3408720257411516 0.31910495089315616 0.3400230233656923
9 848.0 0.0 -1.0 -1.0 -1.0 0.0 0.3384768194436238 0.34096731047179013 0.32055587008458597
9 849.0 0.0 -1.0 -1.0 -1.0 0.0 0.3382309772779306 0.3354538351460865 0.3263151875759829
9 850.0 0.0 -1.0 -1.0 -1.0 0.0 0.32717508642350895 0.3451444951176418 0.3276804184588493
9 851.0 0.0 -1.0 -1.0 -1.0 0.0 0.33989111981578335 0.3265536612717581 0.3335552189124586
9 852.0 0.0 -1.0 -1.0 -1.0 0.0 0.3567022134989732 0.29836042923337236 0.3449373572676546
9 853.0 0.0 -1.0 -1.0 -1.0 0.0 0.3488637208387977 0.3228172466763789 0.32831903248482336
9 854.0 0.0 -1.0 -1.0 -1.0 0.0 0.35833067138204194 0.30909643013720933 0.3325728984807486
9 855.0 0.0 -1.0 -1.0 -1.0 0.0 0.3522534845192449 0.33456610509450946 0.31318041038624567
9 856.0 0.0 -1.0 -1.0 -1.0 0.0 0.33489075114709055 0.3520977771223946 0.31301147173051486
9 857.0 0.0 -1.0 -1.0 -1.0 0.0 0.3346702784758381 0.33293915284985687 0.3323905686743051
9 858.0 0.0 -1.0 -1.0 -1.0 0.0 0.3394539797443265 0.34181905869654633 0.31872696155912705
9 859.0 0.0 -1.0 -1.0 -1.0 0.0 0.3029793878201359 0.35236002583831305 0.3446605863415513
9 860.0 0.0 -1.0 -1.0 -1.0 0.0 0.3143006114761023 0.3584169015371972 0.3272824869867007
9 861.0 0.0 -1.0 -1.0 -1.0 0.0 0.29434984323427654 0.35797509798476973 0.3476750587809537
9 862.0 0.0 -1.0 -1.0 -1.0 0.0 0.2881775092361007 0.3398064081809386 0.3720160825829606
9 863.0 0.0 -1.0 -1.0 -1.0 0.0 0.3098333484046681 0.3412326505491274 0.3489340010462047
9 864.0 0.0 -1.0 -1.0 -1.0 0.0 0.3311798932338244 0.3322061155489153 0.33661399121726027
9 865.0 0.0 -1.0 -1.0 -1.0 0.0 0.3316817099470752 0.3198483882772112 0.34846990177571363
9 866.0 0.0 -1.0 -1.0 -1.0 0.0 0.32897077167485994 0.3320350410315536 0.3389941872935864
9 867.0 0.0 -1.0 -1.0 -1.0 0.0 0.3321812945354865 0.33520261710548094 0.33261608835903267
9 868.0 0.0 -1.0 -1.0 -1.0 0.0 0.3364898019310777 0.3425906458938441 0.3209195521750782
9 869.0 0.0 -1.0 -1.0 -1.0 0.0 0.31694472053647116 0.3220113792110958 0.3610439002524332
9 870.0 0.0 -1.0 -1.0 -1.0 0.0 0.32564946253139815 0.3003107798682377 0.3740397576003641
9 871.0 0.0 -1.0 -1.0 -1.0 0.0 0.3361814758863343 0.30313403327155525 0.3606844908421107
9 872.0 0.0 -1.0 -1.0 -1.0 0.0 0.32748797793416196 0.29946345484131587 0.3730485672245221
9 873.0 0.0 -1.0 -1.0 -1.0 0.0 0.3038192829919851 0.3294170736815215 0.36676364332649336
9 874.0 0.0 -1.0 -1.0 -1.0 0.0 0.2863427581414567 0.34745858482141834 0.36619865703712484
9 875.0 0.0 -1.0 -1.0 -1.0 0.0 0.273537350958033 0.34752747696996183 0.37893517207200533
9 876.0 0.0 -1.0 -1.0 -1.0 0.0 0.28359543510203905 0.3587146509289033 0.3576899139690577
9 877.0 0.0 -1.0 -1.0 -1.0 0.0 0.29934776151643466 0.34226777576611656 0.35838446271744884
9 878.0 0.0 -1.0 -1.0 -1.0 0.0 0.3122771113123445 0.3138498345263559 0.3738730541612998
9 879.0 0.0 -1.0 -1.0 -1.0 0.0 0.3266234959550316 0.31074614018811386 0.36263036385685454
9 880.0 0.0 -1.0 -1.0 -1.0 0.0 0.33353911788093876 0.3166577108510029 0.34980317126805827
9 881.0 0.0 -1.0 -1.0 -1.0 0.0 0.3428215401771766 0.3286008641992484 0.328577595623575
9 882.0 0.0 -1.0 -1.0 -1.0 0.0 0.3524034387890034 0.32807313864603804 0.3195234225649587
9 883.0 0.0 -1.0 -1.0 -1.0 0.0 0.34593280308190155 0.32838955195707614 0.32567764496102247
9 884.0 0.0 -1.0 -1.0 -1.0 0.0 0.3455769742045025 0.35704224561646064 0.29738078017903685
9 885.0 0.0 -1.0 -1.0 -1.0 0.0 0.3459121560353068 0.3274598961678478 0.3266279477968454
9 886.0 0.0 -1.0 -1.0 -1.0 0.0 0.33490852455381215 0.3330395647387682 0.3320519107074199
9 887.0 0.0 -1.0 -1.0 -1.0 0.0 0.3123920876848395 0.3394070772352358 0.34820083507992483
9 888.0 0.0 -1.0 -1.0 -1.0 0.0 0.32323750727562867 0.33312837956375196 0.3436341131606195
9 889.0 0.0 -1.0 -1.0 -1.0 0.0 0.34783826214614116 0.33742364973508054 0.31473808811877796
9 890.0 0.0 -1.0 -1.0 -1.0 0.0 0.31863014174615717 0.3406812488891749 0.34068860936466805
9 891.0 0.0 -1.0 -1.0 -1.0 0.0 0.314848049745573 0.34983560101051536 0.3353163492439114
9 892.0 0.0 -1.0 -1.0 -1.0 0.0 0.3323678142831067 0.3267966997786911 0.34083548593820207
9 893.0 0.0 -1.0 -1.0 -1.0 0.0 0.3300908338639181 0.3210544896808338 0.348854676455248
9 894.0 0.0 -1.0 -1.0 -1.0 0.0 0.35424872739701213 0.3105088758980418 0.3352423967049462
9 895.0 0.0 -1.0 -1.0 -1.0 0.0 0.3510848951242598 0.32639437099613855 0.3225207338796017
9 896.0 0.0 -1.0 -1.0 -1.0 0.0 0.3520788714081131 0.32736167876824984 0.32055944982363727
9 897.0 0.0 -1.0 -1.0 -1.0 0.0 0.3218757332454809 0.3404102594496406 0.3377140073048785
9 898.0 0.0 -1.0 -1.0 -1.0 0.0 0.3102042310192113 0.35738061594823445 0.3324151530325542
9 899.0 0.0 -1.0 -1.0 -1.0 0.0 0.31722700256645975 0.35312143057466394 0.32965156685887614
9 900.0 0.0 -1.0 -1.0 -1.0 0.0 0.310472774104314 0.361570721011832 0.3279565048838544
9 901.0 0.0 -1.0 -1.0 -1.0 0.0 0.33518928814930116 0.35034466440433343 0.3144660474463653
9 902.0 0.0 -1.0 -1.0 -1.0 0.0 0.34098863539095525 0.33884588969113855 0.32016547491790626
9 903.0 0.0 -1.0 -1.0 -1.0 0.0 0.35881714716695434 0.32842725819997903 0.3127555946330668
9 904.0 0.0 -1.0 -1.0 -1.0 0.0 0.3560576512610884 0.34423895618714573 0.29970339255176565
9 905.0 0.0 -1.0 -1.0 -1.0 0.0 0.3525087176920632 0.33623408466173055 0.31125719764620635
9 906.0 0.0 -1.0 -1.0 -1.0 0.0 0.32002746016101774 0.3676487188013205 0.31232382103766143
9 907.0 0.0 -1.0 -1.0 -1.0 0.0 0.33535123039209985 0.35559682580597857 0.3090519438019214
9 908.0 0.0 -1.0 -1.0 -1.0 0.0 0.3405610429960906 0.3529802632444274 0.3064586937594821
9 909.0 0.0 -1.0 -1.0 -1.0 0.0 0.3497928039344178 0.32558557974382846 0.32462161632175346
9 910.0 0.0 -1.0 -1.0 -1.0 0.0 0.34083363447553805 0.3435639140860984 0.31560245143836346
9 911.0 0.0 -1.0 -1.0 -1.0 0.0 0.3466699743084532 0.32587255839346535 0.3274574672980814
9 912.0 0.0 -1.0 -1.0 -1.0 0.0 0.3386770829773812 0.3207687016219769 0.3405542154006424
9 913.0 0.0 -1.0 -1.0 -1.0 0.0 0.34752899008890203 0.3245953348383702 0.32787567507272797
9 914.0 0.0 -1.0 -1.0 -1.0 0.0 0.35463635204652094 0.32638630339166397 0.3189773445618151
9 915.0 0.0 -1.0 -1.0 -1.0 0.0 0.3457506522125388 0.3220549461146953 0.33219440167276576
9 916.0 0.0 -1.0 -1.0 -1.0 0.0 0.3533554710706529 0.32359774853164436 0.32304678039770285
9 917.0 0.0 -1.0 -1.0 -1.0 0.0 0.364059258821328 0.32972133050572067 0.3062194106729516
9 918.0 0.0 -1.0 -1.0 -1.0 0.0 0.3378055324885764 0.355064655136659 0.3071298123747648
9 919.0 0.0 -1.0 -1.0 -1.0 0.0 0.35860140881438796 0.347709969772717 0.2936886214128951
9 920.0 0.0 -1.0 -1.0 -1.0 0.0 0.3456151025555774 0.3596574704259669 0.29472742701845545
9 921.0 0.0 -1.0 -1.0 -1.0 0.0 0.32307658411976037 0.3509112856730709 0.3260121302071687
9 922.0 0.0 -1.0 -1.0 -1.0 0.0 0.29755759702148904 0.3628522947192742 0.33959010825923674
9 923.0 0.0 -1.0 -1.0 -1.0 0.0 0.3169660065373895 0.3443298213625517 0.33870417210005876
9 924.0 0.0 -1.0 -1.0 -1.0 0.0 0.32140130691084345 0.36479021881492757 0.3138084742742291
9 925.0 0.0 -1.0 -1.0 -1.0 0.0 0.30098854796973984 0.3728085666480834 0.32620288538217684
9 926.0 0.0 -1.0 -1.0 -1.0 0.0 0.30375918233900423 0.3563105485581546 0.33993026910284124
9 927.0 0.0 -1.0 -1.0 -1.0 0.0 0.29032613326892953 0.3635079985201073 0.3461658682109631
9 928.0 0.0 -1.0 -1.0 -1.0 0.0 0.30811853174337034 0.35819514563447535 0.3336863226221542
9 929.0 0.0 -1.0 -1.0 -1.0 0.0 0.3492504073719653 0.3190197533542384 0.33172983927379635
9 930.0 0.0 -1.0 -1.0 -1.0 0.0 0.3447055724180549 0.3222046516038903 0.333089775978055
9 931.0 0.0 -1.0 -1.0 -1.0 0.0 0.34123298230704807 0.33960781852733213 0.31915919916561974
9 932.0 0.0 -1.0 -1.0 -1.0 0.0 0.3425308239475757 0.3301116280776922 0.3273575479747322
9 933.0 0.0 -1.0 -1.0 -1.0 0.0 0.3159228933852292 0.3419382261969181 0.34213888041785284
9 934.0 0.0 -1.0 -1.0 -1.0 0.0 0.3136543903444889 0.32828290569342317 0.358062703962088
9 935.0 0.0 -1.0 -1.0 -1.0 0.0 0.30131556078155 0.3375279772841258 0.3611564619343243
9 936.0 0.0 -1.0 -1.0 -1.0 0.0 0.29259698161491593 0.32874896073158466 0.37865405765349924
9 937.0 0.0 -1.0 -1.0 -1.0 0.0 0.33629431963786716 0.30537656958013787 0.35832911078199486
9 938.0 0.0 -1.0 -1.0 -1.0 0.0 0.29950501044354394 0.33069066768509486 0.36980432187136103
9 939.0 0.0 -1.0 -1.0 -1.0 0.0 0.3065701613148294 0.3526884283787309 0.34074141030643973
9 940.0 0.0 -1.0 -1.0 -1.0 0.0 0.31276348655695163 0.3632753122955247 0.3239612011475237
9 941.0 0.0 -1.0 -1.0 -1.0 0.0 0.3175612243529999 0.36380561773830405 0.318633157908696
9 942.0 0.0 -1.0 -1.0 -1.0 0.0 0.29769507198172684 0.3882972192731116 0.3140077087451617
9 943.0 0.0 -1.0 -1.0 -1.0 0.0 0.3232768169231749 0.3810883534151836 0.29563482966164156
9 944.0 0.0 -1.0 -1.0 -1.0 0.0 0.3405517336460083 0.3569303374122608 0.3025179289417309
9 945.0 0.0 -1.0 -1.0 -1.0 0.0 0.328593191386386 0.354647201289373 0.3167596073242411
9 946.0 0.0 -1.0 -1.0 -1.0 0.0 0.31289830166467003 0.35843961589550055 0.3286620824398296
9 947.0 0.0 -1.0 -1.0 -1.0 0.0 0.3228818906359486 0.3523514393255695 0.3247666700384821
9 948.0 0.0 -1.0 -1.0 -1.0 0.0 0.3391402997600281 0.35302884004234725 0.3078308601976244
9 949.0 0.0 -1.0 -1.0 -1.0 0.0 0.3303761706607712 0.3469809176816357 0.3226429116575932
9 950.0 0.0 -1.0 -1.0 -1.0 0.0 0.33232207639972855 0.3396797285920122 0.3279981950082593
9 951.0 0.0 -1.0 -1.0 -1.0 0.0 0.35680272627158943 0.34387105648165267 0.2993262172467579
9 952.0 0.0 -1.0 -1.0 -1.0 0.0 0.37208337966240324 0.33950155646140057 0.2884150638761961
9 953.0 0.0 -1.0 -1.0 -1.0 0.0 0.3362326102111715 0.36226944111495 0.3014979486738786
9 954.0 0.0 -1.0 -1.0 -1.0 0.0 0.35552391075298756 0.3493652515507707 0.2951108376962418
9 955.0 0.0 -1.0 -1.0 -1.0 0.0 0.3290300017426152 0.3737421401338399 0.29722785812354474
9 956.0 0.0 -1.0 -1.0 -1.0 0.0 0.3418141805627257 0.3637626473364958 0.29442317210077823
9 957.0 0.0 -1.0 -1.0 -1.0 0.0 0.3529122276281031 0.3392071216972286 0.30788065067466813
9 958.0 0.0 -1.0 -1.0 -1.0 0.0 0.37777827842076833 0.33299542507268115 0.2892262965065507
9 959.0 0.0 -1.0 -1.0 -1.0 0.0 0.38953000679633837 0.3144611218100154 0.2960088713936464
9 960.0 0.0 -1.0 -1.0 -1.0 0.0 0.3485710272151416 0.32156154410757665 0.3298674286772819
9 961.0 0.0 -1.0 -1.0 -1.0 0.0 0.35057878543836823 0.3169987984006767 0.332422416160955
9 962.0 0.0 -1.0 -1.0 -1.0 0.0 0.36542093890166494 0.32420319904186 0.3103758620564752
9 963.0 0.0 -1.0 -1.0 -1.0 0.0 0.3589393409525715 0.32602772889454057 0.315032930152888
9 964.0 0.0 -1.0 -1.0 -1.0 0.0 0.35158531440192553 0.3318774074701367 0.31653727812793797
9 965.0 0.0 -1.0 -1.0 -1.0 0.0 0.37337490642457544 0.3485816140212908 0.2780434795541338
9 966.0 0.0 -1.0 -1.0 -1.0 0.0 0.37302307806365387 0.3568441648287085 0.2701327571076377
9 967.0 0.0 -1.0 -1.0 -1.0 0.0 0.366427963701524 0.3443375783025615 0.28923445799591446
9 968.0 0.0 -1.0 -1.0 -1.0 0.0 0.34858024217569095 0.33882807314296953 0.31259168468133924
9 969.0 0.0 -1.0 -1.0 -1.0 0.0 0.3411606147092644 0.3133854838551324 0.3454539014356032
9 970.0 0.0 -1.0 -1.0 -1.0 0.0 0.32457711549845236 0.30723640633416066 0.3681864781673871
9 971.0 0.0 -1.0 -1.0 -1.0 0.0 0.33693557037228783 0.28595972078211895 0.37710470884559316
9 972.0 0.0 -1.0 -1.0 -1.0 0.0 0.3102531758436127 0.303625401825452 0.38612142233093516
9 973.0 0.0 -1.0 -1.0 -1.0 0.0 0.30085978499410826 0.3031809725383742 0.3959592424675173
9 974.0 0.0 -1.0 -1.0 -1.0 0.0 0.30914912320112614 0.296183448237007 0.39466742856186676
9 975.0 0.0 -1.0 -1.0 -1.0 0.0 0.31175157652988883 0.31059184455846384 0.37765657891164717
9 976.0 0.0 -1.0 -1.0 -1.0 0.0 0.3243037283724403 0.3059336463722037 0.3697626252553562
9 977.0 0.0 -1.0 -1.0 -1.0 0.0 0.3269281575876298 0.3204332113984741 0.3526386310138963
9 978.0 0.0 -1.0 -1.0 -1.0 0.0 0.32694361026839547 0.3025053288934035 0.37055106083820105
9 979.0 0.0 -1.0 -1.0 -1.0 0.0 0.3571323495733448 0.3021284682450477 0.34073918218160776
9 980.0 0.0 -1.0 -1.0 -1.0 0.0 0.3600890443275051 0.2953128738232878 0.3445980818492073
9 981.0 0.0 -1.0 -1.0 -1.0 0.0 0.3557483786488511 0.31173317697835934 0.3325184443727894
9 982.0 0.0 -1.0 -1.0 -1.0 0.0 0.3532136582337958 0.3079134859037333 0.3388728558624705
9 983.0 0.0 -1.0 -1.0 -1.0 0.0 0.34206259829369956 0.31516205326457525 0.3427753484417251
9 984.0 0.0 -1.0 -1.0 -1.0 0.0 0.32865199194389255 0.3242224971771827 0.34712551087892474
9 985.0 0.0 -1.0 -1.0 -1.0 0.0 0.32707327764636224 0.3475942788709366 0.3253324434827013
9 986.0 0.0 -1.0 -1.0 -1.0 0.0 0.3191665422623375 0.35668880592939184 0.3241446518082705
9 987.0 0.0 -1.0 -1.0 -1.0 0.0 0.363975971794587 0.32085351833977505 0.31517050986563794
9 988.0 0.0 -1.0 -1.0 -1.0 0.0 0.3488966350958214 0.32184792093107395 0.3292554439731047
9 989.0 0.0 -1.0 -1.0 -1.0 0.0 0.3283588307700523 0.3085296112313574 0.3631115579985903
9 990.0 0.0 -1.0 -1.0 -1.0 0.0 0.3151610208333282 0.31200136592505956 0.3728376132416124
9 991.0 0.0 -1.0 -1.0 -1.0 0.0 0.32309542105578887 0.3236835905729062 0.3532209883713049
9 992.0 0.0 -1.0 -1.0 -1.0 0.0 0.32600454599986906 0.32101860512886254 0.35297684887126834
9 993.0 0.0 -1.0 -1.0 -1.0 0.0 0.3307229900337255 0.2999898948608617 0.3692871151054128
9 994.0 0.0 -1.0 -1.0 -1.0 0.0 0.32076400363548635 0.31672342365570777 0.36251257270880566
9 995.0 0.0 -1.0 -1.0 -1.0 0.0 0.34953560004034556 0.30315041626916567 0.34731398369048866
9 996.0 0.0 -1.0 -1.0 -1.0 0.0 0.3539373454856961 0.30560171819142373 0.3404609363228802
9 997.0 0.0 -1.0 -1.0 -1.0 0.0 0.34873023842492307 0.3094151953417792 0.3418545662332976
9 998.0 0.0 -1.0 -1.0 -1.0 0.0 0.35404014225436703 0.29395879625741894 0.3520010614882139
9 999.0 0.0 -1.0 -1.0 -1.0 0.0 0.3402096078171651 0.31014044727594386 0.349649944906891
9 1000.0 0.0 -1.0 -1.0 -1.0 0.0 0.3413246087370414 0.2851825561313576 0.37349283513160114
1000000000000000000000000000000000000000000000000000000000000000000000000000000000000000000000000000
-1.0
solo con 1: -100.0
