9 0.0 88.0 -38.0 -165.0 -94.59 49.76289133014031 0.3333333333333333 0.3333333333333333 0.3333333333333333
9 1.0 24.0 -35.0 -160.0 -75.24 44.65040861961949 0.3279436077990399 0.2835367868483476 0.3885196053526125
9 2.0 13.0 -32.0 -160.0 -59.76 35.052952727972794 0.29532743899158137 0.2529240254438238 0.45174853556459493
9 3.0 13.0 -32.0 -160.0 -54.58 32.162836952111064 0.2582040915290191 0.22638577875500215 0.5154101297159787
9 4.0 58.0 -29.0 -151.0 -47.1 26.085136446534904 0.2434141107426857 0.20110533029943978 0.5554805589578746
9 5.0 58.0 -29.0 -151.0 -41.91 19.53608161450204 0.2182820407653011 0.17805573386461993 0.6036622253700787
9 6.0 51.0 -27.0 -151.0 -38.8 19.95246877208457 0.20696185677481563 0.15286326969958275 0.6401748735256017
9 7.0 47.0 -26.0 -148.0 -34.82 16.393137268227505 0.17535193447506384 0.1427852547255082 0.6818628107994281
9 8.0 2.0 -24.0 -148.0 -31.34 12.63090645915003 0.1759114622602085 0.12739365149216117 0.6966948862476303
9 9.0 95.0 -22.0 -148.0 -28.81 12.696690891565392 0.16619049385179369 0.12665703438928516 0.7071524717589213
9 10.0 25.0 -21.0 -48.0 -25.73 3.863465236851969 0.1617407840420033 0.11279612633950205 0.7254630896184946
9 11.0 35.0 -19.0 -48.0 -24.16 4.0594570966068755 0.15804863911090444 0.09804853338749377 0.7439028275016016
9 12.0 49.0 -18.0 -43.0 -22.73 3.67039755092254 0.1420440167786877 0.10338469156260396 0.7545712916587084
9 13.0 38.0 -17.0 -43.0 -21.2 3.2844906435973886 0.1405266234212702 0.10179075756319367 0.7576826190155357
9 14.0 10.0 -16.0 -43.0 -19.87 3.2987754079232485 0.1417205340237413 0.10854119234127674 0.7497382736349821
9 15.0 10.0 -16.0 -43.0 -18.54 2.903915851523124 0.154225293085017 0.11506542255222361 0.7307092843627594
9 16.0 1.0 -15.0 -43.0 -17.32 2.863493663271487 0.14962832691567796 0.10240517452598391 0.747966498558338
9 17.0 49.0 -13.0 -43.0 -16.23 2.9843192885751377 0.13308583778613284 0.09615860748628341 0.7707555547275838
9 18.0 12.0 -11.0 -19.0 -14.76 1.386223705473312 0.12251532656410628 0.10623495746342466 0.7712497159724692
9 19.0 71.0 -10.0 -19.0 -13.61 1.5034976057530147 0.13026191024607936 0.11772881400768641 0.7520092757462342
9 20.0 71.0 -9.0 -19.0 -12.51 1.6236571763345329 0.13752587894116017 0.1195311711202071 0.7429429499386326
9 21.0 40.0 -8.0 -19.0 -11.42 1.7184677224583869 0.12968158374256825 0.10724275943930586 0.7630756568181256
9 22.0 16.0 -8.0 -16.0 -10.3 1.4805131515522556 0.12304113071744117 0.1071628046040707 0.7697960646784882
9 23.0 5.0 -7.0 -16.0 -9.2 1.5699192541804388 0.12527689770293002 0.10587611381292575 0.7688469884841446
9 24.0 0.0 -7.0 -16.0 -8.36 1.5276574791940039 0.12916405219689375 0.10820138658961412 0.7626345612134923
9 25.0 12.0 -6.0 -13.0 -7.72 1.303298069739173 0.14588785195971277 0.11519786784239708 0.7389142801978903
9 26.0 13.0 -5.0 -13.0 -6.9 1.3962431555767605 0.14433241365095628 0.11117206293183936 0.7444955234172044
9 27.0 39.0 -3.0 -12.0 -6.05 1.1492202011394816 0.1345370277499004 0.10508345364617569 0.7603795186039242
9 28.0 8.0 -3.0 -9.0 -5.27 1.0622541307916098 0.14435233861783922 0.10121558557804831 0.7544320758041131
9 29.0 26.0 -2.0 -8.0 -4.37 1.0698343117256308 0.1398219823658082 0.10633543879416754 0.7538425788400243
9 30.0 5.0 -2.0 -8.0 -3.54 1.2095578956917703 0.12870689051899256 0.11539584545543916 0.7558972640255682
9 31.0 14.0 -1.0 -8.0 -2.77 1.1357816691600544 0.135639723081606 0.11504126813704488 0.7493190087813489
9 32.0 2.0 -1.0 -8.0 -2.12 0.966927864398112 0.17437467541048285 0.1255292322396606 0.7000960923498566
9 33.0 2.0 -1.0 -5.0 -1.71 0.7951240294584376 0.17957842586321224 0.135636952253953 0.6847846218828348
9 34.0 0.0 -1.0 -5.0 -1.33 0.697108023163982 0.19001668739092273 0.15700845257773977 0.6529748600313375
9 35.0 0.0 -1.0 -5.0 -1.18 0.5925462944877059 0.21183946541107396 0.19404927507536654 0.5941112595135595
9 36.0 0.0 -1.0 -5.0 -1.1 0.48199920365414883 0.2450520738546475 0.23076949288034002 0.5241784332650127
9 37.0 0.0 -1.0 -5.0 -1.07 0.4323999271157388 0.2732074696745515 0.25667747083470255 0.4701150594907457
9 38.0 0.0 -1.0 -5.0 -1.05 0.4113294533484325 0.290511612695118 0.26500052358750903 0.44448786371737276
9 39.0 0.0 -1.0 -5.0 -1.05 0.4113294533484325 0.3037086821052856 0.2632839011924388 0.4330074167022756
9 40.0 0.0 -1.0 -5.0 -1.05 0.4113294533484325 0.3075293280443569 0.3007599885325969 0.3917106834230464
9 41.0 0.0 -1.0 -5.0 -1.05 0.4113294533484325 0.31942392907835326 0.3017898907317936 0.378786180189853
9 42.0 0.0 -1.0 -2.0 -1.02 0.14070529413628954 0.33033640819793375 0.3200362245868898 0.3496273672151765
9 43.0 0.0 -1.0 -1.0 -1.0 0.0 0.32529655937361474 0.314054548942358 0.36064889168402736
9 44.0 0.0 -1.0 -1.0 -1.0 0.0 0.306847582446627 0.32114485633613477 0.3720075612172382
9 45.0 0.0 -1.0 -1.0 -1.0 0.0 0.31720427127871104 0.32167363420920675 0.3611220945120823
9 46.0 0.0 -1.0 -1.0 -1.0 0.0 0.30541248905563406 0.3205165097554169 0.374071001188949
9 47.0 0.0 -1.0 -1.0 -1.0 0.0 0.3284979309634487 0.32754456566048323 0.3439575033760681
9 48.0 0.0 -1.0 -1.0 -1.0 0.0 0.31947481131252065 0.359311456551258 0.32121373213622123
9 49.0 0.0 -1.0 -1.0 -1.0 0.0 0.3338675191698893 0.34969547402015655 0.31643700680995424
9 50.0 0.0 -1.0 -1.0 -1.0 0.0 0.3453570812757122 0.31814739099307815 0.3364955277312097
9 51.0 0.0 -1.0 -1.0 -1.0 0.0 0.334133726839654 0.32583057586691283 0.3400356972934333
9 52.0 0.0 -1.0 -1.0 -1.0 0.0 0.3085285399271017 0.33364632143022116 0.3578251386426773
9 53.0 0.0 -1.0 -1.0 -1.0 0.0 0.32853815611229104 0.32767207928310527 0.34378976460460364
9 54.0 0.0 -1.0 -1.0 -1.0 0.0 0.3250648756957451 0.35462777494547637 0.32030734935877847
9 55.0 0.0 -1.0 -1.0 -1.0 0.0 0.3088286672272227 0.34493962435039704 0.3462317084223803
9 56.0 0.0 -1.0 -1.0 -1.0 0.0 0.31833695207916207 0.33604343361913647 0.3456196143017014
9 57.0 0.0 -1.0 -1.0 -1.0 0.0 0.3061128905609502 0.3501338425254266 0.343753266913623
9 58.0 0.0 -1.0 -1.0 -1.0 0.0 0.319983085566486 0.3333788870100012 0.346638027423513
9 59.0 0.0 -1.0 -1.0 -1.0 0.0 0.29434598675541873 0.3541976981092874 0.3514563151352938
9 60.0 0.0 -1.0 -1.0 -1.0 0.0 0.31072539505944363 0.34083306679010666 0.3484415381504494
9 61.0 0.0 -1.0 -1.0 -1.0 0.0 0.3349105480807416 0.3443990330441472 0.32069041887511096
9 62.0 0.0 -1.0 -1.0 -1.0 0.0 0.33284595548242807 0.3443366253927476 0.32281741912482453
9 63.0 0.0 -1.0 -1.0 -1.0 0.0 0.3007831951470341 0.3591859689428668 0.34003083591009925
9 64.0 0.0 -1.0 -1.0 -1.0 0.0 0.32333431620247155 0.35542605724349763 0.32123962655403093
9 65.0 0.0 -1.0 -1.0 -1.0 0.0 0.33789625069660895 0.3320163757435507 0.3300873735598403
9 66.0 0.0 -1.0 -1.0 -1.0 0.0 0.3296300222225359 0.34901803275554577 0.3213519450219182
9 67.0 0.0 -1.0 -1.0 -1.0 0.0 0.30663803975806175 0.35764901200890514 0.3357129482330332
9 68.0 0.0 -1.0 -1.0 -1.0 0.0 0.35392555215617477 0.3023170942691838 0.3437573535746417
9 69.0 0.0 -1.0 -1.0 -1.0 0.0 0.3416517940352702 0.3131483589530496 0.34519984701168005
9 70.0 0.0 -1.0 -1.0 -1.0 0.0 0.40063911136988223 0.2807322316051174 0.31862865702500026
9 71.0 0.0 -1.0 -1.0 -1.0 0.0 0.3941290663381203 0.2924068136393219 0.3134641200225576
9 72.0 0.0 -1.0 -1.0 -1.0 0.0 0.385695903583131 0.28924322182757456 0.32506087458929445
9 73.0 0.0 -1.0 -1.0 -1.0 0.0 0.37785402843419613 0.2760430063507032 0.3461029652151007
9 74.0 0.0 -1.0 -1.0 -1.0 0.0 0.3236839308938645 0.29942102685707495 0.3768950422490608
9 75.0 0.0 -1.0 -1.0 -1.0 0.0 0.32810896977276977 0.314787427134347 0.35710360309288325
9 76.0 0.0 -1.0 -1.0 -1.0 0.0 0.31247301574382097 0.3151912971199053 0.37233568713627363
9 77.0 0.0 -1.0 -1.0 -1.0 0.0 0.30531609416866146 0.33291103125593435 0.3617728745754043
9 78.0 0.0 -1.0 -1.0 -1.0 0.0 0.29242448129613274 0.3356511606457625 0.37192435805810503
9 79.0 0.0 -1.0 -1.0 -1.0 0.0 0.28361125326206715 0.3308078562941344 0.38558089044379834
9 80.0 0.0 -1.0 -1.0 -1.0 0.0 0.3118379600138342 0.31331541923273976 0.3748466207534261
9 81.0 0.0 -1.0 -1.0 -1.0 0.0 0.3281083152723411 0.32326237825423476 0.34862930647342394
9 82.0 0.0 -1.0 -1.0 -1.0 0.0 0.35444658360980114 0.32682464455860816 0.31872877183159076
9 83.0 0.0 -1.0 -1.0 -1.0 0.0 0.3299296541553847 0.33614814286515843 0.33392220297945713
9 84.0 0.0 -1.0 -1.0 -1.0 0.0 0.3465769659252227 0.3206860987538981 0.3327369353208789
9 85.0 0.0 -1.0 -1.0 -1.0 0.0 0.3470850318029413 0.3371224517068325 0.3157925164902264
9 86.0 0.0 -1.0 -1.0 -1.0 0.0 0.36185681250795926 0.32130286527803437 0.31684032221400643
9 87.0 0.0 -1.0 -1.0 -1.0 0.0 0.36913864494053783 0.3254812944276278 0.30538006063183476
9 88.0 0.0 -1.0 -1.0 -1.0 0.0 0.3397000306851088 0.3133687251023701 0.3469312442125209
9 89.0 0.0 -1.0 -1.0 -1.0 0.0 0.3350245432912996 0.3015484349276645 0.3634270217810358
9 90.0 0.0 -1.0 -1.0 -1.0 0.0 0.3389065223568788 0.304061743338201 0.35703173430492
9 91.0 0.0 -1.0 -1.0 -1.0 0.0 0.33183773529928906 0.34077662859120833 0.32738563610950244
9 92.0 0.0 -1.0 -1.0 -1.0 0.0 0.32985199722702363 0.3379321798734686 0.3322158228995077
9 93.0 0.0 -1.0 -1.0 -1.0 0.0 0.33435637424955766 0.30514652448676594 0.3604971012636764
9 94.0 0.0 -1.0 -1.0 -1.0 0.0 0.33574898258003344 0.30482539606110093 0.35942562135886563
9 95.0 0.0 -1.0 -1.0 -1.0 0.0 0.33794175015694283 0.28781032571556087 0.3742479241274964
9 96.0 0.0 -1.0 -1.0 -1.0 0.0 0.3322234129305668 0.2967386696599013 0.37103791740953196
9 97.0 0.0 -1.0 -1.0 -1.0 0.0 0.34269101769156163 0.3471040916531996 0.3102048906552387
9 98.0 0.0 -1.0 -1.0 -1.0 0.0 0.3329210173964925 0.34566173985230947 0.3214172427511979
9 99.0 0.0 -1.0 -1.0 -1.0 0.0 0.3316941702630716 0.35238739198442626 0.3159184377525023
9 100.0 0.0 -1.0 -1.0 -1.0 0.0 0.3295584400657964 0.3637639964755159 0.30667756345868796
9 101.0 0.0 -1.0 -1.0 -1.0 0.0 0.33811565160219714 0.34657480443804445 0.3153095439597586
9 102.0 0.0 -1.0 -1.0 -1.0 0.0 0.3301928056244339 0.3394790343583468 0.33032816001721926
9 103.0 0.0 -1.0 -1.0 -1.0 0.0 0.3320611472160648 0.34563424054722774 0.32230461223670764
9 104.0 0.0 -1.0 -1.0 -1.0 0.0 0.3056727313797759 0.3429333040785907 0.35139396454163363
9 105.0 0.0 -1.0 -1.0 -1.0 0.0 0.322724106919638 0.32852048881794366 0.34875540426241797
9 106.0 0.0 -1.0 -1.0 -1.0 0.0 0.3115699762471944 0.3226397148720639 0.3657903088807416
9 107.0 0.0 -1.0 -1.0 -1.0 0.0 0.33172957407200715 0.3288114777753241 0.33945894815266864
9 108.0 0.0 -1.0 -1.0 -1.0 0.0 0.33157221409931514 0.33402083258772364 0.3344069533129612
9 109.0 0.0 -1.0 -1.0 -1.0 0.0 0.3432891070444048 0.32279525569771883 0.33391563725787615
9 110.0 0.0 -1.0 -1.0 -1.0 0.0 0.3438061064655302 0.3227804857033052 0.33341340783116463
9 111.0 0.0 -1.0 -1.0 -1.0 0.0 0.3206393600340066 0.3449764847057572 0.3343841552602362
9 112.0 0.0 -1.0 -1.0 -1.0 0.0 0.31757914023620926 0.3649782737540063 0.31744258600978464
9 113.0 0.0 -1.0 -1.0 -1.0 0.0 0.31040632561560183 0.3582270009233883 0.33136667346100945
9 114.0 0.0 -1.0 -1.0 -1.0 0.0 0.34443199393894475 0.3558363313505262 0.2997316747105291
9 115.0 0.0 -1.0 -1.0 -1.0 0.0 0.3519395070104463 0.33487233162655405 0.31318816136299976
9 116.0 0.0 -1.0 -1.0 -1.0 0.0 0.3398296264319599 0.3450222914815226 0.3151480820865172
9 117.0 0.0 -1.0 -1.0 -1.0 0.0 0.34591437120867563 0.34340330577820377 0.3106823230131208
9 118.0 0.0 -1.0 -1.0 -1.0 0.0 0.3474443202432044 0.3265902605765941 0.3259654191802019
9 119.0 0.0 -1.0 -1.0 -1.0 0.0 0.36798131178774535 0.32122184541404164 0.31079684279821285
9 120.0 0.0 -1.0 -1.0 -1.0 0.0 0.3695749180070469 0.30582678059312 0.32459830139983287
9 121.0 0.0 -1.0 -1.0 -1.0 0.0 0.34310126721859535 0.32562279183345005 0.33127594094795465
9 122.0 0.0 -1.0 -1.0 -1.0 0.0 0.331614772113776 0.3241007522941654 0.3442844755920589
9 123.0 0.0 -1.0 -1.0 -1.0 0.0 0.345233014105241 0.32966885723508 0.32509812865967896
9 124.0 0.0 -1.0 -1.0 -1.0 0.0 0.34453217782004475 0.3602191655109319 0.2952486566690238
9 125.0 0.0 -1.0 -1.0 -1.0 0.0 0.31129203910374303 0.3928977222304963 0.2958102386657607
9 126.0 0.0 -1.0 -1.0 -1.0 0.0 0.28991972191275056 0.3748399272821288 0.33524035080512055
9 127.0 0.0 -1.0 -1.0 -1.0 0.0 0.2847826616566074 0.38023368486880604 0.33498365347458636
9 128.0 0.0 -1.0 -1.0 -1.0 0.0 0.270039798628393 0.3821074679199103 0.34785273345169704
9 129.0 0.0 -1.0 -1.0 -1.0 0.0 0.2713409665145124 0.3694130454366068 0.35924598804888086
9 130.0 0.0 -1.0 -1.0 -1.0 0.0 0.28497857200768717 0.3358602828951867 0.37916114509712595
9 131.0 0.0 -1.0 -1.0 -1.0 0.0 0.3017336511225457 0.3541937004781704 0.344072648399284
9 132.0 0.0 -1.0 -1.0 -1.0 0.0 0.3078595752925885 0.36612657057076553 0.3260138541366461
9 133.0 0.0 -1.0 -1.0 -1.0 0.0 0.3111566849595449 0.35525391239850895 0.33358940264194614
9 134.0 0.0 -1.0 -1.0 -1.0 0.0 0.313721981304236 0.3611201566421673 0.3251578620535968
9 135.0 0.0 -1.0 -1.0 -1.0 0.0 0.32740229652633845 0.3487294691662708 0.32386823430739076
9 136.0 0.0 -1.0 -1.0 -1.0 0.0 0.36280515839352206 0.33622499859590715 0.3009698430105706
9 137.0 0.0 -1.0 -1.0 -1.0 0.0 0.37095236578552104 0.33852950818011557 0.29051812603436317
9 138.0 0.0 -1.0 -1.0 -1.0 0.0 0.3748639042404038 0.36184716451609544 0.263288931243501
9 139.0 0.0 -1.0 -1.0 -1.0 0.0 0.33047699766929156 0.38638073345909335 0.283142268871615
9 140.0 0.0 -1.0 -1.0 -1.0 0.0 0.3384655568804718 0.3634619581161253 0.2980724850034028
9 141.0 0.0 -1.0 -1.0 -1.0 0.0 0.32670346985143517 0.37871495660987436 0.2945815735386905
9 142.0 0.0 -1.0 -1.0 -1.0 0.0 0.35989663500164576 0.360410536489058 0.27969282850929605
9 143.0 0.0 -1.0 -1.0 -1.0 0.0 0.36994462405060363 0.35550037710691845 0.27455499884247786
9 144.0 0.0 -1.0 -1.0 -1.0 0.0 0.35169019927888834 0.3502975071903018 0.29801229353080977
9 145.0 0.0 -1.0 -1.0 -1.0 0.0 0.3729626236216567 0.3250601587912279 0.30197721758711554
9 146.0 0.0 -1.0 -1.0 -1.0 0.0 0.35214150808337363 0.33464911944567904 0.3132093724709477
9 147.0 0.0 -1.0 -1.0 -1.0 0.0 0.3587434868303137 0.3285845187860209 0.3126719943836655
9 148.0 0.0 -1.0 -1.0 -1.0 0.0 0.3583167323333532 0.3317759320534154 0.3099073356132313
9 149.0 0.0 -1.0 -1.0 -1.0 0.0 0.36123739385166753 0.3333254176637061 0.3054371884846267
9 150.0 0.0 -1.0 -1.0 -1.0 0.0 0.34642771826904206 0.3517523308065313 0.3018199509244266
9 151.0 0.0 -1.0 -1.0 -1.0 0.0 0.3463198053267538 0.35736532429105883 0.29631487038218757
9 152.0 0.0 -1.0 -1.0 -1.0 0.0 0.3590966233603618 0.35034367859559745 0.2905596980440409
9 153.0 0.0 -1.0 -1.0 -1.0 0.0 0.3367868675525111 0.3555788878449187 0.30763424460257033
9 154.0 0.0 -1.0 -1.0 -1.0 0.0 0.3030544282152713 0.3500543268735272 0.34689124491120177
9 155.0 0.0 -1.0 -1.0 -1.0 0.0 0.31826032958573774 0.3373996625166146 0.34434000789764757
9 156.0 0.0 -1.0 -1.0 -1.0 0.0 0.31874276544157554 0.3589065996531642 0.3223506349052602
9 157.0 0.0 -1.0 -1.0 -1.0 0.0 0.31056228710553097 0.34235192937704545 0.34708578351742353
9 158.0 0.0 -1.0 -1.0 -1.0 0.0 0.3276006867906471 0.352668590348278 0.31973072286107485
9 159.0 0.0 -1.0 -1.0 -1.0 0.0 0.3389773492400948 0.36980792396983814 0.29121472679006716
9 160.0 0.0 -1.0 -1.0 -1.0 0.0 0.3366690248750072 0.35496962597593823 0.3083613491490544
9 161.0 0.0 -1.0 -1.0 -1.0 0.0 0.3361721923120448 0.3728603534575417 0.29096745423041354
9 162.0 0.0 -1.0 -1.0 -1.0 0.0 0.33792363054224367 0.3678800117019383 0.294196357755818
9 163.0 0.0 -1.0 -1.0 -1.0 0.0 0.3500142390377078 0.3542846371904959 0.29570112377179625
9 164.0 0.0 -1.0 -1.0 -1.0 0.0 0.3491663547874879 0.3595445684562039 0.29128907675630844
9 165.0 0.0 -1.0 -1.0 -1.0 0.0 0.37508951016451936 0.32203739106885765 0.30287309876662294
9 166.0 0.0 -1.0 -1.0 -1.0 0.0 0.3624395251841193 0.33348981700921804 0.3040706578066626
9 167.0 0.0 -1.0 -1.0 -1.0 0.0 0.35518542055829594 0.31994105998349226 0.3248735194582119
9 168.0 0.0 -1.0 -1.0 -1.0 0.0 0.3454132032024467 0.33283705206228603 0.3217497447352675
9 169.0 0.0 -1.0 -1.0 -1.0 0.0 0.3308392696956397 0.3444433355126764 0.32471739479168404
9 170.0 0.0 -1.0 -1.0 -1.0 0.0 0.32752063321564656 0.3616814307305461 0.3107979360538071
9 171.0 0.0 -1.0 -1.0 -1.0 0.0 0.30909717006128373 0.3598330934426686 0.33106973649604776
9 172.0 0.0 -1.0 -1.0 -1.0 0.0 0.29610005835737035 0.3839443685427431 0.3199555730998865
9 173.0 0.0 -1.0 -1.0 -1.0 0.0 0.3133165680033955 0.3566380967776838 0.3300453352189209
9 174.0 0.0 -1.0 -1.0 -1.0 0.0 0.32287152984276773 0.34620712691426986 0.33092134324296246
9 175.0 0.0 -1.0 -1.0 -1.0 0.0 0.3367233535381894 0.3240882255125985 0.3391884209492121
9 176.0 0.0 -1.0 -1.0 -1.0 0.0 0.35304773485137 0.3280890375152862 0.3188632276333441
9 177.0 0.0 -1.0 -1.0 -1.0 0.0 0.31866919819608586 0.3462583364875799 0.33507246531633406
9 178.0 0.0 -1.0 -1.0 -1.0 0.0 0.3478189994948476 0.3130926497241184 0.3390883507810338
9 179.0 0.0 -1.0 -1.0 -1.0 0.0 0.34512577479912193 0.3233971447433783 0.33147708045749996
9 180.0 0.0 -1.0 -1.0 -1.0 0.0 0.35755252927588155 0.310613601595394 0.33183386912872437
9 181.0 0.0 -1.0 -1.0 -1.0 0.0 0.38414475439684026 0.31754783119371566 0.29830741440944397
9 182.0 0.0 -1.0 -1.0 -1.0 0.0 0.38377487866284327 0.31052303323656955 0.30570208810058713
9 183.0 0.0 -1.0 -1.0 -1.0 0.0 0.3589053417322081 0.3374003939221763 0.3036942643456156
9 184.0 0.0 -1.0 -1.0 -1.0 0.0 0.32261182931234134 0.34416259685457085 0.33322557383308793
9 185.0 0.0 -1.0 -1.0 -1.0 0.0 0.3293754215836163 0.35723899687424393 0.3133855815421397
9 186.0 0.0 -1.0 -1.0 -1.0 0.0 0.32556037119016074 0.37253288395428436 0.30190674485555463
9 187.0 0.0 -1.0 -1.0 -1.0 0.0 0.32790186747118627 0.35467439312092996 0.317423739407884
9 188.0 0.0 -1.0 -1.0 -1.0 0.0 0.3229534421883606 0.37422547243298093 0.3028210853786588
9 189.0 0.0 -1.0 -1.0 -1.0 0.0 0.34240115510040275 0.36079306406382083 0.29680578083577647
9 190.0 0.0 -1.0 -1.0 -1.0 0.0 0.34136868693363254 0.34950745523653237 0.30912385782983515
9 191.0 0.0 -1.0 -1.0 -1.0 0.0 0.336764836534455 0.34705220554914334 0.316182957916402
9 192.0 0.0 -1.0 -1.0 -1.0 0.0 0.31528398895837845 0.34154881706175927 0.3431671939798622
9 193.0 0.0 -1.0 -1.0 -1.0 0.0 0.32006705960478565 0.3387556543942471 0.34117728600096753
9 194.0 0.0 -1.0 -1.0 -1.0 0.0 0.31008941469835843 0.3386013187019573 0.35130926659968426
9 195.0 0.0 -1.0 -1.0 -1.0 0.0 0.3220811697776813 0.3271837448047838 0.3507350854175348
9 196.0 0.0 -1.0 -1.0 -1.0 0.0 0.3414388984178376 0.3105037014976034 0.34805740008455904
9 197.0 0.0 -1.0 -1.0 -1.0 0.0 0.3402110941728242 0.32914307384689023 0.33064583198028585
9 198.0 0.0 -1.0 -1.0 -1.0 0.0 0.3589876182608582 0.3322988795425453 0.3087135021965966
9 199.0 0.0 -1.0 -1.0 -1.0 0.0 0.3466278141302053 0.3459605438773334 0.3074116419924613
9 200.0 0.0 -1.0 -1.0 -1.0 0.0 0.3423219685989467 0.342595391550623 0.31508263985043045
9 201.0 0.0 -1.0 -1.0 -1.0 0.0 0.34915387147787347 0.3298422531029507 0.32100387541917547
9 202.0 0.0 -1.0 -1.0 -1.0 0.0 0.3406870156467508 0.3210419602410125 0.33827102411223664
9 203.0 0.0 -1.0 -1.0 -1.0 0.0 0.34767131656064143 0.2973071890397748 0.35502149439958397
9 204.0 0.0 -1.0 -1.0 -1.0 0.0 0.32560041207187657 0.28763676352743106 0.3867628244006921
9 205.0 0.0 -1.0 -1.0 -1.0 0.0 0.32358164807934964 0.3364560004808652 0.33996235143978504
9 206.0 0.0 -1.0 -1.0 -1.0 0.0 0.30785040665863866 0.33965413875473943 0.35249545458662185
9 207.0 0.0 -1.0 -1.0 -1.0 0.0 0.3273607771059368 0.3242964591211715 0.3483427637728918
9 208.0 0.0 -1.0 -1.0 -1.0 0.0 0.32599954991722735 0.31606625314119907 0.3579341969415734
9 209.0 0.0 -1.0 -1.0 -1.0 0.0 0.3193416766987478 0.3403644791993638 0.34029384410188823
9 210.0 0.0 -1.0 -1.0 -1.0 0.0 0.33026857784774516 0.34207765663908085 0.3276537655131739
9 211.0 0.0 -1.0 -1.0 -1.0 0.0 0.3411333199684154 0.3380465162588713 0.32082016377271344
9 212.0 0.0 -1.0 -1.0 -1.0 0.0 0.34701812540672783 0.32917716331250824 0.3238047112807637
9 213.0 0.0 -1.0 -1.0 -1.0 0.0 0.39104206049162604 0.31671571253326314 0.2922422269751108
9 214.0 0.0 -1.0 -1.0 -1.0 0.0 0.3820815760297103 0.3183852777817718 0.2995331461885177
9 215.0 0.0 -1.0 -1.0 -1.0 0.0 0.33225717559665896 0.320785703836421 0.3469571205669201
9 216.0 0.0 -1.0 -1.0 -1.0 0.0 0.3295850887254776 0.34122476376490546 0.32919014750961706
9 217.0 0.0 -1.0 -1.0 -1.0 0.0 0.30186362685165075 0.3577949510438872 0.3403414221044621
9 218.0 0.0 -1.0 -1.0 -1.0 0.0 0.3280913385715899 0.3270839229265268 0.3448247385018833
9 219.0 0.0 -1.0 -1.0 -1.0 0.0 0.3259465144520133 0.333577403221885 0.3404760823261015
9 220.0 0.0 -1.0 -1.0 -1.0 0.0 0.3406953033568502 0.3068717207418332 0.35243297590131645
9 221.0 0.0 -1.0 -1.0 -1.0 0.0 0.3668174296708175 0.31548955140525264 0.31769301892393026
9 222.0 0.0 -1.0 -1.0 -1.0 0.0 0.3820157828205312 0.3139922712000096 0.30399194597945917
9 223.0 0.0 -1.0 -1.0 -1.0 0.0 0.3662611434400387 0.3275623916291157 0.30617646493084577
9 224.0 0.0 -1.0 -1.0 -1.0 0.0 0.324692343904385 0.33042248084804116 0.3448851752475744
9 225.0 0.0 -1.0 -1.0 -1.0 0.0 0.32523898863789796 0.32401344908226243 0.35074756227983955
9 226.0 0.0 -1.0 -1.0 -1.0 0.0 0.3014715733823335 0.3396295533176055 0.35889887330006087
9 227.0 0.0 -1.0 -1.0 -1.0 0.0 0.29080155990470424 0.3434968216757028 0.365701618419593
9 228.0 0.0 -1.0 -1.0 -1.0 0.0 0.2861957221016655 0.3574368301438438 0.35636744775449075
9 229.0 0.0 -1.0 -1.0 -1.0 0.0 0.3054873743869704 0.35719234763995644 0.3373202779730733
9 230.0 0.0 -1.0 -1.0 -1.0 0.0 0.31471045775070555 0.3597111878127307 0.32557835443656374
9 231.0 0.0 -1.0 -1.0 -1.0 0.0 0.3168670965494129 0.35802715152855585 0.3251057519220311
9 232.0 0.0 -1.0 -1.0 -1.0 0.0 0.34237730972970987 0.3448406057369002 0.3127820845333899
9 233.0 0.0 -1.0 -1.0 -1.0 0.0 0.34659387790707813 0.3334018056922622 0.3200043164006597
9 234.0 0.0 -1.0 -1.0 -1.0 0.0 0.3555647354548706 0.3240291015636484 0.32040616298148095
9 235.0 0.0 -1.0 -1.0 -1.0 0.0 0.34176154964984806 0.3088708550485044 0.3493675953016476
9 236.0 0.0 -1.0 -1.0 -1.0 0.0 0.3424142308687053 0.31302222124636464 0.3445635478849299
9 237.0 0.0 -1.0 -1.0 -1.0 0.0 0.31960054835784396 0.30930823490403336 0.37109121673812234
9 238.0 0.0 -1.0 -1.0 -1.0 0.0 0.3466230195509128 0.3044724325299781 0.3489045479191094
9 239.0 0.0 -1.0 -1.0 -1.0 0.0 0.328390389908188 0.32168370642090716 0.3499259036709048
9 240.0 0.0 -1.0 -1.0 -1.0 0.0 0.3504760935779285 0.3101040164710876 0.3394198899509837
9 241.0 0.0 -1.0 -1.0 -1.0 0.0 0.34264434206182626 0.3276015163709921 0.32975414156718147
9 242.0 0.0 -1.0 -1.0 -1.0 0.0 0.3607545813338461 0.3152330645991426 0.32401235406701123
9 243.0 0.0 -1.0 -1.0 -1.0 0.0 0.3635103297902512 0.30931769689882743 0.327171973310921
9 244.0 0.0 -1.0 -1.0 -1.0 0.0 0.3523074663887849 0.32917978957348204 0.3185127440377331
9 245.0 0.0 -1.0 -1.0 -1.0 0.0 0.33568297395432173 0.3247494246608169 0.3395676013848616
9 246.0 0.0 -1.0 -1.0 -1.0 0.0 0.32843049954560094 0.3378885514229921 0.33368094903140644
9 247.0 0.0 -1.0 -1.0 -1.0 0.0 0.3326411510220386 0.33559596116963625 0.33176288780832536
9 248.0 0.0 -1.0 -1.0 -1.0 0.0 0.30187743744391987 0.35786697436223486 0.3402555881938454
9 249.0 0.0 -1.0 -1.0 -1.0 0.0 0.319469254772507 0.3414822615878685 0.33904848363962437
9 250.0 0.0 -1.0 -1.0 -1.0 0.0 0.3419304112779015 0.3332456671500562 0.32482392157204204
9 251.0 0.0 -1.0 -1.0 -1.0 0.0 0.34167831814863775 0.3609022561058065 0.29741942574555585
9 252.0 0.0 -1.0 -1.0 -1.0 0.0 0.31485088917279364 0.37680447305554166 0.3083446377716645
9 253.0 0.0 -1.0 -1.0 -1.0 0.0 0.31854316478401623 0.3778024274815688 0.3036544077344148
9 254.0 0.0 -1.0 -1.0 -1.0 0.0 0.3394047781863814 0.36807282537748187 0.2925223964361368
9 255.0 0.0 -1.0 -1.0 -1.0 0.0 0.32788845837925945 0.3758622233928929 0.2962493182278475
9 256.0 0.0 -1.0 -1.0 -1.0 0.0 0.3168375775600211 0.3629108439357024 0.32025157850427677
9 257.0 0.0 -1.0 -1.0 -1.0 0.0 0.3381005873288043 0.33471511559891176 0.32718429707228397
9 258.0 0.0 -1.0 -1.0 -1.0 0.0 0.34839075020272275 0.33898947219463493 0.31261977760264215
9 259.0 0.0 -1.0 -1.0 -1.0 0.0 0.34978206108588233 0.34599009388017454 0.3042278450339431
9 260.0 0.0 -1.0 -1.0 -1.0 0.0 0.34045347574360735 0.3284842979125011 0.3310622263438917
9 261.0 0.0 -1.0 -1.0 -1.0 0.0 0.3485637717929002 0.3373375496680311 0.3140986785390686
9 262.0 0.0 -1.0 -1.0 -1.0 0.0 0.3503909144461181 0.33722195095415614 0.31238713459972556
9 263.0 0.0 -1.0 -1.0 -1.0 0.0 0.33938719200816203 0.33653955451253453 0.32407325347930344
9 264.0 0.0 -1.0 -1.0 -1.0 0.0 0.30215829265052807 0.3397047789970795 0.35813692835239236
9 265.0 0.0 -1.0 -1.0 -1.0 0.0 0.33099143541962806 0.30047095015951625 0.3685376144208559
9 266.0 0.0 -1.0 -1.0 -1.0 0.0 0.3164689806605555 0.3470988786899284 0.33643214064951626
9 267.0 0.0 -1.0 -1.0 -1.0 0.0 0.3089150407789835 0.3510024215503836 0.3400825376706329
9 268.0 0.0 -1.0 -1.0 -1.0 0.0 0.3217710618182041 0.3498515732534038 0.32837736492839203
9 269.0 0.0 -1.0 -1.0 -1.0 0.0 0.3186481991048927 0.3471046982573677 0.3342471026377394
9 270.0 0.0 -1.0 -1.0 -1.0 0.0 0.3470386719851827 0.33835373834256716 0.31460758967225005
9 271.0 0.0 -1.0 -1.0 -1.0 0.0 0.3532506752070211 0.32469720817387926 0.32205211661909955
9 272.0 0.0 -1.0 -1.0 -1.0 0.0 0.36386702004519633 0.314923635203752 0.3212093447510515
9 273.0 0.0 -1.0 -1.0 -1.0 0.0 0.356627242663347 0.30105275176669966 0.3423200055699533
9 274.0 0.0 -1.0 -1.0 -1.0 0.0 0.3503306978218471 0.30389231251480114 0.3457769896633519
9 275.0 0.0 -1.0 -1.0 -1.0 0.0 0.3453368296151538 0.29178234280814935 0.3628808275766967
9 276.0 0.0 -1.0 -1.0 -1.0 0.0 0.3449205904495146 0.30022937658798904 0.3548500329624963
9 277.0 0.0 -1.0 -1.0 -1.0 0.0 0.31569325750312627 0.32578898351665486 0.35851775898021887
9 278.0 0.0 -1.0 -1.0 -1.0 0.0 0.3450807343440291 0.2959877980412669 0.35893146761470407
9 279.0 0.0 -1.0 -1.0 -1.0 0.0 0.3519782466717931 0.2983283641367145 0.3496933891914923
9 280.0 0.0 -1.0 -1.0 -1.0 0.0 0.36056094577869985 0.3035104534380378 0.3359286007832624
9 281.0 0.0 -1.0 -1.0 -1.0 0.0 0.34455336960021316 0.3166129462809566 0.3388336841188302
9 282.0 0.0 -1.0 -1.0 -1.0 0.0 0.37048042022047306 0.3018925490915035 0.3276270306880234
9 283.0 0.0 -1.0 -1.0 -1.0 0.0 0.36675593604712786 0.3030087441138935 0.33023531983897875
9 284.0 0.0 -1.0 -1.0 -1.0 0.0 0.38584071873848436 0.2999166030007462 0.3142426782607695
9 285.0 0.0 -1.0 -1.0 -1.0 0.0 0.370713720507111 0.30905872454788264 0.320227554945006
9 286.0 0.0 -1.0 -1.0 -1.0 0.0 0.38677287067027755 0.29425406909496304 0.3189730602347593
9 287.0 0.0 -1.0 -1.0 -1.0 0.0 0.3610307057556912 0.3176738234914285 0.32129547075288045
9 288.0 0.0 -1.0 -1.0 -1.0 0.0 0.34719899753350547 0.3092677718368045 0.3435332306296898
9 289.0 0.0 -1.0 -1.0 -1.0 0.0 0.3195575284493849 0.3630765199354229 0.317365951615192
9 290.0 0.0 -1.0 -1.0 -1.0 0.0 0.32612713221676093 0.3659959435299705 0.3078769242532687
9 291.0 0.0 -1.0 -1.0 -1.0 0.0 0.3201274698071219 0.3592279104826992 0.32064461971017894
9 292.0 0.0 -1.0 -1.0 -1.0 0.0 0.3338499150355374 0.35572248004985185 0.3104276049146107
9 293.0 0.0 -1.0 -1.0 -1.0 0.0 0.3204002003187487 0.3701192108886452 0.3094805887926062
9 294.0 0.0 -1.0 -1.0 -1.0 0.0 0.30170688964966025 0.3823092861974433 0.31598382415289616
9 295.0 0.0 -1.0 -1.0 -1.0 0.0 0.30464637675348066 0.37196362901854974 0.32338999422796966
9 296.0 0.0 -1.0 -1.0 -1.0 0.0 0.31062635530280697 0.36771164625217445 0.32166199844501864
9 297.0 0.0 -1.0 -1.0 -1.0 0.0 0.30752231961883575 0.37590530286064694 0.3165723775205172
9 298.0 0.0 -1.0 -1.0 -1.0 0.0 0.31947533739728706 0.3601217621655621 0.32040290043715103
9 299.0 0.0 -1.0 -1.0 -1.0 0.0 0.31528585684315447 0.35437445955552976 0.3303396836013159
9 300.0 0.0 -1.0 -1.0 -1.0 0.0 0.3003365971630295 0.35529182104887796 0.34437158178809263
9 301.0 0.0 -1.0 -1.0 -1.0 0.0 0.3023929670850201 0.3577084329028127 0.3398986000121673
9 302.0 0.0 -1.0 -1.0 -1.0 0.0 0.30342801520246365 0.3675572221205164 0.32901476267702023
9 303.0 0.0 -1.0 -1.0 -1.0 0.0 0.3065543677233425 0.3810417877572387 0.31240384451941877
9 304.0 0.0 -1.0 -1.0 -1.0 0.0 0.3143311706129273 0.35532016622308993 0.33034866316398287
9 305.0 0.0 -1.0 -1.0 -1.0 0.0 0.3187408777791259 0.35425384344323113 0.32700527877764274
9 306.0 0.0 -1.0 -1.0 -1.0 0.0 0.30481231383525087 0.36160463224394085 0.33358305392080845
9 307.0 0.0 -1.0 -1.0 -1.0 0.0 0.30399689424550064 0.3157597992461073 0.38024330650839205
9 308.0 0.0 -1.0 -1.0 -1.0 0.0 0.309150360722397 0.3407017310159635 0.3501479082616394
9 309.0 0.0 -1.0 -1.0 -1.0 0.0 0.3098751736545787 0.34177194962525553 0.3483528767201656
9 310.0 0.0 -1.0 -1.0 -1.0 0.0 0.32052041434992523 0.3476031248744378 0.33187646077563704
9 311.0 0.0 -1.0 -1.0 -1.0 0.0 0.31434792505836695 0.2980164045467697 0.3876356703948634
9 312.0 0.0 -1.0 -1.0 -1.0 0.0 0.3443947755334176 0.31600587991056883 0.3395993445560137
9 313.0 0.0 -1.0 -1.0 -1.0 0.0 0.3140824086116332 0.32617813522905315 0.35973945615931363
9 314.0 0.0 -1.0 -1.0 -1.0 0.0 0.351186355617597 0.3034017082655416 0.34541193611686155
9 315.0 0.0 -1.0 -1.0 -1.0 0.0 0.33187717799720756 0.30774272884663195 0.36038009315616015
9 316.0 0.0 -1.0 -1.0 -1.0 0.0 0.350467741583884 0.30570860036762365 0.3438236580484921
9 317.0 0.0 -1.0 -1.0 -1.0 0.0 0.35778604240821116 0.3285083348608879 0.313705622730901
9 318.0 0.0 -1.0 -1.0 -1.0 0.0 0.3477826727482677 0.3155381404211536 0.33667918683057885
9 319.0 0.0 -1.0 -1.0 -1.0 0.0 0.3407893920147953 0.32073289612809475 0.3384777118571099
9 320.0 0.0 -1.0 -1.0 -1.0 0.0 0.33437047369831363 0.33456449146028233 0.3310650348414041
9 321.0 0.0 -1.0 -1.0 -1.0 0.0 0.33292905389922717 0.32758932375008426 0.3394816223506888
9 322.0 0.0 -1.0 -1.0 -1.0 0.0 0.3158096843577588 0.32147462092858164 0.36271569471365944
9 323.0 0.0 -1.0 -1.0 -1.0 0.0 0.32826253664843813 0.332727415590798 0.33901004776076404
9 324.0 0.0 -1.0 -1.0 -1.0 0.0 0.3185783129180752 0.3441803937130619 0.337241293368863
9 325.0 0.0 -1.0 -1.0 -1.0 0.0 0.33407471754984114 0.3243773606387774 0.34154792181138144
9 326.0 0.0 -1.0 -1.0 -1.0 0.0 0.3518385669522956 0.33001812302794276 0.31814331001976165
9 327.0 0.0 -1.0 -1.0 -1.0 0.0 0.30503541416705243 0.33685561668107744 0.35810896915187024
9 328.0 0.0 -1.0 -1.0 -1.0 0.0 0.3083279589650274 0.35197545910827016 0.33969658192670255
9 329.0 0.0 -1.0 -1.0 -1.0 0.0 0.3173982389601877 0.3507248386604448 0.3318769223793675
9 330.0 0.0 -1.0 -1.0 -1.0 0.0 0.31148620609178157 0.3580665052075202 0.33044728870069845
9 331.0 0.0 -1.0 -1.0 -1.0 0.0 0.32934054516768974 0.34734554235284665 0.3233139124794636
9 332.0 0.0 -1.0 -1.0 -1.0 0.0 0.3290670702830091 0.36230470289692007 0.3086282268200711
9 333.0 0.0 -1.0 -1.0 -1.0 0.0 0.34571356769759354 0.35622040453485354 0.298066027767553
9 334.0 0.0 -1.0 -1.0 -1.0 0.0 0.3278621261896728 0.35657387122061235 0.31556400258971484
9 335.0 0.0 -1.0 -1.0 -1.0 0.0 0.30928718922971715 0.34892951359502883 0.34178329717525385
9 336.0 0.0 -1.0 -1.0 -1.0 0.0 0.3117359657461298 0.34996603223397793 0.33829800201989235
9 337.0 0.0 -1.0 -1.0 -1.0 0.0 0.3190837506769867 0.35652382955478035 0.324392419768233
9 338.0 0.0 -1.0 -1.0 -1.0 0.0 0.33301553834747916 0.3331405201171179 0.33384394153540314
9 339.0 0.0 -1.0 -1.0 -1.0 0.0 0.3113936469581542 0.3604730412551781 0.328133311786668
9 340.0 0.0 -1.0 -1.0 -1.0 0.0 0.31644367536858775 0.34722259924471155 0.33633372538670087
9 341.0 0.0 -1.0 -1.0 -1.0 0.0 0.30593383135727054 0.35632114537152193 0.3377450232712076
9 342.0 0.0 -1.0 -1.0 -1.0 0.0 0.31233798746050334 0.3888881036682783 0.29877390887121835
9 343.0 0.0 -1.0 -1.0 -1.0 0.0 0.3358937365096374 0.36581791432924016 0.2982883491611224
9 344.0 0.0 -1.0 -1.0 -1.0 0.0 0.35701834461661686 0.3464614221056268 0.2965202332777563
9 345.0 0.0 -1.0 -1.0 -1.0 0.0 0.35602525856816464 0.33119172249077766 0.3127830189410577
9 346.0 0.0 -1.0 -1.0 -1.0 0.0 0.3635347440890523 0.3631178022049529 0.2733474537059942
9 347.0 0.0 -1.0 -1.0 -1.0 0.0 0.35014009356380527 0.3605703031124404 0.28928960332375425
9 348.0 0.0 -1.0 -1.0 -1.0 0.0 0.33214376949488006 0.36136204389559945 0.3064941866095207
9 349.0 0.0 -1.0 -1.0 -1.0 0.0 0.3215542733172091 0.3656146186550602 0.31283110802773084
9 350.0 0.0 -1.0 -1.0 -1.0 0.0 0.3342244051254461 0.3452526012703336 0.3205229936042203
9 351.0 0.0 -1.0 -1.0 -1.0 0.0 0.3444358293506803 0.3360275043508574 0.31953666629846245
9 352.0 0.0 -1.0 -1.0 -1.0 0.0 0.3631617237070229 0.3307720239739818 0.3060662523189953
9 353.0 0.0 -1.0 -1.0 -1.0 0.0 0.3690966821012659 0.33024006195240946 0.3006632559463246
9 354.0 0.0 -1.0 -1.0 -1.0 0.0 0.40654459137083615 0.29627458183803435 0.29718082679112945
9 355.0 0.0 -1.0 -1.0 -1.0 0.0 0.3621512605977309 0.3058178594265858 0.3320308799756832
9 356.0 0.0 -1.0 -1.0 -1.0 0.0 0.3386736439294814 0.31978493065777236 0.3415414254127464
9 357.0 0.0 -1.0 -1.0 -1.0 0.0 0.35587250146658334 0.32518625680409463 0.3189412417293221
9 358.0 0.0 -1.0 -1.0 -1.0 0.0 0.3657670431524854 0.30557418505908074 0.3286587717884338
9 359.0 0.0 -1.0 -1.0 -1.0 0.0 0.349820968454869 0.3292433613818082 0.32093567016332286
9 360.0 0.0 -1.0 -1.0 -1.0 0.0 0.33226131198731873 0.3340254980353036 0.3337131899773776
9 361.0 0.0 -1.0 -1.0 -1.0 0.0 0.31865958756492246 0.33661884574569007 0.34472156668938736
9 362.0 0.0 -1.0 -1.0 -1.0 0.0 0.3192393156589673 0.3408087937658746 0.33995189057515807
9 363.0 0.0 -1.0 -1.0 -1.0 0.0 0.3132795790592883 0.3610661706059341 0.32565425033477746
9 364.0 0.0 -1.0 -1.0 -1.0 0.0 0.3354766157728178 0.3146481530772835 0.3498752311498986
9 365.0 0.0 -1.0 -1.0 -1.0 0.0 0.3279089301073341 0.3463228280513014 0.32576824184136444
9 366.0 0.0 -1.0 -1.0 -1.0 0.0 0.3322157934006374 0.3337356866076646 0.33404851999169805
9 367.0 0.0 -1.0 -1.0 -1.0 0.0 0.35489555685413005 0.32633486663433187 0.31876957651153787
9 368.0 0.0 -1.0 -1.0 -1.0 0.0 0.34253639944835884 0.31735735020705247 0.34010625034458847
9 369.0 0.0 -1.0 -1.0 -1.0 0.0 0.3402652645308748 0.32698897668027543 0.3327457587888501
9 370.0 0.0 -1.0 -1.0 -1.0 0.0 0.3286596670142526 0.3328702301422312 0.33847010284351625
9 371.0 0.0 -1.0 -1.0 -1.0 0.0 0.33315328091556556 0.3666653803536577 0.30018133873077674
9 372.0 0.0 -1.0 -1.0 -1.0 0.0 0.32681446154960725 0.3412356590177098 0.3319498794326827
9 373.0 0.0 -1.0 -1.0 -1.0 0.0 0.3189621413154993 0.3471472093884841 0.3338906492960166
9 374.0 0.0 -1.0 -1.0 -1.0 0.0 0.31209981901230277 0.3395444870636189 0.34835569392407806
9 375.0 0.0 -1.0 -1.0 -1.0 0.0 0.3347444779641144 0.33558566301425274 0.32966985902163287
9 376.0 0.0 -1.0 -1.0 -1.0 0.0 0.345761241722648 0.3540409534803719 0.30019780479698005
9 377.0 0.0 -1.0 -1.0 -1.0 0.0 0.3347153701360384 0.3684192029699549 0.2968654268940067
9 378.0 0.0 -1.0 -1.0 -1.0 0.0 0.31121482461966504 0.3803553928169581 0.3084297825633771
9 379.0 0.0 -1.0 -1.0 -1.0 0.0 0.3046504734347144 0.37554444392514286 0.31980508264014323
9 380.0 0.0 -1.0 -1.0 -1.0 0.0 0.3291617115823145 0.351761518401964 0.3190767700157214
9 381.0 0.0 -1.0 -1.0 -1.0 0.0 0.34344888994862294 0.35306933398405266 0.3034817760673244
9 382.0 0.0 -1.0 -1.0 -1.0 0.0 0.330913084455647 0.34687313753482163 0.32221377800953127
9 383.0 0.0 -1.0 -1.0 -1.0 0.0 0.3465655255946164 0.31727679715999835 0.33615767724538537
9 384.0 0.0 -1.0 -1.0 -1.0 0.0 0.34621585156992646 0.3230636335704201 0.33072051485965337
9 385.0 0.0 -1.0 -1.0 -1.0 0.0 0.35803328484793134 0.31778297438642705 0.3241837407656418
9 386.0 0.0 -1.0 -1.0 -1.0 0.0 0.3214658706962521 0.3214455649698498 0.3570885643338981
9 387.0 0.0 -1.0 -1.0 -1.0 0.0 0.3529199666760842 0.289239702671146 0.35784033065276993
9 388.0 0.0 -1.0 -1.0 -1.0 0.0 0.33999512414837674 0.3020778622655972 0.35792701358602586
9 389.0 0.0 -1.0 -1.0 -1.0 0.0 0.3564164741976638 0.3083015278771147 0.33528199792522156
9 390.0 0.0 -1.0 -1.0 -1.0 0.0 0.36255842164158864 0.3193595461429379 0.3180820322154735
9 391.0 0.0 -1.0 -1.0 -1.0 0.0 0.3529751518674588 0.32890568040678153 0.3181191677257596
9 392.0 0.0 -1.0 -1.0 -1.0 0.0 0.34735715966075864 0.3665740684170297 0.28606877192221175
9 393.0 0.0 -1.0 -1.0 -1.0 0.0 0.3384291234108017 0.37916735957441333 0.2824035170147847
9 394.0 0.0 -1.0 -1.0 -1.0 0.0 0.3304003591465648 0.38683413361212315 0.28276550724131216
9 395.0 0.0 -1.0 -1.0 -1.0 0.0 0.34651616706377597 0.3817074912000847 0.2717763417361396
9 396.0 0.0 -1.0 -1.0 -1.0 0.0 0.35919927739671015 0.381627554716264 0.25917316788702593
9 397.0 0.0 -1.0 -1.0 -1.0 0.0 0.38005197287165665 0.3443642767620611 0.2755837503662824
9 398.0 0.0 -1.0 -1.0 -1.0 0.0 0.347279119691315 0.31817791824098707 0.3345429620676979
9 399.0 0.0 -1.0 -1.0 -1.0 0.0 0.33168054934663255 0.33306853957675087 0.33525091107661675
9 400.0 0.0 -1.0 -1.0 -1.0 0.0 0.34574605835994254 0.31578369725496147 0.33847024438509604
9 401.0 0.0 -1.0 -1.0 -1.0 0.0 0.35229204893225874 0.30674787259425856 0.3409600784734826
9 402.0 0.0 -1.0 -1.0 -1.0 0.0 0.3358138547206068 0.33529471619876444 0.3288914290806288
9 403.0 0.0 -1.0 -1.0 -1.0 0.0 0.35265491338012595 0.33162231247279417 0.31572277414708
9 404.0 0.0 -1.0 -1.0 -1.0 0.0 0.34191426884737325 0.349659169312674 0.3084265618399528
9 405.0 0.0 -1.0 -1.0 -1.0 0.0 0.34397718450568454 0.35363274540603773 0.30239007008827773
9 406.0 0.0 -1.0 -1.0 -1.0 0.0 0.36392330608876 0.3380651339741014 0.2980115599371388
9 407.0 0.0 -1.0 -1.0 -1.0 0.0 0.33725708956223793 0.3466061086426382 0.31613680179512393
9 408.0 0.0 -1.0 -1.0 -1.0 0.0 0.3301855458923289 0.34521341494183366 0.3246010391658377
9 409.0 0.0 -1.0 -1.0 -1.0 0.0 0.3319674031157806 0.34910385911341923 0.31892873777079994
9 410.0 0.0 -1.0 -1.0 -1.0 0.0 0.31731859617497893 0.346156427207338 0.3365249766176831
9 411.0 0.0 -1.0 -1.0 -1.0 0.0 0.3165704569434471 0.33137196936537267 0.35205757369118046
9 412.0 0.0 -1.0 -1.0 -1.0 0.0 0.3232571818159402 0.3373738090683267 0.3393690091157333
9 413.0 0.0 -1.0 -1.0 -1.0 0.0 0.29679068412035714 0.35572524535172806 0.3474840705279147
9 414.0 0.0 -1.0 -1.0 -1.0 0.0 0.3157361004565323 0.34159613378639236 0.3426677657570753
9 415.0 0.0 -1.0 -1.0 -1.0 0.0 0.31595138113591725 0.3740767691781612 0.3099718496859214
9 416.0 0.0 -1.0 -1.0 -1.0 0.0 0.3320333859902114 0.3491661243149254 0.31880048969486324
9 417.0 0.0 -1.0 -1.0 -1.0 0.0 0.32883474564362125 0.3625259383642139 0.3086393159921649
9 418.0 0.0 -1.0 -1.0 -1.0 0.0 0.3347402802456607 0.3738189196932835 0.291440800061056
9 419.0 0.0 -1.0 -1.0 -1.0 0.0 0.3312799845722715 0.37518030959637905 0.29353970583134936
9 420.0 0.0 -1.0 -1.0 -1.0 0.0 0.31978051568840865 0.3541935486656016 0.32602593564598953
9 421.0 0.0 -1.0 -1.0 -1.0 0.0 0.3336227573221472 0.33966148357972686 0.32671575909812595
9 422.0 0.0 -1.0 -1.0 -1.0 0.0 0.35404047362930463 0.329643088965544 0.31631643740515153
9 423.0 0.0 -1.0 -1.0 -1.0 0.0 0.3424891154949796 0.31244309279537835 0.345067791709642
9 424.0 0.0 -1.0 -1.0 -1.0 0.0 0.3609737611292922 0.26949371650196186 0.36953252236874595
9 425.0 0.0 -1.0 -1.0 -1.0 0.0 0.3633801332791267 0.2740795317355211 0.3625403349853521
9 426.0 0.0 -1.0 -1.0 -1.0 0.0 0.356384330036453 0.30447520656947824 0.33914046339406895
9 427.0 0.0 -1.0 -1.0 -1.0 0.0 0.35077317736231933 0.30924456330760336 0.3399822593300773
9 428.0 0.0 -1.0 -1.0 -1.0 0.0 0.33222200342970326 0.3480825213078312 0.31969547526246533
9 429.0 0.0 -1.0 -1.0 -1.0 0.0 0.36101452835970244 0.33632388249098477 0.3026615891493128
9 430.0 0.0 -1.0 -1.0 -1.0 0.0 0.36789378447524934 0.31248451693383994 0.31962169859091083
9 431.0 0.0 -1.0 -1.0 -1.0 0.0 0.3509321095329703 0.31906896523965733 0.32999892522737206
9 432.0 0.0 -1.0 -1.0 -1.0 0.0 0.34882680169506003 0.3214221352782025 0.32975106302673746
9 433.0 0.0 -1.0 -1.0 -1.0 0.0 0.3681909643069612 0.30892726646641533 0.32288176922662354
9 434.0 0.0 -1.0 -1.0 -1.0 0.0 0.3891067822166352 0.28036838673794195 0.33052483104542285
9 435.0 0.0 -1.0 -1.0 -1.0 0.0 0.36588674041843544 0.2722103418488919 0.3619029177326729
9 436.0 0.0 -1.0 -1.0 -1.0 0.0 0.37069974826989843 0.282339136495935 0.34696111523416634
9 437.0 0.0 -1.0 -1.0 -1.0 0.0 0.354156232537103 0.2991551095168949 0.3466886579460022
9 438.0 0.0 -1.0 -1.0 -1.0 0.0 0.3442970008339785 0.32668370519472567 0.3290192939712957
9 439.0 0.0 -1.0 -1.0 -1.0 0.0 0.35923792807318117 0.32138590647905974 0.3193761654477592
9 440.0 0.0 -1.0 -1.0 -1.0 0.0 0.34634578901554475 0.31341317009794895 0.3402410408865063
9 441.0 0.0 -1.0 -1.0 -1.0 0.0 0.3375598884415152 0.31037655708680867 0.352063554471676
9 442.0 0.0 -1.0 -1.0 -1.0 0.0 0.3253519512175768 0.3272273704444651 0.34742067833795814
9 443.0 0.0 -1.0 -1.0 -1.0 0.0 0.3348385756210023 0.3165512986345808 0.34861012574441674
9 444.0 0.0 -1.0 -1.0 -1.0 0.0 0.33214408246711924 0.3302742098890723 0.3375817076438085
9 445.0 0.0 -1.0 -1.0 -1.0 0.0 0.31691642008770443 0.33402375296685805 0.3490598269454376
9 446.0 0.0 -1.0 -1.0 -1.0 0.0 0.3233571048188675 0.3274014449122166 0.34924145026891595
9 447.0 0.0 -1.0 -1.0 -1.0 0.0 0.3097708679098062 0.310827405643966 0.3794017264462277
9 448.0 0.0 -1.0 -1.0 -1.0 0.0 0.3157407047139759 0.32572313508702694 0.3585361601989972
9 449.0 0.0 -1.0 -1.0 -1.0 0.0 0.3203354279446862 0.30239799654628546 0.3772665755090284
9 450.0 0.0 -1.0 -1.0 -1.0 0.0 0.3258093356600895 0.3049949263203495 0.36919573801956107
9 451.0 0.0 -1.0 -1.0 -1.0 0.0 0.3368722051743261 0.3032429324709577 0.35988486235471595
9 452.0 0.0 -1.0 -1.0 -1.0 0.0 0.3420266606109012 0.3033852129909256 0.35458812639817355
9 453.0 0.0 -1.0 -1.0 -1.0 0.0 0.32900975256216186 0.3116271291038959 0.3593631183339424
9 454.0 0.0 -1.0 -1.0 -1.0 0.0 0.31940552988200765 0.36099709315070105 0.3195973769672913
9 455.0 0.0 -1.0 -1.0 -1.0 0.0 0.3087733763875671 0.35775524618917687 0.333471377423256
9 456.0 0.0 -1.0 -1.0 -1.0 0.0 0.3299964445244552 0.33738514029472655 0.33261841518081847
9 457.0 0.0 -1.0 -1.0 -1.0 0.0 0.32559132496560717 0.35129209698103836 0.3231165780533546
9 458.0 0.0 -1.0 -1.0 -1.0 0.0 0.3475146214948848 0.34059702157157545 0.31188835693353956
9 459.0 0.0 -1.0 -1.0 -1.0 0.0 0.3515173922092035 0.32543375881282743 0.323048848977969
9 460.0 0.0 -1.0 -1.0 -1.0 0.0 0.31446476111253646 0.33663282433987407 0.3489024145475893
9 461.0 0.0 -1.0 -1.0 -1.0 0.0 0.3340521175676415 0.323872268186578 0.34207561424578053
9 462.0 0.0 -1.0 -1.0 -1.0 0.0 0.357709588861945 0.3086038538518354 0.33368655728621954
9 463.0 0.0 -1.0 -1.0 -1.0 0.0 0.3511506623170242 0.3078962753007739 0.3409530623822017
9 464.0 0.0 -1.0 -1.0 -1.0 0.0 0.3773712937706369 0.3029690358262138 0.31965967040314947
9 465.0 0.0 -1.0 -1.0 -1.0 0.0 0.3863552841711724 0.3210072058539985 0.2926375099748294
9 466.0 0.0 -1.0 -1.0 -1.0 0.0 0.331590040658077 0.34887114451341267 0.3195388148285102
9 467.0 0.0 -1.0 -1.0 -1.0 0.0 0.3434906491565245 0.337503590877985 0.3190057599654905
9 468.0 0.0 -1.0 -1.0 -1.0 0.0 0.34720814656727045 0.30539893807796525 0.34739291535476435
9 469.0 0.0 -1.0 -1.0 -1.0 0.0 0.34194251289293087 0.30731212116855167 0.35074536593851735
9 470.0 0.0 -1.0 -1.0 -1.0 0.0 0.33274220421083706 0.3179242358979768 0.3493335598911858
9 471.0 0.0 -1.0 -1.0 -1.0 0.0 0.3160957907853035 0.34188047438538377 0.3420237348293127
9 472.0 0.0 -1.0 -1.0 -1.0 0.0 0.3168025465912531 0.3414055056966535 0.34179194771209365
9 473.0 0.0 -1.0 -1.0 -1.0 0.0 0.31934201197001166 0.32408303074852113 0.3565749572814672
9 474.0 0.0 -1.0 -1.0 -1.0 0.0 0.3209960277971151 0.3135035093935821 0.36550046280930265
9 475.0 0.0 -1.0 -1.0 -1.0 0.0 0.3197310035841523 0.3063737020028338 0.37389529441301406
9 476.0 0.0 -1.0 -1.0 -1.0 0.0 0.3352621635121937 0.3031121270279096 0.36162570945989697
9 477.0 0.0 -1.0 -1.0 -1.0 0.0 0.32233962512350856 0.30089294770568076 0.3767674271708107
9 478.0 0.0 -1.0 -1.0 -1.0 0.0 0.3312708695760971 0.3235793175986077 0.34514981282529517
9 479.0 0.0 -1.0 -1.0 -1.0 0.0 0.33849400559436427 0.2891151377521488 0.37239085665348687
9 480.0 0.0 -1.0 -1.0 -1.0 0.0 0.30722926626340585 0.32894677549829693 0.36382395823829733
9 481.0 0.0 -1.0 -1.0 -1.0 0.0 0.2981970211312877 0.31708696339911846 0.3847160154695936
9 482.0 0.0 -1.0 -1.0 -1.0 0.0 0.32434690791237136 0.3337915100421053 0.3418615820455234
9 483.0 0.0 -1.0 -1.0 -1.0 0.0 0.31933280763250205 0.33540332713815113 0.3452638652293467
9 484.0 0.0 -1.0 -1.0 -1.0 0.0 0.32502291472382283 0.33000777039621093 0.3449693148799662
9 485.0 0.0 -1.0 -1.0 -1.0 0.0 0.3062262402723582 0.33895258638859516 0.3548211733390466
9 486.0 0.0 -1.0 -1.0 -1.0 0.0 0.3082285364560081 0.3311929936748402 0.3605784698691519
9 487.0 0.0 -1.0 -1.0 -1.0 0.0 0.3018181508805005 0.3503857380025537 0.3477961111169458
9 488.0 0.0 -1.0 -1.0 -1.0 0.0 0.2983401070973899 0.3538489064083807 0.3478109864942294
9 489.0 0.0 -1.0 -1.0 -1.0 0.0 0.2961959329485205 0.3605367896166251 0.3432672774348544
9 490.0 0.0 -1.0 -1.0 -1.0 0.0 0.3000231963840505 0.3511057169875407 0.3488710866284088
9 491.0 0.0 -1.0 -1.0 -1.0 0.0 0.300364773765823 0.35034356397630456 0.3492916622578726
9 492.0 0.0 -1.0 -1.0 -1.0 0.0 0.2680790566812164 0.37703744011596185 0.3548835032028216
9 493.0 0.0 -1.0 -1.0 -1.0 0.0 0.27970274327015415 0.3514161834959355 0.36888107323391056
9 494.0 0.0 -1.0 -1.0 -1.0 0.0 0.28900808897091135 0.33284376941008886 0.3781481416189999
9 495.0 0.0 -1.0 -1.0 -1.0 0.0 0.30874079512939273 0.32699394882256655 0.3642652560480406
9 496.0 0.0 -1.0 -1.0 -1.0 0.0 0.32119060466439836 0.32708387816066925 0.3517255171749326
9 497.0 0.0 -1.0 -1.0 -1.0 0.0 0.3362183044466257 0.3097114811908216 0.35407021436255287
9 498.0 0.0 -1.0 -1.0 -1.0 0.0 0.33636229723160105 0.32315627329302665 0.34048142947537235
9 499.0 0.0 -1.0 -1.0 -1.0 0.0 0.3197463063019552 0.32223201417522257 0.35802167952282204
9 500.0 0.0 -1.0 -1.0 -1.0 0.0 0.3273255505667624 0.33508074195421955 0.33759370747901796
9 501.0 0.0 -1.0 -1.0 -1.0 0.0 0.3293410170813232 0.32933942252113324 0.3413195603975433
9 502.0 0.0 -1.0 -1.0 -1.0 0.0 0.2979851641937649 0.36355850089925956 0.33845633490697524
9 503.0 0.0 -1.0 -1.0 -1.0 0.0 0.32261948612236907 0.34303899872367255 0.3343415151539586
9 504.0 0.0 -1.0 -1.0 -1.0 0.0 0.32504133615362696 0.3309220883147941 0.34403657553157885
9 505.0 0.0 -1.0 -1.0 -1.0 0.0 0.36155179120209413 0.31872699009197 0.319721218705936
9 506.0 0.0 -1.0 -1.0 -1.0 0.0 0.34972162232994136 0.3325106597941074 0.31776771787595104
9 507.0 0.0 -1.0 -1.0 -1.0 0.0 0.3361925598209878 0.3409699077946954 0.32283753238431684
9 508.0 0.0 -1.0 -1.0 -1.0 0.0 0.32366436472653176 0.3389421500634554 0.3373934852100131
9 509.0 0.0 -1.0 -1.0 -1.0 0.0 0.31935204561741815 0.31010571071489923 0.3705422436676825
9 510.0 0.0 -1.0 -1.0 -1.0 0.0 0.3206723368895574 0.3577612013228887 0.32156646178755416
9 511.0 0.0 -1.0 -1.0 -1.0 0.0 0.30864850409048133 0.3569015599901357 0.33444993591938305
9 512.0 0.0 -1.0 -1.0 -1.0 0.0 0.3136876179347314 0.3637091868315048 0.3226031952337636
9 513.0 0.0 -1.0 -1.0 -1.0 0.0 0.3374786515661783 0.3564371378689875 0.30608421056483415
9 514.0 0.0 -1.0 -1.0 -1.0 0.0 0.33381532104555367 0.3578955880824688 0.30828909087197726
9 515.0 0.0 -1.0 -1.0 -1.0 0.0 0.3183583700071082 0.3414815630099923 0.34016006698289963
9 516.0 0.0 -1.0 -1.0 -1.0 0.0 0.32558925530114896 0.3294923727077307 0.34491837199111997
9 517.0 0.0 -1.0 -1.0 -1.0 0.0 0.31321484375063796 0.3121021876072882 0.37468296864207395
9 518.0 0.0 -1.0 -1.0 -1.0 0.0 0.34474304492535474 0.3290305083046646 0.3262264467699804
9 519.0 0.0 -1.0 -1.0 -1.0 0.0 0.323454629958178 0.32259174392181633 0.35395362612000575
9 520.0 0.0 -1.0 -1.0 -1.0 0.0 0.3227467960095795 0.3443503619918777 0.33290284199854253
9 521.0 0.0 -1.0 -1.0 -1.0 0.0 0.3311662220891168 0.3340081335053294 0.33482564440555385
9 522.0 0.0 -1.0 -1.0 -1.0 0.0 0.35151013576458773 0.3210792668026198 0.32741059743279244
9 523.0 0.0 -1.0 -1.0 -1.0 0.0 0.32995380501303695 0.33016571641079706 0.33988047857616627
9 524.0 0.0 -1.0 -1.0 -1.0 0.0 0.35338850464210564 0.3459612604631292 0.3006502348947651
9 525.0 0.0 -1.0 -1.0 -1.0 0.0 0.3535136562843651 0.3102466260730497 0.3362397176425852
9 526.0 0.0 -1.0 -1.0 -1.0 0.0 0.3295931717145252 0.3011110428036597 0.3692957854818149
9 527.0 0.0 -1.0 -1.0 -1.0 0.0 0.3311552809694981 0.29217436658213153 0.3766703524483704
9 528.0 0.0 -1.0 -1.0 -1.0 0.0 0.3250114162608886 0.29111079431792297 0.38387778942118844
9 529.0 0.0 -1.0 -1.0 -1.0 0.0 0.314326325982626 0.3044752940916616 0.38119837992571254
9 530.0 0.0 -1.0 -1.0 -1.0 0.0 0.3345299175448445 0.29218402258522486 0.3732860598699309
9 531.0 0.0 -1.0 -1.0 -1.0 0.0 0.3522666416784188 0.3017434082996337 0.34598995002194743
9 532.0 0.0 -1.0 -1.0 -1.0 0.0 0.3440953029806695 0.3142384965766664 0.34166620044266416
9 533.0 0.0 -1.0 -1.0 -1.0 0.0 0.3567849021889535 0.32473343744852895 0.31848166036251746
9 534.0 0.0 -1.0 -1.0 -1.0 0.0 0.3534821704097402 0.34008923793511586 0.30642859165514397
9 535.0 0.0 -1.0 -1.0 -1.0 0.0 0.3737467125871252 0.34784545732724853 0.2784078300856264
9 536.0 0.0 -1.0 -1.0 -1.0 0.0 0.36274524602529234 0.3616387013323043 0.2756160526424034
9 537.0 0.0 -1.0 -1.0 -1.0 0.0 0.3422674484288057 0.3680513426812349 0.2896812088899596
9 538.0 0.0 -1.0 -1.0 -1.0 0.0 0.3504024071554908 0.36155178936843235 0.28804580347607667
9 539.0 0.0 -1.0 -1.0 -1.0 0.0 0.3619865751490047 0.3564247188370391 0.2815887060139563
9 540.0 0.0 -1.0 -1.0 -1.0 0.0 0.3761615448908335 0.3597061627498296 0.26413229235933694
9 541.0 0.0 -1.0 -1.0 -1.0 0.0 0.35760572317176753 0.3496045841452321 0.29278969268300076
9 542.0 0.0 -1.0 -1.0 -1.0 0.0 0.3527919215549485 0.33846452369962665 0.308743554745425
9 543.0 0.0 -1.0 -1.0 -1.0 0.0 0.3685791367353173 0.31631022697173283 0.31511063629295
9 544.0 0.0 -1.0 -1.0 -1.0 0.0 0.3521059293984022 0.30780832175490863 0.3400857488466893
9 545.0 0.0 -1.0 -1.0 -1.0 0.0 0.38244499066937493 0.31358477242227273 0.30397023690835245
9 546.0 0.0 -1.0 -1.0 -1.0 0.0 0.367050484288674 0.3138872384567803 0.31906227725454595
9 547.0 0.0 -1.0 -1.0 -1.0 0.0 0.36923088428080963 0.3086262517910113 0.32214286392817904
9 548.0 0.0 -1.0 -1.0 -1.0 0.0 0.3273589096008859 0.3604431583227785 0.31219793207633545
9 549.0 0.0 -1.0 -1.0 -1.0 0.0 0.3312662844951476 0.3700587131158993 0.29867500238895317
9 550.0 0.0 -1.0 -1.0 -1.0 0.0 0.3558522819149513 0.32489712421906947 0.31925059386597926
9 551.0 0.0 -1.0 -1.0 -1.0 0.0 0.36979703427004973 0.30009938102271194 0.33010358470723844
9 552.0 0.0 -1.0 -1.0 -1.0 0.0 0.3569570685530411 0.3093230209864273 0.3337199104605316
9 553.0 0.0 -1.0 -1.0 -1.0 0.0 0.3701526298398348 0.3255434856113187 0.30430388454884655
9 554.0 0.0 -1.0 -1.0 -1.0 0.0 0.3752631361063755 0.3221234674422855 0.30261339645133917
9 555.0 0.0 -1.0 -1.0 -1.0 0.0 0.36312250163443044 0.3227935426880329 0.3140839556775364
9 556.0 0.0 -1.0 -1.0 -1.0 0.0 0.3490857612658997 0.3330016579876219 0.31791258074647843
9 557.0 0.0 -1.0 -1.0 -1.0 0.0 0.33948915007700237 0.3550384514755928 0.30547239844740476
9 558.0 0.0 -1.0 -1.0 -1.0 0.0 0.3505956427569348 0.3616467580970352 0.28775759914603016
9 559.0 0.0 -1.0 -1.0 -1.0 0.0 0.3580372448806297 0.377800160837522 0.26416259428184846
9 560.0 0.0 -1.0 -1.0 -1.0 0.0 0.33974979882958833 0.38188567935214995 0.2783645218182618
9 561.0 0.0 -1.0 -1.0 -1.0 0.0 0.3024385427758859 0.40329613767533457 0.29426531954877944
9 562.0 0.0 -1.0 -1.0 -1.0 0.0 0.32866512221282534 0.37399713280065994 0.2973377449865142
9 563.0 0.0 -1.0 -1.0 -1.0 0.0 0.344193584834904 0.3312606660338141 0.3245457491312818
9 564.0 0.0 -1.0 -1.0 -1.0 0.0 0.3246749564066528 0.34717876073246123 0.3281462828608862
9 565.0 0.0 -1.0 -1.0 -1.0 0.0 0.31322327408815126 0.3488546388316733 0.33792208708017574
9 566.0 0.0 -1.0 -1.0 -1.0 0.0 0.3102703975246132 0.35621869316635374 0.33351090930903304
9 567.0 0.0 -1.0 -1.0 -1.0 0.0 0.29962547337707657 0.3704451138868848 0.3299294127360386
9 568.0 0.0 -1.0 -1.0 -1.0 0.0 0.30285735368408806 0.37726901694807813 0.3198736293678339
9 569.0 0.0 -1.0 -1.0 -1.0 0.0 0.32215409098959014 0.35876377050887676 0.31908213850153283
9 570.0 0.0 -1.0 -1.0 -1.0 0.0 0.31715280856185313 0.3592981242864049 0.32354906715174186
9 571.0 0.0 -1.0 -1.0 -1.0 0.0 0.31247385345857626 0.3365195868231017 0.35100655971832206
9 572.0 0.0 -1.0 -1.0 -1.0 0.0 0.313639007543291 0.3529866686572487 0.3333743237994603
9 573.0 0.0 -1.0 -1.0 -1.0 0.0 0.3069851047843384 0.3543813653510998 0.3386335298645615
9 574.0 0.0 -1.0 -1.0 -1.0 0.0 0.30549415173491495 0.36697888237617193 0.3275269658889133
9 575.0 0.0 -1.0 -1.0 -1.0 0.0 0.29426538539440994 0.3842333806747585 0.3215012339308316
9 576.0 0.0 -1.0 -1.0 -1.0 0.0 0.30513398266081826 0.3737082300389393 0.3211577873002423
9 577.0 0.0 -1.0 -1.0 -1.0 0.0 0.3062007933197084 0.3739456333370444 0.31985357334324727
9 578.0 0.0 -1.0 -1.0 -1.0 0.0 0.29689625346723214 0.39272552831310514 0.3103782182196626
9 579.0 0.0 -1.0 -1.0 -1.0 0.0 0.3079427784926436 0.3765967475114868 0.3154604739958696
9 580.0 0.0 -1.0 -1.0 -1.0 0.0 0.2791832826623838 0.3882500241420781 0.332566693195538
9 581.0 0.0 -1.0 -1.0 -1.0 0.0 0.2878202080424709 0.37991155678801874 0.3322682351695105
9 582.0 0.0 -1.0 -1.0 -1.0 0.0 0.30484922953075494 0.33532484363359033 0.35982592683565456
9 583.0 0.0 -1.0 -1.0 -1.0 0.0 0.2982384186028264 0.32800909913677745 0.37375248226039604
9 584.0 0.0 -1.0 -1.0 -1.0 0.0 0.3056635503216363 0.35520822912726246 0.3391282205511012
9 585.0 0.0 -1.0 -1.0 -1.0 0.0 0.3238742946720923 0.3222999857569552 0.3538257195709524
9 586.0 0.0 -1.0 -1.0 -1.0 0.0 0.3321782585713542 0.32179426929967997 0.3460274721289658
9 587.0 0.0 -1.0 -1.0 -1.0 0.0 0.30923863306393395 0.3270820227561007 0.3636793441799655
9 588.0 0.0 -1.0 -1.0 -1.0 0.0 0.31154975201331253 0.34114241146115 0.3473078365255374
9 589.0 0.0 -1.0 -1.0 -1.0 0.0 0.2980860209281858 0.35645419954904617 0.3454597795227679
9 590.0 0.0 -1.0 -1.0 -1.0 0.0 0.3467649607242587 0.3375027087174021 0.3157323305583391
9 591.0 0.0 -1.0 -1.0 -1.0 0.0 0.37103140813956337 0.330928982343649 0.2980396095167875
9 592.0 0.0 -1.0 -1.0 -1.0 0.0 0.3851226466678572 0.325902062784839 0.2889752905473035
9 593.0 0.0 -1.0 -1.0 -1.0 0.0 0.389365558984643 0.3141469499647168 0.29648749105064026
9 594.0 0.0 -1.0 -1.0 -1.0 0.0 0.39822800950859083 0.30362104656930805 0.2981509439221013
9 595.0 0.0 -1.0 -1.0 -1.0 0.0 0.3884605789682669 0.3024959136237941 0.3090435074079389
9 596.0 0.0 -1.0 -1.0 -1.0 0.0 0.37059867478513425 0.3347963828241081 0.2946049423907574
9 597.0 0.0 -1.0 -1.0 -1.0 0.0 0.3679420416078218 0.3238061706125909 0.3082517877795872
9 598.0 0.0 -1.0 -1.0 -1.0 0.0 0.337335187619086 0.3251759195776417 0.3374888928032725
9 599.0 0.0 -1.0 -1.0 -1.0 0.0 0.35093753030309416 0.34135763508067235 0.30770483461623327
9 600.0 0.0 -1.0 -1.0 -1.0 0.0 0.3516678777412116 0.3455302923315612 0.30280182992722726
9 601.0 0.0 -1.0 -1.0 -1.0 0.0 0.3300008712738417 0.36159665443024736 0.3084024742959109
9 602.0 0.0 -1.0 -1.0 -1.0 0.0 0.3428088141247592 0.3252864278883864 0.33190475798685426
9 603.0 0.0 -1.0 -1.0 -1.0 0.0 0.32690641502002654 0.3368165238419042 0.33627706113806916
9 604.0 0.0 -1.0 -1.0 -1.0 0.0 0.3465630323828131 0.3141038732184802 0.3393330943987066
9 605.0 0.0 -1.0 -1.0 -1.0 0.0 0.3386366942529926 0.3049537822098625 0.3564095235371449
9 606.0 0.0 -1.0 -1.0 -1.0 0.0 0.31656446991825143 0.30796213861422495 0.3754733914675236
9 607.0 0.0 -1.0 -1.0 -1.0 0.0 0.35455692734647465 0.31162879669325916 0.33381427596026614
9 608.0 0.0 -1.0 -1.0 -1.0 0.0 0.34951859178941436 0.34564161384021197 0.3048397943703735
9 609.0 0.0 -1.0 -1.0 -1.0 0.0 0.36036899407657147 0.33190154130324595 0.30772946462018264
9 610.0 0.0 -1.0 -1.0 -1.0 0.0 0.34849694908659873 0.3432131748794706 0.30828987603393054
9 611.0 0.0 -1.0 -1.0 -1.0 0.0 0.33233812710657207 0.3449718317636485 0.32269004112977945
9 612.0 0.0 -1.0 -1.0 -1.0 0.0 0.32697749839537416 0.37343882165309233 0.2995836799515335
9 613.0 0.0 -1.0 -1.0 -1.0 0.0 0.31389548447309823 0.38857484179832275 0.29752967372857886
9 614.0 0.0 -1.0 -1.0 -1.0 0.0 0.3679148169497769 0.3435857762282953 0.2884994068219278
9 615.0 0.0 -1.0 -1.0 -1.0 0.0 0.38117219188456886 0.33060173285700584 0.2882260752584255
9 616.0 0.0 -1.0 -1.0 -1.0 0.0 0.36916446592784824 0.32493278342545123 0.30590275064670047
9 617.0 0.0 -1.0 -1.0 -1.0 0.0 0.3652139005222601 0.29539789567010694 0.3393882038076327
9 618.0 0.0 -1.0 -1.0 -1.0 0.0 0.3638052608064454 0.3061755161107849 0.33001922308276965
9 619.0 0.0 -1.0 -1.0 -1.0 0.0 0.35280100172630197 0.308371417759408 0.33882758051429007
9 620.0 0.0 -1.0 -1.0 -1.0 0.0 0.33452371911416334 0.30015801195565767 0.36531826893017877
9 621.0 0.0 -1.0 -1.0 -1.0 0.0 0.3353612811418359 0.3131329440105339 0.35150577484763035
9 622.0 0.0 -1.0 -1.0 -1.0 0.0 0.3418175871597044 0.29494379888138833 0.3632386139589072
9 623.0 0.0 -1.0 -1.0 -1.0 0.0 0.3788871139555431 0.2878521175841042 0.33326076846035263
9 624.0 0.0 -1.0 -1.0 -1.0 0.0 0.36293076950008213 0.30108132419510847 0.33598790630480907
9 625.0 0.0 -1.0 -1.0 -1.0 0.0 0.3694925443850884 0.2907390249689226 0.33976843064598905
9 626.0 0.0 -1.0 -1.0 -1.0 0.0 0.3836633946858422 0.2815786395766684 0.33475796573748945
9 627.0 0.0 -1.0 -1.0 -1.0 0.0 0.35393609617332167 0.28603433282853075 0.36002957099814753
9 628.0 0.0 -1.0 -1.0 -1.0 0.0 0.3343423250681984 0.3167627307163671 0.3488949442154345
9 629.0 0.0 -1.0 -1.0 -1.0 0.0 0.32156514841494166 0.3293355811722325 0.3490992704128256
9 630.0 0.0 -1.0 -1.0 -1.0 0.0 0.339794368676867 0.3309753494153046 0.32923028190782844
9 631.0 0.0 -1.0 -1.0 -1.0 0.0 0.3358447860109816 0.3378072813785603 0.3263479326104577
9 632.0 0.0 -1.0 -1.0 -1.0 0.0 0.35077248425135543 0.32535814815029906 0.3238693675983455
9 633.0 0.0 -1.0 -1.0 -1.0 0.0 0.3378264071239802 0.33885192198238173 0.32332167089363817
9 634.0 0.0 -1.0 -1.0 -1.0 0.0 0.3485323053019363 0.34353737531129364 0.30793031938677007
9 635.0 0.0 -1.0 -1.0 -1.0 0.0 0.3764107623935144 0.31609120660183593 0.30749803100464956
9 636.0 0.0 -1.0 -1.0 -1.0 0.0 0.3772243358568384 0.33337504732723 0.2894006168159315
9 637.0 0.0 -1.0 -1.0 -1.0 0.0 0.32120595103667227 0.34526876435545434 0.33352528460787356
9 638.0 0.0 -1.0 -1.0 -1.0 0.0 0.31330665880843084 0.3325745685314373 0.354118772660132
9 639.0 0.0 -1.0 -1.0 -1.0 0.0 0.34168518178563095 0.33537923717527085 0.3229355810390981
9 640.0 0.0 -1.0 -1.0 -1.0 0.0 0.361070768545136 0.32039748956985165 0.31853174188501227
9 641.0 0.0 -1.0 -1.0 -1.0 0.0 0.3691303196961044 0.30791525688496013 0.32295442341893554
9 642.0 0.0 -1.0 -1.0 -1.0 0.0 0.3568745986894246 0.30995293553845327 0.33317246577212195
9 643.0 0.0 -1.0 -1.0 -1.0 0.0 0.3658915692628186 0.3192557359104022 0.3148526948267794
9 644.0 0.0 -1.0 -1.0 -1.0 0.0 0.3426586107269343 0.3142027997727537 0.34313858950031195
9 645.0 0.0 -1.0 -1.0 -1.0 0.0 0.359179701784556 0.28388579385683166 0.3569345043586122
9 646.0 0.0 -1.0 -1.0 -1.0 0.0 0.3639161705437964 0.31683351227576156 0.319250317180442
9 647.0 0.0 -1.0 -1.0 -1.0 0.0 0.3661200735729215 0.31620796271609924 0.3176719637109792
9 648.0 0.0 -1.0 -1.0 -1.0 0.0 0.3679874912168152 0.306292630957405 0.32571987782578005
9 649.0 0.0 -1.0 -1.0 -1.0 0.0 0.3438288135406954 0.32987653123917754 0.3262946552201271
9 650.0 0.0 -1.0 -1.0 -1.0 0.0 0.3250657833728652 0.33652963239845696 0.33840458422867764
9 651.0 0.0 -1.0 -1.0 -1.0 0.0 0.31817992663400496 0.34454532260744253 0.3372747507585525
9 652.0 0.0 -1.0 -1.0 -1.0 0.0 0.319546557199594 0.34671562335622935 0.3337378194441766
9 653.0 0.0 -1.0 -1.0 -1.0 0.0 0.3176716226865117 0.34718209262896194 0.33514628468452623
9 654.0 0.0 -1.0 -1.0 -1.0 0.0 0.33926239298658734 0.32712106940833374 0.33361653760507914
9 655.0 0.0 -1.0 -1.0 -1.0 0.0 0.32799163267780407 0.3269364043700327 0.3450719629521634
9 656.0 0.0 -1.0 -1.0 -1.0 0.0 0.3242967835412525 0.328303503128073 0.34739971333067443
9 657.0 0.0 -1.0 -1.0 -1.0 0.0 0.33376224971200197 0.3317143020499719 0.33452344823802593
9 658.0 0.0 -1.0 -1.0 -1.0 0.0 0.3404141903525083 0.308411213695879 0.3511745959516126
9 659.0 0.0 -1.0 -1.0 -1.0 0.0 0.3391581353233212 0.3042098879364271 0.3566319767402515
9 660.0 0.0 -1.0 -1.0 -1.0 0.0 0.33042226521038154 0.3373712237038273 0.332206511085791
9 661.0 0.0 -1.0 -1.0 -1.0 0.0 0.35647028594260355 0.31470202698003724 0.32882768707735904
9 662.0 0.0 -1.0 -1.0 -1.0 0.0 0.3536832028690604 0.3243743311858323 0.32194246594510745
9 663.0 0.0 -1.0 -1.0 -1.0 0.0 0.3741120705265999 0.3354128614410483 0.2904750680323518
9 664.0 0.0 -1.0 -1.0 -1.0 0.0 0.3782313132567079 0.30804166293229207 0.31372702381100015
9 665.0 0.0 -1.0 -1.0 -1.0 0.0 0.35628006459548084 0.28514946396178653 0.35857047144273274
9 666.0 0.0 -1.0 -1.0 -1.0 0.0 0.3225942019087848 0.30181155138137233 0.3755942467098429
9 667.0 0.0 -1.0 -1.0 -1.0 0.0 0.3422866017066244 0.30501798412037445 0.3526954141730012
9 668.0 0.0 -1.0 -1.0 -1.0 0.0 0.3271511396261324 0.33072806740024996 0.3421207929736174
9 669.0 0.0 -1.0 -1.0 -1.0 0.0 0.3349830410871033 0.31014043158383064 0.3548765273290661
9 670.0 0.0 -1.0 -1.0 -1.0 0.0 0.315724501834557 0.34453782528901317 0.3397376728764299
9 671.0 0.0 -1.0 -1.0 -1.0 0.0 0.3087683764275038 0.3095792767381681 0.3816523468343281
9 672.0 0.0 -1.0 -1.0 -1.0 0.0 0.2863528698939517 0.327217227812858 0.38642990229319013
9 673.0 0.0 -1.0 -1.0 -1.0 0.0 0.26936600896871626 0.32685257129991446 0.4037814197313692
9 674.0 0.0 -1.0 -1.0 -1.0 0.0 0.3001445082039097 0.34452002137508 0.35533547042101027
9 675.0 0.0 -1.0 -1.0 -1.0 0.0 0.29097939468697176 0.3384849553890648 0.3705356499239634
9 676.0 0.0 -1.0 -1.0 -1.0 0.0 0.3004938094510016 0.33432424828747204 0.36518194226152656
9 677.0 0.0 -1.0 -1.0 -1.0 0.0 0.2872745832605503 0.3272337947418587 0.38549162199759096
9 678.0 0.0 -1.0 -1.0 -1.0 0.0 0.2980363509733454 0.32473807996854887 0.3772255690581059
9 679.0 0.0 -1.0 -1.0 -1.0 0.0 0.32771805129296494 0.30734004665411274 0.3649419020529222
9 680.0 0.0 -1.0 -1.0 -1.0 0.0 0.33227674028671284 0.3252928191048955 0.3424304406083917
9 681.0 0.0 -1.0 -1.0 -1.0 0.0 0.3326061715975052 0.32022980132095824 0.3471640270815367
9 682.0 0.0 -1.0 -1.0 -1.0 0.0 0.3252145752275266 0.32855415355169265 0.34623127122078073
9 683.0 0.0 -1.0 -1.0 -1.0 0.0 0.3158317906633447 0.33462561581055583 0.3495425935260993
9 684.0 0.0 -1.0 -1.0 -1.0 0.0 0.34939668627134585 0.3249420399363755 0.32566127379227827
9 685.0 0.0 -1.0 -1.0 -1.0 0.0 0.31756596502985457 0.3463336888885604 0.3361003460815848
9 686.0 0.0 -1.0 -1.0 -1.0 0.0 0.33693939691187025 0.3663377230080247 0.29672288008010517
9 687.0 0.0 -1.0 -1.0 -1.0 0.0 0.3624906569334778 0.3344091911074043 0.30310015195911777
9 688.0 0.0 -1.0 -1.0 -1.0 0.0 0.33084956607207056 0.3377511712361617 0.3313992626917679
9 689.0 0.0 -1.0 -1.0 -1.0 0.0 0.3518514792998642 0.34256020057462727 0.30558832012550835
9 690.0 0.0 -1.0 -1.0 -1.0 0.0 0.35181913376321533 0.3591202199377287 0.2890606462990561
9 691.0 0.0 -1.0 -1.0 -1.0 0.0 0.3073691271855876 0.3742661721689545 0.31836470064545774
9 692.0 0.0 -1.0 -1.0 -1.0 0.0 0.3242414246322191 0.3781135706543241 0.2976450047134564
9 693.0 0.0 -1.0 -1.0 -1.0 0.0 0.3267774201238036 0.3690753483745701 0.3041472315016263
9 694.0 0.0 -1.0 -1.0 -1.0 0.0 0.31950821964061094 0.35875933362274154 0.32173244673664736
9 695.0 0.0 -1.0 -1.0 -1.0 0.0 0.3111903839081687 0.3627464500597127 0.3260631660321186
9 696.0 0.0 -1.0 -1.0 -1.0 0.0 0.2816837978560431 0.38804707957616175 0.33026912256779506
9 697.0 0.0 -1.0 -1.0 -1.0 0.0 0.28652782420558565 0.38778944153844597 0.3256827342559683
9 698.0 0.0 -1.0 -1.0 -1.0 0.0 0.3028972909106698 0.3717098062983456 0.3253929027909846
9 699.0 0.0 -1.0 -1.0 -1.0 0.0 0.3308920021152966 0.3491628288762719 0.3199451690084316
9 700.0 0.0 -1.0 -1.0 -1.0 0.0 0.313228342441246 0.375407582201158 0.3113640753575961
9 701.0 0.0 -1.0 -1.0 -1.0 0.0 0.3248253031686541 0.3687491961316165 0.30642550069972924
9 702.0 0.0 -1.0 -1.0 -1.0 0.0 0.3458153192096381 0.3462033354020643 0.3079813453882977
9 703.0 0.0 -1.0 -1.0 -1.0 0.0 0.3799518042716938 0.3328313501042664 0.2872168456240396
9 704.0 0.0 -1.0 -1.0 -1.0 0.0 0.37970335217989354 0.31518958967231314 0.30510705814779326
9 705.0 0.0 -1.0 -1.0 -1.0 0.0 0.3642245531711497 0.32156627835238 0.31420916847647007
9 706.0 0.0 -1.0 -1.0 -1.0 0.0 0.3675586873371629 0.3425521659690189 0.28988914669381816
9 707.0 0.0 -1.0 -1.0 -1.0 0.0 0.3489156525679144 0.34160437964868123 0.30947996778340453
9 708.0 0.0 -1.0 -1.0 -1.0 0.0 0.3926445253409726 0.31571312550837266 0.29164234915065446
9 709.0 0.0 -1.0 -1.0 -1.0 0.0 0.37879318702699677 0.32741432920733105 0.29379248376567213
9 710.0 0.0 -1.0 -1.0 -1.0 0.0 0.35347350762769375 0.3336248282492445 0.31290166412306186
9 711.0 0.0 -1.0 -1.0 -1.0 0.0 0.35708027889563637 0.3229961262554626 0.31992359484890104
9 712.0 0.0 -1.0 -1.0 -1.0 0.0 0.35846245694710716 0.30760787742518725 0.33392966562770554
9 713.0 0.0 -1.0 -1.0 -1.0 0.0 0.3378340878632479 0.32993945168582106 0.33222646045093085
9 714.0 0.0 -1.0 -1.0 -1.0 0.0 0.3484372414312905 0.319035291672397 0.3325274668963125
9 715.0 0.0 -1.0 -1.0 -1.0 0.0 0.3366222767922672 0.321459001496583 0.3419187217111497
9 716.0 0.0 -1.0 -1.0 -1.0 0.0 0.30881607068060696 0.3441185622313769 0.3470653670880162
9 717.0 0.0 -1.0 -1.0 -1.0 0.0 0.3242672564913229 0.3645950049889573 0.31113773851972
9 718.0 0.0 -1.0 -1.0 -1.0 0.0 0.3264947652976373 0.3339101675803418 0.3395950671220209
9 719.0 0.0 -1.0 -1.0 -1.0 0.0 0.35210791478986436 0.3529706207591831 0.2949214644509525
9 720.0 0.0 -1.0 -1.0 -1.0 0.0 0.3406586437356335 0.37709899281543713 0.28224236344892933
9 721.0 0.0 -1.0 -1.0 -1.0 0.0 0.3417588199313826 0.3589592449180811 0.2992819351505366
9 722.0 0.0 -1.0 -1.0 -1.0 0.0 0.3438378187752534 0.3615795607245126 0.29458262050023404
9 723.0 0.0 -1.0 -1.0 -1.0 0.0 0.3238130501436594 0.3622233941959362 0.3139635556604045
9 724.0 0.0 -1.0 -1.0 -1.0 0.0 0.33105177181826023 0.3381844445137306 0.3307637836680094
9 725.0 0.0 -1.0 -1.0 -1.0 0.0 0.30764859018388846 0.3764617759190017 0.31588963389711017
9 726.0 0.0 -1.0 -1.0 -1.0 0.0 0.3211647740345587 0.36556612583957004 0.31326910012587156
9 727.0 0.0 -1.0 -1.0 -1.0 0.0 0.3294357565487011 0.35921385038715203 0.311350393064147
9 728.0 0.0 -1.0 -1.0 -1.0 0.0 0.31434669760129547 0.346250860435607 0.33940244196309766
9 729.0 0.0 -1.0 -1.0 -1.0 0.0 0.2967550036315463 0.3576414493787558 0.34560354698969786
9 730.0 0.0 -1.0 -1.0 -1.0 0.0 0.31313431993228125 0.36702581146471 0.3198398686030089
9 731.0 0.0 -1.0 -1.0 -1.0 0.0 0.2861602934359167 0.36409394432994396 0.3497457622341396
9 732.0 0.0 -1.0 -1.0 -1.0 0.0 0.3154480580104983 0.35103709660366306 0.3335148453858387
9 733.0 0.0 -1.0 -1.0 -1.0 0.0 0.3262685900440829 0.3621084278026306 0.3116229821532867
9 734.0 0.0 -1.0 -1.0 -1.0 0.0 0.3041352086586993 0.3657278991899529 0.33013689215134784
9 735.0 0.0 -1.0 -1.0 -1.0 0.0 0.31844439749368864 0.35455471440706887 0.32700088809924266
9 736.0 0.0 -1.0 -1.0 -1.0 0.0 0.33381641234722825 0.3382546501508603 0.3279289375019108
9 737.0 0.0 -1.0 -1.0 -1.0 0.0 0.377026377955413 0.3161724459136877 0.3068011761308994
9 738.0 0.0 -1.0 -1.0 -1.0 0.0 0.4023774131659503 0.30207040402950003 0.29555218280454953
9 739.0 0.0 -1.0 -1.0 -1.0 0.0 0.37561807080270315 0.3072604623537828 0.31712146684351394
9 740.0 0.0 -1.0 -1.0 -1.0 0.0 0.3757222965336413 0.3062988875540566 0.3179788159123019
9 741.0 0.0 -1.0 -1.0 -1.0 0.0 0.36503302181477865 0.3043896476279679 0.33057733055725336
9 742.0 0.0 -1.0 -1.0 -1.0 0.0 0.355322217187215 0.30263855063630435 0.3420392321764808
9 743.0 0.0 -1.0 -1.0 -1.0 0.0 0.3139368489771634 0.3222012489209179 0.36386190210191854
9 744.0 0.0 -1.0 -1.0 -1.0 0.0 0.31738705404628326 0.3124388321082774 0.37017411384543925
9 745.0 0.0 -1.0 -1.0 -1.0 0.0 0.324507046544881 0.3081922708758823 0.36730068257923654
9 746.0 0.0 -1.0 -1.0 -1.0 0.0 0.3390705665378973 0.3087325614544563 0.35219687200764627
9 747.0 0.0 -1.0 -1.0 -1.0 0.0 0.32480719568661465 0.343370331028703 0.3318224732846825
9 748.0 0.0 -1.0 -1.0 -1.0 0.0 0.2951718159748738 0.3565047675641352 0.34832341646099096
9 749.0 0.0 -1.0 -1.0 -1.0 0.0 0.30548664291266053 0.3185783876717847 0.37593496941555476
9 750.0 0.0 -1.0 -1.0 -1.0 0.0 0.33610701171212154 0.30219018468910064 0.361702803598778
9 751.0 0.0 -1.0 -1.0 -1.0 0.0 0.3280038344281765 0.30035597282479976 0.37164019274702376
9 752.0 0.0 -1.0 -1.0 -1.0 0.0 0.31343119816909154 0.3216292396192443 0.3649395622116643
9 753.0 0.0 -1.0 -1.0 -1.0 0.0 0.3487541862531645 0.32795678603637635 0.3232890277104594
9 754.0 0.0 -1.0 -1.0 -1.0 0.0 0.3693070474300822 0.320372012949453 0.31032093962046475
9 755.0 0.0 -1.0 -1.0 -1.0 0.0 0.36837596338119755 0.3111794898109688 0.3204445468078338
9 756.0 0.0 -1.0 -1.0 -1.0 0.0 0.3496316031936829 0.3062207644095689 0.34414763239674834
9 757.0 0.0 -1.0 -1.0 -1.0 0.0 0.3558631542129919 0.30712576411842435 0.33701108166858385
9 758.0 0.0 -1.0 -1.0 -1.0 0.0 0.3201136211786534 0.3089058609240623 0.37098051789728426
9 759.0 0.0 -1.0 -1.0 -1.0 0.0 0.30320664443771356 0.31184209002223795 0.3849512655400486
9 760.0 0.0 -1.0 -1.0 -1.0 0.0 0.30291415477964734 0.3343141021161013 0.36277174310425125
9 761.0 0.0 -1.0 -1.0 -1.0 0.0 0.3027817135365172 0.32630407179753007 0.37091421466595276
9 762.0 0.0 -1.0 -1.0 -1.0 0.0 0.30754898360290917 0.31146145192945585 0.38098956446763466
9 763.0 0.0 -1.0 -1.0 -1.0 0.0 0.2981721293410867 0.3307008289360075 0.3711270417229059
9 764.0 0.0 -1.0 -1.0 -1.0 0.0 0.2983429310158074 0.3161144211719874 0.38554264781220526
9 765.0 0.0 -1.0 -1.0 -1.0 0.0 0.31221686330477655 0.29626757600325904 0.3915155606919642
9 766.0 0.0 -1.0 -1.0 -1.0 0.0 0.29651271075216107 0.30992111844405357 0.39356617080378525
9 767.0 0.0 -1.0 -1.0 -1.0 0.0 0.31556424497181124 0.30044535966969027 0.3839903953584985
9 768.0 0.0 -1.0 -1.0 -1.0 0.0 0.323147745223761 0.31251736887498294 0.3643348859012565
9 769.0 0.0 -1.0 -1.0 -1.0 0.0 0.33727378082209236 0.2787594450805246 0.38396677409738295
9 770.0 0.0 -1.0 -1.0 -1.0 0.0 0.3440498016508785 0.2599800483982021 0.39597014995091967
9 771.0 0.0 -1.0 -1.0 -1.0 0.0 0.3510541562026384 0.27243310390681513 0.3765127398905467
9 772.0 0.0 -1.0 -1.0 -1.0 0.0 0.3618762272507339 0.2886797126734432 0.349444060075823
9 773.0 0.0 -1.0 -1.0 -1.0 0.0 0.3676548021314722 0.2944767467330273 0.33786845113550046
9 774.0 0.0 -1.0 -1.0 -1.0 0.0 0.3473676154467973 0.2954732450198387 0.35715913953336403
9 775.0 0.0 -1.0 -1.0 -1.0 0.0 0.34380802358715934 0.3041063021063321 0.3520856743065086
9 776.0 0.0 -1.0 -1.0 -1.0 0.0 0.3554348518993452 0.3033805588376671 0.34118458926298756
9 777.0 0.0 -1.0 -1.0 -1.0 0.0 0.3329277915532127 0.324832778864197 0.34223942958259035
9 778.0 0.0 -1.0 -1.0 -1.0 0.0 0.3388816462052678 0.3266952840360073 0.33442306975872493
9 779.0 0.0 -1.0 -1.0 -1.0 0.0 0.3292161672900182 0.34560233276852675 0.3251814999414551
9 780.0 0.0 -1.0 -1.0 -1.0 0.0 0.3243810113115612 0.37653169166761397 0.29908729702082515
9 781.0 0.0 -1.0 -1.0 -1.0 0.0 0.31674746214927657 0.3572962826567326 0.3259562551939909
9 782.0 0.0 -1.0 -1.0 -1.0 0.0 0.32556851071844356 0.3527928980250693 0.32163859125648725
9 783.0 0.0 -1.0 -1.0 -1.0 0.0 0.3357389542714488 0.3480730566699011 0.3161879890586501
9 784.0 0.0 -1.0 -1.0 -1.0 0.0 0.3168742008117846 0.36160815396175805 0.3215176452264575
9 785.0 0.0 -1.0 -1.0 -1.0 0.0 0.3378372021364231 0.3451549202975535 0.31700787756602333
9 786.0 0.0 -1.0 -1.0 -1.0 0.0 0.31313535156689853 0.3790456988209506 0.30781894961215095
9 787.0 0.0 -1.0 -1.0 -1.0 0.0 0.33894950643084265 0.352167891792582 0.30888260177657545
9 788.0 0.0 -1.0 -1.0 -1.0 0.0 0.3380400879542774 0.3384410618018003 0.3235188502439222
9 789.0 0.0 -1.0 -1.0 -1.0 0.0 0.32576914104621274 0.34078642474665555 0.3334444342071319
9 790.0 0.0 -1.0 -1.0 -1.0 0.0 0.3296057347078417 0.36230058798342424 0.3080936773087339
9 791.0 0.0 -1.0 -1.0 -1.0 0.0 0.3386926055627307 0.3729886026241937 0.28831879181307585
9 792.0 0.0 -1.0 -1.0 -1.0 0.0 0.3305180710724464 0.3538771010650623 0.3156048278624912
9 793.0 0.0 -1.0 -1.0 -1.0 0.0 0.3165993524593543 0.37222094071546863 0.3111797068251769
9 794.0 0.0 -1.0 -1.0 -1.0 0.0 0.33116886419902963 0.33916909167726006 0.3296620441237104
9 795.0 0.0 -1.0 -1.0 -1.0 0.0 0.33571507361202213 0.32385264219896703 0.34043228418901095
9 796.0 0.0 -1.0 -1.0 -1.0 0.0 0.35801158437888914 0.333699714407476 0.30828870121363516
9 797.0 0.0 -1.0 -1.0 -1.0 0.0 0.35834448933274676 0.34098761491399654 0.30066789575325675
9 798.0 0.0 -1.0 -1.0 -1.0 0.0 0.3538940142865778 0.3551921448914387 0.29091384082198357
9 799.0 0.0 -1.0 -1.0 -1.0 0.0 0.33696787444167037 0.34573689509030536 0.31729523046802427
9 800.0 0.0 -1.0 -1.0 -1.0 0.0 0.3305242767118899 0.3423860008002411 0.32708972248786883
9 801.0 0.0 -1.0 -1.0 -1.0 0.0 0.3368491510113843 0.3539243891023655 0.30922645988625047
9 802.0 0.0 -1.0 -1.0 -1.0 0.0 0.3650135473309087 0.3424205321190851 0.29256592055000596
9 803.0 0.0 -1.0 -1.0 -1.0 0.0 0.36568079147118643 0.3312088137939559 0.3031103947348575
9 804.0 0.0 -1.0 -1.0 -1.0 0.0 0.34466122892446804 0.3360213282864725 0.31931744278905916
9 805.0 0.0 -1.0 -1.0 -1.0 0.0 0.3329702566737919 0.33686389063129596 0.33016585269491217
9 806.0 0.0 -1.0 -1.0 -1.0 0.0 0.34279252600128096 0.33649244920695226 0.3207150247917669
9 807.0 0.0 -1.0 -1.0 -1.0 0.0 0.33577892399853293 0.33669791200720306 0.32752316399426407
9 808.0 0.0 -1.0 -1.0 -1.0 0.0 0.3329256441601337 0.3356617385823439 0.33141261725752275
9 809.0 0.0 -1.0 -1.0 -1.0 0.0 0.3427969809426905 0.331200652888287 0.3260023661690225
9 810.0 0.0 -1.0 -1.0 -1.0 0.0 0.3580800299531783 0.3198168991130221 0.32210307093379953
9 811.0 0.0 -1.0 -1.0 -1.0 0.0 0.34548530946289396 0.32664595808124297 0.327868732455863
9 812.0 0.0 -1.0 -1.0 -1.0 0.0 0.33373888789190104 0.32495148293779763 0.3413096291703014
9 813.0 0.0 -1.0 -1.0 -1.0 0.0 0.3455428814489067 0.31254390983665226 0.34191320871444103
9 814.0 0.0 -1.0 -1.0 -1.0 0.0 0.37037491757571334 0.28808977878891984 0.34153530363536694
9 815.0 0.0 -1.0 -1.0 -1.0 0.0 0.3509938797483752 0.30426161957246967 0.3447445006791549
9 816.0 0.0 -1.0 -1.0 -1.0 0.0 0.3518850415800545 0.3072124461205226 0.3409025122994231
9 817.0 0.0 -1.0 -1.0 -1.0 0.0 0.3739082291329479 0.30422938958524975 0.32186238128180217
9 818.0 0.0 -1.0 -1.0 -1.0 0.0 0.36458555793972613 0.31433432948171874 0.3210801125785552
9 819.0 0.0 -1.0 -1.0 -1.0 0.0 0.3522121194820047 0.3149243087683591 0.3328635717496361
9 820.0 0.0 -1.0 -1.0 -1.0 0.0 0.359366741482675 0.2958574071634646 0.3447758513538605
9 821.0 0.0 -1.0 -1.0 -1.0 0.0 0.344165787824075 0.3112984173413507 0.3445357948345742
9 822.0 0.0 -1.0 -1.0 -1.0 0.0 0.34774646890623195 0.2851053627186623 0.36714816837510583
9 823.0 0.0 -1.0 -1.0 -1.0 0.0 0.3578847445425552 0.2693685168265513 0.3727467386308937
9 824.0 0.0 -1.0 -1.0 -1.0 0.0 0.336394428505007 0.3177296884733723 0.3458758830216206
9 825.0 0.0 -1.0 -1.0 -1.0 0.0 0.31636809068454647 0.31367358576454996 0.3699583235509036
9 826.0 0.0 -1.0 -1.0 -1.0 0.0 0.33228279797110377 0.29730295342174573 0.37041424860715044
9 827.0 0.0 -1.0 -1.0 -1.0 0.0 0.3423679208066806 0.2975947138911614 0.36003736530215813
9 828.0 0.0 -1.0 -1.0 -1.0 0.0 0.3364115498988959 0.32280474462576775 0.34078370547533643
9 829.0 0.0 -1.0 -1.0 -1.0 0.0 0.35217472707881187 0.3209989138655481 0.3268263590556403
9 830.0 0.0 -1.0 -1.0 -1.0 0.0 0.34743247606366745 0.3094328574136872 0.3431346665226455
9 831.0 0.0 -1.0 -1.0 -1.0 0.0 0.3610128938529143 0.3137416399745262 0.32524546617255945
9 832.0 0.0 -1.0 -1.0 -1.0 0.0 0.37347118795966444 0.33417055040446314 0.2923582616358726
9 833.0 0.0 -1.0 -1.0 -1.0 0.0 0.3562480512868851 0.32852674272959953 0.3152252059835151
9 834.0 0.0 -1.0 -1.0 -1.0 0.0 0.3793587763955514 0.3187954462599159 0.30184577734453294
9 835.0 0.0 -1.0 -1.0 -1.0 0.0 0.36505697302799006 0.34216040903632633 0.2927826179356835
9 836.0 0.0 -1.0 -1.0 -1.0 0.0 0.35444124357478474 0.3221664700861848 0.3233922863390306
9 837.0 0.0 -1.0 -1.0 -1.0 0.0 0.341738229944839 0.3454954683948728 0.3127663016602882
9 838.0 0.0 -1.0 -1.0 -1.0 0.0 0.35427824776712713 0.324172730499137 0.32154902173373623
9 839.0 0.0 -1.0 -1.0 -1.0 0.0 0.3755743417316043 0.3290524896377605 0.2953731686306352
9 840.0 0.0 -1.0 -1.0 -1.0 0.0 0.3266582492876261 0.3448305842067396 0.3285111665056339
9 841.0 0.0 -1.0 -1.0 -1.0 0.0 0.32857328112977036 0.33067514801848547 0.3407515708517442
9 842.0 0.0 -1.0 -1.0 -1.0 0.0 0.34465119627794233 0.3118655951129744 0.34348320860908305
9 843.0 0.0 -1.0 -1.0 -1.0 0.0 0.37047189717681595 0.28636558679598645 0.34316251602719766
9 844.0 0.0 -1.0 -1.0 -1.0 0.0 0.3529740767149866 0.293351683995567 0.3536742392894463
9 845.0 0.0 -1.0 -1.0 -1.0 0.0 0.33994680482703804 0.285652085483195 0.37440110968976675
9 846.0 0.0 -1.0 -1.0 -1.0 0.0 0.34002410519441106 0.30806220238151344 0.35191369242407566
9 847.0 0.0 -1.0 -1.0 -1.0 0.0 0.3358681610056092 0.29687821587319707 0.36725362312119375
9 848.0 0.0 -1.0 -1.0 -1.0 0.0 0.334126767870204 0.30854232220692773 0.35733090992286826
9 849.0 0.0 -1.0 -1.0 -1.0 0.0 0.31813518832728716 0.321880118054179 0.35998469361853386
9 850.0 0.0 -1.0 -1.0 -1.0 0.0 0.32960578763285014 0.31881138626891825 0.3515828260982318
9 851.0 0.0 -1.0 -1.0 -1.0 0.0 0.31557482716245827 0.3380061192280516 0.3464190536094904
9 852.0 0.0 -1.0 -1.0 -1.0 0.0 0.3337800599650212 0.32381842104887865 0.34240151898610016
9 853.0 0.0 -1.0 -1.0 -1.0 0.0 0.3497380791521292 0.3082992867905586 0.3419626340573123
9 854.0 0.0 -1.0 -1.0 -1.0 0.0 0.3386537209482407 0.3031612210421215 0.3581850580096378
9 855.0 0.0 -1.0 -1.0 -1.0 0.0 0.3542630922875766 0.307091926888235 0.33864498082418815
9 856.0 0.0 -1.0 -1.0 -1.0 0.0 0.3314839816908774 0.32470425622843807 0.3438117620806845
9 857.0 0.0 -1.0 -1.0 -1.0 0.0 0.3314510031280791 0.33809168782235793 0.33045730904956316
9 858.0 0.0 -1.0 -1.0 -1.0 0.0 0.33199442158018383 0.32390302438852514 0.344102554031291
9 859.0 0.0 -1.0 -1.0 -1.0 0.0 0.35602659342273 0.3090145520099924 0.33495885456727764
9 860.0 0.0 -1.0 -1.0 -1.0 0.0 0.33124975537836326 0.32024704000855814 0.3485032046130787
9 861.0 0.0 -1.0 -1.0 -1.0 0.0 0.330055285094252 0.319346459692176 0.35059825521357224
9 862.0 0.0 -1.0 -1.0 -1.0 0.0 0.3291182698400374 0.32126632097140345 0.3496154091885593
9 863.0 0.0 -1.0 -1.0 -1.0 0.0 0.355155428256523 0.3040668052951304 0.34077776644834656
9 864.0 0.0 -1.0 -1.0 -1.0 0.0 0.3397111342321225 0.30690231621924347 0.3533865495486338
9 865.0 0.0 -1.0 -1.0 -1.0 0.0 0.3540592587085424 0.29326803897058473 0.352672702320873
9 866.0 0.0 -1.0 -1.0 -1.0 0.0 0.33991688277982685 0.3008236777597828 0.35925943946039035
9 867.0 0.0 -1.0 -1.0 -1.0 0.0 0.3183076888131744 0.3108470573027578 0.3708452538840678
9 868.0 0.0 -1.0 -1.0 -1.0 0.0 0.3147226149607442 0.33266840553103727 0.3526089795082188
9 869.0 0.0 -1.0 -1.0 -1.0 0.0 0.2965623538829278 0.38165970116652004 0.3217779449505523
9 870.0 0.0 -1.0 -1.0 -1.0 0.0 0.31990262106992234 0.3405629274734322 0.3395344514566453
9 871.0 0.0 -1.0 -1.0 -1.0 0.0 0.3144870394639452 0.33879857011906195 0.34671439041699303
9 872.0 0.0 -1.0 -1.0 -1.0 0.0 0.31808953810279567 0.3243646945981237 0.3575457672990806
9 873.0 0.0 -1.0 -1.0 -1.0 0.0 0.31409842445547964 0.33770778149996994 0.3481937940445502
9 874.0 0.0 -1.0 -1.0 -1.0 0.0 0.30276577811503946 0.3277717597773615 0.369462462107599
9 875.0 0.0 -1.0 -1.0 -1.0 0.0 0.3017767297468823 0.3108828330211434 0.38734043723197414
9 876.0 0.0 -1.0 -1.0 -1.0 0.0 0.30534532288825444 0.3252043818130532 0.36945029529869217
9 877.0 0.0 -1.0 -1.0 -1.0 0.0 0.31869205080559043 0.3361194209540641 0.3451885282403455
9 878.0 0.0 -1.0 -1.0 -1.0 0.0 0.2903496066943698 0.36098891657022797 0.34866147673540226
9 879.0 0.0 -1.0 -1.0 -1.0 0.0 0.2937011522980969 0.34902717025136887 0.35727167745053423
9 880.0 0.0 -1.0 -1.0 -1.0 0.0 0.32528490321226505 0.31770590306795315 0.3570091937197815
9 881.0 0.0 -1.0 -1.0 -1.0 0.0 0.3299610021830096 0.31327853349558815 0.35676046432140224
9 882.0 0.0 -1.0 -1.0 -1.0 0.0 0.339634405845656 0.2966619885906856 0.36370360556365855
9 883.0 0.0 -1.0 -1.0 -1.0 0.0 0.342243775531948 0.30273353953240245 0.3550226849356495
9 884.0 0.0 -1.0 -1.0 -1.0 0.0 0.3467261254304567 0.29495433735090765 0.3583195372186356
9 885.0 0.0 -1.0 -1.0 -1.0 0.0 0.36086194616844963 0.28468733085349673 0.3544507229780535
9 886.0 0.0 -1.0 -1.0 -1.0 0.0 0.3536485300730358 0.30737740253302337 0.33897406739394076
9 887.0 0.0 -1.0 -1.0 -1.0 0.0 0.3276424844717512 0.31929080950781197 0.3530667060204371
9 888.0 0.0 -1.0 -1.0 -1.0 0.0 0.3557658303545409 0.32945121360905766 0.31478295603640116
9 889.0 0.0 -1.0 -1.0 -1.0 0.0 0.35832513025768137 0.32721630018711606 0.3144585695552023
9 890.0 0.0 -1.0 -1.0 -1.0 0.0 0.37509905284185907 0.31429280182803343 0.3106081453301073
9 891.0 0.0 -1.0 -1.0 -1.0 0.0 0.401526004169144 0.27788251394404107 0.32059148188681474
9 892.0 0.0 -1.0 -1.0 -1.0 0.0 0.3592190696971278 0.30715838875915596 0.3336225415437162
9 893.0 0.0 -1.0 -1.0 -1.0 0.0 0.34201464132788495 0.3291769740533237 0.3288083846187915
9 894.0 0.0 -1.0 -1.0 -1.0 0.0 0.34469433060759486 0.3344714053336355 0.32083426405876936
9 895.0 0.0 -1.0 -1.0 -1.0 0.0 0.3407870969598485 0.3599005865741405 0.29931231646601125
9 896.0 0.0 -1.0 -1.0 -1.0 0.0 0.34094525716734125 0.3514352477887553 0.30761949504390335
9 897.0 0.0 -1.0 -1.0 -1.0 0.0 0.3249229796836762 0.3780726912044283 0.29700432911189534
9 898.0 0.0 -1.0 -1.0 -1.0 0.0 0.3113808582338803 0.3959009800150321 0.29271816175108767
9 899.0 0.0 -1.0 -1.0 -1.0 0.0 0.32860753458793934 0.3801600395809561 0.2912324258311044
9 900.0 0.0 -1.0 -1.0 -1.0 0.0 0.31297484587707447 0.38332655796646947 0.3036985961564563
9 901.0 0.0 -1.0 -1.0 -1.0 0.0 0.3366723004034696 0.3623911288843761 0.30093657071215424
9 902.0 0.0 -1.0 -1.0 -1.0 0.0 0.3303205483471101 0.37138044130819253 0.2982990103446973
9 903.0 0.0 -1.0 -1.0 -1.0 0.0 0.32651160392514755 0.3590272323703125 0.3144611637045401
9 904.0 0.0 -1.0 -1.0 -1.0 0.0 0.3300467693116911 0.35303721391487686 0.3169160167734321
9 905.0 0.0 -1.0 -1.0 -1.0 0.0 0.34108965086387355 0.3569869963557338 0.3019233527803926
9 906.0 0.0 -1.0 -1.0 -1.0 0.0 0.3171590627571861 0.36897314117410773 0.31386779606870646
9 907.0 0.0 -1.0 -1.0 -1.0 0.0 0.31315801752537625 0.3673054251944454 0.31953655728017816
9 908.0 0.0 -1.0 -1.0 -1.0 0.0 0.31903257952629965 0.35616899585863426 0.32479842461506586
9 909.0 0.0 -1.0 -1.0 -1.0 0.0 0.3142119028279183 0.3539655778959879 0.33182251927609413
9 910.0 0.0 -1.0 -1.0 -1.0 0.0 0.29812710839065926 0.3554351637877373 0.34643772782160304
9 911.0 0.0 -1.0 -1.0 -1.0 0.0 0.3296927693214032 0.35111084098198553 0.3191963896966116
9 912.0 0.0 -1.0 -1.0 -1.0 0.0 0.3326280855542347 0.3486414072384382 0.31873050720732715
9 913.0 0.0 -1.0 -1.0 -1.0 0.0 0.3296935716697532 0.3381969590464364 0.3321094692838106
9 914.0 0.0 -1.0 -1.0 -1.0 0.0 0.31750157090820486 0.3088702917564541 0.3736281373353412
9 915.0 0.0 -1.0 -1.0 -1.0 0.0 0.3338775680137582 0.3191299599851463 0.34699247200109534
9 916.0 0.0 -1.0 -1.0 -1.0 0.0 0.3165958954811225 0.3138938058797496 0.36951029863912815
9 917.0 0.0 -1.0 -1.0 -1.0 0.0 0.31149242713388337 0.32934457383676097 0.3591629990293558
9 918.0 0.0 -1.0 -1.0 -1.0 0.0 0.31876046950372466 0.32945669536939326 0.3517828351268822
9 919.0 0.0 -1.0 -1.0 -1.0 0.0 0.33686636563151134 0.300723454033653 0.3624101803348357
9 920.0 0.0 -1.0 -1.0 -1.0 0.0 0.3342900043013641 0.31509288431445337 0.35061711138418244
9 921.0 0.0 -1.0 -1.0 -1.0 0.0 0.32310933342391357 0.3078406992391955 0.36904996733689105
9 922.0 0.0 -1.0 -1.0 -1.0 0.0 0.33368067892609654 0.3221058791062963 0.34421344196760745
9 923.0 0.0 -1.0 -1.0 -1.0 0.0 0.339937591698837 0.30719469858801046 0.3528677097131524
9 924.0 0.0 -1.0 -1.0 -1.0 0.0 0.3357445704670795 0.3142111924640842 0.3500442370688364
9 925.0 0.0 -1.0 -1.0 -1.0 0.0 0.3617567413776434 0.3040951323766328 0.3341481262457237
9 926.0 0.0 -1.0 -1.0 -1.0 0.0 0.32312544005255467 0.33458870647026295 0.3422858534771824
9 927.0 0.0 -1.0 -1.0 -1.0 0.0 0.3414840018984237 0.32950233915338145 0.329013658948195
9 928.0 0.0 -1.0 -1.0 -1.0 0.0 0.342864892924688 0.32354515966216807 0.33358994741314363
9 929.0 0.0 -1.0 -1.0 -1.0 0.0 0.36067035523385305 0.33473603909642036 0.30459360566972626
9 930.0 0.0 -1.0 -1.0 -1.0 0.0 0.33664914333055634 0.36372098911084594 0.29962986755859794
9 931.0 0.0 -1.0 -1.0 -1.0 0.0 0.3511119350705465 0.3392435383772707 0.309644526552183
9 932.0 0.0 -1.0 -1.0 -1.0 0.0 0.3317849022226836 0.35681384024554225 0.311401257531774
9 933.0 0.0 -1.0 -1.0 -1.0 0.0 0.35238976020173085 0.3224404082344764 0.32516983156379275
9 934.0 0.0 -1.0 -1.0 -1.0 0.0 0.33965590679558416 0.3161766317772268 0.34416746142718907
9 935.0 0.0 -1.0 -1.0 -1.0 0.0 0.32589431063306173 0.32175777734511235 0.3523479120218258
9 936.0 0.0 -1.0 -1.0 -1.0 0.0 0.3461993344186333 0.3050288088940628 0.34877185668730376
9 937.0 0.0 -1.0 -1.0 -1.0 0.0 0.3705790247830163 0.2945381574614144 0.33488281775556933
9 938.0 0.0 -1.0 -1.0 -1.0 0.0 0.36833119482105753 0.2842689792905246 0.34739982588841783
9 939.0 0.0 -1.0 -1.0 -1.0 0.0 0.33334520791717975 0.31460113344421925 0.35205365863860083
9 940.0 0.0 -1.0 -1.0 -1.0 0.0 0.3406592502386961 0.32207672775592827 0.3372640220053753
9 941.0 0.0 -1.0 -1.0 -1.0 0.0 0.3346853707878504 0.32938722496959405 0.33592740424255596
9 942.0 0.0 -1.0 -1.0 -1.0 0.0 0.327450592081358 0.3403016445264482 0.3322477633921936
9 943.0 0.0 -1.0 -1.0 -1.0 0.0 0.3251094367338054 0.35938309991136513 0.3155074633548294
9 944.0 0.0 -1.0 -1.0 -1.0 0.0 0.3218423773545511 0.37158920243824767 0.30656842020720165
9 945.0 0.0 -1.0 -1.0 -1.0 0.0 0.3183272400788115 0.34331981180360516 0.33835294811758343
9 946.0 0.0 -1.0 -1.0 -1.0 0.0 0.31138305058926735 0.33371402519000476 0.3549029242207277
9 947.0 0.0 -1.0 -1.0 -1.0 0.0 0.3064790526162489 0.3609708951814246 0.3325500522023264
9 948.0 0.0 -1.0 -1.0 -1.0 0.0 0.3017524086308604 0.34603538554148644 0.35221220582765317
9 949.0 0.0 -1.0 -1.0 -1.0 0.0 0.30614483252343844 0.38021024254932895 0.3136449249272326
9 950.0 0.0 -1.0 -1.0 -1.0 0.0 0.3240206435331052 0.3816386673794402 0.29434068908745437
9 951.0 0.0 -1.0 -1.0 -1.0 0.0 0.3134269463419533 0.3773903681774333 0.3091826854806132
9 952.0 0.0 -1.0 -1.0 -1.0 0.0 0.316837373869535 0.3336448817782935 0.34951774435217176
9 953.0 0.0 -1.0 -1.0 -1.0 0.0 0.35099928690086385 0.3035103418107916 0.34549037128834426
9 954.0 0.0 -1.0 -1.0 -1.0 0.0 0.36017506439818525 0.30841884598321434 0.3314060896186004
9 955.0 0.0 -1.0 -1.0 -1.0 0.0 0.3660850561530606 0.31510041787050125 0.3188145259764382
9 956.0 0.0 -1.0 -1.0 -1.0 0.0 0.3582490631194161 0.31185735929536307 0.3298935775852206
9 957.0 0.0 -1.0 -1.0 -1.0 0.0 0.3292925351565211 0.32965503895273224 0.3410524258907468
9 958.0 0.0 -1.0 -1.0 -1.0 0.0 0.3645858498926905 0.3385539802116008 0.29686016989570874
9 959.0 0.0 -1.0 -1.0 -1.0 0.0 0.35338248327365845 0.3506965463519856 0.29592097037435605
9 960.0 0.0 -1.0 -1.0 -1.0 0.0 0.3504042084126889 0.34120481652402984 0.3083909750632811
9 961.0 0.0 -1.0 -1.0 -1.0 0.0 0.3564831880794989 0.3370485394535988 0.30646827246690234
9 962.0 0.0 -1.0 -1.0 -1.0 0.0 0.38450873003806507 0.31615886102440116 0.299332408937534
9 963.0 0.0 -1.0 -1.0 -1.0 0.0 0.37598652363540175 0.32661716965441945 0.2973963067101787
9 964.0 0.0 -1.0 -1.0 -1.0 0.0 0.3596570997817289 0.32662299974092635 0.3137199004773447
9 965.0 0.0 -1.0 -1.0 -1.0 0.0 0.3400764523161331 0.3364018169200101 0.3235217307638567
9 966.0 0.0 -1.0 -1.0 -1.0 0.0 0.33069936081916895 0.3305104829987288 0.3387901561821022
9 967.0 0.0 -1.0 -1.0 -1.0 0.0 0.30182389674777615 0.342192675394813 0.3559834278574108
9 968.0 0.0 -1.0 -1.0 -1.0 0.0 0.3290283362542642 0.3337478365929067 0.3372238271528293
9 969.0 0.0 -1.0 -1.0 -1.0 0.0 0.3317091048585716 0.3170681564869415 0.351222738654487
9 970.0 0.0 -1.0 -1.0 -1.0 0.0 0.3438828939005683 0.314372010604495 0.34174509549493665
9 971.0 0.0 -1.0 -1.0 -1.0 0.0 0.33074185726904964 0.32866724153486027 0.3405909011960903
9 972.0 0.0 -1.0 -1.0 -1.0 0.0 0.31640483191113833 0.3207306732090766 0.362864494879785
9 973.0 0.0 -1.0 -1.0 -1.0 0.0 0.3274940319151375 0.31203301498626956 0.360472953098593
9 974.0 0.0 -1.0 -1.0 -1.0 0.0 0.3558448419317039 0.3001091944602698 0.344045963608026
9 975.0 0.0 -1.0 -1.0 -1.0 0.0 0.34897735838533817 0.3243942799806599 0.32662836163400205
9 976.0 0.0 -1.0 -1.0 -1.0 0.0 0.3404544708054507 0.3152057964141005 0.3443397327804489
9 977.0 0.0 -1.0 -1.0 -1.0 0.0 0.329857707983289 0.3154198722395984 0.3547224197771127
9 978.0 0.0 -1.0 -1.0 -1.0 0.0 0.32096810111592383 0.33800936321724306 0.3410225356668329
9 979.0 0.0 -1.0 -1.0 -1.0 0.0 0.3150482401428205 0.35342063148634995 0.33153112837082943
9 980.0 0.0 -1.0 -1.0 -1.0 0.0 0.3222613219827605 0.37537661507167897 0.30236206294556056
9 981.0 0.0 -1.0 -1.0 -1.0 0.0 0.3517301701359067 0.3350652935720615 0.3132045362920322
9 982.0 0.0 -1.0 -1.0 -1.0 0.0 0.3358643085242468 0.34346034548540844 0.32067534599034486
9 983.0 0.0 -1.0 -1.0 -1.0 0.0 0.32911889906006964 0.34712135555501555 0.3237597453849148
9 984.0 0.0 -1.0 -1.0 -1.0 0.0 0.3029446860536883 0.3869259314802794 0.3101293824660325
9 985.0 0.0 -1.0 -1.0 -1.0 0.0 0.29561031107768426 0.3946650262174974 0.30972466270481835
9 986.0 0.0 -1.0 -1.0 -1.0 0.0 0.2988107899871469 0.3678638429708899 0.333325367041963
9 987.0 0.0 -1.0 -1.0 -1.0 0.0 0.29970410858191976 0.3675434402053726 0.3327524512127075
9 988.0 0.0 -1.0 -1.0 -1.0 0.0 0.3000735165841533 0.3459056149331065 0.35402086848274
9 989.0 0.0 -1.0 -1.0 -1.0 0.0 0.31986628944068657 0.3332033493120365 0.3469303612472769
9 990.0 0.0 -1.0 -1.0 -1.0 0.0 0.32115236167854794 0.35899882083476325 0.3198488174866889
9 991.0 0.0 -1.0 -1.0 -1.0 0.0 0.33486911547681886 0.3367038879281597 0.3284269965950215
9 992.0 0.0 -1.0 -1.0 -1.0 0.0 0.33661413252095207 0.33203713981619537 0.3313487276628525
9 993.0 0.0 -1.0 -1.0 -1.0 0.0 0.3350478124148665 0.3374562516908028 0.32749593589433085
9 994.0 0.0 -1.0 -1.0 -1.0 0.0 0.3218656607355039 0.3288501304058799 0.3492842088586161
9 995.0 0.0 -1.0 -1.0 -1.0 0.0 0.33490085969797406 0.29874432625334113 0.3663548140486848
9 996.0 0.0 -1.0 -1.0 -1.0 0.0 0.3369852389717503 0.3019575385098713 0.36105722251837835
9 997.0 0.0 -1.0 -1.0 -1.0 0.0 0.3128690221668395 0.3224339617226459 0.3646970161105145
9 998.0 0.0 -1.0 -1.0 -1.0 0.0 0.3075022787523711 0.30029074259039923 0.3922069786572296
9 999.0 0.0 -1.0 -1.0 -1.0 0.0 0.3273531723872207 0.2928089565684817 0.37983787104429745
9 1000.0 0.0 -1.0 -1.0 -1.0 0.0 0.33713399483317497 0.3321364091815521 0.3307295959852732
1000000000000000000000000000000000000000000000000000000000000000000000000000000000000000000000000000
-1.0
solo con 1: -100.0
