9 0.0 81.0 -40.0 -159.0 -102.25 50.34374265231404 0.3333333333333333 0.3333333333333333 0.3333333333333333
9 1.0 81.0 -40.0 -159.0 -82.48 48.141936610465315 0.32817918488600817 0.2707324119280627 0.40108840318592903
9 2.0 72.0 -38.0 -158.0 -73.11 45.06760241990676 0.288464591934115 0.23406221731862753 0.4774731907472573
9 3.0 45.0 -37.0 -158.0 -65.17 41.522795248544206 0.26463737777121127 0.21090784494533543 0.5244547772834535
9 4.0 35.0 -36.0 -155.0 -55.02 33.236520013777955 0.24640486440003417 0.18946269863926637 0.5641324369606997
9 5.0 18.0 -35.0 -155.0 -48.04 25.790108510235026 0.2538644008087163 0.16170870736338536 0.5844268918278983
9 6.0 33.0 -32.0 -155.0 -41.62 16.99838376155364 0.223891204501886 0.1428696292620538 0.6332391662360605
9 7.0 2.0 -31.0 -155.0 -39.73 17.176360899136164 0.20231491308784905 0.13132341380519216 0.6663616731069587
9 8.0 14.0 -29.0 -154.0 -37.47 17.289837617759307 0.18016238496358575 0.11405693582590563 0.7057806792105087
9 9.0 25.0 -27.0 -154.0 -33.76 12.663572189791497 0.18128132213439246 0.0982838014664991 0.7204348763991084
9 10.0 3.0 -26.0 -154.0 -31.62 12.711070495096514 0.16974488856384481 0.08957802220669782 0.7406770892294571
9 11.0 96.0 -23.0 -153.0 -29.4 12.669058785286715 0.1673660000155058 0.0939020007735017 0.7387319992109928
9 12.0 45.0 -21.0 -151.0 -27.62 12.632153938711843 0.16370408938638256 0.09387469564219515 0.7424212149714219
9 13.0 45.0 -20.0 -151.0 -25.92 12.796527306699701 0.15706290251980315 0.0860213458587499 0.756915751621447
9 14.0 7.0 -18.0 -150.0 -23.97 12.913429701929177 0.14966828775611893 0.08600395310522993 0.7643277591386513
9 15.0 5.0 -15.0 -150.0 -21.85 13.152082448314893 0.12921327440373065 0.08384642214986425 0.7869403034464055
9 16.0 54.0 -12.0 -149.0 -19.86 13.281733487931625 0.1271811051767661 0.07830872206310098 0.7945101727601329
9 17.0 42.0 -12.0 -148.0 -17.72 13.340210347712368 0.12810462840902456 0.07625783018738942 0.7956375414035858
9 18.0 54.0 -11.0 -148.0 -16.2 13.450995982799672 0.1239345093318302 0.07681298305415671 0.7992525076140133
9 19.0 38.0 -11.0 -19.0 -13.25 1.5266984249707212 0.12171237829399117 0.0773309351165467 0.800956686589462
9 20.0 7.0 -10.0 -19.0 -12.07 1.4788406597634842 0.11274912359672003 0.082051723849706 0.8051991525535742
9 21.0 15.0 -9.0 -14.0 -10.76 1.111191916253657 0.12115122120707683 0.10098487869597028 0.7778639000969527
9 22.0 56.0 -7.0 -14.0 -9.68 1.270329631921327 0.1315325143483347 0.10509282221613381 0.7633746634355317
9 23.0 40.0 -6.0 -14.0 -8.77 1.3547894838145684 0.13525377620569823 0.10988839139744093 0.7548578323968613
9 24.0 25.0 -5.0 -11.0 -7.56 1.3205447299650193 0.13844221836450424 0.10881889085143127 0.7527388907840645
9 25.0 10.0 -4.0 -11.0 -6.49 1.5795089378817984 0.11993087223146366 0.10887966327707196 0.7711894644914642
9 26.0 40.0 -3.0 -11.0 -5.37 1.66760579601688 0.11744312936185405 0.09468045494274788 0.7878764156953977
9 27.0 19.0 -2.0 -11.0 -4.31 1.4954138645413941 0.11383944226419535 0.10229011094397228 0.7838704467918325
9 28.0 2.0 -2.0 -11.0 -3.39 1.2382375875543112 0.12000599843884988 0.09879308213441874 0.781200919426731
9 29.0 12.0 -1.0 -11.0 -2.74 1.235992219909481 0.12869547380232296 0.09787528016034727 0.77342924603733
9 30.0 2.0 -1.0 -11.0 -2.24 1.2801515061850606 0.12699109865165503 0.11460106240853062 0.7584078389398146
9 31.0 2.0 -1.0 -11.0 -1.56 1.1310136688793457 0.13827161011798494 0.12381873962619298 0.7379096502558221
9 32.0 0.0 -1.0 -3.0 -1.2 0.44946657497549425 0.17189817539035265 0.13526828275806196 0.6928335418515852
9 33.0 0.0 -1.0 -3.0 -1.05 0.26111648393354736 0.19839967913479006 0.15543378371423172 0.6461665371509779
9 34.0 0.0 -1.0 -2.0 -1.02 0.14070529413628954 0.24819499972912262 0.20988282751591078 0.5419221727549666
9 35.0 0.0 -1.0 -1.0 -1.0 0.0 0.2615504441832417 0.23002476133036964 0.5084247944863888
9 36.0 0.0 -1.0 -1.0 -1.0 0.0 0.26221111463858515 0.26587865960007706 0.4719102257613376
9 37.0 0.0 -1.0 -1.0 -1.0 0.0 0.27225798200991735 0.28518148699733104 0.44256053099275156
9 38.0 0.0 -1.0 -1.0 -1.0 0.0 0.29238233341758624 0.29190483511160575 0.4157128314708078
9 39.0 0.0 -1.0 -1.0 -1.0 0.0 0.31365639239477067 0.3074539290993981 0.37888967850583105
9 40.0 0.0 -1.0 -1.0 -1.0 0.0 0.2936804643643704 0.326467712375417 0.3798518232602129
9 41.0 0.0 -1.0 -1.0 -1.0 0.0 0.27917036672592654 0.33430097006814224 0.3865286632059312
9 42.0 0.0 -1.0 -1.0 -1.0 0.0 0.2726867930590919 0.346643649197741 0.3806695577431673
9 43.0 0.0 -1.0 -1.0 -1.0 0.0 0.2982250062715024 0.3504946407231108 0.3512803530053868
9 44.0 0.0 -1.0 -1.0 -1.0 0.0 0.3168616664325043 0.3326688182167033 0.35046951535079224
9 45.0 0.0 -1.0 -1.0 -1.0 0.0 0.304281095910471 0.35871752019770736 0.3370013838918215
9 46.0 0.0 -1.0 -1.0 -1.0 0.0 0.31121054214235017 0.3605715995739369 0.32821785828371275
9 47.0 0.0 -1.0 -1.0 -1.0 0.0 0.3101035323260523 0.3536003190388516 0.3362961486350962
9 48.0 0.0 -1.0 -1.0 -1.0 0.0 0.3476229590461238 0.32429374446403647 0.3280832964898398
9 49.0 0.0 -1.0 -1.0 -1.0 0.0 0.330280275102912 0.32990774982042076 0.3398119750766672
9 50.0 0.0 -1.0 -1.0 -1.0 0.0 0.31046892091250905 0.3362933369080982 0.35323774217939286
9 51.0 0.0 -1.0 -1.0 -1.0 0.0 0.33355646243444104 0.3243183496588584 0.34212518790670016
9 52.0 0.0 -1.0 -1.0 -1.0 0.0 0.32787759878594974 0.31579511792804515 0.35632728328600477
9 53.0 0.0 -1.0 -1.0 -1.0 0.0 0.3244272412722593 0.3417807521747658 0.33379200655297475
9 54.0 0.0 -1.0 -1.0 -1.0 0.0 0.32684426412693623 0.35734145511314525 0.3158142807599184
9 55.0 0.0 -1.0 -1.0 -1.0 0.0 0.31597305619863947 0.3523337607727553 0.331693183028605
9 56.0 0.0 -1.0 -1.0 -1.0 0.0 0.32976350227654033 0.3299043649015602 0.3403321328218994
9 57.0 0.0 -1.0 -1.0 -1.0 0.0 0.3137005205669832 0.34313249813791935 0.3431669812950971
9 58.0 0.0 -1.0 -1.0 -1.0 0.0 0.32275199975518765 0.3351501694530953 0.3420978307917168
9 59.0 0.0 -1.0 -1.0 -1.0 0.0 0.34865988733350795 0.31178490268462156 0.3395552099818706
9 60.0 0.0 -1.0 -1.0 -1.0 0.0 0.34781646889740125 0.2988495152424194 0.35333401586017965
9 61.0 0.0 -1.0 -1.0 -1.0 0.0 0.3455213607391724 0.28943594367954817 0.3650426955812794
9 62.0 0.0 -1.0 -1.0 -1.0 0.0 0.35390329447146274 0.31896133769018276 0.32713536783835473
9 63.0 0.0 -1.0 -1.0 -1.0 0.0 0.3147285796729249 0.3255391818994968 0.3597322384275782
9 64.0 0.0 -1.0 -1.0 -1.0 0.0 0.3078593194446835 0.3244446108371879 0.3676960697181282
9 65.0 0.0 -1.0 -1.0 -1.0 0.0 0.3003847320200146 0.3149077261837432 0.38470754179624217
9 66.0 0.0 -1.0 -1.0 -1.0 0.0 0.30100901432036486 0.3306971769135981 0.3682938087660371
9 67.0 0.0 -1.0 -1.0 -1.0 0.0 0.3045482817457931 0.3683624701148362 0.3270892481393707
9 68.0 0.0 -1.0 -1.0 -1.0 0.0 0.3245013792152587 0.3440478393016664 0.3314507814830751
9 69.0 0.0 -1.0 -1.0 -1.0 0.0 0.32654096764122265 0.3415024461059861 0.3319565862527915
9 70.0 0.0 -1.0 -1.0 -1.0 0.0 0.3361444610176659 0.3433006579421527 0.32055488104018137
9 71.0 0.0 -1.0 -1.0 -1.0 0.0 0.3457154490351938 0.3303082495994033 0.3239763013654027
9 72.0 0.0 -1.0 -1.0 -1.0 0.0 0.31833048784040263 0.3702146344691187 0.31145487769047864
9 73.0 0.0 -1.0 -1.0 -1.0 0.0 0.3120106029916847 0.37906665714441706 0.3089227398638984
9 74.0 0.0 -1.0 -1.0 -1.0 0.0 0.3069858995805583 0.3692605039178979 0.3237535965015437
9 75.0 0.0 -1.0 -1.0 -1.0 0.0 0.31202289696077 0.3683384296776571 0.31963867336157276
9 76.0 0.0 -1.0 -1.0 -1.0 0.0 0.3326232760880401 0.34378276292622834 0.32359396098573157
9 77.0 0.0 -1.0 -1.0 -1.0 0.0 0.33313240838407737 0.3409924766301687 0.3258751149857537
9 78.0 0.0 -1.0 -1.0 -1.0 0.0 0.37198567603032723 0.33203635462989234 0.2959779693397804
9 79.0 0.0 -1.0 -1.0 -1.0 0.0 0.35188334102995206 0.3324888497287084 0.3156278092413395
9 80.0 0.0 -1.0 -1.0 -1.0 0.0 0.36054223462070695 0.3112256774328976 0.32823208794639563
9 81.0 0.0 -1.0 -1.0 -1.0 0.0 0.3530520407564014 0.2968401898270002 0.3501077694165985
9 82.0 0.0 -1.0 -1.0 -1.0 0.0 0.3426591021291173 0.31665992654815484 0.34068097132272784
9 83.0 0.0 -1.0 -1.0 -1.0 0.0 0.34467757315114694 0.3230078611968621 0.3323145656519911
9 84.0 0.0 -1.0 -1.0 -1.0 0.0 0.3353642684666101 0.33305683520979285 0.3315788963235971
9 85.0 0.0 -1.0 -1.0 -1.0 0.0 0.3398456920378127 0.367869391759049 0.2922849162031382
9 86.0 0.0 -1.0 -1.0 -1.0 0.0 0.3526000298052056 0.3663504548902315 0.28104951530456307
9 87.0 0.0 -1.0 -1.0 -1.0 0.0 0.37175654391614527 0.3293612405828516 0.29888221550100297
9 88.0 0.0 -1.0 -1.0 -1.0 0.0 0.3674044228981157 0.329893328346339 0.302702248755545
9 89.0 0.0 -1.0 -1.0 -1.0 0.0 0.344963990746243 0.3392777519634819 0.31575825729027485
9 90.0 0.0 -1.0 -1.0 -1.0 0.0 0.3667818462312794 0.34656113246944964 0.28665702129927095
9 91.0 0.0 -1.0 -1.0 -1.0 0.0 0.3570953643988037 0.3184825238224286 0.3244221117787681
9 92.0 0.0 -1.0 -1.0 -1.0 0.0 0.36370104840231 0.3012262573701667 0.335072694227523
9 93.0 0.0 -1.0 -1.0 -1.0 0.0 0.38156530048919274 0.305554971591751 0.3128797279190563
9 94.0 0.0 -1.0 -1.0 -1.0 0.0 0.3625407288828455 0.3202719864412809 0.3171872846758737
9 95.0 0.0 -1.0 -1.0 -1.0 0.0 0.3552433253219887 0.3176442711754551 0.3271124035025562
9 96.0 0.0 -1.0 -1.0 -1.0 0.0 0.33853646319594566 0.31876366084555413 0.3426998759584999
9 97.0 0.0 -1.0 -1.0 -1.0 0.0 0.33256685843361694 0.3506050593846788 0.3168280821817042
9 98.0 0.0 -1.0 -1.0 -1.0 0.0 0.3237210314024216 0.3475709684905543 0.3287080001070241
9 99.0 0.0 -1.0 -1.0 -1.0 0.0 0.33525644000018723 0.34201511695497444 0.32272844304483816
9 100.0 0.0 -1.0 -1.0 -1.0 0.0 0.3079853467717894 0.3376026280827803 0.35441202514543035
9 101.0 0.0 -1.0 -1.0 -1.0 0.0 0.3070874449962581 0.34779902916838007 0.3451135258353619
9 102.0 0.0 -1.0 -1.0 -1.0 0.0 0.33816071407371234 0.3208629981961404 0.3409762877301468
9 103.0 0.0 -1.0 -1.0 -1.0 0.0 0.34696808907707755 0.3190946754214209 0.33393723550150173
9 104.0 0.0 -1.0 -1.0 -1.0 0.0 0.3613390965045619 0.29868830246179057 0.3399726010336474
9 105.0 0.0 -1.0 -1.0 -1.0 0.0 0.3514932006894758 0.2966740182834941 0.35183278102703
9 106.0 0.0 -1.0 -1.0 -1.0 0.0 0.3585180575576256 0.29424156626415804 0.34724037617821624
9 107.0 0.0 -1.0 -1.0 -1.0 0.0 0.3588721587006141 0.3019606036238476 0.33916723767553825
9 108.0 0.0 -1.0 -1.0 -1.0 0.0 0.3617481855216781 0.3048398270369701 0.33341198744135164
9 109.0 0.0 -1.0 -1.0 -1.0 0.0 0.39504102234751104 0.2910159443865386 0.3139430332659502
9 110.0 0.0 -1.0 -1.0 -1.0 0.0 0.3961316993205027 0.28738365688130985 0.3164846437981874
9 111.0 0.0 -1.0 -1.0 -1.0 0.0 0.3688635068520114 0.2694360210846753 0.36170047206331335
9 112.0 0.0 -1.0 -1.0 -1.0 0.0 0.3479173445118292 0.3062234854506338 0.345859170037537
9 113.0 0.0 -1.0 -1.0 -1.0 0.0 0.326604732781799 0.3207919276241033 0.3526033395940976
9 114.0 0.0 -1.0 -1.0 -1.0 0.0 0.3510929343782555 0.3440601542327891 0.30484691138895564
9 115.0 0.0 -1.0 -1.0 -1.0 0.0 0.35548926167135514 0.32617953511744757 0.3183312032111971
9 116.0 0.0 -1.0 -1.0 -1.0 0.0 0.3296489807655203 0.35611660920343857 0.3142344100310411
9 117.0 0.0 -1.0 -1.0 -1.0 0.0 0.32447001697239664 0.3457521480675321 0.3297778349600711
9 118.0 0.0 -1.0 -1.0 -1.0 0.0 0.3432258081609194 0.3391511598253159 0.31762303201376474
9 119.0 0.0 -1.0 -1.0 -1.0 0.0 0.32494872177297673 0.34535826838407024 0.32969300984295297
9 120.0 0.0 -1.0 -1.0 -1.0 0.0 0.31207129853349086 0.33986686369757807 0.34806183776893107
9 121.0 0.0 -1.0 -1.0 -1.0 0.0 0.3188943950623521 0.3396052614404059 0.34150034349724206
9 122.0 0.0 -1.0 -1.0 -1.0 0.0 0.33140314056534464 0.3412193710155323 0.32737748841912295
9 123.0 0.0 -1.0 -1.0 -1.0 0.0 0.33578119114011606 0.33184984207021356 0.3323689667896702
9 124.0 0.0 -1.0 -1.0 -1.0 0.0 0.3505247222446856 0.325542197985826 0.3239330797694881
9 125.0 0.0 -1.0 -1.0 -1.0 0.0 0.35147585492294664 0.31558095877206027 0.332943186304993
9 126.0 0.0 -1.0 -1.0 -1.0 0.0 0.31343391289619826 0.3365864369246686 0.3499796501791332
9 127.0 0.0 -1.0 -1.0 -1.0 0.0 0.340529209545521 0.34940419295681463 0.31006659749766424
9 128.0 0.0 -1.0 -1.0 -1.0 0.0 0.3201307798005312 0.37253319531627815 0.3073360248831906
9 129.0 0.0 -1.0 -1.0 -1.0 0.0 0.33641622953510364 0.32752170490389715 0.3360620655609992
9 130.0 0.0 -1.0 -1.0 -1.0 0.0 0.35077128969701865 0.32641163248010174 0.3228170778228796
9 131.0 0.0 -1.0 -1.0 -1.0 0.0 0.36568028484290793 0.3041012631453375 0.33021845201175476
9 132.0 0.0 -1.0 -1.0 -1.0 0.0 0.35653165067694487 0.3239560141707481 0.31951233515230687
9 133.0 0.0 -1.0 -1.0 -1.0 0.0 0.35508126033090237 0.3183906744919128 0.3265280651771849
9 134.0 0.0 -1.0 -1.0 -1.0 0.0 0.3688076508885322 0.3271171867585832 0.3040751623528848
9 135.0 0.0 -1.0 -1.0 -1.0 0.0 0.3722789744794202 0.33102276651030677 0.29669825901027297
9 136.0 0.0 -1.0 -1.0 -1.0 0.0 0.35734419166433085 0.3448813947539652 0.297774413581704
9 137.0 0.0 -1.0 -1.0 -1.0 0.0 0.37265275638966644 0.32951501363155006 0.29783222997878345
9 138.0 0.0 -1.0 -1.0 -1.0 0.0 0.36613320603604405 0.3246188667100238 0.309247927253932
9 139.0 0.0 -1.0 -1.0 -1.0 0.0 0.3479784042074978 0.3327736785065274 0.3192479172859749
9 140.0 0.0 -1.0 -1.0 -1.0 0.0 0.3636053115318514 0.33240453394341346 0.3039901545247355
9 141.0 0.0 -1.0 -1.0 -1.0 0.0 0.3565500778917914 0.34782722677341094 0.29562269533479774
9 142.0 0.0 -1.0 -1.0 -1.0 0.0 0.3683667175219591 0.31004257696034593 0.32159070551769475
9 143.0 0.0 -1.0 -1.0 -1.0 0.0 0.3385125416920042 0.3329825535608688 0.328504904747127
9 144.0 0.0 -1.0 -1.0 -1.0 0.0 0.3126297152224815 0.33612576402522815 0.35124452075229023
9 145.0 0.0 -1.0 -1.0 -1.0 0.0 0.31959921304197186 0.3470588183222361 0.33334196863579213
9 146.0 0.0 -1.0 -1.0 -1.0 0.0 0.3344272386914578 0.3455590860437974 0.32001367526474467
9 147.0 0.0 -1.0 -1.0 -1.0 0.0 0.3206485831359807 0.37609218399980565 0.3032592328642138
9 148.0 0.0 -1.0 -1.0 -1.0 0.0 0.3004501099725872 0.38519455094646615 0.31435533908094665
9 149.0 0.0 -1.0 -1.0 -1.0 0.0 0.3421799250636719 0.35009923575361396 0.3077208391827141
9 150.0 0.0 -1.0 -1.0 -1.0 0.0 0.3259593835647716 0.3562741511723077 0.31776646526292046
9 151.0 0.0 -1.0 -1.0 -1.0 0.0 0.30345221356188296 0.35154574210005185 0.3450020443380651
9 152.0 0.0 -1.0 -1.0 -1.0 0.0 0.29585397422767395 0.34133661344064703 0.36280941233167896
9 153.0 0.0 -1.0 -1.0 -1.0 0.0 0.29482005666955957 0.3455533651563995 0.3596265781740407
9 154.0 0.0 -1.0 -1.0 -1.0 0.0 0.3164559844082443 0.33817156735130544 0.3453724482404503
9 155.0 0.0 -1.0 -1.0 -1.0 0.0 0.32249156866571044 0.356790838862401 0.32071759247188875
9 156.0 0.0 -1.0 -1.0 -1.0 0.0 0.33455278230872204 0.3306207579846865 0.3348264597065915
9 157.0 0.0 -1.0 -1.0 -1.0 0.0 0.31116029097484377 0.35056990454011155 0.3382698044850448
9 158.0 0.0 -1.0 -1.0 -1.0 0.0 0.3142886451222841 0.3591396577281032 0.3265716971496125
9 159.0 0.0 -1.0 -1.0 -1.0 0.0 0.32884626165910974 0.3260044470083522 0.3451492913325383
9 160.0 0.0 -1.0 -1.0 -1.0 0.0 0.3455158697529183 0.32969974581336636 0.3247843844337153
9 161.0 0.0 -1.0 -1.0 -1.0 0.0 0.34504781779727045 0.29546211112347054 0.35949007107925895
9 162.0 0.0 -1.0 -1.0 -1.0 0.0 0.35349235882742364 0.2979901689393628 0.3485174722332133
9 163.0 0.0 -1.0 -1.0 -1.0 0.0 0.36322627407939445 0.2909703511667642 0.34580337475384154
9 164.0 0.0 -1.0 -1.0 -1.0 0.0 0.3554561538176486 0.3024971065309576 0.34204673965139354
9 165.0 0.0 -1.0 -1.0 -1.0 0.0 0.3537486446722737 0.2907795263834603 0.355471828944266
9 166.0 0.0 -1.0 -1.0 -1.0 0.0 0.37694433036673025 0.27134292403308663 0.3517127456001832
9 167.0 0.0 -1.0 -1.0 -1.0 0.0 0.3748623244280404 0.27666652495401683 0.34847115061794265
9 168.0 0.0 -1.0 -1.0 -1.0 0.0 0.38370437795184614 0.2798278164695496 0.33646780557860434
9 169.0 0.0 -1.0 -1.0 -1.0 0.0 0.36112287487888567 0.304947582107004 0.3339295430141104
9 170.0 0.0 -1.0 -1.0 -1.0 0.0 0.35117877307467305 0.3093041906000049 0.3395170363253223
9 171.0 0.0 -1.0 -1.0 -1.0 0.0 0.3516971377643322 0.2973563147302993 0.35094654750536863
9 172.0 0.0 -1.0 -1.0 -1.0 0.0 0.34399061541928605 0.32503787631003894 0.33097150827067523
9 173.0 0.0 -1.0 -1.0 -1.0 0.0 0.36221962409737385 0.30325907734677976 0.3345212985558462
9 174.0 0.0 -1.0 -1.0 -1.0 0.0 0.30775025542559103 0.3394211776586568 0.35282856691575226
9 175.0 0.0 -1.0 -1.0 -1.0 0.0 0.3293743356618934 0.30506249281983816 0.36556317151826834
9 176.0 0.0 -1.0 -1.0 -1.0 0.0 0.3111292155323067 0.30519103210141935 0.38367975236627394
9 177.0 0.0 -1.0 -1.0 -1.0 0.0 0.30305535040644355 0.29862316204235007 0.3983214875512066
9 178.0 0.0 -1.0 -1.0 -1.0 0.0 0.3262977235585586 0.3267674466220732 0.34693482981936824
9 179.0 0.0 -1.0 -1.0 -1.0 0.0 0.3464759325219775 0.3232598558570674 0.3302642116209551
9 180.0 0.0 -1.0 -1.0 -1.0 0.0 0.29993903331666255 0.3366796265760981 0.3633813401072395
9 181.0 0.0 -1.0 -1.0 -1.0 0.0 0.3019580166870171 0.3326527928234856 0.36538919048949736
9 182.0 0.0 -1.0 -1.0 -1.0 0.0 0.30827295154483897 0.34515432109667715 0.3465727273584836
9 183.0 0.0 -1.0 -1.0 -1.0 0.0 0.31456662967689886 0.34725954548102417 0.338173824842077
9 184.0 0.0 -1.0 -1.0 -1.0 0.0 0.33959558871520273 0.320325879828769 0.34007853145602823
9 185.0 0.0 -1.0 -1.0 -1.0 0.0 0.34099343104927854 0.3374738896147816 0.32153267933593993
9 186.0 0.0 -1.0 -1.0 -1.0 0.0 0.33847758291831426 0.3427567408921941 0.31876567618949186
9 187.0 0.0 -1.0 -1.0 -1.0 0.0 0.35731915730580505 0.3293234091268108 0.3133574335673843
9 188.0 0.0 -1.0 -1.0 -1.0 0.0 0.34127928459292484 0.3175301771048034 0.3411905383022716
9 189.0 0.0 -1.0 -1.0 -1.0 0.0 0.33302079001406165 0.30398322633492575 0.3629959836510128
9 190.0 0.0 -1.0 -1.0 -1.0 0.0 0.3519801072911088 0.3033428255803905 0.3446770671285008
9 191.0 0.0 -1.0 -1.0 -1.0 0.0 0.3648454026646274 0.3178795379479093 0.31727505938746314
9 192.0 0.0 -1.0 -1.0 -1.0 0.0 0.35338290917022236 0.3083612910422156 0.33825579978756204
9 193.0 0.0 -1.0 -1.0 -1.0 0.0 0.3884772094380291 0.30130040889303455 0.31022238166893634
9 194.0 0.0 -1.0 -1.0 -1.0 0.0 0.39672982730486617 0.3011400121753247 0.30213016051980923
9 195.0 0.0 -1.0 -1.0 -1.0 0.0 0.3915770489166758 0.2846492839184129 0.3237736671649113
9 196.0 0.0 -1.0 -1.0 -1.0 0.0 0.3649001285470723 0.3069401672549679 0.32815970419795987
9 197.0 0.0 -1.0 -1.0 -1.0 0.0 0.33901537852034935 0.3068795226283325 0.35410509885131813
9 198.0 0.0 -1.0 -1.0 -1.0 0.0 0.29188172140182017 0.32615235248159763 0.38196592611658203
9 199.0 0.0 -1.0 -1.0 -1.0 0.0 0.3054000670480254 0.3592872064105706 0.33531272654140387
9 200.0 0.0 -1.0 -1.0 -1.0 0.0 0.32410671991241335 0.342862404621711 0.3330308754658758
9 201.0 0.0 -1.0 -1.0 -1.0 0.0 0.3178186051535825 0.33398733464651653 0.34819406019990107
9 202.0 0.0 -1.0 -1.0 -1.0 0.0 0.29779405844035245 0.33396956150142354 0.3682363800582241
9 203.0 0.0 -1.0 -1.0 -1.0 0.0 0.28611850201188244 0.32714133982538374 0.38674015816273366
9 204.0 0.0 -1.0 -1.0 -1.0 0.0 0.3138078200537418 0.3241996678562416 0.36199251209001654
9 205.0 0.0 -1.0 -1.0 -1.0 0.0 0.31129730236985476 0.334869122459877 0.35383357517026826
9 206.0 0.0 -1.0 -1.0 -1.0 0.0 0.295592981812453 0.3765226678985962 0.32788435028895085
9 207.0 0.0 -1.0 -1.0 -1.0 0.0 0.3113411437500748 0.3699418688398402 0.3187169874100848
9 208.0 0.0 -1.0 -1.0 -1.0 0.0 0.29070614495348246 0.3632370734099629 0.3460567816365546
9 209.0 0.0 -1.0 -1.0 -1.0 0.0 0.33729260732819183 0.3444760935174366 0.31823129915437165
9 210.0 0.0 -1.0 -1.0 -1.0 0.0 0.33082793425626206 0.35486346705092736 0.31430859869281047
9 211.0 0.0 -1.0 -1.0 -1.0 0.0 0.30462220881832 0.36660994018261506 0.3287678509990649
9 212.0 0.0 -1.0 -1.0 -1.0 0.0 0.31370572128905116 0.33268577000046534 0.3536085087104835
9 213.0 0.0 -1.0 -1.0 -1.0 0.0 0.3153502124439573 0.36239482469228007 0.32225496286376276
9 214.0 0.0 -1.0 -1.0 -1.0 0.0 0.31126327553798444 0.3806623425074081 0.30807438195460757
9 215.0 0.0 -1.0 -1.0 -1.0 0.0 0.3202702735687364 0.3538072167328836 0.3259225096983797
9 216.0 0.0 -1.0 -1.0 -1.0 0.0 0.3334272999935196 0.3461706827232332 0.3204020172832472
9 217.0 0.0 -1.0 -1.0 -1.0 0.0 0.333633569678593 0.33151928903373296 0.3348471412876743
9 218.0 0.0 -1.0 -1.0 -1.0 0.0 0.32625030395896276 0.32744559283697255 0.34630410320406435
9 219.0 0.0 -1.0 -1.0 -1.0 0.0 0.33261477558401564 0.3278005328024595 0.33958469161352495
9 220.0 0.0 -1.0 -1.0 -1.0 0.0 0.35667462095075203 0.3109969656991477 0.3323284133501002
9 221.0 0.0 -1.0 -1.0 -1.0 0.0 0.3379288346675014 0.3224866211997557 0.339584544132743
9 222.0 0.0 -1.0 -1.0 -1.0 0.0 0.3461724580756801 0.3128183859960931 0.34100915592822695
9 223.0 0.0 -1.0 -1.0 -1.0 0.0 0.31566990038553994 0.33745313656443754 0.34687696305002264
9 224.0 0.0 -1.0 -1.0 -1.0 0.0 0.33575606069681463 0.3365883701161376 0.327655569187048
9 225.0 0.0 -1.0 -1.0 -1.0 0.0 0.3588572030365442 0.3024672880128712 0.33867550895058457
9 226.0 0.0 -1.0 -1.0 -1.0 0.0 0.3520384558677901 0.314479526407525 0.33348201772468483
9 227.0 0.0 -1.0 -1.0 -1.0 0.0 0.35328912392714834 0.31015932015719316 0.33655155591565866
9 228.0 0.0 -1.0 -1.0 -1.0 0.0 0.3614351353311174 0.3218584651952211 0.31670639947366147
9 229.0 0.0 -1.0 -1.0 -1.0 0.0 0.3615301411480909 0.32334915691932614 0.31512070193258274
9 230.0 0.0 -1.0 -1.0 -1.0 0.0 0.3630413904780647 0.3403313750525541 0.2966272344693812
9 231.0 0.0 -1.0 -1.0 -1.0 0.0 0.3348365801524338 0.3233691396979081 0.3417942801496585
9 232.0 0.0 -1.0 -1.0 -1.0 0.0 0.3201003530035939 0.3374492257445997 0.3424504212518065
9 233.0 0.0 -1.0 -1.0 -1.0 0.0 0.34196481167707427 0.346125671665916 0.3119095166570098
9 234.0 0.0 -1.0 -1.0 -1.0 0.0 0.3350743045224362 0.35765395007169964 0.3072717454058641
9 235.0 0.0 -1.0 -1.0 -1.0 0.0 0.3426139581813428 0.3479885467579127 0.30939749506074415
9 236.0 0.0 -1.0 -1.0 -1.0 0.0 0.35375662588464474 0.3375701624171755 0.30867321169817963
9 237.0 0.0 -1.0 -1.0 -1.0 0.0 0.34065270697754285 0.3380958394724235 0.3212514535500336
9 238.0 0.0 -1.0 -1.0 -1.0 0.0 0.330652239508021 0.3412208642711916 0.3281268962207875
9 239.0 0.0 -1.0 -1.0 -1.0 0.0 0.33574801092344275 0.3532728556568149 0.3109791334197427
9 240.0 0.0 -1.0 -1.0 -1.0 0.0 0.35676252600397285 0.33150928469374025 0.31172818930228685
9 241.0 0.0 -1.0 -1.0 -1.0 0.0 0.3836457068350681 0.32883562675824246 0.28751866640668955
9 242.0 0.0 -1.0 -1.0 -1.0 0.0 0.32391512620046503 0.3534278475986121 0.3226570262009228
9 243.0 0.0 -1.0 -1.0 -1.0 0.0 0.321376611373118 0.34253256168412544 0.3360908269427562
9 244.0 0.0 -1.0 -1.0 -1.0 0.0 0.32114519957336696 0.340145173025252 0.33870962740138066
9 245.0 0.0 -1.0 -1.0 -1.0 0.0 0.286834971976136 0.3694343344439803 0.34373069357988384
9 246.0 0.0 -1.0 -1.0 -1.0 0.0 0.35869700370587465 0.33750459617446354 0.30379840011966186
9 247.0 0.0 -1.0 -1.0 -1.0 0.0 0.3400036801763244 0.3340579480062133 0.32593837181746194
9 248.0 0.0 -1.0 -1.0 -1.0 0.0 0.3318622975285389 0.36152176338558556 0.3066159390858752
9 249.0 0.0 -1.0 -1.0 -1.0 0.0 0.34881661516130724 0.34354378912372396 0.3076395957149686
9 250.0 0.0 -1.0 -1.0 -1.0 0.0 0.36103644201570995 0.31669515270144655 0.32226840528284356
9 251.0 0.0 -1.0 -1.0 -1.0 0.0 0.34421141311919207 0.31998568116591836 0.3358029057148896
9 252.0 0.0 -1.0 -1.0 -1.0 0.0 0.3350052049839565 0.3505228662886705 0.31447192872737334
9 253.0 0.0 -1.0 -1.0 -1.0 0.0 0.3252982741515644 0.34818125828057306 0.3265204675678626
9 254.0 0.0 -1.0 -1.0 -1.0 0.0 0.322420184532905 0.3357792349429735 0.34180058052412127
9 255.0 0.0 -1.0 -1.0 -1.0 0.0 0.3137812690818968 0.3476625118429859 0.3385562190751171
9 256.0 0.0 -1.0 -1.0 -1.0 0.0 0.3284472239813049 0.3447262599552628 0.3268265160634323
9 257.0 0.0 -1.0 -1.0 -1.0 0.0 0.30938037644104677 0.31449938635438607 0.376120237204567
9 258.0 0.0 -1.0 -1.0 -1.0 0.0 0.30132653981881946 0.3578419073132037 0.3408315528679773
9 259.0 0.0 -1.0 -1.0 -1.0 0.0 0.3347238285767268 0.3418808161220771 0.32339535530119595
9 260.0 0.0 -1.0 -1.0 -1.0 0.0 0.3377969917427912 0.3193737820347491 0.3428292262224597
9 261.0 0.0 -1.0 -1.0 -1.0 0.0 0.3481254528480008 0.3221749667263732 0.3296995804256261
9 262.0 0.0 -1.0 -1.0 -1.0 0.0 0.34664043752264134 0.347458331524648 0.30590123095271077
9 263.0 0.0 -1.0 -1.0 -1.0 0.0 0.35161500100429016 0.32917585009390726 0.31920914890180246
9 264.0 0.0 -1.0 -1.0 -1.0 0.0 0.33940331573927096 0.33890818626238856 0.3216884979983405
9 265.0 0.0 -1.0 -1.0 -1.0 0.0 0.3364089976433725 0.2981562837796257 0.365434718577002
9 266.0 0.0 -1.0 -1.0 -1.0 0.0 0.3453091548035838 0.3158712101909941 0.33881963500542184
9 267.0 0.0 -1.0 -1.0 -1.0 0.0 0.35105374402227596 0.31422842728873634 0.3347178286889877
9 268.0 0.0 -1.0 -1.0 -1.0 0.0 0.33741899605656556 0.29706099203129754 0.3655200119121366
9 269.0 0.0 -1.0 -1.0 -1.0 0.0 0.3486740203698483 0.2989006130198995 0.3524253666102525
9 270.0 0.0 -1.0 -1.0 -1.0 0.0 0.3243872349685553 0.31749115942512984 0.35812160560631495
9 271.0 0.0 -1.0 -1.0 -1.0 0.0 0.34143012004748735 0.3233303484022716 0.3352395315502411
9 272.0 0.0 -1.0 -1.0 -1.0 0.0 0.3590109323731213 0.31580154437365204 0.3251875232532266
9 273.0 0.0 -1.0 -1.0 -1.0 0.0 0.35452210784002725 0.31910707910390046 0.3263708130560723
9 274.0 0.0 -1.0 -1.0 -1.0 0.0 0.3447526722416429 0.3385051473261399 0.3167421804322173
9 275.0 0.0 -1.0 -1.0 -1.0 0.0 0.3386229507790152 0.32481881553697456 0.3365582336840103
9 276.0 0.0 -1.0 -1.0 -1.0 0.0 0.3303184306586694 0.31037627910292237 0.3593052902384082
9 277.0 0.0 -1.0 -1.0 -1.0 0.0 0.3359791747830666 0.3051204569569227 0.35890036826001065
9 278.0 0.0 -1.0 -1.0 -1.0 0.0 0.3298980100560602 0.3142955791497938 0.355806410794146
9 279.0 0.0 -1.0 -1.0 -1.0 0.0 0.32968010388547875 0.3457381321919037 0.3245817639226175
9 280.0 0.0 -1.0 -1.0 -1.0 0.0 0.31452803449320066 0.3782262823377408 0.3072456831690584
9 281.0 0.0 -1.0 -1.0 -1.0 0.0 0.32135522697550234 0.38395377154748883 0.29469100147700844
9 282.0 0.0 -1.0 -1.0 -1.0 0.0 0.31855746502854254 0.3692873151992192 0.3121552197722383
9 283.0 0.0 -1.0 -1.0 -1.0 0.0 0.33392350383083075 0.3628787932027903 0.3031977029663788
9 284.0 0.0 -1.0 -1.0 -1.0 0.0 0.33540604379952105 0.34625153490381777 0.318342421296661
9 285.0 0.0 -1.0 -1.0 -1.0 0.0 0.35849274502036244 0.33864397254535045 0.3028632824342869
9 286.0 0.0 -1.0 -1.0 -1.0 0.0 0.36965499750758474 0.3273984096704377 0.30294659282197745
9 287.0 0.0 -1.0 -1.0 -1.0 0.0 0.3406960564726528 0.3461251703730448 0.31317877315430226
9 288.0 0.0 -1.0 -1.0 -1.0 0.0 0.33234270977869057 0.33752996517954714 0.3301273250417621
9 289.0 0.0 -1.0 -1.0 -1.0 0.0 0.3302021525730834 0.334614981865879 0.3351828655610374
9 290.0 0.0 -1.0 -1.0 -1.0 0.0 0.33150395735401955 0.32975458265409857 0.3387414599918819
9 291.0 0.0 -1.0 -1.0 -1.0 0.0 0.3116997646780496 0.3680341655201264 0.3202660698018239
9 292.0 0.0 -1.0 -1.0 -1.0 0.0 0.3098533751124421 0.3342089959411856 0.35593762894637215
9 293.0 0.0 -1.0 -1.0 -1.0 0.0 0.3039395994529956 0.3371226014770034 0.3589377990700011
9 294.0 0.0 -1.0 -1.0 -1.0 0.0 0.30459274203225867 0.3321227288749506 0.3632845290927911
9 295.0 0.0 -1.0 -1.0 -1.0 0.0 0.29254870642044506 0.3586098673618837 0.34884142621767117
9 296.0 0.0 -1.0 -1.0 -1.0 0.0 0.3039202529302537 0.34210146533140673 0.35397828173833945
9 297.0 0.0 -1.0 -1.0 -1.0 0.0 0.33598019288492054 0.31867292186459084 0.3453468852504884
9 298.0 0.0 -1.0 -1.0 -1.0 0.0 0.3257748106391152 0.32192662840709035 0.3522985609537946
9 299.0 0.0 -1.0 -1.0 -1.0 0.0 0.3182215163887376 0.348381203728768 0.3333972798824943
9 300.0 0.0 -1.0 -1.0 -1.0 0.0 0.2988673130464137 0.3634837240332482 0.33764896292033825
9 301.0 0.0 -1.0 -1.0 -1.0 0.0 0.31567704819196307 0.30760596666533035 0.3767169851427066
9 302.0 0.0 -1.0 -1.0 -1.0 0.0 0.2916966096400748 0.3457522061862167 0.3625511841737083
9 303.0 0.0 -1.0 -1.0 -1.0 0.0 0.3090768461000005 0.32481701495815085 0.3661061389418488
9 304.0 0.0 -1.0 -1.0 -1.0 0.0 0.3110252469434947 0.32400722634204443 0.3649675267144606
9 305.0 0.0 -1.0 -1.0 -1.0 0.0 0.3246756131939606 0.29222246227474985 0.3831019245312897
9 306.0 0.0 -1.0 -1.0 -1.0 0.0 0.32745509247776106 0.2860817109728103 0.38646319654942873
9 307.0 0.0 -1.0 -1.0 -1.0 0.0 0.3390899721641231 0.2967864025622451 0.36412362527363185
9 308.0 0.0 -1.0 -1.0 -1.0 0.0 0.33932857728151056 0.2995051537991687 0.36116626891932085
9 309.0 0.0 -1.0 -1.0 -1.0 0.0 0.32059873765504143 0.30522971278847044 0.3741715495564881
9 310.0 0.0 -1.0 -1.0 -1.0 0.0 0.33257074077843385 0.29544002542645353 0.3719892337951128
9 311.0 0.0 -1.0 -1.0 -1.0 0.0 0.3414143724855348 0.293658247043006 0.36492738047145923
9 312.0 0.0 -1.0 -1.0 -1.0 0.0 0.32191693219012507 0.312483566204375 0.36559950160549987
9 313.0 0.0 -1.0 -1.0 -1.0 0.0 0.31990770148909303 0.300234872815625 0.3798574256952818
9 314.0 0.0 -1.0 -1.0 -1.0 0.0 0.3218633627526444 0.3176746115697111 0.3604620256776448
9 315.0 0.0 -1.0 -1.0 -1.0 0.0 0.3168886515712288 0.3446607852808372 0.338450563147934
9 316.0 0.0 -1.0 -1.0 -1.0 0.0 0.32699894296166016 0.32659882298431475 0.34640223405402504
9 317.0 0.0 -1.0 -1.0 -1.0 0.0 0.34204883264927427 0.3208341054199941 0.33711706193073177
9 318.0 0.0 -1.0 -1.0 -1.0 0.0 0.34736287062572463 0.32462884283278015 0.32800828654149505
9 319.0 0.0 -1.0 -1.0 -1.0 0.0 0.345531908153197 0.3264558725101171 0.32801221933668584
9 320.0 0.0 -1.0 -1.0 -1.0 0.0 0.34478808519099874 0.32592594987616685 0.3292859649328345
9 321.0 0.0 -1.0 -1.0 -1.0 0.0 0.33015278510026 0.3460397856584025 0.3238074292413373
9 322.0 0.0 -1.0 -1.0 -1.0 0.0 0.3045639797605712 0.3685787182875872 0.32685730195184165
9 323.0 0.0 -1.0 -1.0 -1.0 0.0 0.3153305903499304 0.3592046153572496 0.3254647942928198
9 324.0 0.0 -1.0 -1.0 -1.0 0.0 0.318768937513388 0.3554739144365484 0.3257571480500635
9 325.0 0.0 -1.0 -1.0 -1.0 0.0 0.3348309406237817 0.34058454059641846 0.32458451877979966
9 326.0 0.0 -1.0 -1.0 -1.0 0.0 0.372847377734119 0.31920206077732305 0.3079505614885578
9 327.0 0.0 -1.0 -1.0 -1.0 0.0 0.36063208589475293 0.2999203907299471 0.33944752337529993
9 328.0 0.0 -1.0 -1.0 -1.0 0.0 0.3711647688500617 0.2932279428819536 0.3356072882679848
9 329.0 0.0 -1.0 -1.0 -1.0 0.0 0.3634862871751842 0.29470636161525143 0.3418073512095645
9 330.0 0.0 -1.0 -1.0 -1.0 0.0 0.3351071998431339 0.3169523620857779 0.3479404380710882
9 331.0 0.0 -1.0 -1.0 -1.0 0.0 0.3409980590591909 0.33289246165048136 0.32610947929032763
9 332.0 0.0 -1.0 -1.0 -1.0 0.0 0.35331899053997246 0.3489397907424283 0.2977412187175992
9 333.0 0.0 -1.0 -1.0 -1.0 0.0 0.36055743902530857 0.3328304550932824 0.3066121058814091
9 334.0 0.0 -1.0 -1.0 -1.0 0.0 0.3485428359525394 0.34359988902308425 0.3078572750243762
9 335.0 0.0 -1.0 -1.0 -1.0 0.0 0.3720248866098085 0.3235803299194089 0.30439478347078286
9 336.0 0.0 -1.0 -1.0 -1.0 0.0 0.3689054493032629 0.34365788077855497 0.28743666991818195
9 337.0 0.0 -1.0 -1.0 -1.0 0.0 0.338947486208403 0.34341256004115045 0.31763995375044674
9 338.0 0.0 -1.0 -1.0 -1.0 0.0 0.3552366005408878 0.347423689882252 0.29733970957686023
9 339.0 0.0 -1.0 -1.0 -1.0 0.0 0.3647530417781039 0.35283722767745224 0.2824097305444439
9 340.0 0.0 -1.0 -1.0 -1.0 0.0 0.3641584454591616 0.3599902655516389 0.2758512889891994
9 341.0 0.0 -1.0 -1.0 -1.0 0.0 0.35178490884626806 0.34855456968500087 0.29966052146873134
9 342.0 0.0 -1.0 -1.0 -1.0 0.0 0.3274286100940275 0.35775562640250863 0.31481576350346385
9 343.0 0.0 -1.0 -1.0 -1.0 0.0 0.32277096923580956 0.345391122665025 0.33183790809916563
9 344.0 0.0 -1.0 -1.0 -1.0 0.0 0.3408288649175584 0.3516722054268375 0.30749892965560405
9 345.0 0.0 -1.0 -1.0 -1.0 0.0 0.3357762435014542 0.3419351077975305 0.3222886487010152
9 346.0 0.0 -1.0 -1.0 -1.0 0.0 0.3347530423647312 0.33786151782047247 0.3273854398147962
9 347.0 0.0 -1.0 -1.0 -1.0 0.0 0.3419142306109226 0.3293733542680184 0.3287124151210587
9 348.0 0.0 -1.0 -1.0 -1.0 0.0 0.3600756877476986 0.29192010416566544 0.348004208086636
9 349.0 0.0 -1.0 -1.0 -1.0 0.0 0.3810075689433286 0.28512208962792923 0.33387034142874206
9 350.0 0.0 -1.0 -1.0 -1.0 0.0 0.3583186473462186 0.29903197329436054 0.3426493793594208
9 351.0 0.0 -1.0 -1.0 -1.0 0.0 0.3749120556206719 0.29419574349119193 0.33089220088813603
9 352.0 0.0 -1.0 -1.0 -1.0 0.0 0.3624286306867039 0.3102342017475934 0.32733716756570286
9 353.0 0.0 -1.0 -1.0 -1.0 0.0 0.35819251999483465 0.30725965532327315 0.3345478246818921
9 354.0 0.0 -1.0 -1.0 -1.0 0.0 0.3516509906542156 0.3080276192475912 0.34032139009819323
9 355.0 0.0 -1.0 -1.0 -1.0 0.0 0.36744899159087197 0.2889556593334976 0.3435953490756305
9 356.0 0.0 -1.0 -1.0 -1.0 0.0 0.33663827992209155 0.3222662445428849 0.3410954755350236
9 357.0 0.0 -1.0 -1.0 -1.0 0.0 0.35908243144303964 0.34012075727896096 0.3007968112779996
9 358.0 0.0 -1.0 -1.0 -1.0 0.0 0.3402329687300369 0.34444635558742454 0.3153206756825385
9 359.0 0.0 -1.0 -1.0 -1.0 0.0 0.34205562113472426 0.31981292405425527 0.33813145481102064
9 360.0 0.0 -1.0 -1.0 -1.0 0.0 0.3257922220559739 0.33556372056697464 0.33864405737705155
9 361.0 0.0 -1.0 -1.0 -1.0 0.0 0.32046166841552753 0.35066590097687267 0.32887243060759963
9 362.0 0.0 -1.0 -1.0 -1.0 0.0 0.3336059456887591 0.32741945282236024 0.33897460148888087
9 363.0 0.0 -1.0 -1.0 -1.0 0.0 0.33406128086188913 0.33743811128891693 0.32850060784919394
9 364.0 0.0 -1.0 -1.0 -1.0 0.0 0.3406572367569594 0.32950757794007013 0.32983518530297046
9 365.0 0.0 -1.0 -1.0 -1.0 0.0 0.34388813905501947 0.34630608807436014 0.30980577287062033
9 366.0 0.0 -1.0 -1.0 -1.0 0.0 0.3297486126841915 0.3566460637547887 0.31360532356101983
9 367.0 0.0 -1.0 -1.0 -1.0 0.0 0.32565343517505874 0.35947221087159315 0.31487435395334823
9 368.0 0.0 -1.0 -1.0 -1.0 0.0 0.3447305146662692 0.3572194916572151 0.29804999367651547
9 369.0 0.0 -1.0 -1.0 -1.0 0.0 0.35079995543360754 0.3427440675119686 0.30645597705442384
9 370.0 0.0 -1.0 -1.0 -1.0 0.0 0.3384675327879967 0.33790218678890704 0.32363028042309644
9 371.0 0.0 -1.0 -1.0 -1.0 0.0 0.32773608918821134 0.33901102132570043 0.3332528894860883
9 372.0 0.0 -1.0 -1.0 -1.0 0.0 0.2946062336934175 0.3665927598690358 0.33880100643754674
9 373.0 0.0 -1.0 -1.0 -1.0 0.0 0.29420217543547383 0.3659565282599103 0.33984129630461596
9 374.0 0.0 -1.0 -1.0 -1.0 0.0 0.3030005534800605 0.37758663460011926 0.3194128119198204
9 375.0 0.0 -1.0 -1.0 -1.0 0.0 0.2892118705018675 0.39658231860042775 0.3142058108977049
9 376.0 0.0 -1.0 -1.0 -1.0 0.0 0.3045618993435786 0.379411055531452 0.31602704512496926
9 377.0 0.0 -1.0 -1.0 -1.0 0.0 0.3157606130279478 0.3511526557793029 0.33308673119274923
9 378.0 0.0 -1.0 -1.0 -1.0 0.0 0.30226781393084157 0.3498229135668229 0.3479092725023352
9 379.0 0.0 -1.0 -1.0 -1.0 0.0 0.2888197789903444 0.36270618701742063 0.34847403399223514
9 380.0 0.0 -1.0 -1.0 -1.0 0.0 0.30869327329393675 0.3381525004540586 0.3531542262520046
9 381.0 0.0 -1.0 -1.0 -1.0 0.0 0.291153214537602 0.36150172858684826 0.3473450568755496
9 382.0 0.0 -1.0 -1.0 -1.0 0.0 0.3120870186892594 0.3507781967050469 0.3371347846056936
9 383.0 0.0 -1.0 -1.0 -1.0 0.0 0.3193330345136124 0.35179886043182956 0.3288681050545581
9 384.0 0.0 -1.0 -1.0 -1.0 0.0 0.3227152069405292 0.3557366076419404 0.3215481854175302
9 385.0 0.0 -1.0 -1.0 -1.0 0.0 0.32108096445900136 0.3487078615965411 0.3302111739444576
9 386.0 0.0 -1.0 -1.0 -1.0 0.0 0.3314313930750761 0.3296331919511682 0.3389354149737558
9 387.0 0.0 -1.0 -1.0 -1.0 0.0 0.32525836379600803 0.32497260979729176 0.3497690264067001
9 388.0 0.0 -1.0 -1.0 -1.0 0.0 0.356453496692178 0.31073627820348493 0.3328102251043374
9 389.0 0.0 -1.0 -1.0 -1.0 0.0 0.3545441364224089 0.3027927830413114 0.34266308053627953
9 390.0 0.0 -1.0 -1.0 -1.0 0.0 0.34933338151858917 0.30824690566834334 0.3424197128130673
9 391.0 0.0 -1.0 -1.0 -1.0 0.0 0.3516664357486365 0.31230529697839554 0.3360282672729679
9 392.0 0.0 -1.0 -1.0 -1.0 0.0 0.3695916342824146 0.2859037340763892 0.34450463164119616
9 393.0 0.0 -1.0 -1.0 -1.0 0.0 0.3617852425023011 0.30066746077365447 0.3375472967240442
9 394.0 0.0 -1.0 -1.0 -1.0 0.0 0.37672441656457273 0.2850342879763515 0.33824129545907583
9 395.0 0.0 -1.0 -1.0 -1.0 0.0 0.32444118917917864 0.3018461863421543 0.373712624478667
9 396.0 0.0 -1.0 -1.0 -1.0 0.0 0.3239594251777258 0.33136176489600366 0.3446788099262706
9 397.0 0.0 -1.0 -1.0 -1.0 0.0 0.3173374460480155 0.33828485180100465 0.3443777021509797
9 398.0 0.0 -1.0 -1.0 -1.0 0.0 0.3347359141018345 0.348429203233241 0.3168348826649244
9 399.0 0.0 -1.0 -1.0 -1.0 0.0 0.3501895320537652 0.36669242382404765 0.2831180441221871
9 400.0 0.0 -1.0 -1.0 -1.0 0.0 0.3242113101984127 0.3637187364690449 0.312069953332542
9 401.0 0.0 -1.0 -1.0 -1.0 0.0 0.355419361317151 0.3474717188513757 0.29710891983147325
9 402.0 0.0 -1.0 -1.0 -1.0 0.0 0.3381130150959904 0.3460508201162172 0.3158361647877927
9 403.0 0.0 -1.0 -1.0 -1.0 0.0 0.3394448301411605 0.31816338677219724 0.3423917830866421
9 404.0 0.0 -1.0 -1.0 -1.0 0.0 0.30556568235905013 0.32804175782365796 0.36639255981729185
9 405.0 0.0 -1.0 -1.0 -1.0 0.0 0.3041183361610685 0.32913652052949677 0.3667451433094346
9 406.0 0.0 -1.0 -1.0 -1.0 0.0 0.328623992655894 0.30151766413250536 0.36985834321160055
9 407.0 0.0 -1.0 -1.0 -1.0 0.0 0.31480354289677775 0.3219365058819672 0.3632599512212552
9 408.0 0.0 -1.0 -1.0 -1.0 0.0 0.32346513941445976 0.3190309923108654 0.3575038682746749
9 409.0 0.0 -1.0 -1.0 -1.0 0.0 0.32636175847003757 0.3059990081628061 0.36763923336715654
9 410.0 0.0 -1.0 -1.0 -1.0 0.0 0.32065599510678583 0.31942108734975716 0.35992291754345745
9 411.0 0.0 -1.0 -1.0 -1.0 0.0 0.3241791243043785 0.32398903136427815 0.3518318443313435
9 412.0 0.0 -1.0 -1.0 -1.0 0.0 0.29899740063617003 0.34309557027613563 0.3579070290876942
9 413.0 0.0 -1.0 -1.0 -1.0 0.0 0.29761165231448544 0.3562788278771742 0.34610951980834026
9 414.0 0.0 -1.0 -1.0 -1.0 0.0 0.29678444090396605 0.3336948236878083 0.36952073540822583
9 415.0 0.0 -1.0 -1.0 -1.0 0.0 0.33032451028929544 0.3272570849579733 0.3424184047527314
9 416.0 0.0 -1.0 -1.0 -1.0 0.0 0.3317133373488912 0.32615124517566435 0.3421354174754445
9 417.0 0.0 -1.0 -1.0 -1.0 0.0 0.32800356684640974 0.34538654364586935 0.3266098895077211
9 418.0 0.0 -1.0 -1.0 -1.0 0.0 0.3189223706691375 0.37456194656904446 0.306515682761818
9 419.0 0.0 -1.0 -1.0 -1.0 0.0 0.315021704073422 0.3912968000866354 0.2936814958399427
9 420.0 0.0 -1.0 -1.0 -1.0 0.0 0.35139193162335175 0.3534858550248641 0.2951222133517842
9 421.0 0.0 -1.0 -1.0 -1.0 0.0 0.31378522742725523 0.35802398243337874 0.3281907901393658
9 422.0 0.0 -1.0 -1.0 -1.0 0.0 0.32982039749548947 0.32071773286157357 0.349461869642937
9 423.0 0.0 -1.0 -1.0 -1.0 0.0 0.34958579687149394 0.34323656006857645 0.3071776430599297
9 424.0 0.0 -1.0 -1.0 -1.0 0.0 0.3474379824893558 0.35207541486314453 0.3004866026474993
9 425.0 0.0 -1.0 -1.0 -1.0 0.0 0.3261106140197795 0.3471048722325427 0.32678451374767775
9 426.0 0.0 -1.0 -1.0 -1.0 0.0 0.3164506162747216 0.3632847294798954 0.32026465424538275
9 427.0 0.0 -1.0 -1.0 -1.0 0.0 0.31269412974327576 0.36664483567252665 0.3206610345841978
9 428.0 0.0 -1.0 -1.0 -1.0 0.0 0.3003203415772662 0.365878757676147 0.3338009007465869
9 429.0 0.0 -1.0 -1.0 -1.0 0.0 0.3387948383693197 0.32384455402945156 0.33736060760122877
9 430.0 0.0 -1.0 -1.0 -1.0 0.0 0.3439150849292458 0.32297753028691106 0.33310738478384344
9 431.0 0.0 -1.0 -1.0 -1.0 0.0 0.3202014015887181 0.3307666680094102 0.34903193040187164
9 432.0 0.0 -1.0 -1.0 -1.0 0.0 0.3258557085905489 0.2983486690492886 0.37579562236016273
9 433.0 0.0 -1.0 -1.0 -1.0 0.0 0.3388303170761673 0.3046015689122315 0.35656811401160127
9 434.0 0.0 -1.0 -1.0 -1.0 0.0 0.3333672389846113 0.3122940113544168 0.35433874966097223
9 435.0 0.0 -1.0 -1.0 -1.0 0.0 0.3318342806119585 0.3277584044484986 0.3404073149395431
9 436.0 0.0 -1.0 -1.0 -1.0 0.0 0.3110890398475594 0.3354363932006187 0.35347456695182167
9 437.0 0.0 -1.0 -1.0 -1.0 0.0 0.3083013371367153 0.3466850897815263 0.3450135730817582
9 438.0 0.0 -1.0 -1.0 -1.0 0.0 0.32004477771814016 0.3060203925694184 0.37393482971244096
9 439.0 0.0 -1.0 -1.0 -1.0 0.0 0.30735453520044426 0.33911685740942765 0.3535286073901281
9 440.0 0.0 -1.0 -1.0 -1.0 0.0 0.3037525518754908 0.35147049050693124 0.344776957617578
9 441.0 0.0 -1.0 -1.0 -1.0 0.0 0.30377829450067634 0.34426163199483967 0.35196007350448383
9 442.0 0.0 -1.0 -1.0 -1.0 0.0 0.2994911255210317 0.3419639744988697 0.3585448999800983
9 443.0 0.0 -1.0 -1.0 -1.0 0.0 0.3242280787979026 0.3472497821166078 0.3285221390854896
9 444.0 0.0 -1.0 -1.0 -1.0 0.0 0.3163975051933216 0.36779472617193953 0.31580776863473903
9 445.0 0.0 -1.0 -1.0 -1.0 0.0 0.32885180256456314 0.34140347394590087 0.32974472348953626
9 446.0 0.0 -1.0 -1.0 -1.0 0.0 0.32865934992366247 0.3206062873796882 0.35073436269664926
9 447.0 0.0 -1.0 -1.0 -1.0 0.0 0.3278386115041629 0.33006622392632545 0.34209516456951145
9 448.0 0.0 -1.0 -1.0 -1.0 0.0 0.33973482990085807 0.3470100232338475 0.31325514686529465
9 449.0 0.0 -1.0 -1.0 -1.0 0.0 0.360157390057229 0.3256255803143573 0.31421702962841364
9 450.0 0.0 -1.0 -1.0 -1.0 0.0 0.3500468931992476 0.3109623939277544 0.3389907128729978
9 451.0 0.0 -1.0 -1.0 -1.0 0.0 0.3514998938358591 0.2895985254844775 0.3589015806796635
9 452.0 0.0 -1.0 -1.0 -1.0 0.0 0.3286158459556388 0.3099678879285199 0.3614162661158413
9 453.0 0.0 -1.0 -1.0 -1.0 0.0 0.3463611260630981 0.3046306091584658 0.34900826477843616
9 454.0 0.0 -1.0 -1.0 -1.0 0.0 0.3639556892080443 0.2880621757052209 0.34798213508673487
9 455.0 0.0 -1.0 -1.0 -1.0 0.0 0.3648431521402092 0.31143984513612827 0.3237170027236624
9 456.0 0.0 -1.0 -1.0 -1.0 0.0 0.34047762753123906 0.3129948131756803 0.34652755929308054
9 457.0 0.0 -1.0 -1.0 -1.0 0.0 0.3258964695107844 0.3236771513531527 0.3504263791360629
9 458.0 0.0 -1.0 -1.0 -1.0 0.0 0.3390232882750317 0.31274379311795925 0.348232918607009
9 459.0 0.0 -1.0 -1.0 -1.0 0.0 0.3459030743995017 0.31457614915888976 0.3395207764416084
9 460.0 0.0 -1.0 -1.0 -1.0 0.0 0.33787729192977695 0.31958935109577546 0.34253335697444753
9 461.0 0.0 -1.0 -1.0 -1.0 0.0 0.36004977734600657 0.3184472904925616 0.321502932161432
9 462.0 0.0 -1.0 -1.0 -1.0 0.0 0.3690002968375422 0.3199700576271571 0.3110296455353008
9 463.0 0.0 -1.0 -1.0 -1.0 0.0 0.3663465835438332 0.3002050577086811 0.3334483587474857
9 464.0 0.0 -1.0 -1.0 -1.0 0.0 0.34528126204726545 0.3291197178471483 0.3255990201055863
9 465.0 0.0 -1.0 -1.0 -1.0 0.0 0.35777047669055323 0.29623745097674553 0.345992072332701
9 466.0 0.0 -1.0 -1.0 -1.0 0.0 0.352176383098261 0.3311500842966768 0.3166735326050621
9 467.0 0.0 -1.0 -1.0 -1.0 0.0 0.3642457659722948 0.3276671199530709 0.30808711407463446
9 468.0 0.0 -1.0 -1.0 -1.0 0.0 0.3749236431594232 0.3300986565027634 0.29497770033781345
9 469.0 0.0 -1.0 -1.0 -1.0 0.0 0.36502087153093726 0.3272769207692019 0.30770220769986095
9 470.0 0.0 -1.0 -1.0 -1.0 0.0 0.3798054275510098 0.305481515112677 0.3147130573363133
9 471.0 0.0 -1.0 -1.0 -1.0 0.0 0.34566909313270194 0.3292183517125373 0.3251125551547607
9 472.0 0.0 -1.0 -1.0 -1.0 0.0 0.35179809111073873 0.33651045029178994 0.3116914585974712
9 473.0 0.0 -1.0 -1.0 -1.0 0.0 0.3206983087106582 0.3411516811926486 0.3381500100966936
9 474.0 0.0 -1.0 -1.0 -1.0 0.0 0.31826195734722473 0.34723775418847835 0.33450028846429697
9 475.0 0.0 -1.0 -1.0 -1.0 0.0 0.3373354599920042 0.3433774954017486 0.319287044606247
9 476.0 0.0 -1.0 -1.0 -1.0 0.0 0.3157852790975895 0.3846877662773287 0.2995269546250815
9 477.0 0.0 -1.0 -1.0 -1.0 0.0 0.29404413185624717 0.3708739939394034 0.3350818742043494
9 478.0 0.0 -1.0 -1.0 -1.0 0.0 0.3056298727956289 0.3331013868870912 0.36126874031728007
9 479.0 0.0 -1.0 -1.0 -1.0 0.0 0.3056631098954877 0.3156526778033958 0.3786842123011165
9 480.0 0.0 -1.0 -1.0 -1.0 0.0 0.328171876051578 0.3063620332611961 0.36546609068722596
9 481.0 0.0 -1.0 -1.0 -1.0 0.0 0.3174805280930221 0.3207580172346337 0.3617614546723442
9 482.0 0.0 -1.0 -1.0 -1.0 0.0 0.30652040229821226 0.3192350158423404 0.3742445818594472
9 483.0 0.0 -1.0 -1.0 -1.0 0.0 0.2984262363301013 0.33379222711335715 0.36778153655654156
9 484.0 0.0 -1.0 -1.0 -1.0 0.0 0.3104836273748808 0.3561791394774103 0.3333372331477087
9 485.0 0.0 -1.0 -1.0 -1.0 0.0 0.3309460579504639 0.3437758409824766 0.32527810106705973
9 486.0 0.0 -1.0 -1.0 -1.0 0.0 0.35109174498840384 0.3722801892316428 0.2766280657799535
9 487.0 0.0 -1.0 -1.0 -1.0 0.0 0.34899077056243355 0.3668923613121083 0.28411686812545833
9 488.0 0.0 -1.0 -1.0 -1.0 0.0 0.3447763668264075 0.3446118446318065 0.31061178854178595
9 489.0 0.0 -1.0 -1.0 -1.0 0.0 0.36478159954581757 0.3213525763336481 0.31386582412053454
9 490.0 0.0 -1.0 -1.0 -1.0 0.0 0.35114546898282095 0.33681329325424025 0.31204123776293896
9 491.0 0.0 -1.0 -1.0 -1.0 0.0 0.34076855803560346 0.3479277080604888 0.31130373390390775
9 492.0 0.0 -1.0 -1.0 -1.0 0.0 0.32114808780297827 0.3468438749259659 0.33200803727105543
9 493.0 0.0 -1.0 -1.0 -1.0 0.0 0.30454688165073635 0.3290635775520081 0.3663895407972555
9 494.0 0.0 -1.0 -1.0 -1.0 0.0 0.3121345185358335 0.32661644510948684 0.36124903635467964
9 495.0 0.0 -1.0 -1.0 -1.0 0.0 0.30980681333398974 0.32366564093140376 0.36652754573460655
9 496.0 0.0 -1.0 -1.0 -1.0 0.0 0.31778212660306915 0.32447808684274393 0.35773978655418687
9 497.0 0.0 -1.0 -1.0 -1.0 0.0 0.3151286009961096 0.32045317279938507 0.36441822620450515
9 498.0 0.0 -1.0 -1.0 -1.0 0.0 0.30559319596437884 0.33969114284549845 0.35471566119012293
9 499.0 0.0 -1.0 -1.0 -1.0 0.0 0.3210374139086081 0.3430030373262595 0.33595954876513234
9 500.0 0.0 -1.0 -1.0 -1.0 0.0 0.3374126702351984 0.34484580310925544 0.3177415266555461
9 501.0 0.0 -1.0 -1.0 -1.0 0.0 0.3545810515470944 0.3524103111226801 0.29300863733022503
9 502.0 0.0 -1.0 -1.0 -1.0 0.0 0.370795248285498 0.362656480384135 0.26654827133036696
9 503.0 0.0 -1.0 -1.0 -1.0 0.0 0.36225712107152047 0.3687817529519414 0.2689611259765381
9 504.0 0.0 -1.0 -1.0 -1.0 0.0 0.32237054759906664 0.37621439757303954 0.3014150548278939
9 505.0 0.0 -1.0 -1.0 -1.0 0.0 0.32045361876354833 0.3744211430030645 0.3051252382333874
9 506.0 0.0 -1.0 -1.0 -1.0 0.0 0.3342308000104117 0.35690409386445415 0.3088651061251341
9 507.0 0.0 -1.0 -1.0 -1.0 0.0 0.3577498847059786 0.3449522419977026 0.2972978732963187
9 508.0 0.0 -1.0 -1.0 -1.0 0.0 0.36298076326096007 0.35662642229511765 0.28039281444392206
9 509.0 0.0 -1.0 -1.0 -1.0 0.0 0.336224988046378 0.37477581228079965 0.28899919967282256
9 510.0 0.0 -1.0 -1.0 -1.0 0.0 0.3223686678586734 0.3595350467487342 0.31809628539259227
9 511.0 0.0 -1.0 -1.0 -1.0 0.0 0.32775057663245044 0.3337625718403156 0.33848685152723407
9 512.0 0.0 -1.0 -1.0 -1.0 0.0 0.32291408909928726 0.32532193201818915 0.35176397888252353
9 513.0 0.0 -1.0 -1.0 -1.0 0.0 0.328128598633709 0.3243055655202685 0.34756583584602263
9 514.0 0.0 -1.0 -1.0 -1.0 0.0 0.29788589318492664 0.3565861677524478 0.34552793906262563
9 515.0 0.0 -1.0 -1.0 -1.0 0.0 0.3233737528035436 0.3381331168401464 0.33849313035630985
9 516.0 0.0 -1.0 -1.0 -1.0 0.0 0.34737292451076757 0.32904888770063906 0.3235781877885935
9 517.0 0.0 -1.0 -1.0 -1.0 0.0 0.31587411891893746 0.35760940632729515 0.3265164747537672
9 518.0 0.0 -1.0 -1.0 -1.0 0.0 0.3144564331157238 0.3520588908109206 0.33348467607335563
9 519.0 0.0 -1.0 -1.0 -1.0 0.0 0.32332915028094383 0.35822062676957706 0.318450222949479
9 520.0 0.0 -1.0 -1.0 -1.0 0.0 0.32704593237276797 0.3553239344351311 0.31763013319210104
9 521.0 0.0 -1.0 -1.0 -1.0 0.0 0.30397184331891447 0.33912259302354686 0.35690556365753906
9 522.0 0.0 -1.0 -1.0 -1.0 0.0 0.32967030343370546 0.33285315742089716 0.33747653914539705
9 523.0 0.0 -1.0 -1.0 -1.0 0.0 0.31441264883720044 0.3489673273450558 0.33662002381774364
9 524.0 0.0 -1.0 -1.0 -1.0 0.0 0.32792587401049744 0.3380580640280939 0.3340160619614086
9 525.0 0.0 -1.0 -1.0 -1.0 0.0 0.3498138164264888 0.3139294952924664 0.3362566882810447
9 526.0 0.0 -1.0 -1.0 -1.0 0.0 0.34882117773435417 0.3169219542560739 0.33425686800957216
9 527.0 0.0 -1.0 -1.0 -1.0 0.0 0.3384736617350415 0.31242642984482005 0.34909990842013877
9 528.0 0.0 -1.0 -1.0 -1.0 0.0 0.348704915259458 0.3120445667414693 0.33925051799907274
9 529.0 0.0 -1.0 -1.0 -1.0 0.0 0.3716190560522591 0.32538388532216894 0.3029970586255719
9 530.0 0.0 -1.0 -1.0 -1.0 0.0 0.35932639197053057 0.3342378788081532 0.30643572922131623
9 531.0 0.0 -1.0 -1.0 -1.0 0.0 0.34707977293312126 0.345143243927966 0.3077769831389127
9 532.0 0.0 -1.0 -1.0 -1.0 0.0 0.34898231679798086 0.3316310451115643 0.319386638090455
9 533.0 0.0 -1.0 -1.0 -1.0 0.0 0.3227533133549131 0.3462173299487813 0.3310293566963056
9 534.0 0.0 -1.0 -1.0 -1.0 0.0 0.31703397696968044 0.3655786205667974 0.3173874024635224
9 535.0 0.0 -1.0 -1.0 -1.0 0.0 0.340873654164411 0.34972048800461164 0.3094058578309771
9 536.0 0.0 -1.0 -1.0 -1.0 0.0 0.330359735243418 0.3398146058378607 0.3298256589187213
9 537.0 0.0 -1.0 -1.0 -1.0 0.0 0.3484510837660237 0.32946723022491875 0.32208168600905746
9 538.0 0.0 -1.0 -1.0 -1.0 0.0 0.3758911443994152 0.2868961537451129 0.3372127018554718
9 539.0 0.0 -1.0 -1.0 -1.0 0.0 0.36368709294793533 0.2948330898278518 0.341479817224213
9 540.0 0.0 -1.0 -1.0 -1.0 0.0 0.36910505892057044 0.30892405748049695 0.3219708835989328
9 541.0 0.0 -1.0 -1.0 -1.0 0.0 0.3471018259480863 0.33287066916636865 0.32002750488554504
9 542.0 0.0 -1.0 -1.0 -1.0 0.0 0.34285585310140804 0.324598741307315 0.3325454055912771
9 543.0 0.0 -1.0 -1.0 -1.0 0.0 0.3353155332346649 0.3735726034068057 0.2911118633585293
9 544.0 0.0 -1.0 -1.0 -1.0 0.0 0.35424726655312616 0.3640119108256764 0.2817408226211974
9 545.0 0.0 -1.0 -1.0 -1.0 0.0 0.3307794143763477 0.3753625275234672 0.29385805810018484
9 546.0 0.0 -1.0 -1.0 -1.0 0.0 0.35516466642525685 0.36641645973649234 0.27841887383825065
9 547.0 0.0 -1.0 -1.0 -1.0 0.0 0.3247008229540064 0.3766638117120852 0.29863536533390816
9 548.0 0.0 -1.0 -1.0 -1.0 0.0 0.330220607039287 0.3764345384949738 0.2933448544657391
9 549.0 0.0 -1.0 -1.0 -1.0 0.0 0.30942262104909923 0.35959940384760103 0.3309779751032996
9 550.0 0.0 -1.0 -1.0 -1.0 0.0 0.31293064932751885 0.35795867213381416 0.3291106785386668
9 551.0 0.0 -1.0 -1.0 -1.0 0.0 0.341635486430305 0.3492377327781381 0.30912678079155687
9 552.0 0.0 -1.0 -1.0 -1.0 0.0 0.31983285997201644 0.360054782207407 0.3201123578205764
9 553.0 0.0 -1.0 -1.0 -1.0 0.0 0.3287208670017811 0.33658632777478 0.334692805223439
9 554.0 0.0 -1.0 -1.0 -1.0 0.0 0.32843717012960105 0.33570562637138346 0.33585720349901554
9 555.0 0.0 -1.0 -1.0 -1.0 0.0 0.31644283574419124 0.3397013800632991 0.34385578419250956
9 556.0 0.0 -1.0 -1.0 -1.0 0.0 0.3211919350431588 0.3380549945849208 0.3407530703719205
9 557.0 0.0 -1.0 -1.0 -1.0 0.0 0.32990093169019813 0.3493864256982443 0.3207126426115577
9 558.0 0.0 -1.0 -1.0 -1.0 0.0 0.33143990854816574 0.33282805722323894 0.33573203422859543
9 559.0 0.0 -1.0 -1.0 -1.0 0.0 0.35206797691751285 0.3112380095836303 0.3366940134988568
9 560.0 0.0 -1.0 -1.0 -1.0 0.0 0.36801819168569666 0.31077440229101866 0.3212074060232845
9 561.0 0.0 -1.0 -1.0 -1.0 0.0 0.334292125071433 0.3377971928061255 0.32791068212244134
9 562.0 0.0 -1.0 -1.0 -1.0 0.0 0.34034515897570977 0.35363400178565635 0.3060208392386341
9 563.0 0.0 -1.0 -1.0 -1.0 0.0 0.2878309659611039 0.39170530995238 0.32046372408651635
9 564.0 0.0 -1.0 -1.0 -1.0 0.0 0.31024412614498137 0.35711841900999014 0.3326374548450286
9 565.0 0.0 -1.0 -1.0 -1.0 0.0 0.29737189983272466 0.3763950546801583 0.32623304548711685
9 566.0 0.0 -1.0 -1.0 -1.0 0.0 0.2646440261805715 0.39132550969972213 0.34403046411970645
9 567.0 0.0 -1.0 -1.0 -1.0 0.0 0.2845008683004433 0.38297345158795726 0.33252568011159966
9 568.0 0.0 -1.0 -1.0 -1.0 0.0 0.2831021989482868 0.3654243607892155 0.3514734402624976
9 569.0 0.0 -1.0 -1.0 -1.0 0.0 0.3137143612969535 0.36124497727467775 0.32504066142836874
9 570.0 0.0 -1.0 -1.0 -1.0 0.0 0.31681030316810654 0.3434504997118648 0.3397391971200285
9 571.0 0.0 -1.0 -1.0 -1.0 0.0 0.2984081139578083 0.34607719530380116 0.3555146907383904
9 572.0 0.0 -1.0 -1.0 -1.0 0.0 0.3090208124390952 0.3445907017348362 0.34638848582606857
9 573.0 0.0 -1.0 -1.0 -1.0 0.0 0.31539608581808365 0.3611182700312136 0.3234856441507028
9 574.0 0.0 -1.0 -1.0 -1.0 0.0 0.2993666415435355 0.36358727510503175 0.3370460833514327
9 575.0 0.0 -1.0 -1.0 -1.0 0.0 0.30856384042731816 0.3448665402839525 0.34656961928872926
9 576.0 0.0 -1.0 -1.0 -1.0 0.0 0.30942367716110214 0.35269316887824237 0.3378831539606553
9 577.0 0.0 -1.0 -1.0 -1.0 0.0 0.32330184194725675 0.3407777126593472 0.33592044539339605
9 578.0 0.0 -1.0 -1.0 -1.0 0.0 0.3296970925321368 0.35707029311057586 0.3132326143572872
9 579.0 0.0 -1.0 -1.0 -1.0 0.0 0.31839843197518536 0.3482227015338239 0.33337886649099086
9 580.0 0.0 -1.0 -1.0 -1.0 0.0 0.30867818321077406 0.3551175428672327 0.33620427392199304
9 581.0 0.0 -1.0 -1.0 -1.0 0.0 0.3290549654993004 0.37748718992893027 0.29345784457176954
9 582.0 0.0 -1.0 -1.0 -1.0 0.0 0.3107639960913897 0.38442194773018473 0.3048140561784254
9 583.0 0.0 -1.0 -1.0 -1.0 0.0 0.31033929905897034 0.36163828620688887 0.32802241473414084
9 584.0 0.0 -1.0 -1.0 -1.0 0.0 0.30692946585993963 0.3246858397391133 0.36838469440094707
9 585.0 0.0 -1.0 -1.0 -1.0 0.0 0.3151633966645539 0.3331906283997646 0.35164597493568145
9 586.0 0.0 -1.0 -1.0 -1.0 0.0 0.3345228701457246 0.30888070452979216 0.3565964253244831
9 587.0 0.0 -1.0 -1.0 -1.0 0.0 0.3367322727668747 0.33426311041755546 0.3290046168155699
9 588.0 0.0 -1.0 -1.0 -1.0 0.0 0.3216548081407876 0.3617203626843487 0.3166248291748637
9 589.0 0.0 -1.0 -1.0 -1.0 0.0 0.3181170799019341 0.35979868063555687 0.32208423946250897
9 590.0 0.0 -1.0 -1.0 -1.0 0.0 0.3500153086306343 0.3644420990899962 0.2855425922793693
9 591.0 0.0 -1.0 -1.0 -1.0 0.0 0.371069662375252 0.33584559705983286 0.2930847405649152
9 592.0 0.0 -1.0 -1.0 -1.0 0.0 0.3469168135578991 0.34447216296726796 0.30861102347483316
9 593.0 0.0 -1.0 -1.0 -1.0 0.0 0.3153171201102044 0.36442430064084447 0.32025857924895107
9 594.0 0.0 -1.0 -1.0 -1.0 0.0 0.3179828465856316 0.36926117778363016 0.31275597563073815
9 595.0 0.0 -1.0 -1.0 -1.0 0.0 0.2980169779002725 0.3750638902192493 0.3269191318804783
9 596.0 0.0 -1.0 -1.0 -1.0 0.0 0.3190085170787368 0.341229918289585 0.3397615646316783
9 597.0 0.0 -1.0 -1.0 -1.0 0.0 0.3156407773181655 0.3577548150181114 0.32660440766372295
9 598.0 0.0 -1.0 -1.0 -1.0 0.0 0.32795220986193074 0.34941108312795427 0.3226367070101147
9 599.0 0.0 -1.0 -1.0 -1.0 0.0 0.3251784929917941 0.3460202356918511 0.3288012713163548
9 600.0 0.0 -1.0 -1.0 -1.0 0.0 0.32934300726043714 0.3346244116210236 0.33603258111853895
9 601.0 0.0 -1.0 -1.0 -1.0 0.0 0.32834453930191465 0.35844309274786007 0.313212367950225
9 602.0 0.0 -1.0 -1.0 -1.0 0.0 0.33019803220620575 0.3710356131733989 0.2987663546203954
9 603.0 0.0 -1.0 -1.0 -1.0 0.0 0.33842704788893313 0.34207406823479936 0.31949888387626757
9 604.0 0.0 -1.0 -1.0 -1.0 0.0 0.3199991990015491 0.3309453391340672 0.34905546186438363
9 605.0 0.0 -1.0 -1.0 -1.0 0.0 0.30349082781971476 0.3683164918895784 0.3281926802907071
9 606.0 0.0 -1.0 -1.0 -1.0 0.0 0.33271259646517537 0.34630969372354364 0.320977709811281
9 607.0 0.0 -1.0 -1.0 -1.0 0.0 0.33287881293961136 0.3497269083622037 0.31739427869818493
9 608.0 0.0 -1.0 -1.0 -1.0 0.0 0.31974212456933804 0.3297280278986117 0.3505298475320502
9 609.0 0.0 -1.0 -1.0 -1.0 0.0 0.29641506917744964 0.3692040684800206 0.33438086234252956
9 610.0 0.0 -1.0 -1.0 -1.0 0.0 0.32195981973457927 0.3357203664624561 0.3423198138029646
9 611.0 0.0 -1.0 -1.0 -1.0 0.0 0.3140865998605954 0.33025251090933616 0.35566088923006833
9 612.0 0.0 -1.0 -1.0 -1.0 0.0 0.33822716083951865 0.33216406856409586 0.3296087705963855
9 613.0 0.0 -1.0 -1.0 -1.0 0.0 0.3502631987996862 0.32229328879446556 0.32744351240584846
9 614.0 0.0 -1.0 -1.0 -1.0 0.0 0.32747373516006506 0.31245311715903407 0.36007314768090093
9 615.0 0.0 -1.0 -1.0 -1.0 0.0 0.3352969517825379 0.32678302980694873 0.33792001841051317
9 616.0 0.0 -1.0 -1.0 -1.0 0.0 0.3254706744699184 0.32883545935954045 0.34569386617054115
9 617.0 0.0 -1.0 -1.0 -1.0 0.0 0.358949767331063 0.30084975863386754 0.3402004740350695
9 618.0 0.0 -1.0 -1.0 -1.0 0.0 0.35862340617554933 0.31592712223882996 0.3254494715856206
9 619.0 0.0 -1.0 -1.0 -1.0 0.0 0.3417294630993462 0.329617365344952 0.3286531715557014
9 620.0 0.0 -1.0 -1.0 -1.0 0.0 0.35087411916152145 0.3323709873765022 0.3167548934619765
9 621.0 0.0 -1.0 -1.0 -1.0 0.0 0.32289415479194405 0.3372710224389024 0.33983482276915356
9 622.0 0.0 -1.0 -1.0 -1.0 0.0 0.2921845899001554 0.35183334224293156 0.35598206785691294
9 623.0 0.0 -1.0 -1.0 -1.0 0.0 0.31721860681042285 0.341128164968046 0.34165322822153116
9 624.0 0.0 -1.0 -1.0 -1.0 0.0 0.31308962811331015 0.34549227242855485 0.341418099458135
9 625.0 0.0 -1.0 -1.0 -1.0 0.0 0.34791160783753683 0.3553722492177833 0.29671614294467985
9 626.0 0.0 -1.0 -1.0 -1.0 0.0 0.3146699027944651 0.37101882586633184 0.314311271339203
9 627.0 0.0 -1.0 -1.0 -1.0 0.0 0.3173116399300103 0.3690903629511751 0.31359799711881453
9 628.0 0.0 -1.0 -1.0 -1.0 0.0 0.31819014123669 0.36626424058545726 0.3155456181778526
9 629.0 0.0 -1.0 -1.0 -1.0 0.0 0.3437264260715368 0.3530003723766661 0.3032732015517973
9 630.0 0.0 -1.0 -1.0 -1.0 0.0 0.3210654594818048 0.3294500361394407 0.3494845043787542
9 631.0 0.0 -1.0 -1.0 -1.0 0.0 0.3296155269686094 0.34261460924807374 0.3277698637833169
9 632.0 0.0 -1.0 -1.0 -1.0 0.0 0.3390587551461135 0.33030685365481705 0.33063439119906946
9 633.0 0.0 -1.0 -1.0 -1.0 0.0 0.30416430628459207 0.34141695523127585 0.35441873848413197
9 634.0 0.0 -1.0 -1.0 -1.0 0.0 0.30427141368651084 0.3378038446449356 0.35792474166855337
9 635.0 0.0 -1.0 -1.0 -1.0 0.0 0.2917235890579242 0.361647328324848 0.34662908261722764
9 636.0 0.0 -1.0 -1.0 -1.0 0.0 0.2840036106136423 0.3683112518067222 0.3476851375796355
9 637.0 0.0 -1.0 -1.0 -1.0 0.0 0.30359783189810957 0.3516826416906501 0.34471952641124026
9 638.0 0.0 -1.0 -1.0 -1.0 0.0 0.30518246067179355 0.3715818828537044 0.3232356564745021
9 639.0 0.0 -1.0 -1.0 -1.0 0.0 0.30135448317138075 0.36070677269792695 0.3379387441306923
9 640.0 0.0 -1.0 -1.0 -1.0 0.0 0.2843941055104838 0.3658831103684833 0.34972278412103286
9 641.0 0.0 -1.0 -1.0 -1.0 0.0 0.28809159021182124 0.38753451485850404 0.32437389492967467
9 642.0 0.0 -1.0 -1.0 -1.0 0.0 0.29283271383644177 0.38724750843862243 0.3199197777249358
9 643.0 0.0 -1.0 -1.0 -1.0 0.0 0.2900384873334219 0.38596155704681306 0.3239999556197652
9 644.0 0.0 -1.0 -1.0 -1.0 0.0 0.29368578288186664 0.3719050072076411 0.33440920991049217
9 645.0 0.0 -1.0 -1.0 -1.0 0.0 0.29618754554367466 0.3694312456201839 0.3343812088361415
9 646.0 0.0 -1.0 -1.0 -1.0 0.0 0.3447501544882103 0.33633683657820024 0.31891300893358976
9 647.0 0.0 -1.0 -1.0 -1.0 0.0 0.32621241459767225 0.33503890853713797 0.33874867686519006
9 648.0 0.0 -1.0 -1.0 -1.0 0.0 0.31369090937245675 0.35724917275279816 0.32905991787474514
9 649.0 0.0 -1.0 -1.0 -1.0 0.0 0.3307735063026967 0.33158402017779715 0.3376424735195058
9 650.0 0.0 -1.0 -1.0 -1.0 0.0 0.3301132769803355 0.32631621943706984 0.3435705035825947
9 651.0 0.0 -1.0 -1.0 -1.0 0.0 0.3305532702859905 0.3266469071308979 0.3427998225831116
9 652.0 0.0 -1.0 -1.0 -1.0 0.0 0.3354517488623569 0.31492193486555453 0.34962631627208857
9 653.0 0.0 -1.0 -1.0 -1.0 0.0 0.3391433271137134 0.323869180669828 0.33698749221645863
9 654.0 0.0 -1.0 -1.0 -1.0 0.0 0.34072731064230394 0.33461547246059564 0.32465721689710025
9 655.0 0.0 -1.0 -1.0 -1.0 0.0 0.3619395094960843 0.294279239677984 0.3437812508259321
9 656.0 0.0 -1.0 -1.0 -1.0 0.0 0.3370127865605278 0.3164863668869012 0.34650084655257113
9 657.0 0.0 -1.0 -1.0 -1.0 0.0 0.33815618461354113 0.320866866987936 0.3409769483985227
9 658.0 0.0 -1.0 -1.0 -1.0 0.0 0.32956296588365575 0.31809418599181993 0.3523428481245245
9 659.0 0.0 -1.0 -1.0 -1.0 0.0 0.3368083167591185 0.3234815448431214 0.33971013839776004
9 660.0 0.0 -1.0 -1.0 -1.0 0.0 0.3694422068829355 0.32548145556782737 0.305076337549237
9 661.0 0.0 -1.0 -1.0 -1.0 0.0 0.36963512404226256 0.3209018700030728 0.30946300595466447
9 662.0 0.0 -1.0 -1.0 -1.0 0.0 0.34713209104455955 0.32809942429351374 0.3247684846619265
9 663.0 0.0 -1.0 -1.0 -1.0 0.0 0.3663125066042824 0.3313216354941314 0.30236585790158604
9 664.0 0.0 -1.0 -1.0 -1.0 0.0 0.3484852529536706 0.33612814703170685 0.3153866000146224
9 665.0 0.0 -1.0 -1.0 -1.0 0.0 0.35121317064779417 0.35142845537515344 0.29735837397705256
9 666.0 0.0 -1.0 -1.0 -1.0 0.0 0.32759120038964573 0.34984315502093416 0.3225656445894202
9 667.0 0.0 -1.0 -1.0 -1.0 0.0 0.3265481635155469 0.34052789453087146 0.3329239419535818
9 668.0 0.0 -1.0 -1.0 -1.0 0.0 0.3047694342050217 0.34402167408768103 0.3512088917072974
9 669.0 0.0 -1.0 -1.0 -1.0 0.0 0.32323232528857465 0.34137090920912455 0.33539676550230096
9 670.0 0.0 -1.0 -1.0 -1.0 0.0 0.320275523163691 0.33649632959240905 0.3432281472439
9 671.0 0.0 -1.0 -1.0 -1.0 0.0 0.3299914643040445 0.32463948597826553 0.3453690497176898
9 672.0 0.0 -1.0 -1.0 -1.0 0.0 0.35825435036007447 0.3358445775102466 0.30590107212967893
9 673.0 0.0 -1.0 -1.0 -1.0 0.0 0.3419344591684357 0.3355769321378895 0.3224886086936747
9 674.0 0.0 -1.0 -1.0 -1.0 0.0 0.33893396185687213 0.33832585287392697 0.3227401852692009
9 675.0 0.0 -1.0 -1.0 -1.0 0.0 0.34795242238181706 0.3255106252994112 0.3265369523187717
9 676.0 0.0 -1.0 -1.0 -1.0 0.0 0.34900223246486045 0.3334605317187227 0.31753723581641713
9 677.0 0.0 -1.0 -1.0 -1.0 0.0 0.3689817038850151 0.31734626895676676 0.31367202715821807
9 678.0 0.0 -1.0 -1.0 -1.0 0.0 0.39278439611577765 0.2883867457909764 0.31882885809324607
9 679.0 0.0 -1.0 -1.0 -1.0 0.0 0.3840105568081003 0.2892117644238032 0.32677767876809655
9 680.0 0.0 -1.0 -1.0 -1.0 0.0 0.3575568351517391 0.2936213399082672 0.3488218249399939
9 681.0 0.0 -1.0 -1.0 -1.0 0.0 0.38356251985240897 0.29197049912787465 0.32446698101971627
9 682.0 0.0 -1.0 -1.0 -1.0 0.0 0.39135087470505886 0.30600195503436295 0.30264717026057836
9 683.0 0.0 -1.0 -1.0 -1.0 0.0 0.3707290253032557 0.3255278756477827 0.3037430990489613
9 684.0 0.0 -1.0 -1.0 -1.0 0.0 0.3761818609830215 0.313919416566687 0.3098987224502917
9 685.0 0.0 -1.0 -1.0 -1.0 0.0 0.3671044763050804 0.2967681496627675 0.33612737403215204
9 686.0 0.0 -1.0 -1.0 -1.0 0.0 0.35894602456637675 0.30586685411042636 0.33518712132319695
9 687.0 0.0 -1.0 -1.0 -1.0 0.0 0.357865178134554 0.32060081967661025 0.3215340021888357
9 688.0 0.0 -1.0 -1.0 -1.0 0.0 0.35931867592419103 0.3173025165973896 0.32337880747841924
9 689.0 0.0 -1.0 -1.0 -1.0 0.0 0.330089908430519 0.3286389806717622 0.3412711108977191
9 690.0 0.0 -1.0 -1.0 -1.0 0.0 0.35789295093144846 0.2908510972958451 0.3512559517727062
9 691.0 0.0 -1.0 -1.0 -1.0 0.0 0.33448278463090975 0.30206164690485493 0.36345556846423505
9 692.0 0.0 -1.0 -1.0 -1.0 0.0 0.3180313040057823 0.33702257140901304 0.3449461245852045
9 693.0 0.0 -1.0 -1.0 -1.0 0.0 0.31137937650498004 0.3572114147863885 0.3314092087086313
9 694.0 0.0 -1.0 -1.0 -1.0 0.0 0.3267283938566354 0.34167798614877876 0.3315936199945863
9 695.0 0.0 -1.0 -1.0 -1.0 0.0 0.32509467175847634 0.3260909599375789 0.34881436830394497
9 696.0 0.0 -1.0 -1.0 -1.0 0.0 0.3293256436540326 0.31457494483633014 0.35609941150963714
9 697.0 0.0 -1.0 -1.0 -1.0 0.0 0.3635330052893891 0.31490401459876155 0.3215629801118494
9 698.0 0.0 -1.0 -1.0 -1.0 0.0 0.34652725415618313 0.3377981418992138 0.3156746039446032
9 699.0 0.0 -1.0 -1.0 -1.0 0.0 0.3537573010965202 0.3259674127712558 0.3202752861322239
9 700.0 0.0 -1.0 -1.0 -1.0 0.0 0.3414128707345767 0.33338238448128166 0.3252047447841415
9 701.0 0.0 -1.0 -1.0 -1.0 0.0 0.3314611940102161 0.3554233277658478 0.31311547822393615
9 702.0 0.0 -1.0 -1.0 -1.0 0.0 0.3446418615958086 0.32995867312564786 0.32539946527854335
9 703.0 0.0 -1.0 -1.0 -1.0 0.0 0.32750255155215385 0.3393049052433758 0.33319254320447056
9 704.0 0.0 -1.0 -1.0 -1.0 0.0 0.34743496520176675 0.3273678158688741 0.3251972189293591
9 705.0 0.0 -1.0 -1.0 -1.0 0.0 0.3263158864596564 0.32639152055587195 0.3472925929844715
9 706.0 0.0 -1.0 -1.0 -1.0 0.0 0.3079111688236257 0.33970281305968797 0.35238601811668635
9 707.0 0.0 -1.0 -1.0 -1.0 0.0 0.29563162450683744 0.3411921322644329 0.36317624322872966
9 708.0 0.0 -1.0 -1.0 -1.0 0.0 0.30512407358061105 0.34469182767286816 0.3501840987465206
9 709.0 0.0 -1.0 -1.0 -1.0 0.0 0.32486769449820807 0.3208855500173786 0.3542467554844133
9 710.0 0.0 -1.0 -1.0 -1.0 0.0 0.3171219576538446 0.3200266378089001 0.36285140453725523
9 711.0 0.0 -1.0 -1.0 -1.0 0.0 0.32069250574216446 0.3264548820006262 0.3528526122572091
9 712.0 0.0 -1.0 -1.0 -1.0 0.0 0.30584988012365794 0.3319255279252886 0.3622245919510537
9 713.0 0.0 -1.0 -1.0 -1.0 0.0 0.29309212432496673 0.31588626600561004 0.3910216096694233
9 714.0 0.0 -1.0 -1.0 -1.0 0.0 0.2982060413033554 0.3426464046438538 0.3591475540527908
9 715.0 0.0 -1.0 -1.0 -1.0 0.0 0.31308994645489546 0.34876666791621774 0.338143385628887
9 716.0 0.0 -1.0 -1.0 -1.0 0.0 0.32775330028999683 0.37393829368888304 0.29830840602112013
9 717.0 0.0 -1.0 -1.0 -1.0 0.0 0.3383144205696783 0.36962274161489433 0.2920628378154273
9 718.0 0.0 -1.0 -1.0 -1.0 0.0 0.33020796264629687 0.3782579898550005 0.2915340474987028
9 719.0 0.0 -1.0 -1.0 -1.0 0.0 0.3276186476550473 0.3682852361146521 0.3040961162303006
9 720.0 0.0 -1.0 -1.0 -1.0 0.0 0.3201265493293435 0.3341301049887584 0.34574334568189796
9 721.0 0.0 -1.0 -1.0 -1.0 0.0 0.3383239833120729 0.32023821505455685 0.3414378016333701
9 722.0 0.0 -1.0 -1.0 -1.0 0.0 0.3117956146529741 0.3357931777041749 0.352411207642851
9 723.0 0.0 -1.0 -1.0 -1.0 0.0 0.32465073976503417 0.3226403981633088 0.35270886207165697
9 724.0 0.0 -1.0 -1.0 -1.0 0.0 0.30887669103381127 0.3292522671786525 0.3618710417875362
9 725.0 0.0 -1.0 -1.0 -1.0 0.0 0.3188065291276366 0.303146485970206 0.37804698490215743
9 726.0 0.0 -1.0 -1.0 -1.0 0.0 0.33925245461373554 0.3119001417251559 0.3488474036611086
9 727.0 0.0 -1.0 -1.0 -1.0 0.0 0.33790299787425854 0.32904049218891834 0.33305650993682323
9 728.0 0.0 -1.0 -1.0 -1.0 0.0 0.3332115873909172 0.32031629983926835 0.34647211276981416
9 729.0 0.0 -1.0 -1.0 -1.0 0.0 0.32894589909474703 0.31061393989660774 0.360440161008645
9 730.0 0.0 -1.0 -1.0 -1.0 0.0 0.32655606955182237 0.32223903602029763 0.35120489442787994
9 731.0 0.0 -1.0 -1.0 -1.0 0.0 0.32528628637510126 0.33186095922488595 0.342852754400013
9 732.0 0.0 -1.0 -1.0 -1.0 0.0 0.3110099148629885 0.3543854046915669 0.33460468044544456
9 733.0 0.0 -1.0 -1.0 -1.0 0.0 0.31928373792635206 0.3488289743044486 0.3318872877691993
9 734.0 0.0 -1.0 -1.0 -1.0 0.0 0.3335694404847313 0.32670505924395465 0.339725500271314
9 735.0 0.0 -1.0 -1.0 -1.0 0.0 0.3377632494772477 0.32602386543589196 0.3362128850868602
9 736.0 0.0 -1.0 -1.0 -1.0 0.0 0.352535071904787 0.2875260197438616 0.35993890835135156
9 737.0 0.0 -1.0 -1.0 -1.0 0.0 0.33119313307296705 0.3241270399938043 0.3446798269332287
9 738.0 0.0 -1.0 -1.0 -1.0 0.0 0.3292193069820328 0.32074117002029817 0.35003952299766916
9 739.0 0.0 -1.0 -1.0 -1.0 0.0 0.3185512947749309 0.3121484826296916 0.3693002225953776
9 740.0 0.0 -1.0 -1.0 -1.0 0.0 0.31147215010765494 0.33205658654633585 0.35647126334600926
9 741.0 0.0 -1.0 -1.0 -1.0 0.0 0.3222464782887882 0.3354141966973741 0.3423393250138376
9 742.0 0.0 -1.0 -1.0 -1.0 0.0 0.31903989552206796 0.3264600229819792 0.3545000814959529
9 743.0 0.0 -1.0 -1.0 -1.0 0.0 0.2977861915485909 0.32835491847975157 0.37385888997165745
9 744.0 0.0 -1.0 -1.0 -1.0 0.0 0.3065169828085045 0.33461165131213527 0.3588713658793602
9 745.0 0.0 -1.0 -1.0 -1.0 0.0 0.30015408418509276 0.34989554811642537 0.349950367698482
9 746.0 0.0 -1.0 -1.0 -1.0 0.0 0.3340460016492229 0.3327321687956599 0.3332218295551174
9 747.0 0.0 -1.0 -1.0 -1.0 0.0 0.3355428136583155 0.3264527430487625 0.33800444329292234
9 748.0 0.0 -1.0 -1.0 -1.0 0.0 0.34171359466761897 0.32965669809903714 0.32862970723334384
9 749.0 0.0 -1.0 -1.0 -1.0 0.0 0.34696951935241904 0.32813108959900467 0.32489939104857624
9 750.0 0.0 -1.0 -1.0 -1.0 0.0 0.3810169098075516 0.34178864231963935 0.2771944478728092
9 751.0 0.0 -1.0 -1.0 -1.0 0.0 0.37518200018780024 0.3387816310113815 0.2860363688008183
9 752.0 0.0 -1.0 -1.0 -1.0 0.0 0.3616898372646199 0.3403360667299317 0.2979740960054484
9 753.0 0.0 -1.0 -1.0 -1.0 0.0 0.3587318779028192 0.3178751352354235 0.3233929868617573
9 754.0 0.0 -1.0 -1.0 -1.0 0.0 0.3459305805751012 0.31839066062331073 0.3356787588015882
9 755.0 0.0 -1.0 -1.0 -1.0 0.0 0.3320777758959921 0.3118724493082947 0.35604977479571287
9 756.0 0.0 -1.0 -1.0 -1.0 0.0 0.34981950444682974 0.30189293692223307 0.3482875586309372
9 757.0 0.0 -1.0 -1.0 -1.0 0.0 0.36723929885232365 0.3085150911696866 0.3242456099779899
9 758.0 0.0 -1.0 -1.0 -1.0 0.0 0.3557494115293756 0.3235396569736962 0.32071093149692836
9 759.0 0.0 -1.0 -1.0 -1.0 0.0 0.3283559611935631 0.3317177718878066 0.33992626691863037
9 760.0 0.0 -1.0 -1.0 -1.0 0.0 0.3124700084872813 0.3340680857560251 0.35346190575669373
9 761.0 0.0 -1.0 -1.0 -1.0 0.0 0.3426923351638606 0.30298537451715857 0.3543222903189811
9 762.0 0.0 -1.0 -1.0 -1.0 0.0 0.3282982547843634 0.3138169687966739 0.35788477641896294
9 763.0 0.0 -1.0 -1.0 -1.0 0.0 0.3178405171544714 0.3202792424339911 0.3618802404115374
9 764.0 0.0 -1.0 -1.0 -1.0 0.0 0.3255261489383534 0.32319837771864224 0.3512754733430045
9 765.0 0.0 -1.0 -1.0 -1.0 0.0 0.3433508530156351 0.31120846894898274 0.34544067803538225
9 766.0 0.0 -1.0 -1.0 -1.0 0.0 0.33719779459290317 0.3277748191215882 0.3350273862855086
9 767.0 0.0 -1.0 -1.0 -1.0 0.0 0.3238213121216185 0.3360909455713944 0.34008774230698696
9 768.0 0.0 -1.0 -1.0 -1.0 0.0 0.3012221524850114 0.3627710397247832 0.33600680779020536
9 769.0 0.0 -1.0 -1.0 -1.0 0.0 0.3394262086973577 0.3566378507779852 0.30393594052465717
9 770.0 0.0 -1.0 -1.0 -1.0 0.0 0.35210531589488736 0.3362433007951027 0.3116513833100097
9 771.0 0.0 -1.0 -1.0 -1.0 0.0 0.3336177217311974 0.32656432360840143 0.33981795466040127
9 772.0 0.0 -1.0 -1.0 -1.0 0.0 0.3251131980759459 0.34740830074885226 0.3274785011752018
9 773.0 0.0 -1.0 -1.0 -1.0 0.0 0.3076419745353795 0.3720097487520833 0.32034827671253724
9 774.0 0.0 -1.0 -1.0 -1.0 0.0 0.3260488706260498 0.32284400340605673 0.3511071259678936
9 775.0 0.0 -1.0 -1.0 -1.0 0.0 0.33377747852957895 0.3137118295169577 0.35251069195346363
9 776.0 0.0 -1.0 -1.0 -1.0 0.0 0.3263714605691728 0.3198744133567797 0.3537541260740473
9 777.0 0.0 -1.0 -1.0 -1.0 0.0 0.3387164275263805 0.3291774441602906 0.33210612831332925
9 778.0 0.0 -1.0 -1.0 -1.0 0.0 0.30809966990027376 0.36759548056299546 0.3243048495367306
9 779.0 0.0 -1.0 -1.0 -1.0 0.0 0.35068243529369947 0.3349965798003825 0.3143209849059181
9 780.0 0.0 -1.0 -1.0 -1.0 0.0 0.34377176349351424 0.34826456242807813 0.3079636740784077
9 781.0 0.0 -1.0 -1.0 -1.0 0.0 0.35347902905910267 0.3230113011970511 0.3235096697438462
9 782.0 0.0 -1.0 -1.0 -1.0 0.0 0.3346477794039371 0.32965421076307455 0.33569800983298825
9 783.0 0.0 -1.0 -1.0 -1.0 0.0 0.3400755643196074 0.3540457127859124 0.3058787228944802
9 784.0 0.0 -1.0 -1.0 -1.0 0.0 0.3470916199800984 0.35763297688868934 0.2952754031312122
9 785.0 0.0 -1.0 -1.0 -1.0 0.0 0.3284753908730797 0.36585206030194395 0.3056725488249763
9 786.0 0.0 -1.0 -1.0 -1.0 0.0 0.33617308547642355 0.35143524967828377 0.31239166484529257
9 787.0 0.0 -1.0 -1.0 -1.0 0.0 0.3428809715966451 0.3301584403860625 0.32696058801729244
9 788.0 0.0 -1.0 -1.0 -1.0 0.0 0.3485098237280323 0.34288644269720464 0.308603733574763
9 789.0 0.0 -1.0 -1.0 -1.0 0.0 0.3430413860070072 0.345553780388624 0.3114048336043689
9 790.0 0.0 -1.0 -1.0 -1.0 0.0 0.3025944566830613 0.3567165047622601 0.34068903855467864
9 791.0 0.0 -1.0 -1.0 -1.0 0.0 0.3104527347050039 0.3347143843538732 0.35483288094112275
9 792.0 0.0 -1.0 -1.0 -1.0 0.0 0.35016258587381466 0.3088921882281653 0.3409452258980201
9 793.0 0.0 -1.0 -1.0 -1.0 0.0 0.3495829499870192 0.3011420810492783 0.34927496896370264
9 794.0 0.0 -1.0 -1.0 -1.0 0.0 0.34172258629608004 0.3138782950749642 0.34439911862895584
9 795.0 0.0 -1.0 -1.0 -1.0 0.0 0.32465189000656286 0.30981699506093113 0.36553111493250606
9 796.0 0.0 -1.0 -1.0 -1.0 0.0 0.3047212219955313 0.3013635689611842 0.39391520904328453
9 797.0 0.0 -1.0 -1.0 -1.0 0.0 0.2956976398502988 0.30227985553361864 0.4020225046160825
9 798.0 0.0 -1.0 -1.0 -1.0 0.0 0.30921326391279635 0.3111726370886601 0.3796140989985433
9 799.0 0.0 -1.0 -1.0 -1.0 0.0 0.3195169645562753 0.3155566321462287 0.364926403297496
9 800.0 0.0 -1.0 -1.0 -1.0 0.0 0.3489538114993692 0.35465646047545796 0.2963897280251731
9 801.0 0.0 -1.0 -1.0 -1.0 0.0 0.34838989780053065 0.35316156176833535 0.2984485404311339
9 802.0 0.0 -1.0 -1.0 -1.0 0.0 0.3407684872878745 0.3404114075458427 0.31882010516628256
9 803.0 0.0 -1.0 -1.0 -1.0 0.0 0.3285429657980273 0.3568440084508941 0.31461302575107875
9 804.0 0.0 -1.0 -1.0 -1.0 0.0 0.30267050271276846 0.359445391013536 0.3378841062736956
9 805.0 0.0 -1.0 -1.0 -1.0 0.0 0.34385401159029194 0.3218157515825731 0.3343302368271351
9 806.0 0.0 -1.0 -1.0 -1.0 0.0 0.34663774014898535 0.322542976159551 0.3308192836914635
9 807.0 0.0 -1.0 -1.0 -1.0 0.0 0.34472615907472126 0.2911776992416144 0.3640961416836641
9 808.0 0.0 -1.0 -1.0 -1.0 0.0 0.3552345144661547 0.2666948372675011 0.37807064826634407
9 809.0 0.0 -1.0 -1.0 -1.0 0.0 0.347454181043451 0.2680917942509118 0.38445402470563705
9 810.0 0.0 -1.0 -1.0 -1.0 0.0 0.332231067121764 0.3012495985217494 0.36651933435648654
9 811.0 0.0 -1.0 -1.0 -1.0 0.0 0.307556090989055 0.323685140468957 0.36875876854198814
9 812.0 0.0 -1.0 -1.0 -1.0 0.0 0.3322676262634405 0.3063333724700261 0.36139900126653346
9 813.0 0.0 -1.0 -1.0 -1.0 0.0 0.32268718509215305 0.30425591486504233 0.37305690004280434
9 814.0 0.0 -1.0 -1.0 -1.0 0.0 0.3147098576700767 0.30914760390925283 0.3761425384206704
9 815.0 0.0 -1.0 -1.0 -1.0 0.0 0.29632811035344725 0.31770083619643313 0.3859710534501193
9 816.0 0.0 -1.0 -1.0 -1.0 0.0 0.31180079858915344 0.32131478634517985 0.36688441506566655
9 817.0 0.0 -1.0 -1.0 -1.0 0.0 0.31048461918827486 0.320570766852266 0.36894461395945943
9 818.0 0.0 -1.0 -1.0 -1.0 0.0 0.31792616540036694 0.35019375472973713 0.33188007986989626
9 819.0 0.0 -1.0 -1.0 -1.0 0.0 0.31615815670409164 0.36368098279469185 0.32016086050121656
9 820.0 0.0 -1.0 -1.0 -1.0 0.0 0.3237920648340442 0.33832908125593514 0.3378788539100204
9 821.0 0.0 -1.0 -1.0 -1.0 0.0 0.34082889123972665 0.32017793698028657 0.33899317177998667
9 822.0 0.0 -1.0 -1.0 -1.0 0.0 0.3531987435315655 0.3082508715325347 0.3385503849358997
9 823.0 0.0 -1.0 -1.0 -1.0 0.0 0.36835124267942737 0.2991136252053186 0.33253513211525415
9 824.0 0.0 -1.0 -1.0 -1.0 0.0 0.3648365287241601 0.3342651425502965 0.3008983287255433
9 825.0 0.0 -1.0 -1.0 -1.0 0.0 0.35891670843349216 0.3471186655934976 0.29396462597301
9 826.0 0.0 -1.0 -1.0 -1.0 0.0 0.365684716478289 0.31987698491629873 0.31443829860541206
9 827.0 0.0 -1.0 -1.0 -1.0 0.0 0.3412115067066497 0.3265631831373412 0.33222531015600937
9 828.0 0.0 -1.0 -1.0 -1.0 0.0 0.36202069723766994 0.3010738733206338 0.33690542944169644
9 829.0 0.0 -1.0 -1.0 -1.0 0.0 0.36546795082456895 0.3030469949852533 0.3314850541901778
9 830.0 0.0 -1.0 -1.0 -1.0 0.0 0.35015222741440055 0.3276224189587494 0.32222535362685
9 831.0 0.0 -1.0 -1.0 -1.0 0.0 0.3597600554805838 0.3117212584187137 0.3285186861007026
9 832.0 0.0 -1.0 -1.0 -1.0 0.0 0.36029042604611106 0.3224326301982389 0.31727694375565
9 833.0 0.0 -1.0 -1.0 -1.0 0.0 0.38416014591320713 0.32657871672048894 0.2892611373663041
9 834.0 0.0 -1.0 -1.0 -1.0 0.0 0.368040302630733 0.3212039823997505 0.3107557149695164
9 835.0 0.0 -1.0 -1.0 -1.0 0.0 0.3557671429934658 0.3315909828601715 0.3126418741463626
9 836.0 0.0 -1.0 -1.0 -1.0 0.0 0.3328058257065995 0.37467475217202056 0.29251942212138005
9 837.0 0.0 -1.0 -1.0 -1.0 0.0 0.2989936280971897 0.3775439225858746 0.32346244931693546
9 838.0 0.0 -1.0 -1.0 -1.0 0.0 0.30928686632639146 0.349099324378402 0.34161380929520646
9 839.0 0.0 -1.0 -1.0 -1.0 0.0 0.33160540498037 0.3370029063839439 0.3313916886356862
9 840.0 0.0 -1.0 -1.0 -1.0 0.0 0.34979791612399885 0.3237680892257456 0.3264339946502557
9 841.0 0.0 -1.0 -1.0 -1.0 0.0 0.3693226046864291 0.3024686930452273 0.3282087022683438
9 842.0 0.0 -1.0 -1.0 -1.0 0.0 0.34048059792736807 0.3192788974417594 0.3402405046308727
9 843.0 0.0 -1.0 -1.0 -1.0 0.0 0.3613449179740589 0.33349563382406266 0.30515944820187857
9 844.0 0.0 -1.0 -1.0 -1.0 0.0 0.35777402469686925 0.334604114514967 0.30762186078816356
9 845.0 0.0 -1.0 -1.0 -1.0 0.0 0.3663206767000923 0.3329183904059586 0.3007609328939489
9 846.0 0.0 -1.0 -1.0 -1.0 0.0 0.3702765134118105 0.3183225269017702 0.3114009596864194
9 847.0 0.0 -1.0 -1.0 -1.0 0.0 0.3740983030906888 0.317421825735988 0.30847987117332315
9 848.0 0.0 -1.0 -1.0 -1.0 0.0 0.33760472775077277 0.3498150971468605 0.31258017510236663
9 849.0 0.0 -1.0 -1.0 -1.0 0.0 0.3529153654776479 0.3373369236992598 0.30974771082309227
9 850.0 0.0 -1.0 -1.0 -1.0 0.0 0.3582186014654753 0.32519531684840003 0.31658608168612445
9 851.0 0.0 -1.0 -1.0 -1.0 0.0 0.35014522244204066 0.32601704361083145 0.32383773394712795
9 852.0 0.0 -1.0 -1.0 -1.0 0.0 0.3511441907243156 0.3184389662813118 0.3304168429943724
9 853.0 0.0 -1.0 -1.0 -1.0 0.0 0.3643005004750316 0.32177330417898026 0.31392619534598815
9 854.0 0.0 -1.0 -1.0 -1.0 0.0 0.353399953922745 0.33867651189246545 0.3079235341847897
9 855.0 0.0 -1.0 -1.0 -1.0 0.0 0.3361048297719573 0.3636034379540724 0.3002917322739706
9 856.0 0.0 -1.0 -1.0 -1.0 0.0 0.3358585605935092 0.36977944264131224 0.2943619967651783
9 857.0 0.0 -1.0 -1.0 -1.0 0.0 0.34419278259420344 0.3446864415733899 0.3111207758324064
9 858.0 0.0 -1.0 -1.0 -1.0 0.0 0.32980086368418493 0.3668031821458807 0.30339595416993426
9 859.0 0.0 -1.0 -1.0 -1.0 0.0 0.33203152181433787 0.37808039762240414 0.2898880805632578
9 860.0 0.0 -1.0 -1.0 -1.0 0.0 0.3132661082731504 0.37408114437127876 0.3126527473555709
9 861.0 0.0 -1.0 -1.0 -1.0 0.0 0.33186420241061243 0.3540478579757233 0.3140879396136645
9 862.0 0.0 -1.0 -1.0 -1.0 0.0 0.3127449814326892 0.3387073623572901 0.3485476562100209
9 863.0 0.0 -1.0 -1.0 -1.0 0.0 0.2965036787863801 0.34396152184278805 0.3595347993708318
9 864.0 0.0 -1.0 -1.0 -1.0 0.0 0.3233272035653606 0.3385581383677273 0.33811465806691177
9 865.0 0.0 -1.0 -1.0 -1.0 0.0 0.32672315481804676 0.34643338642068644 0.32684345876126686
9 866.0 0.0 -1.0 -1.0 -1.0 0.0 0.35485206044549045 0.30793575382161337 0.337212185732896
9 867.0 0.0 -1.0 -1.0 -1.0 0.0 0.35841095966213016 0.2923930701562371 0.34919597018163273
9 868.0 0.0 -1.0 -1.0 -1.0 0.0 0.37192952042384175 0.29951980707223635 0.32855067250392195
9 869.0 0.0 -1.0 -1.0 -1.0 0.0 0.35529756412153995 0.32179326989505 0.3229091659834103
9 870.0 0.0 -1.0 -1.0 -1.0 0.0 0.3522455254877339 0.3445281079290366 0.3032263665832296
9 871.0 0.0 -1.0 -1.0 -1.0 0.0 0.3427940020066147 0.3492046662329285 0.3080013317604564
9 872.0 0.0 -1.0 -1.0 -1.0 0.0 0.3356582301952439 0.3303582902127512 0.333983479592005
9 873.0 0.0 -1.0 -1.0 -1.0 0.0 0.36440262882388086 0.29202999122406686 0.3435673799520522
9 874.0 0.0 -1.0 -1.0 -1.0 0.0 0.34699538686801334 0.2938053501311894 0.3591992630007975
9 875.0 0.0 -1.0 -1.0 -1.0 0.0 0.3338755674231967 0.30749669560341003 0.35862773697339295
9 876.0 0.0 -1.0 -1.0 -1.0 0.0 0.33555559921291483 0.320034225926528 0.3444101748605574
9 877.0 0.0 -1.0 -1.0 -1.0 0.0 0.34010120828193097 0.3074031895011041 0.3524956022169651
9 878.0 0.0 -1.0 -1.0 -1.0 0.0 0.3581257427045973 0.32072143987186325 0.3211528174235396
9 879.0 0.0 -1.0 -1.0 -1.0 0.0 0.3488092072933906 0.3216229864088839 0.3295678062977255
9 880.0 0.0 -1.0 -1.0 -1.0 0.0 0.3246421705718899 0.3584034119332767 0.3169544174948335
9 881.0 0.0 -1.0 -1.0 -1.0 0.0 0.3294848732103538 0.3781597543387472 0.2923553724508988
9 882.0 0.0 -1.0 -1.0 -1.0 0.0 0.3150990886358462 0.39480397874801 0.29009693261614355
9 883.0 0.0 -1.0 -1.0 -1.0 0.0 0.31937653165828456 0.37562970229031295 0.3049937660514027
9 884.0 0.0 -1.0 -1.0 -1.0 0.0 0.3325486708925446 0.3405018854295544 0.3269494436779008
9 885.0 0.0 -1.0 -1.0 -1.0 0.0 0.3529674211299513 0.3397266479565937 0.3073059309134548
9 886.0 0.0 -1.0 -1.0 -1.0 0.0 0.3177963672468561 0.3536183460803102 0.3285852866728337
9 887.0 0.0 -1.0 -1.0 -1.0 0.0 0.2950706472848056 0.377705443490532 0.3272239092246625
9 888.0 0.0 -1.0 -1.0 -1.0 0.0 0.3121425087342587 0.3549742431897046 0.3328832480760366
9 889.0 0.0 -1.0 -1.0 -1.0 0.0 0.31036337458516305 0.3271572432944114 0.36247938212042513
9 890.0 0.0 -1.0 -1.0 -1.0 0.0 0.31766465936970095 0.32908454432986756 0.3532507963004318
9 891.0 0.0 -1.0 -1.0 -1.0 0.0 0.3023858559102127 0.35300692794506416 0.34460721614472306
9 892.0 0.0 -1.0 -1.0 -1.0 0.0 0.30326925152733125 0.34447317790253174 0.35225757057013707
9 893.0 0.0 -1.0 -1.0 -1.0 0.0 0.3276551265416774 0.33477984828483676 0.33756502517348574
9 894.0 0.0 -1.0 -1.0 -1.0 0.0 0.34160899660876104 0.29620329438825627 0.36218770900298236
9 895.0 0.0 -1.0 -1.0 -1.0 0.0 0.3485218109529468 0.29473566243063176 0.3567425266164216
9 896.0 0.0 -1.0 -1.0 -1.0 0.0 0.3508176333545559 0.2870655275028447 0.36211683914259946
9 897.0 0.0 -1.0 -1.0 -1.0 0.0 0.32025084299225254 0.33311214433728337 0.3466370126704639
9 898.0 0.0 -1.0 -1.0 -1.0 0.0 0.33758204365393957 0.3175482250835835 0.34486973126247683
9 899.0 0.0 -1.0 -1.0 -1.0 0.0 0.3107395695068354 0.3325865496783511 0.3566738808148133
9 900.0 0.0 -1.0 -1.0 -1.0 0.0 0.28822555621189694 0.3541009173105772 0.35767352647752604
9 901.0 0.0 -1.0 -1.0 -1.0 0.0 0.2955579878422675 0.36245344268278484 0.34198856947494727
9 902.0 0.0 -1.0 -1.0 -1.0 0.0 0.28397764250283364 0.37762655291667074 0.3383958045804957
9 903.0 0.0 -1.0 -1.0 -1.0 0.0 0.3157062742563524 0.3668942094297645 0.31739951631388313
9 904.0 0.0 -1.0 -1.0 -1.0 0.0 0.30847330065553885 0.38811263565888593 0.30341406368557533
9 905.0 0.0 -1.0 -1.0 -1.0 0.0 0.3149546307214599 0.3856741040012384 0.29937126527730185
9 906.0 0.0 -1.0 -1.0 -1.0 0.0 0.3160321024124748 0.3580364884783453 0.3259314091091801
9 907.0 0.0 -1.0 -1.0 -1.0 0.0 0.3269799107043451 0.3255419749206389 0.3474781143750162
9 908.0 0.0 -1.0 -1.0 -1.0 0.0 0.33609027795578633 0.3254854350142815 0.33842428702993227
9 909.0 0.0 -1.0 -1.0 -1.0 0.0 0.3246570661528173 0.3374444227593426 0.3378985110878402
9 910.0 0.0 -1.0 -1.0 -1.0 0.0 0.32900746701368994 0.33798469702794065 0.33300783595836964
9 911.0 0.0 -1.0 -1.0 -1.0 0.0 0.31709104253890136 0.3687113590259887 0.31419759843510975
9 912.0 0.0 -1.0 -1.0 -1.0 0.0 0.34115244540694717 0.35899622089571215 0.29985133369734074
9 913.0 0.0 -1.0 -1.0 -1.0 0.0 0.31603747359209633 0.39947363898893384 0.2844888874189698
9 914.0 0.0 -1.0 -1.0 -1.0 0.0 0.31833893335962676 0.40534232983727364 0.2763187368030994
9 915.0 0.0 -1.0 -1.0 -1.0 0.0 0.33766346425424 0.38644605711111363 0.27589047863464655
9 916.0 0.0 -1.0 -1.0 -1.0 0.0 0.34316845750854147 0.35620140776548553 0.30063013472597305
9 917.0 0.0 -1.0 -1.0 -1.0 0.0 0.3622968128713274 0.3660930727697986 0.2716101143588741
9 918.0 0.0 -1.0 -1.0 -1.0 0.0 0.3718701726507722 0.3436919932670886 0.28443783408213913
9 919.0 0.0 -1.0 -1.0 -1.0 0.0 0.3591850774383271 0.333616581386296 0.30719834117537664
9 920.0 0.0 -1.0 -1.0 -1.0 0.0 0.34974009082794966 0.329335215780098 0.3209246933919521
9 921.0 0.0 -1.0 -1.0 -1.0 0.0 0.31649876698258234 0.34066793222320435 0.3428333007942132
9 922.0 0.0 -1.0 -1.0 -1.0 0.0 0.3077092382120296 0.3570996082027508 0.3351911535852195
9 923.0 0.0 -1.0 -1.0 -1.0 0.0 0.32768375534590233 0.32491233012793796 0.34740391452616004
9 924.0 0.0 -1.0 -1.0 -1.0 0.0 0.33500353928035737 0.33745912355682833 0.3275373371628141
9 925.0 0.0 -1.0 -1.0 -1.0 0.0 0.3566959954084998 0.314566844542142 0.32873716004935827
9 926.0 0.0 -1.0 -1.0 -1.0 0.0 0.36725266453245486 0.31732021199503724 0.31542712347250784
9 927.0 0.0 -1.0 -1.0 -1.0 0.0 0.32809930643020563 0.34460493655193986 0.32729575701785474
9 928.0 0.0 -1.0 -1.0 -1.0 0.0 0.33357556959319273 0.3238586765586033 0.34256575384820404
9 929.0 0.0 -1.0 -1.0 -1.0 0.0 0.3435713000771705 0.3176541318766772 0.3387745680461521
9 930.0 0.0 -1.0 -1.0 -1.0 0.0 0.3297020125276531 0.3396340043132611 0.33066398315908574
9 931.0 0.0 -1.0 -1.0 -1.0 0.0 0.36196014141039484 0.33599002324213223 0.3020498353474729
9 932.0 0.0 -1.0 -1.0 -1.0 0.0 0.3381328698420558 0.35206412971249407 0.30980300044545006
9 933.0 0.0 -1.0 -1.0 -1.0 0.0 0.3517551498272596 0.3522579098530255 0.295986940319715
9 934.0 0.0 -1.0 -1.0 -1.0 0.0 0.3534091811378282 0.3261594315389404 0.32043138732323156
9 935.0 0.0 -1.0 -1.0 -1.0 0.0 0.34510673119725 0.3218092138020962 0.33308405500065374
9 936.0 0.0 -1.0 -1.0 -1.0 0.0 0.33751860532166306 0.32180235143866126 0.34067904323967574
9 937.0 0.0 -1.0 -1.0 -1.0 0.0 0.37317091652101403 0.2981280931326211 0.3287009903463649
9 938.0 0.0 -1.0 -1.0 -1.0 0.0 0.362801927128013 0.33101782577964933 0.30618024709233765
9 939.0 0.0 -1.0 -1.0 -1.0 0.0 0.3307545290937261 0.356409120266772 0.312836350639502
9 940.0 0.0 -1.0 -1.0 -1.0 0.0 0.3256876148307157 0.3446303944924349 0.32968199067684956
9 941.0 0.0 -1.0 -1.0 -1.0 0.0 0.33601617296056774 0.3203264242044608 0.3436574028349716
9 942.0 0.0 -1.0 -1.0 -1.0 0.0 0.3532113167847517 0.3231754701540943 0.3236132130611542
9 943.0 0.0 -1.0 -1.0 -1.0 0.0 0.3604207814779208 0.3134414706824785 0.3261377478396008
9 944.0 0.0 -1.0 -1.0 -1.0 0.0 0.3715754447344171 0.32491360477187603 0.3035109504937066
9 945.0 0.0 -1.0 -1.0 -1.0 0.0 0.3725608282331497 0.3352464217456195 0.29219275002123046
9 946.0 0.0 -1.0 -1.0 -1.0 0.0 0.35319284158339714 0.3510932502268808 0.295713908189722
9 947.0 0.0 -1.0 -1.0 -1.0 0.0 0.3540581733396318 0.34216790333109903 0.303773923329269
9 948.0 0.0 -1.0 -1.0 -1.0 0.0 0.3391957877542327 0.3491561705917845 0.31164804165398236
9 949.0 0.0 -1.0 -1.0 -1.0 0.0 0.3297494872437428 0.3585559167312811 0.311694596024976
9 950.0 0.0 -1.0 -1.0 -1.0 0.0 0.31587842197293836 0.3871893034650975 0.29693227456196414
9 951.0 0.0 -1.0 -1.0 -1.0 0.0 0.30941765803146626 0.38307436756818203 0.30750797440035177
9 952.0 0.0 -1.0 -1.0 -1.0 0.0 0.2973584912192307 0.3642498494096795 0.3383916593710899
9 953.0 0.0 -1.0 -1.0 -1.0 0.0 0.32071675797129223 0.3489992043991186 0.330284037629589
9 954.0 0.0 -1.0 -1.0 -1.0 0.0 0.31995462974921884 0.3423381454602862 0.3377072247904951
9 955.0 0.0 -1.0 -1.0 -1.0 0.0 0.3294736521720845 0.33075556849982424 0.3397707793280916
9 956.0 0.0 -1.0 -1.0 -1.0 0.0 0.32973773402692325 0.3274620000210522 0.3428002659520246
9 957.0 0.0 -1.0 -1.0 -1.0 0.0 0.3399293933927169 0.31054175421861496 0.34952885238866854
9 958.0 0.0 -1.0 -1.0 -1.0 0.0 0.3471811463900139 0.30943987898603553 0.34337897462395034
9 959.0 0.0 -1.0 -1.0 -1.0 0.0 0.3166025222649007 0.3373406904922668 0.34605678724283256
9 960.0 0.0 -1.0 -1.0 -1.0 0.0 0.35042912008495103 0.3204794574327843 0.3290914224822648
9 961.0 0.0 -1.0 -1.0 -1.0 0.0 0.37229300439850627 0.2961562597253048 0.3315507358761891
9 962.0 0.0 -1.0 -1.0 -1.0 0.0 0.3747622536192718 0.31051294724816325 0.31472479913256485
9 963.0 0.0 -1.0 -1.0 -1.0 0.0 0.3856171980563148 0.3113583264866301 0.3030244754570553
9 964.0 0.0 -1.0 -1.0 -1.0 0.0 0.37578987303047123 0.3109078682234288 0.3133022587460998
9 965.0 0.0 -1.0 -1.0 -1.0 0.0 0.3948786713156873 0.32493734468989727 0.28018398399441524
9 966.0 0.0 -1.0 -1.0 -1.0 0.0 0.4217295509327569 0.3090227747905147 0.26924767427672847
9 967.0 0.0 -1.0 -1.0 -1.0 0.0 0.3907651456061321 0.3076874728185468 0.30154738157532107
9 968.0 0.0 -1.0 -1.0 -1.0 0.0 0.3522277862455249 0.32302627534904693 0.3247459384054281
9 969.0 0.0 -1.0 -1.0 -1.0 0.0 0.34480701055577584 0.32508234174522677 0.33011064769899773
9 970.0 0.0 -1.0 -1.0 -1.0 0.0 0.3410416747735667 0.34600700426274544 0.3129513209636879
9 971.0 0.0 -1.0 -1.0 -1.0 0.0 0.33940246037855176 0.3469441309069293 0.3136534087145193
9 972.0 0.0 -1.0 -1.0 -1.0 0.0 0.32830328940109366 0.35598874033150324 0.3157079702674031
9 973.0 0.0 -1.0 -1.0 -1.0 0.0 0.33054356415479513 0.3336855139022553 0.3357709219429495
9 974.0 0.0 -1.0 -1.0 -1.0 0.0 0.30736917712387607 0.3427160955201593 0.3499147273559648
9 975.0 0.0 -1.0 -1.0 -1.0 0.0 0.3387465726239525 0.31720838587540107 0.3440450415006464
9 976.0 0.0 -1.0 -1.0 -1.0 0.0 0.3266947805402883 0.30507701147899885 0.36822820798071293
9 977.0 0.0 -1.0 -1.0 -1.0 0.0 0.3363563210979821 0.3468725909781194 0.31677108792389874
9 978.0 0.0 -1.0 -1.0 -1.0 0.0 0.3443179392747674 0.3447711426389812 0.3109109180862512
9 979.0 0.0 -1.0 -1.0 -1.0 0.0 0.3287521507119665 0.3495582162026921 0.3216896330853413
9 980.0 0.0 -1.0 -1.0 -1.0 0.0 0.3305278815550478 0.32104026772115113 0.34843185072380123
9 981.0 0.0 -1.0 -1.0 -1.0 0.0 0.3292421242305648 0.32699716223451014 0.34376071353492527
9 982.0 0.0 -1.0 -1.0 -1.0 0.0 0.3250793355413217 0.32259356857565996 0.35232709588301847
9 983.0 0.0 -1.0 -1.0 -1.0 0.0 0.3139648255357849 0.3018539828813454 0.38418119158286984
9 984.0 0.0 -1.0 -1.0 -1.0 0.0 0.288748407609902 0.335394369182277 0.37585722320782106
9 985.0 0.0 -1.0 -1.0 -1.0 0.0 0.29250150111770923 0.33235172822699355 0.3751467706552972
9 986.0 0.0 -1.0 -1.0 -1.0 0.0 0.2987567105274786 0.35104675815438036 0.35019653131814116
9 987.0 0.0 -1.0 -1.0 -1.0 0.0 0.30227357853190484 0.3295172695446568 0.3682091519234386
9 988.0 0.0 -1.0 -1.0 -1.0 0.0 0.3138424370915627 0.3297497831206748 0.35640777978776256
9 989.0 0.0 -1.0 -1.0 -1.0 0.0 0.33100727850932965 0.3361174790209555 0.3328752424697147
9 990.0 0.0 -1.0 -1.0 -1.0 0.0 0.3381523224416967 0.33801279111137866 0.3238348864469248
9 991.0 0.0 -1.0 -1.0 -1.0 0.0 0.34713263989134935 0.3285868184529023 0.32428054165574843
9 992.0 0.0 -1.0 -1.0 -1.0 0.0 0.34129260680020984 0.3171481738896539 0.34155921931013616
9 993.0 0.0 -1.0 -1.0 -1.0 0.0 0.3801268741084956 0.28554434941502327 0.3343287764764812
9 994.0 0.0 -1.0 -1.0 -1.0 0.0 0.37334029286976794 0.29643101107759856 0.3302286960526337
9 995.0 0.0 -1.0 -1.0 -1.0 0.0 0.38003410111401087 0.27707298653887275 0.34289291234711655
9 996.0 0.0 -1.0 -1.0 -1.0 0.0 0.34177301702721463 0.3220708886535627 0.33615609431922244
9 997.0 0.0 -1.0 -1.0 -1.0 0.0 0.33670214980259827 0.3264399120400986 0.3368579381573032
9 998.0 0.0 -1.0 -1.0 -1.0 0.0 0.3531080647447847 0.29799954355690217 0.34889239169831315
9 999.0 0.0 -1.0 -1.0 -1.0 0.0 0.3624642600520591 0.316769196585719 0.3207665433622218
9 1000.0 0.0 -1.0 -1.0 -1.0 0.0 0.34602080372356253 0.3246450472750383 0.32933414900139907
1000000000000000000000000000000000000000000000000000000000000000000000000000000000000000000000000000
-1.0
solo con 1: -100.0
