9 0.0 21.0 -40.0 -161.0 -96.37 50.00437455610733 0.3333333333333333 0.3333333333333333 0.3333333333333333
9 1.0 21.0 -40.0 -161.0 -83.72 47.97265214197931 0.2927242661257845 0.2704529922045493 0.43682274166966645
9 2.0 21.0 -40.0 -156.0 -67.12 40.12588272731785 0.2799008636179472 0.24638034161528843 0.4737187947667643
9 3.0 74.0 -32.0 -151.0 -56.33 31.024283418254182 0.26310117306232356 0.20743926979000232 0.5294595571476738
9 4.0 69.0 -31.0 -151.0 -50.58 25.251534606831324 0.25161379523311467 0.17952240275089384 0.5688638020159914
9 5.0 77.0 -30.0 -151.0 -45.28 21.51019490493949 0.23138886499295094 0.15521409448402548 0.6133970405230236
9 6.0 30.0 -29.0 -151.0 -42.32 22.197406345896553 0.22201549909713422 0.14003094683424103 0.6379535540686248
9 7.0 81.0 -27.0 -151.0 -38.84 19.98470121938987 0.2044932681435311 0.14024234018951895 0.6552643916669498
9 8.0 64.0 -26.0 -151.0 -36.04 20.412869776816102 0.185463306486978 0.14095325803846376 0.673583435474558
9 9.0 49.0 -24.0 -147.0 -31.95 12.626231313092484 0.18751390400083323 0.12657567598959435 0.685910420009572
9 10.0 14.0 -23.0 -146.0 -29.69 12.393950137062841 0.18329742738694596 0.11423080395863615 0.7024717686544177
9 11.0 67.0 -21.0 -146.0 -27.63 12.359640248433895 0.159159308166714 0.11326635893918778 0.7275743328940983
9 12.0 71.0 -16.0 -146.0 -25.42 12.562715398424745 0.14601481458037044 0.11199178076818715 0.7419934046514425
9 13.0 24.0 -15.0 -145.0 -23.48 12.720364647590758 0.1495831999420708 0.10640801693384543 0.7440087831240841
9 14.0 81.0 -14.0 -144.0 -21.48 12.834990054416469 0.15597665304766464 0.11096462580996501 0.7330587211423704
9 15.0 52.0 -14.0 -144.0 -19.86 13.029895694831245 0.14243163722508684 0.11373226255395869 0.7438361002209547
9 16.0 6.0 -14.0 -144.0 -18.48 13.195101631692992 0.13817792163827497 0.1251137175815174 0.7367083607802075
9 17.0 1.0 -14.0 -35.0 -15.98 3.0648874944335818 0.16567288001062624 0.12443673186429921 0.7098903881250749
9 18.0 68.0 -12.0 -35.0 -15.25 3.1281549730397846 0.15413060404314408 0.13900192408726209 0.706867471869594
9 19.0 7.0 -11.0 -27.0 -14.28 2.4415593626230185 0.15377126120336868 0.14591099311450642 0.7003177456821248
9 20.0 7.0 -9.0 -27.0 -13.28 2.4124257459656615 0.15546141943379468 0.12144019816183092 0.7230983824043743
9 21.0 80.0 -8.0 -19.0 -11.78 1.697175312218523 0.14794327293547507 0.11280221034369521 0.7392545167208298
9 22.0 1.0 -8.0 -15.0 -10.5 1.6545010539052967 0.13726535470155443 0.11187367444566519 0.7508609708527803
9 23.0 5.0 -6.0 -15.0 -9.34 1.753610993108652 0.13164885404414306 0.10666171231447985 0.7616894336413768
9 24.0 24.0 -5.0 -15.0 -8.21 1.689510119663226 0.1365134707053255 0.11203451049242245 0.7514520188022519
9 25.0 5.0 -5.0 -15.0 -7.24 1.7702365304493557 0.14491263672535556 0.10086400303764075 0.754223360237004
9 26.0 96.0 -4.0 -15.0 -6.38 1.6500994766462667 0.13607259126661359 0.10850091758297765 0.7554264911504085
9 27.0 5.0 -4.0 -15.0 -5.67 1.6820802416632625 0.14123590568663488 0.10912648732813411 0.7496376069852309
9 28.0 71.0 -2.0 -14.0 -4.85 1.641476300299351 0.13119372276467958 0.1234992701528864 0.7453070070824341
9 29.0 2.0 -2.0 -14.0 -4.03 1.654226298444275 0.12204107824856958 0.11776865199049004 0.7601902697609405
9 30.0 2.0 -2.0 -11.0 -3.21 1.3203534880225571 0.10504348243845964 0.13225954648111546 0.7626969710804249
9 31.0 2.0 -2.0 -11.0 -2.66 1.1478570283688454 0.12081034417248661 0.16148974103506203 0.7176999147924512
9 32.0 0.0 -2.0 -11.0 -2.32 1.0335776837194335 0.1301162122214757 0.17002076148042608 0.699863026298098
9 33.0 0.0 -2.0 -11.0 -2.21 0.9979271445644645 0.17103198193142735 0.1912051028955747 0.6377629151729981
9 34.0 38.0 -1.0 -11.0 -2.16 0.9818555922539745 0.20983797862144205 0.21734614026721832 0.5728158811113397
9 35.0 25.0 -1.0 -11.0 -2.08 1.0018165319240662 0.22510395061725522 0.23278418457476238 0.5421118648079821
9 36.0 0.0 -1.0 -5.0 -1.89 0.46914924075501846 0.23618812164748898 0.25128235733520754 0.5125295210173035
9 37.0 0.0 -1.0 -5.0 -1.67 0.5869799439039245 0.24801303081976228 0.20408231790192516 0.5479046512783123
9 38.0 0.0 -1.0 -2.0 -1.36 0.48241815132442173 0.23149646858633052 0.22482073964426558 0.5436827917694039
9 39.0 0.0 -1.0 -2.0 -1.25 0.4351941398892446 0.21700511591940339 0.2656201210478904 0.5173747630327061
9 40.0 0.0 -1.0 -2.0 -1.16 0.36845294917747096 0.22358201318179127 0.2987039032722823 0.4777140835459262
9 41.0 0.0 -1.0 -2.0 -1.11 0.31446603773522036 0.24359453027030306 0.305043597873026 0.4513618718566709
9 42.0 0.0 -1.0 -2.0 -1.07 0.25643239997624284 0.26721120462955655 0.2896616549791174 0.44312714039132606
9 43.0 0.0 -1.0 -2.0 -1.04 0.19694638556693236 0.26592404160793537 0.3049971573268804 0.42907880106518465
9 44.0 0.0 -1.0 -2.0 -1.04 0.19694638556693236 0.2787001384363631 0.3045552092214425 0.4167446523421941
9 45.0 0.0 -1.0 -2.0 -1.04 0.19694638556693236 0.28237181402225386 0.32328458080058214 0.39434360517716416
9 46.0 0.0 -1.0 -2.0 -1.03 0.1714466079977652 0.30288047789371453 0.31134558764712617 0.38577393445915925
9 47.0 0.0 -1.0 -2.0 -1.02 0.14070529413628965 0.30563662875583847 0.3106019378373117 0.3837614334068496
9 48.0 0.0 -1.0 -2.0 -1.02 0.14070529413628965 0.3205964042765257 0.3201992167707958 0.35920437895267865
9 49.0 0.0 -1.0 -2.0 -1.01 0.09999999999999998 0.31458734133886757 0.31278275070021694 0.3726299079609154
9 50.0 0.0 -1.0 -1.0 -1.0 0.0 0.29349839994651816 0.3485199230125626 0.35798167704091954
9 51.0 0.0 -1.0 -1.0 -1.0 0.0 0.3145764320537375 0.3145218641175617 0.37090170382870064
9 52.0 0.0 -1.0 -1.0 -1.0 0.0 0.28217521124124956 0.34162115563304246 0.37620363312570804
9 53.0 0.0 -1.0 -1.0 -1.0 0.0 0.32083272137033847 0.3115025296012771 0.36766474902838425
9 54.0 0.0 -1.0 -1.0 -1.0 0.0 0.33564473594019517 0.2983049213350317 0.3660503427247731
9 55.0 0.0 -1.0 -1.0 -1.0 0.0 0.3363016147579301 0.30029321273876397 0.36340517250330606
9 56.0 0.0 -1.0 -1.0 -1.0 0.0 0.32248106671562354 0.2981261626671372 0.3793927706172394
9 57.0 0.0 -1.0 -1.0 -1.0 0.0 0.32589873772532457 0.32447211756723826 0.3496291447074375
9 58.0 0.0 -1.0 -1.0 -1.0 0.0 0.3105827606460855 0.34551751331691555 0.343899726036999
9 59.0 0.0 -1.0 -1.0 -1.0 0.0 0.288136111544594 0.3546322269206373 0.3572316615347684
9 60.0 0.0 -1.0 -1.0 -1.0 0.0 0.2919855435763201 0.3745947902269499 0.33341966619673
9 61.0 0.0 -1.0 -1.0 -1.0 0.0 0.29027867554768644 0.3796218103489019 0.33009951410341165
9 62.0 0.0 -1.0 -1.0 -1.0 0.0 0.2697955857993532 0.39569961447081303 0.3345047997298339
9 63.0 0.0 -1.0 -1.0 -1.0 0.0 0.28201045438528377 0.3784269409535809 0.3395626046611352
9 64.0 0.0 -1.0 -1.0 -1.0 0.0 0.25619810396399645 0.37861199947376245 0.3651898965622411
9 65.0 0.0 -1.0 -1.0 -1.0 0.0 0.28738564597747585 0.35345280206608715 0.35916155195643706
9 66.0 0.0 -1.0 -1.0 -1.0 0.0 0.3025129510418479 0.38296802325442203 0.31451902570373025
9 67.0 0.0 -1.0 -1.0 -1.0 0.0 0.31110985522163426 0.35894972626605953 0.329940418512306
9 68.0 0.0 -1.0 -1.0 -1.0 0.0 0.3463592603838827 0.31844515775490095 0.33519558186121645
9 69.0 0.0 -1.0 -1.0 -1.0 0.0 0.3656676948498639 0.3131383909933294 0.32119391415680665
9 70.0 0.0 -1.0 -1.0 -1.0 0.0 0.34239199525858055 0.3344317267740675 0.3231762779673519
9 71.0 0.0 -1.0 -1.0 -1.0 0.0 0.30562414114486874 0.36735141810528404 0.3270244407498471
9 72.0 0.0 -1.0 -1.0 -1.0 0.0 0.297057424431611 0.35100876094607125 0.35193381462231793
9 73.0 0.0 -1.0 -1.0 -1.0 0.0 0.29621599416135486 0.34227129335948303 0.361512712479162
9 74.0 0.0 -1.0 -1.0 -1.0 0.0 0.29398103942886933 0.355753887490121 0.3502650730810098
9 75.0 0.0 -1.0 -1.0 -1.0 0.0 0.29493321490027996 0.3694240596412249 0.3356427254584953
9 76.0 0.0 -1.0 -1.0 -1.0 0.0 0.3119198178575868 0.36849564419489533 0.319584537947518
9 77.0 0.0 -1.0 -1.0 -1.0 0.0 0.3043329169587994 0.3578478219477767 0.33781926109342403
9 78.0 0.0 -1.0 -1.0 -1.0 0.0 0.3253106450742503 0.31661778072498625 0.35807157420076335
9 79.0 0.0 -1.0 -1.0 -1.0 0.0 0.32887639402360125 0.3337380040881533 0.33738560188824546
9 80.0 0.0 -1.0 -1.0 -1.0 0.0 0.33035144567651176 0.3331529757749563 0.3364955785485318
9 81.0 0.0 -1.0 -1.0 -1.0 0.0 0.3154752362394368 0.33585543956029484 0.34866932420026814
9 82.0 0.0 -1.0 -1.0 -1.0 0.0 0.3321271378004607 0.3224497099474426 0.3454231522520967
9 83.0 0.0 -1.0 -1.0 -1.0 0.0 0.3469500248215446 0.34031551620853095 0.31273445896992447
9 84.0 0.0 -1.0 -1.0 -1.0 0.0 0.3317067915767199 0.32934088165765124 0.3389523267656292
9 85.0 0.0 -1.0 -1.0 -1.0 0.0 0.3309750351859172 0.3338095413091977 0.335215423504885
9 86.0 0.0 -1.0 -1.0 -1.0 0.0 0.3453455907321327 0.30461382147748933 0.35004058779037805
9 87.0 0.0 -1.0 -1.0 -1.0 0.0 0.31934275154708697 0.29987469839700204 0.38078255005591094
9 88.0 0.0 -1.0 -1.0 -1.0 0.0 0.32792554570771115 0.28984940566669665 0.3822250486255924
9 89.0 0.0 -1.0 -1.0 -1.0 0.0 0.34870652295737337 0.31639349623646734 0.3348999808061594
9 90.0 0.0 -1.0 -1.0 -1.0 0.0 0.3274762498259405 0.33651853861035463 0.3360052115637049
9 91.0 0.0 -1.0 -1.0 -1.0 0.0 0.3257724744678237 0.3473129991042639 0.3269145264279127
9 92.0 0.0 -1.0 -1.0 -1.0 0.0 0.3287966243044887 0.34560924015858563 0.32559413553692573
9 93.0 0.0 -1.0 -1.0 -1.0 0.0 0.3091997447631115 0.3757944846824381 0.3150057705544501
9 94.0 0.0 -1.0 -1.0 -1.0 0.0 0.3006770254652493 0.37299996262118085 0.3263230119135698
9 95.0 0.0 -1.0 -1.0 -1.0 0.0 0.3269993960017378 0.35521200840130435 0.3177885955969578
9 96.0 0.0 -1.0 -1.0 -1.0 0.0 0.34693600908058686 0.3245880642531836 0.3284759266662295
9 97.0 0.0 -1.0 -1.0 -1.0 0.0 0.330914770789904 0.3330713566739511 0.3360138725361451
9 98.0 0.0 -1.0 -1.0 -1.0 0.0 0.31247760365839716 0.3570595938770767 0.3304628024645263
9 99.0 0.0 -1.0 -1.0 -1.0 0.0 0.34558783780995456 0.32590629179664565 0.3285058703933999
9 100.0 0.0 -1.0 -1.0 -1.0 0.0 0.3456314207864009 0.3161960347826324 0.3381725444309665
9 101.0 0.0 -1.0 -1.0 -1.0 0.0 0.341603504693156 0.3214841774869918 0.3369123178198521
9 102.0 0.0 -1.0 -1.0 -1.0 0.0 0.3332353605706559 0.3360883070065788 0.3306763324227653
9 103.0 0.0 -1.0 -1.0 -1.0 0.0 0.3222023501165561 0.3445849982534535 0.3332126516299907
9 104.0 0.0 -1.0 -1.0 -1.0 0.0 0.33410800794982437 0.3190334689775452 0.3468585230726305
9 105.0 0.0 -1.0 -1.0 -1.0 0.0 0.3299082416069979 0.34537875149495 0.324713006898052
9 106.0 0.0 -1.0 -1.0 -1.0 0.0 0.3394413988414945 0.34239954946615975 0.3181590516923458
9 107.0 0.0 -1.0 -1.0 -1.0 0.0 0.3368827428562902 0.34984489525510853 0.31327236188860125
9 108.0 0.0 -1.0 -1.0 -1.0 0.0 0.310304593594545 0.36893497447410484 0.3207604319313503
9 109.0 0.0 -1.0 -1.0 -1.0 0.0 0.3071228439196832 0.38527891923583896 0.30759823684447807
9 110.0 0.0 -1.0 -1.0 -1.0 0.0 0.36250736039806036 0.3574376277069748 0.2800550118949645
9 111.0 0.0 -1.0 -1.0 -1.0 0.0 0.3787949524671477 0.32701380535629687 0.2941912421765556
9 112.0 0.0 -1.0 -1.0 -1.0 0.0 0.3845833084114142 0.30648254632641847 0.3089341452621673
9 113.0 0.0 -1.0 -1.0 -1.0 0.0 0.3704907993932288 0.3068764895938659 0.3226327110129054
9 114.0 0.0 -1.0 -1.0 -1.0 0.0 0.35353241938348895 0.33936169264746885 0.3071058879690423
9 115.0 0.0 -1.0 -1.0 -1.0 0.0 0.35618032257457827 0.3361947263455478 0.30762495107987387
9 116.0 0.0 -1.0 -1.0 -1.0 0.0 0.3641380375902098 0.3250456177265245 0.31081634468326585
9 117.0 0.0 -1.0 -1.0 -1.0 0.0 0.37138349987693703 0.3275175001813158 0.3010989999417471
9 118.0 0.0 -1.0 -1.0 -1.0 0.0 0.359492417649185 0.30868188970344557 0.3318256926473695
9 119.0 0.0 -1.0 -1.0 -1.0 0.0 0.3630241700424898 0.3286191403452208 0.30835668961228946
9 120.0 0.0 -1.0 -1.0 -1.0 0.0 0.3362798576828975 0.32827310853315766 0.33544703378394486
9 121.0 0.0 -1.0 -1.0 -1.0 0.0 0.34830771091854934 0.34641094014099955 0.30528134894045095
9 122.0 0.0 -1.0 -1.0 -1.0 0.0 0.3244682155792961 0.34434629086598423 0.33118549355472
9 123.0 0.0 -1.0 -1.0 -1.0 0.0 0.3358617452145147 0.33732886660041056 0.32680938818507466
9 124.0 0.0 -1.0 -1.0 -1.0 0.0 0.31464349396927416 0.35278560979705986 0.332570896233666
9 125.0 0.0 -1.0 -1.0 -1.0 0.0 0.3052634029519811 0.3531136651069544 0.3416229319410645
9 126.0 0.0 -1.0 -1.0 -1.0 0.0 0.32222045019914963 0.34229295362324774 0.33548659617760257
9 127.0 0.0 -1.0 -1.0 -1.0 0.0 0.3330508323590713 0.34861292530092264 0.3183362423400059
9 128.0 0.0 -1.0 -1.0 -1.0 0.0 0.3633644434989574 0.3294628851424353 0.3071726713586072
9 129.0 0.0 -1.0 -1.0 -1.0 0.0 0.3585785764185169 0.3318790670586761 0.30954235652280704
9 130.0 0.0 -1.0 -1.0 -1.0 0.0 0.34827255760032794 0.34359235357267826 0.30813508882699364
9 131.0 0.0 -1.0 -1.0 -1.0 0.0 0.3552287511488283 0.3390720175117768 0.3056992313393948
9 132.0 0.0 -1.0 -1.0 -1.0 0.0 0.32966183202547433 0.34501014752772974 0.32532802044679554
9 133.0 0.0 -1.0 -1.0 -1.0 0.0 0.33374516712473723 0.33754372481711925 0.3287111080581435
9 134.0 0.0 -1.0 -1.0 -1.0 0.0 0.3304124099864119 0.34343920981676185 0.32614838019682607
9 135.0 0.0 -1.0 -1.0 -1.0 0.0 0.32826256040940655 0.3402342134862845 0.3315032261043092
9 136.0 0.0 -1.0 -1.0 -1.0 0.0 0.3155152060194635 0.3268990509574347 0.3575857430231019
9 137.0 0.0 -1.0 -1.0 -1.0 0.0 0.324594133675265 0.33718992470153475 0.33821594162320023
9 138.0 0.0 -1.0 -1.0 -1.0 0.0 0.33920151802295206 0.30828212977825026 0.3525163521987978
9 139.0 0.0 -1.0 -1.0 -1.0 0.0 0.3127314967720536 0.32181791630259765 0.3654505869253489
9 140.0 0.0 -1.0 -1.0 -1.0 0.0 0.3046482216731702 0.3030459832880991 0.39230579503873064
9 141.0 0.0 -1.0 -1.0 -1.0 0.0 0.3183894166818906 0.2979848863133303 0.383625697004779
9 142.0 0.0 -1.0 -1.0 -1.0 0.0 0.33191446954747356 0.3029727860663227 0.36511274438620367
9 143.0 0.0 -1.0 -1.0 -1.0 0.0 0.3451911412732877 0.3181240949873112 0.3366847637394011
9 144.0 0.0 -1.0 -1.0 -1.0 0.0 0.316878924363132 0.34023791312472007 0.3428831625121477
9 145.0 0.0 -1.0 -1.0 -1.0 0.0 0.3013700226291853 0.36157332908866224 0.33705664828215265
9 146.0 0.0 -1.0 -1.0 -1.0 0.0 0.2970292244145701 0.348805614733857 0.35416516085157296
9 147.0 0.0 -1.0 -1.0 -1.0 0.0 0.3181814825770037 0.32274837265899625 0.35907014476399995
9 148.0 0.0 -1.0 -1.0 -1.0 0.0 0.3358297267262922 0.3274201735083537 0.3367500997653542
9 149.0 0.0 -1.0 -1.0 -1.0 0.0 0.3427630818654955 0.3166326807444472 0.34060423739005735
9 150.0 0.0 -1.0 -1.0 -1.0 0.0 0.32379190195719476 0.32927283581801836 0.34693526222478666
9 151.0 0.0 -1.0 -1.0 -1.0 0.0 0.3371173301811636 0.3294700380520779 0.3334126317667587
9 152.0 0.0 -1.0 -1.0 -1.0 0.0 0.34873014692940785 0.33237290012949117 0.31889695294110093
9 153.0 0.0 -1.0 -1.0 -1.0 0.0 0.35110553720405185 0.31872714519237344 0.3301673176035747
9 154.0 0.0 -1.0 -1.0 -1.0 0.0 0.34088019200182373 0.33800058066834865 0.32111922732982734
9 155.0 0.0 -1.0 -1.0 -1.0 0.0 0.3753236158445422 0.3246382314379747 0.3000381527174835
9 156.0 0.0 -1.0 -1.0 -1.0 0.0 0.3612933486604091 0.3257255038979543 0.3129811474416366
9 157.0 0.0 -1.0 -1.0 -1.0 0.0 0.34269430596583883 0.3387483824283467 0.3185573116058147
9 158.0 0.0 -1.0 -1.0 -1.0 0.0 0.32310064831489166 0.3457768239166929 0.3311225277684153
9 159.0 0.0 -1.0 -1.0 -1.0 0.0 0.3342134807371253 0.3480938071162174 0.31769271214665734
9 160.0 0.0 -1.0 -1.0 -1.0 0.0 0.349724639723946 0.3154567211304349 0.33481863914561905
9 161.0 0.0 -1.0 -1.0 -1.0 0.0 0.3362069768697019 0.3159674556738605 0.34782556745643767
9 162.0 0.0 -1.0 -1.0 -1.0 0.0 0.33185066976852917 0.321279720232739 0.34686960999873173
9 163.0 0.0 -1.0 -1.0 -1.0 0.0 0.332408502148668 0.32446598916978603 0.3431255086815461
9 164.0 0.0 -1.0 -1.0 -1.0 0.0 0.34634075090468186 0.3298684595077967 0.32379078958752167
9 165.0 0.0 -1.0 -1.0 -1.0 0.0 0.3572520186256615 0.33746234640352674 0.30528563497081174
9 166.0 0.0 -1.0 -1.0 -1.0 0.0 0.37300126426904123 0.3290632690024256 0.29793546672853294
9 167.0 0.0 -1.0 -1.0 -1.0 0.0 0.36926825646420786 0.32499140863275905 0.3057403349030331
9 168.0 0.0 -1.0 -1.0 -1.0 0.0 0.3676160992636941 0.3070346057559303 0.3253492949803757
9 169.0 0.0 -1.0 -1.0 -1.0 0.0 0.3567589527948124 0.2878681830551282 0.3553728641500594
9 170.0 0.0 -1.0 -1.0 -1.0 0.0 0.36071817172834636 0.31955634446502007 0.3197254838066336
9 171.0 0.0 -1.0 -1.0 -1.0 0.0 0.3904605225981894 0.30176265264140717 0.30777682476040336
9 172.0 0.0 -1.0 -1.0 -1.0 0.0 0.34583594797880063 0.3185156289005683 0.3356484231206312
9 173.0 0.0 -1.0 -1.0 -1.0 0.0 0.35005311996042116 0.3249553978234793 0.3249914822160996
9 174.0 0.0 -1.0 -1.0 -1.0 0.0 0.3552806167308584 0.31545979857376166 0.32925958469537975
9 175.0 0.0 -1.0 -1.0 -1.0 0.0 0.34292273551650504 0.3648800079747004 0.2921972565087947
9 176.0 0.0 -1.0 -1.0 -1.0 0.0 0.3492264550475274 0.3362087665108152 0.31456477844165726
9 177.0 0.0 -1.0 -1.0 -1.0 0.0 0.3375539293662018 0.3381117532587023 0.3243343173750959
9 178.0 0.0 -1.0 -1.0 -1.0 0.0 0.3218650236424723 0.34037641393575685 0.33775856242177094
9 179.0 0.0 -1.0 -1.0 -1.0 0.0 0.3323066814196312 0.3375706247238014 0.3301226938565675
9 180.0 0.0 -1.0 -1.0 -1.0 0.0 0.3242417774174568 0.33363822511504027 0.342119997467503
9 181.0 0.0 -1.0 -1.0 -1.0 0.0 0.3455781439402061 0.31577532956234794 0.3386465264974462
9 182.0 0.0 -1.0 -1.0 -1.0 0.0 0.37470502244746073 0.3009506862690641 0.32434429128347503
9 183.0 0.0 -1.0 -1.0 -1.0 0.0 0.34233448965681956 0.32675978916032866 0.3309057211828515
9 184.0 0.0 -1.0 -1.0 -1.0 0.0 0.3387144149903618 0.34736568258467904 0.31391990242495926
9 185.0 0.0 -1.0 -1.0 -1.0 0.0 0.3491685342928504 0.3279200574850371 0.32291140822211234
9 186.0 0.0 -1.0 -1.0 -1.0 0.0 0.3475440170104011 0.35283979455999975 0.29961618842959914
9 187.0 0.0 -1.0 -1.0 -1.0 0.0 0.3699053486016868 0.3449647630090256 0.2851298883892879
9 188.0 0.0 -1.0 -1.0 -1.0 0.0 0.3884962930099109 0.32107796983749687 0.2904257371525923
9 189.0 0.0 -1.0 -1.0 -1.0 0.0 0.39125417484271985 0.29853147409631275 0.3102143510609676
9 190.0 0.0 -1.0 -1.0 -1.0 0.0 0.3899802342821521 0.2995125421267042 0.31050722359114385
9 191.0 0.0 -1.0 -1.0 -1.0 0.0 0.3878608109569569 0.29074218223221665 0.32139700681082645
9 192.0 0.0 -1.0 -1.0 -1.0 0.0 0.3872116703474444 0.2999161143470152 0.3128722153055404
9 193.0 0.0 -1.0 -1.0 -1.0 0.0 0.3876231556289261 0.3010967234590518 0.31128012091202206
9 194.0 0.0 -1.0 -1.0 -1.0 0.0 0.3766868180702286 0.31560101046483097 0.3077121714649405
9 195.0 0.0 -1.0 -1.0 -1.0 0.0 0.38717341892876683 0.3124881728949615 0.3003384081762714
9 196.0 0.0 -1.0 -1.0 -1.0 0.0 0.38892521992902074 0.2986120688923182 0.31246271117866087
9 197.0 0.0 -1.0 -1.0 -1.0 0.0 0.3917266108374629 0.270516541825496 0.337756847337041
9 198.0 0.0 -1.0 -1.0 -1.0 0.0 0.367263468335453 0.2970207067027759 0.3357158249617709
9 199.0 0.0 -1.0 -1.0 -1.0 0.0 0.3602495225252514 0.29165478313106596 0.3480956943436826
9 200.0 0.0 -1.0 -1.0 -1.0 0.0 0.3630157490332378 0.2878458908976815 0.3491383600690806
9 201.0 0.0 -1.0 -1.0 -1.0 0.0 0.34234614064398644 0.3312565143457487 0.3263973450102648
9 202.0 0.0 -1.0 -1.0 -1.0 0.0 0.3302630384164407 0.35909015693502977 0.3106468046485291
9 203.0 0.0 -1.0 -1.0 -1.0 0.0 0.36218098503609847 0.351566772508455 0.28625224245544656
9 204.0 0.0 -1.0 -1.0 -1.0 0.0 0.3593469164000399 0.3372550437418574 0.30339803985810276
9 205.0 0.0 -1.0 -1.0 -1.0 0.0 0.3588017520601446 0.3398898591908561 0.3013083887489991
9 206.0 0.0 -1.0 -1.0 -1.0 0.0 0.35593251258924496 0.32950723800372633 0.3145602494070285
9 207.0 0.0 -1.0 -1.0 -1.0 0.0 0.3557519984038576 0.34916517274179887 0.2950828288543437
9 208.0 0.0 -1.0 -1.0 -1.0 0.0 0.34669343808818387 0.3371665599497344 0.3161400019620817
9 209.0 0.0 -1.0 -1.0 -1.0 0.0 0.33257916082892686 0.3246241365348231 0.34279670263625023
9 210.0 0.0 -1.0 -1.0 -1.0 0.0 0.3313903241681597 0.3428206587260906 0.3257890171057497
9 211.0 0.0 -1.0 -1.0 -1.0 0.0 0.3607164847386686 0.33254052863320227 0.3067429866281292
9 212.0 0.0 -1.0 -1.0 -1.0 0.0 0.3600364226238362 0.33528719523936124 0.3046763821368025
9 213.0 0.0 -1.0 -1.0 -1.0 0.0 0.3500587940462017 0.3224636597203683 0.3274775462334301
9 214.0 0.0 -1.0 -1.0 -1.0 0.0 0.37667130417500777 0.31126839011999624 0.312060305704996
9 215.0 0.0 -1.0 -1.0 -1.0 0.0 0.3582478424759746 0.3071990555258555 0.33455310199816973
9 216.0 0.0 -1.0 -1.0 -1.0 0.0 0.36820905456893066 0.33159778650795135 0.3001931589231178
9 217.0 0.0 -1.0 -1.0 -1.0 0.0 0.3376969623535473 0.33002333733557465 0.33227970031087806
9 218.0 0.0 -1.0 -1.0 -1.0 0.0 0.33367387042072566 0.3301460083018487 0.3361801212774256
9 219.0 0.0 -1.0 -1.0 -1.0 0.0 0.35663060416335285 0.30373394513716984 0.3396354506994774
9 220.0 0.0 -1.0 -1.0 -1.0 0.0 0.3666739700598092 0.28931013055028537 0.34401589938990546
9 221.0 0.0 -1.0 -1.0 -1.0 0.0 0.3656665497605642 0.29959951434921234 0.3347339358902235
9 222.0 0.0 -1.0 -1.0 -1.0 0.0 0.3498101404276309 0.305378538351007 0.3448113212213619
9 223.0 0.0 -1.0 -1.0 -1.0 0.0 0.34505788237089957 0.32289079573487867 0.3320513218942217
9 224.0 0.0 -1.0 -1.0 -1.0 0.0 0.33845650127586746 0.3494836869090102 0.3120598118151224
9 225.0 0.0 -1.0 -1.0 -1.0 0.0 0.347815502276792 0.3490450945317277 0.30313940319148047
9 226.0 0.0 -1.0 -1.0 -1.0 0.0 0.3162567908268942 0.3637719617969899 0.319971247376116
9 227.0 0.0 -1.0 -1.0 -1.0 0.0 0.30611659933528745 0.37335420947034065 0.3205291911943718
9 228.0 0.0 -1.0 -1.0 -1.0 0.0 0.29540076472541477 0.369824291029758 0.33477494424482684
9 229.0 0.0 -1.0 -1.0 -1.0 0.0 0.2786687610977641 0.3573173774101768 0.3640138614920593
9 230.0 0.0 -1.0 -1.0 -1.0 0.0 0.2927636860129933 0.33055490469460713 0.3766814092923996
9 231.0 0.0 -1.0 -1.0 -1.0 0.0 0.3199031172994477 0.34716204942483864 0.33293483327571366
9 232.0 0.0 -1.0 -1.0 -1.0 0.0 0.346257511852668 0.3525841088391873 0.3011583793081447
9 233.0 0.0 -1.0 -1.0 -1.0 0.0 0.3421300419120507 0.3524071281395967 0.3054628299483527
9 234.0 0.0 -1.0 -1.0 -1.0 0.0 0.30524176575418976 0.35478587858855304 0.3399723556572575
9 235.0 0.0 -1.0 -1.0 -1.0 0.0 0.3277355541341852 0.35292091001019865 0.319343535855616
9 236.0 0.0 -1.0 -1.0 -1.0 0.0 0.3280981140880382 0.3577782326497573 0.31412365326220454
9 237.0 0.0 -1.0 -1.0 -1.0 0.0 0.33621456936707583 0.3339730020820994 0.3298124285508248
9 238.0 0.0 -1.0 -1.0 -1.0 0.0 0.3312772996104327 0.34460369881043557 0.3241190015791318
9 239.0 0.0 -1.0 -1.0 -1.0 0.0 0.36629955327846064 0.3360855528464428 0.2976148938750966
9 240.0 0.0 -1.0 -1.0 -1.0 0.0 0.3569772152965174 0.3485572717691847 0.2944655129342979
9 241.0 0.0 -1.0 -1.0 -1.0 0.0 0.3395080050560091 0.36985637181311487 0.29063562313087626
9 242.0 0.0 -1.0 -1.0 -1.0 0.0 0.36209900199464157 0.3458618122123889 0.29203918579296945
9 243.0 0.0 -1.0 -1.0 -1.0 0.0 0.35151952168417466 0.3363323695021957 0.3121481088136299
9 244.0 0.0 -1.0 -1.0 -1.0 0.0 0.35157723913132427 0.35755975420586805 0.2908630066628076
9 245.0 0.0 -1.0 -1.0 -1.0 0.0 0.3345188547736299 0.38137738312340475 0.2841037621029652
9 246.0 0.0 -1.0 -1.0 -1.0 0.0 0.34337044391064564 0.3599631921005734 0.2966663639887811
9 247.0 0.0 -1.0 -1.0 -1.0 0.0 0.3294777469722209 0.38004205204787495 0.29048020097990435
9 248.0 0.0 -1.0 -1.0 -1.0 0.0 0.3238685414253456 0.3544037921232034 0.3217276664514506
9 249.0 0.0 -1.0 -1.0 -1.0 0.0 0.34191321215410175 0.340838410718868 0.3172483771270301
9 250.0 0.0 -1.0 -1.0 -1.0 0.0 0.3675541360319221 0.3208265556598589 0.3116193083082192
9 251.0 0.0 -1.0 -1.0 -1.0 0.0 0.37396676670219015 0.3338332731838333 0.2921999601139766
9 252.0 0.0 -1.0 -1.0 -1.0 0.0 0.3486108348533541 0.33211735616194704 0.31927180898469903
9 253.0 0.0 -1.0 -1.0 -1.0 0.0 0.34531692620822013 0.3496463848805049 0.30503668891127483
9 254.0 0.0 -1.0 -1.0 -1.0 0.0 0.3315763452767259 0.3574661528135594 0.3109575019097145
9 255.0 0.0 -1.0 -1.0 -1.0 0.0 0.35277760040703493 0.3380687452809854 0.3091536543119796
9 256.0 0.0 -1.0 -1.0 -1.0 0.0 0.34606894371124897 0.35291826056257825 0.3010127957261728
9 257.0 0.0 -1.0 -1.0 -1.0 0.0 0.3512413835481331 0.3442924170194433 0.30446619943242353
9 258.0 0.0 -1.0 -1.0 -1.0 0.0 0.35199130080901603 0.32608619046128395 0.32192250872969985
9 259.0 0.0 -1.0 -1.0 -1.0 0.0 0.3851077311262404 0.30590154712400686 0.3089907217497526
9 260.0 0.0 -1.0 -1.0 -1.0 0.0 0.38353664313633823 0.2924288515171534 0.32403450534650846
9 261.0 0.0 -1.0 -1.0 -1.0 0.0 0.38892276737360165 0.308532501791502 0.3025447308348965
9 262.0 0.0 -1.0 -1.0 -1.0 0.0 0.3925733271331605 0.2843445047238419 0.32308216814299745
9 263.0 0.0 -1.0 -1.0 -1.0 0.0 0.38267177759804033 0.29431115089142895 0.3230170715105309
9 264.0 0.0 -1.0 -1.0 -1.0 0.0 0.35982962532768814 0.29873426331773073 0.3414361113545812
9 265.0 0.0 -1.0 -1.0 -1.0 0.0 0.3576926735407346 0.30216040766731056 0.3401469187919549
9 266.0 0.0 -1.0 -1.0 -1.0 0.0 0.3451211507465552 0.3128288092217599 0.3420500400316848
9 267.0 0.0 -1.0 -1.0 -1.0 0.0 0.3477473474940124 0.30721416967382514 0.3450384828321627
9 268.0 0.0 -1.0 -1.0 -1.0 0.0 0.3493005166450203 0.29257623220526247 0.35812325114971727
9 269.0 0.0 -1.0 -1.0 -1.0 0.0 0.34199751955881674 0.283704711163756 0.37429776927742703
9 270.0 0.0 -1.0 -1.0 -1.0 0.0 0.36103609376960316 0.29830950385339944 0.3406544023769974
9 271.0 0.0 -1.0 -1.0 -1.0 0.0 0.34546911991661294 0.3143542398695012 0.34017664021388583
9 272.0 0.0 -1.0 -1.0 -1.0 0.0 0.32578157493045573 0.30240711377849006 0.3718113112910541
9 273.0 0.0 -1.0 -1.0 -1.0 0.0 0.31347326148094534 0.29786046732818655 0.38866627119086816
9 274.0 0.0 -1.0 -1.0 -1.0 0.0 0.3300146832255176 0.2923858567342526 0.37759946004022976
9 275.0 0.0 -1.0 -1.0 -1.0 0.0 0.32225553969338355 0.3141070537025871 0.36363740660402954
9 276.0 0.0 -1.0 -1.0 -1.0 0.0 0.3478712962162945 0.3049374347414096 0.3471912690422957
9 277.0 0.0 -1.0 -1.0 -1.0 0.0 0.338648279149602 0.3262441879816788 0.3351075328687189
9 278.0 0.0 -1.0 -1.0 -1.0 0.0 0.3411340127346076 0.30601965715407564 0.35284633011131694
9 279.0 0.0 -1.0 -1.0 -1.0 0.0 0.323936237528697 0.31898650762667186 0.3570772548446312
9 280.0 0.0 -1.0 -1.0 -1.0 0.0 0.35327367424177125 0.28635419707492754 0.36037212868330115
9 281.0 0.0 -1.0 -1.0 -1.0 0.0 0.3231604302977623 0.3121625351786806 0.3646770345235572
9 282.0 0.0 -1.0 -1.0 -1.0 0.0 0.3073673552945852 0.3411855936434969 0.3514470510619182
9 283.0 0.0 -1.0 -1.0 -1.0 0.0 0.3207899111962786 0.33120530332064485 0.3480047854830768
9 284.0 0.0 -1.0 -1.0 -1.0 0.0 0.30813850042447766 0.3454794489055521 0.3463820506699704
9 285.0 0.0 -1.0 -1.0 -1.0 0.0 0.2952447290943794 0.3719904345570037 0.332764836348617
9 286.0 0.0 -1.0 -1.0 -1.0 0.0 0.2907598625718854 0.3881206688400542 0.32111946858806023
9 287.0 0.0 -1.0 -1.0 -1.0 0.0 0.314645218522397 0.3804297877019166 0.30492499377568655
9 288.0 0.0 -1.0 -1.0 -1.0 0.0 0.31588929641342367 0.36575038351876776 0.31836032006780846
9 289.0 0.0 -1.0 -1.0 -1.0 0.0 0.31350137333955347 0.35927637322643585 0.3272222534340106
9 290.0 0.0 -1.0 -1.0 -1.0 0.0 0.3422161003026451 0.3341023244937179 0.3236815752036369
9 291.0 0.0 -1.0 -1.0 -1.0 0.0 0.36525741853091104 0.33651691438995557 0.29822566707913334
9 292.0 0.0 -1.0 -1.0 -1.0 0.0 0.3619969616188196 0.3303538481931515 0.3076491901880291
9 293.0 0.0 -1.0 -1.0 -1.0 0.0 0.35087307806912227 0.3338708875492985 0.31525603438157945
9 294.0 0.0 -1.0 -1.0 -1.0 0.0 0.35903230697274197 0.3300118094607585 0.3109558835664998
9 295.0 0.0 -1.0 -1.0 -1.0 0.0 0.3718009318098393 0.32879534853982334 0.29940371965033724
9 296.0 0.0 -1.0 -1.0 -1.0 0.0 0.3682113202758903 0.30869551344347934 0.32309316628063073
9 297.0 0.0 -1.0 -1.0 -1.0 0.0 0.37645278364281426 0.31831458426969783 0.3052326320874881
9 298.0 0.0 -1.0 -1.0 -1.0 0.0 0.3532521271774502 0.3375367941391121 0.3092110786834378
9 299.0 0.0 -1.0 -1.0 -1.0 0.0 0.3269351064680495 0.354812529778972 0.3182523637529784
9 300.0 0.0 -1.0 -1.0 -1.0 0.0 0.3023528785254946 0.36626267257471695 0.33138444889978835
9 301.0 0.0 -1.0 -1.0 -1.0 0.0 0.32627173716079866 0.34441115966859104 0.3293171031706104
9 302.0 0.0 -1.0 -1.0 -1.0 0.0 0.3083760576354602 0.3709006089912962 0.3207233333732439
9 303.0 0.0 -1.0 -1.0 -1.0 0.0 0.3451871716944197 0.3536835997783858 0.3011292285271945
9 304.0 0.0 -1.0 -1.0 -1.0 0.0 0.31935775198527483 0.3594721752901549 0.3211700727245704
9 305.0 0.0 -1.0 -1.0 -1.0 0.0 0.30791557437800704 0.3769691138201205 0.3151153118018726
9 306.0 0.0 -1.0 -1.0 -1.0 0.0 0.3091589208406127 0.3600813523870317 0.3307597267723559
9 307.0 0.0 -1.0 -1.0 -1.0 0.0 0.2928827528187234 0.3871822735854107 0.31993497359586553
9 308.0 0.0 -1.0 -1.0 -1.0 0.0 0.2925132376177423 0.3793982208494244 0.32808854153283307
9 309.0 0.0 -1.0 -1.0 -1.0 0.0 0.27902304794828015 0.3827302045116644 0.3382467475400555
9 310.0 0.0 -1.0 -1.0 -1.0 0.0 0.2621535170265589 0.3749876170457409 0.36285886592770034
9 311.0 0.0 -1.0 -1.0 -1.0 0.0 0.2711786843843908 0.37100630785818184 0.35781500775742736
9 312.0 0.0 -1.0 -1.0 -1.0 0.0 0.2947554673002746 0.37859043040072676 0.32665410229899855
9 313.0 0.0 -1.0 -1.0 -1.0 0.0 0.342562536832944 0.342413387017167 0.315024076149889
9 314.0 0.0 -1.0 -1.0 -1.0 0.0 0.3284081847553301 0.3637666451347967 0.30782517010987304
9 315.0 0.0 -1.0 -1.0 -1.0 0.0 0.3085346209139707 0.3643522734424053 0.3271131056436241
9 316.0 0.0 -1.0 -1.0 -1.0 0.0 0.31712781279513824 0.36244257047769357 0.32042961672716813
9 317.0 0.0 -1.0 -1.0 -1.0 0.0 0.3308924296590742 0.3386283996588982 0.33047917068202765
9 318.0 0.0 -1.0 -1.0 -1.0 0.0 0.32948014339957604 0.3385307693918612 0.33198908720856296
9 319.0 0.0 -1.0 -1.0 -1.0 0.0 0.34344299128147204 0.3517273749841073 0.3048296337344203
9 320.0 0.0 -1.0 -1.0 -1.0 0.0 0.33141870845068844 0.3543891716009624 0.31419211994834945
9 321.0 0.0 -1.0 -1.0 -1.0 0.0 0.35378038627040503 0.334894593399395 0.3113250203302
9 322.0 0.0 -1.0 -1.0 -1.0 0.0 0.3391260585232607 0.34047922050477203 0.32039472097196714
9 323.0 0.0 -1.0 -1.0 -1.0 0.0 0.33717772784423156 0.3330739601172762 0.3297483120384922
9 324.0 0.0 -1.0 -1.0 -1.0 0.0 0.3545396998554674 0.3187930794347218 0.32666722070981075
9 325.0 0.0 -1.0 -1.0 -1.0 0.0 0.364473148780614 0.295357028530229 0.34016982268915696
9 326.0 0.0 -1.0 -1.0 -1.0 0.0 0.3467553280287441 0.3119150932928084 0.34132957867844743
9 327.0 0.0 -1.0 -1.0 -1.0 0.0 0.35560194778905013 0.3061258606505017 0.3382721915604482
9 328.0 0.0 -1.0 -1.0 -1.0 0.0 0.3305462270897344 0.3354003888411791 0.33405338406908675
9 329.0 0.0 -1.0 -1.0 -1.0 0.0 0.3268887756162593 0.3405821079590594 0.33252911642468147
9 330.0 0.0 -1.0 -1.0 -1.0 0.0 0.3454927544572382 0.3637493086878787 0.2907579368548831
9 331.0 0.0 -1.0 -1.0 -1.0 0.0 0.3062467187189935 0.3671310109769948 0.32662227030401164
9 332.0 0.0 -1.0 -1.0 -1.0 0.0 0.321188321675561 0.3500151590999547 0.32879651922448405
9 333.0 0.0 -1.0 -1.0 -1.0 0.0 0.3304905591087357 0.3452359211649166 0.32427351972634777
9 334.0 0.0 -1.0 -1.0 -1.0 0.0 0.3469612488240913 0.3179791391873298 0.33505961198857875
9 335.0 0.0 -1.0 -1.0 -1.0 0.0 0.3349614204505731 0.3323945605614235 0.3326440189880034
9 336.0 0.0 -1.0 -1.0 -1.0 0.0 0.3402438841124546 0.3057897498074763 0.3539663660800691
9 337.0 0.0 -1.0 -1.0 -1.0 0.0 0.3483148392030288 0.32998671394250595 0.3216984468544651
9 338.0 0.0 -1.0 -1.0 -1.0 0.0 0.35860783417881215 0.3285639178213598 0.312828247999828
9 339.0 0.0 -1.0 -1.0 -1.0 0.0 0.3496692107508331 0.33630055481781107 0.31403023443135586
9 340.0 0.0 -1.0 -1.0 -1.0 0.0 0.3442303805679054 0.3619324804515849 0.29383713898051
9 341.0 0.0 -1.0 -1.0 -1.0 0.0 0.35074800393475214 0.35233134896167534 0.2969206471035723
9 342.0 0.0 -1.0 -1.0 -1.0 0.0 0.3530481071195679 0.3381313817211859 0.30882051115924614
9 343.0 0.0 -1.0 -1.0 -1.0 0.0 0.3541142296926493 0.33607063712553076 0.3098151331818201
9 344.0 0.0 -1.0 -1.0 -1.0 0.0 0.3539089504940479 0.36212167322922517 0.2839693762767268
9 345.0 0.0 -1.0 -1.0 -1.0 0.0 0.3466964667859525 0.34748991679214475 0.30581361642190286
9 346.0 0.0 -1.0 -1.0 -1.0 0.0 0.3639356311997707 0.32333388509531974 0.31273048370490963
9 347.0 0.0 -1.0 -1.0 -1.0 0.0 0.34376585755771266 0.31728985348129246 0.33894428896099527
9 348.0 0.0 -1.0 -1.0 -1.0 0.0 0.33642931147485966 0.30059717674537123 0.36297351177976883
9 349.0 0.0 -1.0 -1.0 -1.0 0.0 0.3364352860355072 0.3087690009853752 0.35479571297911755
9 350.0 0.0 -1.0 -1.0 -1.0 0.0 0.33768651470497235 0.3179845700804042 0.34432891521462317
9 351.0 0.0 -1.0 -1.0 -1.0 0.0 0.351155603236955 0.32109840989471633 0.32774598686832845
9 352.0 0.0 -1.0 -1.0 -1.0 0.0 0.32869479375138866 0.3489798307555374 0.32232537549307383
9 353.0 0.0 -1.0 -1.0 -1.0 0.0 0.33758354840501353 0.35491243823902346 0.307504013355963
9 354.0 0.0 -1.0 -1.0 -1.0 0.0 0.3212120316108663 0.346072275762526 0.3327156926266076
9 355.0 0.0 -1.0 -1.0 -1.0 0.0 0.3093941972994727 0.3382178391866107 0.35238796351391666
9 356.0 0.0 -1.0 -1.0 -1.0 0.0 0.3297898933913595 0.3418460685541757 0.32836403805446485
9 357.0 0.0 -1.0 -1.0 -1.0 0.0 0.3060135532842849 0.34593625692229113 0.34805018979342406
9 358.0 0.0 -1.0 -1.0 -1.0 0.0 0.305622538434401 0.3378805440253449 0.35649691754025403
9 359.0 0.0 -1.0 -1.0 -1.0 0.0 0.31291595398623484 0.32380257996503553 0.36328146604872963
9 360.0 0.0 -1.0 -1.0 -1.0 0.0 0.3062405961211388 0.3243372616859347 0.3694221421929266
9 361.0 0.0 -1.0 -1.0 -1.0 0.0 0.3166123883897248 0.33563832620054945 0.34774928540972583
9 362.0 0.0 -1.0 -1.0 -1.0 0.0 0.3323289895437839 0.3183339131148657 0.3493370973413504
9 363.0 0.0 -1.0 -1.0 -1.0 0.0 0.3249735197227997 0.3209839089921499 0.35404257128505057
9 364.0 0.0 -1.0 -1.0 -1.0 0.0 0.32715111779946454 0.348888331573565 0.3239605506269705
9 365.0 0.0 -1.0 -1.0 -1.0 0.0 0.3152355182103339 0.347673580761975 0.3370909010276912
9 366.0 0.0 -1.0 -1.0 -1.0 0.0 0.3153732056581997 0.3436196259903467 0.3410071683514538
9 367.0 0.0 -1.0 -1.0 -1.0 0.0 0.30718487808135625 0.35989021129272586 0.33292491062591784
9 368.0 0.0 -1.0 -1.0 -1.0 0.0 0.3199092864252375 0.31777180826658574 0.36231890530817645
9 369.0 0.0 -1.0 -1.0 -1.0 0.0 0.31532715228081387 0.31472377910824234 0.3699490686109438
9 370.0 0.0 -1.0 -1.0 -1.0 0.0 0.31680910212523455 0.32177227772365247 0.361418620151113
9 371.0 0.0 -1.0 -1.0 -1.0 0.0 0.32712112245168057 0.3097556502355575 0.3631232273127617
9 372.0 0.0 -1.0 -1.0 -1.0 0.0 0.3160929263367569 0.31250072620835334 0.3714063474548898
9 373.0 0.0 -1.0 -1.0 -1.0 0.0 0.31682155930391237 0.3153773101821863 0.3678011305139013
9 374.0 0.0 -1.0 -1.0 -1.0 0.0 0.3140807623504668 0.32341696146033583 0.3625022761891973
9 375.0 0.0 -1.0 -1.0 -1.0 0.0 0.31078352852560087 0.33790065042060574 0.3513158210537934
9 376.0 0.0 -1.0 -1.0 -1.0 0.0 0.3145048326065852 0.33324146433671503 0.3522537030566999
9 377.0 0.0 -1.0 -1.0 -1.0 0.0 0.3287288647564324 0.3412406695191088 0.3300304657244588
9 378.0 0.0 -1.0 -1.0 -1.0 0.0 0.32970453498040847 0.3477046388467955 0.32259082617279605
9 379.0 0.0 -1.0 -1.0 -1.0 0.0 0.33069358875108273 0.33963343371017063 0.3296729775387465
9 380.0 0.0 -1.0 -1.0 -1.0 0.0 0.33055396079242366 0.35301884272973827 0.316427196477838
9 381.0 0.0 -1.0 -1.0 -1.0 0.0 0.3357567526556297 0.34448120409259547 0.31976204325177493
9 382.0 0.0 -1.0 -1.0 -1.0 0.0 0.35666806628420494 0.3296572447042563 0.3136746890115387
9 383.0 0.0 -1.0 -1.0 -1.0 0.0 0.35219707380955123 0.31894595926781827 0.3288569669226304
9 384.0 0.0 -1.0 -1.0 -1.0 0.0 0.35083441748069544 0.31061764170894474 0.33854794081035977
9 385.0 0.0 -1.0 -1.0 -1.0 0.0 0.3453229125671627 0.3075957324696344 0.34708135496320286
9 386.0 0.0 -1.0 -1.0 -1.0 0.0 0.3092343653817208 0.3304229677479997 0.3603426668702795
9 387.0 0.0 -1.0 -1.0 -1.0 0.0 0.2996721326334831 0.35627321508206317 0.3440546522844537
9 388.0 0.0 -1.0 -1.0 -1.0 0.0 0.3242147555560559 0.3506297228128175 0.32515552163112665
9 389.0 0.0 -1.0 -1.0 -1.0 0.0 0.33907587809836237 0.3389998711683113 0.3219242507333263
9 390.0 0.0 -1.0 -1.0 -1.0 0.0 0.31899936822935027 0.3538517582442464 0.32714887352640326
9 391.0 0.0 -1.0 -1.0 -1.0 0.0 0.32211325969782545 0.36700702182039147 0.310879718481783
9 392.0 0.0 -1.0 -1.0 -1.0 0.0 0.3193388455082481 0.38090821515131273 0.29975293934043906
9 393.0 0.0 -1.0 -1.0 -1.0 0.0 0.3220151513426878 0.3542596889254483 0.32372515973186416
9 394.0 0.0 -1.0 -1.0 -1.0 0.0 0.3363240319624055 0.34175073099742675 0.32192523704016773
9 395.0 0.0 -1.0 -1.0 -1.0 0.0 0.34613893669785134 0.32927197618500836 0.3245890871171404
9 396.0 0.0 -1.0 -1.0 -1.0 0.0 0.34020458232268447 0.32447908040006235 0.3353163372772532
9 397.0 0.0 -1.0 -1.0 -1.0 0.0 0.33303922951673426 0.3240838497090155 0.3428769207742503
9 398.0 0.0 -1.0 -1.0 -1.0 0.0 0.34435500130513685 0.31222866012677625 0.3434163385680869
9 399.0 0.0 -1.0 -1.0 -1.0 0.0 0.32154297920052016 0.30093486007003944 0.3775221607294405
9 400.0 0.0 -1.0 -1.0 -1.0 0.0 0.33198261814437624 0.2779415552163827 0.39007582663924123
9 401.0 0.0 -1.0 -1.0 -1.0 0.0 0.31478057794637093 0.3000349740184715 0.38518444803515756
9 402.0 0.0 -1.0 -1.0 -1.0 0.0 0.2936385848884271 0.33099826163689783 0.3753631534746751
9 403.0 0.0 -1.0 -1.0 -1.0 0.0 0.2919571724664203 0.35319216408723336 0.3548506634463462
9 404.0 0.0 -1.0 -1.0 -1.0 0.0 0.3005754500884123 0.3316999089654604 0.3677246409461274
9 405.0 0.0 -1.0 -1.0 -1.0 0.0 0.3160053747447382 0.3350576036599452 0.3489370215953167
9 406.0 0.0 -1.0 -1.0 -1.0 0.0 0.3165990428156502 0.32853928423099615 0.35486167295335364
9 407.0 0.0 -1.0 -1.0 -1.0 0.0 0.3168289558231877 0.3548959231681475 0.3282751210086648
9 408.0 0.0 -1.0 -1.0 -1.0 0.0 0.3185138219278495 0.3458252456324304 0.33566093243972
9 409.0 0.0 -1.0 -1.0 -1.0 0.0 0.330736686404251 0.3314260245713705 0.3378372890243785
9 410.0 0.0 -1.0 -1.0 -1.0 0.0 0.3236584058877282 0.3101303188028772 0.3662112753093946
9 411.0 0.0 -1.0 -1.0 -1.0 0.0 0.3148241027045445 0.3316207525519939 0.35355514474346145
9 412.0 0.0 -1.0 -1.0 -1.0 0.0 0.3206010893086153 0.3254046241181131 0.3539942865732716
9 413.0 0.0 -1.0 -1.0 -1.0 0.0 0.3476449050082516 0.30184319596467146 0.35051189902707697
9 414.0 0.0 -1.0 -1.0 -1.0 0.0 0.34674512422351916 0.3372082984154197 0.31604657736106123
9 415.0 0.0 -1.0 -1.0 -1.0 0.0 0.36339718148649736 0.3187993510650469 0.3178034674484557
9 416.0 0.0 -1.0 -1.0 -1.0 0.0 0.35135235908593854 0.32076818339799573 0.32787945751606573
9 417.0 0.0 -1.0 -1.0 -1.0 0.0 0.35219168605237355 0.30776030360019463 0.3400480103474319
9 418.0 0.0 -1.0 -1.0 -1.0 0.0 0.37724352034490316 0.29792891585979575 0.3248275637953009
9 419.0 0.0 -1.0 -1.0 -1.0 0.0 0.35157085316164793 0.3192620228806723 0.32916712395767994
9 420.0 0.0 -1.0 -1.0 -1.0 0.0 0.36702744512464486 0.28759099253216375 0.34538156234319123
9 421.0 0.0 -1.0 -1.0 -1.0 0.0 0.36854995035029814 0.2822968811660031 0.349153168483699
9 422.0 0.0 -1.0 -1.0 -1.0 0.0 0.33396494760011153 0.3016428065468892 0.36439224585299934
9 423.0 0.0 -1.0 -1.0 -1.0 0.0 0.3210746105263145 0.307428039813893 0.3714973496597924
9 424.0 0.0 -1.0 -1.0 -1.0 0.0 0.2977455796417623 0.320249795692203 0.3820046246660345
9 425.0 0.0 -1.0 -1.0 -1.0 0.0 0.2920761653805636 0.3395142353071183 0.3684095993123184
9 426.0 0.0 -1.0 -1.0 -1.0 0.0 0.2930770378138469 0.3177644080276743 0.38915855415847866
9 427.0 0.0 -1.0 -1.0 -1.0 0.0 0.29735453542300866 0.346743558317699 0.3559019062592923
9 428.0 0.0 -1.0 -1.0 -1.0 0.0 0.32438333640021305 0.33612386761581803 0.33949279598396875
9 429.0 0.0 -1.0 -1.0 -1.0 0.0 0.3405778880447085 0.3173762457803356 0.34204586617495586
9 430.0 0.0 -1.0 -1.0 -1.0 0.0 0.36186918448039895 0.308967782945146 0.3291630325744548
9 431.0 0.0 -1.0 -1.0 -1.0 0.0 0.36425663569845285 0.318963031705958 0.31678033259558913
9 432.0 0.0 -1.0 -1.0 -1.0 0.0 0.35790388145464236 0.31438118646585755 0.32771493207949975
9 433.0 0.0 -1.0 -1.0 -1.0 0.0 0.34613338180219083 0.3277695380008978 0.3260970801969115
9 434.0 0.0 -1.0 -1.0 -1.0 0.0 0.37051853716365346 0.29724589730341083 0.33223556553293565
9 435.0 0.0 -1.0 -1.0 -1.0 0.0 0.3714472339627438 0.279261829924585 0.3492909361126712
9 436.0 0.0 -1.0 -1.0 -1.0 0.0 0.38154866998420145 0.29247712875598786 0.32597420125981097
9 437.0 0.0 -1.0 -1.0 -1.0 0.0 0.3608558690548044 0.2985589391768576 0.34058519176833807
9 438.0 0.0 -1.0 -1.0 -1.0 0.0 0.3405689676095176 0.31840961676350776 0.34102141562697447
9 439.0 0.0 -1.0 -1.0 -1.0 0.0 0.31164115802051806 0.3127606817458529 0.3755981602336289
9 440.0 0.0 -1.0 -1.0 -1.0 0.0 0.32586010200790666 0.3090942884824586 0.36504560950963494
9 441.0 0.0 -1.0 -1.0 -1.0 0.0 0.32627874348778513 0.3028928670279586 0.3708283894842562
9 442.0 0.0 -1.0 -1.0 -1.0 0.0 0.35473772550083454 0.3082451790356112 0.33701709546355446
9 443.0 0.0 -1.0 -1.0 -1.0 0.0 0.34078533996921606 0.31421195472376423 0.3450027053070199
9 444.0 0.0 -1.0 -1.0 -1.0 0.0 0.3195122230743565 0.31399528492724665 0.3664924919983969
9 445.0 0.0 -1.0 -1.0 -1.0 0.0 0.31363147963605037 0.31142766115394577 0.3749408592100037
9 446.0 0.0 -1.0 -1.0 -1.0 0.0 0.29995525457009553 0.3354621199011891 0.3645826255287154
9 447.0 0.0 -1.0 -1.0 -1.0 0.0 0.306501469818063 0.31131619892321694 0.3821823312587204
9 448.0 0.0 -1.0 -1.0 -1.0 0.0 0.32706062958307497 0.31457740870820405 0.3583619617087208
9 449.0 0.0 -1.0 -1.0 -1.0 0.0 0.33750978156698735 0.3073548746543039 0.35513534377870876
9 450.0 0.0 -1.0 -1.0 -1.0 0.0 0.3631253885398643 0.27572522739535005 0.36114938406478553
9 451.0 0.0 -1.0 -1.0 -1.0 0.0 0.3787448794894074 0.28518286153163563 0.3360722589789573
9 452.0 0.0 -1.0 -1.0 -1.0 0.0 0.34960191382188105 0.3179615620439688 0.33243652413415026
9 453.0 0.0 -1.0 -1.0 -1.0 0.0 0.35919754021992006 0.313778602698223 0.32702385708185683
9 454.0 0.0 -1.0 -1.0 -1.0 0.0 0.3367418828402852 0.3258585876859684 0.3373995294737462
9 455.0 0.0 -1.0 -1.0 -1.0 0.0 0.31801070367342055 0.31995759255844813 0.36203170376813126
9 456.0 0.0 -1.0 -1.0 -1.0 0.0 0.33819258956675013 0.3289718346615723 0.33283557577167733
9 457.0 0.0 -1.0 -1.0 -1.0 0.0 0.3307864409298949 0.3465661861616846 0.3226473729084203
9 458.0 0.0 -1.0 -1.0 -1.0 0.0 0.3401270375727731 0.34988944176600656 0.3099835206612205
9 459.0 0.0 -1.0 -1.0 -1.0 0.0 0.3357841727198763 0.3362384891833294 0.3279773380967943
9 460.0 0.0 -1.0 -1.0 -1.0 0.0 0.3383903230870135 0.3245219746678723 0.3370877022451142
9 461.0 0.0 -1.0 -1.0 -1.0 0.0 0.32719228768470265 0.32233560083919677 0.35047211147610047
9 462.0 0.0 -1.0 -1.0 -1.0 0.0 0.328214068596846 0.34473301123213546 0.3270529201710188
9 463.0 0.0 -1.0 -1.0 -1.0 0.0 0.3262752110999027 0.35327817413380613 0.320446614766291
9 464.0 0.0 -1.0 -1.0 -1.0 0.0 0.33925582529093773 0.32722741448583553 0.3335167602232268
9 465.0 0.0 -1.0 -1.0 -1.0 0.0 0.32100542027777346 0.3410640367678816 0.3379305429543451
9 466.0 0.0 -1.0 -1.0 -1.0 0.0 0.33300159655751144 0.32540713843635927 0.3415912650061294
9 467.0 0.0 -1.0 -1.0 -1.0 0.0 0.3378896645202708 0.32324016871618677 0.3388701667635426
9 468.0 0.0 -1.0 -1.0 -1.0 0.0 0.3430143026028692 0.30265730464592105 0.35432839275120964
9 469.0 0.0 -1.0 -1.0 -1.0 0.0 0.3276266061972242 0.3239613550808222 0.34841203872195364
9 470.0 0.0 -1.0 -1.0 -1.0 0.0 0.2979760255828505 0.34070645128449356 0.36131752313265586
9 471.0 0.0 -1.0 -1.0 -1.0 0.0 0.29185059082549175 0.33002735950197193 0.3781220496725364
9 472.0 0.0 -1.0 -1.0 -1.0 0.0 0.3035103230367256 0.31883770035351483 0.3776519766097596
9 473.0 0.0 -1.0 -1.0 -1.0 0.0 0.317850377387707 0.32188005168025585 0.36026957093203715
9 474.0 0.0 -1.0 -1.0 -1.0 0.0 0.3299989672959162 0.30691019740374853 0.36309083530033526
9 475.0 0.0 -1.0 -1.0 -1.0 0.0 0.3208756927217876 0.3206154061749089 0.35850890110330336
9 476.0 0.0 -1.0 -1.0 -1.0 0.0 0.32021407664374 0.3144374144912667 0.36534850886499326
9 477.0 0.0 -1.0 -1.0 -1.0 0.0 0.31162316465773204 0.33631284328090266 0.3520639920613652
9 478.0 0.0 -1.0 -1.0 -1.0 0.0 0.3201680084639839 0.3186248300640686 0.36120716147194726
9 479.0 0.0 -1.0 -1.0 -1.0 0.0 0.346305899725205 0.31165147958467343 0.34204262069012165
9 480.0 0.0 -1.0 -1.0 -1.0 0.0 0.34736677537642885 0.29304767369553586 0.35958555092803557
9 481.0 0.0 -1.0 -1.0 -1.0 0.0 0.3493552733608313 0.2832030087561454 0.36744171788302327
9 482.0 0.0 -1.0 -1.0 -1.0 0.0 0.3461246051242306 0.30996428109544155 0.3439111137803279
9 483.0 0.0 -1.0 -1.0 -1.0 0.0 0.335006361969935 0.31875054367408207 0.34624309435598294
9 484.0 0.0 -1.0 -1.0 -1.0 0.0 0.33404523009295145 0.3419608685174408 0.3239939013896076
9 485.0 0.0 -1.0 -1.0 -1.0 0.0 0.365846095708812 0.3278580097118036 0.3062958945793842
9 486.0 0.0 -1.0 -1.0 -1.0 0.0 0.3475519779495786 0.3506161306117348 0.30183189143868655
9 487.0 0.0 -1.0 -1.0 -1.0 0.0 0.3504044946724869 0.3201396746031844 0.32945583072432855
9 488.0 0.0 -1.0 -1.0 -1.0 0.0 0.3689830286566994 0.3110969141392514 0.31992005720404915
9 489.0 0.0 -1.0 -1.0 -1.0 0.0 0.37611948851635063 0.28929361835033107 0.3345868931333183
9 490.0 0.0 -1.0 -1.0 -1.0 0.0 0.3872559805462914 0.292488231383416 0.32025578807029265
9 491.0 0.0 -1.0 -1.0 -1.0 0.0 0.3862142624954876 0.2805629502543932 0.3332227872501191
9 492.0 0.0 -1.0 -1.0 -1.0 0.0 0.36628429783242966 0.27756748832866496 0.3561482138389055
9 493.0 0.0 -1.0 -1.0 -1.0 0.0 0.36155642266916194 0.28532283392801705 0.35312074340282096
9 494.0 0.0 -1.0 -1.0 -1.0 0.0 0.34562991516391833 0.3036894567544848 0.3506806280815969
9 495.0 0.0 -1.0 -1.0 -1.0 0.0 0.36309435311046656 0.30453429248978686 0.3323713543997466
9 496.0 0.0 -1.0 -1.0 -1.0 0.0 0.3539740138904774 0.31400675943722756 0.3320192266722951
9 497.0 0.0 -1.0 -1.0 -1.0 0.0 0.36230876768991876 0.3144803159476269 0.32321091636245436
9 498.0 0.0 -1.0 -1.0 -1.0 0.0 0.3621202344070317 0.31203133143186684 0.3258484341611015
9 499.0 0.0 -1.0 -1.0 -1.0 0.0 0.3431463086671207 0.3177220712518442 0.339131620081035
9 500.0 0.0 -1.0 -1.0 -1.0 0.0 0.33167540073106894 0.3160528904926309 0.3522717087763002
9 501.0 0.0 -1.0 -1.0 -1.0 0.0 0.33081664718692183 0.30362491950186304 0.365558433311215
9 502.0 0.0 -1.0 -1.0 -1.0 0.0 0.34625033660657584 0.31216239212931185 0.3415872712641123
9 503.0 0.0 -1.0 -1.0 -1.0 0.0 0.3322690703801762 0.3443415808395281 0.32338934878029546
9 504.0 0.0 -1.0 -1.0 -1.0 0.0 0.3100531281623983 0.35581395969393137 0.3341329121436704
9 505.0 0.0 -1.0 -1.0 -1.0 0.0 0.3071993153296788 0.35692182728613553 0.33587885738418566
9 506.0 0.0 -1.0 -1.0 -1.0 0.0 0.31891603248250794 0.34051448714695454 0.3405694803705375
9 507.0 0.0 -1.0 -1.0 -1.0 0.0 0.29973367784144944 0.36423023149948264 0.3360360906590675
9 508.0 0.0 -1.0 -1.0 -1.0 0.0 0.28702803963732104 0.367890372977419 0.34508158738526
9 509.0 0.0 -1.0 -1.0 -1.0 0.0 0.3237719871711092 0.3592603212684673 0.3169676915604233
9 510.0 0.0 -1.0 -1.0 -1.0 0.0 0.32421233551432727 0.3630976385090818 0.3126900259765913
9 511.0 0.0 -1.0 -1.0 -1.0 0.0 0.32314539486727895 0.3549830644541624 0.3218715406785584
9 512.0 0.0 -1.0 -1.0 -1.0 0.0 0.332611027892497 0.3233810178391422 0.34400795426836084
9 513.0 0.0 -1.0 -1.0 -1.0 0.0 0.3455036913771976 0.31921407936018176 0.3352822292626206
9 514.0 0.0 -1.0 -1.0 -1.0 0.0 0.36024666259624916 0.296019326425154 0.34373401097859707
9 515.0 0.0 -1.0 -1.0 -1.0 0.0 0.36842350482400577 0.27145041894457705 0.36012607623141724
9 516.0 0.0 -1.0 -1.0 -1.0 0.0 0.3664858243680517 0.285357858612761 0.34815631701918726
9 517.0 0.0 -1.0 -1.0 -1.0 0.0 0.32458307153478594 0.32607618517537523 0.349340743289839
9 518.0 0.0 -1.0 -1.0 -1.0 0.0 0.34577042848244594 0.33501311027699543 0.3192164612405584
9 519.0 0.0 -1.0 -1.0 -1.0 0.0 0.33231050911812965 0.3277194574471629 0.33997003343470744
9 520.0 0.0 -1.0 -1.0 -1.0 0.0 0.35695569492326823 0.30665557897323587 0.336388726103496
9 521.0 0.0 -1.0 -1.0 -1.0 0.0 0.36590694451374206 0.30282924521001425 0.3312638102762437
9 522.0 0.0 -1.0 -1.0 -1.0 0.0 0.3547016856530605 0.33027515877278224 0.31502315557415744
9 523.0 0.0 -1.0 -1.0 -1.0 0.0 0.36152368092849707 0.31047762229478093 0.327998696776722
9 524.0 0.0 -1.0 -1.0 -1.0 0.0 0.38780094799297954 0.2910764248457345 0.32112262716128576
9 525.0 0.0 -1.0 -1.0 -1.0 0.0 0.3969253374067291 0.26842709673500886 0.33464756585826194
9 526.0 0.0 -1.0 -1.0 -1.0 0.0 0.4019538195741774 0.2681850422060974 0.32986113821972507
9 527.0 0.0 -1.0 -1.0 -1.0 0.0 0.3588212953700656 0.3012800838639491 0.33989862076598565
9 528.0 0.0 -1.0 -1.0 -1.0 0.0 0.3465131238033907 0.3158755860690934 0.337611290127516
9 529.0 0.0 -1.0 -1.0 -1.0 0.0 0.3525600960861176 0.3275096163772583 0.31993028753662395
9 530.0 0.0 -1.0 -1.0 -1.0 0.0 0.3291838738241584 0.31389174948823817 0.35692437668760335
9 531.0 0.0 -1.0 -1.0 -1.0 0.0 0.3310250126636034 0.3302083526879172 0.33876663464847945
9 532.0 0.0 -1.0 -1.0 -1.0 0.0 0.3132605430690405 0.319217176716949 0.3675222802140104
9 533.0 0.0 -1.0 -1.0 -1.0 0.0 0.32172827009103633 0.33131589112013754 0.3469558387888263
9 534.0 0.0 -1.0 -1.0 -1.0 0.0 0.30245699334111614 0.3481873321350579 0.3493556745238257
9 535.0 0.0 -1.0 -1.0 -1.0 0.0 0.3152860736970246 0.3370461845255527 0.3476677417774228
9 536.0 0.0 -1.0 -1.0 -1.0 0.0 0.32827991986511984 0.3415340971908052 0.3301859829440751
9 537.0 0.0 -1.0 -1.0 -1.0 0.0 0.3454440549828868 0.34338619369607526 0.31116975132103797
9 538.0 0.0 -1.0 -1.0 -1.0 0.0 0.3489828770277687 0.3248211079563837 0.32619601501584755
9 539.0 0.0 -1.0 -1.0 -1.0 0.0 0.3531814182385098 0.34024341365825067 0.30657516810323987
9 540.0 0.0 -1.0 -1.0 -1.0 0.0 0.3412500958520759 0.3322410834456 0.32650882070232407
9 541.0 0.0 -1.0 -1.0 -1.0 0.0 0.3254208198368541 0.3400944571601985 0.3344847230029476
9 542.0 0.0 -1.0 -1.0 -1.0 0.0 0.3489802140429331 0.3377762412583322 0.3132435446987347
9 543.0 0.0 -1.0 -1.0 -1.0 0.0 0.3566137501553714 0.3214772659093284 0.32190898393530043
9 544.0 0.0 -1.0 -1.0 -1.0 0.0 0.34825496246805443 0.34846332495672605 0.30328171257521963
9 545.0 0.0 -1.0 -1.0 -1.0 0.0 0.33423421402756903 0.35757445469410415 0.3081913312783269
9 546.0 0.0 -1.0 -1.0 -1.0 0.0 0.3210716611431673 0.3555939145688488 0.32333442428798387
9 547.0 0.0 -1.0 -1.0 -1.0 0.0 0.3207121726946046 0.36590058884478177 0.3133872384606137
9 548.0 0.0 -1.0 -1.0 -1.0 0.0 0.30657819104798845 0.34721367973579365 0.34620812921621785
9 549.0 0.0 -1.0 -1.0 -1.0 0.0 0.30705229879905804 0.35492064786357164 0.33802705333737054
9 550.0 0.0 -1.0 -1.0 -1.0 0.0 0.29531320919712295 0.39420629825482145 0.3104804925480558
9 551.0 0.0 -1.0 -1.0 -1.0 0.0 0.2891561926688342 0.3856641904964422 0.3251796168347236
9 552.0 0.0 -1.0 -1.0 -1.0 0.0 0.2947348325307789 0.386435653367062 0.31882951410215893
9 553.0 0.0 -1.0 -1.0 -1.0 0.0 0.3090934327697566 0.38191502391745275 0.30899154331279066
9 554.0 0.0 -1.0 -1.0 -1.0 0.0 0.3077931242133386 0.39586417423443626 0.29634270155222514
9 555.0 0.0 -1.0 -1.0 -1.0 0.0 0.29850909045513907 0.40435731063730734 0.29713359890755375
9 556.0 0.0 -1.0 -1.0 -1.0 0.0 0.30430865202392 0.39883145421099414 0.2968598937650854
9 557.0 0.0 -1.0 -1.0 -1.0 0.0 0.2989013843523198 0.3880302259691881 0.31306838967849215
9 558.0 0.0 -1.0 -1.0 -1.0 0.0 0.3125633433902237 0.3612352792973848 0.3262013773123911
9 559.0 0.0 -1.0 -1.0 -1.0 0.0 0.3035482774023724 0.34834515342415656 0.34810656917347094
9 560.0 0.0 -1.0 -1.0 -1.0 0.0 0.29867993368185825 0.3504049535861265 0.35091511273201526
9 561.0 0.0 -1.0 -1.0 -1.0 0.0 0.30378881981996514 0.3328430029798446 0.36336817720019055
9 562.0 0.0 -1.0 -1.0 -1.0 0.0 0.3399436496967369 0.3174598686556443 0.3425964816476189
9 563.0 0.0 -1.0 -1.0 -1.0 0.0 0.3151714488347925 0.3476447080858499 0.33718384307935784
9 564.0 0.0 -1.0 -1.0 -1.0 0.0 0.31804840756106345 0.3450154793944216 0.3369361130445146
9 565.0 0.0 -1.0 -1.0 -1.0 0.0 0.34748750476190926 0.3412785105912464 0.31123398464684443
9 566.0 0.0 -1.0 -1.0 -1.0 0.0 0.34833583401963153 0.3466588504071759 0.30500531557319244
9 567.0 0.0 -1.0 -1.0 -1.0 0.0 0.3467808095380411 0.3612758045366312 0.2919433859253278
9 568.0 0.0 -1.0 -1.0 -1.0 0.0 0.3362527846550723 0.3561256832413957 0.3076215321035316
9 569.0 0.0 -1.0 -1.0 -1.0 0.0 0.3499204413182755 0.3340614969610772 0.31601806172064745
9 570.0 0.0 -1.0 -1.0 -1.0 0.0 0.34664315557883724 0.321516624776262 0.3318402196449005
9 571.0 0.0 -1.0 -1.0 -1.0 0.0 0.33960774985617237 0.32407734547190165 0.33631490467192593
9 572.0 0.0 -1.0 -1.0 -1.0 0.0 0.3648853413536964 0.28137208444659645 0.35374257419970706
9 573.0 0.0 -1.0 -1.0 -1.0 0.0 0.34754700623876955 0.30658380839506966 0.34586918536616096
9 574.0 0.0 -1.0 -1.0 -1.0 0.0 0.3403908457020858 0.3110082869752901 0.3486008673226241
9 575.0 0.0 -1.0 -1.0 -1.0 0.0 0.3409040189591807 0.30307297427476526 0.3560230067660543
9 576.0 0.0 -1.0 -1.0 -1.0 0.0 0.3487005969883324 0.3252633007990065 0.32603610221266116
9 577.0 0.0 -1.0 -1.0 -1.0 0.0 0.34420367656794665 0.3058171883395692 0.3499791350924841
9 578.0 0.0 -1.0 -1.0 -1.0 0.0 0.34355072661507974 0.31981433392358766 0.3366349394613326
9 579.0 0.0 -1.0 -1.0 -1.0 0.0 0.3710762471989397 0.3192308283330347 0.30969292446802593
9 580.0 0.0 -1.0 -1.0 -1.0 0.0 0.3607329142483168 0.3383744318971987 0.3008926538544845
9 581.0 0.0 -1.0 -1.0 -1.0 0.0 0.32743281198053475 0.35336983926327437 0.3191973487561909
9 582.0 0.0 -1.0 -1.0 -1.0 0.0 0.3319511244801713 0.3515699158788872 0.3164789596409415
9 583.0 0.0 -1.0 -1.0 -1.0 0.0 0.31276165875886014 0.36826778250012543 0.3189705587410145
9 584.0 0.0 -1.0 -1.0 -1.0 0.0 0.326264505610723 0.37381340068544744 0.2999220937038296
9 585.0 0.0 -1.0 -1.0 -1.0 0.0 0.3269659053529043 0.3497574976728795 0.3232765969742158
9 586.0 0.0 -1.0 -1.0 -1.0 0.0 0.31097489698566333 0.3553642217972044 0.33366088121713255
9 587.0 0.0 -1.0 -1.0 -1.0 0.0 0.3108789358897678 0.33380935676762713 0.3553117073426052
9 588.0 0.0 -1.0 -1.0 -1.0 0.0 0.3165624238905692 0.3363056280851072 0.3471319480243234
9 589.0 0.0 -1.0 -1.0 -1.0 0.0 0.32435250540669486 0.3235724791472661 0.35207501544603903
9 590.0 0.0 -1.0 -1.0 -1.0 0.0 0.33312198420238553 0.33274711002752794 0.3341309057700865
9 591.0 0.0 -1.0 -1.0 -1.0 0.0 0.3564472579482695 0.32190027197157806 0.3216524700801526
9 592.0 0.0 -1.0 -1.0 -1.0 0.0 0.33689885858127366 0.31906272066986996 0.3440384207488564
9 593.0 0.0 -1.0 -1.0 -1.0 0.0 0.3457062821561571 0.33610225537802074 0.31819146246582225
9 594.0 0.0 -1.0 -1.0 -1.0 0.0 0.3407342850930046 0.3290340080962047 0.33023170681079045
9 595.0 0.0 -1.0 -1.0 -1.0 0.0 0.3352349356078396 0.34609854547261265 0.3186665189195476
9 596.0 0.0 -1.0 -1.0 -1.0 0.0 0.3056247194548067 0.37184405253116964 0.3225312280140238
9 597.0 0.0 -1.0 -1.0 -1.0 0.0 0.32736896817365596 0.36740869998018577 0.30522233184615827
9 598.0 0.0 -1.0 -1.0 -1.0 0.0 0.32420719195547165 0.371754967410618 0.30403784063391004
9 599.0 0.0 -1.0 -1.0 -1.0 0.0 0.31257263845166 0.3728083756670688 0.31461898588127124
9 600.0 0.0 -1.0 -1.0 -1.0 0.0 0.3069117501646932 0.35919734222082433 0.3338909076144824
9 601.0 0.0 -1.0 -1.0 -1.0 0.0 0.3225062619516912 0.34688957807203075 0.3306041599762781
9 602.0 0.0 -1.0 -1.0 -1.0 0.0 0.34235571326261593 0.3223909869283407 0.3352532998090436
9 603.0 0.0 -1.0 -1.0 -1.0 0.0 0.34448136450485217 0.31924983782007976 0.33626879767506784
9 604.0 0.0 -1.0 -1.0 -1.0 0.0 0.35347054717344056 0.30354450004096534 0.3429849527855942
9 605.0 0.0 -1.0 -1.0 -1.0 0.0 0.34204783217764073 0.3262958534995572 0.3316563143228021
9 606.0 0.0 -1.0 -1.0 -1.0 0.0 0.3563789143322315 0.29678104032934033 0.3468400453384283
9 607.0 0.0 -1.0 -1.0 -1.0 0.0 0.35526820572987977 0.30765050132317295 0.3370812929469475
9 608.0 0.0 -1.0 -1.0 -1.0 0.0 0.3473776769761431 0.33684190126255265 0.31578042176130405
9 609.0 0.0 -1.0 -1.0 -1.0 0.0 0.3520285510805987 0.32833726436527255 0.3196341845541289
9 610.0 0.0 -1.0 -1.0 -1.0 0.0 0.35302269276598663 0.3276603580505185 0.31931694918349474
9 611.0 0.0 -1.0 -1.0 -1.0 0.0 0.32733820538496916 0.33171090845002416 0.3409508861650067
9 612.0 0.0 -1.0 -1.0 -1.0 0.0 0.3416719925890388 0.32088964748175436 0.33743835992920684
9 613.0 0.0 -1.0 -1.0 -1.0 0.0 0.32227219937544227 0.333871454706683 0.3438563459178745
9 614.0 0.0 -1.0 -1.0 -1.0 0.0 0.3280536740139536 0.32398423395199205 0.3479620920340545
9 615.0 0.0 -1.0 -1.0 -1.0 0.0 0.32147526020416756 0.33495738239196954 0.3435673574038627
9 616.0 0.0 -1.0 -1.0 -1.0 0.0 0.35087075157693515 0.32408261117193404 0.3250466372511309
9 617.0 0.0 -1.0 -1.0 -1.0 0.0 0.35052276990034675 0.3332326858056868 0.3162445442939666
9 618.0 0.0 -1.0 -1.0 -1.0 0.0 0.3594207111487048 0.3323856426220209 0.30819364622927464
9 619.0 0.0 -1.0 -1.0 -1.0 0.0 0.34428342471823925 0.3272698562985774 0.3284467189831836
9 620.0 0.0 -1.0 -1.0 -1.0 0.0 0.36362612306806746 0.32698891462200086 0.3093849623099319
9 621.0 0.0 -1.0 -1.0 -1.0 0.0 0.34938605928798244 0.3134689201364755 0.3371450205755424
9 622.0 0.0 -1.0 -1.0 -1.0 0.0 0.33938060056492747 0.3318035483215208 0.3288158511135517
9 623.0 0.0 -1.0 -1.0 -1.0 0.0 0.3545604362572362 0.3338185710709346 0.3116209926718291
9 624.0 0.0 -1.0 -1.0 -1.0 0.0 0.3498372967320868 0.3233873278172657 0.3267753754506476
9 625.0 0.0 -1.0 -1.0 -1.0 0.0 0.3310330367840145 0.32326164586241257 0.34570531735357307
9 626.0 0.0 -1.0 -1.0 -1.0 0.0 0.3121279855620444 0.3253331132868501 0.3625389011511055
9 627.0 0.0 -1.0 -1.0 -1.0 0.0 0.32467481420288413 0.32578348279924413 0.34954170299787174
9 628.0 0.0 -1.0 -1.0 -1.0 0.0 0.3308266607063784 0.33848737719527167 0.3306859620983499
9 629.0 0.0 -1.0 -1.0 -1.0 0.0 0.33339503566942486 0.34708588244181626 0.3195190818887589
9 630.0 0.0 -1.0 -1.0 -1.0 0.0 0.32596096366118965 0.3426013427238041 0.3314376936150062
9 631.0 0.0 -1.0 -1.0 -1.0 0.0 0.3072152122053348 0.35613221405681245 0.33665257373785257
9 632.0 0.0 -1.0 -1.0 -1.0 0.0 0.3232737632623003 0.3577282507114217 0.31899798602627816
9 633.0 0.0 -1.0 -1.0 -1.0 0.0 0.31770676365665595 0.3651040508956104 0.3171891854477337
9 634.0 0.0 -1.0 -1.0 -1.0 0.0 0.3150931517167408 0.356559086520989 0.3283477617622704
9 635.0 0.0 -1.0 -1.0 -1.0 0.0 0.30088331001511476 0.361299990714795 0.3378166992700903
9 636.0 0.0 -1.0 -1.0 -1.0 0.0 0.2917380200802269 0.38461001494734354 0.3236519649724295
9 637.0 0.0 -1.0 -1.0 -1.0 0.0 0.28097010281142104 0.3903598967602946 0.32867000042828437
9 638.0 0.0 -1.0 -1.0 -1.0 0.0 0.3289730369921619 0.3706075423706856 0.3004194206371525
9 639.0 0.0 -1.0 -1.0 -1.0 0.0 0.35228393773649735 0.3420341587630025 0.30568190350050023
9 640.0 0.0 -1.0 -1.0 -1.0 0.0 0.32260547950749646 0.3521753862852128 0.32521913420729076
9 641.0 0.0 -1.0 -1.0 -1.0 0.0 0.3305535447334217 0.3423473275239906 0.32709912774258754
9 642.0 0.0 -1.0 -1.0 -1.0 0.0 0.31562591134593143 0.3525610416759132 0.33181304697815533
9 643.0 0.0 -1.0 -1.0 -1.0 0.0 0.2966888129341061 0.36038774494840664 0.34292344211748754
9 644.0 0.0 -1.0 -1.0 -1.0 0.0 0.30510393906391065 0.3560579310270821 0.3388381299090075
9 645.0 0.0 -1.0 -1.0 -1.0 0.0 0.29778807316375533 0.3445877734887297 0.3576241533475152
9 646.0 0.0 -1.0 -1.0 -1.0 0.0 0.29958567564210553 0.3475096678357372 0.35290465652215713
9 647.0 0.0 -1.0 -1.0 -1.0 0.0 0.2999728641428884 0.3456258280153156 0.35440130784179585
9 648.0 0.0 -1.0 -1.0 -1.0 0.0 0.34070053346739265 0.30637290907286957 0.35292655745973733
9 649.0 0.0 -1.0 -1.0 -1.0 0.0 0.35811782768350686 0.3066270669345872 0.33525510538190617
9 650.0 0.0 -1.0 -1.0 -1.0 0.0 0.33885263408500216 0.31507271068509146 0.3460746552299061
9 651.0 0.0 -1.0 -1.0 -1.0 0.0 0.32838957498236565 0.3332319497623719 0.33837847525526255
9 652.0 0.0 -1.0 -1.0 -1.0 0.0 0.31889669803093723 0.314615829417367 0.36648747255169567
9 653.0 0.0 -1.0 -1.0 -1.0 0.0 0.3163445436345039 0.32948669310232875 0.35416876326316715
9 654.0 0.0 -1.0 -1.0 -1.0 0.0 0.2963320149995244 0.35266337800142944 0.351004606999046
9 655.0 0.0 -1.0 -1.0 -1.0 0.0 0.2875244254880902 0.3691145589134651 0.3433610155984448
9 656.0 0.0 -1.0 -1.0 -1.0 0.0 0.2978960714728153 0.38380208619107387 0.3183018423361106
9 657.0 0.0 -1.0 -1.0 -1.0 0.0 0.3143994369383311 0.38724479722573113 0.29835576583593765
9 658.0 0.0 -1.0 -1.0 -1.0 0.0 0.30648492725164295 0.37318314993622664 0.32033192281213047
9 659.0 0.0 -1.0 -1.0 -1.0 0.0 0.3201502945478266 0.34883915428813955 0.3310105511640337
9 660.0 0.0 -1.0 -1.0 -1.0 0.0 0.3389335820041827 0.3183005288546808 0.34276588914113654
9 661.0 0.0 -1.0 -1.0 -1.0 0.0 0.3362351482783852 0.30547529547474667 0.3582895562468682
9 662.0 0.0 -1.0 -1.0 -1.0 0.0 0.3526884095323819 0.28525075870724165 0.3620608317603764
9 663.0 0.0 -1.0 -1.0 -1.0 0.0 0.34363136885517437 0.3019390052429203 0.3544296259019053
9 664.0 0.0 -1.0 -1.0 -1.0 0.0 0.314134381587738 0.32919106297578843 0.3566745554364737
9 665.0 0.0 -1.0 -1.0 -1.0 0.0 0.3127669482725086 0.3325674613193989 0.35466559040809237
9 666.0 0.0 -1.0 -1.0 -1.0 0.0 0.3142871245807024 0.35295198804770733 0.3327608873715901
9 667.0 0.0 -1.0 -1.0 -1.0 0.0 0.33473955939817523 0.33152506009757615 0.333735380504249
9 668.0 0.0 -1.0 -1.0 -1.0 0.0 0.34052420288786595 0.3192594225464581 0.3402163745656761
9 669.0 0.0 -1.0 -1.0 -1.0 0.0 0.3239034819327092 0.32012444879448665 0.35597206927280417
9 670.0 0.0 -1.0 -1.0 -1.0 0.0 0.30967691001716025 0.337831832997581 0.3524912569852583
9 671.0 0.0 -1.0 -1.0 -1.0 0.0 0.2811060113750695 0.34839221769979983 0.3705017709251303
9 672.0 0.0 -1.0 -1.0 -1.0 0.0 0.2793586216844377 0.34934459455320044 0.3712967837623617
9 673.0 0.0 -1.0 -1.0 -1.0 0.0 0.2845135714494218 0.3462685559722859 0.36921787257829225
9 674.0 0.0 -1.0 -1.0 -1.0 0.0 0.28120724583845896 0.32232940997261417 0.396463344188927
9 675.0 0.0 -1.0 -1.0 -1.0 0.0 0.2736616317257507 0.33423916394097203 0.39209920433327733
9 676.0 0.0 -1.0 -1.0 -1.0 0.0 0.2810936276120746 0.33733844866409174 0.38156792372383386
9 677.0 0.0 -1.0 -1.0 -1.0 0.0 0.28802803176841435 0.34878265012088683 0.3631893181106987
9 678.0 0.0 -1.0 -1.0 -1.0 0.0 0.32366098165655816 0.3398623162141802 0.3364767021292615
9 679.0 0.0 -1.0 -1.0 -1.0 0.0 0.32330976700046404 0.34113981104349217 0.33555042195604395
9 680.0 0.0 -1.0 -1.0 -1.0 0.0 0.34764125572982046 0.3028508932542653 0.3495078510159142
9 681.0 0.0 -1.0 -1.0 -1.0 0.0 0.3549861580419295 0.2954019990489884 0.3496118429090822
9 682.0 0.0 -1.0 -1.0 -1.0 0.0 0.3345682504870045 0.3021167151274788 0.3633150343855169
9 683.0 0.0 -1.0 -1.0 -1.0 0.0 0.3492774548789466 0.303746025239088 0.34697651988196543
9 684.0 0.0 -1.0 -1.0 -1.0 0.0 0.3278015234928868 0.3392059740650171 0.3329925024420959
9 685.0 0.0 -1.0 -1.0 -1.0 0.0 0.2962174755397081 0.36021705680925215 0.34356546765103957
9 686.0 0.0 -1.0 -1.0 -1.0 0.0 0.3324170133220987 0.35855074278673166 0.3090322438911696
9 687.0 0.0 -1.0 -1.0 -1.0 0.0 0.3717172156053348 0.33245665427031446 0.29582613012435083
9 688.0 0.0 -1.0 -1.0 -1.0 0.0 0.36373172126317704 0.3225003914226474 0.31376788731417576
9 689.0 0.0 -1.0 -1.0 -1.0 0.0 0.3357664327251358 0.31437426694139353 0.34985930033347046
9 690.0 0.0 -1.0 -1.0 -1.0 0.0 0.3200752234874472 0.3288366961390703 0.3510880803734823
9 691.0 0.0 -1.0 -1.0 -1.0 0.0 0.3517618218381201 0.28742382419511364 0.360814353966766
9 692.0 0.0 -1.0 -1.0 -1.0 0.0 0.33566573302414165 0.3152160890902746 0.349118177885584
9 693.0 0.0 -1.0 -1.0 -1.0 0.0 0.30407870861321373 0.34065614671970373 0.3552651446670826
9 694.0 0.0 -1.0 -1.0 -1.0 0.0 0.3015020126704705 0.3511640848476813 0.3473339024818484
9 695.0 0.0 -1.0 -1.0 -1.0 0.0 0.32377041836037146 0.3548765465469399 0.32135303509268875
9 696.0 0.0 -1.0 -1.0 -1.0 0.0 0.3257475764464808 0.35116697557941967 0.32308544797409944
9 697.0 0.0 -1.0 -1.0 -1.0 0.0 0.2999014798024126 0.3648056885509562 0.3352928316466312
9 698.0 0.0 -1.0 -1.0 -1.0 0.0 0.30308038973643464 0.3394711270709018 0.3574484831926635
9 699.0 0.0 -1.0 -1.0 -1.0 0.0 0.26990150888580555 0.37282256951959236 0.35727592159460214
9 700.0 0.0 -1.0 -1.0 -1.0 0.0 0.2795971765519898 0.35068010150437706 0.36972272194363287
9 701.0 0.0 -1.0 -1.0 -1.0 0.0 0.3012695705000684 0.366662744365075 0.3320676851348565
9 702.0 0.0 -1.0 -1.0 -1.0 0.0 0.3312836306582513 0.36234469621881843 0.3063716731229299
9 703.0 0.0 -1.0 -1.0 -1.0 0.0 0.3333985782945007 0.3473051560832639 0.31929626562223523
9 704.0 0.0 -1.0 -1.0 -1.0 0.0 0.317261795744111 0.3419906861490974 0.3407475181067918
9 705.0 0.0 -1.0 -1.0 -1.0 0.0 0.3242126957340127 0.34471515018458404 0.33107215408140334
9 706.0 0.0 -1.0 -1.0 -1.0 0.0 0.3301336649118993 0.3471997752116365 0.32266655987646425
9 707.0 0.0 -1.0 -1.0 -1.0 0.0 0.3227312162721947 0.33680629958572916 0.34046248414207625
9 708.0 0.0 -1.0 -1.0 -1.0 0.0 0.3368731008920166 0.3400017959787507 0.3231251031292327
9 709.0 0.0 -1.0 -1.0 -1.0 0.0 0.35226541845815396 0.34052520904106554 0.3072093725007804
9 710.0 0.0 -1.0 -1.0 -1.0 0.0 0.3364886927339117 0.3168626088889203 0.34664869837716805
9 711.0 0.0 -1.0 -1.0 -1.0 0.0 0.35715226438799746 0.2937033314168042 0.3491444041951983
9 712.0 0.0 -1.0 -1.0 -1.0 0.0 0.3451474860141388 0.3021282298752477 0.3527242841106136
9 713.0 0.0 -1.0 -1.0 -1.0 0.0 0.3372792219832782 0.3362234664046463 0.3264973116120756
9 714.0 0.0 -1.0 -1.0 -1.0 0.0 0.34028769343903387 0.3382179890650324 0.3214943174959335
9 715.0 0.0 -1.0 -1.0 -1.0 0.0 0.3232099083940602 0.36353819065729803 0.31325190094864175
9 716.0 0.0 -1.0 -1.0 -1.0 0.0 0.31282771101963375 0.36870134049720327 0.318470948483163
9 717.0 0.0 -1.0 -1.0 -1.0 0.0 0.3290170617493423 0.3652167191186674 0.30576621913199015
9 718.0 0.0 -1.0 -1.0 -1.0 0.0 0.30450768147612844 0.3942256636328414 0.3012666548910301
9 719.0 0.0 -1.0 -1.0 -1.0 0.0 0.3195908148349299 0.36892594205295226 0.31148324311211795
9 720.0 0.0 -1.0 -1.0 -1.0 0.0 0.3177539891547937 0.3452827792699834 0.3369632315752228
9 721.0 0.0 -1.0 -1.0 -1.0 0.0 0.31280337512253537 0.354974791693005 0.33222183318445936
9 722.0 0.0 -1.0 -1.0 -1.0 0.0 0.33165217873414454 0.3263176196773777 0.34203020158847763
9 723.0 0.0 -1.0 -1.0 -1.0 0.0 0.3534070700734472 0.3180985351156974 0.32849439481085546
9 724.0 0.0 -1.0 -1.0 -1.0 0.0 0.3390810383799488 0.32592116022071527 0.3349978013993356
9 725.0 0.0 -1.0 -1.0 -1.0 0.0 0.35562515832941705 0.3295125850829109 0.3148622565876722
9 726.0 0.0 -1.0 -1.0 -1.0 0.0 0.3445683009795348 0.3230395783487301 0.33239212067173485
9 727.0 0.0 -1.0 -1.0 -1.0 0.0 0.32847107533094344 0.32472810455646345 0.3468008201125928
9 728.0 0.0 -1.0 -1.0 -1.0 0.0 0.33261382667476275 0.30518022619727564 0.3622059471279617
9 729.0 0.0 -1.0 -1.0 -1.0 0.0 0.3480547385964744 0.3110670156287448 0.34087824577478076
9 730.0 0.0 -1.0 -1.0 -1.0 0.0 0.3312027489087649 0.3138579448461421 0.35493930624509284
9 731.0 0.0 -1.0 -1.0 -1.0 0.0 0.341873961594535 0.32089541401577065 0.33723062438969437
9 732.0 0.0 -1.0 -1.0 -1.0 0.0 0.33781828093911137 0.30916521896741467 0.3530165000934741
9 733.0 0.0 -1.0 -1.0 -1.0 0.0 0.3523688704003346 0.2965605110395431 0.35107061856012195
9 734.0 0.0 -1.0 -1.0 -1.0 0.0 0.3379937024990346 0.28150107312886014 0.38050522437210516
9 735.0 0.0 -1.0 -1.0 -1.0 0.0 0.35100913187907073 0.2548708437537876 0.39412002436714144
9 736.0 0.0 -1.0 -1.0 -1.0 0.0 0.36145948837647957 0.262771680527046 0.3757688310964744
9 737.0 0.0 -1.0 -1.0 -1.0 0.0 0.3375096451766816 0.2849754975312852 0.3775148572920333
9 738.0 0.0 -1.0 -1.0 -1.0 0.0 0.34662666466477304 0.2824483013724541 0.3709250339627728
9 739.0 0.0 -1.0 -1.0 -1.0 0.0 0.3435984246098552 0.2946726663657992 0.36172890902434546
9 740.0 0.0 -1.0 -1.0 -1.0 0.0 0.33033256666129673 0.3146071707074927 0.35506026263121065
9 741.0 0.0 -1.0 -1.0 -1.0 0.0 0.3671518458390656 0.30898062781033314 0.3238675263506013
9 742.0 0.0 -1.0 -1.0 -1.0 0.0 0.36454208874296623 0.3174207563248563 0.3180371549321773
9 743.0 0.0 -1.0 -1.0 -1.0 0.0 0.3706454058947353 0.3282039537062982 0.30115064039896644
9 744.0 0.0 -1.0 -1.0 -1.0 0.0 0.350555338970814 0.32791529714437084 0.3215293638848153
9 745.0 0.0 -1.0 -1.0 -1.0 0.0 0.3319581558344792 0.3209614071356443 0.3470804370298765
9 746.0 0.0 -1.0 -1.0 -1.0 0.0 0.3530782838177193 0.319728972062676 0.32719274411960486
9 747.0 0.0 -1.0 -1.0 -1.0 0.0 0.36942263675968495 0.2972594366100072 0.3333179266303079
9 748.0 0.0 -1.0 -1.0 -1.0 0.0 0.3809178754289414 0.27648381646778025 0.3425983081032781
9 749.0 0.0 -1.0 -1.0 -1.0 0.0 0.3782013578342094 0.31271280128275153 0.309085840883039
9 750.0 0.0 -1.0 -1.0 -1.0 0.0 0.3766659721357301 0.30324113621639054 0.3200928916478795
9 751.0 0.0 -1.0 -1.0 -1.0 0.0 0.3616259208824916 0.31706339931255867 0.32131067980494954
9 752.0 0.0 -1.0 -1.0 -1.0 0.0 0.38878652401254443 0.3008352660152179 0.3103782099722381
9 753.0 0.0 -1.0 -1.0 -1.0 0.0 0.3396925158704328 0.34561111195763217 0.31469637217193525
9 754.0 0.0 -1.0 -1.0 -1.0 0.0 0.3456872398753119 0.32816936299761784 0.32614339712707036
9 755.0 0.0 -1.0 -1.0 -1.0 0.0 0.354299070345261 0.30787741464244883 0.33782351501229024
9 756.0 0.0 -1.0 -1.0 -1.0 0.0 0.34280041766254493 0.29914933074521505 0.35805025159224024
9 757.0 0.0 -1.0 -1.0 -1.0 0.0 0.33633483305571027 0.31063584516361403 0.3530293217806761
9 758.0 0.0 -1.0 -1.0 -1.0 0.0 0.3383976959671335 0.30071569575211243 0.36088660828075414
9 759.0 0.0 -1.0 -1.0 -1.0 0.0 0.302412756729201 0.331765920944109 0.3658213223266896
9 760.0 0.0 -1.0 -1.0 -1.0 0.0 0.3174283383663736 0.3189001850246207 0.3636714766090058
9 761.0 0.0 -1.0 -1.0 -1.0 0.0 0.3311379424185587 0.3191951405340342 0.3496669170474071
9 762.0 0.0 -1.0 -1.0 -1.0 0.0 0.3201308431478875 0.31084020815297336 0.36902894869913894
9 763.0 0.0 -1.0 -1.0 -1.0 0.0 0.32177226924520075 0.3147199350843594 0.3635077956704395
9 764.0 0.0 -1.0 -1.0 -1.0 0.0 0.3252210078798336 0.3282205383007526 0.3465584538194135
9 765.0 0.0 -1.0 -1.0 -1.0 0.0 0.3439585101368675 0.31354108454776847 0.34250040531536363
9 766.0 0.0 -1.0 -1.0 -1.0 0.0 0.3437860719208382 0.33647707143876254 0.31973685664039925
9 767.0 0.0 -1.0 -1.0 -1.0 0.0 0.35969167222421045 0.31126959523937586 0.3290387325364138
9 768.0 0.0 -1.0 -1.0 -1.0 0.0 0.36614371158608927 0.3174428441702594 0.31641344424365153
9 769.0 0.0 -1.0 -1.0 -1.0 0.0 0.35249844272968367 0.3153272688597379 0.33217428841057844
9 770.0 0.0 -1.0 -1.0 -1.0 0.0 0.33920227457918095 0.32912859471812245 0.3316691307026966
9 771.0 0.0 -1.0 -1.0 -1.0 0.0 0.31783171316468717 0.31343570965048534 0.3687325771848274
9 772.0 0.0 -1.0 -1.0 -1.0 0.0 0.3297084049207899 0.31230986132207483 0.3579817337571353
9 773.0 0.0 -1.0 -1.0 -1.0 0.0 0.33221947481727254 0.32634081930162895 0.3414397058810987
9 774.0 0.0 -1.0 -1.0 -1.0 0.0 0.3185997292278157 0.3365627016705783 0.34483756910160607
9 775.0 0.0 -1.0 -1.0 -1.0 0.0 0.32394627783837265 0.3319333227573464 0.3441203994042808
9 776.0 0.0 -1.0 -1.0 -1.0 0.0 0.3343925920449911 0.3315090308710299 0.334098377083979
9 777.0 0.0 -1.0 -1.0 -1.0 0.0 0.3357545765713052 0.3273634503715732 0.33688197305712164
9 778.0 0.0 -1.0 -1.0 -1.0 0.0 0.3275475897749614 0.31840603014065844 0.35404638008437994
9 779.0 0.0 -1.0 -1.0 -1.0 0.0 0.31427320105882917 0.340477844391448 0.34524895454972293
9 780.0 0.0 -1.0 -1.0 -1.0 0.0 0.3303121346872881 0.31518247890345136 0.3545053864092607
9 781.0 0.0 -1.0 -1.0 -1.0 0.0 0.32240882777661534 0.32637806241648526 0.3512131098068993
9 782.0 0.0 -1.0 -1.0 -1.0 0.0 0.3303886570622542 0.2971339659682455 0.3724773769695006
9 783.0 0.0 -1.0 -1.0 -1.0 0.0 0.3413710229589702 0.3090679828498518 0.3495609941911779
9 784.0 0.0 -1.0 -1.0 -1.0 0.0 0.3855738704835352 0.27666749316434847 0.3377586363521165
9 785.0 0.0 -1.0 -1.0 -1.0 0.0 0.35075502720413576 0.31824595445268355 0.33099901834318063
9 786.0 0.0 -1.0 -1.0 -1.0 0.0 0.3736264303807004 0.3002975507863712 0.3260760188329285
9 787.0 0.0 -1.0 -1.0 -1.0 0.0 0.38489345174053985 0.27727293007557896 0.33783361818388113
9 788.0 0.0 -1.0 -1.0 -1.0 0.0 0.3767564410420459 0.2656003856834731 0.35764317327448103
9 789.0 0.0 -1.0 -1.0 -1.0 0.0 0.37776566662934985 0.26708621612725675 0.3551481172433933
9 790.0 0.0 -1.0 -1.0 -1.0 0.0 0.3716152493559371 0.29266717597187547 0.3357175746721873
9 791.0 0.0 -1.0 -1.0 -1.0 0.0 0.36813619268943376 0.28773419148307094 0.3441296158274954
9 792.0 0.0 -1.0 -1.0 -1.0 0.0 0.3470562644698267 0.3143195531948175 0.33862418233535585
9 793.0 0.0 -1.0 -1.0 -1.0 0.0 0.34418803004285714 0.3044597384678908 0.35135223148925215
9 794.0 0.0 -1.0 -1.0 -1.0 0.0 0.35618589236847165 0.29819644277186647 0.3456176648596622
9 795.0 0.0 -1.0 -1.0 -1.0 0.0 0.3649591057563705 0.3186510049205325 0.31638988932309664
9 796.0 0.0 -1.0 -1.0 -1.0 0.0 0.34572495214282356 0.3242253920322585 0.33004965582491813
9 797.0 0.0 -1.0 -1.0 -1.0 0.0 0.373011821981264 0.3055495470082192 0.32143863101051673
9 798.0 0.0 -1.0 -1.0 -1.0 0.0 0.36726740162706506 0.33389232318545026 0.2988402751874848
9 799.0 0.0 -1.0 -1.0 -1.0 0.0 0.35320807263221604 0.3335224259022758 0.3132695014655081
9 800.0 0.0 -1.0 -1.0 -1.0 0.0 0.3312622458101566 0.3386020638209484 0.3301356903688946
9 801.0 0.0 -1.0 -1.0 -1.0 0.0 0.3404396162201969 0.33644420221113963 0.32311618156866345
9 802.0 0.0 -1.0 -1.0 -1.0 0.0 0.32010646830740846 0.3514176316514569 0.3284759000411347
9 803.0 0.0 -1.0 -1.0 -1.0 0.0 0.3305847587212676 0.35867073519530124 0.31074450608343124
9 804.0 0.0 -1.0 -1.0 -1.0 0.0 0.3141179343136306 0.33666754955748407 0.34921451612888504
9 805.0 0.0 -1.0 -1.0 -1.0 0.0 0.3286774696056749 0.32078449972552314 0.35053803066880185
9 806.0 0.0 -1.0 -1.0 -1.0 0.0 0.31584969338307184 0.2981223579151321 0.386027948701796
9 807.0 0.0 -1.0 -1.0 -1.0 0.0 0.33868187309915015 0.28978532213738584 0.3715328047634642
9 808.0 0.0 -1.0 -1.0 -1.0 0.0 0.3332714322669242 0.2868882312986518 0.37984033643442383
9 809.0 0.0 -1.0 -1.0 -1.0 0.0 0.3291268355732911 0.2790900387726205 0.39178312565408824
9 810.0 0.0 -1.0 -1.0 -1.0 0.0 0.3056607886716865 0.297449887562842 0.39688932376547165
9 811.0 0.0 -1.0 -1.0 -1.0 0.0 0.3224636346952308 0.2951941438849347 0.3823422214198344
9 812.0 0.0 -1.0 -1.0 -1.0 0.0 0.31506073376919624 0.3201643317698968 0.3647749344609067
9 813.0 0.0 -1.0 -1.0 -1.0 0.0 0.3208724260180958 0.32085128273298524 0.35827629124891913
9 814.0 0.0 -1.0 -1.0 -1.0 0.0 0.32905727412716274 0.32269405453179667 0.3482486713410403
9 815.0 0.0 -1.0 -1.0 -1.0 0.0 0.31970104323193427 0.31582242928780024 0.36447652748026527
9 816.0 0.0 -1.0 -1.0 -1.0 0.0 0.34022226042645926 0.3082917008354891 0.3514860387380516
9 817.0 0.0 -1.0 -1.0 -1.0 0.0 0.3355957886036039 0.3369405882469643 0.327463623149432
9 818.0 0.0 -1.0 -1.0 -1.0 0.0 0.3511234900280884 0.3142779057605572 0.3345986042113545
9 819.0 0.0 -1.0 -1.0 -1.0 0.0 0.33251500390852107 0.2996390854942236 0.3678459105972555
9 820.0 0.0 -1.0 -1.0 -1.0 0.0 0.3411583504206934 0.30447899507388554 0.3543626545054211
9 821.0 0.0 -1.0 -1.0 -1.0 0.0 0.35380457981629587 0.30092165603390236 0.34527376414980165
9 822.0 0.0 -1.0 -1.0 -1.0 0.0 0.3326860593285332 0.3249642034062935 0.34234973726517326
9 823.0 0.0 -1.0 -1.0 -1.0 0.0 0.3100209829149376 0.3446500016085675 0.34532901547649475
9 824.0 0.0 -1.0 -1.0 -1.0 0.0 0.32744230722684714 0.3436953083266188 0.3288623844465341
9 825.0 0.0 -1.0 -1.0 -1.0 0.0 0.3351078781354006 0.3661973691332154 0.29869475273138396
9 826.0 0.0 -1.0 -1.0 -1.0 0.0 0.32121610855113275 0.35635337991733 0.322430511531537
9 827.0 0.0 -1.0 -1.0 -1.0 0.0 0.320261712927345 0.345357356440309 0.334380930632346
9 828.0 0.0 -1.0 -1.0 -1.0 0.0 0.33524362816291203 0.35461495732297393 0.31014141451411414
9 829.0 0.0 -1.0 -1.0 -1.0 0.0 0.34824811999196714 0.35992711460370097 0.29182476540433183
9 830.0 0.0 -1.0 -1.0 -1.0 0.0 0.3483511150740716 0.36052462594694107 0.29112425897898747
9 831.0 0.0 -1.0 -1.0 -1.0 0.0 0.35033102531379234 0.3287878880768561 0.3208810866093515
9 832.0 0.0 -1.0 -1.0 -1.0 0.0 0.3380786832581476 0.3232114564334645 0.33870986030838796
9 833.0 0.0 -1.0 -1.0 -1.0 0.0 0.350743749483057 0.3223062364340216 0.3269500140829214
9 834.0 0.0 -1.0 -1.0 -1.0 0.0 0.3580060231708307 0.31112785873294535 0.33086611809622424
9 835.0 0.0 -1.0 -1.0 -1.0 0.0 0.3476689490028218 0.30395834890190065 0.34837270209527754
9 836.0 0.0 -1.0 -1.0 -1.0 0.0 0.3516548826937223 0.31641350475444946 0.33193161255182807
9 837.0 0.0 -1.0 -1.0 -1.0 0.0 0.34634948216055333 0.32049720069994836 0.3331533171394982
9 838.0 0.0 -1.0 -1.0 -1.0 0.0 0.32639138241466253 0.33630247333144436 0.33730614425389305
9 839.0 0.0 -1.0 -1.0 -1.0 0.0 0.3179163413053885 0.34544230111475643 0.33664135757985525
9 840.0 0.0 -1.0 -1.0 -1.0 0.0 0.31818509415440915 0.38152465591312107 0.3002902499324699
9 841.0 0.0 -1.0 -1.0 -1.0 0.0 0.3264237746426872 0.38538775448207924 0.2881884708752335
9 842.0 0.0 -1.0 -1.0 -1.0 0.0 0.3247249519379335 0.3805091362507899 0.29476591181127687
9 843.0 0.0 -1.0 -1.0 -1.0 0.0 0.33939094608743514 0.342936251857996 0.31767280205456866
9 844.0 0.0 -1.0 -1.0 -1.0 0.0 0.3174232570975386 0.36393688364713933 0.31863985925532196
9 845.0 0.0 -1.0 -1.0 -1.0 0.0 0.31720610301197233 0.3689336708582755 0.31386022612975206
9 846.0 0.0 -1.0 -1.0 -1.0 0.0 0.3227990790065703 0.36617432245047027 0.31102659854295917
9 847.0 0.0 -1.0 -1.0 -1.0 0.0 0.3549158863516652 0.33717644128276353 0.3079076723655713
9 848.0 0.0 -1.0 -1.0 -1.0 0.0 0.35346759288883506 0.3225721186811335 0.3239602884300313
9 849.0 0.0 -1.0 -1.0 -1.0 0.0 0.34618576146744556 0.32349025075208926 0.3303239877804649
9 850.0 0.0 -1.0 -1.0 -1.0 0.0 0.33414700318874546 0.33363160138522396 0.3322213954260307
9 851.0 0.0 -1.0 -1.0 -1.0 0.0 0.34222403421038405 0.3468491110520469 0.31092685473756915
9 852.0 0.0 -1.0 -1.0 -1.0 0.0 0.3349648096433009 0.34696804987509205 0.3180671404816072
9 853.0 0.0 -1.0 -1.0 -1.0 0.0 0.3339162013284468 0.3572540611473598 0.3088297375241935
9 854.0 0.0 -1.0 -1.0 -1.0 0.0 0.3328863632839117 0.33580942543901443 0.33130421127707377
9 855.0 0.0 -1.0 -1.0 -1.0 0.0 0.317326008685783 0.345016213430145 0.3376577778840719
9 856.0 0.0 -1.0 -1.0 -1.0 0.0 0.32059749732185167 0.3493338506271564 0.3300686520509919
9 857.0 0.0 -1.0 -1.0 -1.0 0.0 0.3152708866223553 0.3654275628983803 0.31930155047926434
9 858.0 0.0 -1.0 -1.0 -1.0 0.0 0.31199391800085235 0.3742900242265975 0.31371605777254996
9 859.0 0.0 -1.0 -1.0 -1.0 0.0 0.27947340880526095 0.4119073068746222 0.30861928432011654
9 860.0 0.0 -1.0 -1.0 -1.0 0.0 0.26949443317629607 0.41611429725354504 0.31439126957015867
9 861.0 0.0 -1.0 -1.0 -1.0 0.0 0.2837152284662867 0.39067156386294066 0.3256132076707727
9 862.0 0.0 -1.0 -1.0 -1.0 0.0 0.2957258110973444 0.3709944985734344 0.33327969032922083
9 863.0 0.0 -1.0 -1.0 -1.0 0.0 0.3132481519157058 0.35754721677998264 0.32920463130431166
9 864.0 0.0 -1.0 -1.0 -1.0 0.0 0.3030573959066244 0.35561962859360546 0.34132297549977003
9 865.0 0.0 -1.0 -1.0 -1.0 0.0 0.29632743064439054 0.3531066520499296 0.35056591730568004
9 866.0 0.0 -1.0 -1.0 -1.0 0.0 0.2986738082679161 0.37948834417600735 0.3218378475560764
9 867.0 0.0 -1.0 -1.0 -1.0 0.0 0.31748751720722346 0.3693278906413054 0.3131845921514711
9 868.0 0.0 -1.0 -1.0 -1.0 0.0 0.3292087911597371 0.3674488027650525 0.3033424060752105
9 869.0 0.0 -1.0 -1.0 -1.0 0.0 0.3253172646541573 0.3765659221400724 0.2981168132057703
9 870.0 0.0 -1.0 -1.0 -1.0 0.0 0.32962265371026916 0.3317797321966392 0.33859761409309175
9 871.0 0.0 -1.0 -1.0 -1.0 0.0 0.3133465481343457 0.340840523410462 0.34581292845519235
9 872.0 0.0 -1.0 -1.0 -1.0 0.0 0.32527835499656704 0.3356659973805696 0.33905564762286333
9 873.0 0.0 -1.0 -1.0 -1.0 0.0 0.35331386522675456 0.31815422528263215 0.32853190949061306
9 874.0 0.0 -1.0 -1.0 -1.0 0.0 0.3859861066154041 0.2877888952297433 0.3262249981548526
9 875.0 0.0 -1.0 -1.0 -1.0 0.0 0.38036923044309906 0.2927109277870033 0.3269198417698977
9 876.0 0.0 -1.0 -1.0 -1.0 0.0 0.3962001659992436 0.3231797839025711 0.280620050098185
9 877.0 0.0 -1.0 -1.0 -1.0 0.0 0.3720740594629891 0.33199985479106425 0.29592608574594664
9 878.0 0.0 -1.0 -1.0 -1.0 0.0 0.33239583181702853 0.3624245718957803 0.30517959628719105
9 879.0 0.0 -1.0 -1.0 -1.0 0.0 0.34949913727207893 0.33176838355058225 0.3187324791773388
9 880.0 0.0 -1.0 -1.0 -1.0 0.0 0.36174452388102785 0.32541166100706787 0.31284381511190407
9 881.0 0.0 -1.0 -1.0 -1.0 0.0 0.3469754581694934 0.3557814077807235 0.29724313404978314
9 882.0 0.0 -1.0 -1.0 -1.0 0.0 0.3533950135451624 0.3727272329264581 0.2738777535283795
9 883.0 0.0 -1.0 -1.0 -1.0 0.0 0.3564223673189839 0.3591240046240723 0.2844536280569438
9 884.0 0.0 -1.0 -1.0 -1.0 0.0 0.3394953862496446 0.3747070331232698 0.28579758062708543
9 885.0 0.0 -1.0 -1.0 -1.0 0.0 0.32303852723017457 0.36318585314939883 0.31377561962042655
9 886.0 0.0 -1.0 -1.0 -1.0 0.0 0.30095433239782143 0.3697889457517219 0.3292567218504566
9 887.0 0.0 -1.0 -1.0 -1.0 0.0 0.3128138419654342 0.3819492107196985 0.305236947314867
9 888.0 0.0 -1.0 -1.0 -1.0 0.0 0.3145139415047781 0.3637937370408939 0.3216923214543279
9 889.0 0.0 -1.0 -1.0 -1.0 0.0 0.31942565147436824 0.3529088295354084 0.32766551899022334
9 890.0 0.0 -1.0 -1.0 -1.0 0.0 0.2962280216074249 0.36009363777706427 0.3436783406155107
9 891.0 0.0 -1.0 -1.0 -1.0 0.0 0.2926624394341003 0.37466086276305893 0.33267669780284076
9 892.0 0.0 -1.0 -1.0 -1.0 0.0 0.28947966751683823 0.3825556892339496 0.32796464324921226
9 893.0 0.0 -1.0 -1.0 -1.0 0.0 0.300501387502079 0.38418784025086367 0.31531077224705756
9 894.0 0.0 -1.0 -1.0 -1.0 0.0 0.2773200336002623 0.3683638225283035 0.3543161438714342
9 895.0 0.0 -1.0 -1.0 -1.0 0.0 0.2855436906323189 0.362442711555281 0.3520135978124001
9 896.0 0.0 -1.0 -1.0 -1.0 0.0 0.28475186916251494 0.35905956142030354 0.35618856941718136
9 897.0 0.0 -1.0 -1.0 -1.0 0.0 0.3006594836662372 0.35095097272149034 0.34838954361227253
9 898.0 0.0 -1.0 -1.0 -1.0 0.0 0.29226397998610265 0.32685384082188185 0.38088217919201534
9 899.0 0.0 -1.0 -1.0 -1.0 0.0 0.29900279963088766 0.3299417738720085 0.3710554264971037
9 900.0 0.0 -1.0 -1.0 -1.0 0.0 0.3277485408909779 0.31291734730926474 0.3593341117997572
9 901.0 0.0 -1.0 -1.0 -1.0 0.0 0.3320014605640661 0.3015243412323095 0.36647419820362453
9 902.0 0.0 -1.0 -1.0 -1.0 0.0 0.3090158464129589 0.32702138449980644 0.36396276908723457
9 903.0 0.0 -1.0 -1.0 -1.0 0.0 0.30591338515720495 0.2952971369926151 0.3987894778501799
9 904.0 0.0 -1.0 -1.0 -1.0 0.0 0.29926196090446955 0.3204741613479194 0.3802638777476109
9 905.0 0.0 -1.0 -1.0 -1.0 0.0 0.3073653750594875 0.3196618743480791 0.37297275059243357
9 906.0 0.0 -1.0 -1.0 -1.0 0.0 0.2865351104899434 0.3186241639724171 0.3948407255376393
9 907.0 0.0 -1.0 -1.0 -1.0 0.0 0.3282631201226088 0.3137581468550853 0.35797873302230576
9 908.0 0.0 -1.0 -1.0 -1.0 0.0 0.32114555600437883 0.3007279206332953 0.37812652336232594
9 909.0 0.0 -1.0 -1.0 -1.0 0.0 0.31136792813787667 0.334817421823493 0.3538146500386303
9 910.0 0.0 -1.0 -1.0 -1.0 0.0 0.3080383308821334 0.34398522978658336 0.34797643933128325
9 911.0 0.0 -1.0 -1.0 -1.0 0.0 0.3144307238212392 0.35090711699865373 0.3346621591801069
9 912.0 0.0 -1.0 -1.0 -1.0 0.0 0.3200056201829626 0.34676290891689654 0.33323147090014094
9 913.0 0.0 -1.0 -1.0 -1.0 0.0 0.32059859732416135 0.36003305087294507 0.31936835180289375
9 914.0 0.0 -1.0 -1.0 -1.0 0.0 0.32437698068407483 0.35541540810903993 0.32020761120688546
9 915.0 0.0 -1.0 -1.0 -1.0 0.0 0.3579561986349081 0.31947434358985094 0.32256945777524093
9 916.0 0.0 -1.0 -1.0 -1.0 0.0 0.35641338199885675 0.3249856573745992 0.31860096062654425
9 917.0 0.0 -1.0 -1.0 -1.0 0.0 0.3646412549586314 0.3086664269647231 0.3266923180766452
9 918.0 0.0 -1.0 -1.0 -1.0 0.0 0.34786818835026073 0.32512374488911944 0.32700806676062016
9 919.0 0.0 -1.0 -1.0 -1.0 0.0 0.34271442832928783 0.3206427026106136 0.3366428690600982
9 920.0 0.0 -1.0 -1.0 -1.0 0.0 0.34186511464700364 0.34406678587378153 0.3140680994792148
9 921.0 0.0 -1.0 -1.0 -1.0 0.0 0.32656617927176673 0.3248384915209854 0.34859532920724773
9 922.0 0.0 -1.0 -1.0 -1.0 0.0 0.3486743291741457 0.3265212429160541 0.3248044279098004
9 923.0 0.0 -1.0 -1.0 -1.0 0.0 0.3546246104034283 0.3072785779793728 0.33809681161719907
9 924.0 0.0 -1.0 -1.0 -1.0 0.0 0.3452207066690233 0.3250305374270149 0.32974875590396174
9 925.0 0.0 -1.0 -1.0 -1.0 0.0 0.3586895244317073 0.3225612042595587 0.3187492713087338
9 926.0 0.0 -1.0 -1.0 -1.0 0.0 0.3350978283610781 0.32187969222692153 0.3430224794120003
9 927.0 0.0 -1.0 -1.0 -1.0 0.0 0.3222673037826072 0.35944410714055436 0.3182885890768383
9 928.0 0.0 -1.0 -1.0 -1.0 0.0 0.3241831221062512 0.3642510128939911 0.31156586499975736
9 929.0 0.0 -1.0 -1.0 -1.0 0.0 0.3426201864080506 0.3568216569812329 0.3005581566107167
9 930.0 0.0 -1.0 -1.0 -1.0 0.0 0.3399453223433989 0.35622164290965813 0.3038330347469428
9 931.0 0.0 -1.0 -1.0 -1.0 0.0 0.35767928364139573 0.3540412174568459 0.2882794989017585
9 932.0 0.0 -1.0 -1.0 -1.0 0.0 0.3174212443688489 0.37038234552307325 0.3121964101080778
9 933.0 0.0 -1.0 -1.0 -1.0 0.0 0.3281962404860304 0.34683125555818534 0.3249725039557843
9 934.0 0.0 -1.0 -1.0 -1.0 0.0 0.31625797518332605 0.34414936309577265 0.3395926617209014
9 935.0 0.0 -1.0 -1.0 -1.0 0.0 0.3355157629141459 0.33886167922843685 0.3256225578574174
9 936.0 0.0 -1.0 -1.0 -1.0 0.0 0.31772017927357554 0.3480648115893185 0.3342150091371061
9 937.0 0.0 -1.0 -1.0 -1.0 0.0 0.30531220070189546 0.3568806415170301 0.33780715778107473
9 938.0 0.0 -1.0 -1.0 -1.0 0.0 0.32120657758053683 0.362218391806751 0.3165750306127123
9 939.0 0.0 -1.0 -1.0 -1.0 0.0 0.34135006663289696 0.3671446604221382 0.2915052729449649
9 940.0 0.0 -1.0 -1.0 -1.0 0.0 0.3588357068102618 0.36688850951669105 0.2742757836730473
9 941.0 0.0 -1.0 -1.0 -1.0 0.0 0.34975080033340156 0.3632432638791492 0.28700593578744926
9 942.0 0.0 -1.0 -1.0 -1.0 0.0 0.36532932485995706 0.34951813826730066 0.2851525368727423
9 943.0 0.0 -1.0 -1.0 -1.0 0.0 0.3742555928655684 0.327998309980136 0.29774609715429556
9 944.0 0.0 -1.0 -1.0 -1.0 0.0 0.3422437921653293 0.3365060371045692 0.3212501707301014
9 945.0 0.0 -1.0 -1.0 -1.0 0.0 0.34292008215410313 0.3584887490614415 0.2985911687844552
9 946.0 0.0 -1.0 -1.0 -1.0 0.0 0.3519605779280798 0.347173758930265 0.30086566314165547
9 947.0 0.0 -1.0 -1.0 -1.0 0.0 0.34209620897763315 0.3349557654594298 0.32294802556293706
9 948.0 0.0 -1.0 -1.0 -1.0 0.0 0.364038305023485 0.33182852525413087 0.30413316972238374
9 949.0 0.0 -1.0 -1.0 -1.0 0.0 0.3869498492783542 0.3300827967100688 0.28296735401157685
9 950.0 0.0 -1.0 -1.0 -1.0 0.0 0.37426419020927854 0.3294177489980483 0.2963180607926731
9 951.0 0.0 -1.0 -1.0 -1.0 0.0 0.3922875888644345 0.3135158775456397 0.2941965335899257
9 952.0 0.0 -1.0 -1.0 -1.0 0.0 0.38330099282042585 0.3308091555750089 0.28588985160456554
9 953.0 0.0 -1.0 -1.0 -1.0 0.0 0.3509124745409045 0.34145725805973504 0.30763026739936034
9 954.0 0.0 -1.0 -1.0 -1.0 0.0 0.34567410846520086 0.3568863740831448 0.29743951745165426
9 955.0 0.0 -1.0 -1.0 -1.0 0.0 0.36745271575206395 0.32630433115489793 0.3062429530930382
9 956.0 0.0 -1.0 -1.0 -1.0 0.0 0.372619637580031 0.3203607144373081 0.30701964798266074
9 957.0 0.0 -1.0 -1.0 -1.0 0.0 0.37176147867325293 0.2899854327818441 0.33825308854490294
9 958.0 0.0 -1.0 -1.0 -1.0 0.0 0.35866039144785566 0.29879371676581973 0.3425458917863243
9 959.0 0.0 -1.0 -1.0 -1.0 0.0 0.35144978858728115 0.2896678588854987 0.35888235252722017
9 960.0 0.0 -1.0 -1.0 -1.0 0.0 0.33980460117861 0.273988189077668 0.38620720974372197
9 961.0 0.0 -1.0 -1.0 -1.0 0.0 0.3818071203314133 0.2764382458797008 0.3417546337888861
9 962.0 0.0 -1.0 -1.0 -1.0 0.0 0.3488418944776372 0.31848459505672755 0.3326735104656352
9 963.0 0.0 -1.0 -1.0 -1.0 0.0 0.34054728972116777 0.34006611399869785 0.31938659628013455
9 964.0 0.0 -1.0 -1.0 -1.0 0.0 0.3494857257989586 0.3508758937657337 0.2996383804353073
9 965.0 0.0 -1.0 -1.0 -1.0 0.0 0.33447892862133183 0.3499767207946731 0.3155443505839946
9 966.0 0.0 -1.0 -1.0 -1.0 0.0 0.3476518046821916 0.33771286164054154 0.31463533367726676
9 967.0 0.0 -1.0 -1.0 -1.0 0.0 0.3569208654723552 0.3033749591814578 0.33970417534618697
9 968.0 0.0 -1.0 -1.0 -1.0 0.0 0.3392827257556143 0.3276420822623347 0.33307519198205093
9 969.0 0.0 -1.0 -1.0 -1.0 0.0 0.32847493128726485 0.34630698985802283 0.3252180788547125
9 970.0 0.0 -1.0 -1.0 -1.0 0.0 0.31960741638301776 0.32813848608886564 0.3522540975281164
9 971.0 0.0 -1.0 -1.0 -1.0 0.0 0.28290637758160103 0.3306818728532078 0.38641174956519136
9 972.0 0.0 -1.0 -1.0 -1.0 0.0 0.30438203033484823 0.3535886911077641 0.34202927855738763
9 973.0 0.0 -1.0 -1.0 -1.0 0.0 0.32803905395833693 0.3327878953143876 0.33917305072727516
9 974.0 0.0 -1.0 -1.0 -1.0 0.0 0.3526829754301987 0.30320544759701096 0.3441115769727903
9 975.0 0.0 -1.0 -1.0 -1.0 0.0 0.3177589886748863 0.3047410091422498 0.37750000218286384
9 976.0 0.0 -1.0 -1.0 -1.0 0.0 0.326464722798221 0.2988101733811705 0.3747251038206085
9 977.0 0.0 -1.0 -1.0 -1.0 0.0 0.3473106334128929 0.2914265634977315 0.3612628030893755
9 978.0 0.0 -1.0 -1.0 -1.0 0.0 0.35421599607127185 0.2910214282147025 0.3547625757140254
9 979.0 0.0 -1.0 -1.0 -1.0 0.0 0.3395350189044008 0.30352391466718925 0.3569410664284096
9 980.0 0.0 -1.0 -1.0 -1.0 0.0 0.32594246315826875 0.31583422001229877 0.3582233168294325
9 981.0 0.0 -1.0 -1.0 -1.0 0.0 0.33071408934065905 0.3429134588668949 0.3263724517924462
9 982.0 0.0 -1.0 -1.0 -1.0 0.0 0.3050364018904735 0.33249501681791854 0.3624685812916079
9 983.0 0.0 -1.0 -1.0 -1.0 0.0 0.2978328826349823 0.3399920002956792 0.36217511706933847
9 984.0 0.0 -1.0 -1.0 -1.0 0.0 0.3145030835137486 0.34842491440391415 0.33707200208233695
9 985.0 0.0 -1.0 -1.0 -1.0 0.0 0.30412925082182657 0.3251253813898951 0.3707453677882783
9 986.0 0.0 -1.0 -1.0 -1.0 0.0 0.3256574638921998 0.3322138954456161 0.3421286406621842
9 987.0 0.0 -1.0 -1.0 -1.0 0.0 0.3277436804818235 0.3351837051135175 0.3370726144046586
9 988.0 0.0 -1.0 -1.0 -1.0 0.0 0.33715333258994507 0.33359705041702453 0.32924961699303046
9 989.0 0.0 -1.0 -1.0 -1.0 0.0 0.34125113339873453 0.3293709661996836 0.3293779004015818
9 990.0 0.0 -1.0 -1.0 -1.0 0.0 0.34921252353904236 0.3274797653715038 0.32330771108945394
9 991.0 0.0 -1.0 -1.0 -1.0 0.0 0.35411442631633067 0.3045717281369444 0.34131384554672495
9 992.0 0.0 -1.0 -1.0 -1.0 0.0 0.3518916549619139 0.317119649816733 0.33098869522135305
9 993.0 0.0 -1.0 -1.0 -1.0 0.0 0.33464332630696314 0.326623974951562 0.3387326987414748
9 994.0 0.0 -1.0 -1.0 -1.0 0.0 0.319597115596234 0.3217958762729581 0.3586070081308079
9 995.0 0.0 -1.0 -1.0 -1.0 0.0 0.3331920579388282 0.33161511638604557 0.3351928256751262
9 996.0 0.0 -1.0 -1.0 -1.0 0.0 0.3340725206085663 0.31594820020939196 0.3499792791820419
9 997.0 0.0 -1.0 -1.0 -1.0 0.0 0.3331027289180399 0.32934923329248067 0.3375480377894795
9 998.0 0.0 -1.0 -1.0 -1.0 0.0 0.3665945757303032 0.32770891269596136 0.3056965115737355
9 999.0 0.0 -1.0 -1.0 -1.0 0.0 0.35342111326381376 0.3265222962178086 0.32005659051837776
9 1000.0 0.0 -1.0 -1.0 -1.0 0.0 0.34779268752064707 0.327615991663914 0.3245913208154391
1000000000000000000000000000000000000000000000000000000000000000000000000000000000000000000000000000
-1.0
solo con 1: -100.0
