9 0.0 11.0 -41.0 -161.0 -104.78 49.65834382166919 0.3333333333333333 0.3333333333333333 0.3333333333333333
9 1.0 5.0 -40.0 -159.0 -84.09 48.011592665761775 0.3212877874040217 0.28860921670723066 0.39010299588874736
9 2.0 79.0 -39.0 -158.0 -74.05 44.76072751053904 0.2781065756839474 0.27514657564053996 0.44674684867551256
9 3.0 79.0 -35.0 -155.0 -62.34 37.51234678897285 0.28555093992628666 0.2264276466782991 0.48802141339541427
9 4.0 79.0 -35.0 -155.0 -54.53 30.830083366803294 0.25278499324602577 0.19970560897766293 0.5475093977763116
9 5.0 55.0 -33.0 -155.0 -47.41 21.740942616606727 0.2537265473706083 0.16342223479631496 0.5828512178330769
9 6.0 59.0 -31.0 -155.0 -43.77 19.416672519182367 0.23253537460006593 0.13642811777340338 0.6310365076265306
9 7.0 77.0 -30.0 -155.0 -39.29 12.661318647715564 0.20138275128162747 0.12759736942328673 0.6710198792950858
9 8.0 14.0 -28.0 -53.0 -35.19 4.407741124224721 0.18512971560466188 0.11179593347420436 0.7030743509211337
9 9.0 80.0 -27.0 -53.0 -33.15 4.347006400554828 0.18077719513754573 0.10459964799869129 0.7146231568637629
9 10.0 60.0 -25.0 -53.0 -31.22 3.9710569033058336 0.15561273707000242 0.10244541091149265 0.7419418520185048
9 11.0 16.0 -23.0 -51.0 -28.95 3.358616237426218 0.16678617195125248 0.10340966474733218 0.7298041633014152
9 12.0 16.0 -22.0 -50.0 -27.32 3.3420492110818674 0.14380765537444917 0.10195414169136134 0.7542382029341894
9 13.0 40.0 -20.0 -49.0 -25.56 3.525720787400367 0.14277878467437302 0.09189371123682989 0.7653275040887972
9 14.0 57.0 -19.0 -49.0 -23.65 3.4270905291441447 0.13384044995825617 0.10503215678085835 0.7611273932608856
9 15.0 8.0 -19.0 -49.0 -21.98 3.348390235877111 0.12059898543444217 0.10142091184332003 0.7779801027222382
9 16.0 62.0 -16.0 -49.0 -20.52 3.349898234546565 0.12126103795263576 0.09124851620833835 0.7874904458390253
9 17.0 26.0 -14.0 -49.0 -19.37 3.4572570431812326 0.11459615697862263 0.09127734437412695 0.7941264986472502
9 18.0 10.0 -13.0 -49.0 -17.78 3.5945525564120047 0.11464359464744484 0.09111716877550378 0.7942392365770513
9 19.0 44.0 -12.0 -26.0 -15.92 2.0084669262747132 0.0978094072483201 0.09285692599282984 0.80933366675885
9 20.0 44.0 -11.0 -17.0 -13.95 1.3880805728658825 0.093893660343705 0.08037940726609982 0.8257269323901952
9 21.0 37.0 -10.0 -17.0 -12.37 1.3231047050804634 0.09550515320585928 0.07740447172596536 0.8270903750681754
9 22.0 71.0 -8.0 -15.0 -11.23 1.1794109127060421 0.07812112022980237 0.08537994516822275 0.8364989346019748
9 23.0 0.0 -8.0 -14.0 -9.93 1.1124184228404124 0.08384109069369883 0.07118682566485952 0.8449720836414417
9 24.0 27.0 -5.0 -14.0 -8.89 1.2135181344447497 0.09811144648325916 0.07860747616238938 0.8232810773543519
9 25.0 69.0 -4.0 -14.0 -7.78 1.4465563426722272 0.10736084723881026 0.08729249035983383 0.8053466624013557
9 26.0 41.0 -3.0 -14.0 -6.45 1.6659089186544755 0.10242534747595354 0.08809590598711205 0.8094787465369342
9 27.0 41.0 -2.0 -14.0 -5.3 1.7320508075688772 0.09175571155188868 0.09256521662824613 0.8156790718198649
9 28.0 20.0 -2.0 -9.0 -4.17 1.2875079680051558 0.10181565931523208 0.08915575933952448 0.8090285813452432
9 29.0 1.0 -2.0 -9.0 -3.39 1.1182146665126704 0.1176903552870204 0.10386598966022391 0.7784436550527559
9 30.0 35.0 -1.0 -9.0 -2.92 1.1518978630367747 0.11455994946454645 0.1055376440284937 0.7799024065069601
9 31.0 7.0 -1.0 -8.0 -2.18 0.9886221408474205 0.09958060131426345 0.11814378376132417 0.7822756149244121
9 32.0 1.0 -1.0 -4.0 -1.56 0.6562827673397119 0.12183932836614089 0.12370359707598073 0.7544570745578786
9 33.0 1.0 -1.0 -4.0 -1.29 0.555868598672293 0.137775791625791 0.16975748524994969 0.6924667231242592
9 34.0 0.0 -1.0 -3.0 -1.12 0.383497988352882 0.16168281775702886 0.1911436599851156 0.6471735222578556
9 35.0 0.0 -1.0 -3.0 -1.1 0.3623715376697391 0.1768428762222688 0.23176504150152508 0.5913920822762058
9 36.0 0.0 -1.0 -3.0 -1.04 0.24287836253956183 0.20667672730180628 0.2443662597145209 0.5489570129836728
9 37.0 0.0 -1.0 -2.0 -1.01 0.09999999999999996 0.23726142307486953 0.2540782074949284 0.5086603694302021
9 38.0 0.0 -1.0 -1.0 -1.0 0.0 0.2698761224643732 0.2834383332963792 0.44668554423924756
9 39.0 0.0 -1.0 -1.0 -1.0 0.0 0.2768045963347951 0.31107261118981167 0.4121227924753932
9 40.0 0.0 -1.0 -1.0 -1.0 0.0 0.27108610054444027 0.30261384322949075 0.42630005622606926
9 41.0 0.0 -1.0 -1.0 -1.0 0.0 0.2679234964350153 0.3016579126876017 0.43041859087738293
9 42.0 0.0 -1.0 -1.0 -1.0 0.0 0.30407047545020766 0.2640276285206924 0.43190189602909995
9 43.0 0.0 -1.0 -1.0 -1.0 0.0 0.3294116528951574 0.27604738343662744 0.39454096366821534
9 44.0 0.0 -1.0 -1.0 -1.0 0.0 0.3386259185233175 0.29340603318272324 0.36796804829395924
9 45.0 0.0 -1.0 -1.0 -1.0 0.0 0.3416073626731598 0.2685786760684068 0.3898139612584335
9 46.0 0.0 -1.0 -1.0 -1.0 0.0 0.36077665232657935 0.2638224770654841 0.37540087060793637
9 47.0 0.0 -1.0 -1.0 -1.0 0.0 0.3439573063519477 0.27503775792082985 0.3810049357272227
9 48.0 0.0 -1.0 -1.0 -1.0 0.0 0.3327867938651029 0.2932668417669021 0.3739463643679952
9 49.0 0.0 -1.0 -1.0 -1.0 0.0 0.31866048104498856 0.31935114691147776 0.3619883720435336
9 50.0 0.0 -1.0 -1.0 -1.0 0.0 0.30590543280754795 0.3396506430541342 0.354443924138318
9 51.0 0.0 -1.0 -1.0 -1.0 0.0 0.31804821301301045 0.3645880797679019 0.31736370721908735
9 52.0 0.0 -1.0 -1.0 -1.0 0.0 0.29660651180464764 0.3567408175802209 0.34665267061513155
9 53.0 0.0 -1.0 -1.0 -1.0 0.0 0.31583597769122296 0.35284306940793075 0.3313209529008464
9 54.0 0.0 -1.0 -1.0 -1.0 0.0 0.31862717826681614 0.32510420079786895 0.35626862093531464
9 55.0 0.0 -1.0 -1.0 -1.0 0.0 0.3470527638540387 0.325817995370225 0.32712924077573624
9 56.0 0.0 -1.0 -1.0 -1.0 0.0 0.36720065836318305 0.30350915267996453 0.3292901889568522
9 57.0 0.0 -1.0 -1.0 -1.0 0.0 0.32540148466469093 0.3367463408106374 0.3378521745246719
9 58.0 0.0 -1.0 -1.0 -1.0 0.0 0.3327790421197283 0.32572169938130346 0.34149925849896834
9 59.0 0.0 -1.0 -1.0 -1.0 0.0 0.3483189177943908 0.341277780859614 0.31040330134599525
9 60.0 0.0 -1.0 -1.0 -1.0 0.0 0.35551274932653565 0.3267112136761504 0.317776036997314
9 61.0 0.0 -1.0 -1.0 -1.0 0.0 0.34866380332632185 0.32032886161670754 0.3310073350569707
9 62.0 0.0 -1.0 -1.0 -1.0 0.0 0.3506468332376215 0.3080103665004063 0.34134280026197217
9 63.0 0.0 -1.0 -1.0 -1.0 0.0 0.3743310833507094 0.29154529537373086 0.3341236212755598
9 64.0 0.0 -1.0 -1.0 -1.0 0.0 0.3724466772708567 0.3065694235626143 0.32098389916652875
9 65.0 0.0 -1.0 -1.0 -1.0 0.0 0.33918637974759974 0.3244371187675773 0.33637650148482295
9 66.0 0.0 -1.0 -1.0 -1.0 0.0 0.3467553306509008 0.3298253323619771 0.32341933698712216
9 67.0 0.0 -1.0 -1.0 -1.0 0.0 0.3357622397761821 0.34250855757236726 0.32172920265145083
9 68.0 0.0 -1.0 -1.0 -1.0 0.0 0.33610169980223037 0.35784673309119264 0.30605156710657716
9 69.0 0.0 -1.0 -1.0 -1.0 0.0 0.3548835726509094 0.32968790555831107 0.31542852179077957
9 70.0 0.0 -1.0 -1.0 -1.0 0.0 0.37057738919567235 0.3331287722043667 0.29629383859996117
9 71.0 0.0 -1.0 -1.0 -1.0 0.0 0.3505747207572081 0.33473957890997214 0.31468570033282
9 72.0 0.0 -1.0 -1.0 -1.0 0.0 0.3308541004704207 0.357377684549506 0.31176821498007323
9 73.0 0.0 -1.0 -1.0 -1.0 0.0 0.3090895679247802 0.3556119887701741 0.3352984433050453
9 74.0 0.0 -1.0 -1.0 -1.0 0.0 0.3387928055902748 0.31851530462855604 0.3426918897811695
9 75.0 0.0 -1.0 -1.0 -1.0 0.0 0.32974541526778944 0.3306931981850317 0.339561386547179
9 76.0 0.0 -1.0 -1.0 -1.0 0.0 0.3062768931864011 0.3107675549200103 0.38295555189358876
9 77.0 0.0 -1.0 -1.0 -1.0 0.0 0.33808623133291227 0.29229259234480515 0.3696211763222829
9 78.0 0.0 -1.0 -1.0 -1.0 0.0 0.3300862444784141 0.30212617307472395 0.3677875824468619
9 79.0 0.0 -1.0 -1.0 -1.0 0.0 0.32350841052464235 0.3138694145459163 0.3626221749294414
9 80.0 0.0 -1.0 -1.0 -1.0 0.0 0.3162860668448491 0.32484607748091743 0.35886785567423357
9 81.0 0.0 -1.0 -1.0 -1.0 0.0 0.3227704447502992 0.3332407415738844 0.3439888136758166
9 82.0 0.0 -1.0 -1.0 -1.0 0.0 0.34170907490918045 0.3221101748243329 0.3361807502664863
9 83.0 0.0 -1.0 -1.0 -1.0 0.0 0.3477067984335841 0.3199735756524494 0.33231962591396647
9 84.0 0.0 -1.0 -1.0 -1.0 0.0 0.3515111284791936 0.3177930555261086 0.33069581599469755
9 85.0 0.0 -1.0 -1.0 -1.0 0.0 0.3360058642681084 0.3337594352373888 0.33023470049450276
9 86.0 0.0 -1.0 -1.0 -1.0 0.0 0.32561177550646925 0.335188205368691 0.3392000191248399
9 87.0 0.0 -1.0 -1.0 -1.0 0.0 0.3342256459515486 0.30475391420644277 0.36102043984200877
9 88.0 0.0 -1.0 -1.0 -1.0 0.0 0.31883058778157 0.3270488285620066 0.3541205836564232
9 89.0 0.0 -1.0 -1.0 -1.0 0.0 0.32187634675312826 0.33866653482723685 0.33945711841963466
9 90.0 0.0 -1.0 -1.0 -1.0 0.0 0.30625866333784185 0.3200572410144568 0.37368409564770116
9 91.0 0.0 -1.0 -1.0 -1.0 0.0 0.3253313274703885 0.3268641189737574 0.34780455355585393
9 92.0 0.0 -1.0 -1.0 -1.0 0.0 0.34116644784643774 0.3179521632033481 0.3408813889502141
9 93.0 0.0 -1.0 -1.0 -1.0 0.0 0.36294616038797467 0.3448709814779518 0.29218285813407346
9 94.0 0.0 -1.0 -1.0 -1.0 0.0 0.35444987216365753 0.3580306593294298 0.28751946850691285
9 95.0 0.0 -1.0 -1.0 -1.0 0.0 0.37154062452511505 0.3576055030968681 0.27085387237801717
9 96.0 0.0 -1.0 -1.0 -1.0 0.0 0.3371808886017256 0.3729847213981296 0.28983439000014494
9 97.0 0.0 -1.0 -1.0 -1.0 0.0 0.3480215485041218 0.35873262345956036 0.29324582803631816
9 98.0 0.0 -1.0 -1.0 -1.0 0.0 0.32385147273767856 0.3719589807942353 0.30418954646808627
9 99.0 0.0 -1.0 -1.0 -1.0 0.0 0.3596379720766044 0.34616318340440033 0.2941988445189953
9 100.0 0.0 -1.0 -1.0 -1.0 0.0 0.3296681588569667 0.35528957963964153 0.3150422615033918
9 101.0 0.0 -1.0 -1.0 -1.0 0.0 0.33606173911924064 0.3235562396037217 0.34038202127703765
9 102.0 0.0 -1.0 -1.0 -1.0 0.0 0.3576169698834264 0.3137921287667066 0.328590901349867
9 103.0 0.0 -1.0 -1.0 -1.0 0.0 0.35516295147211385 0.3104535380917518 0.33438351043613396
9 104.0 0.0 -1.0 -1.0 -1.0 0.0 0.332824924441182 0.318246310845241 0.34892876471357714
9 105.0 0.0 -1.0 -1.0 -1.0 0.0 0.3098271609639472 0.31195172705682256 0.37822111197923003
9 106.0 0.0 -1.0 -1.0 -1.0 0.0 0.31215584593993506 0.3192714750057565 0.3685726790543085
9 107.0 0.0 -1.0 -1.0 -1.0 0.0 0.3210099486117477 0.31766525853448063 0.36132479285377156
9 108.0 0.0 -1.0 -1.0 -1.0 0.0 0.3175542638931751 0.31948199091474544 0.36296374519207997
9 109.0 0.0 -1.0 -1.0 -1.0 0.0 0.3338460543949831 0.3352470278388629 0.33090691776615394
9 110.0 0.0 -1.0 -1.0 -1.0 0.0 0.3385534506714668 0.35806374410007985 0.3033828052284535
9 111.0 0.0 -1.0 -1.0 -1.0 0.0 0.3632158275610996 0.3354338084715745 0.30135036396732584
9 112.0 0.0 -1.0 -1.0 -1.0 0.0 0.3603536557156886 0.33176562710741364 0.30788071717689797
9 113.0 0.0 -1.0 -1.0 -1.0 0.0 0.3372497347335158 0.33720237732588537 0.3255478879405986
9 114.0 0.0 -1.0 -1.0 -1.0 0.0 0.3507672379541441 0.3219212391430416 0.3273115229028145
9 115.0 0.0 -1.0 -1.0 -1.0 0.0 0.3492035372598683 0.34276516149673175 0.3080313012433999
9 116.0 0.0 -1.0 -1.0 -1.0 0.0 0.337145001110129 0.3316764958147733 0.3311785030750977
9 117.0 0.0 -1.0 -1.0 -1.0 0.0 0.32943618363136856 0.34172421206113085 0.3288396043075006
9 118.0 0.0 -1.0 -1.0 -1.0 0.0 0.3202053770575177 0.3304366523543817 0.34935797058810103
9 119.0 0.0 -1.0 -1.0 -1.0 0.0 0.3275990259700229 0.32349064474428596 0.34891032928569116
9 120.0 0.0 -1.0 -1.0 -1.0 0.0 0.3196455275255968 0.3261295525980553 0.35422491987634785
9 121.0 0.0 -1.0 -1.0 -1.0 0.0 0.28782989847728147 0.3615203127379037 0.3506497887848147
9 122.0 0.0 -1.0 -1.0 -1.0 0.0 0.273955932189079 0.39752928323866366 0.3285147845722573
9 123.0 0.0 -1.0 -1.0 -1.0 0.0 0.2901996262804843 0.36896479417812167 0.3408355795413942
9 124.0 0.0 -1.0 -1.0 -1.0 0.0 0.3009227162350494 0.36912507888223894 0.32995220488271143
9 125.0 0.0 -1.0 -1.0 -1.0 0.0 0.3192687278230269 0.3570423926605045 0.32368887951646846
9 126.0 0.0 -1.0 -1.0 -1.0 0.0 0.301771665336053 0.36831994604948953 0.32990838861445726
9 127.0 0.0 -1.0 -1.0 -1.0 0.0 0.3154359046517824 0.3355557241794888 0.3490083711687289
9 128.0 0.0 -1.0 -1.0 -1.0 0.0 0.31132013712358353 0.34940032673488974 0.3392795361415267
9 129.0 0.0 -1.0 -1.0 -1.0 0.0 0.33952687375810897 0.33755202466652484 0.32292110157536597
9 130.0 0.0 -1.0 -1.0 -1.0 0.0 0.33786382166179807 0.3423022818902605 0.31983389644794136
9 131.0 0.0 -1.0 -1.0 -1.0 0.0 0.36030220254467205 0.32799239018865345 0.3117054072666746
9 132.0 0.0 -1.0 -1.0 -1.0 0.0 0.3326112919857497 0.34718563350286563 0.32020307451138463
9 133.0 0.0 -1.0 -1.0 -1.0 0.0 0.34394113192991027 0.3184212360367589 0.3376376320333307
9 134.0 0.0 -1.0 -1.0 -1.0 0.0 0.3574713455074277 0.32413519958242193 0.31839345491015014
9 135.0 0.0 -1.0 -1.0 -1.0 0.0 0.3466734121606709 0.3582128948194472 0.29511369301988216
9 136.0 0.0 -1.0 -1.0 -1.0 0.0 0.35323008726330357 0.35521722743593864 0.29155268530075773
9 137.0 0.0 -1.0 -1.0 -1.0 0.0 0.3219697873955532 0.36596693854398077 0.31206327406046624
9 138.0 0.0 -1.0 -1.0 -1.0 0.0 0.3166281263149625 0.3793518326200042 0.3040200410650334
9 139.0 0.0 -1.0 -1.0 -1.0 0.0 0.3393803472131016 0.3435936339718627 0.31702601881503545
9 140.0 0.0 -1.0 -1.0 -1.0 0.0 0.33074040346681755 0.33402118914440804 0.3352384073887745
9 141.0 0.0 -1.0 -1.0 -1.0 0.0 0.28725935705760025 0.3343234729850835 0.378417169957316
9 142.0 0.0 -1.0 -1.0 -1.0 0.0 0.28156765012515 0.3547771528107764 0.3636551970640737
9 143.0 0.0 -1.0 -1.0 -1.0 0.0 0.2952262443710089 0.37415134617143425 0.3306224094575569
9 144.0 0.0 -1.0 -1.0 -1.0 0.0 0.27065207729110474 0.33830099862932533 0.39104692407957
9 145.0 0.0 -1.0 -1.0 -1.0 0.0 0.30617699382830244 0.318535435431234 0.3752875707404638
9 146.0 0.0 -1.0 -1.0 -1.0 0.0 0.29918198028019666 0.3394561812109905 0.36136183850881265
9 147.0 0.0 -1.0 -1.0 -1.0 0.0 0.313950663223355 0.3661234819876026 0.31992585478904245
9 148.0 0.0 -1.0 -1.0 -1.0 0.0 0.3006433269180436 0.3797881883752398 0.31956848470671684
9 149.0 0.0 -1.0 -1.0 -1.0 0.0 0.32688290754323485 0.36266826234186583 0.3104488301148996
9 150.0 0.0 -1.0 -1.0 -1.0 0.0 0.32726255541678023 0.3423691219385108 0.33036832264470917
9 151.0 0.0 -1.0 -1.0 -1.0 0.0 0.331879875336576 0.3169820645644707 0.3511380600989535
9 152.0 0.0 -1.0 -1.0 -1.0 0.0 0.33663247112402983 0.32174676605509867 0.3416207628208715
9 153.0 0.0 -1.0 -1.0 -1.0 0.0 0.34162951919141954 0.3182640205460429 0.3401064602625378
9 154.0 0.0 -1.0 -1.0 -1.0 0.0 0.3267277185346273 0.34467859736365924 0.3285936841017134
9 155.0 0.0 -1.0 -1.0 -1.0 0.0 0.33240770509385276 0.34000431826878486 0.32758797663736233
9 156.0 0.0 -1.0 -1.0 -1.0 0.0 0.3285608593617364 0.3300102680155955 0.34142887262266813
9 157.0 0.0 -1.0 -1.0 -1.0 0.0 0.3410049381169692 0.33434202841913035 0.32465303346390023
9 158.0 0.0 -1.0 -1.0 -1.0 0.0 0.34683976267708094 0.3335228401107598 0.31963739721215917
9 159.0 0.0 -1.0 -1.0 -1.0 0.0 0.32359190298186064 0.33535705646415465 0.34105104055398483
9 160.0 0.0 -1.0 -1.0 -1.0 0.0 0.34278996436288134 0.3017619986482003 0.3554480369889184
9 161.0 0.0 -1.0 -1.0 -1.0 0.0 0.34771067078320184 0.2904974409459316 0.36179188827086667
9 162.0 0.0 -1.0 -1.0 -1.0 0.0 0.3440757479646466 0.31201894551251314 0.3439053065228403
9 163.0 0.0 -1.0 -1.0 -1.0 0.0 0.34727343826073265 0.3295919378898274 0.3231346238494398
9 164.0 0.0 -1.0 -1.0 -1.0 0.0 0.3442773521281104 0.3490038914622973 0.30671875640959195
9 165.0 0.0 -1.0 -1.0 -1.0 0.0 0.36919762128331485 0.32544529472961237 0.30535708398707295
9 166.0 0.0 -1.0 -1.0 -1.0 0.0 0.3607025039682869 0.3037375141938902 0.3355599818378227
9 167.0 0.0 -1.0 -1.0 -1.0 0.0 0.3487460253853113 0.3407085971428123 0.3105453774718767
9 168.0 0.0 -1.0 -1.0 -1.0 0.0 0.33924930772049533 0.3635682031493374 0.29718248913016715
9 169.0 0.0 -1.0 -1.0 -1.0 0.0 0.32958404937280983 0.35050581692343485 0.3199101337037553
9 170.0 0.0 -1.0 -1.0 -1.0 0.0 0.3381028751476649 0.3349994722612958 0.3268976525910393
9 171.0 0.0 -1.0 -1.0 -1.0 0.0 0.33386552748251175 0.3380332319274795 0.32810124059000884
9 172.0 0.0 -1.0 -1.0 -1.0 0.0 0.33229123131536925 0.3473841036325462 0.32032466505208457
9 173.0 0.0 -1.0 -1.0 -1.0 0.0 0.35594669230412956 0.3146408627065874 0.32941244498928285
9 174.0 0.0 -1.0 -1.0 -1.0 0.0 0.3427222229845806 0.310036473281326 0.3472413037340933
9 175.0 0.0 -1.0 -1.0 -1.0 0.0 0.3396643201471491 0.31378057429363726 0.34655510555921365
9 176.0 0.0 -1.0 -1.0 -1.0 0.0 0.351987496204985 0.30649163239003985 0.3415208714049752
9 177.0 0.0 -1.0 -1.0 -1.0 0.0 0.32698496940103966 0.3053468776404719 0.3676681529584884
9 178.0 0.0 -1.0 -1.0 -1.0 0.0 0.3395874565142515 0.31044131630638044 0.34997122717936796
9 179.0 0.0 -1.0 -1.0 -1.0 0.0 0.3333997611649825 0.32360318935212445 0.34299704948289306
9 180.0 0.0 -1.0 -1.0 -1.0 0.0 0.32433197127524743 0.32825173933636653 0.34741628938838603
9 181.0 0.0 -1.0 -1.0 -1.0 0.0 0.3464490634272942 0.30418876306612025 0.34936217350658544
9 182.0 0.0 -1.0 -1.0 -1.0 0.0 0.32978933495363294 0.32006545170280803 0.350145213343559
9 183.0 0.0 -1.0 -1.0 -1.0 0.0 0.3400443914432397 0.3502757766134742 0.3096798319432861
9 184.0 0.0 -1.0 -1.0 -1.0 0.0 0.3626351461433222 0.3532644789733698 0.2841003748833083
9 185.0 0.0 -1.0 -1.0 -1.0 0.0 0.33505309055876736 0.3624603493869292 0.30248656005430297
9 186.0 0.0 -1.0 -1.0 -1.0 0.0 0.34372785851954324 0.34461369157754257 0.31165844990291414
9 187.0 0.0 -1.0 -1.0 -1.0 0.0 0.3612955808986368 0.3277456388170104 0.3109587802843527
9 188.0 0.0 -1.0 -1.0 -1.0 0.0 0.32380286025085064 0.33650379829681304 0.33969334145233604
9 189.0 0.0 -1.0 -1.0 -1.0 0.0 0.3358736957136613 0.32822409173601974 0.33590221255031916
9 190.0 0.0 -1.0 -1.0 -1.0 0.0 0.3160739026540746 0.3393174533316701 0.34460864401425517
9 191.0 0.0 -1.0 -1.0 -1.0 0.0 0.32050842109974076 0.3397864563895792 0.33970512251067997
9 192.0 0.0 -1.0 -1.0 -1.0 0.0 0.31983488872254595 0.3642262073263583 0.3159389039510958
9 193.0 0.0 -1.0 -1.0 -1.0 0.0 0.2871014344387734 0.3599397830306871 0.3529587825305394
9 194.0 0.0 -1.0 -1.0 -1.0 0.0 0.29290395112144574 0.344028693823834 0.3630673550547203
9 195.0 0.0 -1.0 -1.0 -1.0 0.0 0.29817390810005945 0.35317093938070365 0.3486551525192371
9 196.0 0.0 -1.0 -1.0 -1.0 0.0 0.3073850003881759 0.3482798664346714 0.3443351331771526
9 197.0 0.0 -1.0 -1.0 -1.0 0.0 0.33911809835512124 0.3094101342835339 0.3514717673613449
9 198.0 0.0 -1.0 -1.0 -1.0 0.0 0.3165409508053262 0.31743056200205616 0.36602848719261766
9 199.0 0.0 -1.0 -1.0 -1.0 0.0 0.3568715961178375 0.2988248984820285 0.34430350540013405
9 200.0 0.0 -1.0 -1.0 -1.0 0.0 0.3459650106517098 0.3085993989189599 0.3454355904293307
9 201.0 0.0 -1.0 -1.0 -1.0 0.0 0.3291690481438625 0.3111632355417583 0.3596677163143791
9 202.0 0.0 -1.0 -1.0 -1.0 0.0 0.357139845185745 0.3236712175183655 0.31918893729588915
9 203.0 0.0 -1.0 -1.0 -1.0 0.0 0.34368166634913194 0.33741793062980713 0.318900403021061
9 204.0 0.0 -1.0 -1.0 -1.0 0.0 0.33076185086111537 0.3471317160914726 0.3221064330474121
9 205.0 0.0 -1.0 -1.0 -1.0 0.0 0.32355598259586477 0.33363168388691855 0.34281233351721707
9 206.0 0.0 -1.0 -1.0 -1.0 0.0 0.3194394518568867 0.33794441248470525 0.3426161356584082
9 207.0 0.0 -1.0 -1.0 -1.0 0.0 0.3199775903864297 0.3531222193861452 0.3269001902274254
9 208.0 0.0 -1.0 -1.0 -1.0 0.0 0.337057794156968 0.34843963894463315 0.3145025668983987
9 209.0 0.0 -1.0 -1.0 -1.0 0.0 0.359053413150155 0.30405839932884493 0.33688818752100014
9 210.0 0.0 -1.0 -1.0 -1.0 0.0 0.349520345007078 0.3305199142752992 0.31995974071762295
9 211.0 0.0 -1.0 -1.0 -1.0 0.0 0.3578577130525125 0.32050379161416465 0.3216384953333229
9 212.0 0.0 -1.0 -1.0 -1.0 0.0 0.36396557692359205 0.32760836514103175 0.3084260579353762
9 213.0 0.0 -1.0 -1.0 -1.0 0.0 0.3613880130155456 0.32880221829280565 0.30980976869164883
9 214.0 0.0 -1.0 -1.0 -1.0 0.0 0.35439046496627064 0.294573083459203 0.35103645157452634
9 215.0 0.0 -1.0 -1.0 -1.0 0.0 0.34792797408411774 0.3319475066484614 0.32012451926742114
9 216.0 0.0 -1.0 -1.0 -1.0 0.0 0.37250998239340943 0.3274716962163059 0.3000183213902848
9 217.0 0.0 -1.0 -1.0 -1.0 0.0 0.37577458593281987 0.30877678031851175 0.3154486337486683
9 218.0 0.0 -1.0 -1.0 -1.0 0.0 0.3983289914835448 0.2690119282171476 0.33265908029930746
9 219.0 0.0 -1.0 -1.0 -1.0 0.0 0.3744128215915332 0.2949338361560696 0.33065334225239723
9 220.0 0.0 -1.0 -1.0 -1.0 0.0 0.38012006032828166 0.3158727473191148 0.30400719235260343
9 221.0 0.0 -1.0 -1.0 -1.0 0.0 0.3615038741830206 0.32133899564723073 0.31715713016974884
9 222.0 0.0 -1.0 -1.0 -1.0 0.0 0.35714480569117113 0.3201939379700931 0.32266125633873594
9 223.0 0.0 -1.0 -1.0 -1.0 0.0 0.3478392083175301 0.3187651471808608 0.33339564450160913
9 224.0 0.0 -1.0 -1.0 -1.0 0.0 0.35172077459149553 0.31163788711810303 0.3366413382904014
9 225.0 0.0 -1.0 -1.0 -1.0 0.0 0.34893100535384997 0.3157626487926923 0.3353063458534578
9 226.0 0.0 -1.0 -1.0 -1.0 0.0 0.3669643177206088 0.3108585905833684 0.3221770916960229
9 227.0 0.0 -1.0 -1.0 -1.0 0.0 0.3555560241971588 0.31098878676168334 0.3334551890411579
9 228.0 0.0 -1.0 -1.0 -1.0 0.0 0.3484479605390359 0.3191180338193316 0.3324340056416327
9 229.0 0.0 -1.0 -1.0 -1.0 0.0 0.33310076624606466 0.3277512238768247 0.33914800987711063
9 230.0 0.0 -1.0 -1.0 -1.0 0.0 0.331627265241511 0.31445582615405376 0.3539169086044352
9 231.0 0.0 -1.0 -1.0 -1.0 0.0 0.34366672430573836 0.3289094946604832 0.32742378103377845
9 232.0 0.0 -1.0 -1.0 -1.0 0.0 0.36165959103398565 0.32286756835864333 0.31547284060737096
9 233.0 0.0 -1.0 -1.0 -1.0 0.0 0.36999785117948647 0.3104165186112419 0.31958563020927166
9 234.0 0.0 -1.0 -1.0 -1.0 0.0 0.39623416523039773 0.30701160869634664 0.29675422607325563
9 235.0 0.0 -1.0 -1.0 -1.0 0.0 0.3916879628530692 0.29822848483533665 0.31008355231159407
9 236.0 0.0 -1.0 -1.0 -1.0 0.0 0.37058490804524896 0.31929828709222613 0.3101168048625248
9 237.0 0.0 -1.0 -1.0 -1.0 0.0 0.34538781275739133 0.33754833528061967 0.317063851961989
9 238.0 0.0 -1.0 -1.0 -1.0 0.0 0.32828177275658066 0.35832728727540014 0.3133909399680193
9 239.0 0.0 -1.0 -1.0 -1.0 0.0 0.35278106641962254 0.36095309128820213 0.28626584229217555
9 240.0 0.0 -1.0 -1.0 -1.0 0.0 0.34616014520274485 0.3430455776803452 0.31079427711691004
9 241.0 0.0 -1.0 -1.0 -1.0 0.0 0.33071422406899814 0.34372050364819356 0.3255652722828083
9 242.0 0.0 -1.0 -1.0 -1.0 0.0 0.33965155652187595 0.3293263508089307 0.33102209266919336
9 243.0 0.0 -1.0 -1.0 -1.0 0.0 0.33070536868024236 0.34656529938752567 0.3227293319322318
9 244.0 0.0 -1.0 -1.0 -1.0 0.0 0.3352265256363274 0.32477902537227715 0.33999444899139547
9 245.0 0.0 -1.0 -1.0 -1.0 0.0 0.3248478142684055 0.3342552672222888 0.3408969185093057
9 246.0 0.0 -1.0 -1.0 -1.0 0.0 0.3363231833532263 0.32923348675582353 0.33444332989095016
9 247.0 0.0 -1.0 -1.0 -1.0 0.0 0.3411647547219867 0.33406384941549533 0.32477139586251785
9 248.0 0.0 -1.0 -1.0 -1.0 0.0 0.33654054823301194 0.36016883741623645 0.30329061435075144
9 249.0 0.0 -1.0 -1.0 -1.0 0.0 0.340599975485966 0.36329355452361994 0.2961064699904138
9 250.0 0.0 -1.0 -1.0 -1.0 0.0 0.36462161496231454 0.3219462068807361 0.3134321781569494
9 251.0 0.0 -1.0 -1.0 -1.0 0.0 0.34392415768954243 0.32808238106256127 0.3279934612478965
9 252.0 0.0 -1.0 -1.0 -1.0 0.0 0.31330330405910983 0.3251404313477415 0.3615562645931488
9 253.0 0.0 -1.0 -1.0 -1.0 0.0 0.33809975675707493 0.3354275967607672 0.32647264648215796
9 254.0 0.0 -1.0 -1.0 -1.0 0.0 0.31108892102551516 0.33920942911857027 0.34970164985591445
9 255.0 0.0 -1.0 -1.0 -1.0 0.0 0.31681566955096124 0.31676310999163904 0.36642122045739967
9 256.0 0.0 -1.0 -1.0 -1.0 0.0 0.31224083044716106 0.3431640954864229 0.34459507406641604
9 257.0 0.0 -1.0 -1.0 -1.0 0.0 0.3127751066370081 0.34790478058562535 0.3393201127773666
9 258.0 0.0 -1.0 -1.0 -1.0 0.0 0.3192369124650926 0.3382161320791809 0.34254695545572644
9 259.0 0.0 -1.0 -1.0 -1.0 0.0 0.32124909455914424 0.34665221491400217 0.33209869052685353
9 260.0 0.0 -1.0 -1.0 -1.0 0.0 0.29359207366560386 0.33581660611408026 0.37059132022031593
9 261.0 0.0 -1.0 -1.0 -1.0 0.0 0.279241157418422 0.3608526084921537 0.3599062340894242
9 262.0 0.0 -1.0 -1.0 -1.0 0.0 0.3042999804925256 0.36518429096536265 0.3305157285421116
9 263.0 0.0 -1.0 -1.0 -1.0 0.0 0.29724269029212835 0.36705999443561127 0.3356973152722604
9 264.0 0.0 -1.0 -1.0 -1.0 0.0 0.3294275551169691 0.3214728630596346 0.34909958182339623
9 265.0 0.0 -1.0 -1.0 -1.0 0.0 0.33113993099575206 0.3321753818052611 0.33668468719898653
9 266.0 0.0 -1.0 -1.0 -1.0 0.0 0.3136297609158355 0.3318972007521592 0.35447303833200544
9 267.0 0.0 -1.0 -1.0 -1.0 0.0 0.32219113457057097 0.32385228563594126 0.3539565797934877
9 268.0 0.0 -1.0 -1.0 -1.0 0.0 0.3384793769920203 0.3070097473771355 0.35451087563084416
9 269.0 0.0 -1.0 -1.0 -1.0 0.0 0.36233998650199434 0.3116829096370455 0.32597710386096024
9 270.0 0.0 -1.0 -1.0 -1.0 0.0 0.34656383495552584 0.2941514890457643 0.3592846759987097
9 271.0 0.0 -1.0 -1.0 -1.0 0.0 0.3436029602006454 0.30401949165452957 0.3523775481448251
9 272.0 0.0 -1.0 -1.0 -1.0 0.0 0.35633455020223415 0.29931838255955967 0.34434706723820613
9 273.0 0.0 -1.0 -1.0 -1.0 0.0 0.34211051727487596 0.30604313506181824 0.3518463476633058
9 274.0 0.0 -1.0 -1.0 -1.0 0.0 0.3379989168489892 0.30351972370637115 0.35848135944463977
9 275.0 0.0 -1.0 -1.0 -1.0 0.0 0.36135492572667965 0.31265864759100326 0.32598642668231703
9 276.0 0.0 -1.0 -1.0 -1.0 0.0 0.3543673471330924 0.32967680846220754 0.3159558444047001
9 277.0 0.0 -1.0 -1.0 -1.0 0.0 0.3452735868014127 0.34511381877198405 0.3096125944266033
9 278.0 0.0 -1.0 -1.0 -1.0 0.0 0.3392204517294493 0.3396992795198899 0.32108026875066076
9 279.0 0.0 -1.0 -1.0 -1.0 0.0 0.3384608575587945 0.3147322138976614 0.34680692854354433
9 280.0 0.0 -1.0 -1.0 -1.0 0.0 0.38370407309421767 0.2967454270974186 0.3195504998083638
9 281.0 0.0 -1.0 -1.0 -1.0 0.0 0.35986190387609573 0.297554444500939 0.34258365162296534
9 282.0 0.0 -1.0 -1.0 -1.0 0.0 0.3710210101401217 0.287226712993509 0.3417522768663692
9 283.0 0.0 -1.0 -1.0 -1.0 0.0 0.34778748223020306 0.29882310335931295 0.3533894144104838
9 284.0 0.0 -1.0 -1.0 -1.0 0.0 0.3489063410800334 0.29380440745963926 0.3572892514603272
9 285.0 0.0 -1.0 -1.0 -1.0 0.0 0.33244429440388656 0.3215341680159063 0.34602153758020715
9 286.0 0.0 -1.0 -1.0 -1.0 0.0 0.3375226076389506 0.32471580637764175 0.3377615859834075
9 287.0 0.0 -1.0 -1.0 -1.0 0.0 0.3539096850592615 0.3071595470372721 0.3389307679034661
9 288.0 0.0 -1.0 -1.0 -1.0 0.0 0.36359163948316253 0.30645173466110964 0.3299566258557279
9 289.0 0.0 -1.0 -1.0 -1.0 0.0 0.34125112514358685 0.3157749763261776 0.3429738985302354
9 290.0 0.0 -1.0 -1.0 -1.0 0.0 0.3284257638481401 0.3168586973627963 0.35471553878906376
9 291.0 0.0 -1.0 -1.0 -1.0 0.0 0.325645471684119 0.3026359180011509 0.3717186103147302
9 292.0 0.0 -1.0 -1.0 -1.0 0.0 0.3321828216259206 0.32021407468617724 0.3476031036879024
9 293.0 0.0 -1.0 -1.0 -1.0 0.0 0.3232500093154438 0.3267088777683175 0.3500411129162386
9 294.0 0.0 -1.0 -1.0 -1.0 0.0 0.3458960960807847 0.3025051257539061 0.35159877816530916
9 295.0 0.0 -1.0 -1.0 -1.0 0.0 0.3509200727976578 0.291672589116422 0.35740733808592035
9 296.0 0.0 -1.0 -1.0 -1.0 0.0 0.36363581619038193 0.2919583479574274 0.34440583585219064
9 297.0 0.0 -1.0 -1.0 -1.0 0.0 0.332005758686697 0.32423896391463375 0.3437552773986692
9 298.0 0.0 -1.0 -1.0 -1.0 0.0 0.3279886026115453 0.3491341085402062 0.32287728884824846
9 299.0 0.0 -1.0 -1.0 -1.0 0.0 0.33640476680388937 0.3329694931768056 0.3306257400193053
9 300.0 0.0 -1.0 -1.0 -1.0 0.0 0.3313540699862627 0.32738052277434193 0.3412654072393954
9 301.0 0.0 -1.0 -1.0 -1.0 0.0 0.3332079727687982 0.31424140057736755 0.3525506266538339
9 302.0 0.0 -1.0 -1.0 -1.0 0.0 0.34245949596261993 0.3224672859349578 0.3350732181024222
9 303.0 0.0 -1.0 -1.0 -1.0 0.0 0.33262045350123826 0.3099355549394291 0.3574439915593328
9 304.0 0.0 -1.0 -1.0 -1.0 0.0 0.33967894671242155 0.3034192827998653 0.3569017704877134
9 305.0 0.0 -1.0 -1.0 -1.0 0.0 0.3351957303073691 0.32415678510461604 0.3406474845880148
9 306.0 0.0 -1.0 -1.0 -1.0 0.0 0.3432194352070594 0.3044084119369003 0.3523721528560403
9 307.0 0.0 -1.0 -1.0 -1.0 0.0 0.32127780965114583 0.32751616115390286 0.3512060291949515
9 308.0 0.0 -1.0 -1.0 -1.0 0.0 0.318894122103311 0.36291095363742576 0.3181949242592634
9 309.0 0.0 -1.0 -1.0 -1.0 0.0 0.3517546735342958 0.30930238597381954 0.33894294049188445
9 310.0 0.0 -1.0 -1.0 -1.0 0.0 0.352282991804032 0.3067992710674723 0.3409177371284957
9 311.0 0.0 -1.0 -1.0 -1.0 0.0 0.35691480550087595 0.31642928925936104 0.3266559052397629
9 312.0 0.0 -1.0 -1.0 -1.0 0.0 0.3204871320846554 0.3353985166594314 0.3441143512559131
9 313.0 0.0 -1.0 -1.0 -1.0 0.0 0.2975304228573691 0.37496585974052665 0.3275037174021039
9 314.0 0.0 -1.0 -1.0 -1.0 0.0 0.30828795531634134 0.38554046819746884 0.3061715764861899
9 315.0 0.0 -1.0 -1.0 -1.0 0.0 0.30223799370908816 0.3813266415828522 0.3164353647080596
9 316.0 0.0 -1.0 -1.0 -1.0 0.0 0.28652024182346647 0.38872801655651223 0.32475174162002096
9 317.0 0.0 -1.0 -1.0 -1.0 0.0 0.3000464706177322 0.3780722624377393 0.32188126694452845
9 318.0 0.0 -1.0 -1.0 -1.0 0.0 0.31561042730423117 0.3609809738103993 0.3234085988853694
9 319.0 0.0 -1.0 -1.0 -1.0 0.0 0.30857867294621755 0.3624674198740558 0.3289539071797267
9 320.0 0.0 -1.0 -1.0 -1.0 0.0 0.3393193622493322 0.3355135615301824 0.325167076220485
9 321.0 0.0 -1.0 -1.0 -1.0 0.0 0.3482920284310842 0.3024887244124547 0.3492192471564613
9 322.0 0.0 -1.0 -1.0 -1.0 0.0 0.3360532541294648 0.31511263004579854 0.3488341158247367
9 323.0 0.0 -1.0 -1.0 -1.0 0.0 0.3256929352797458 0.3147612869340452 0.3595457777862089
9 324.0 0.0 -1.0 -1.0 -1.0 0.0 0.328086777628404 0.3498067313256103 0.3221064910459853
9 325.0 0.0 -1.0 -1.0 -1.0 0.0 0.341158283863833 0.34496415776216627 0.31387755837400083
9 326.0 0.0 -1.0 -1.0 -1.0 0.0 0.3570799367559949 0.3359066067340143 0.3070134565099907
9 327.0 0.0 -1.0 -1.0 -1.0 0.0 0.35092469192263853 0.3405447274426988 0.30853058063466277
9 328.0 0.0 -1.0 -1.0 -1.0 0.0 0.34121797167245815 0.33584475988186313 0.32293726844567877
9 329.0 0.0 -1.0 -1.0 -1.0 0.0 0.3458981175630826 0.3233223249649589 0.33077955747195864
9 330.0 0.0 -1.0 -1.0 -1.0 0.0 0.3064054397000978 0.34319547735360767 0.35039908294629446
9 331.0 0.0 -1.0 -1.0 -1.0 0.0 0.31140803625753505 0.3442501100211344 0.3443418537213306
9 332.0 0.0 -1.0 -1.0 -1.0 0.0 0.32654341951096333 0.34160148625488257 0.33185509423415427
9 333.0 0.0 -1.0 -1.0 -1.0 0.0 0.34472519774309984 0.31427734498957205 0.3409974572673282
9 334.0 0.0 -1.0 -1.0 -1.0 0.0 0.352878358385672 0.3108856752494767 0.33623596636485137
9 335.0 0.0 -1.0 -1.0 -1.0 0.0 0.33280253475659405 0.3225153731075238 0.34468209213588225
9 336.0 0.0 -1.0 -1.0 -1.0 0.0 0.3401987858952586 0.3196184290215118 0.3401827850832296
9 337.0 0.0 -1.0 -1.0 -1.0 0.0 0.3249055603240484 0.32925814802054487 0.3458362916554068
9 338.0 0.0 -1.0 -1.0 -1.0 0.0 0.31928282426881666 0.3256911933011522 0.35502598243003114
9 339.0 0.0 -1.0 -1.0 -1.0 0.0 0.3470764360150016 0.31316335264695955 0.3397602113380387
9 340.0 0.0 -1.0 -1.0 -1.0 0.0 0.3256041993081352 0.3406571362867663 0.33373866440509836
9 341.0 0.0 -1.0 -1.0 -1.0 0.0 0.3521945328996812 0.3108946014134261 0.33691086568689277
9 342.0 0.0 -1.0 -1.0 -1.0 0.0 0.3517375561890135 0.30894196243735184 0.3393204813736345
9 343.0 0.0 -1.0 -1.0 -1.0 0.0 0.34850160527121005 0.3277798832072903 0.32371851152149955
9 344.0 0.0 -1.0 -1.0 -1.0 0.0 0.32431003739323105 0.3251488573091471 0.3505411052976216
9 345.0 0.0 -1.0 -1.0 -1.0 0.0 0.3284868445220655 0.3222205401884073 0.34929261528952726
9 346.0 0.0 -1.0 -1.0 -1.0 0.0 0.3267449098991574 0.34442765651740215 0.3288274335834405
9 347.0 0.0 -1.0 -1.0 -1.0 0.0 0.32830211156305994 0.34694187205925026 0.32475601637768997
9 348.0 0.0 -1.0 -1.0 -1.0 0.0 0.3453128346920051 0.34519957558862374 0.30948758971937124
9 349.0 0.0 -1.0 -1.0 -1.0 0.0 0.350022509442852 0.3302855074137127 0.31969198314343544
9 350.0 0.0 -1.0 -1.0 -1.0 0.0 0.34172128635284155 0.3331429594014795 0.3251357542456787
9 351.0 0.0 -1.0 -1.0 -1.0 0.0 0.33389250598757875 0.34656625456636553 0.3195412394460554
9 352.0 0.0 -1.0 -1.0 -1.0 0.0 0.3585125413103196 0.3307816003744344 0.310705858315246
9 353.0 0.0 -1.0 -1.0 -1.0 0.0 0.3379311430705556 0.3570550645685837 0.3050137923608606
9 354.0 0.0 -1.0 -1.0 -1.0 0.0 0.3349435847935018 0.3413202530637251 0.32373616214277345
9 355.0 0.0 -1.0 -1.0 -1.0 0.0 0.3210375856241599 0.330548691471623 0.3484137229042172
9 356.0 0.0 -1.0 -1.0 -1.0 0.0 0.3276990897628698 0.3520814841191944 0.32021942611793597
9 357.0 0.0 -1.0 -1.0 -1.0 0.0 0.3241932810774765 0.37546494727346597 0.30034177164905757
9 358.0 0.0 -1.0 -1.0 -1.0 0.0 0.3224312304728086 0.3688750961957391 0.30869367333145237
9 359.0 0.0 -1.0 -1.0 -1.0 0.0 0.33279791579116813 0.3476200351006758 0.3195820491081561
9 360.0 0.0 -1.0 -1.0 -1.0 0.0 0.34282176097916567 0.34730415113037727 0.309874087890457
9 361.0 0.0 -1.0 -1.0 -1.0 0.0 0.33784320533940887 0.3645530941551545 0.2976037005054367
9 362.0 0.0 -1.0 -1.0 -1.0 0.0 0.3669555027207986 0.33714393072626386 0.2959005665529376
9 363.0 0.0 -1.0 -1.0 -1.0 0.0 0.3758486587560754 0.3447345265210038 0.27941681472292057
9 364.0 0.0 -1.0 -1.0 -1.0 0.0 0.3809379915036349 0.3595954405029162 0.2594665679934492
9 365.0 0.0 -1.0 -1.0 -1.0 0.0 0.40614704538828816 0.33375525947883616 0.2600976951328755
9 366.0 0.0 -1.0 -1.0 -1.0 0.0 0.38004809591110716 0.35310724135109345 0.26684466273779966
9 367.0 0.0 -1.0 -1.0 -1.0 0.0 0.3557050327589854 0.3652987696288117 0.2789961976122027
9 368.0 0.0 -1.0 -1.0 -1.0 0.0 0.3766027231261294 0.33212025567633086 0.29127702119753973
9 369.0 0.0 -1.0 -1.0 -1.0 0.0 0.3513519300399125 0.3229437377797624 0.32570433218032524
9 370.0 0.0 -1.0 -1.0 -1.0 0.0 0.3684166136906913 0.3077279712494738 0.32385541505983484
9 371.0 0.0 -1.0 -1.0 -1.0 0.0 0.36418387595351304 0.32846148389051344 0.3073546401559738
9 372.0 0.0 -1.0 -1.0 -1.0 0.0 0.38353139956869514 0.31102853823829296 0.3054400621930119
9 373.0 0.0 -1.0 -1.0 -1.0 0.0 0.37562949751169256 0.32255203924040693 0.30181846324790046
9 374.0 0.0 -1.0 -1.0 -1.0 0.0 0.3530583315516327 0.3422588424237202 0.304682826024647
9 375.0 0.0 -1.0 -1.0 -1.0 0.0 0.3573281715390512 0.338297241899225 0.3043745865617238
9 376.0 0.0 -1.0 -1.0 -1.0 0.0 0.3510500151394544 0.3268927815935475 0.3220572032669979
9 377.0 0.0 -1.0 -1.0 -1.0 0.0 0.37535126254319634 0.3044108275237976 0.3202379099330059
9 378.0 0.0 -1.0 -1.0 -1.0 0.0 0.3760331724953913 0.3114894394755527 0.31247738802905617
9 379.0 0.0 -1.0 -1.0 -1.0 0.0 0.3902791389546113 0.31498525041045133 0.2947356106349373
9 380.0 0.0 -1.0 -1.0 -1.0 0.0 0.3892676715093763 0.311646440949697 0.2990858875409268
9 381.0 0.0 -1.0 -1.0 -1.0 0.0 0.3741983119724475 0.32577603308092357 0.300025654946629
9 382.0 0.0 -1.0 -1.0 -1.0 0.0 0.3330253175275817 0.33460183872448057 0.33237284374793785
9 383.0 0.0 -1.0 -1.0 -1.0 0.0 0.3100162624109419 0.36913759128792323 0.32084614630113484
9 384.0 0.0 -1.0 -1.0 -1.0 0.0 0.294170724707926 0.3371924697674728 0.36863680552460115
9 385.0 0.0 -1.0 -1.0 -1.0 0.0 0.3109748493291721 0.31924957386097585 0.3697755768098519
9 386.0 0.0 -1.0 -1.0 -1.0 0.0 0.30867519373343416 0.3184886999048466 0.37283610636171927
9 387.0 0.0 -1.0 -1.0 -1.0 0.0 0.32163192757292186 0.3001845335680696 0.3781835388590086
9 388.0 0.0 -1.0 -1.0 -1.0 0.0 0.32917937997181185 0.2908802127161198 0.3799404073120686
9 389.0 0.0 -1.0 -1.0 -1.0 0.0 0.3526145108587558 0.2952414790960901 0.3521440100451542
9 390.0 0.0 -1.0 -1.0 -1.0 0.0 0.3388929463878514 0.3043435642951895 0.356763489316959
9 391.0 0.0 -1.0 -1.0 -1.0 0.0 0.35340604873203363 0.3108823280480837 0.3357116232198827
9 392.0 0.0 -1.0 -1.0 -1.0 0.0 0.3235666777398823 0.3182455787674301 0.3581877434926877
9 393.0 0.0 -1.0 -1.0 -1.0 0.0 0.3320433154890125 0.3029921371395425 0.364964547371445
9 394.0 0.0 -1.0 -1.0 -1.0 0.0 0.33959355490587667 0.2718473392636161 0.388559105830507
9 395.0 0.0 -1.0 -1.0 -1.0 0.0 0.35334377348484053 0.2915430586727516 0.3551131678424078
9 396.0 0.0 -1.0 -1.0 -1.0 0.0 0.33596895185107006 0.30386329537543444 0.36016775277349544
9 397.0 0.0 -1.0 -1.0 -1.0 0.0 0.31704962161872435 0.32350594677557076 0.35944443160570505
9 398.0 0.0 -1.0 -1.0 -1.0 0.0 0.3409911502018255 0.32365206091330834 0.33535678888486614
9 399.0 0.0 -1.0 -1.0 -1.0 0.0 0.29834701195385976 0.37301377151647097 0.3286392165296694
9 400.0 0.0 -1.0 -1.0 -1.0 0.0 0.3467339900207027 0.35564559617215374 0.29762041380714377
9 401.0 0.0 -1.0 -1.0 -1.0 0.0 0.31920282775184106 0.36630496227698345 0.3144922099711756
9 402.0 0.0 -1.0 -1.0 -1.0 0.0 0.3244641758388662 0.3231747665300084 0.35236105763112535
9 403.0 0.0 -1.0 -1.0 -1.0 0.0 0.3263612201652631 0.3073525322390124 0.3662862475957246
9 404.0 0.0 -1.0 -1.0 -1.0 0.0 0.33170677967602963 0.3088700148220919 0.35942320550187845
9 405.0 0.0 -1.0 -1.0 -1.0 0.0 0.3221035196968702 0.30359325735144166 0.37430322295168794
9 406.0 0.0 -1.0 -1.0 -1.0 0.0 0.3088135380807991 0.2921391893698942 0.3990472725493067
9 407.0 0.0 -1.0 -1.0 -1.0 0.0 0.2832837227069418 0.30477083227056573 0.4119454450224926
9 408.0 0.0 -1.0 -1.0 -1.0 0.0 0.304355314358623 0.28355258606573414 0.4120920995756432
9 409.0 0.0 -1.0 -1.0 -1.0 0.0 0.31393108539367803 0.29903315047469536 0.38703576413162644
9 410.0 0.0 -1.0 -1.0 -1.0 0.0 0.30329745447767825 0.3135965876308789 0.38310595789144314
9 411.0 0.0 -1.0 -1.0 -1.0 0.0 0.30112298850069025 0.31122844691988766 0.38764856457942215
9 412.0 0.0 -1.0 -1.0 -1.0 0.0 0.3135762823688685 0.3268164859068602 0.3596072317242713
9 413.0 0.0 -1.0 -1.0 -1.0 0.0 0.28808455359342044 0.3415837483343597 0.37033169807221994
9 414.0 0.0 -1.0 -1.0 -1.0 0.0 0.28333191772059907 0.34875050300010796 0.3679175792792932
9 415.0 0.0 -1.0 -1.0 -1.0 0.0 0.31189670671890535 0.33574244733171954 0.3523608459493754
9 416.0 0.0 -1.0 -1.0 -1.0 0.0 0.3115290224869241 0.3317671562989555 0.3567038212141205
9 417.0 0.0 -1.0 -1.0 -1.0 0.0 0.34171885014966746 0.32172344950114706 0.3365577003491854
9 418.0 0.0 -1.0 -1.0 -1.0 0.0 0.32779173425169794 0.3616148986010595 0.31059336714724267
9 419.0 0.0 -1.0 -1.0 -1.0 0.0 0.29885316595261635 0.3684898883935835 0.33265694565380016
9 420.0 0.0 -1.0 -1.0 -1.0 0.0 0.284060037967213 0.37184808928468 0.344091872748107
9 421.0 0.0 -1.0 -1.0 -1.0 0.0 0.30380911150115597 0.33329935101072394 0.3628915374881205
9 422.0 0.0 -1.0 -1.0 -1.0 0.0 0.278317430287566 0.3398780931750815 0.38180447653735233
9 423.0 0.0 -1.0 -1.0 -1.0 0.0 0.27715279546775273 0.3761285294583842 0.3467186750738631
9 424.0 0.0 -1.0 -1.0 -1.0 0.0 0.2689763025370263 0.39684021129032226 0.3341834861726515
9 425.0 0.0 -1.0 -1.0 -1.0 0.0 0.3110984002007977 0.3438796774280406 0.34502192237116186
9 426.0 0.0 -1.0 -1.0 -1.0 0.0 0.33792039786198785 0.3307673464458182 0.3313122556921939
9 427.0 0.0 -1.0 -1.0 -1.0 0.0 0.3308136163190213 0.34035825681014237 0.3288281268708364
9 428.0 0.0 -1.0 -1.0 -1.0 0.0 0.3239687379834144 0.3501161567049791 0.32591510531160656
9 429.0 0.0 -1.0 -1.0 -1.0 0.0 0.31769550243916184 0.3433050503225021 0.33899944723833597
9 430.0 0.0 -1.0 -1.0 -1.0 0.0 0.3227061210378486 0.33859867818355033 0.33869520077860066
9 431.0 0.0 -1.0 -1.0 -1.0 0.0 0.33146525375090446 0.33813188923315046 0.33040285701594496
9 432.0 0.0 -1.0 -1.0 -1.0 0.0 0.31425730809986274 0.31486085077261977 0.37088184112751726
9 433.0 0.0 -1.0 -1.0 -1.0 0.0 0.32122618743249015 0.3139154064093576 0.36485840615815235
9 434.0 0.0 -1.0 -1.0 -1.0 0.0 0.3099144123171652 0.3012622254280662 0.3888233622547686
9 435.0 0.0 -1.0 -1.0 -1.0 0.0 0.32854945211547687 0.31111017699006976 0.3603403708944534
9 436.0 0.0 -1.0 -1.0 -1.0 0.0 0.35086341817868366 0.279582950950346 0.3695536308709705
9 437.0 0.0 -1.0 -1.0 -1.0 0.0 0.34153456241261926 0.33821291414766236 0.32025252343971844
9 438.0 0.0 -1.0 -1.0 -1.0 0.0 0.3202344201487683 0.3314732202666553 0.3482923595845762
9 439.0 0.0 -1.0 -1.0 -1.0 0.0 0.33211330932270267 0.33936829786217954 0.32851839281511774
9 440.0 0.0 -1.0 -1.0 -1.0 0.0 0.31860577560791203 0.3513734111074418 0.33002081328464633
9 441.0 0.0 -1.0 -1.0 -1.0 0.0 0.3006936679264529 0.37711615896546186 0.3221901731080851
9 442.0 0.0 -1.0 -1.0 -1.0 0.0 0.3112829059481771 0.36386958249374296 0.3248475115580799
9 443.0 0.0 -1.0 -1.0 -1.0 0.0 0.3066868645691799 0.33971928492118164 0.3535938505096383
9 444.0 0.0 -1.0 -1.0 -1.0 0.0 0.3068034147343353 0.3314065507743558 0.3617900344913088
9 445.0 0.0 -1.0 -1.0 -1.0 0.0 0.30976437492458314 0.32857005885106616 0.36166556622435103
9 446.0 0.0 -1.0 -1.0 -1.0 0.0 0.31823641154450333 0.34357944105441746 0.338184147401079
9 447.0 0.0 -1.0 -1.0 -1.0 0.0 0.3213943391275912 0.35935617538297604 0.31924948548943266
9 448.0 0.0 -1.0 -1.0 -1.0 0.0 0.3284886724669827 0.33642981095964264 0.33508151657337476
9 449.0 0.0 -1.0 -1.0 -1.0 0.0 0.35274944469302005 0.32980442205016663 0.3174461332568134
9 450.0 0.0 -1.0 -1.0 -1.0 0.0 0.3403195192454243 0.3412884462855217 0.31839203446905406
9 451.0 0.0 -1.0 -1.0 -1.0 0.0 0.32461810638261446 0.358028492697797 0.3173534009195885
9 452.0 0.0 -1.0 -1.0 -1.0 0.0 0.3240876183771013 0.3758524939669814 0.30005988765591757
9 453.0 0.0 -1.0 -1.0 -1.0 0.0 0.32067274549476893 0.3826163456063002 0.29671090889893115
9 454.0 0.0 -1.0 -1.0 -1.0 0.0 0.34649436857621757 0.36140639513202816 0.29209923629175416
9 455.0 0.0 -1.0 -1.0 -1.0 0.0 0.33288326367031695 0.35392677622454166 0.3131899601051413
9 456.0 0.0 -1.0 -1.0 -1.0 0.0 0.335010574981926 0.35359004906705943 0.3113993759510148
9 457.0 0.0 -1.0 -1.0 -1.0 0.0 0.3171050696590093 0.36115810893941896 0.32173682140157167
9 458.0 0.0 -1.0 -1.0 -1.0 0.0 0.2827624672509905 0.3832607743941781 0.33397675835483126
9 459.0 0.0 -1.0 -1.0 -1.0 0.0 0.2695284317588842 0.403719709723661 0.3267518585174548
9 460.0 0.0 -1.0 -1.0 -1.0 0.0 0.2806562391329353 0.38709838866994917 0.3322453721971158
9 461.0 0.0 -1.0 -1.0 -1.0 0.0 0.2779116774040558 0.40963620614559504 0.31245211645034904
9 462.0 0.0 -1.0 -1.0 -1.0 0.0 0.2926093429274019 0.3977921019105474 0.30959855516205065
9 463.0 0.0 -1.0 -1.0 -1.0 0.0 0.31267179233333836 0.3473256008334187 0.34000260683324257
9 464.0 0.0 -1.0 -1.0 -1.0 0.0 0.31987394727858826 0.3440358640798 0.3360901886416115
9 465.0 0.0 -1.0 -1.0 -1.0 0.0 0.32397793691795856 0.35571938039368173 0.3203026826883595
9 466.0 0.0 -1.0 -1.0 -1.0 0.0 0.3095381887566262 0.37099519270895925 0.3194666185344144
9 467.0 0.0 -1.0 -1.0 -1.0 0.0 0.31648188492240864 0.3542523905898846 0.32926572448770686
9 468.0 0.0 -1.0 -1.0 -1.0 0.0 0.33184847530786526 0.33909663490571035 0.3290548897864245
9 469.0 0.0 -1.0 -1.0 -1.0 0.0 0.3284669968029536 0.315865394286405 0.35566760891064136
9 470.0 0.0 -1.0 -1.0 -1.0 0.0 0.32758187758831125 0.3102686196834884 0.3621495027282001
9 471.0 0.0 -1.0 -1.0 -1.0 0.0 0.3393977355649572 0.28599784398316347 0.3746044204518793
9 472.0 0.0 -1.0 -1.0 -1.0 0.0 0.3285148559117195 0.32198298392525104 0.3495021601630293
9 473.0 0.0 -1.0 -1.0 -1.0 0.0 0.3341513395892362 0.3139198882733052 0.3519287721374586
9 474.0 0.0 -1.0 -1.0 -1.0 0.0 0.33178947232497186 0.3374728525685126 0.33073767510651547
9 475.0 0.0 -1.0 -1.0 -1.0 0.0 0.33739724946118593 0.3193771675227879 0.3432255830160264
9 476.0 0.0 -1.0 -1.0 -1.0 0.0 0.3160108471901433 0.3236822969327387 0.36030685587711836
9 477.0 0.0 -1.0 -1.0 -1.0 0.0 0.3360027723095743 0.30131881748892014 0.3626784102015055
9 478.0 0.0 -1.0 -1.0 -1.0 0.0 0.35056180357966726 0.29607982592810744 0.35335837049222524
9 479.0 0.0 -1.0 -1.0 -1.0 0.0 0.3547855133257533 0.28067987542555245 0.36453461124869413
9 480.0 0.0 -1.0 -1.0 -1.0 0.0 0.3362876585554522 0.3231954924675199 0.34051684897702783
9 481.0 0.0 -1.0 -1.0 -1.0 0.0 0.3408604849103058 0.341935201800493 0.31720431328920107
9 482.0 0.0 -1.0 -1.0 -1.0 0.0 0.3469696220748132 0.33486518516219876 0.31816519276298794
9 483.0 0.0 -1.0 -1.0 -1.0 0.0 0.3442150065115278 0.32259139087972594 0.33319360260874653
9 484.0 0.0 -1.0 -1.0 -1.0 0.0 0.34006143898437435 0.32209788612823376 0.3378406748873919
9 485.0 0.0 -1.0 -1.0 -1.0 0.0 0.334612228296026 0.33795593550984193 0.327431836194132
9 486.0 0.0 -1.0 -1.0 -1.0 0.0 0.3282489594040295 0.337810010543012 0.3339410300529586
9 487.0 0.0 -1.0 -1.0 -1.0 0.0 0.3402632945221047 0.3488654570253394 0.31087124845255604
9 488.0 0.0 -1.0 -1.0 -1.0 0.0 0.3335689286726245 0.3480459627823438 0.31838510854503177
9 489.0 0.0 -1.0 -1.0 -1.0 0.0 0.33753064028687463 0.3400997085329774 0.3223696511801481
9 490.0 0.0 -1.0 -1.0 -1.0 0.0 0.3429085606775313 0.3415558527698744 0.3155355865525944
9 491.0 0.0 -1.0 -1.0 -1.0 0.0 0.35008768576820026 0.3295417157925599 0.3203705984392398
9 492.0 0.0 -1.0 -1.0 -1.0 0.0 0.3351885924072333 0.3555045929008696 0.3093068146918971
9 493.0 0.0 -1.0 -1.0 -1.0 0.0 0.3620974493080851 0.3231617612232172 0.3147407894686977
9 494.0 0.0 -1.0 -1.0 -1.0 0.0 0.34686630492651355 0.31569554499090047 0.33743815008258615
9 495.0 0.0 -1.0 -1.0 -1.0 0.0 0.354406415423589 0.2959596583484978 0.3496339262279131
9 496.0 0.0 -1.0 -1.0 -1.0 0.0 0.3138352758894484 0.30176786984737136 0.38439685426318027
9 497.0 0.0 -1.0 -1.0 -1.0 0.0 0.31936682771883984 0.3151098151192632 0.3655233571618968
9 498.0 0.0 -1.0 -1.0 -1.0 0.0 0.3175300493162375 0.3217436645833904 0.3607262861003722
9 499.0 0.0 -1.0 -1.0 -1.0 0.0 0.3125850516852061 0.3124086068927296 0.37500634142206446
9 500.0 0.0 -1.0 -1.0 -1.0 0.0 0.3357215813178028 0.2907030846648038 0.37357533401739323
9 501.0 0.0 -1.0 -1.0 -1.0 0.0 0.3192944717640394 0.3021978595351934 0.37850766870076696
9 502.0 0.0 -1.0 -1.0 -1.0 0.0 0.32074790448822865 0.3004951490561997 0.3787569464555717
9 503.0 0.0 -1.0 -1.0 -1.0 0.0 0.3107834307670048 0.32656306931111073 0.36265349992188445
9 504.0 0.0 -1.0 -1.0 -1.0 0.0 0.29685981400087547 0.3172448632619753 0.3858953227371492
9 505.0 0.0 -1.0 -1.0 -1.0 0.0 0.30098572011748836 0.30906206469717445 0.38995221518533735
9 506.0 0.0 -1.0 -1.0 -1.0 0.0 0.2972266679827546 0.3645471670541422 0.33822616496310315
9 507.0 0.0 -1.0 -1.0 -1.0 0.0 0.2982917503593059 0.3576267239680663 0.34408152567262795
9 508.0 0.0 -1.0 -1.0 -1.0 0.0 0.3379575181149047 0.3324480154598293 0.3295944664252661
9 509.0 0.0 -1.0 -1.0 -1.0 0.0 0.3230661413946021 0.3419378253268554 0.33499603327854266
9 510.0 0.0 -1.0 -1.0 -1.0 0.0 0.3593535345497743 0.31174671676734744 0.328899748682878
9 511.0 0.0 -1.0 -1.0 -1.0 0.0 0.33960371252627974 0.31766413862414244 0.342732148849578
9 512.0 0.0 -1.0 -1.0 -1.0 0.0 0.32858061684011686 0.32270636936483 0.348713013795053
9 513.0 0.0 -1.0 -1.0 -1.0 0.0 0.3431474095304354 0.3300438392036034 0.32680875126596115
9 514.0 0.0 -1.0 -1.0 -1.0 0.0 0.3432416129553941 0.31361760617105255 0.3431407808735532
9 515.0 0.0 -1.0 -1.0 -1.0 0.0 0.319939007276841 0.3440953208998224 0.33596567182333703
9 516.0 0.0 -1.0 -1.0 -1.0 0.0 0.3237755140487688 0.3476739224496217 0.3285505635016097
9 517.0 0.0 -1.0 -1.0 -1.0 0.0 0.27198189315676025 0.3574000709543611 0.37061803588887876
9 518.0 0.0 -1.0 -1.0 -1.0 0.0 0.28999825192363826 0.37819104235688167 0.33181070571947996
9 519.0 0.0 -1.0 -1.0 -1.0 0.0 0.3246568430040121 0.33838015921220427 0.3369629977837836
9 520.0 0.0 -1.0 -1.0 -1.0 0.0 0.3369946568936086 0.31670720945758574 0.34629813364880585
9 521.0 0.0 -1.0 -1.0 -1.0 0.0 0.33982189638352045 0.3258631119734012 0.3343149916430784
9 522.0 0.0 -1.0 -1.0 -1.0 0.0 0.3672527152013916 0.302993902625273 0.3297533821733351
9 523.0 0.0 -1.0 -1.0 -1.0 0.0 0.3616283063347038 0.33429307799324876 0.3040786156720475
9 524.0 0.0 -1.0 -1.0 -1.0 0.0 0.3516692903423395 0.3298971436754139 0.31843356598224654
9 525.0 0.0 -1.0 -1.0 -1.0 0.0 0.3396659477394037 0.31526631844625125 0.3450677338143451
9 526.0 0.0 -1.0 -1.0 -1.0 0.0 0.3307732037613866 0.30899832877087774 0.36022846746773596
9 527.0 0.0 -1.0 -1.0 -1.0 0.0 0.3728736714900259 0.2846640367974116 0.34246229171256254
9 528.0 0.0 -1.0 -1.0 -1.0 0.0 0.3549748977500374 0.31137856638818134 0.33364653586178133
9 529.0 0.0 -1.0 -1.0 -1.0 0.0 0.3551969352246644 0.3374837222909779 0.3073193424843577
9 530.0 0.0 -1.0 -1.0 -1.0 0.0 0.3395725681140533 0.33348303781660243 0.3269443940693438
9 531.0 0.0 -1.0 -1.0 -1.0 0.0 0.3144183747241183 0.3477703805924218 0.33781124468345963
9 532.0 0.0 -1.0 -1.0 -1.0 0.0 0.3261125826327991 0.3199606989387042 0.35392671842849643
9 533.0 0.0 -1.0 -1.0 -1.0 0.0 0.33846899560432897 0.31140949086232794 0.3501215135333433
9 534.0 0.0 -1.0 -1.0 -1.0 0.0 0.34779106330870746 0.35733187822549445 0.29487705846579804
9 535.0 0.0 -1.0 -1.0 -1.0 0.0 0.331494941298754 0.3655765452260745 0.3029285134751716
9 536.0 0.0 -1.0 -1.0 -1.0 0.0 0.3593562614842554 0.33982103098930466 0.3008227075264401
9 537.0 0.0 -1.0 -1.0 -1.0 0.0 0.34935988394094203 0.35058196871565855 0.3000581473433993
9 538.0 0.0 -1.0 -1.0 -1.0 0.0 0.3376006931788084 0.3355071942775665 0.3268921125436252
9 539.0 0.0 -1.0 -1.0 -1.0 0.0 0.3409672142936209 0.33026729386622555 0.3287654918401538
9 540.0 0.0 -1.0 -1.0 -1.0 0.0 0.33477846685917406 0.3343002172145562 0.3309213159262697
9 541.0 0.0 -1.0 -1.0 -1.0 0.0 0.3494016198323213 0.3218329601176474 0.32876542005003123
9 542.0 0.0 -1.0 -1.0 -1.0 0.0 0.34641054914073116 0.3181513662932687 0.3354380845660003
9 543.0 0.0 -1.0 -1.0 -1.0 0.0 0.34944054520733203 0.313837296215406 0.336722158577262
9 544.0 0.0 -1.0 -1.0 -1.0 0.0 0.36804497684710746 0.3017766169153123 0.3301784062375806
9 545.0 0.0 -1.0 -1.0 -1.0 0.0 0.3782300838353352 0.29979728880941364 0.32197262735525106
9 546.0 0.0 -1.0 -1.0 -1.0 0.0 0.38781869749682685 0.3007201116001396 0.3114611909030335
9 547.0 0.0 -1.0 -1.0 -1.0 0.0 0.3854211934754073 0.30173319710283947 0.31284560942175316
9 548.0 0.0 -1.0 -1.0 -1.0 0.0 0.39527035390419585 0.28157146084848467 0.32315818524731954
9 549.0 0.0 -1.0 -1.0 -1.0 0.0 0.3703498707093306 0.3028501727749174 0.326799956515752
9 550.0 0.0 -1.0 -1.0 -1.0 0.0 0.3601396753813464 0.3043554984784007 0.3355048261402529
9 551.0 0.0 -1.0 -1.0 -1.0 0.0 0.3401796877654511 0.3062215661821708 0.353598746052378
9 552.0 0.0 -1.0 -1.0 -1.0 0.0 0.336543045252983 0.3143219356988665 0.3491350190481504
9 553.0 0.0 -1.0 -1.0 -1.0 0.0 0.3514044709671036 0.31609574351013786 0.3324997855227588
9 554.0 0.0 -1.0 -1.0 -1.0 0.0 0.347127952400173 0.3080198207137885 0.34485222688603867
9 555.0 0.0 -1.0 -1.0 -1.0 0.0 0.3399155414754587 0.32108049286984197 0.33900396565469904
9 556.0 0.0 -1.0 -1.0 -1.0 0.0 0.34457056132261826 0.3493533026625208 0.3060761360148611
9 557.0 0.0 -1.0 -1.0 -1.0 0.0 0.34687214445351766 0.3259482423398166 0.32717961320666566
9 558.0 0.0 -1.0 -1.0 -1.0 0.0 0.3668926823481896 0.3225937048511332 0.3105136128006772
9 559.0 0.0 -1.0 -1.0 -1.0 0.0 0.36519775807020083 0.33433646871290823 0.30046577321689083
9 560.0 0.0 -1.0 -1.0 -1.0 0.0 0.360965441693426 0.33868050480460105 0.3003540535019728
9 561.0 0.0 -1.0 -1.0 -1.0 0.0 0.3354747313472581 0.35740270252011186 0.30712256613263
9 562.0 0.0 -1.0 -1.0 -1.0 0.0 0.33832858364302854 0.3326026446566729 0.3290687717002988
9 563.0 0.0 -1.0 -1.0 -1.0 0.0 0.35735725199675306 0.33743312025061684 0.30520962775263
9 564.0 0.0 -1.0 -1.0 -1.0 0.0 0.36922753306758976 0.31870716208592226 0.31206530484648803
9 565.0 0.0 -1.0 -1.0 -1.0 0.0 0.3638806727122566 0.3131328651401322 0.32298646214761123
9 566.0 0.0 -1.0 -1.0 -1.0 0.0 0.32684974358273855 0.31999576746631303 0.35315448895094825
9 567.0 0.0 -1.0 -1.0 -1.0 0.0 0.35089152918187194 0.30913087405663237 0.33997759676149547
9 568.0 0.0 -1.0 -1.0 -1.0 0.0 0.35092593570242137 0.3114356769123111 0.33763838738526736
9 569.0 0.0 -1.0 -1.0 -1.0 0.0 0.3593068832892218 0.3092571127610229 0.33143600394975514
9 570.0 0.0 -1.0 -1.0 -1.0 0.0 0.34231011622257446 0.3067368243588357 0.35095305941858973
9 571.0 0.0 -1.0 -1.0 -1.0 0.0 0.3634327903198454 0.2865534678964501 0.3500137417837042
9 572.0 0.0 -1.0 -1.0 -1.0 0.0 0.3549590543985349 0.2960828203086039 0.3489581252928613
9 573.0 0.0 -1.0 -1.0 -1.0 0.0 0.34839417317051313 0.3196881116517169 0.3319177151777701
9 574.0 0.0 -1.0 -1.0 -1.0 0.0 0.3571930727301906 0.33591348097146434 0.30689344629834525
9 575.0 0.0 -1.0 -1.0 -1.0 0.0 0.37081809991018466 0.3398292291814218 0.28935267090839334
9 576.0 0.0 -1.0 -1.0 -1.0 0.0 0.3747947598933071 0.3469149665420916 0.2782902735646013
9 577.0 0.0 -1.0 -1.0 -1.0 0.0 0.34851463743694294 0.3482303225170057 0.30325504004605114
9 578.0 0.0 -1.0 -1.0 -1.0 0.0 0.3691447707848116 0.353360425006569 0.2774948042086194
9 579.0 0.0 -1.0 -1.0 -1.0 0.0 0.3313320472372323 0.36037863352802146 0.3082893192347461
9 580.0 0.0 -1.0 -1.0 -1.0 0.0 0.3127631610281173 0.37392943564408215 0.31330740332780044
9 581.0 0.0 -1.0 -1.0 -1.0 0.0 0.3348367355973833 0.3581614809651699 0.30700178343744683
9 582.0 0.0 -1.0 -1.0 -1.0 0.0 0.3442235088045475 0.3541036003811261 0.30167289081432647
9 583.0 0.0 -1.0 -1.0 -1.0 0.0 0.3266194819469716 0.3369129479992182 0.33646757005381017
9 584.0 0.0 -1.0 -1.0 -1.0 0.0 0.3471259850875491 0.31986824487604537 0.33300577003640564
9 585.0 0.0 -1.0 -1.0 -1.0 0.0 0.3431096865258517 0.3319145306508516 0.32497578282329653
9 586.0 0.0 -1.0 -1.0 -1.0 0.0 0.35125740521513144 0.3076197931859296 0.341122801598939
9 587.0 0.0 -1.0 -1.0 -1.0 0.0 0.3229757790523768 0.309482162591533 0.36754205835608983
9 588.0 0.0 -1.0 -1.0 -1.0 0.0 0.3183007303570339 0.31279638119518993 0.3689028884477761
9 589.0 0.0 -1.0 -1.0 -1.0 0.0 0.3125211801037847 0.3180363703589942 0.369442449537221
9 590.0 0.0 -1.0 -1.0 -1.0 0.0 0.3019064338509814 0.3505193388236257 0.34757422732539284
9 591.0 0.0 -1.0 -1.0 -1.0 0.0 0.30348364016827234 0.3491312229871005 0.3473851368446271
9 592.0 0.0 -1.0 -1.0 -1.0 0.0 0.32621829717075135 0.34807401747406913 0.3257076853551794
9 593.0 0.0 -1.0 -1.0 -1.0 0.0 0.32436095871093706 0.3286466296131812 0.34699241167588196
9 594.0 0.0 -1.0 -1.0 -1.0 0.0 0.3010455133835712 0.3304813603301405 0.3684731262862882
9 595.0 0.0 -1.0 -1.0 -1.0 0.0 0.28941165808198016 0.3392014167144002 0.37138692520361966
9 596.0 0.0 -1.0 -1.0 -1.0 0.0 0.2984909379080873 0.32875077355915167 0.3727582885327609
9 597.0 0.0 -1.0 -1.0 -1.0 0.0 0.3206863788900791 0.34472390693332694 0.33458971417659383
9 598.0 0.0 -1.0 -1.0 -1.0 0.0 0.3045459873338638 0.3471810290020257 0.34827298366411064
9 599.0 0.0 -1.0 -1.0 -1.0 0.0 0.3002077804387232 0.34097413742523613 0.3588180821360407
9 600.0 0.0 -1.0 -1.0 -1.0 0.0 0.2958399792215038 0.33857641616242307 0.36558360461607314
9 601.0 0.0 -1.0 -1.0 -1.0 0.0 0.31246934364680695 0.34328086370727395 0.3442497926459191
9 602.0 0.0 -1.0 -1.0 -1.0 0.0 0.3253491969665554 0.3301137705714358 0.3445370324620089
9 603.0 0.0 -1.0 -1.0 -1.0 0.0 0.3539269725549545 0.31386652912639484 0.3322064983186506
9 604.0 0.0 -1.0 -1.0 -1.0 0.0 0.3618624427298879 0.30010958735157284 0.33802796991853923
9 605.0 0.0 -1.0 -1.0 -1.0 0.0 0.3539864812703165 0.2951627732859894 0.350850745443694
9 606.0 0.0 -1.0 -1.0 -1.0 0.0 0.35302097181542486 0.28264738859972505 0.3643316395848501
9 607.0 0.0 -1.0 -1.0 -1.0 0.0 0.34224022161944 0.2817220554282072 0.37603772295235294
9 608.0 0.0 -1.0 -1.0 -1.0 0.0 0.3300591796474074 0.311860350110867 0.3580804702417255
9 609.0 0.0 -1.0 -1.0 -1.0 0.0 0.3206980732385636 0.3348872068414445 0.34441471991999195
9 610.0 0.0 -1.0 -1.0 -1.0 0.0 0.3051784200189766 0.3369735969115444 0.35784798306947896
9 611.0 0.0 -1.0 -1.0 -1.0 0.0 0.3096644717618933 0.332698444056726 0.35763708418138074
9 612.0 0.0 -1.0 -1.0 -1.0 0.0 0.32768421923505914 0.32838136935678647 0.34393441140815434
9 613.0 0.0 -1.0 -1.0 -1.0 0.0 0.36395264827129425 0.30082900100932863 0.33521835071937744
9 614.0 0.0 -1.0 -1.0 -1.0 0.0 0.35878473382556436 0.3160597646384631 0.3251555015359724
9 615.0 0.0 -1.0 -1.0 -1.0 0.0 0.35853268781400727 0.32409730786837393 0.3173700043176189
9 616.0 0.0 -1.0 -1.0 -1.0 0.0 0.37508749654518697 0.3248459371630056 0.30006656629180734
9 617.0 0.0 -1.0 -1.0 -1.0 0.0 0.3499531842561062 0.3479985327162109 0.3020482830276832
9 618.0 0.0 -1.0 -1.0 -1.0 0.0 0.3422504856967493 0.3436083360149444 0.3141411782883063
9 619.0 0.0 -1.0 -1.0 -1.0 0.0 0.3372689462458166 0.33122626715804804 0.3315047865961352
9 620.0 0.0 -1.0 -1.0 -1.0 0.0 0.37483017184612427 0.3059574506996464 0.3192123774542294
9 621.0 0.0 -1.0 -1.0 -1.0 0.0 0.3746595499208686 0.31014636650776056 0.31519408357137074
9 622.0 0.0 -1.0 -1.0 -1.0 0.0 0.39254093367651477 0.2883050659041779 0.31915400041930725
9 623.0 0.0 -1.0 -1.0 -1.0 0.0 0.4266216742973104 0.26556382575520276 0.30781449994748716
9 624.0 0.0 -1.0 -1.0 -1.0 0.0 0.3920611872435626 0.2843333029241694 0.3236055098322678
9 625.0 0.0 -1.0 -1.0 -1.0 0.0 0.3928780894528447 0.2904976235136806 0.3166242870334748
9 626.0 0.0 -1.0 -1.0 -1.0 0.0 0.4166343045811679 0.3011349456476664 0.28223074977116563
9 627.0 0.0 -1.0 -1.0 -1.0 0.0 0.3681100485946493 0.3339728601227694 0.2979170912825814
9 628.0 0.0 -1.0 -1.0 -1.0 0.0 0.3366689437244992 0.32931383593348074 0.33401722034202
9 629.0 0.0 -1.0 -1.0 -1.0 0.0 0.34852724424614295 0.3081256557300869 0.3433471000237702
9 630.0 0.0 -1.0 -1.0 -1.0 0.0 0.36194821110245 0.29564092778876705 0.34241086110878294
9 631.0 0.0 -1.0 -1.0 -1.0 0.0 0.36591165949675075 0.2948768222644528 0.3392115182387965
9 632.0 0.0 -1.0 -1.0 -1.0 0.0 0.3401099182622439 0.3193176376895552 0.34057244404820103
9 633.0 0.0 -1.0 -1.0 -1.0 0.0 0.33548945896650323 0.3015939755896603 0.36291656544383666
9 634.0 0.0 -1.0 -1.0 -1.0 0.0 0.3392782958115332 0.29178235149812776 0.36893935269033906
9 635.0 0.0 -1.0 -1.0 -1.0 0.0 0.35376781447566413 0.2981135349959668 0.3481186505283691
9 636.0 0.0 -1.0 -1.0 -1.0 0.0 0.3226456465377154 0.3136244439502381 0.36372990951204665
9 637.0 0.0 -1.0 -1.0 -1.0 0.0 0.31433364098064237 0.32988648492136735 0.35577987409799033
9 638.0 0.0 -1.0 -1.0 -1.0 0.0 0.3349275901612255 0.3229800249517733 0.3420923848870012
9 639.0 0.0 -1.0 -1.0 -1.0 0.0 0.312633854319753 0.32645830972031165 0.3609078359599353
9 640.0 0.0 -1.0 -1.0 -1.0 0.0 0.2927022255273282 0.3703159937684294 0.3369817807042424
9 641.0 0.0 -1.0 -1.0 -1.0 0.0 0.295114610673751 0.3631589208499094 0.3417264684763396
9 642.0 0.0 -1.0 -1.0 -1.0 0.0 0.33077893698920713 0.35145276498367317 0.31776829802711953
9 643.0 0.0 -1.0 -1.0 -1.0 0.0 0.3255352251624783 0.3440766615445722 0.33038811329294954
9 644.0 0.0 -1.0 -1.0 -1.0 0.0 0.311847903848847 0.36826220763855394 0.3198898885125994
9 645.0 0.0 -1.0 -1.0 -1.0 0.0 0.31674138266470225 0.3516241736168848 0.3316344437184131
9 646.0 0.0 -1.0 -1.0 -1.0 0.0 0.33945517576071327 0.311540819006211 0.3490040052330757
9 647.0 0.0 -1.0 -1.0 -1.0 0.0 0.327759955352048 0.32218377576729046 0.35005626888066166
9 648.0 0.0 -1.0 -1.0 -1.0 0.0 0.3227318387066304 0.3150143248007342 0.36225383649263554
9 649.0 0.0 -1.0 -1.0 -1.0 0.0 0.32998562810454873 0.32809276664120474 0.3419216052542464
9 650.0 0.0 -1.0 -1.0 -1.0 0.0 0.3523759140745102 0.31401982227439473 0.333604263651095
9 651.0 0.0 -1.0 -1.0 -1.0 0.0 0.33322864469194935 0.32484846676703794 0.3419228885410127
9 652.0 0.0 -1.0 -1.0 -1.0 0.0 0.3190252616023796 0.3499112128597184 0.33106352553790186
9 653.0 0.0 -1.0 -1.0 -1.0 0.0 0.3170102460944983 0.3724493050394996 0.31054044886600196
9 654.0 0.0 -1.0 -1.0 -1.0 0.0 0.32224362719970256 0.3522629880812394 0.32549338471905814
9 655.0 0.0 -1.0 -1.0 -1.0 0.0 0.3360053927429702 0.33044545585964824 0.3335491513973817
9 656.0 0.0 -1.0 -1.0 -1.0 0.0 0.32560131001637077 0.33848703678236697 0.3359116532012623
9 657.0 0.0 -1.0 -1.0 -1.0 0.0 0.3160640144901621 0.33254493308976746 0.35139105242007057
9 658.0 0.0 -1.0 -1.0 -1.0 0.0 0.3256726595162684 0.3333975924283019 0.3409297480554295
9 659.0 0.0 -1.0 -1.0 -1.0 0.0 0.32128559794860356 0.32453324689490587 0.35418115515649085
9 660.0 0.0 -1.0 -1.0 -1.0 0.0 0.3240473822357331 0.3435285906772015 0.33242402708706564
9 661.0 0.0 -1.0 -1.0 -1.0 0.0 0.3095274068275923 0.35336735933091695 0.3371052338414908
9 662.0 0.0 -1.0 -1.0 -1.0 0.0 0.27479352907092625 0.376466814749533 0.34873965617954084
9 663.0 0.0 -1.0 -1.0 -1.0 0.0 0.28264341292542405 0.3717876075927296 0.3455689794818468
9 664.0 0.0 -1.0 -1.0 -1.0 0.0 0.2837823170192618 0.37387027656458804 0.34234740641615025
9 665.0 0.0 -1.0 -1.0 -1.0 0.0 0.3028546551507561 0.36621731148701464 0.33092803336222915
9 666.0 0.0 -1.0 -1.0 -1.0 0.0 0.325853378539277 0.3547925933589976 0.3193540281017255
9 667.0 0.0 -1.0 -1.0 -1.0 0.0 0.3246927087557838 0.34057229932993716 0.33473499191427897
9 668.0 0.0 -1.0 -1.0 -1.0 0.0 0.3359517821125084 0.3285526540595161 0.3354955638279754
9 669.0 0.0 -1.0 -1.0 -1.0 0.0 0.32938028966644917 0.3473136834353692 0.32330602689818183
9 670.0 0.0 -1.0 -1.0 -1.0 0.0 0.34153303992580625 0.34180338956494877 0.31666357050924476
9 671.0 0.0 -1.0 -1.0 -1.0 0.0 0.3532805519767348 0.33985866352638133 0.3068607844968836
9 672.0 0.0 -1.0 -1.0 -1.0 0.0 0.3513415562594725 0.3346605537384877 0.31399789000203965
9 673.0 0.0 -1.0 -1.0 -1.0 0.0 0.37168804157724544 0.3379005942978669 0.2904113641248875
9 674.0 0.0 -1.0 -1.0 -1.0 0.0 0.36404915644423513 0.3281565249041929 0.30779431865157214
9 675.0 0.0 -1.0 -1.0 -1.0 0.0 0.36382008771375424 0.3133025740195674 0.3228773382666783
9 676.0 0.0 -1.0 -1.0 -1.0 0.0 0.35621019928012343 0.30965607907798315 0.3341337216418934
9 677.0 0.0 -1.0 -1.0 -1.0 0.0 0.37491021716264555 0.3063749539980729 0.31871482883928176
9 678.0 0.0 -1.0 -1.0 -1.0 0.0 0.3810325459571732 0.34882610404294445 0.27014134999988226
9 679.0 0.0 -1.0 -1.0 -1.0 0.0 0.3738630686764675 0.33309162772706385 0.29304530359646846
9 680.0 0.0 -1.0 -1.0 -1.0 0.0 0.39923819136250494 0.3104996436501783 0.29026216498731666
9 681.0 0.0 -1.0 -1.0 -1.0 0.0 0.4008912544862793 0.28443918464515894 0.3146695608685619
9 682.0 0.0 -1.0 -1.0 -1.0 0.0 0.37491915076843624 0.280136712871976 0.344944136359588
9 683.0 0.0 -1.0 -1.0 -1.0 0.0 0.3593886392283837 0.2955222937679994 0.34508906700361663
9 684.0 0.0 -1.0 -1.0 -1.0 0.0 0.3546099038066529 0.29047523743932613 0.35491485875402107
9 685.0 0.0 -1.0 -1.0 -1.0 0.0 0.35260115924895485 0.2919724363625435 0.35542640438850176
9 686.0 0.0 -1.0 -1.0 -1.0 0.0 0.3334203461260322 0.2964216786958932 0.37015797517807447
9 687.0 0.0 -1.0 -1.0 -1.0 0.0 0.3455613502671309 0.2953300453207063 0.3591086044121628
9 688.0 0.0 -1.0 -1.0 -1.0 0.0 0.3568512727871406 0.2777973221409375 0.36535140507192226
9 689.0 0.0 -1.0 -1.0 -1.0 0.0 0.3775103583205332 0.2870872561772193 0.33540238550224766
9 690.0 0.0 -1.0 -1.0 -1.0 0.0 0.36678875259445 0.29714026592150683 0.336070981484043
9 691.0 0.0 -1.0 -1.0 -1.0 0.0 0.363138605554446 0.3192933587773885 0.3175680356681657
9 692.0 0.0 -1.0 -1.0 -1.0 0.0 0.3566504611078354 0.3440361782440847 0.2993133606480799
9 693.0 0.0 -1.0 -1.0 -1.0 0.0 0.33498497524392257 0.3627076340613112 0.30230739069476636
9 694.0 0.0 -1.0 -1.0 -1.0 0.0 0.34076766918597257 0.34230209936882633 0.3169302314452007
9 695.0 0.0 -1.0 -1.0 -1.0 0.0 0.3502694595093483 0.34148112706230227 0.3082494134283494
9 696.0 0.0 -1.0 -1.0 -1.0 0.0 0.3190327199384654 0.3584340771786016 0.3225332028829331
9 697.0 0.0 -1.0 -1.0 -1.0 0.0 0.3265384226642856 0.3481781751751483 0.3252834021605663
9 698.0 0.0 -1.0 -1.0 -1.0 0.0 0.3367323562105476 0.3511114368707075 0.3121562069187448
9 699.0 0.0 -1.0 -1.0 -1.0 0.0 0.3113914405963484 0.36103636601397215 0.32757219338967936
9 700.0 0.0 -1.0 -1.0 -1.0 0.0 0.3200897185345438 0.3592792917116916 0.32063098975376475
9 701.0 0.0 -1.0 -1.0 -1.0 0.0 0.3234753992940322 0.33917304076361854 0.3373515599423493
9 702.0 0.0 -1.0 -1.0 -1.0 0.0 0.3418391626656087 0.34868398258486705 0.30947685474952424
9 703.0 0.0 -1.0 -1.0 -1.0 0.0 0.34995978586927584 0.32663914124353366 0.32340107288719033
9 704.0 0.0 -1.0 -1.0 -1.0 0.0 0.3385043514502265 0.3240789824858162 0.33741666606395704
9 705.0 0.0 -1.0 -1.0 -1.0 0.0 0.2995841169750366 0.3534533626474338 0.3469625203775299
9 706.0 0.0 -1.0 -1.0 -1.0 0.0 0.3013984636254066 0.33349089356487105 0.3651106428097223
9 707.0 0.0 -1.0 -1.0 -1.0 0.0 0.3007657059637489 0.3533125551100311 0.34592173892621986
9 708.0 0.0 -1.0 -1.0 -1.0 0.0 0.3287696259561347 0.34995901161352605 0.3212713624303391
9 709.0 0.0 -1.0 -1.0 -1.0 0.0 0.33460943253725967 0.3547282864920625 0.31066228097067766
9 710.0 0.0 -1.0 -1.0 -1.0 0.0 0.3299189254628917 0.3470552762398526 0.32302579829725586
9 711.0 0.0 -1.0 -1.0 -1.0 0.0 0.3231805627612907 0.311709319170695 0.3651101180680143
9 712.0 0.0 -1.0 -1.0 -1.0 0.0 0.32470286629804945 0.30925141675479045 0.3660457169471602
9 713.0 0.0 -1.0 -1.0 -1.0 0.0 0.3098056061363802 0.3364209099633553 0.3537734839002647
9 714.0 0.0 -1.0 -1.0 -1.0 0.0 0.28831009468391566 0.33638255218802426 0.37530735312806024
9 715.0 0.0 -1.0 -1.0 -1.0 0.0 0.3143317596517566 0.3429999218124989 0.34266831853574464
9 716.0 0.0 -1.0 -1.0 -1.0 0.0 0.3188001787092453 0.35345398450352333 0.32774583678723124
9 717.0 0.0 -1.0 -1.0 -1.0 0.0 0.32983437306065283 0.34390338319097663 0.3262622437483705
9 718.0 0.0 -1.0 -1.0 -1.0 0.0 0.3331231665750194 0.3360740463356685 0.3308027870893121
9 719.0 0.0 -1.0 -1.0 -1.0 0.0 0.33982621207035196 0.3392249697124044 0.3209488182172439
9 720.0 0.0 -1.0 -1.0 -1.0 0.0 0.31672195655046437 0.3417871154149574 0.34149092803457815
9 721.0 0.0 -1.0 -1.0 -1.0 0.0 0.31295352462358084 0.3323454629634688 0.3547010124129504
9 722.0 0.0 -1.0 -1.0 -1.0 0.0 0.300579565086533 0.35508461616111403 0.344335818752353
9 723.0 0.0 -1.0 -1.0 -1.0 0.0 0.3041752751716289 0.33718861945465023 0.3586361053737208
9 724.0 0.0 -1.0 -1.0 -1.0 0.0 0.30771885368178103 0.3424400995283608 0.34984104678985817
9 725.0 0.0 -1.0 -1.0 -1.0 0.0 0.31479640968411615 0.33096487245042844 0.35423871786545513
9 726.0 0.0 -1.0 -1.0 -1.0 0.0 0.3139342814296318 0.34003073683292695 0.34603498173744124
9 727.0 0.0 -1.0 -1.0 -1.0 0.0 0.3063886852694136 0.34760936720103885 0.34600194752954755
9 728.0 0.0 -1.0 -1.0 -1.0 0.0 0.29098632631467386 0.3419764306683124 0.3670372430170138
9 729.0 0.0 -1.0 -1.0 -1.0 0.0 0.3395147329504602 0.32651932903795083 0.3339659380115891
9 730.0 0.0 -1.0 -1.0 -1.0 0.0 0.33310084712499327 0.34545157136297905 0.3214475815120278
9 731.0 0.0 -1.0 -1.0 -1.0 0.0 0.3390594348981677 0.3439714375512356 0.3169691275505965
9 732.0 0.0 -1.0 -1.0 -1.0 0.0 0.34596004427262256 0.34133010048735385 0.31270985524002354
9 733.0 0.0 -1.0 -1.0 -1.0 0.0 0.3360832184841469 0.33571227761557987 0.3282045039002732
9 734.0 0.0 -1.0 -1.0 -1.0 0.0 0.3527879192139735 0.33687415659329145 0.3103379241927351
9 735.0 0.0 -1.0 -1.0 -1.0 0.0 0.3530191310534568 0.31870272515772824 0.328278143788815
9 736.0 0.0 -1.0 -1.0 -1.0 0.0 0.36812809250035583 0.3126941736840585 0.31917773381558545
9 737.0 0.0 -1.0 -1.0 -1.0 0.0 0.3584679563481673 0.30454655073431236 0.33698549291752017
9 738.0 0.0 -1.0 -1.0 -1.0 0.0 0.3353543632344275 0.33045047320086296 0.3341951635647096
9 739.0 0.0 -1.0 -1.0 -1.0 0.0 0.33819807802401386 0.3227314657202279 0.3390704562557582
9 740.0 0.0 -1.0 -1.0 -1.0 0.0 0.35644594471365726 0.32758476865856084 0.31596928662778206
9 741.0 0.0 -1.0 -1.0 -1.0 0.0 0.33778389093911537 0.3277881586554057 0.3344279504054791
9 742.0 0.0 -1.0 -1.0 -1.0 0.0 0.35227611908180806 0.3545876198842348 0.293136261033957
9 743.0 0.0 -1.0 -1.0 -1.0 0.0 0.34671483329886643 0.3743163213260996 0.2789688453750341
9 744.0 0.0 -1.0 -1.0 -1.0 0.0 0.33110723718943696 0.3554029188620902 0.31348984394847285
9 745.0 0.0 -1.0 -1.0 -1.0 0.0 0.3442267169220872 0.3260779682372933 0.3296953148406193
9 746.0 0.0 -1.0 -1.0 -1.0 0.0 0.34323796234934667 0.3474966220131004 0.30926541563755316
9 747.0 0.0 -1.0 -1.0 -1.0 0.0 0.3157671094172898 0.37223940739263595 0.31199348319007425
9 748.0 0.0 -1.0 -1.0 -1.0 0.0 0.30400253708939984 0.39246000490687777 0.3035374580037223
9 749.0 0.0 -1.0 -1.0 -1.0 0.0 0.3167528127347225 0.3879808747464246 0.29526631251885305
9 750.0 0.0 -1.0 -1.0 -1.0 0.0 0.3282416690668643 0.35542642683149517 0.31633190410164064
9 751.0 0.0 -1.0 -1.0 -1.0 0.0 0.3115215638034902 0.3572994516672308 0.33117898452927896
9 752.0 0.0 -1.0 -1.0 -1.0 0.0 0.3105587306802833 0.3527112870656734 0.33672998225404327
9 753.0 0.0 -1.0 -1.0 -1.0 0.0 0.32798052558525925 0.3395328329777353 0.3324866414370055
9 754.0 0.0 -1.0 -1.0 -1.0 0.0 0.3214626484148444 0.3451436838822179 0.33339366770293777
9 755.0 0.0 -1.0 -1.0 -1.0 0.0 0.31319323807849897 0.34781360888786383 0.3389931530336371
9 756.0 0.0 -1.0 -1.0 -1.0 0.0 0.29826203497518666 0.35942875698110155 0.34230920804371173
9 757.0 0.0 -1.0 -1.0 -1.0 0.0 0.31401390151271796 0.34163229122764477 0.3443538072596371
9 758.0 0.0 -1.0 -1.0 -1.0 0.0 0.31271599088561763 0.34515654013005204 0.3421274689843304
9 759.0 0.0 -1.0 -1.0 -1.0 0.0 0.33078166391222125 0.316006163399784 0.3532121726879948
9 760.0 0.0 -1.0 -1.0 -1.0 0.0 0.3417751445477344 0.3239692814196857 0.33425557403258005
9 761.0 0.0 -1.0 -1.0 -1.0 0.0 0.33393267893705847 0.32414161666235475 0.3419257044005869
9 762.0 0.0 -1.0 -1.0 -1.0 0.0 0.34109483743069324 0.3196931655559645 0.33921199701334215
9 763.0 0.0 -1.0 -1.0 -1.0 0.0 0.34570340046016035 0.30473115955308255 0.3495654399867575
9 764.0 0.0 -1.0 -1.0 -1.0 0.0 0.356822735884576 0.3206618820593834 0.32251538205604063
9 765.0 0.0 -1.0 -1.0 -1.0 0.0 0.3737053829576069 0.3109139308757258 0.31538068616666753
9 766.0 0.0 -1.0 -1.0 -1.0 0.0 0.3594470451666863 0.31597014827352105 0.3245828065597926
9 767.0 0.0 -1.0 -1.0 -1.0 0.0 0.3414157872714247 0.3556745656550776 0.3029096470734976
9 768.0 0.0 -1.0 -1.0 -1.0 0.0 0.3171675489743891 0.35514148133068835 0.32769096969492234
9 769.0 0.0 -1.0 -1.0 -1.0 0.0 0.3161797240767598 0.3278519528799359 0.35596832304330417
9 770.0 0.0 -1.0 -1.0 -1.0 0.0 0.31277070643822347 0.3257465473649683 0.3614827461968082
9 771.0 0.0 -1.0 -1.0 -1.0 0.0 0.31318005945863053 0.3401136387585778 0.34670630178279166
9 772.0 0.0 -1.0 -1.0 -1.0 0.0 0.28775189240530036 0.37599501229054816 0.33625309530415154
9 773.0 0.0 -1.0 -1.0 -1.0 0.0 0.31290765114280567 0.356883629760475 0.33020871909671945
9 774.0 0.0 -1.0 -1.0 -1.0 0.0 0.32522343589060754 0.3375047140436043 0.337271850065788
9 775.0 0.0 -1.0 -1.0 -1.0 0.0 0.27984418128021465 0.347968895233794 0.3721869234859914
9 776.0 0.0 -1.0 -1.0 -1.0 0.0 0.3076154896000079 0.3263128272339636 0.3660716831660284
9 777.0 0.0 -1.0 -1.0 -1.0 0.0 0.2917478118712532 0.34785101273748414 0.3604011753912629
9 778.0 0.0 -1.0 -1.0 -1.0 0.0 0.30192205340139383 0.34151448643264565 0.3565634601659603
9 779.0 0.0 -1.0 -1.0 -1.0 0.0 0.2786929196486493 0.3407557330828503 0.3805513472685004
9 780.0 0.0 -1.0 -1.0 -1.0 0.0 0.29689012226052675 0.36009262888886817 0.3430172488506053
9 781.0 0.0 -1.0 -1.0 -1.0 0.0 0.3178271708686667 0.34583400098955713 0.3363388281417763
9 782.0 0.0 -1.0 -1.0 -1.0 0.0 0.3199113772574691 0.3337910715038047 0.34629755123872596
9 783.0 0.0 -1.0 -1.0 -1.0 0.0 0.29795153395780205 0.34904517683982805 0.35300328920236995
9 784.0 0.0 -1.0 -1.0 -1.0 0.0 0.30708715747622883 0.3280380790806139 0.3648747634431575
9 785.0 0.0 -1.0 -1.0 -1.0 0.0 0.3268164513632565 0.3278508221661683 0.34533272647057495
9 786.0 0.0 -1.0 -1.0 -1.0 0.0 0.31284123038517575 0.3546654761938571 0.3324932934209672
9 787.0 0.0 -1.0 -1.0 -1.0 0.0 0.3058713165403525 0.3385104125355129 0.3556182709241346
9 788.0 0.0 -1.0 -1.0 -1.0 0.0 0.29753108790934635 0.35834113588166994 0.3441277762089836
9 789.0 0.0 -1.0 -1.0 -1.0 0.0 0.2936127996194692 0.384158319077767 0.32222888130276367
9 790.0 0.0 -1.0 -1.0 -1.0 0.0 0.31433370811525185 0.3686193599975218 0.31704693188722627
9 791.0 0.0 -1.0 -1.0 -1.0 0.0 0.32324466139197044 0.35750516157726375 0.3192501770307659
9 792.0 0.0 -1.0 -1.0 -1.0 0.0 0.3375086429716627 0.33168034340521324 0.33081101362312404
9 793.0 0.0 -1.0 -1.0 -1.0 0.0 0.30075794628002833 0.33379235418633996 0.36544969953363166
9 794.0 0.0 -1.0 -1.0 -1.0 0.0 0.29014023773541214 0.32429772867928547 0.38556203358530206
9 795.0 0.0 -1.0 -1.0 -1.0 0.0 0.30685113338075914 0.3361127763796914 0.35703609023954924
9 796.0 0.0 -1.0 -1.0 -1.0 0.0 0.30469922753008377 0.3616928010242884 0.33360797144562765
9 797.0 0.0 -1.0 -1.0 -1.0 0.0 0.30118635917508185 0.35956518321563374 0.33924845760928446
9 798.0 0.0 -1.0 -1.0 -1.0 0.0 0.2754217672962652 0.3543551790966289 0.3702230536071059
9 799.0 0.0 -1.0 -1.0 -1.0 0.0 0.30450541202019676 0.35718231632299857 0.33831227165680444
9 800.0 0.0 -1.0 -1.0 -1.0 0.0 0.30486154501669227 0.35325255350953066 0.34188590147377723
9 801.0 0.0 -1.0 -1.0 -1.0 0.0 0.32033453631521863 0.35884135127008016 0.32082411241470127
9 802.0 0.0 -1.0 -1.0 -1.0 0.0 0.33015638375523354 0.3772702766906268 0.2925733395541398
9 803.0 0.0 -1.0 -1.0 -1.0 0.0 0.33500988843013446 0.3332611120017915 0.331728999568074
9 804.0 0.0 -1.0 -1.0 -1.0 0.0 0.3298215660361311 0.3430664113397956 0.32711202262407363
9 805.0 0.0 -1.0 -1.0 -1.0 0.0 0.3336627424507278 0.3402732287576633 0.3260640287916089
9 806.0 0.0 -1.0 -1.0 -1.0 0.0 0.32944782032578623 0.3395251325978685 0.3310270470763449
9 807.0 0.0 -1.0 -1.0 -1.0 0.0 0.3172290026783237 0.3206999266509045 0.36207107067077166
9 808.0 0.0 -1.0 -1.0 -1.0 0.0 0.33726533253334573 0.30921222607171217 0.3535224413949419
9 809.0 0.0 -1.0 -1.0 -1.0 0.0 0.3253482469102316 0.3259786093375165 0.34867314375225206
9 810.0 0.0 -1.0 -1.0 -1.0 0.0 0.31085700918430986 0.35985900912473345 0.3292839816909565
9 811.0 0.0 -1.0 -1.0 -1.0 0.0 0.2912845295587893 0.34103158735162703 0.36768388308958394
9 812.0 0.0 -1.0 -1.0 -1.0 0.0 0.32265775472201197 0.33358229615397766 0.34375994912401014
9 813.0 0.0 -1.0 -1.0 -1.0 0.0 0.3233077229349615 0.3156168374519611 0.36107543961307725
9 814.0 0.0 -1.0 -1.0 -1.0 0.0 0.336456290082835 0.31760404736303516 0.3459396625541297
9 815.0 0.0 -1.0 -1.0 -1.0 0.0 0.33551629689312434 0.31187886438708223 0.35260483871979337
9 816.0 0.0 -1.0 -1.0 -1.0 0.0 0.347048392245933 0.3271913485285802 0.32576025922548674
9 817.0 0.0 -1.0 -1.0 -1.0 0.0 0.3388343414884163 0.31665003568763284 0.3445156228239508
9 818.0 0.0 -1.0 -1.0 -1.0 0.0 0.29749109822195924 0.35014012454555205 0.3523687772324887
9 819.0 0.0 -1.0 -1.0 -1.0 0.0 0.31679445677366586 0.33286928144266786 0.35033626178366634
9 820.0 0.0 -1.0 -1.0 -1.0 0.0 0.31963970910841266 0.3201771956148118 0.3601830952767756
9 821.0 0.0 -1.0 -1.0 -1.0 0.0 0.3239281201283765 0.32606958959309557 0.35000229027852775
9 822.0 0.0 -1.0 -1.0 -1.0 0.0 0.33918183353572007 0.3167984412197696 0.3440197252445103
9 823.0 0.0 -1.0 -1.0 -1.0 0.0 0.33431861103510385 0.29372162302802846 0.37195976593686775
9 824.0 0.0 -1.0 -1.0 -1.0 0.0 0.34853850524895025 0.2804136684173595 0.3710478263336902
9 825.0 0.0 -1.0 -1.0 -1.0 0.0 0.3369953677136578 0.2834293434641679 0.37957528882217434
9 826.0 0.0 -1.0 -1.0 -1.0 0.0 0.3231681417463317 0.2868479449462972 0.38998391330737137
9 827.0 0.0 -1.0 -1.0 -1.0 0.0 0.311295473456811 0.2975901427298134 0.39111438381337543
9 828.0 0.0 -1.0 -1.0 -1.0 0.0 0.31295527113322974 0.310896437601236 0.3761482912655343
9 829.0 0.0 -1.0 -1.0 -1.0 0.0 0.31818593925688093 0.33396470918978743 0.34784935155333163
9 830.0 0.0 -1.0 -1.0 -1.0 0.0 0.35714918570697185 0.3150954390716588 0.32775537522136927
9 831.0 0.0 -1.0 -1.0 -1.0 0.0 0.34251734856388893 0.3354204663278726 0.3220621851082383
9 832.0 0.0 -1.0 -1.0 -1.0 0.0 0.3099622639364813 0.3549877835725486 0.33504995249097
9 833.0 0.0 -1.0 -1.0 -1.0 0.0 0.29999063648703805 0.3595064070543728 0.34050295645858886
9 834.0 0.0 -1.0 -1.0 -1.0 0.0 0.3306748573110147 0.3254776113728983 0.3438475313160869
9 835.0 0.0 -1.0 -1.0 -1.0 0.0 0.347766350918031 0.3182556600653504 0.33397798901661846
9 836.0 0.0 -1.0 -1.0 -1.0 0.0 0.34050921656426825 0.339104288560865 0.32038649487486665
9 837.0 0.0 -1.0 -1.0 -1.0 0.0 0.33484820348779687 0.32399227254345975 0.3411595239687435
9 838.0 0.0 -1.0 -1.0 -1.0 0.0 0.3183140726950512 0.3152719024666122 0.36641402483833657
9 839.0 0.0 -1.0 -1.0 -1.0 0.0 0.34102164833088044 0.32734881783152764 0.3316295338375921
9 840.0 0.0 -1.0 -1.0 -1.0 0.0 0.34631397568408717 0.3178843971324149 0.33580162718349804
9 841.0 0.0 -1.0 -1.0 -1.0 0.0 0.3255345562174367 0.3208117849787036 0.35365365880385957
9 842.0 0.0 -1.0 -1.0 -1.0 0.0 0.3203602939551669 0.3216754293841322 0.357964276660701
9 843.0 0.0 -1.0 -1.0 -1.0 0.0 0.33592715480808794 0.32154740640471274 0.3425254387871993
9 844.0 0.0 -1.0 -1.0 -1.0 0.0 0.31969834078877674 0.33553404973162343 0.34476760947959995
9 845.0 0.0 -1.0 -1.0 -1.0 0.0 0.3163766437495332 0.34545956775909153 0.33816378849137535
9 846.0 0.0 -1.0 -1.0 -1.0 0.0 0.3233739042110226 0.3544056504803482 0.32222044530862926
9 847.0 0.0 -1.0 -1.0 -1.0 0.0 0.34847493102795696 0.3357781021509074 0.3157469668211356
9 848.0 0.0 -1.0 -1.0 -1.0 0.0 0.32955392627467334 0.3612370603669297 0.3092090133583968
9 849.0 0.0 -1.0 -1.0 -1.0 0.0 0.34286515987811433 0.3478879001491426 0.3092469399727429
9 850.0 0.0 -1.0 -1.0 -1.0 0.0 0.35857297134677096 0.3744170370407621 0.26700999161246697
9 851.0 0.0 -1.0 -1.0 -1.0 0.0 0.3606422697474025 0.36025026168038154 0.2791074685722161
9 852.0 0.0 -1.0 -1.0 -1.0 0.0 0.363077887542972 0.3527955353971021 0.2841265770599258
9 853.0 0.0 -1.0 -1.0 -1.0 0.0 0.332896197384952 0.35426476385132377 0.31283903876372426
9 854.0 0.0 -1.0 -1.0 -1.0 0.0 0.32794050156637683 0.34464141230535666 0.3274180861282665
9 855.0 0.0 -1.0 -1.0 -1.0 0.0 0.3174564266410638 0.33650508022991465 0.34603849312902163
9 856.0 0.0 -1.0 -1.0 -1.0 0.0 0.32801862422262984 0.3311902447453275 0.34079113103204256
9 857.0 0.0 -1.0 -1.0 -1.0 0.0 0.3134965974721674 0.33973592368049327 0.3467674788473396
9 858.0 0.0 -1.0 -1.0 -1.0 0.0 0.3574877777732328 0.3160188694885564 0.3264933527382107
9 859.0 0.0 -1.0 -1.0 -1.0 0.0 0.3634373047623249 0.311620930620351 0.32494176461732427
9 860.0 0.0 -1.0 -1.0 -1.0 0.0 0.35440644054459897 0.3080376354153153 0.3375559240400859
9 861.0 0.0 -1.0 -1.0 -1.0 0.0 0.3616431634633006 0.30088480160656034 0.33747203493013894
9 862.0 0.0 -1.0 -1.0 -1.0 0.0 0.3565177503897765 0.3158245515944634 0.3276576980157603
9 863.0 0.0 -1.0 -1.0 -1.0 0.0 0.31861677801674754 0.3273826174170263 0.35400060456622606
9 864.0 0.0 -1.0 -1.0 -1.0 0.0 0.31068393717313414 0.31687875993876363 0.3724373028881024
9 865.0 0.0 -1.0 -1.0 -1.0 0.0 0.33964432450916965 0.3332548609392058 0.32710081455162465
9 866.0 0.0 -1.0 -1.0 -1.0 0.0 0.3559625684185839 0.3278531510361994 0.31618428054521663
9 867.0 0.0 -1.0 -1.0 -1.0 0.0 0.3650127437808956 0.31168614478284484 0.32330111143625956
9 868.0 0.0 -1.0 -1.0 -1.0 0.0 0.35485562799360065 0.31584816716737196 0.32929620483902755
9 869.0 0.0 -1.0 -1.0 -1.0 0.0 0.369961859522875 0.2962154103591517 0.3338227301179731
9 870.0 0.0 -1.0 -1.0 -1.0 0.0 0.33278493462377967 0.3232805571201198 0.34393450825610045
9 871.0 0.0 -1.0 -1.0 -1.0 0.0 0.311564218526448 0.3308677906759358 0.3575679907976162
9 872.0 0.0 -1.0 -1.0 -1.0 0.0 0.3025619862897366 0.3652218043015768 0.33221620940868635
9 873.0 0.0 -1.0 -1.0 -1.0 0.0 0.29695955548515746 0.35925461614755605 0.3437858283672864
9 874.0 0.0 -1.0 -1.0 -1.0 0.0 0.31830130835695536 0.3359395332951188 0.34575915834792587
9 875.0 0.0 -1.0 -1.0 -1.0 0.0 0.34188743422264223 0.32947279006186037 0.32863977571549746
9 876.0 0.0 -1.0 -1.0 -1.0 0.0 0.32814597419261643 0.3530835570854757 0.31877046872190784
9 877.0 0.0 -1.0 -1.0 -1.0 0.0 0.33353701986226264 0.3355278790505587 0.3309351010871787
9 878.0 0.0 -1.0 -1.0 -1.0 0.0 0.3466016066128711 0.3334320716873975 0.3199663216997314
9 879.0 0.0 -1.0 -1.0 -1.0 0.0 0.3498156309195435 0.3034380300128065 0.3467463390676501
9 880.0 0.0 -1.0 -1.0 -1.0 0.0 0.3501543028623083 0.3020285435875161 0.3478171535501755
9 881.0 0.0 -1.0 -1.0 -1.0 0.0 0.35230846563772317 0.2946707187803012 0.3530208155819756
9 882.0 0.0 -1.0 -1.0 -1.0 0.0 0.3528344674527243 0.3068804272375282 0.3402851053097475
9 883.0 0.0 -1.0 -1.0 -1.0 0.0 0.34787800552529624 0.32178413580960524 0.3303378586650985
9 884.0 0.0 -1.0 -1.0 -1.0 0.0 0.35726141944806244 0.31515330387278107 0.32758527667915643
9 885.0 0.0 -1.0 -1.0 -1.0 0.0 0.35014016219718963 0.33153419338013784 0.3183256444226726
9 886.0 0.0 -1.0 -1.0 -1.0 0.0 0.3493625710231479 0.33340217446244613 0.31723525451440604
9 887.0 0.0 -1.0 -1.0 -1.0 0.0 0.3259918324653763 0.3254351777605787 0.348572989774045
9 888.0 0.0 -1.0 -1.0 -1.0 0.0 0.3472198982740035 0.3496363466427178 0.30314375508327845
9 889.0 0.0 -1.0 -1.0 -1.0 0.0 0.3602646474672035 0.33909508448458825 0.3006402680482082
9 890.0 0.0 -1.0 -1.0 -1.0 0.0 0.3484984800375431 0.33257853813671867 0.3189229818257382
9 891.0 0.0 -1.0 -1.0 -1.0 0.0 0.3437606616910387 0.37718381506603244 0.2790555232429287
9 892.0 0.0 -1.0 -1.0 -1.0 0.0 0.3559311109652365 0.364184043792283 0.2798848452424805
9 893.0 0.0 -1.0 -1.0 -1.0 0.0 0.3437682230127003 0.35867811590425647 0.2975536610830431
9 894.0 0.0 -1.0 -1.0 -1.0 0.0 0.35075198878851777 0.33316459697798956 0.3160834142334928
9 895.0 0.0 -1.0 -1.0 -1.0 0.0 0.3527435916136932 0.34107693296270924 0.30617947542359764
9 896.0 0.0 -1.0 -1.0 -1.0 0.0 0.3460275501542792 0.3533137503320793 0.30065869951364127
9 897.0 0.0 -1.0 -1.0 -1.0 0.0 0.3528632210748474 0.3383814980255304 0.3087552808996222
9 898.0 0.0 -1.0 -1.0 -1.0 0.0 0.33706205253657634 0.35347169729188865 0.30946625017153506
9 899.0 0.0 -1.0 -1.0 -1.0 0.0 0.33841469757758347 0.35751269411805126 0.3040726083043653
9 900.0 0.0 -1.0 -1.0 -1.0 0.0 0.35243254831565624 0.3525270930131479 0.29504035867119577
9 901.0 0.0 -1.0 -1.0 -1.0 0.0 0.3683450513906756 0.3373894416378079 0.2942655069715164
9 902.0 0.0 -1.0 -1.0 -1.0 0.0 0.3083779782353126 0.3909193179499199 0.3007027038147674
9 903.0 0.0 -1.0 -1.0 -1.0 0.0 0.313919034361389 0.37614648942347323 0.30993447621513787
9 904.0 0.0 -1.0 -1.0 -1.0 0.0 0.30213064164618475 0.3882084613078574 0.3096608970459578
9 905.0 0.0 -1.0 -1.0 -1.0 0.0 0.30407786046715385 0.3694401566090949 0.32648198292375114
9 906.0 0.0 -1.0 -1.0 -1.0 0.0 0.3312361095269844 0.34372794429760845 0.3250359461754072
9 907.0 0.0 -1.0 -1.0 -1.0 0.0 0.33546737544938415 0.32759466489949124 0.3369379596511248
9 908.0 0.0 -1.0 -1.0 -1.0 0.0 0.33650483990931107 0.3326651150430773 0.33083004504761143
9 909.0 0.0 -1.0 -1.0 -1.0 0.0 0.3650774081991951 0.32737372639982837 0.3075488654009766
9 910.0 0.0 -1.0 -1.0 -1.0 0.0 0.39599246305728114 0.3073733447173737 0.29663419222534537
9 911.0 0.0 -1.0 -1.0 -1.0 0.0 0.37276924253135335 0.34512025409491875 0.2821105033737275
9 912.0 0.0 -1.0 -1.0 -1.0 0.0 0.3592091992861694 0.3140198794335122 0.32677092128031815
9 913.0 0.0 -1.0 -1.0 -1.0 0.0 0.35238003702023135 0.29990834811025713 0.34771161486951163
9 914.0 0.0 -1.0 -1.0 -1.0 0.0 0.3773784822045988 0.3158447579385806 0.30677675985682074
9 915.0 0.0 -1.0 -1.0 -1.0 0.0 0.38388427074329406 0.3275266509889644 0.2885890782677414
9 916.0 0.0 -1.0 -1.0 -1.0 0.0 0.3675295123441951 0.3420575454712398 0.29041294218456476
9 917.0 0.0 -1.0 -1.0 -1.0 0.0 0.3440083703214956 0.37320756722609305 0.2827840624524114
9 918.0 0.0 -1.0 -1.0 -1.0 0.0 0.3217445612543339 0.3530609286859116 0.3251945100597542
9 919.0 0.0 -1.0 -1.0 -1.0 0.0 0.3200202063727615 0.3736963277395943 0.30628346588764394
9 920.0 0.0 -1.0 -1.0 -1.0 0.0 0.32796346071477656 0.37359441389197046 0.29844212539325293
9 921.0 0.0 -1.0 -1.0 -1.0 0.0 0.3345163231794311 0.3556477196566235 0.3098359571639453
9 922.0 0.0 -1.0 -1.0 -1.0 0.0 0.3385360063871976 0.36789658537961656 0.29356740823318606
9 923.0 0.0 -1.0 -1.0 -1.0 0.0 0.3308648820028296 0.35929955940196073 0.3098355585952094
9 924.0 0.0 -1.0 -1.0 -1.0 0.0 0.34514006774518413 0.36754945806521105 0.28731047418960476
9 925.0 0.0 -1.0 -1.0 -1.0 0.0 0.3409227042293057 0.36849347046109565 0.2905838253095986
9 926.0 0.0 -1.0 -1.0 -1.0 0.0 0.3480360149790642 0.36019634858458943 0.2917676364363464
9 927.0 0.0 -1.0 -1.0 -1.0 0.0 0.3613781387939865 0.3405128854161779 0.2981089757898356
9 928.0 0.0 -1.0 -1.0 -1.0 0.0 0.3724825063509424 0.30922438705399935 0.31829310659505805
9 929.0 0.0 -1.0 -1.0 -1.0 0.0 0.3907722074930435 0.30857174434554585 0.30065604816141045
9 930.0 0.0 -1.0 -1.0 -1.0 0.0 0.3418995455423538 0.3377453633304163 0.32035509112722993
9 931.0 0.0 -1.0 -1.0 -1.0 0.0 0.3541477788629839 0.33919153878030167 0.30666068235671434
9 932.0 0.0 -1.0 -1.0 -1.0 0.0 0.34632159885635366 0.3321197484702374 0.3215586526734089
9 933.0 0.0 -1.0 -1.0 -1.0 0.0 0.36978792426346063 0.3041731661771569 0.3260389095593825
9 934.0 0.0 -1.0 -1.0 -1.0 0.0 0.37135504693265653 0.31649258733186303 0.31215236573548055
9 935.0 0.0 -1.0 -1.0 -1.0 0.0 0.3783266030756409 0.30318591472737305 0.3184874821969862
9 936.0 0.0 -1.0 -1.0 -1.0 0.0 0.37761735215688413 0.2922997751899935 0.33008287265312264
9 937.0 0.0 -1.0 -1.0 -1.0 0.0 0.3522838046463221 0.30923292767481275 0.33848326767886505
9 938.0 0.0 -1.0 -1.0 -1.0 0.0 0.34739088718378935 0.3002949685139294 0.35231414430228114
9 939.0 0.0 -1.0 -1.0 -1.0 0.0 0.32843327994710036 0.30675918285729176 0.36480753719560804
9 940.0 0.0 -1.0 -1.0 -1.0 0.0 0.32245684419963566 0.31869667146112124 0.35884648433924327
9 941.0 0.0 -1.0 -1.0 -1.0 0.0 0.30674699834002217 0.3359570743570906 0.3572959273028872
9 942.0 0.0 -1.0 -1.0 -1.0 0.0 0.3056412116268191 0.34393377705211586 0.35042501132106496
9 943.0 0.0 -1.0 -1.0 -1.0 0.0 0.31326534331049777 0.3357512474984924 0.3509834091910101
9 944.0 0.0 -1.0 -1.0 -1.0 0.0 0.300073977093566 0.35714911146336337 0.3427769114430708
9 945.0 0.0 -1.0 -1.0 -1.0 0.0 0.3117876033381037 0.34856228803139444 0.3396501086305018
9 946.0 0.0 -1.0 -1.0 -1.0 0.0 0.3340401951050182 0.31487332115891314 0.35108648373606877
9 947.0 0.0 -1.0 -1.0 -1.0 0.0 0.31477624865574233 0.321479955217338 0.3637437961269195
9 948.0 0.0 -1.0 -1.0 -1.0 0.0 0.31825412972866307 0.3482734564292017 0.3334724138421353
9 949.0 0.0 -1.0 -1.0 -1.0 0.0 0.29006457729623913 0.368369064757713 0.34156635794604795
9 950.0 0.0 -1.0 -1.0 -1.0 0.0 0.30272521705333516 0.363617817064948 0.33365696588171706
9 951.0 0.0 -1.0 -1.0 -1.0 0.0 0.2829632849697062 0.3654181023707724 0.3516186126595216
9 952.0 0.0 -1.0 -1.0 -1.0 0.0 0.2868960810446221 0.3644848695598306 0.34861904939554705
9 953.0 0.0 -1.0 -1.0 -1.0 0.0 0.31894290230172295 0.35479961798778037 0.3262574797104966
9 954.0 0.0 -1.0 -1.0 -1.0 0.0 0.33704851442769945 0.36298819738901456 0.29996328818328605
9 955.0 0.0 -1.0 -1.0 -1.0 0.0 0.3160775719035875 0.36554783800280005 0.3183745900936126
9 956.0 0.0 -1.0 -1.0 -1.0 0.0 0.33174396048816396 0.36945818396538244 0.2987978555464536
9 957.0 0.0 -1.0 -1.0 -1.0 0.0 0.34053655639410657 0.3720311420303514 0.28743230157554234
9 958.0 0.0 -1.0 -1.0 -1.0 0.0 0.3762205231795054 0.34023031189998676 0.283549164920508
9 959.0 0.0 -1.0 -1.0 -1.0 0.0 0.3457276515896892 0.35909582419375513 0.2951765242165556
9 960.0 0.0 -1.0 -1.0 -1.0 0.0 0.3586140009811812 0.34361429158570034 0.2977717074331185
9 961.0 0.0 -1.0 -1.0 -1.0 0.0 0.33282151646078895 0.3599993364355594 0.3071791471036518
9 962.0 0.0 -1.0 -1.0 -1.0 0.0 0.32276705467564965 0.3375846422402383 0.3396483030841121
9 963.0 0.0 -1.0 -1.0 -1.0 0.0 0.32935850562765423 0.31858939862984825 0.35205209574249735
9 964.0 0.0 -1.0 -1.0 -1.0 0.0 0.3171674981347483 0.362511246933268 0.3203212549319836
9 965.0 0.0 -1.0 -1.0 -1.0 0.0 0.30912667651264636 0.3682823434829053 0.32259098000444836
9 966.0 0.0 -1.0 -1.0 -1.0 0.0 0.3294553094519948 0.3384100803706833 0.3321346101773219
9 967.0 0.0 -1.0 -1.0 -1.0 0.0 0.3520943039399949 0.31349112747914026 0.33441456858086516
9 968.0 0.0 -1.0 -1.0 -1.0 0.0 0.346820966334475 0.3205291567902478 0.33264987687527703
9 969.0 0.0 -1.0 -1.0 -1.0 0.0 0.3266333160167872 0.3011574769229014 0.3722092070603111
9 970.0 0.0 -1.0 -1.0 -1.0 0.0 0.3587467300479623 0.30361689505967243 0.3376363748923652
9 971.0 0.0 -1.0 -1.0 -1.0 0.0 0.3483347476037627 0.3036197632171532 0.3480454891790839
9 972.0 0.0 -1.0 -1.0 -1.0 0.0 0.340228870490801 0.32445970685715303 0.33531142265204594
9 973.0 0.0 -1.0 -1.0 -1.0 0.0 0.33651185990235377 0.3414606644354359 0.3220274756622106
9 974.0 0.0 -1.0 -1.0 -1.0 0.0 0.3281204799730118 0.3466317961269179 0.32524772390007045
9 975.0 0.0 -1.0 -1.0 -1.0 0.0 0.3687911198610201 0.3308887205032827 0.30032015963569697
9 976.0 0.0 -1.0 -1.0 -1.0 0.0 0.3386282255473445 0.3530118994287042 0.30835987502395124
9 977.0 0.0 -1.0 -1.0 -1.0 0.0 0.34923472627491237 0.3451311849783563 0.3056340887467315
9 978.0 0.0 -1.0 -1.0 -1.0 0.0 0.35964662196334934 0.33248711007365017 0.3078662679630007
9 979.0 0.0 -1.0 -1.0 -1.0 0.0 0.3551012718354165 0.35394070431610525 0.29095802384847824
9 980.0 0.0 -1.0 -1.0 -1.0 0.0 0.3471966825844353 0.34226563436611984 0.31053768304944496
9 981.0 0.0 -1.0 -1.0 -1.0 0.0 0.35395403823744154 0.3139710108674367 0.33207495089512185
9 982.0 0.0 -1.0 -1.0 -1.0 0.0 0.3761256559600125 0.3059633171774921 0.3179110268624952
9 983.0 0.0 -1.0 -1.0 -1.0 0.0 0.3625972507104007 0.30068381139665307 0.3367189378929462
9 984.0 0.0 -1.0 -1.0 -1.0 0.0 0.3699375905311589 0.2948800632087719 0.3351823462600692
9 985.0 0.0 -1.0 -1.0 -1.0 0.0 0.35305881778729287 0.2907710306637106 0.35617015154899634
9 986.0 0.0 -1.0 -1.0 -1.0 0.0 0.37665285776505697 0.293025709981533 0.3303214322534099
9 987.0 0.0 -1.0 -1.0 -1.0 0.0 0.3474605359397544 0.3134484309162325 0.3390910331440128
9 988.0 0.0 -1.0 -1.0 -1.0 0.0 0.3230784649774272 0.32037878817622817 0.35654274684634474
9 989.0 0.0 -1.0 -1.0 -1.0 0.0 0.30812867297555474 0.3322644407571034 0.3596068862673419
9 990.0 0.0 -1.0 -1.0 -1.0 0.0 0.32517764117797293 0.3470577191142574 0.32776463970776976
9 991.0 0.0 -1.0 -1.0 -1.0 0.0 0.32702631844687735 0.3534496350330377 0.31952404652008487
9 992.0 0.0 -1.0 -1.0 -1.0 0.0 0.3128173268196806 0.35831780211639136 0.328864871063928
9 993.0 0.0 -1.0 -1.0 -1.0 0.0 0.33083193457364174 0.3547379853595352 0.3144300800668231
9 994.0 0.0 -1.0 -1.0 -1.0 0.0 0.3542016073731451 0.33819236175117817 0.30760603087567673
9 995.0 0.0 -1.0 -1.0 -1.0 0.0 0.3716242697854632 0.3342789508983103 0.2940967793162266
9 996.0 0.0 -1.0 -1.0 -1.0 0.0 0.3798576716030169 0.3003692200368231 0.31977310836016
9 997.0 0.0 -1.0 -1.0 -1.0 0.0 0.36370042902269817 0.31441121495889923 0.3218883560184029
9 998.0 0.0 -1.0 -1.0 -1.0 0.0 0.34536933028613215 0.3033651767896898 0.3512654929241781
9 999.0 0.0 -1.0 -1.0 -1.0 0.0 0.37157881436155793 0.29169423309218295 0.3367269525462593
9 1000.0 0.0 -1.0 -1.0 -1.0 0.0 0.3622887769985169 0.29303087495569397 0.3446803480457891
1000000000000000000000000000000000000000000000000000000000000000000000000000000000000000000000000000
-1.0
solo con 1: -100.0
