9 0.0 27.0 -40.0 -160.0 -98.98 50.54110838083824 0.3333333333333333 0.3333333333333333 0.3333333333333333
9 1.0 24.0 -40.0 -160.0 -79.47 47.19558595179567 0.2788110438196536 0.2909821030960863 0.4302068530842601
9 2.0 52.0 -38.0 -156.0 -69.32 43.52704488434329 0.28440123139509843 0.22719424220396486 0.4884045264009363
9 3.0 20.0 -36.0 -155.0 -57.73 35.48761485477444 0.2652681972131035 0.20860901749840952 0.5261227852884869
9 4.0 86.0 -35.0 -155.0 -53.36 33.54012221176003 0.260695958765275 0.18900790347630544 0.5502961377584191
9 5.0 1.0 -30.0 -153.0 -47.19 27.815661237889167 0.2372269338698681 0.17153285448700317 0.5912402116431286
9 6.0 1.0 -29.0 -153.0 -44.48 28.448954819167437 0.20189269901453133 0.15488313733361087 0.6432241636518576
9 7.0 73.0 -27.0 -153.0 -37.48 20.065790779233193 0.1833328441728522 0.1393900787944407 0.6772770770327071
9 8.0 69.0 -24.0 -153.0 -34.59 20.39117208475027 0.15380212743928162 0.11988463245478309 0.7263132401059356
9 9.0 52.0 -21.0 -152.0 -31.64 20.741078159833524 0.14540315367596368 0.11438213524167493 0.7402147110823613
9 10.0 47.0 -20.0 -152.0 -26.96 13.449433918469316 0.14616417819406602 0.10607447608623052 0.7477613457197034
9 11.0 32.0 -18.0 -152.0 -24.73 13.250389740789817 0.13679315698800285 0.10271192103971798 0.760494921972279
9 12.0 32.0 -16.0 -151.0 -22.32 13.207650063581337 0.1475153977625349 0.10104656324799624 0.7514380389894688
9 13.0 83.0 -14.0 -150.0 -20.36 13.304909096292473 0.13669654196948094 0.09658298421239678 0.766720473818122
9 14.0 83.0 -12.0 -150.0 -18.54 13.418982484118924 0.13957711879351425 0.0955194311213051 0.7649034500851808
9 15.0 83.0 -10.0 -30.0 -15.7 2.4183640851792454 0.11746365083760832 0.08598076417316611 0.7965555849892254
9 16.0 1.0 -10.0 -20.0 -13.84 1.962887998060331 0.11124397633459732 0.07708032031648218 0.8116757033489205
9 17.0 19.0 -9.0 -20.0 -12.27 1.7970514570801643 0.11827421216198887 0.09023575336139421 0.791490034476617
9 18.0 72.0 -8.0 -20.0 -11.01 1.6483539386523487 0.11953222998707658 0.09003252781869354 0.7904352421942299
9 19.0 10.0 -7.0 -20.0 -9.86 1.530959955008093 0.11912854091398245 0.09134699989145693 0.7895244591945605
9 20.0 10.0 -7.0 -12.0 -8.78 0.9700567514378224 0.12692080876508363 0.09429293595322288 0.7787862552816937
9 21.0 27.0 -6.0 -11.0 -8.0 0.9428090415820634 0.13359253814857242 0.09462541648444432 0.771782045366983
9 22.0 3.0 -6.0 -11.0 -7.37 0.9282872247947676 0.13263758508052811 0.11982856734791474 0.7475338475715574
9 23.0 97.0 -4.0 -9.0 -6.61 0.8027100562117272 0.13355058001993206 0.11242422841566473 0.7540251915644031
9 24.0 58.0 -4.0 -9.0 -5.96 0.9202546858716275 0.14597052601169686 0.11538661683536282 0.7386428571529408
9 25.0 12.0 -3.0 -7.0 -5.06 0.940878592195893 0.16337485742210145 0.12535483403239703 0.7112703085455017
9 26.0 1.0 -3.0 -7.0 -4.42 1.0558160231534066 0.15599146509785575 0.11325197198267345 0.7307565629194706
9 27.0 12.0 -2.0 -6.0 -3.68 0.9627401969735595 0.15883829748526856 0.1274532406159034 0.7137084618988279
9 28.0 8.0 -2.0 -6.0 -3.18 0.7571877794400371 0.1580495011911156 0.14348434604330315 0.6984661527655811
9 29.0 8.0 -2.0 -6.0 -2.88 0.6400757530925301 0.18165020723529784 0.1590318474987466 0.659317945265956
9 30.0 25.0 -1.0 -6.0 -2.48 0.7032392583932265 0.19425247149052946 0.16196502732632467 0.6437825011831461
9 31.0 9.0 -1.0 -6.0 -2.18 0.6416519085276476 0.19633084670626955 0.17057765182694634 0.6330915014667841
9 32.0 6.0 -1.0 -5.0 -1.97 0.5403889358787825 0.22990968532874623 0.1864793286580478 0.5836109860132059
9 33.0 6.0 -1.0 -5.0 -1.71 0.6403124237432849 0.2484013035808993 0.1888834654365479 0.5627152309825527
9 34.0 5.0 -1.0 -5.0 -1.45 0.6415731927193979 0.23704111140026923 0.19333337115716615 0.5696255174425646
9 35.0 0.0 -1.0 -3.0 -1.17 0.4033946860424327 0.2560170888700567 0.20387148416258694 0.5401114269673561
9 36.0 0.0 -1.0 -3.0 -1.11 0.3450955072018604 0.2910270031288745 0.22026276970537803 0.48871022716574786
9 37.0 0.0 -1.0 -3.0 -1.1 0.33333333333333337 0.3113208486992708 0.2423186838568938 0.4463604674438353
9 38.0 0.0 -1.0 -3.0 -1.05 0.2611164839335469 0.30824171166703734 0.2692431409230752 0.4225151474098874
9 39.0 0.0 -1.0 -2.0 -1.03 0.1714466079977653 0.3136092589191442 0.2773944577327118 0.4089962833481438
9 40.0 0.0 -1.0 -2.0 -1.01 0.09999999999999994 0.316904275253467 0.2835886508525372 0.3995070738939956
9 41.0 0.0 -1.0 -1.0 -1.0 0.0 0.33189268278217293 0.3006829316620565 0.36742438555577067
9 42.0 0.0 -1.0 -1.0 -1.0 0.0 0.34475124878073954 0.28555754073473194 0.36969121048452824
9 43.0 0.0 -1.0 -1.0 -1.0 0.0 0.34907268798057295 0.31609047777627974 0.33483683424314714
9 44.0 0.0 -1.0 -1.0 -1.0 0.0 0.34115051460642426 0.3190359497046168 0.3398135356889588
9 45.0 0.0 -1.0 -1.0 -1.0 0.0 0.342514027932611 0.34015973373005215 0.31732623833733686
9 46.0 0.0 -1.0 -1.0 -1.0 0.0 0.3428013875710402 0.33619483507517045 0.32100377735378943
9 47.0 0.0 -1.0 -1.0 -1.0 0.0 0.3608185548939833 0.3057140089390144 0.3334674361670025
9 48.0 0.0 -1.0 -1.0 -1.0 0.0 0.3348102806364933 0.31834834192131206 0.3468413774421945
9 49.0 0.0 -1.0 -1.0 -1.0 0.0 0.34494505987867635 0.31032185385082955 0.34473308627049426
9 50.0 0.0 -1.0 -1.0 -1.0 0.0 0.3371247022799493 0.3417539273109188 0.32112137040913175
9 51.0 0.0 -1.0 -1.0 -1.0 0.0 0.3287562634112124 0.3445227327222245 0.3267210038665629
9 52.0 0.0 -1.0 -1.0 -1.0 0.0 0.31641928269799174 0.3395277080604898 0.34405300924151855
9 53.0 0.0 -1.0 -1.0 -1.0 0.0 0.30656034871506793 0.3393204315166883 0.3541192197682438
9 54.0 0.0 -1.0 -1.0 -1.0 0.0 0.3347697819318424 0.3216130163190229 0.3436172017491346
9 55.0 0.0 -1.0 -1.0 -1.0 0.0 0.3325647361051227 0.3517798860509055 0.31565537784397185
9 56.0 0.0 -1.0 -1.0 -1.0 0.0 0.3186614525595389 0.3586511342280165 0.32268741321244443
9 57.0 0.0 -1.0 -1.0 -1.0 0.0 0.33145357270512277 0.35461224668349994 0.31393418061137746
9 58.0 0.0 -1.0 -1.0 -1.0 0.0 0.34694268221965735 0.3650251523642112 0.2880321654161314
9 59.0 0.0 -1.0 -1.0 -1.0 0.0 0.32817197749412275 0.3721647801938866 0.29966324231199065
9 60.0 0.0 -1.0 -1.0 -1.0 0.0 0.3294027151918226 0.3859269788699148 0.28467030593826237
9 61.0 0.0 -1.0 -1.0 -1.0 0.0 0.33906947255927533 0.3571093424910315 0.3038211849496933
9 62.0 0.0 -1.0 -1.0 -1.0 0.0 0.3145520693340599 0.35634855854586633 0.329099372120074
9 63.0 0.0 -1.0 -1.0 -1.0 0.0 0.311601209700757 0.34788428728921617 0.3405145030100269
9 64.0 0.0 -1.0 -1.0 -1.0 0.0 0.33267580126279805 0.35483377556538154 0.3124904231718203
9 65.0 0.0 -1.0 -1.0 -1.0 0.0 0.3429653266863021 0.3290543279936199 0.32798034532007797
9 66.0 0.0 -1.0 -1.0 -1.0 0.0 0.29794498306592787 0.31923538301291804 0.38281963392115403
9 67.0 0.0 -1.0 -1.0 -1.0 0.0 0.34935433384662695 0.3022066471135599 0.34843901903981306
9 68.0 0.0 -1.0 -1.0 -1.0 0.0 0.3447180856750242 0.29707018832232807 0.35821172600264795
9 69.0 0.0 -1.0 -1.0 -1.0 0.0 0.3574756891601361 0.3075574613923052 0.3349668494475588
9 70.0 0.0 -1.0 -1.0 -1.0 0.0 0.36626914544588296 0.29173118094992 0.3419996736041969
9 71.0 0.0 -1.0 -1.0 -1.0 0.0 0.3766716694206266 0.2911931172681069 0.33213521331126644
9 72.0 0.0 -1.0 -1.0 -1.0 0.0 0.38732867585796443 0.30607811043036565 0.30659321371167
9 73.0 0.0 -1.0 -1.0 -1.0 0.0 0.35678605529612706 0.35606427745981406 0.287149667244059
9 74.0 0.0 -1.0 -1.0 -1.0 0.0 0.36374889697986695 0.33341263041554753 0.3028384726045856
9 75.0 0.0 -1.0 -1.0 -1.0 0.0 0.3451014516747151 0.3277249825534826 0.32717356577180207
9 76.0 0.0 -1.0 -1.0 -1.0 0.0 0.3709947639045295 0.331315675330714 0.2976895607647564
9 77.0 0.0 -1.0 -1.0 -1.0 0.0 0.3803318733496355 0.3198773295818756 0.299790797068489
9 78.0 0.0 -1.0 -1.0 -1.0 0.0 0.37668874570890204 0.3257066828643753 0.29760457142672264
9 79.0 0.0 -1.0 -1.0 -1.0 0.0 0.3533280375182278 0.30166318563554456 0.34500877684622766
9 80.0 0.0 -1.0 -1.0 -1.0 0.0 0.33579416749757973 0.2912759250290266 0.37292990747339394
9 81.0 0.0 -1.0 -1.0 -1.0 0.0 0.3030278020928316 0.33205364021777695 0.3649185576893919
9 82.0 0.0 -1.0 -1.0 -1.0 0.0 0.3155365487264417 0.3055986974550509 0.3788647538185073
9 83.0 0.0 -1.0 -1.0 -1.0 0.0 0.29821284809498977 0.3069434459385792 0.39484370596643087
9 84.0 0.0 -1.0 -1.0 -1.0 0.0 0.32622982535599915 0.2824121256658877 0.3913580489781129
9 85.0 0.0 -1.0 -1.0 -1.0 0.0 0.3492152455269823 0.28695805947094416 0.3638266950020734
9 86.0 0.0 -1.0 -1.0 -1.0 0.0 0.3179351448205327 0.3016960369376586 0.38036881824180874
9 87.0 0.0 -1.0 -1.0 -1.0 0.0 0.32545358995571155 0.29951529164560975 0.375031118398679
9 88.0 0.0 -1.0 -1.0 -1.0 0.0 0.31458113235268215 0.3296764377585017 0.3557424298888162
9 89.0 0.0 -1.0 -1.0 -1.0 0.0 0.295620563492438 0.349600481828463 0.354778954679099
9 90.0 0.0 -1.0 -1.0 -1.0 0.0 0.31172261271305024 0.34196787543421786 0.34630951185273184
9 91.0 0.0 -1.0 -1.0 -1.0 0.0 0.3009207455345546 0.33822614538052387 0.36085310908492124
9 92.0 0.0 -1.0 -1.0 -1.0 0.0 0.2966092791126193 0.35055980102032186 0.3528309198670587
9 93.0 0.0 -1.0 -1.0 -1.0 0.0 0.31507567886919174 0.34814389809062846 0.3367804230401799
9 94.0 0.0 -1.0 -1.0 -1.0 0.0 0.3058049510703816 0.37405105384100445 0.3201439950886137
9 95.0 0.0 -1.0 -1.0 -1.0 0.0 0.3105633263613649 0.3622648815757102 0.3271717920629249
9 96.0 0.0 -1.0 -1.0 -1.0 0.0 0.3064822369276786 0.35204637145998946 0.34147139161233175
9 97.0 0.0 -1.0 -1.0 -1.0 0.0 0.3005786336683385 0.36822235059985 0.3311990157318114
9 98.0 0.0 -1.0 -1.0 -1.0 0.0 0.30802496500327836 0.3811536483264744 0.3108213866702473
9 99.0 0.0 -1.0 -1.0 -1.0 0.0 0.3312879348032097 0.3598482577469047 0.3088638074498856
9 100.0 0.0 -1.0 -1.0 -1.0 0.0 0.334195861514063 0.34898152434703844 0.31682261413889845
9 101.0 0.0 -1.0 -1.0 -1.0 0.0 0.3753551924629977 0.2987379490613891 0.3259068584756133
9 102.0 0.0 -1.0 -1.0 -1.0 0.0 0.37131339713883876 0.30503787818294226 0.323648724678219
9 103.0 0.0 -1.0 -1.0 -1.0 0.0 0.36479907421352403 0.3087047435367534 0.32649618224972243
9 104.0 0.0 -1.0 -1.0 -1.0 0.0 0.3625852799535415 0.33527430618904874 0.30214041385740975
9 105.0 0.0 -1.0 -1.0 -1.0 0.0 0.357784413433477 0.3563213085201325 0.28589427804639034
9 106.0 0.0 -1.0 -1.0 -1.0 0.0 0.3285096365360264 0.3623527748371358 0.30913758862683793
9 107.0 0.0 -1.0 -1.0 -1.0 0.0 0.3229221283712935 0.35121800242562046 0.325859869203086
9 108.0 0.0 -1.0 -1.0 -1.0 0.0 0.32397241912737107 0.34631161672075067 0.32971596415187826
9 109.0 0.0 -1.0 -1.0 -1.0 0.0 0.33770869762459554 0.3464196474640766 0.31587165491132774
9 110.0 0.0 -1.0 -1.0 -1.0 0.0 0.3306608700600834 0.3469066519719637 0.32243247796795294
9 111.0 0.0 -1.0 -1.0 -1.0 0.0 0.33984596449347876 0.350547018441566 0.3096070170649552
9 112.0 0.0 -1.0 -1.0 -1.0 0.0 0.3415858985969907 0.3485343701795797 0.3098797312234295
9 113.0 0.0 -1.0 -1.0 -1.0 0.0 0.3528960656676579 0.3338402959277032 0.3132636384046391
9 114.0 0.0 -1.0 -1.0 -1.0 0.0 0.3725052423425583 0.3291970797513926 0.29829767790604916
9 115.0 0.0 -1.0 -1.0 -1.0 0.0 0.34617654631759676 0.34718689279275616 0.3066365608896473
9 116.0 0.0 -1.0 -1.0 -1.0 0.0 0.33644174441931746 0.352346632604328 0.31121162297635463
9 117.0 0.0 -1.0 -1.0 -1.0 0.0 0.3317671512507042 0.34645576172897563 0.32177708702032015
9 118.0 0.0 -1.0 -1.0 -1.0 0.0 0.3340720639859844 0.3555082656396653 0.3104196703743505
9 119.0 0.0 -1.0 -1.0 -1.0 0.0 0.33711594434889797 0.3726807562641874 0.29020329938691486
9 120.0 0.0 -1.0 -1.0 -1.0 0.0 0.32996011159422683 0.37018697526020766 0.2998529131455652
9 121.0 0.0 -1.0 -1.0 -1.0 0.0 0.3507205322275658 0.3324153417637962 0.31686412600863817
9 122.0 0.0 -1.0 -1.0 -1.0 0.0 0.3633507459149671 0.32749538785810595 0.3091538662269274
9 123.0 0.0 -1.0 -1.0 -1.0 0.0 0.32172641282687914 0.3564301375333126 0.32184344963980843
9 124.0 0.0 -1.0 -1.0 -1.0 0.0 0.2996044911485224 0.3879009388162267 0.31249457003525083
9 125.0 0.0 -1.0 -1.0 -1.0 0.0 0.2918227054593038 0.40219702405183916 0.305980270488857
9 126.0 0.0 -1.0 -1.0 -1.0 0.0 0.31668788947524446 0.3934977620757186 0.28981434844903686
9 127.0 0.0 -1.0 -1.0 -1.0 0.0 0.3371220698941416 0.3586019691345383 0.30427596097132
9 128.0 0.0 -1.0 -1.0 -1.0 0.0 0.3335492157205044 0.3582865697640683 0.30816421451542714
9 129.0 0.0 -1.0 -1.0 -1.0 0.0 0.3120088025289957 0.3683065620637087 0.31968463540729547
9 130.0 0.0 -1.0 -1.0 -1.0 0.0 0.3162779230059871 0.35822780099321444 0.32549427600079817
9 131.0 0.0 -1.0 -1.0 -1.0 0.0 0.2995858266141575 0.380511684433783 0.3199024889520593
9 132.0 0.0 -1.0 -1.0 -1.0 0.0 0.309604092874604 0.376248465722568 0.3141474414028281
9 133.0 0.0 -1.0 -1.0 -1.0 0.0 0.29968202218035184 0.34244598470241605 0.35787199311723195
9 134.0 0.0 -1.0 -1.0 -1.0 0.0 0.3106622962710832 0.35623415694949173 0.3331035467794251
9 135.0 0.0 -1.0 -1.0 -1.0 0.0 0.3360476263086553 0.34797505877868246 0.3159773149126621
9 136.0 0.0 -1.0 -1.0 -1.0 0.0 0.3347980314470337 0.34515047695388723 0.32005149159907936
9 137.0 0.0 -1.0 -1.0 -1.0 0.0 0.3319376742711736 0.339561692256076 0.3285006334727506
9 138.0 0.0 -1.0 -1.0 -1.0 0.0 0.3000607085195611 0.3592793271743234 0.34065996430611556
9 139.0 0.0 -1.0 -1.0 -1.0 0.0 0.3031526105947408 0.37457517353516423 0.32227221587009497
9 140.0 0.0 -1.0 -1.0 -1.0 0.0 0.33220318851829833 0.3620407730960441 0.30575603838565757
9 141.0 0.0 -1.0 -1.0 -1.0 0.0 0.3211792487728857 0.3881721708513466 0.2906485803757678
9 142.0 0.0 -1.0 -1.0 -1.0 0.0 0.34042071699648674 0.3739450268928263 0.2856342561106872
9 143.0 0.0 -1.0 -1.0 -1.0 0.0 0.32847957363970903 0.3588722881577042 0.3126481382025867
9 144.0 0.0 -1.0 -1.0 -1.0 0.0 0.3226227337894323 0.3580925192215573 0.31928474698901055
9 145.0 0.0 -1.0 -1.0 -1.0 0.0 0.32645960182573747 0.35241485400464556 0.3211255441696171
9 146.0 0.0 -1.0 -1.0 -1.0 0.0 0.3383117500345573 0.32871981195010136 0.3329684380153411
9 147.0 0.0 -1.0 -1.0 -1.0 0.0 0.3322667244324384 0.34356390474815685 0.32416937081940483
9 148.0 0.0 -1.0 -1.0 -1.0 0.0 0.32923546785791813 0.33459038562714144 0.33617414651494054
9 149.0 0.0 -1.0 -1.0 -1.0 0.0 0.3194418272857211 0.3555694329503747 0.3249887397639041
9 150.0 0.0 -1.0 -1.0 -1.0 0.0 0.31946395259890514 0.365075382521807 0.3154606648792878
9 151.0 0.0 -1.0 -1.0 -1.0 0.0 0.31734724455012864 0.3494199303873927 0.3332328250624785
9 152.0 0.0 -1.0 -1.0 -1.0 0.0 0.31317178186771577 0.35246744553986376 0.33436077259242064
9 153.0 0.0 -1.0 -1.0 -1.0 0.0 0.3091280779549987 0.3659201550901106 0.324951766954891
9 154.0 0.0 -1.0 -1.0 -1.0 0.0 0.31671048516115663 0.3546488097208521 0.32864070511799137
9 155.0 0.0 -1.0 -1.0 -1.0 0.0 0.3296950315393908 0.3434950751820185 0.3268098932785911
9 156.0 0.0 -1.0 -1.0 -1.0 0.0 0.3241728400397846 0.3372878490284492 0.3385393109317665
9 157.0 0.0 -1.0 -1.0 -1.0 0.0 0.3251115715865221 0.32268471341304705 0.35220371500043085
9 158.0 0.0 -1.0 -1.0 -1.0 0.0 0.29946132540781256 0.33722824118663763 0.36331043340554947
9 159.0 0.0 -1.0 -1.0 -1.0 0.0 0.30222418620010605 0.34141137656764803 0.3563644372322458
9 160.0 0.0 -1.0 -1.0 -1.0 0.0 0.3096795588580677 0.3286784836485754 0.3616419574933569
9 161.0 0.0 -1.0 -1.0 -1.0 0.0 0.352697309400004 0.32330693012564865 0.32399576047434747
9 162.0 0.0 -1.0 -1.0 -1.0 0.0 0.3273711719254302 0.3264350274393695 0.3461938006352003
9 163.0 0.0 -1.0 -1.0 -1.0 0.0 0.3246275814524811 0.3328005683486525 0.34257185019886643
9 164.0 0.0 -1.0 -1.0 -1.0 0.0 0.29237694184337176 0.3663012196615304 0.34132183849509784
9 165.0 0.0 -1.0 -1.0 -1.0 0.0 0.3176032763110367 0.354516329355152 0.32788039433381144
9 166.0 0.0 -1.0 -1.0 -1.0 0.0 0.333268830695623 0.33339757372578144 0.33333359557859543
9 167.0 0.0 -1.0 -1.0 -1.0 0.0 0.33046214127192447 0.34032034034345826 0.32921751838461744
9 168.0 0.0 -1.0 -1.0 -1.0 0.0 0.33120348152487006 0.3305611424661909 0.33823537600893916
9 169.0 0.0 -1.0 -1.0 -1.0 0.0 0.3486770491625179 0.3225929426307727 0.3287300082067092
9 170.0 0.0 -1.0 -1.0 -1.0 0.0 0.353842042783747 0.3181923505277328 0.32796560668852015
9 171.0 0.0 -1.0 -1.0 -1.0 0.0 0.3788607316415512 0.2949957249696768 0.32614354338877205
9 172.0 0.0 -1.0 -1.0 -1.0 0.0 0.3773079207033236 0.29599724564357044 0.3266948336531058
9 173.0 0.0 -1.0 -1.0 -1.0 0.0 0.38704042529676114 0.2876728411266111 0.3252867335766279
9 174.0 0.0 -1.0 -1.0 -1.0 0.0 0.36366176724309446 0.3028749712587802 0.3334632614981252
9 175.0 0.0 -1.0 -1.0 -1.0 0.0 0.35438002401523105 0.3057330463661085 0.33988692961866057
9 176.0 0.0 -1.0 -1.0 -1.0 0.0 0.3552528413703287 0.32814994757447513 0.316597211055196
9 177.0 0.0 -1.0 -1.0 -1.0 0.0 0.356084296020382 0.3207122517457269 0.323203452233891
9 178.0 0.0 -1.0 -1.0 -1.0 0.0 0.32566225869426213 0.34008500651325735 0.33425273479248063
9 179.0 0.0 -1.0 -1.0 -1.0 0.0 0.3416821673431894 0.3295264288425843 0.32879140381422645
9 180.0 0.0 -1.0 -1.0 -1.0 0.0 0.32749712555411664 0.3393473531991697 0.3331555212467138
9 181.0 0.0 -1.0 -1.0 -1.0 0.0 0.33244842202478525 0.35997808659969954 0.30757349137551526
9 182.0 0.0 -1.0 -1.0 -1.0 0.0 0.31651747726993734 0.3840299802245058 0.299452542505557
9 183.0 0.0 -1.0 -1.0 -1.0 0.0 0.32785345231376367 0.3849122509381994 0.28723429674803674
9 184.0 0.0 -1.0 -1.0 -1.0 0.0 0.3246842044358668 0.3563979634195513 0.3189178321445818
9 185.0 0.0 -1.0 -1.0 -1.0 0.0 0.33966506309372085 0.35246445616295446 0.30787048074332474
9 186.0 0.0 -1.0 -1.0 -1.0 0.0 0.35283779926877756 0.3249016089168339 0.32226059181438854
9 187.0 0.0 -1.0 -1.0 -1.0 0.0 0.34820786374870244 0.3207885295035847 0.3310036067477129
9 188.0 0.0 -1.0 -1.0 -1.0 0.0 0.3362227942622262 0.3428700583632093 0.32090714737456444
9 189.0 0.0 -1.0 -1.0 -1.0 0.0 0.33449818656786334 0.34989771636732897 0.3156040970648075
9 190.0 0.0 -1.0 -1.0 -1.0 0.0 0.35811692305446313 0.3358386407234375 0.3060444362220995
9 191.0 0.0 -1.0 -1.0 -1.0 0.0 0.3180115587342802 0.3584763967602022 0.3235120445055174
9 192.0 0.0 -1.0 -1.0 -1.0 0.0 0.3123401934527332 0.37030492949746197 0.31735487704980464
9 193.0 0.0 -1.0 -1.0 -1.0 0.0 0.31595976936325615 0.35230003549287675 0.33174019514386704
9 194.0 0.0 -1.0 -1.0 -1.0 0.0 0.31866889602100973 0.35553704412850146 0.3257940598504888
9 195.0 0.0 -1.0 -1.0 -1.0 0.0 0.3179610978071164 0.352358641829373 0.32968026036351084
9 196.0 0.0 -1.0 -1.0 -1.0 0.0 0.3102007358297695 0.332931013085893 0.3568682510843372
9 197.0 0.0 -1.0 -1.0 -1.0 0.0 0.3204388888335504 0.3326865248874128 0.3468745862790369
9 198.0 0.0 -1.0 -1.0 -1.0 0.0 0.34207478125626906 0.33606780268394987 0.3218574160597808
9 199.0 0.0 -1.0 -1.0 -1.0 0.0 0.33016069639198004 0.3335378678216429 0.3363014357863768
9 200.0 0.0 -1.0 -1.0 -1.0 0.0 0.3555451725681527 0.32392609955259 0.320528727879257
9 201.0 0.0 -1.0 -1.0 -1.0 0.0 0.33540812576707707 0.34420808700921607 0.3203837872237068
9 202.0 0.0 -1.0 -1.0 -1.0 0.0 0.33613634119329755 0.36292404807224676 0.30093961073445574
9 203.0 0.0 -1.0 -1.0 -1.0 0.0 0.34454672654853824 0.35898487164910486 0.29646840180235684
9 204.0 0.0 -1.0 -1.0 -1.0 0.0 0.33487744573015066 0.37770105925934816 0.28742149501050135
9 205.0 0.0 -1.0 -1.0 -1.0 0.0 0.33842793510187474 0.38303135390459286 0.2785407109935325
9 206.0 0.0 -1.0 -1.0 -1.0 0.0 0.3516446680174045 0.34369595694425037 0.30465937503834495
9 207.0 0.0 -1.0 -1.0 -1.0 0.0 0.36580587644442103 0.32503231528237386 0.30916180827320494
9 208.0 0.0 -1.0 -1.0 -1.0 0.0 0.3405026668492852 0.3453484748510279 0.31414885829968703
9 209.0 0.0 -1.0 -1.0 -1.0 0.0 0.3318471892658751 0.3476208614481109 0.3205319492860139
9 210.0 0.0 -1.0 -1.0 -1.0 0.0 0.3462760782236892 0.3400476377191513 0.31367628405715936
9 211.0 0.0 -1.0 -1.0 -1.0 0.0 0.34477412511573335 0.33647557515160387 0.3187502997326626
9 212.0 0.0 -1.0 -1.0 -1.0 0.0 0.34434668113815725 0.3232867691774566 0.3323665496843862
9 213.0 0.0 -1.0 -1.0 -1.0 0.0 0.37148620127305887 0.2963879286716006 0.3321258700553404
9 214.0 0.0 -1.0 -1.0 -1.0 0.0 0.35118723743632707 0.31860152260510405 0.33021123995856905
9 215.0 0.0 -1.0 -1.0 -1.0 0.0 0.3443262740086375 0.3440686655624803 0.31160506042888225
9 216.0 0.0 -1.0 -1.0 -1.0 0.0 0.3385274528871849 0.35755535049602294 0.30391719661679223
9 217.0 0.0 -1.0 -1.0 -1.0 0.0 0.34147865200936783 0.33740099002726937 0.3211203579633629
9 218.0 0.0 -1.0 -1.0 -1.0 0.0 0.33067174760281143 0.3547936508813669 0.3145346015158217
9 219.0 0.0 -1.0 -1.0 -1.0 0.0 0.3267533245095398 0.34202106433230334 0.3312256111581571
9 220.0 0.0 -1.0 -1.0 -1.0 0.0 0.35434584560363624 0.3227859970961666 0.3228681573001974
9 221.0 0.0 -1.0 -1.0 -1.0 0.0 0.373869268713829 0.3051468396726585 0.3209838916135124
9 222.0 0.0 -1.0 -1.0 -1.0 0.0 0.3505015712219002 0.3098439775028595 0.3396544512752404
9 223.0 0.0 -1.0 -1.0 -1.0 0.0 0.37424950831710385 0.3100754929108335 0.3156749987720626
9 224.0 0.0 -1.0 -1.0 -1.0 0.0 0.3765657505097645 0.30802308921944144 0.3154111602707943
9 225.0 0.0 -1.0 -1.0 -1.0 0.0 0.3520349813937771 0.30253826828303776 0.34542675032318526
9 226.0 0.0 -1.0 -1.0 -1.0 0.0 0.3549054476339266 0.29065056151874996 0.35444399084732336
9 227.0 0.0 -1.0 -1.0 -1.0 0.0 0.3665390634756866 0.2890909069456285 0.3443700295786848
9 228.0 0.0 -1.0 -1.0 -1.0 0.0 0.35432590296734445 0.32344719243923264 0.3222269045934231
9 229.0 0.0 -1.0 -1.0 -1.0 0.0 0.3486965357899651 0.3266270016606988 0.32467646254933624
9 230.0 0.0 -1.0 -1.0 -1.0 0.0 0.35131412688493063 0.3086104136512224 0.34007545946384693
9 231.0 0.0 -1.0 -1.0 -1.0 0.0 0.3323868166131536 0.31530480313531783 0.35230838025152833
9 232.0 0.0 -1.0 -1.0 -1.0 0.0 0.3286921007013612 0.33711423778067784 0.3341936615179612
9 233.0 0.0 -1.0 -1.0 -1.0 0.0 0.3096698315716745 0.3516079110953584 0.3387222573329672
9 234.0 0.0 -1.0 -1.0 -1.0 0.0 0.33002409369178126 0.3238116392604735 0.3461642670477456
9 235.0 0.0 -1.0 -1.0 -1.0 0.0 0.3489380448780809 0.3097703486652759 0.34129160645664336
9 236.0 0.0 -1.0 -1.0 -1.0 0.0 0.377887690700126 0.30691030030634836 0.3152020089935257
9 237.0 0.0 -1.0 -1.0 -1.0 0.0 0.3557686119128632 0.33408222807639254 0.3101491600107445
9 238.0 0.0 -1.0 -1.0 -1.0 0.0 0.3698601368756214 0.3370784758615327 0.293061387262846
9 239.0 0.0 -1.0 -1.0 -1.0 0.0 0.3756755580211759 0.329156818919151 0.29516762305967326
9 240.0 0.0 -1.0 -1.0 -1.0 0.0 0.36541246126862215 0.3141676951025665 0.3204198436288113
9 241.0 0.0 -1.0 -1.0 -1.0 0.0 0.3895726264719177 0.30827368241794767 0.3021536911101347
9 242.0 0.0 -1.0 -1.0 -1.0 0.0 0.36665848479169955 0.3374021080613969 0.29593940714690353
9 243.0 0.0 -1.0 -1.0 -1.0 0.0 0.33101881527423527 0.3396192473979505 0.3293619373278141
9 244.0 0.0 -1.0 -1.0 -1.0 0.0 0.34180257468645964 0.35745749983811875 0.30073992547542155
9 245.0 0.0 -1.0 -1.0 -1.0 0.0 0.3240743808252094 0.35468258801109925 0.3212430311636912
9 246.0 0.0 -1.0 -1.0 -1.0 0.0 0.3325892565653031 0.33115567383683453 0.33625506959786233
9 247.0 0.0 -1.0 -1.0 -1.0 0.0 0.34771523150173494 0.3232694452059238 0.3290153232923413
9 248.0 0.0 -1.0 -1.0 -1.0 0.0 0.3521304518542697 0.3269447158874037 0.32092483225832646
9 249.0 0.0 -1.0 -1.0 -1.0 0.0 0.33456473647249857 0.33704008680492914 0.32839517672257235
9 250.0 0.0 -1.0 -1.0 -1.0 0.0 0.34194404738969814 0.33653047601174235 0.3215254765985597
9 251.0 0.0 -1.0 -1.0 -1.0 0.0 0.33784340531188356 0.3244503052751895 0.33770628941292685
9 252.0 0.0 -1.0 -1.0 -1.0 0.0 0.3328982204388214 0.3234494209887149 0.3436523585724639
9 253.0 0.0 -1.0 -1.0 -1.0 0.0 0.3301777613252381 0.32494925331903235 0.3448729853557297
9 254.0 0.0 -1.0 -1.0 -1.0 0.0 0.3451815517376832 0.3112242788198081 0.3435941694425085
9 255.0 0.0 -1.0 -1.0 -1.0 0.0 0.34630896020985547 0.3143702551765605 0.3393207846135839
9 256.0 0.0 -1.0 -1.0 -1.0 0.0 0.32071550462983806 0.3079260627476076 0.37135843262255436
9 257.0 0.0 -1.0 -1.0 -1.0 0.0 0.3282107116798318 0.32261721841655927 0.34917206990360905
9 258.0 0.0 -1.0 -1.0 -1.0 0.0 0.34655170368864047 0.3264035716697852 0.32704472464157425
9 259.0 0.0 -1.0 -1.0 -1.0 0.0 0.3493946354297446 0.3375780863125362 0.31302727825771914
9 260.0 0.0 -1.0 -1.0 -1.0 0.0 0.32717403631617015 0.31907700211613926 0.3537489615676904
9 261.0 0.0 -1.0 -1.0 -1.0 0.0 0.3267865074843148 0.3121325858749143 0.36108090664077075
9 262.0 0.0 -1.0 -1.0 -1.0 0.0 0.3561088025629337 0.3124058166451903 0.331485380791876
9 263.0 0.0 -1.0 -1.0 -1.0 0.0 0.33102185566988274 0.33208226499999705 0.33689587933012016
9 264.0 0.0 -1.0 -1.0 -1.0 0.0 0.30101094397912354 0.36149270461133787 0.3374963514095387
9 265.0 0.0 -1.0 -1.0 -1.0 0.0 0.28664858605555005 0.35113404697762063 0.3622173669668291
9 266.0 0.0 -1.0 -1.0 -1.0 0.0 0.29891567561514115 0.34555205308118403 0.35553227130367504
9 267.0 0.0 -1.0 -1.0 -1.0 0.0 0.3283592240709337 0.3178097284592919 0.35383104746977445
9 268.0 0.0 -1.0 -1.0 -1.0 0.0 0.3095450511998735 0.31559064572029255 0.3748643030798337
9 269.0 0.0 -1.0 -1.0 -1.0 0.0 0.2909561558066098 0.3489698024810034 0.36007404171238705
9 270.0 0.0 -1.0 -1.0 -1.0 0.0 0.30940736234805155 0.3485173952458628 0.3420752424060856
9 271.0 0.0 -1.0 -1.0 -1.0 0.0 0.30147517345451535 0.327811830481364 0.37071299606412056
9 272.0 0.0 -1.0 -1.0 -1.0 0.0 0.3176929124311971 0.32608256141845066 0.3562245261503522
9 273.0 0.0 -1.0 -1.0 -1.0 0.0 0.33294786199511095 0.3112970083238236 0.35575512968106543
9 274.0 0.0 -1.0 -1.0 -1.0 0.0 0.31988379971044545 0.32375862518140147 0.3563575751081532
9 275.0 0.0 -1.0 -1.0 -1.0 0.0 0.3485348858576201 0.2819462657123824 0.3695188484299976
9 276.0 0.0 -1.0 -1.0 -1.0 0.0 0.32930204137437585 0.29670548897418025 0.373992469651444
9 277.0 0.0 -1.0 -1.0 -1.0 0.0 0.3496949277139078 0.2967779633471469 0.35352710893894534
9 278.0 0.0 -1.0 -1.0 -1.0 0.0 0.3352239651588817 0.3260279314884817 0.33874810335263655
9 279.0 0.0 -1.0 -1.0 -1.0 0.0 0.32710277364793616 0.3402966494829635 0.3326005768691004
9 280.0 0.0 -1.0 -1.0 -1.0 0.0 0.3588147471131912 0.3247458324711841 0.31643942041562484
9 281.0 0.0 -1.0 -1.0 -1.0 0.0 0.35230746973055405 0.32593169671104383 0.3217608335584021
9 282.0 0.0 -1.0 -1.0 -1.0 0.0 0.3327026593544607 0.3381427199897927 0.32915462065574685
9 283.0 0.0 -1.0 -1.0 -1.0 0.0 0.33750801594505925 0.32881232863785326 0.3336796554170876
9 284.0 0.0 -1.0 -1.0 -1.0 0.0 0.3354783221462869 0.3592813231376124 0.3052403547161006
9 285.0 0.0 -1.0 -1.0 -1.0 0.0 0.33400598048820657 0.35786843793218426 0.30812558157960934
9 286.0 0.0 -1.0 -1.0 -1.0 0.0 0.32221086297988977 0.34653060876788433 0.331258528252226
9 287.0 0.0 -1.0 -1.0 -1.0 0.0 0.31808993765752996 0.3629369646199321 0.31897309772253785
9 288.0 0.0 -1.0 -1.0 -1.0 0.0 0.330360637804485 0.3520955485518806 0.31754381364363443
9 289.0 0.0 -1.0 -1.0 -1.0 0.0 0.35281052269505486 0.3528011042183028 0.2943883730866421
9 290.0 0.0 -1.0 -1.0 -1.0 0.0 0.33416795439399766 0.3604794994936047 0.3053525461123976
9 291.0 0.0 -1.0 -1.0 -1.0 0.0 0.3244063708792479 0.3633627406895847 0.31223088843116714
9 292.0 0.0 -1.0 -1.0 -1.0 0.0 0.35701530552812405 0.3419458139473028 0.3010388805245733
9 293.0 0.0 -1.0 -1.0 -1.0 0.0 0.333572225212511 0.336085178827063 0.3303425959604261
9 294.0 0.0 -1.0 -1.0 -1.0 0.0 0.34641042716501114 0.3234719957775885 0.33011757705740025
9 295.0 0.0 -1.0 -1.0 -1.0 0.0 0.36139054725255315 0.3173726453541235 0.3212368073933233
9 296.0 0.0 -1.0 -1.0 -1.0 0.0 0.33437806215909305 0.3312069472273691 0.33441499061353785
9 297.0 0.0 -1.0 -1.0 -1.0 0.0 0.3011290100957186 0.3517073497698587 0.34716364013442286
9 298.0 0.0 -1.0 -1.0 -1.0 0.0 0.29979958737444184 0.35424359331214866 0.34595681931340955
9 299.0 0.0 -1.0 -1.0 -1.0 0.0 0.3341001638771756 0.34823539009038695 0.31766444603243754
9 300.0 0.0 -1.0 -1.0 -1.0 0.0 0.3149488708393302 0.35155641035979807 0.3334947188008719
9 301.0 0.0 -1.0 -1.0 -1.0 0.0 0.32807456376884253 0.37397235728681694 0.2979530789443407
9 302.0 0.0 -1.0 -1.0 -1.0 0.0 0.3153393035605234 0.3616404068464667 0.3230202895930097
9 303.0 0.0 -1.0 -1.0 -1.0 0.0 0.3105700910598203 0.3439356223651634 0.3454942865750163
9 304.0 0.0 -1.0 -1.0 -1.0 0.0 0.31781704572743974 0.3490576653167926 0.3331252889557673
9 305.0 0.0 -1.0 -1.0 -1.0 0.0 0.29042090502874235 0.3603666505526883 0.3492124444185692
9 306.0 0.0 -1.0 -1.0 -1.0 0.0 0.30495387811679014 0.3668703106961618 0.32817581118704825
9 307.0 0.0 -1.0 -1.0 -1.0 0.0 0.3145215852291123 0.36310810539947025 0.3223703093714172
9 308.0 0.0 -1.0 -1.0 -1.0 0.0 0.3133832818873282 0.3706799123175144 0.3159368057951573
9 309.0 0.0 -1.0 -1.0 -1.0 0.0 0.3056394797529445 0.37503265576582107 0.3193278644812345
9 310.0 0.0 -1.0 -1.0 -1.0 0.0 0.32711336749380465 0.37328215887685345 0.29960447362934195
9 311.0 0.0 -1.0 -1.0 -1.0 0.0 0.3313789442803378 0.3319568775156833 0.3366641782039792
9 312.0 0.0 -1.0 -1.0 -1.0 0.0 0.33682279630564743 0.31946991569183153 0.3437072880025211
9 313.0 0.0 -1.0 -1.0 -1.0 0.0 0.30840394036378954 0.34685854629592633 0.34473751334028413
9 314.0 0.0 -1.0 -1.0 -1.0 0.0 0.3263073006411086 0.3534788153545842 0.3202138840043074
9 315.0 0.0 -1.0 -1.0 -1.0 0.0 0.3078694449427837 0.378134393783387 0.31399616127382923
9 316.0 0.0 -1.0 -1.0 -1.0 0.0 0.3145514871958125 0.35983020616527484 0.3256183066389128
9 317.0 0.0 -1.0 -1.0 -1.0 0.0 0.3150261017576528 0.3720133608797822 0.31296053736256485
9 318.0 0.0 -1.0 -1.0 -1.0 0.0 0.333017371402261 0.3583852512698504 0.308597377327889
9 319.0 0.0 -1.0 -1.0 -1.0 0.0 0.31276041337290617 0.3568041841422459 0.3304354024848478
9 320.0 0.0 -1.0 -1.0 -1.0 0.0 0.32546734511278935 0.3166385202027706 0.35789413468444
9 321.0 0.0 -1.0 -1.0 -1.0 0.0 0.33343399888927666 0.30728351033681905 0.3592824907739041
9 322.0 0.0 -1.0 -1.0 -1.0 0.0 0.30408860023491485 0.3262613280991857 0.3696500716658997
9 323.0 0.0 -1.0 -1.0 -1.0 0.0 0.31885680871334404 0.300147497279326 0.3809956940073301
9 324.0 0.0 -1.0 -1.0 -1.0 0.0 0.32444602324858685 0.32220966169651377 0.3533443150548996
9 325.0 0.0 -1.0 -1.0 -1.0 0.0 0.3414549314196869 0.33633815098843184 0.3222069175918811
9 326.0 0.0 -1.0 -1.0 -1.0 0.0 0.3334899013633744 0.32640913795526927 0.34010096068135637
9 327.0 0.0 -1.0 -1.0 -1.0 0.0 0.3253726039603986 0.320324320213902 0.35430307582569914
9 328.0 0.0 -1.0 -1.0 -1.0 0.0 0.3113057909782949 0.32643161101275014 0.3622625980089551
9 329.0 0.0 -1.0 -1.0 -1.0 0.0 0.3242139968051284 0.3126980616837862 0.3630879415110856
9 330.0 0.0 -1.0 -1.0 -1.0 0.0 0.32508711700286336 0.2939289867688759 0.3809838962282609
9 331.0 0.0 -1.0 -1.0 -1.0 0.0 0.31761642372065 0.3033797083848544 0.3790038678944957
9 332.0 0.0 -1.0 -1.0 -1.0 0.0 0.3096897170489298 0.33135521184051553 0.3589550711105546
9 333.0 0.0 -1.0 -1.0 -1.0 0.0 0.2988383754505535 0.34494265260163987 0.3562189719478068
9 334.0 0.0 -1.0 -1.0 -1.0 0.0 0.31584574458326015 0.3489721587104741 0.3351820967062658
9 335.0 0.0 -1.0 -1.0 -1.0 0.0 0.3130443002546682 0.3370800682208148 0.34987563152451706
9 336.0 0.0 -1.0 -1.0 -1.0 0.0 0.3117842924552469 0.32483932308626884 0.36337638445848436
9 337.0 0.0 -1.0 -1.0 -1.0 0.0 0.3030240501191663 0.312196742395286 0.3847792074855477
9 338.0 0.0 -1.0 -1.0 -1.0 0.0 0.31651437797306886 0.30791599781201645 0.3755696242149147
9 339.0 0.0 -1.0 -1.0 -1.0 0.0 0.33078434165927584 0.31082901641144906 0.35838664192927494
9 340.0 0.0 -1.0 -1.0 -1.0 0.0 0.3446707960401016 0.35180533054490154 0.30352387341499687
9 341.0 0.0 -1.0 -1.0 -1.0 0.0 0.3294862736809738 0.3564145221440307 0.31409920417499554
9 342.0 0.0 -1.0 -1.0 -1.0 0.0 0.3224823782713279 0.3503183138786218 0.3271993078500502
9 343.0 0.0 -1.0 -1.0 -1.0 0.0 0.3311265551126471 0.32788969401791507 0.3409837508694378
9 344.0 0.0 -1.0 -1.0 -1.0 0.0 0.33189118827587416 0.3167616698910709 0.3513471418330551
9 345.0 0.0 -1.0 -1.0 -1.0 0.0 0.3349148626157677 0.3177959265432253 0.3472892108410069
9 346.0 0.0 -1.0 -1.0 -1.0 0.0 0.3216256999870673 0.32802966642831033 0.3503446335846225
9 347.0 0.0 -1.0 -1.0 -1.0 0.0 0.2983473625307179 0.34346110624473175 0.35819153122455044
9 348.0 0.0 -1.0 -1.0 -1.0 0.0 0.3118953916589104 0.3315552233786081 0.3565493849624816
9 349.0 0.0 -1.0 -1.0 -1.0 0.0 0.30845596057567537 0.3289164964650396 0.36262754295928495
9 350.0 0.0 -1.0 -1.0 -1.0 0.0 0.3013664701537217 0.32937927368031233 0.36925425616596586
9 351.0 0.0 -1.0 -1.0 -1.0 0.0 0.2960234910066007 0.3453719720761231 0.35860453691727606
9 352.0 0.0 -1.0 -1.0 -1.0 0.0 0.276125842516198 0.3623372532795895 0.36153690420421264
9 353.0 0.0 -1.0 -1.0 -1.0 0.0 0.29037726121952656 0.3515596723892797 0.35806306639119384
9 354.0 0.0 -1.0 -1.0 -1.0 0.0 0.31209950623576443 0.3301369955259096 0.35776349823832576
9 355.0 0.0 -1.0 -1.0 -1.0 0.0 0.3009494435057649 0.3480753978495319 0.3509751586447031
9 356.0 0.0 -1.0 -1.0 -1.0 0.0 0.31074113869042835 0.3381468653938901 0.35111199591568165
9 357.0 0.0 -1.0 -1.0 -1.0 0.0 0.29213969068404677 0.35009489866148924 0.3577654106544637
9 358.0 0.0 -1.0 -1.0 -1.0 0.0 0.3069775196481924 0.34617959788603636 0.3468428824657714
9 359.0 0.0 -1.0 -1.0 -1.0 0.0 0.3166252472687992 0.3531768928767209 0.33019785985447947
9 360.0 0.0 -1.0 -1.0 -1.0 0.0 0.3410040242880402 0.3364084759698941 0.3225874997420656
9 361.0 0.0 -1.0 -1.0 -1.0 0.0 0.33136261824035906 0.3453472805514553 0.3232901012081856
9 362.0 0.0 -1.0 -1.0 -1.0 0.0 0.34218379828853024 0.32951204700567127 0.3283041547057987
9 363.0 0.0 -1.0 -1.0 -1.0 0.0 0.30459835795092394 0.3427487623410237 0.3526528797080521
9 364.0 0.0 -1.0 -1.0 -1.0 0.0 0.3043022732648028 0.3431697876622769 0.35252793907292024
9 365.0 0.0 -1.0 -1.0 -1.0 0.0 0.2986200084261166 0.3304902213932481 0.3708897701806353
9 366.0 0.0 -1.0 -1.0 -1.0 0.0 0.33036769035608093 0.3130140642013821 0.3566182454425373
9 367.0 0.0 -1.0 -1.0 -1.0 0.0 0.3312803342858461 0.29374272457174455 0.3749769411424095
9 368.0 0.0 -1.0 -1.0 -1.0 0.0 0.32862730280125807 0.30709192534368174 0.36428077185506
9 369.0 0.0 -1.0 -1.0 -1.0 0.0 0.34349585323957 0.30833772012157223 0.34816642663885733
9 370.0 0.0 -1.0 -1.0 -1.0 0.0 0.3266142267397059 0.31960521861168245 0.35378055464861125
9 371.0 0.0 -1.0 -1.0 -1.0 0.0 0.33803140732170006 0.3337465453112081 0.32822204736709176
9 372.0 0.0 -1.0 -1.0 -1.0 0.0 0.33160999612192427 0.32640363449481713 0.3419863693832586
9 373.0 0.0 -1.0 -1.0 -1.0 0.0 0.3321301729698812 0.32100741209854 0.34686241493157893
9 374.0 0.0 -1.0 -1.0 -1.0 0.0 0.32312561325701616 0.3324153800466791 0.3444590066963047
9 375.0 0.0 -1.0 -1.0 -1.0 0.0 0.3096955367587906 0.33633299858976334 0.35397146465144597
9 376.0 0.0 -1.0 -1.0 -1.0 0.0 0.3087865184406522 0.3437516460074553 0.3474618355518927
9 377.0 0.0 -1.0 -1.0 -1.0 0.0 0.3079008909562226 0.3700842733848879 0.3220148356588898
9 378.0 0.0 -1.0 -1.0 -1.0 0.0 0.2986470781261807 0.38221265679068206 0.3191402650831374
9 379.0 0.0 -1.0 -1.0 -1.0 0.0 0.30186230322846064 0.3814999339313578 0.3166377628401816
9 380.0 0.0 -1.0 -1.0 -1.0 0.0 0.3349852124431487 0.3164169108123136 0.34859787674453785
9 381.0 0.0 -1.0 -1.0 -1.0 0.0 0.325646158929275 0.31253689325223016 0.36181694781849494
9 382.0 0.0 -1.0 -1.0 -1.0 0.0 0.35298775563112933 0.3341226116873734 0.3128896326814973
9 383.0 0.0 -1.0 -1.0 -1.0 0.0 0.3344555566050611 0.3551432556259079 0.3104011877690311
9 384.0 0.0 -1.0 -1.0 -1.0 0.0 0.3441111008751765 0.3230446925218918 0.3328442066029316
9 385.0 0.0 -1.0 -1.0 -1.0 0.0 0.3395915744763027 0.3172626016834227 0.34314582384027437
9 386.0 0.0 -1.0 -1.0 -1.0 0.0 0.34637682962096605 0.3148913777661323 0.3387317926129017
9 387.0 0.0 -1.0 -1.0 -1.0 0.0 0.3327564910067165 0.32071079379170714 0.3465327152015765
9 388.0 0.0 -1.0 -1.0 -1.0 0.0 0.3109582456174087 0.32883268198430643 0.360209072398285
9 389.0 0.0 -1.0 -1.0 -1.0 0.0 0.3186556991883658 0.3194510464613258 0.3618932543503085
9 390.0 0.0 -1.0 -1.0 -1.0 0.0 0.3407591465014089 0.30476459842137876 0.35447625507721237
9 391.0 0.0 -1.0 -1.0 -1.0 0.0 0.32205912056419367 0.33453203516463853 0.34340884427116786
9 392.0 0.0 -1.0 -1.0 -1.0 0.0 0.3249448657184413 0.3406485169739754 0.33440661730758336
9 393.0 0.0 -1.0 -1.0 -1.0 0.0 0.3174918094344703 0.34630856816488825 0.33619962240064116
9 394.0 0.0 -1.0 -1.0 -1.0 0.0 0.3166599068593736 0.33824788942650713 0.3450922037141191
9 395.0 0.0 -1.0 -1.0 -1.0 0.0 0.33369448181775135 0.30195680759393884 0.3643487105883101
9 396.0 0.0 -1.0 -1.0 -1.0 0.0 0.3350149296134579 0.32773370486639314 0.3372513655201488
9 397.0 0.0 -1.0 -1.0 -1.0 0.0 0.3401113431526469 0.3303004569276397 0.3295881999197134
9 398.0 0.0 -1.0 -1.0 -1.0 0.0 0.3528159025978105 0.31857498926508726 0.3286091081371024
9 399.0 0.0 -1.0 -1.0 -1.0 0.0 0.3452384493487967 0.3063145701688621 0.34844698048234124
9 400.0 0.0 -1.0 -1.0 -1.0 0.0 0.3403284719950774 0.33285489742861424 0.3268166305763083
9 401.0 0.0 -1.0 -1.0 -1.0 0.0 0.3423292625898339 0.3576820181960525 0.2999887192141136
9 402.0 0.0 -1.0 -1.0 -1.0 0.0 0.33540630321614145 0.36857466777417386 0.29601902900968446
9 403.0 0.0 -1.0 -1.0 -1.0 0.0 0.35221137528861285 0.3516175658134317 0.2961710588979556
9 404.0 0.0 -1.0 -1.0 -1.0 0.0 0.34813106919113046 0.33801243584375384 0.31385649496511564
9 405.0 0.0 -1.0 -1.0 -1.0 0.0 0.3263821902917947 0.3314844664433855 0.34213334326481964
9 406.0 0.0 -1.0 -1.0 -1.0 0.0 0.3235554484621913 0.31458510279705637 0.3618594487407523
9 407.0 0.0 -1.0 -1.0 -1.0 0.0 0.321065287620421 0.3404947929232911 0.33843991945628793
9 408.0 0.0 -1.0 -1.0 -1.0 0.0 0.35784588750519 0.3410438544372567 0.3011102580575532
9 409.0 0.0 -1.0 -1.0 -1.0 0.0 0.3704592046928385 0.3339015304215808 0.2956392648855805
9 410.0 0.0 -1.0 -1.0 -1.0 0.0 0.36727633664291887 0.31586020038993956 0.3168634629671417
9 411.0 0.0 -1.0 -1.0 -1.0 0.0 0.371042973108569 0.3309474347871449 0.29800959210428596
9 412.0 0.0 -1.0 -1.0 -1.0 0.0 0.3755683684393963 0.32179144109327235 0.30264019046733126
9 413.0 0.0 -1.0 -1.0 -1.0 0.0 0.3604690822730516 0.3283581880077017 0.311172729719247
9 414.0 0.0 -1.0 -1.0 -1.0 0.0 0.35849023797650303 0.31057277970398167 0.3309369823195155
9 415.0 0.0 -1.0 -1.0 -1.0 0.0 0.34468803120075614 0.3334412912691389 0.32187067753010495
9 416.0 0.0 -1.0 -1.0 -1.0 0.0 0.3324475325124256 0.32652192843765043 0.3410305390499239
9 417.0 0.0 -1.0 -1.0 -1.0 0.0 0.3529238422614238 0.3289841255674703 0.31809203217110593
9 418.0 0.0 -1.0 -1.0 -1.0 0.0 0.35366481442740694 0.3249127815621577 0.32142240401043537
9 419.0 0.0 -1.0 -1.0 -1.0 0.0 0.35146166154217723 0.3313371443593916 0.31720119409843145
9 420.0 0.0 -1.0 -1.0 -1.0 0.0 0.3429778125478927 0.3361902629675393 0.320831924484568
9 421.0 0.0 -1.0 -1.0 -1.0 0.0 0.3416612032350953 0.3333887907561821 0.32495000600872254
9 422.0 0.0 -1.0 -1.0 -1.0 0.0 0.3273913483797798 0.3234224155593343 0.3491862360608863
9 423.0 0.0 -1.0 -1.0 -1.0 0.0 0.3317344721932686 0.3294255436451078 0.3388399841616236
9 424.0 0.0 -1.0 -1.0 -1.0 0.0 0.3282346374531893 0.3131692330806208 0.3585961294661899
9 425.0 0.0 -1.0 -1.0 -1.0 0.0 0.3163625036264824 0.3179954582906153 0.3656420380829022
9 426.0 0.0 -1.0 -1.0 -1.0 0.0 0.2928847761341181 0.34220517204815665 0.36491005181772534
9 427.0 0.0 -1.0 -1.0 -1.0 0.0 0.31002756995549746 0.338392088020656 0.3515803420238466
9 428.0 0.0 -1.0 -1.0 -1.0 0.0 0.3210190570953993 0.3077750750625373 0.3712058678420636
9 429.0 0.0 -1.0 -1.0 -1.0 0.0 0.3060229306212938 0.3511464157605384 0.34283065361816795
9 430.0 0.0 -1.0 -1.0 -1.0 0.0 0.328777640890764 0.34350962489135456 0.32771273421788144
9 431.0 0.0 -1.0 -1.0 -1.0 0.0 0.35157436848232876 0.32990399708784324 0.31852163442982795
9 432.0 0.0 -1.0 -1.0 -1.0 0.0 0.36909259514285153 0.34152839791743544 0.2893790069397131
9 433.0 0.0 -1.0 -1.0 -1.0 0.0 0.380452443646228 0.3297211985678416 0.2898263577859304
9 434.0 0.0 -1.0 -1.0 -1.0 0.0 0.34644216135388 0.3572739272501299 0.2962839113959898
9 435.0 0.0 -1.0 -1.0 -1.0 0.0 0.3191227736871937 0.34274515427019314 0.3381320720426132
9 436.0 0.0 -1.0 -1.0 -1.0 0.0 0.3172143729570974 0.3453094350196754 0.3374761920232273
9 437.0 0.0 -1.0 -1.0 -1.0 0.0 0.31460788510481924 0.30888611461308424 0.3765060002820963
9 438.0 0.0 -1.0 -1.0 -1.0 0.0 0.3026015745509322 0.3073966349463454 0.3900017905027223
9 439.0 0.0 -1.0 -1.0 -1.0 0.0 0.29069311308346923 0.34236272564721737 0.3669441612693134
9 440.0 0.0 -1.0 -1.0 -1.0 0.0 0.3125218807287066 0.3408526505208673 0.34662546875042616
9 441.0 0.0 -1.0 -1.0 -1.0 0.0 0.3519107544884998 0.32455032461744493 0.3235389208940555
9 442.0 0.0 -1.0 -1.0 -1.0 0.0 0.33064783801195197 0.3185595934181496 0.3507925685698985
9 443.0 0.0 -1.0 -1.0 -1.0 0.0 0.33875120183456053 0.3301670393511632 0.3310817588142762
9 444.0 0.0 -1.0 -1.0 -1.0 0.0 0.3542310414113024 0.3345035231270637 0.3112654354616337
9 445.0 0.0 -1.0 -1.0 -1.0 0.0 0.34289254507691325 0.33237282729361256 0.3247346276294744
9 446.0 0.0 -1.0 -1.0 -1.0 0.0 0.3361406746173731 0.32969179771001556 0.3341675276726115
9 447.0 0.0 -1.0 -1.0 -1.0 0.0 0.33877537704975763 0.3059846950621507 0.3552399278880914
9 448.0 0.0 -1.0 -1.0 -1.0 0.0 0.3093462604211731 0.3246119840385652 0.3660417555402616
9 449.0 0.0 -1.0 -1.0 -1.0 0.0 0.3139525618478384 0.3167248817403164 0.36932255641184525
9 450.0 0.0 -1.0 -1.0 -1.0 0.0 0.3141531888954843 0.3172354690001065 0.3686113421044093
9 451.0 0.0 -1.0 -1.0 -1.0 0.0 0.32010800759770014 0.3296023422757682 0.3502896501265319
9 452.0 0.0 -1.0 -1.0 -1.0 0.0 0.32206729216014 0.31036110265697836 0.3675716051828818
9 453.0 0.0 -1.0 -1.0 -1.0 0.0 0.333164577707443 0.3126225132360835 0.3542129090564735
9 454.0 0.0 -1.0 -1.0 -1.0 0.0 0.34326151980712427 0.3194315789472196 0.3373069012456563
9 455.0 0.0 -1.0 -1.0 -1.0 0.0 0.3522155947136894 0.3258002284766494 0.3219841768096614
9 456.0 0.0 -1.0 -1.0 -1.0 0.0 0.33899641638001865 0.327098780417672 0.3339048032023093
9 457.0 0.0 -1.0 -1.0 -1.0 0.0 0.3033636113486846 0.3576479013625265 0.33898848728878883
9 458.0 0.0 -1.0 -1.0 -1.0 0.0 0.32306166295834177 0.36744930918868024 0.30948902785297794
9 459.0 0.0 -1.0 -1.0 -1.0 0.0 0.3029427914115548 0.3543433307480799 0.34271387784036533
9 460.0 0.0 -1.0 -1.0 -1.0 0.0 0.3094207096326459 0.38287753006075304 0.3077017603066013
9 461.0 0.0 -1.0 -1.0 -1.0 0.0 0.2958440683012069 0.37742851106836495 0.32672742063042826
9 462.0 0.0 -1.0 -1.0 -1.0 0.0 0.3002741635493646 0.3770003978818721 0.32272543856876323
9 463.0 0.0 -1.0 -1.0 -1.0 0.0 0.312437207332848 0.3541129041094019 0.3334498885577499
9 464.0 0.0 -1.0 -1.0 -1.0 0.0 0.2991262629732924 0.38151298623854485 0.3193607507881626
9 465.0 0.0 -1.0 -1.0 -1.0 0.0 0.2924095767733992 0.38156846767050623 0.3260219555560947
9 466.0 0.0 -1.0 -1.0 -1.0 0.0 0.3102815588023095 0.3425592998052817 0.3471591413924088
9 467.0 0.0 -1.0 -1.0 -1.0 0.0 0.330018654189806 0.32548081216715086 0.34450053364304284
9 468.0 0.0 -1.0 -1.0 -1.0 0.0 0.338443024864535 0.3201330723130016 0.3414239028224633
9 469.0 0.0 -1.0 -1.0 -1.0 0.0 0.32013792338302743 0.31279527519776595 0.3670668014192067
9 470.0 0.0 -1.0 -1.0 -1.0 0.0 0.32777239246413237 0.298855436546266 0.3733721709896015
9 471.0 0.0 -1.0 -1.0 -1.0 0.0 0.3251990625419882 0.28762867434542455 0.38717226311258734
9 472.0 0.0 -1.0 -1.0 -1.0 0.0 0.333863040394962 0.289073870551347 0.3770630890536909
9 473.0 0.0 -1.0 -1.0 -1.0 0.0 0.34501379946084854 0.2998397104053873 0.35514649013376404
9 474.0 0.0 -1.0 -1.0 -1.0 0.0 0.3669090270124144 0.3225373938725057 0.3105535791150797
9 475.0 0.0 -1.0 -1.0 -1.0 0.0 0.36279304281032454 0.3103039908183281 0.3269029663713475
9 476.0 0.0 -1.0 -1.0 -1.0 0.0 0.34689960711967965 0.32457252117108026 0.3285278717092401
9 477.0 0.0 -1.0 -1.0 -1.0 0.0 0.37472498611406424 0.3179514103770162 0.30732360350891946
9 478.0 0.0 -1.0 -1.0 -1.0 0.0 0.36551006637269035 0.32618248579409637 0.3083074478332129
9 479.0 0.0 -1.0 -1.0 -1.0 0.0 0.3986299424446386 0.30203555330437415 0.2993345042509874
9 480.0 0.0 -1.0 -1.0 -1.0 0.0 0.3742245851371486 0.30774526745618347 0.31803014740666763
9 481.0 0.0 -1.0 -1.0 -1.0 0.0 0.3592222158242334 0.2987181777981849 0.34205960637758154
9 482.0 0.0 -1.0 -1.0 -1.0 0.0 0.35049858693969665 0.3014001294723885 0.34810128358791476
9 483.0 0.0 -1.0 -1.0 -1.0 0.0 0.3376534588216202 0.3135913293167496 0.3487552118616302
9 484.0 0.0 -1.0 -1.0 -1.0 0.0 0.3551739511924972 0.31851252259646845 0.32631352621103393
9 485.0 0.0 -1.0 -1.0 -1.0 0.0 0.3565084851863659 0.3240457873088484 0.31944572750478534
9 486.0 0.0 -1.0 -1.0 -1.0 0.0 0.33157301087766944 0.3295712504405211 0.33885573868180946
9 487.0 0.0 -1.0 -1.0 -1.0 0.0 0.3446550177083781 0.3335719960908509 0.32177298620077105
9 488.0 0.0 -1.0 -1.0 -1.0 0.0 0.32279804501525966 0.31875093921049574 0.35845101577424493
9 489.0 0.0 -1.0 -1.0 -1.0 0.0 0.3392958156442107 0.3193406629868846 0.34136352136890463
9 490.0 0.0 -1.0 -1.0 -1.0 0.0 0.3320243915834737 0.30040342466746384 0.3675721837490626
9 491.0 0.0 -1.0 -1.0 -1.0 0.0 0.3200573384766331 0.3096408668132796 0.37030179471008706
9 492.0 0.0 -1.0 -1.0 -1.0 0.0 0.3517263528667799 0.3254754626182473 0.32279818451497294
9 493.0 0.0 -1.0 -1.0 -1.0 0.0 0.34843294776224143 0.33551623183825025 0.31605082039950827
9 494.0 0.0 -1.0 -1.0 -1.0 0.0 0.33630573018293153 0.31659458680908736 0.3470996830079809
9 495.0 0.0 -1.0 -1.0 -1.0 0.0 0.3435042384787754 0.3232723113847771 0.33322345013644744
9 496.0 0.0 -1.0 -1.0 -1.0 0.0 0.3373806199101264 0.3357097828324157 0.32690959725745783
9 497.0 0.0 -1.0 -1.0 -1.0 0.0 0.3364542100768243 0.333079078324987 0.3304667115981885
9 498.0 0.0 -1.0 -1.0 -1.0 0.0 0.3316853804927023 0.3295399895614949 0.3387746299458027
9 499.0 0.0 -1.0 -1.0 -1.0 0.0 0.336406084091828 0.3169720519078016 0.3466218640003705
9 500.0 0.0 -1.0 -1.0 -1.0 0.0 0.32129665499499116 0.3119900839230748 0.36671326108193397
9 501.0 0.0 -1.0 -1.0 -1.0 0.0 0.3121201003530041 0.3273035973635869 0.3605763022834089
9 502.0 0.0 -1.0 -1.0 -1.0 0.0 0.3285307306475997 0.31267741882657435 0.3587918505258259
9 503.0 0.0 -1.0 -1.0 -1.0 0.0 0.31262219521511 0.30952225675167166 0.3778555480332185
9 504.0 0.0 -1.0 -1.0 -1.0 0.0 0.30432719833288585 0.3301366070590015 0.3655361946081125
9 505.0 0.0 -1.0 -1.0 -1.0 0.0 0.29470266646528687 0.32955664462150835 0.3757406889132047
9 506.0 0.0 -1.0 -1.0 -1.0 0.0 0.33035066499778787 0.31544394760875233 0.35420538739346
9 507.0 0.0 -1.0 -1.0 -1.0 0.0 0.3138276339712711 0.33972223019988257 0.34645013582884654
9 508.0 0.0 -1.0 -1.0 -1.0 0.0 0.31998452346482353 0.3447741794286527 0.33524129710652395
9 509.0 0.0 -1.0 -1.0 -1.0 0.0 0.3197228101085841 0.34950698623644016 0.3307702036549756
9 510.0 0.0 -1.0 -1.0 -1.0 0.0 0.32327247104270124 0.3394081591328768 0.33731936982442207
9 511.0 0.0 -1.0 -1.0 -1.0 0.0 0.3097168901704298 0.35602108791115933 0.33426202191841076
9 512.0 0.0 -1.0 -1.0 -1.0 0.0 0.3206245917924224 0.3250335066661463 0.3543419015414316
9 513.0 0.0 -1.0 -1.0 -1.0 0.0 0.33387115749386376 0.33977482939348724 0.32635401311264894
9 514.0 0.0 -1.0 -1.0 -1.0 0.0 0.3451789470669103 0.3169716718653534 0.3378493810677362
9 515.0 0.0 -1.0 -1.0 -1.0 0.0 0.33740633552894556 0.3358707816874516 0.32672288278360306
9 516.0 0.0 -1.0 -1.0 -1.0 0.0 0.34948478564636426 0.32063326258943453 0.329881951764201
9 517.0 0.0 -1.0 -1.0 -1.0 0.0 0.3231072218650651 0.33095703032048734 0.34593574781444764
9 518.0 0.0 -1.0 -1.0 -1.0 0.0 0.2989337474177416 0.3388196097612368 0.3622466428210213
9 519.0 0.0 -1.0 -1.0 -1.0 0.0 0.32009303475378414 0.3340559667751288 0.34585099847108675
9 520.0 0.0 -1.0 -1.0 -1.0 0.0 0.30777518229939477 0.3373098081277176 0.3549150095728876
9 521.0 0.0 -1.0 -1.0 -1.0 0.0 0.3039497735689744 0.3332963836113273 0.36275384281969847
9 522.0 0.0 -1.0 -1.0 -1.0 0.0 0.3101861769991006 0.34868671898058934 0.34112710402031005
9 523.0 0.0 -1.0 -1.0 -1.0 0.0 0.31344551511253865 0.3540575179206858 0.33249696696677555
9 524.0 0.0 -1.0 -1.0 -1.0 0.0 0.31266683650037963 0.3553451742653502 0.3319879892342702
9 525.0 0.0 -1.0 -1.0 -1.0 0.0 0.3269786683083973 0.32257532483500945 0.35044600685659333
9 526.0 0.0 -1.0 -1.0 -1.0 0.0 0.32505617080478666 0.33446004707415383 0.3404837821210597
9 527.0 0.0 -1.0 -1.0 -1.0 0.0 0.30933405222276117 0.35123790828975454 0.33942803948748435
9 528.0 0.0 -1.0 -1.0 -1.0 0.0 0.3207424825457537 0.33619882239596593 0.3430586950582802
9 529.0 0.0 -1.0 -1.0 -1.0 0.0 0.339660192165045 0.3296047469325666 0.3307350609023888
9 530.0 0.0 -1.0 -1.0 -1.0 0.0 0.33822395388277143 0.32683802350414076 0.33493802261308764
9 531.0 0.0 -1.0 -1.0 -1.0 0.0 0.3242589734681033 0.3311591836986394 0.34458184283325727
9 532.0 0.0 -1.0 -1.0 -1.0 0.0 0.33359845501652613 0.31038717547351086 0.35601436950996307
9 533.0 0.0 -1.0 -1.0 -1.0 0.0 0.33174011026330386 0.3129176066535421 0.3553422830831539
9 534.0 0.0 -1.0 -1.0 -1.0 0.0 0.31634660121903607 0.3311363235784966 0.35251707520246717
9 535.0 0.0 -1.0 -1.0 -1.0 0.0 0.31240812087870795 0.3510369232649559 0.3365549558563363
9 536.0 0.0 -1.0 -1.0 -1.0 0.0 0.3288041054647921 0.3637181683993833 0.3074777261358242
9 537.0 0.0 -1.0 -1.0 -1.0 0.0 0.3260201027881906 0.36200826470678316 0.31197163250502613
9 538.0 0.0 -1.0 -1.0 -1.0 0.0 0.3317693483951969 0.33407791175511603 0.3341527398496871
9 539.0 0.0 -1.0 -1.0 -1.0 0.0 0.34553833500741954 0.33511709134425366 0.3193445736483266
9 540.0 0.0 -1.0 -1.0 -1.0 0.0 0.30451594591887393 0.3805420636420807 0.3149419904390454
9 541.0 0.0 -1.0 -1.0 -1.0 0.0 0.2910369671245796 0.37062443680447393 0.3383385960709465
9 542.0 0.0 -1.0 -1.0 -1.0 0.0 0.2806952082949635 0.38651641302289386 0.3327883786821426
9 543.0 0.0 -1.0 -1.0 -1.0 0.0 0.28614519253190857 0.3733628809784577 0.34049192648963383
9 544.0 0.0 -1.0 -1.0 -1.0 0.0 0.2942423085757221 0.3715755637152325 0.3341821277090453
9 545.0 0.0 -1.0 -1.0 -1.0 0.0 0.2991886698087833 0.3853693557415637 0.31544197444965294
9 546.0 0.0 -1.0 -1.0 -1.0 0.0 0.32089326926946415 0.34690489103838273 0.3322018396921531
9 547.0 0.0 -1.0 -1.0 -1.0 0.0 0.3218590189820715 0.323333536243957 0.3548074447739718
9 548.0 0.0 -1.0 -1.0 -1.0 0.0 0.3429435626824015 0.3267588182933246 0.3302976190242736
9 549.0 0.0 -1.0 -1.0 -1.0 0.0 0.33467786381441683 0.3353951783981316 0.32992695778745157
9 550.0 0.0 -1.0 -1.0 -1.0 0.0 0.33660864435570664 0.33042723392156526 0.3329641217227282
9 551.0 0.0 -1.0 -1.0 -1.0 0.0 0.3278059874570858 0.34426349184154076 0.3279305207013736
9 552.0 0.0 -1.0 -1.0 -1.0 0.0 0.32843440831997145 0.34946702765861765 0.3220985640214109
9 553.0 0.0 -1.0 -1.0 -1.0 0.0 0.32893610262356937 0.3686062922804831 0.30245760509594743
9 554.0 0.0 -1.0 -1.0 -1.0 0.0 0.34607137384848463 0.3563611074325813 0.29756751871893417
9 555.0 0.0 -1.0 -1.0 -1.0 0.0 0.33284599182647784 0.3395002225260015 0.3276537856475208
9 556.0 0.0 -1.0 -1.0 -1.0 0.0 0.33630136581946013 0.3196399284579314 0.34405870572260844
9 557.0 0.0 -1.0 -1.0 -1.0 0.0 0.32310555538941466 0.3240562699675775 0.3528381746430078
9 558.0 0.0 -1.0 -1.0 -1.0 0.0 0.31876160654481484 0.35222564832715647 0.32901274512802864
9 559.0 0.0 -1.0 -1.0 -1.0 0.0 0.33281698370270374 0.32699216534974274 0.34019085094755314
9 560.0 0.0 -1.0 -1.0 -1.0 0.0 0.32177969235007603 0.32287273079867723 0.35534757685124696
9 561.0 0.0 -1.0 -1.0 -1.0 0.0 0.32545519698060277 0.32258686975703993 0.35195793326235736
9 562.0 0.0 -1.0 -1.0 -1.0 0.0 0.31667040358342685 0.337701727925582 0.34562786849099114
9 563.0 0.0 -1.0 -1.0 -1.0 0.0 0.2991296953079425 0.3630964794195032 0.3377738252725543
9 564.0 0.0 -1.0 -1.0 -1.0 0.0 0.3000914202051608 0.36751299342564947 0.3323955863691896
9 565.0 0.0 -1.0 -1.0 -1.0 0.0 0.29869641787234125 0.357478366087487 0.3438252160401718
9 566.0 0.0 -1.0 -1.0 -1.0 0.0 0.3203758821305801 0.33544309205575557 0.3441810258136644
9 567.0 0.0 -1.0 -1.0 -1.0 0.0 0.29876214596591266 0.3567906993014568 0.3444471547326304
9 568.0 0.0 -1.0 -1.0 -1.0 0.0 0.31048626076079544 0.35605292428520097 0.33346081495400354
9 569.0 0.0 -1.0 -1.0 -1.0 0.0 0.3250580938349847 0.362913133618056 0.3120287725469594
9 570.0 0.0 -1.0 -1.0 -1.0 0.0 0.33386836301844447 0.35262490708133415 0.3135067299002214
9 571.0 0.0 -1.0 -1.0 -1.0 0.0 0.33139605323039917 0.3505015467480803 0.3181024000215203
9 572.0 0.0 -1.0 -1.0 -1.0 0.0 0.35429302242597854 0.31833160330426463 0.32737537426975655
9 573.0 0.0 -1.0 -1.0 -1.0 0.0 0.339318682583367 0.33783871381903113 0.3228426035976018
9 574.0 0.0 -1.0 -1.0 -1.0 0.0 0.32312038814376903 0.3485336491938101 0.32834596266242094
9 575.0 0.0 -1.0 -1.0 -1.0 0.0 0.32476246057367797 0.32531057163688637 0.3499269677894356
9 576.0 0.0 -1.0 -1.0 -1.0 0.0 0.3116744943312912 0.33613302878286855 0.35219247688584043
9 577.0 0.0 -1.0 -1.0 -1.0 0.0 0.3127859759450546 0.32209020426762147 0.3651238197873241
9 578.0 0.0 -1.0 -1.0 -1.0 0.0 0.30730876311022454 0.335223283121369 0.3574679537684064
9 579.0 0.0 -1.0 -1.0 -1.0 0.0 0.3117453233619537 0.3099350190818152 0.37831965755623104
9 580.0 0.0 -1.0 -1.0 -1.0 0.0 0.34921148220411885 0.28848425260624344 0.3623042651896376
9 581.0 0.0 -1.0 -1.0 -1.0 0.0 0.33428564594709903 0.2832526555153149 0.3824616985375859
9 582.0 0.0 -1.0 -1.0 -1.0 0.0 0.31540073978965055 0.29001767735576983 0.3945815828545796
9 583.0 0.0 -1.0 -1.0 -1.0 0.0 0.32344741973019653 0.30571618842496995 0.37083639184483347
9 584.0 0.0 -1.0 -1.0 -1.0 0.0 0.34008478236672707 0.31044981371466046 0.34946540391861247
9 585.0 0.0 -1.0 -1.0 -1.0 0.0 0.32869510559129894 0.310809297580221 0.36049559682848
9 586.0 0.0 -1.0 -1.0 -1.0 0.0 0.3531500178969433 0.3264832161294576 0.3203667659735992
9 587.0 0.0 -1.0 -1.0 -1.0 0.0 0.33184700224911007 0.332138450432984 0.3360145473179062
9 588.0 0.0 -1.0 -1.0 -1.0 0.0 0.3241556873951052 0.3657543612136782 0.31008995139121653
9 589.0 0.0 -1.0 -1.0 -1.0 0.0 0.3190902249708531 0.3683584067983103 0.31255136823083673
9 590.0 0.0 -1.0 -1.0 -1.0 0.0 0.3454738495983651 0.3570509805845642 0.29747516981707073
9 591.0 0.0 -1.0 -1.0 -1.0 0.0 0.31009716165748735 0.38087868869954045 0.30902414964297215
9 592.0 0.0 -1.0 -1.0 -1.0 0.0 0.31976709776141726 0.39254516685920604 0.28768773537937664
9 593.0 0.0 -1.0 -1.0 -1.0 0.0 0.30241456869026356 0.41348995408281897 0.2840954772269175
9 594.0 0.0 -1.0 -1.0 -1.0 0.0 0.32501581911181754 0.3954472489359338 0.27953693195224877
9 595.0 0.0 -1.0 -1.0 -1.0 0.0 0.3465121520427967 0.3580199686705165 0.29546787928668683
9 596.0 0.0 -1.0 -1.0 -1.0 0.0 0.3502889646522555 0.349428538372883 0.30028249697486126
9 597.0 0.0 -1.0 -1.0 -1.0 0.0 0.3519660748831444 0.3389967315992321 0.3090371935176237
9 598.0 0.0 -1.0 -1.0 -1.0 0.0 0.32670580439081953 0.3550269125060601 0.3182672831031201
9 599.0 0.0 -1.0 -1.0 -1.0 0.0 0.32924531314336325 0.3624279633641161 0.3083267234925207
9 600.0 0.0 -1.0 -1.0 -1.0 0.0 0.3167713816440582 0.3858043338784899 0.2974242844774519
9 601.0 0.0 -1.0 -1.0 -1.0 0.0 0.30840938710578114 0.3689173076959896 0.3226733051982291
9 602.0 0.0 -1.0 -1.0 -1.0 0.0 0.29734788506879345 0.3697569783740564 0.33289513655715014
9 603.0 0.0 -1.0 -1.0 -1.0 0.0 0.33813545701627673 0.36583662343194595 0.2960279195517769
9 604.0 0.0 -1.0 -1.0 -1.0 0.0 0.3448655259263002 0.3590552918779972 0.29607918219570256
9 605.0 0.0 -1.0 -1.0 -1.0 0.0 0.3551839313680894 0.3462895083047014 0.2985265603272089
9 606.0 0.0 -1.0 -1.0 -1.0 0.0 0.3377655962709509 0.3552582909141382 0.3069761128149108
9 607.0 0.0 -1.0 -1.0 -1.0 0.0 0.35270507192597306 0.3444624620768019 0.3028324659972249
9 608.0 0.0 -1.0 -1.0 -1.0 0.0 0.32354258081359655 0.3441808896831324 0.33227652950327113
9 609.0 0.0 -1.0 -1.0 -1.0 0.0 0.33415411682267676 0.33099086936572675 0.3348550138115965
9 610.0 0.0 -1.0 -1.0 -1.0 0.0 0.33088897173269444 0.32522338932605827 0.34388763894124724
9 611.0 0.0 -1.0 -1.0 -1.0 0.0 0.3441134036205732 0.3264999486600623 0.32938664771936443
9 612.0 0.0 -1.0 -1.0 -1.0 0.0 0.3647233497613048 0.30427862550136764 0.3309980247373276
9 613.0 0.0 -1.0 -1.0 -1.0 0.0 0.36099282884790695 0.3095631117256293 0.32944405942646376
9 614.0 0.0 -1.0 -1.0 -1.0 0.0 0.3821089584892484 0.3061282682321574 0.311762773278594
9 615.0 0.0 -1.0 -1.0 -1.0 0.0 0.3687794193478651 0.3181501318137667 0.3130704488383683
9 616.0 0.0 -1.0 -1.0 -1.0 0.0 0.36377535813328615 0.32153213892288063 0.31469250294383294
9 617.0 0.0 -1.0 -1.0 -1.0 0.0 0.3861407703819196 0.3005661957700354 0.31329303384804486
9 618.0 0.0 -1.0 -1.0 -1.0 0.0 0.3581597176343774 0.31877597768912924 0.32306430467649305
9 619.0 0.0 -1.0 -1.0 -1.0 0.0 0.3649142321618666 0.33397960868006843 0.3011061591580649
9 620.0 0.0 -1.0 -1.0 -1.0 0.0 0.32418518348143266 0.3483550564057539 0.3274597601128135
9 621.0 0.0 -1.0 -1.0 -1.0 0.0 0.3446991769630879 0.299846559763597 0.35545426327331525
9 622.0 0.0 -1.0 -1.0 -1.0 0.0 0.34176822051495775 0.31191220820809806 0.34631957127694385
9 623.0 0.0 -1.0 -1.0 -1.0 0.0 0.3558354877052347 0.29663082422690684 0.34753368806785834
9 624.0 0.0 -1.0 -1.0 -1.0 0.0 0.34598185580853263 0.31319962688059044 0.34081851731087703
9 625.0 0.0 -1.0 -1.0 -1.0 0.0 0.34313658349211257 0.3175861856852451 0.3392772308226422
9 626.0 0.0 -1.0 -1.0 -1.0 0.0 0.3400789561709011 0.32911022008957014 0.33081082373952886
9 627.0 0.0 -1.0 -1.0 -1.0 0.0 0.34215053446880594 0.3197269752543887 0.33812249027680513
9 628.0 0.0 -1.0 -1.0 -1.0 0.0 0.3528416882203921 0.30077135206754524 0.3463869597120628
9 629.0 0.0 -1.0 -1.0 -1.0 0.0 0.36502775917516567 0.2990020944577408 0.33597014636709355
9 630.0 0.0 -1.0 -1.0 -1.0 0.0 0.35112964793112567 0.3176781674850781 0.33119218458379607
9 631.0 0.0 -1.0 -1.0 -1.0 0.0 0.3373920036714945 0.3083237849484789 0.3542842113800265
9 632.0 0.0 -1.0 -1.0 -1.0 0.0 0.343954514917876 0.32003845745916765 0.33600702762295626
9 633.0 0.0 -1.0 -1.0 -1.0 0.0 0.3071188689940977 0.3278334981850548 0.3650476328208476
9 634.0 0.0 -1.0 -1.0 -1.0 0.0 0.3118166405010603 0.3155275067827956 0.372655852716144
9 635.0 0.0 -1.0 -1.0 -1.0 0.0 0.32669818909119336 0.31778094563192094 0.35552086527688564
9 636.0 0.0 -1.0 -1.0 -1.0 0.0 0.33346391601822967 0.309814392438534 0.35672169154323635
9 637.0 0.0 -1.0 -1.0 -1.0 0.0 0.34886538911342657 0.29065555302134394 0.3604790578652295
9 638.0 0.0 -1.0 -1.0 -1.0 0.0 0.3202677617853043 0.32083118200655875 0.3589010562081374
9 639.0 0.0 -1.0 -1.0 -1.0 0.0 0.33296184859123507 0.3208392180120694 0.34619893339669566
9 640.0 0.0 -1.0 -1.0 -1.0 0.0 0.3465690157061704 0.3194790600814685 0.3339519242123613
9 641.0 0.0 -1.0 -1.0 -1.0 0.0 0.34912314108680365 0.3173280119275059 0.33354884698569043
9 642.0 0.0 -1.0 -1.0 -1.0 0.0 0.3501851805150343 0.30736656643616134 0.3424482530488044
9 643.0 0.0 -1.0 -1.0 -1.0 0.0 0.33406834027840093 0.32772177628281424 0.3382098834387849
9 644.0 0.0 -1.0 -1.0 -1.0 0.0 0.3390104195616723 0.31298823218094873 0.34800134825737916
9 645.0 0.0 -1.0 -1.0 -1.0 0.0 0.33042854860155885 0.3084072655513641 0.36116418584707716
9 646.0 0.0 -1.0 -1.0 -1.0 0.0 0.3249530539218239 0.3168722345749526 0.3581747115032234
9 647.0 0.0 -1.0 -1.0 -1.0 0.0 0.30850450902176163 0.3239638386071117 0.36753165237112667
9 648.0 0.0 -1.0 -1.0 -1.0 0.0 0.31582560603417204 0.3271604636868308 0.3570139302789972
9 649.0 0.0 -1.0 -1.0 -1.0 0.0 0.33211051846685974 0.31998563387060863 0.34790384766253146
9 650.0 0.0 -1.0 -1.0 -1.0 0.0 0.3290210690349138 0.33888253096163157 0.33209640000345503
9 651.0 0.0 -1.0 -1.0 -1.0 0.0 0.3237624587146579 0.3386661571577193 0.3375713841276227
9 652.0 0.0 -1.0 -1.0 -1.0 0.0 0.3365846923459886 0.3466739351975967 0.31674137245641476
9 653.0 0.0 -1.0 -1.0 -1.0 0.0 0.3409915112720775 0.33043523175460265 0.32857325697331996
9 654.0 0.0 -1.0 -1.0 -1.0 0.0 0.34470749383107796 0.35200442004173427 0.303288086127188
9 655.0 0.0 -1.0 -1.0 -1.0 0.0 0.3340823457784678 0.3711034137222897 0.2948142404992423
9 656.0 0.0 -1.0 -1.0 -1.0 0.0 0.3413605998515441 0.3411337120485422 0.3175056880999137
9 657.0 0.0 -1.0 -1.0 -1.0 0.0 0.3611700233723403 0.3382232590138129 0.3006067176138468
9 658.0 0.0 -1.0 -1.0 -1.0 0.0 0.3378214794607569 0.3528065634364896 0.3093719571027537
9 659.0 0.0 -1.0 -1.0 -1.0 0.0 0.3336334323287262 0.3547765510505949 0.3115900166206791
9 660.0 0.0 -1.0 -1.0 -1.0 0.0 0.34238052023746873 0.34154882631947764 0.3160706534430534
9 661.0 0.0 -1.0 -1.0 -1.0 0.0 0.3483698552595078 0.3470905543026379 0.30453959043785456
9 662.0 0.0 -1.0 -1.0 -1.0 0.0 0.345708046781262 0.34343663887579495 0.3108553143429432
9 663.0 0.0 -1.0 -1.0 -1.0 0.0 0.3319948523772364 0.3508418271222537 0.3171633205005095
9 664.0 0.0 -1.0 -1.0 -1.0 0.0 0.3414930195320487 0.33560328741779677 0.3229036930501548
9 665.0 0.0 -1.0 -1.0 -1.0 0.0 0.34030465515474007 0.31803963781262873 0.3416557070326315
9 666.0 0.0 -1.0 -1.0 -1.0 0.0 0.35582120197816763 0.3239320578367512 0.32024674018508115
9 667.0 0.0 -1.0 -1.0 -1.0 0.0 0.3517652729374815 0.3369156359796574 0.31131909108286115
9 668.0 0.0 -1.0 -1.0 -1.0 0.0 0.3224318039828439 0.3507958351309174 0.32677236088623873
9 669.0 0.0 -1.0 -1.0 -1.0 0.0 0.305648311853189 0.37982460498164633 0.31452708316516464
9 670.0 0.0 -1.0 -1.0 -1.0 0.0 0.327662759664226 0.3650813932897548 0.3072558470460193
9 671.0 0.0 -1.0 -1.0 -1.0 0.0 0.34783777664635646 0.33432221263888523 0.3178400107147584
9 672.0 0.0 -1.0 -1.0 -1.0 0.0 0.373549952700346 0.33142904053411476 0.2950210067655393
9 673.0 0.0 -1.0 -1.0 -1.0 0.0 0.3700018709060333 0.3303170009754242 0.29968112811854264
9 674.0 0.0 -1.0 -1.0 -1.0 0.0 0.3845716223357901 0.312512195969434 0.3029161816947758
9 675.0 0.0 -1.0 -1.0 -1.0 0.0 0.3744997947911841 0.32250431408100944 0.30299589112780634
9 676.0 0.0 -1.0 -1.0 -1.0 0.0 0.36527172643540373 0.31787239850008875 0.31685587506450735
9 677.0 0.0 -1.0 -1.0 -1.0 0.0 0.3479132138259229 0.33412270266819855 0.31796408350587874
9 678.0 0.0 -1.0 -1.0 -1.0 0.0 0.3108487348674085 0.3561782159448923 0.33297304918769915
9 679.0 0.0 -1.0 -1.0 -1.0 0.0 0.30682173961203624 0.3387727375110905 0.35440552287687344
9 680.0 0.0 -1.0 -1.0 -1.0 0.0 0.33185667431998966 0.3391999397626846 0.32894338591732597
9 681.0 0.0 -1.0 -1.0 -1.0 0.0 0.3591158088642401 0.316367762337535 0.32451642879822495
9 682.0 0.0 -1.0 -1.0 -1.0 0.0 0.34588955655020237 0.3595647139002196 0.2945457295495777
9 683.0 0.0 -1.0 -1.0 -1.0 0.0 0.3652008119147158 0.3275936107351044 0.3072055773501799
9 684.0 0.0 -1.0 -1.0 -1.0 0.0 0.33022808332366205 0.3497363711695424 0.32003554550679525
9 685.0 0.0 -1.0 -1.0 -1.0 0.0 0.32839438831974294 0.3574003779773922 0.31420523370286463
9 686.0 0.0 -1.0 -1.0 -1.0 0.0 0.35258691263716035 0.34411296399372054 0.30330012336911905
9 687.0 0.0 -1.0 -1.0 -1.0 0.0 0.3537763619898832 0.31951572264402434 0.32670791536609245
9 688.0 0.0 -1.0 -1.0 -1.0 0.0 0.37450418304276384 0.30216800553654927 0.32332781142068706
9 689.0 0.0 -1.0 -1.0 -1.0 0.0 0.3596848114108993 0.29114225310340025 0.34917293548570055
9 690.0 0.0 -1.0 -1.0 -1.0 0.0 0.30812025391434295 0.3155836538266133 0.3762960922590437
9 691.0 0.0 -1.0 -1.0 -1.0 0.0 0.2811761201647947 0.3553644323400558 0.36345944749514947
9 692.0 0.0 -1.0 -1.0 -1.0 0.0 0.29513801075451274 0.3133617649606062 0.391500224284881
9 693.0 0.0 -1.0 -1.0 -1.0 0.0 0.29475172936932287 0.303033648646246 0.402214621984431
9 694.0 0.0 -1.0 -1.0 -1.0 0.0 0.2844054945383543 0.3111986194039813 0.40439588605766447
9 695.0 0.0 -1.0 -1.0 -1.0 0.0 0.2669215471670203 0.31663633895980586 0.4164421138731739
9 696.0 0.0 -1.0 -1.0 -1.0 0.0 0.29516057635572324 0.33295051230807204 0.3718889113362047
9 697.0 0.0 -1.0 -1.0 -1.0 0.0 0.3086729019770072 0.34821103020036775 0.3431160678226251
9 698.0 0.0 -1.0 -1.0 -1.0 0.0 0.32222056288945056 0.3530482103320269 0.3247312267785227
9 699.0 0.0 -1.0 -1.0 -1.0 0.0 0.3162846831531457 0.36998246903220666 0.3137328478146478
9 700.0 0.0 -1.0 -1.0 -1.0 0.0 0.3269591795040218 0.3593141803231578 0.31372664017282054
9 701.0 0.0 -1.0 -1.0 -1.0 0.0 0.33274356199919325 0.36173999708488985 0.30551644091591695
9 702.0 0.0 -1.0 -1.0 -1.0 0.0 0.32104436143190507 0.39038578125989937 0.2885698573081957
9 703.0 0.0 -1.0 -1.0 -1.0 0.0 0.315810204785306 0.3961872963194057 0.28800249889528856
9 704.0 0.0 -1.0 -1.0 -1.0 0.0 0.3223216154814377 0.37445802091798375 0.3032203636005784
9 705.0 0.0 -1.0 -1.0 -1.0 0.0 0.33935661158600394 0.35652910770021234 0.3041142807137833
9 706.0 0.0 -1.0 -1.0 -1.0 0.0 0.36180149325824823 0.30725350824136666 0.3309449985003849
9 707.0 0.0 -1.0 -1.0 -1.0 0.0 0.3469931259517109 0.32456501234688695 0.3284418617014023
9 708.0 0.0 -1.0 -1.0 -1.0 0.0 0.36413955814327353 0.314979193999329 0.32088124785739774
9 709.0 0.0 -1.0 -1.0 -1.0 0.0 0.3307079133897276 0.3270655876540929 0.34222649895617957
9 710.0 0.0 -1.0 -1.0 -1.0 0.0 0.35037853343575276 0.31979010446773937 0.32983136209650793
9 711.0 0.0 -1.0 -1.0 -1.0 0.0 0.348948204637993 0.30188829301215175 0.3491635023498554
9 712.0 0.0 -1.0 -1.0 -1.0 0.0 0.3523107445117297 0.3046578329196789 0.34303142256859154
9 713.0 0.0 -1.0 -1.0 -1.0 0.0 0.339259970791249 0.31351627589926073 0.3472237533094902
9 714.0 0.0 -1.0 -1.0 -1.0 0.0 0.331261972938796 0.3080172336462551 0.3607207934149487
9 715.0 0.0 -1.0 -1.0 -1.0 0.0 0.33953928535352224 0.3242370546946248 0.33622365995185277
9 716.0 0.0 -1.0 -1.0 -1.0 0.0 0.32735595646196075 0.33138930688529183 0.3412547366527474
9 717.0 0.0 -1.0 -1.0 -1.0 0.0 0.3373349479950815 0.33573803487519527 0.3269270171297234
9 718.0 0.0 -1.0 -1.0 -1.0 0.0 0.34739183180405553 0.29595750649015545 0.3566506617057889
9 719.0 0.0 -1.0 -1.0 -1.0 0.0 0.3243993852519295 0.32848979549884694 0.3471108192492235
9 720.0 0.0 -1.0 -1.0 -1.0 0.0 0.3383819066836273 0.33595962379175004 0.3256584695246228
9 721.0 0.0 -1.0 -1.0 -1.0 0.0 0.344247623319195 0.3431256336702833 0.3126267430105216
9 722.0 0.0 -1.0 -1.0 -1.0 0.0 0.35620241993188506 0.3323706439553941 0.3114269361127209
9 723.0 0.0 -1.0 -1.0 -1.0 0.0 0.34243585244117214 0.3315876134356246 0.3259765341232033
9 724.0 0.0 -1.0 -1.0 -1.0 0.0 0.317804748377384 0.3301524432632006 0.35204280835941554
9 725.0 0.0 -1.0 -1.0 -1.0 0.0 0.31660072544409484 0.3353321206036767 0.34806715395222854
9 726.0 0.0 -1.0 -1.0 -1.0 0.0 0.31527071412167573 0.34134569492980965 0.34338359094851467
9 727.0 0.0 -1.0 -1.0 -1.0 0.0 0.3106126370795279 0.3802442557006036 0.30914310721986843
9 728.0 0.0 -1.0 -1.0 -1.0 0.0 0.30139554466946217 0.36440102354888204 0.3342034317816558
9 729.0 0.0 -1.0 -1.0 -1.0 0.0 0.32172138199155875 0.3445446078590575 0.33373401014938386
9 730.0 0.0 -1.0 -1.0 -1.0 0.0 0.33566712958076406 0.3402438096079062 0.3240890608113298
9 731.0 0.0 -1.0 -1.0 -1.0 0.0 0.3470499233823155 0.324070103913125 0.3288799727045595
9 732.0 0.0 -1.0 -1.0 -1.0 0.0 0.33150793239769105 0.3295927881767505 0.3388992794255586
9 733.0 0.0 -1.0 -1.0 -1.0 0.0 0.31701968016868703 0.3563676533729907 0.32661266645832193
9 734.0 0.0 -1.0 -1.0 -1.0 0.0 0.33353361473449794 0.37044700658274005 0.2960193786827616
9 735.0 0.0 -1.0 -1.0 -1.0 0.0 0.32276012007726523 0.3515840378327016 0.3256558420900332
9 736.0 0.0 -1.0 -1.0 -1.0 0.0 0.33897809749197605 0.3192263598521486 0.3417955426558754
9 737.0 0.0 -1.0 -1.0 -1.0 0.0 0.3402363564675154 0.3199656972954016 0.3397979462370829
9 738.0 0.0 -1.0 -1.0 -1.0 0.0 0.3349229651101397 0.32148626145859466 0.34359077343126543
9 739.0 0.0 -1.0 -1.0 -1.0 0.0 0.3389498419110298 0.32315457322056346 0.3378955848684068
9 740.0 0.0 -1.0 -1.0 -1.0 0.0 0.3246459611793025 0.3396020709266667 0.33575196789403094
9 741.0 0.0 -1.0 -1.0 -1.0 0.0 0.3239913323450697 0.33407388531359905 0.3419347823413309
9 742.0 0.0 -1.0 -1.0 -1.0 0.0 0.32466664390048977 0.3374581973121913 0.3378751587873189
9 743.0 0.0 -1.0 -1.0 -1.0 0.0 0.3436852007959794 0.3238294205566751 0.3324853786473455
9 744.0 0.0 -1.0 -1.0 -1.0 0.0 0.32485365184020765 0.3412935132205017 0.33385283493929063
9 745.0 0.0 -1.0 -1.0 -1.0 0.0 0.38066444102065333 0.3309192203406564 0.28841633863868965
9 746.0 0.0 -1.0 -1.0 -1.0 0.0 0.37063901876230987 0.33623193068661655 0.2931290505510733
9 747.0 0.0 -1.0 -1.0 -1.0 0.0 0.3573293991075485 0.31832615812618487 0.32434444276626634
9 748.0 0.0 -1.0 -1.0 -1.0 0.0 0.3561606475692611 0.3231471078901393 0.3206922445405996
9 749.0 0.0 -1.0 -1.0 -1.0 0.0 0.3164408570429852 0.32088782669595134 0.3626713162610635
9 750.0 0.0 -1.0 -1.0 -1.0 0.0 0.3328603704013928 0.3196882242874907 0.3474514053111164
9 751.0 0.0 -1.0 -1.0 -1.0 0.0 0.3312408281453261 0.3003461803129579 0.3684129915417161
9 752.0 0.0 -1.0 -1.0 -1.0 0.0 0.33143510673604554 0.32052981869670577 0.34803507456724875
9 753.0 0.0 -1.0 -1.0 -1.0 0.0 0.33504610741729013 0.3158458646376094 0.3491080279451006
9 754.0 0.0 -1.0 -1.0 -1.0 0.0 0.3524247803073427 0.2898038290206159 0.35777139067204095
9 755.0 0.0 -1.0 -1.0 -1.0 0.0 0.3440670207277001 0.2967007077159988 0.3592322715563009
9 756.0 0.0 -1.0 -1.0 -1.0 0.0 0.34379950918836116 0.3166122230668895 0.3395882677447496
9 757.0 0.0 -1.0 -1.0 -1.0 0.0 0.3578484896121499 0.3015073846110877 0.3406441257767622
9 758.0 0.0 -1.0 -1.0 -1.0 0.0 0.35795362585933915 0.30856091100268196 0.3334854631379788
9 759.0 0.0 -1.0 -1.0 -1.0 0.0 0.3339883156561566 0.3198167860438995 0.346194898299944
9 760.0 0.0 -1.0 -1.0 -1.0 0.0 0.3048868900891568 0.3313436170985248 0.3637694928123182
9 761.0 0.0 -1.0 -1.0 -1.0 0.0 0.313029231892189 0.3074163398797206 0.3795544282280905
9 762.0 0.0 -1.0 -1.0 -1.0 0.0 0.33852910483069215 0.30521698732830266 0.3562539078410052
9 763.0 0.0 -1.0 -1.0 -1.0 0.0 0.33667771852887673 0.3063913153754344 0.356930966095689
9 764.0 0.0 -1.0 -1.0 -1.0 0.0 0.36327020798112836 0.28715247609209316 0.3495773159267784
9 765.0 0.0 -1.0 -1.0 -1.0 0.0 0.34659001798216016 0.26779443195704855 0.3856155500607912
9 766.0 0.0 -1.0 -1.0 -1.0 0.0 0.3478827063647676 0.2835185072799884 0.3685987863552441
9 767.0 0.0 -1.0 -1.0 -1.0 0.0 0.35339494477260525 0.3200408718187061 0.32656418340868887
9 768.0 0.0 -1.0 -1.0 -1.0 0.0 0.34082696446201105 0.31416563490038385 0.34500740063760477
9 769.0 0.0 -1.0 -1.0 -1.0 0.0 0.3518591871664487 0.31561939642552167 0.33252141640802985
9 770.0 0.0 -1.0 -1.0 -1.0 0.0 0.3594086282363669 0.30472983076378457 0.3358615409998484
9 771.0 0.0 -1.0 -1.0 -1.0 0.0 0.3512823321504174 0.2815359799988212 0.3671816878507614
9 772.0 0.0 -1.0 -1.0 -1.0 0.0 0.36720709141597274 0.30607909299127345 0.326713815592754
9 773.0 0.0 -1.0 -1.0 -1.0 0.0 0.37240897727550165 0.30647102979004986 0.3211199929344486
9 774.0 0.0 -1.0 -1.0 -1.0 0.0 0.379530059208689 0.31752976910044967 0.3029401716908611
9 775.0 0.0 -1.0 -1.0 -1.0 0.0 0.35770689969173747 0.34462278230817567 0.29767031800008686
9 776.0 0.0 -1.0 -1.0 -1.0 0.0 0.34887671077012167 0.34616186979395863 0.3049614194359194
9 777.0 0.0 -1.0 -1.0 -1.0 0.0 0.3389263710617228 0.344452084195517 0.3166215447427601
9 778.0 0.0 -1.0 -1.0 -1.0 0.0 0.3331154757234433 0.342566642477663 0.32431788179889376
9 779.0 0.0 -1.0 -1.0 -1.0 0.0 0.3495310016503263 0.319460705700963 0.33100829264871057
9 780.0 0.0 -1.0 -1.0 -1.0 0.0 0.33906219765469714 0.3218589906969034 0.3390788116483995
9 781.0 0.0 -1.0 -1.0 -1.0 0.0 0.34381512722404284 0.3363138950871315 0.31987097768882533
9 782.0 0.0 -1.0 -1.0 -1.0 0.0 0.3451930077599003 0.3272078812259193 0.32759911101418054
9 783.0 0.0 -1.0 -1.0 -1.0 0.0 0.36862390499659975 0.29562863468035905 0.33574746032304104
9 784.0 0.0 -1.0 -1.0 -1.0 0.0 0.34432434254511873 0.31500998321661305 0.3406656742382683
9 785.0 0.0 -1.0 -1.0 -1.0 0.0 0.3534380168845563 0.31013592834463233 0.33642605477081156
9 786.0 0.0 -1.0 -1.0 -1.0 0.0 0.325818010249357 0.3008197673492639 0.373362222401379
9 787.0 0.0 -1.0 -1.0 -1.0 0.0 0.3141373755871831 0.31803128067563213 0.36783134373718496
9 788.0 0.0 -1.0 -1.0 -1.0 0.0 0.3112595946459323 0.3410914776966551 0.3476489276574128
9 789.0 0.0 -1.0 -1.0 -1.0 0.0 0.3073934225864205 0.3426464714168917 0.3499601059966877
9 790.0 0.0 -1.0 -1.0 -1.0 0.0 0.30725881462468785 0.3701976457040581 0.3225435396712538
9 791.0 0.0 -1.0 -1.0 -1.0 0.0 0.3398992558176366 0.3126150931252534 0.34748565105711005
9 792.0 0.0 -1.0 -1.0 -1.0 0.0 0.3304768507005118 0.29665288561284703 0.3728702636866414
9 793.0 0.0 -1.0 -1.0 -1.0 0.0 0.35403074514294786 0.3046414449849305 0.34132780987212163
9 794.0 0.0 -1.0 -1.0 -1.0 0.0 0.32052113619307177 0.3256450995355111 0.35383376427141733
9 795.0 0.0 -1.0 -1.0 -1.0 0.0 0.33687478409227095 0.3127775001850855 0.3503477157226436
9 796.0 0.0 -1.0 -1.0 -1.0 0.0 0.3310494320404296 0.3188018915069675 0.35014867645260317
9 797.0 0.0 -1.0 -1.0 -1.0 0.0 0.3257127495596101 0.30484317223837015 0.3694440782020197
9 798.0 0.0 -1.0 -1.0 -1.0 0.0 0.3033234108726423 0.33116584908218955 0.3655107400451682
9 799.0 0.0 -1.0 -1.0 -1.0 0.0 0.29999213219437715 0.36394153435656873 0.33606633344905407
9 800.0 0.0 -1.0 -1.0 -1.0 0.0 0.3068250279737018 0.38476268946296677 0.3084122825633315
9 801.0 0.0 -1.0 -1.0 -1.0 0.0 0.2873171476363277 0.3735448055039219 0.33913804685975035
9 802.0 0.0 -1.0 -1.0 -1.0 0.0 0.27373540992464096 0.3886603537795192 0.33760423629584
9 803.0 0.0 -1.0 -1.0 -1.0 0.0 0.29474328989003556 0.37074585424219353 0.3345108558677709
9 804.0 0.0 -1.0 -1.0 -1.0 0.0 0.3024806611199875 0.36123449635002075 0.3362848425299915
9 805.0 0.0 -1.0 -1.0 -1.0 0.0 0.30197111459299153 0.3614451610326139 0.33658372437439465
9 806.0 0.0 -1.0 -1.0 -1.0 0.0 0.3021651854948401 0.37282290626675396 0.325011908238406
9 807.0 0.0 -1.0 -1.0 -1.0 0.0 0.2916340578666262 0.37357014314910386 0.33479579898426964
9 808.0 0.0 -1.0 -1.0 -1.0 0.0 0.2954560481901976 0.38275492473434625 0.321789027075456
9 809.0 0.0 -1.0 -1.0 -1.0 0.0 0.3061625289224542 0.3541442666729728 0.3396932044045729
9 810.0 0.0 -1.0 -1.0 -1.0 0.0 0.3097814329824041 0.3448329736490106 0.34538559336858504
9 811.0 0.0 -1.0 -1.0 -1.0 0.0 0.33755945767888074 0.32418870889544565 0.33825183342567344
9 812.0 0.0 -1.0 -1.0 -1.0 0.0 0.3463596799031871 0.3399690352933829 0.31367128480343
9 813.0 0.0 -1.0 -1.0 -1.0 0.0 0.3350326741366914 0.35399277404747775 0.31097455181583056
9 814.0 0.0 -1.0 -1.0 -1.0 0.0 0.338838025497094 0.3505913206291623 0.3105706538737438
9 815.0 0.0 -1.0 -1.0 -1.0 0.0 0.33615196980315404 0.34009387541845515 0.32375415477839076
9 816.0 0.0 -1.0 -1.0 -1.0 0.0 0.3631073328595258 0.33821126610159974 0.2986814010388746
9 817.0 0.0 -1.0 -1.0 -1.0 0.0 0.36247296379073396 0.33763899862440266 0.29988803758486354
9 818.0 0.0 -1.0 -1.0 -1.0 0.0 0.3674398829358896 0.31198294255682024 0.3205771745072902
9 819.0 0.0 -1.0 -1.0 -1.0 0.0 0.390524046095775 0.3169951998767954 0.29248075402742957
9 820.0 0.0 -1.0 -1.0 -1.0 0.0 0.348825104536038 0.3329956041486448 0.31817929131531725
9 821.0 0.0 -1.0 -1.0 -1.0 0.0 0.3261849950923925 0.3497638470166777 0.32405115789093003
9 822.0 0.0 -1.0 -1.0 -1.0 0.0 0.3006179195367289 0.37820497913443135 0.32117710132883986
9 823.0 0.0 -1.0 -1.0 -1.0 0.0 0.3178189762873037 0.34035389233074703 0.341827131381949
9 824.0 0.0 -1.0 -1.0 -1.0 0.0 0.3261923416270713 0.32158011295804634 0.35222754541488216
9 825.0 0.0 -1.0 -1.0 -1.0 0.0 0.3269114013237911 0.32830249742335404 0.3447861012528549
9 826.0 0.0 -1.0 -1.0 -1.0 0.0 0.3571038546459681 0.3318386871747732 0.3110574581792586
9 827.0 0.0 -1.0 -1.0 -1.0 0.0 0.3651122149654665 0.33145461692075967 0.3034331681137738
9 828.0 0.0 -1.0 -1.0 -1.0 0.0 0.36724286242056914 0.3257417197164964 0.30701541786293446
9 829.0 0.0 -1.0 -1.0 -1.0 0.0 0.3334495771280641 0.35163398011115227 0.31491644276078345
9 830.0 0.0 -1.0 -1.0 -1.0 0.0 0.3153874662271777 0.35522873192959137 0.3293838018432308
9 831.0 0.0 -1.0 -1.0 -1.0 0.0 0.31384701107451063 0.3671289137837285 0.3190240751417608
9 832.0 0.0 -1.0 -1.0 -1.0 0.0 0.3242869995630053 0.3451104943173465 0.33060250611964825
9 833.0 0.0 -1.0 -1.0 -1.0 0.0 0.3217380218184538 0.33918667780821143 0.3390753003733348
9 834.0 0.0 -1.0 -1.0 -1.0 0.0 0.3106574889890221 0.3670314905739584 0.32231102043701954
9 835.0 0.0 -1.0 -1.0 -1.0 0.0 0.3112345201667053 0.3748731788442132 0.3138923009890817
9 836.0 0.0 -1.0 -1.0 -1.0 0.0 0.30545157301851894 0.37453336827339934 0.32001505870808183
9 837.0 0.0 -1.0 -1.0 -1.0 0.0 0.31651928497957804 0.37627025171784567 0.3072104633025761
9 838.0 0.0 -1.0 -1.0 -1.0 0.0 0.3141323985620509 0.3706428592690336 0.31522474216891555
9 839.0 0.0 -1.0 -1.0 -1.0 0.0 0.32465680944086805 0.3519471615387373 0.32339602902039466
9 840.0 0.0 -1.0 -1.0 -1.0 0.0 0.33186077676579684 0.3413886998666345 0.3267505233675687
9 841.0 0.0 -1.0 -1.0 -1.0 0.0 0.33960075190545314 0.3400127215366108 0.3203865265579362
9 842.0 0.0 -1.0 -1.0 -1.0 0.0 0.3657576383858708 0.34861001886091203 0.2856323427532172
9 843.0 0.0 -1.0 -1.0 -1.0 0.0 0.3689595815120015 0.3446129795069309 0.2864274389810676
9 844.0 0.0 -1.0 -1.0 -1.0 0.0 0.3347701593010969 0.34908149445036835 0.31614834624853466
9 845.0 0.0 -1.0 -1.0 -1.0 0.0 0.3384158247356788 0.3527035512309517 0.30888062403336947
9 846.0 0.0 -1.0 -1.0 -1.0 0.0 0.3389664931760581 0.3683530489943786 0.29268045782956353
9 847.0 0.0 -1.0 -1.0 -1.0 0.0 0.32885987385148696 0.37298708664550423 0.2981530395030088
9 848.0 0.0 -1.0 -1.0 -1.0 0.0 0.3379632451083706 0.3652417728302474 0.29679498206138183
9 849.0 0.0 -1.0 -1.0 -1.0 0.0 0.3585359068133285 0.3685670468068474 0.2728970463798242
9 850.0 0.0 -1.0 -1.0 -1.0 0.0 0.34712729638899814 0.3669811122755076 0.28589159133549424
9 851.0 0.0 -1.0 -1.0 -1.0 0.0 0.3596594264700843 0.35310950982084355 0.28723106370907225
9 852.0 0.0 -1.0 -1.0 -1.0 0.0 0.38326710398477226 0.3469173374325367 0.2698155585826912
9 853.0 0.0 -1.0 -1.0 -1.0 0.0 0.3496032643136367 0.34303343449616563 0.30736330119019756
9 854.0 0.0 -1.0 -1.0 -1.0 0.0 0.3520599929902673 0.342586140000578 0.3053538670091548
9 855.0 0.0 -1.0 -1.0 -1.0 0.0 0.3528335169202082 0.32503738512339436 0.32212909795639766
9 856.0 0.0 -1.0 -1.0 -1.0 0.0 0.3665881488718636 0.3140308221106254 0.31938102901751086
9 857.0 0.0 -1.0 -1.0 -1.0 0.0 0.3651867512970618 0.3049215157084452 0.329891732994493
9 858.0 0.0 -1.0 -1.0 -1.0 0.0 0.353970625642729 0.307890364125363 0.3381390102319079
9 859.0 0.0 -1.0 -1.0 -1.0 0.0 0.3553858826971659 0.30663187965467503 0.33798223764815916
9 860.0 0.0 -1.0 -1.0 -1.0 0.0 0.35041102811947056 0.3112370563697028 0.3383519155108266
9 861.0 0.0 -1.0 -1.0 -1.0 0.0 0.35364308487393226 0.2679546869338321 0.3784022281922357
9 862.0 0.0 -1.0 -1.0 -1.0 0.0 0.361376506216299 0.2891703161696419 0.3494531776140591
9 863.0 0.0 -1.0 -1.0 -1.0 0.0 0.3692597363411599 0.28688775749375933 0.3438525061650806
9 864.0 0.0 -1.0 -1.0 -1.0 0.0 0.367044322248894 0.2912415533935642 0.3417141243575419
9 865.0 0.0 -1.0 -1.0 -1.0 0.0 0.3488666222846345 0.30296720214111766 0.34816617557424784
9 866.0 0.0 -1.0 -1.0 -1.0 0.0 0.38221065108983665 0.29103699816240036 0.3267523507477629
9 867.0 0.0 -1.0 -1.0 -1.0 0.0 0.3540498709748225 0.29676418105046465 0.34918594797471286
9 868.0 0.0 -1.0 -1.0 -1.0 0.0 0.35613196716182716 0.31423345812755266 0.3296345747106202
9 869.0 0.0 -1.0 -1.0 -1.0 0.0 0.34164297944954547 0.30067175019133224 0.35768527035912234
9 870.0 0.0 -1.0 -1.0 -1.0 0.0 0.3383252416592661 0.3135685630675327 0.3481061952732012
9 871.0 0.0 -1.0 -1.0 -1.0 0.0 0.3409800414637387 0.3056777091328088 0.3533422494034525
9 872.0 0.0 -1.0 -1.0 -1.0 0.0 0.38098996414785574 0.28544792574328015 0.333562110108864
9 873.0 0.0 -1.0 -1.0 -1.0 0.0 0.3910701280645163 0.26811127703708815 0.3408185948983958
9 874.0 0.0 -1.0 -1.0 -1.0 0.0 0.38980839351097046 0.272039327048617 0.33815227944041276
9 875.0 0.0 -1.0 -1.0 -1.0 0.0 0.38320387311807436 0.2781398147238001 0.3386563121581257
9 876.0 0.0 -1.0 -1.0 -1.0 0.0 0.36371153274262646 0.2865785906919115 0.34970987656546215
9 877.0 0.0 -1.0 -1.0 -1.0 0.0 0.35310063425303073 0.29789046058222707 0.34900890516474226
9 878.0 0.0 -1.0 -1.0 -1.0 0.0 0.34213137121333753 0.30969011050120726 0.3481785182854551
9 879.0 0.0 -1.0 -1.0 -1.0 0.0 0.3530581938530161 0.3256829206915676 0.3212588854554161
9 880.0 0.0 -1.0 -1.0 -1.0 0.0 0.3312746269382605 0.33499310590484915 0.3337322671568906
9 881.0 0.0 -1.0 -1.0 -1.0 0.0 0.3536289359802894 0.3258314519709692 0.32053961204874115
9 882.0 0.0 -1.0 -1.0 -1.0 0.0 0.3512158717425518 0.3437993023577983 0.3049848258996497
9 883.0 0.0 -1.0 -1.0 -1.0 0.0 0.34638464037010086 0.34870288344386474 0.30491247618603445
9 884.0 0.0 -1.0 -1.0 -1.0 0.0 0.333533787581155 0.3515239401024637 0.3149422723163813
9 885.0 0.0 -1.0 -1.0 -1.0 0.0 0.32323537902071514 0.3519872092962744 0.3247774116830103
9 886.0 0.0 -1.0 -1.0 -1.0 0.0 0.32721642978089727 0.3449751029708632 0.32780846724823953
9 887.0 0.0 -1.0 -1.0 -1.0 0.0 0.31349983129335235 0.359825806585004 0.32667436212164347
9 888.0 0.0 -1.0 -1.0 -1.0 0.0 0.3122534517294171 0.383554511732118 0.3041920365384645
9 889.0 0.0 -1.0 -1.0 -1.0 0.0 0.3230064345014887 0.3766327302061631 0.3003608352923481
9 890.0 0.0 -1.0 -1.0 -1.0 0.0 0.3235433812569363 0.35405244249446555 0.3224041762485981
9 891.0 0.0 -1.0 -1.0 -1.0 0.0 0.3202640488969294 0.3551059939846602 0.32462995711841053
9 892.0 0.0 -1.0 -1.0 -1.0 0.0 0.32568356977046664 0.3458538229897502 0.32846260723978327
9 893.0 0.0 -1.0 -1.0 -1.0 0.0 0.316394336376011 0.3445916526453112 0.3390140109786778
9 894.0 0.0 -1.0 -1.0 -1.0 0.0 0.33986442596208233 0.3244651093627147 0.3356704646752029
9 895.0 0.0 -1.0 -1.0 -1.0 0.0 0.36146072015590286 0.32266074792939314 0.3158785319147041
9 896.0 0.0 -1.0 -1.0 -1.0 0.0 0.33723943692616276 0.34870107744797596 0.3140594856258614
9 897.0 0.0 -1.0 -1.0 -1.0 0.0 0.3528918216921831 0.3324555418969076 0.31465263641090957
9 898.0 0.0 -1.0 -1.0 -1.0 0.0 0.35040700059339935 0.3308594100996391 0.3187335893069617
9 899.0 0.0 -1.0 -1.0 -1.0 0.0 0.34243593049724547 0.32179289427278496 0.3357711752299696
9 900.0 0.0 -1.0 -1.0 -1.0 0.0 0.37147139857027 0.2988426397190511 0.329685961710679
9 901.0 0.0 -1.0 -1.0 -1.0 0.0 0.3654191137848445 0.30617116839000824 0.3284097178251475
9 902.0 0.0 -1.0 -1.0 -1.0 0.0 0.3544800511214381 0.3139673740304938 0.3315525748480678
9 903.0 0.0 -1.0 -1.0 -1.0 0.0 0.34178778592891496 0.3309001164056616 0.3273120976654235
9 904.0 0.0 -1.0 -1.0 -1.0 0.0 0.3240398832534228 0.3292324220801441 0.34672769466643305
9 905.0 0.0 -1.0 -1.0 -1.0 0.0 0.31665747283092593 0.3474656842068734 0.33587684296220066
9 906.0 0.0 -1.0 -1.0 -1.0 0.0 0.30862844487369917 0.35812690756349935 0.3332446475628015
9 907.0 0.0 -1.0 -1.0 -1.0 0.0 0.32213517404973724 0.354794139438331 0.32307068651193177
9 908.0 0.0 -1.0 -1.0 -1.0 0.0 0.3314393900430504 0.35977386536140066 0.30878674459554883
9 909.0 0.0 -1.0 -1.0 -1.0 0.0 0.3032382368343786 0.3946544273574194 0.3021073358082019
9 910.0 0.0 -1.0 -1.0 -1.0 0.0 0.28118212363657324 0.3745608882027549 0.34425698816067213
9 911.0 0.0 -1.0 -1.0 -1.0 0.0 0.2999298124433725 0.34880444747556427 0.35126574008106287
9 912.0 0.0 -1.0 -1.0 -1.0 0.0 0.313911278556523 0.3309444500963943 0.35514427134708276
9 913.0 0.0 -1.0 -1.0 -1.0 0.0 0.34689158432075706 0.31141709907662485 0.3416913166026178
9 914.0 0.0 -1.0 -1.0 -1.0 0.0 0.33453272393987604 0.3255318075966023 0.33993546846352146
9 915.0 0.0 -1.0 -1.0 -1.0 0.0 0.3093749575701896 0.3470800619971526 0.3435449804326577
9 916.0 0.0 -1.0 -1.0 -1.0 0.0 0.33508806178444694 0.3544999511991355 0.3104119870164175
9 917.0 0.0 -1.0 -1.0 -1.0 0.0 0.3244023371123695 0.38102645009853553 0.2945712127890947
9 918.0 0.0 -1.0 -1.0 -1.0 0.0 0.34457978118854277 0.3291812226888667 0.3262389961225905
9 919.0 0.0 -1.0 -1.0 -1.0 0.0 0.351997739412737 0.3113500143722967 0.33665224621496626
9 920.0 0.0 -1.0 -1.0 -1.0 0.0 0.3213336593567767 0.31448336635155255 0.3641829742916707
9 921.0 0.0 -1.0 -1.0 -1.0 0.0 0.3430431658799904 0.3156749727341418 0.3412818613858679
9 922.0 0.0 -1.0 -1.0 -1.0 0.0 0.32461430917375245 0.3115354425564023 0.3638502482698452
9 923.0 0.0 -1.0 -1.0 -1.0 0.0 0.331575068751215 0.3188264205790201 0.3495985106697649
9 924.0 0.0 -1.0 -1.0 -1.0 0.0 0.3125338390059553 0.33522692583427594 0.3522392351597686
9 925.0 0.0 -1.0 -1.0 -1.0 0.0 0.33937856774653163 0.29235705760139463 0.3682643746520735
9 926.0 0.0 -1.0 -1.0 -1.0 0.0 0.3398808452467737 0.3040800766944915 0.3560390780587345
9 927.0 0.0 -1.0 -1.0 -1.0 0.0 0.3422419243050714 0.29609991252718976 0.36165816316773913
9 928.0 0.0 -1.0 -1.0 -1.0 0.0 0.3441271101838237 0.28486389630350417 0.37100899351267186
9 929.0 0.0 -1.0 -1.0 -1.0 0.0 0.3416781402631408 0.2758784376389911 0.3824434220978679
9 930.0 0.0 -1.0 -1.0 -1.0 0.0 0.3338169570758572 0.2860171557810627 0.3801658871430803
9 931.0 0.0 -1.0 -1.0 -1.0 0.0 0.3188479764737965 0.29023680601272467 0.39091521751347885
9 932.0 0.0 -1.0 -1.0 -1.0 0.0 0.3361446138864437 0.2750185530455526 0.38883683306800376
9 933.0 0.0 -1.0 -1.0 -1.0 0.0 0.3628133094994409 0.27754711537526616 0.359639575125293
9 934.0 0.0 -1.0 -1.0 -1.0 0.0 0.3302222302070129 0.29582366133933996 0.37395410845364707
9 935.0 0.0 -1.0 -1.0 -1.0 0.0 0.32709385185139533 0.3013215145416473 0.3715846336069574
9 936.0 0.0 -1.0 -1.0 -1.0 0.0 0.3281061467991539 0.28918527460488624 0.3827085785959597
9 937.0 0.0 -1.0 -1.0 -1.0 0.0 0.3427322352503658 0.29855580013881816 0.3587119646108161
9 938.0 0.0 -1.0 -1.0 -1.0 0.0 0.32200157776587696 0.32958850092846226 0.3484099213056608
9 939.0 0.0 -1.0 -1.0 -1.0 0.0 0.31400771474241446 0.33583576412163774 0.3501565211359481
9 940.0 0.0 -1.0 -1.0 -1.0 0.0 0.30569093418521276 0.34004050680933956 0.35426855900544757
9 941.0 0.0 -1.0 -1.0 -1.0 0.0 0.3213235282035243 0.3286294983485796 0.3500469734478962
9 942.0 0.0 -1.0 -1.0 -1.0 0.0 0.3019778918343416 0.3382994964003972 0.3597226117652613
9 943.0 0.0 -1.0 -1.0 -1.0 0.0 0.316404794005517 0.3320791414470106 0.3515160645474723
9 944.0 0.0 -1.0 -1.0 -1.0 0.0 0.2892020773770114 0.36747740867353357 0.3433205139494549
9 945.0 0.0 -1.0 -1.0 -1.0 0.0 0.29630768589932394 0.34471490303085106 0.35897741106982506
9 946.0 0.0 -1.0 -1.0 -1.0 0.0 0.31821640232251164 0.32069397863759397 0.3610896190398944
9 947.0 0.0 -1.0 -1.0 -1.0 0.0 0.3552796433788321 0.3036295380633211 0.3410908185578465
9 948.0 0.0 -1.0 -1.0 -1.0 0.0 0.35092273147025943 0.30640464986519594 0.34267261866454424
9 949.0 0.0 -1.0 -1.0 -1.0 0.0 0.3445280560354014 0.301306748770386 0.35416519519421263
9 950.0 0.0 -1.0 -1.0 -1.0 0.0 0.33500020627911375 0.28820125452712786 0.3767985391937585
9 951.0 0.0 -1.0 -1.0 -1.0 0.0 0.34781691199666454 0.2709770849969343 0.3812060030064011
9 952.0 0.0 -1.0 -1.0 -1.0 0.0 0.349006420473015 0.2808284024841294 0.37016517704285556
9 953.0 0.0 -1.0 -1.0 -1.0 0.0 0.36483526705252184 0.2863702983029199 0.34879443464455817
9 954.0 0.0 -1.0 -1.0 -1.0 0.0 0.35058059381161927 0.2939809689104742 0.35543843727790686
9 955.0 0.0 -1.0 -1.0 -1.0 0.0 0.3366570308186308 0.29648205613527545 0.36686091304609386
9 956.0 0.0 -1.0 -1.0 -1.0 0.0 0.3458616773216318 0.27899823177902083 0.37514009089934724
9 957.0 0.0 -1.0 -1.0 -1.0 0.0 0.3516913744736623 0.30193803554115656 0.34637058998518094
9 958.0 0.0 -1.0 -1.0 -1.0 0.0 0.3322621375218282 0.3107013441251621 0.3570365183530095
9 959.0 0.0 -1.0 -1.0 -1.0 0.0 0.3262862008268601 0.31346028194185005 0.36025351723129
9 960.0 0.0 -1.0 -1.0 -1.0 0.0 0.33416297977537207 0.27679153224361025 0.3890454879810178
9 961.0 0.0 -1.0 -1.0 -1.0 0.0 0.3476067744664865 0.29042459642693225 0.3619686291065811
9 962.0 0.0 -1.0 -1.0 -1.0 0.0 0.3300116835205115 0.3107143827678484 0.35927393371163985
9 963.0 0.0 -1.0 -1.0 -1.0 0.0 0.3053647021209958 0.3233517275911704 0.37128357028783365
9 964.0 0.0 -1.0 -1.0 -1.0 0.0 0.29470978413069776 0.3221129395553403 0.3831772763139621
9 965.0 0.0 -1.0 -1.0 -1.0 0.0 0.3050022188786713 0.33334818464163546 0.36164959647969297
9 966.0 0.0 -1.0 -1.0 -1.0 0.0 0.3057399905809603 0.329390760602407 0.3648692488166325
9 967.0 0.0 -1.0 -1.0 -1.0 0.0 0.34224563834532573 0.34880965700619576 0.3089447046484786
9 968.0 0.0 -1.0 -1.0 -1.0 0.0 0.32960133864153135 0.345203273065846 0.3251953882926229
9 969.0 0.0 -1.0 -1.0 -1.0 0.0 0.33289537394885366 0.34568442862240567 0.32142019742874084
9 970.0 0.0 -1.0 -1.0 -1.0 0.0 0.30428756026877574 0.3394980151501696 0.35621442458105484
9 971.0 0.0 -1.0 -1.0 -1.0 0.0 0.3194875861277725 0.3310554121179978 0.3494570017542296
9 972.0 0.0 -1.0 -1.0 -1.0 0.0 0.3469390793431853 0.3173666049110752 0.3356943157457393
9 973.0 0.0 -1.0 -1.0 -1.0 0.0 0.34667282422116247 0.3109912457222624 0.34233593005657525
9 974.0 0.0 -1.0 -1.0 -1.0 0.0 0.3546083372645334 0.31459448280234714 0.33079717993311936
9 975.0 0.0 -1.0 -1.0 -1.0 0.0 0.3649822377493711 0.3109770206162918 0.32404074163433755
9 976.0 0.0 -1.0 -1.0 -1.0 0.0 0.3469586821902953 0.3222512347308063 0.33079008307889857
9 977.0 0.0 -1.0 -1.0 -1.0 0.0 0.33777987608434173 0.3313866307770627 0.33083349313859556
9 978.0 0.0 -1.0 -1.0 -1.0 0.0 0.3333542370133278 0.34234314266457966 0.32430262032209256
9 979.0 0.0 -1.0 -1.0 -1.0 0.0 0.344016468817249 0.35031389742872926 0.30566963375402195
9 980.0 0.0 -1.0 -1.0 -1.0 0.0 0.33191325161203744 0.3366820946376008 0.3314046537503619
9 981.0 0.0 -1.0 -1.0 -1.0 0.0 0.37420291924773463 0.30356269521357676 0.3222343855386887
9 982.0 0.0 -1.0 -1.0 -1.0 0.0 0.3541184566005899 0.314770785945159 0.3311107574542513
9 983.0 0.0 -1.0 -1.0 -1.0 0.0 0.3328543073966654 0.3124374787578541 0.3547082138454805
9 984.0 0.0 -1.0 -1.0 -1.0 0.0 0.3068857502510457 0.3423416513652107 0.3507725983837437
9 985.0 0.0 -1.0 -1.0 -1.0 0.0 0.3398153250434347 0.3220254721587183 0.3381592027978471
9 986.0 0.0 -1.0 -1.0 -1.0 0.0 0.3401787314440315 0.3374358434351493 0.32238542512081914
9 987.0 0.0 -1.0 -1.0 -1.0 0.0 0.3463358097040903 0.34149669637166474 0.312167493924245
9 988.0 0.0 -1.0 -1.0 -1.0 0.0 0.34281377510758887 0.3507699211217768 0.30641630377063456
9 989.0 0.0 -1.0 -1.0 -1.0 0.0 0.36694263172106245 0.3432241077154108 0.28983326056352676
9 990.0 0.0 -1.0 -1.0 -1.0 0.0 0.3488263166580587 0.3364141385935005 0.3147595447484406
9 991.0 0.0 -1.0 -1.0 -1.0 0.0 0.34922839639195813 0.3286211676155911 0.3221504359924505
9 992.0 0.0 -1.0 -1.0 -1.0 0.0 0.3740407474352248 0.30915744956955515 0.31680180299522037
9 993.0 0.0 -1.0 -1.0 -1.0 0.0 0.3555602586637702 0.29223970790469384 0.352200033431536
9 994.0 0.0 -1.0 -1.0 -1.0 0.0 0.35183011537587605 0.28476134196949277 0.36340854265463124
9 995.0 0.0 -1.0 -1.0 -1.0 0.0 0.3385418439450355 0.3097685486266101 0.35168960742835415
9 996.0 0.0 -1.0 -1.0 -1.0 0.0 0.31667569061520146 0.31930446646847205 0.36401984291632644
9 997.0 0.0 -1.0 -1.0 -1.0 0.0 0.33545495172303197 0.3326942660415535 0.3318507822354148
9 998.0 0.0 -1.0 -1.0 -1.0 0.0 0.2992491050573964 0.3573232906911283 0.3434276042514755
9 999.0 0.0 -1.0 -1.0 -1.0 0.0 0.3082891019720695 0.3424184524360967 0.3492924455918341
9 1000.0 0.0 -1.0 -1.0 -1.0 0.0 0.312550027198047 0.3486431109233326 0.33880686187862025
1000000000000000000000000000000000000000000000000000000000000000000000000000000000000000000000000000
-1.0
solo con 1: -100.0
