9 0.0 8.0 -37.0 -163.0 -108.12 49.934963763485456 0.3333333333333333 0.3333333333333333 0.3333333333333333
9 1.0 8.0 -37.0 -159.0 -92.84 50.70845963730193 0.33573344283681744 0.25176993093947597 0.41249662622370686
9 2.0 8.0 -37.0 -159.0 -73.47 45.57610019616541 0.3039842125398454 0.2228986019221792 0.4731171855379754
9 3.0 25.0 -35.0 -159.0 -57.52 35.83589983761698 0.2592609270679737 0.2098439296726657 0.5308951432593608
9 4.0 68.0 -33.0 -159.0 -49.51 29.196476541258242 0.24926407486728888 0.18136692177698988 0.5693690033557209
9 5.0 9.0 -31.0 -151.0 -45.77 27.681396225076806 0.2571070812102272 0.15986111942380993 0.5830317993659626
9 6.0 51.0 -30.0 -151.0 -41.81 24.400983172773575 0.2286386331236798 0.15933436163298154 0.6120270052433386
9 7.0 71.0 -29.0 -151.0 -39.55 24.74531891248945 0.20935167522237932 0.13486178566471696 0.6557865391129039
9 8.0 15.0 -27.0 -151.0 -36.72 22.69609497849195 0.2061766865989788 0.13369929699462152 0.6601240164063994
9 9.0 15.0 -26.0 -151.0 -34.03 19.865433661147556 0.19477869218637076 0.12531324652838294 0.679908061285246
9 10.0 15.0 -24.0 -145.0 -31.44 16.102148673987333 0.1744467485989264 0.11491883697385305 0.7106344144272204
9 11.0 11.0 -23.0 -145.0 -28.73 12.275338667178966 0.15846459701494767 0.10736111404569913 0.7341742889393531
9 12.0 0.0 -22.0 -43.0 -25.77 2.770169378185814 0.15583732970338166 0.09560426658720951 0.7485584037094091
9 13.0 33.0 -18.0 -43.0 -24.56 2.9960243016640566 0.14056632783604517 0.09791140432681908 0.7615222678371356
9 14.0 33.0 -18.0 -43.0 -23.13 3.196130867979674 0.13815739289404202 0.10700122713912417 0.7548413799668339
9 15.0 33.0 -15.0 -43.0 -21.4 3.018461712712473 0.13442180578146265 0.10204025802212727 0.7635379361964096
9 16.0 12.0 -15.0 -43.0 -19.89 3.2501592812561273 0.12962416682512715 0.0893234652840653 0.7810523678908079
9 17.0 22.0 -13.0 -43.0 -18.39 3.5043839787767372 0.1155547138628025 0.09007206629129427 0.7943732198459031
9 18.0 22.0 -13.0 -43.0 -16.68 3.601009959340952 0.09899266974424867 0.08788777593952116 0.8131195543162302
9 19.0 91.0 -11.0 -29.0 -14.95 2.2669117514559067 0.10943189181490588 0.10079885260005175 0.7897692555850431
9 20.0 41.0 -11.0 -29.0 -13.96 2.2782236567780245 0.11376466036660787 0.10462239642454364 0.7816129432088488
9 21.0 8.0 -11.0 -29.0 -12.89 2.415835802835661 0.10901579157905875 0.10847674986822643 0.7825074585527146
9 22.0 0.0 -9.0 -29.0 -11.78 2.0820541527418324 0.09900176622027791 0.10697027622143004 0.7940279575582921
9 23.0 56.0 -8.0 -29.0 -11.03 2.0911308621959277 0.10472382912344641 0.11560403769119987 0.7796721331853537
9 24.0 24.0 -8.0 -16.0 -10.07 1.130433009018576 0.11398861177014481 0.12082739015738345 0.7651839980724715
9 25.0 28.0 -7.0 -11.0 -9.19 1.0019677609281619 0.11910457047145576 0.1122538817198628 0.7686415478086814
9 26.0 28.0 -6.0 -11.0 -8.19 1.0415121097459576 0.1284284290448911 0.11586772750224762 0.7557038434528615
9 27.0 3.0 -6.0 -11.0 -7.32 1.0529420063264978 0.125926433972314 0.11206186079360324 0.7620117052340829
9 28.0 5.0 -5.0 -11.0 -6.64 1.0965510669477465 0.12651249649456028 0.10490454001273379 0.7685829634927059
9 29.0 21.0 -4.0 -11.0 -5.92 1.0980239367411653 0.12251950071967191 0.11089664203261677 0.7665838572477116
9 30.0 1.0 -4.0 -11.0 -5.25 0.967919772950572 0.10327232898218303 0.12162942479269309 0.7750982462251237
9 31.0 31.0 -3.0 -11.0 -4.7 0.9587449708822048 0.12095484354163336 0.13342723338866883 0.7456179230696978
9 32.0 55.0 -2.0 -11.0 -4.05 1.0187633620614693 0.1277631391438489 0.1419130314509982 0.7303238294051532
9 33.0 7.0 -2.0 -6.0 -3.42 0.9120960431441372 0.13431499356602175 0.13702515143844227 0.7286598549955362
9 34.0 7.0 -1.0 -5.0 -2.67 0.9540450828980879 0.13074633947026804 0.13240084381385858 0.7368528167158734
9 35.0 3.0 -1.0 -5.0 -1.93 0.8196451560389907 0.14397750246081173 0.13174019870200643 0.7242822988371816
9 36.0 3.0 -1.0 -5.0 -1.46 0.8092895000860285 0.13492609505747977 0.1372408683106307 0.7278330366318895
9 37.0 2.0 -1.0 -5.0 -1.24 0.6375457995035705 0.164450159047828 0.16495489312639428 0.6705949478257774
9 38.0 0.0 -1.0 -5.0 -1.12 0.49807711057707404 0.20762130277257776 0.20143506501092706 0.5909436322164955
9 39.0 0.0 -1.0 -5.0 -1.1 0.4819992036541487 0.22331494828304913 0.23169311016963084 0.54499194154732
9 40.0 0.0 -1.0 -5.0 -1.08 0.44221663871405265 0.2500364236722412 0.25662478239179554 0.49333879393596347
9 41.0 0.0 -1.0 -3.0 -1.05 0.26111648393354714 0.283796997589549 0.2795337358788571 0.436669266531594
9 42.0 0.0 -1.0 -2.0 -1.01 0.09999999999999996 0.31400782390926635 0.3052767230036624 0.380715453087071
9 43.0 0.0 -1.0 -2.0 -1.01 0.09999999999999996 0.3495609190130902 0.3194502132418578 0.33098886774505215
9 44.0 0.0 -1.0 -2.0 -1.01 0.09999999999999996 0.35319504127912027 0.32246162505353787 0.3243433336673419
9 45.0 0.0 -1.0 -2.0 -1.01 0.09999999999999996 0.3477322006616842 0.30068570673154205 0.3515820926067738
9 46.0 0.0 -1.0 -2.0 -1.01 0.09999999999999996 0.3459134068449099 0.32601747501477013 0.3280691181403201
9 47.0 0.0 -1.0 -1.0 -1.0 0.0 0.32871021937640527 0.32506572844323073 0.34622405218036406
9 48.0 0.0 -1.0 -1.0 -1.0 0.0 0.34599345207459575 0.30487021458078084 0.3491363333446235
9 49.0 0.0 -1.0 -1.0 -1.0 0.0 0.35964938448156425 0.28750108110526557 0.3528495344131703
9 50.0 0.0 -1.0 -1.0 -1.0 0.0 0.3507349372971121 0.301951803468542 0.347313259234346
9 51.0 0.0 -1.0 -1.0 -1.0 0.0 0.33863870241552896 0.32551348469331276 0.33584781289115834
9 52.0 0.0 -1.0 -1.0 -1.0 0.0 0.3400597819428574 0.32206990891212134 0.3378703091450212
9 53.0 0.0 -1.0 -1.0 -1.0 0.0 0.34914019351765646 0.31846279932373805 0.3323970071586055
9 54.0 0.0 -1.0 -1.0 -1.0 0.0 0.346527252179795 0.3022287950481365 0.3512439527720686
9 55.0 0.0 -1.0 -1.0 -1.0 0.0 0.3210120685122714 0.3206056614536822 0.35838227003404666
9 56.0 0.0 -1.0 -1.0 -1.0 0.0 0.3010049330706508 0.32430278037239746 0.3746922865569517
9 57.0 0.0 -1.0 -1.0 -1.0 0.0 0.3290623122151072 0.30807760530285966 0.36286008248203316
9 58.0 0.0 -1.0 -1.0 -1.0 0.0 0.34813824958221323 0.283483617512198 0.3683781329055884
9 59.0 0.0 -1.0 -1.0 -1.0 0.0 0.32951010672408954 0.2980438074907227 0.37244608578518795
9 60.0 0.0 -1.0 -1.0 -1.0 0.0 0.32255116652524995 0.31324633737266316 0.3642024961020867
9 61.0 0.0 -1.0 -1.0 -1.0 0.0 0.3242050642331414 0.315161155205187 0.36063378056167184
9 62.0 0.0 -1.0 -1.0 -1.0 0.0 0.30619955834876506 0.34565773840488023 0.3481427032463549
9 63.0 0.0 -1.0 -1.0 -1.0 0.0 0.30811398971096515 0.3376288678788135 0.35425714241022144
9 64.0 0.0 -1.0 -1.0 -1.0 0.0 0.2867003378566137 0.3514550477363771 0.36184461440700927
9 65.0 0.0 -1.0 -1.0 -1.0 0.0 0.30911998773581584 0.3398752705767211 0.35100474168746326
9 66.0 0.0 -1.0 -1.0 -1.0 0.0 0.29232241157986677 0.35169538586288723 0.355982202557246
9 67.0 0.0 -1.0 -1.0 -1.0 0.0 0.3224096885943358 0.3483211158885562 0.32926919551710815
9 68.0 0.0 -1.0 -1.0 -1.0 0.0 0.32126781898776163 0.3603333986143262 0.3183987823979123
9 69.0 0.0 -1.0 -1.0 -1.0 0.0 0.29936533836004176 0.3728594039329316 0.327775257707027
9 70.0 0.0 -1.0 -1.0 -1.0 0.0 0.29588945557473 0.3460136924811979 0.35809685194407215
9 71.0 0.0 -1.0 -1.0 -1.0 0.0 0.3109049994070765 0.3522050009711096 0.33688999962181404
9 72.0 0.0 -1.0 -1.0 -1.0 0.0 0.2892349854133148 0.3652226960389565 0.34554231854772866
9 73.0 0.0 -1.0 -1.0 -1.0 0.0 0.30588718768917733 0.3511562856612311 0.3429565266495917
9 74.0 0.0 -1.0 -1.0 -1.0 0.0 0.34264933626826827 0.31399597837032805 0.3433546853614036
9 75.0 0.0 -1.0 -1.0 -1.0 0.0 0.3102093674738522 0.34910798014153804 0.34068265238460976
9 76.0 0.0 -1.0 -1.0 -1.0 0.0 0.3152022950646491 0.3480102106272169 0.336787494308134
9 77.0 0.0 -1.0 -1.0 -1.0 0.0 0.30052681916398255 0.3489816723415544 0.3504915084944631
9 78.0 0.0 -1.0 -1.0 -1.0 0.0 0.3037044421216548 0.34917218587519 0.3471233720031554
9 79.0 0.0 -1.0 -1.0 -1.0 0.0 0.32153423020975874 0.33927827357424933 0.33918749621599203
9 80.0 0.0 -1.0 -1.0 -1.0 0.0 0.3405227501474044 0.35675601833844084 0.3027212315141547
9 81.0 0.0 -1.0 -1.0 -1.0 0.0 0.3277966921994245 0.35520936355008026 0.31699394425049554
9 82.0 0.0 -1.0 -1.0 -1.0 0.0 0.3300669444588014 0.3355049309117276 0.33442812462947097
9 83.0 0.0 -1.0 -1.0 -1.0 0.0 0.3498024549499528 0.3236928118985714 0.326504733151476
9 84.0 0.0 -1.0 -1.0 -1.0 0.0 0.3637815533950019 0.31876137767904333 0.3174570689259547
9 85.0 0.0 -1.0 -1.0 -1.0 0.0 0.3721812610959143 0.3104924856967235 0.31732625320736196
9 86.0 0.0 -1.0 -1.0 -1.0 0.0 0.37468847952233375 0.30094207670796647 0.3243694437696996
9 87.0 0.0 -1.0 -1.0 -1.0 0.0 0.381528412646126 0.2943792547815837 0.3240923325722905
9 88.0 0.0 -1.0 -1.0 -1.0 0.0 0.36937549191326224 0.30148824836251376 0.329136259724224
9 89.0 0.0 -1.0 -1.0 -1.0 0.0 0.38991954266365025 0.28206331026739134 0.3280171470689586
9 90.0 0.0 -1.0 -1.0 -1.0 0.0 0.37974857578758503 0.33230739363178324 0.2879440305806318
9 91.0 0.0 -1.0 -1.0 -1.0 0.0 0.3739175573717489 0.3477953224802382 0.27828712014801255
9 92.0 0.0 -1.0 -1.0 -1.0 0.0 0.36506504540576884 0.3380320032524431 0.296902951341788
9 93.0 0.0 -1.0 -1.0 -1.0 0.0 0.36323661874353064 0.33543811526368084 0.30132526599278847
9 94.0 0.0 -1.0 -1.0 -1.0 0.0 0.3599230020590145 0.32532100882935194 0.3147559891116338
9 95.0 0.0 -1.0 -1.0 -1.0 0.0 0.3623328421934865 0.3071132548912195 0.3305539029152942
9 96.0 0.0 -1.0 -1.0 -1.0 0.0 0.33084511274173145 0.32452973187584955 0.3446251553824192
9 97.0 0.0 -1.0 -1.0 -1.0 0.0 0.3550959955022084 0.3400837791807343 0.3048202253170575
9 98.0 0.0 -1.0 -1.0 -1.0 0.0 0.34848104672123603 0.3424054986373913 0.30911345464137296
9 99.0 0.0 -1.0 -1.0 -1.0 0.0 0.34875967195039964 0.34180692135696006 0.30943340669264036
9 100.0 0.0 -1.0 -1.0 -1.0 0.0 0.3665975403578365 0.3272955084032525 0.3061069512389108
9 101.0 0.0 -1.0 -1.0 -1.0 0.0 0.33593897886582313 0.31985783782674754 0.34420318330742944
9 102.0 0.0 -1.0 -1.0 -1.0 0.0 0.3279168808180291 0.33125650772749 0.34082661145448084
9 103.0 0.0 -1.0 -1.0 -1.0 0.0 0.3269767882499371 0.3306655019851222 0.3423577097649407
9 104.0 0.0 -1.0 -1.0 -1.0 0.0 0.31324641349096427 0.3152177185017152 0.3715358680073205
9 105.0 0.0 -1.0 -1.0 -1.0 0.0 0.33277545140597964 0.3301348749112501 0.3370896736827703
9 106.0 0.0 -1.0 -1.0 -1.0 0.0 0.337236911216898 0.3236481123322442 0.33911497645085764
9 107.0 0.0 -1.0 -1.0 -1.0 0.0 0.3491544642405232 0.3139703028571106 0.33687523290236593
9 108.0 0.0 -1.0 -1.0 -1.0 0.0 0.33901147123826236 0.30143163518360666 0.3595568935781309
9 109.0 0.0 -1.0 -1.0 -1.0 0.0 0.3589264945535662 0.32999414169576985 0.31107936375066414
9 110.0 0.0 -1.0 -1.0 -1.0 0.0 0.37018348190454786 0.3085073042930004 0.3213092138024517
9 111.0 0.0 -1.0 -1.0 -1.0 0.0 0.3836436392453983 0.2901080932456802 0.3262482675089215
9 112.0 0.0 -1.0 -1.0 -1.0 0.0 0.37072599781960136 0.32507435688587966 0.30419964529451904
9 113.0 0.0 -1.0 -1.0 -1.0 0.0 0.3474250863031173 0.3463300018157574 0.3062449118811251
9 114.0 0.0 -1.0 -1.0 -1.0 0.0 0.3453412459837083 0.3426136637335187 0.3120450902827727
9 115.0 0.0 -1.0 -1.0 -1.0 0.0 0.33131601876732986 0.36835766558889455 0.3003263156437756
9 116.0 0.0 -1.0 -1.0 -1.0 0.0 0.32160250317677436 0.39446164013363655 0.28393585668958926
9 117.0 0.0 -1.0 -1.0 -1.0 0.0 0.33112025149468827 0.357069843968913 0.31180990453639873
9 118.0 0.0 -1.0 -1.0 -1.0 0.0 0.31648088468352664 0.36964056437325327 0.31387855094322004
9 119.0 0.0 -1.0 -1.0 -1.0 0.0 0.31087668290760306 0.3633452625854857 0.32577805450691116
9 120.0 0.0 -1.0 -1.0 -1.0 0.0 0.34255317074671887 0.3607727199584905 0.29667410929479077
9 121.0 0.0 -1.0 -1.0 -1.0 0.0 0.34483658842166853 0.38716019005295804 0.2680032215253732
9 122.0 0.0 -1.0 -1.0 -1.0 0.0 0.3581256038616665 0.35692964233194113 0.28494475380639256
9 123.0 0.0 -1.0 -1.0 -1.0 0.0 0.3739772252654413 0.3398753287660625 0.2861474459684962
9 124.0 0.0 -1.0 -1.0 -1.0 0.0 0.33408004581662964 0.3560200641356372 0.3098998900477331
9 125.0 0.0 -1.0 -1.0 -1.0 0.0 0.3234666907534712 0.364760599009237 0.31177271023729153
9 126.0 0.0 -1.0 -1.0 -1.0 0.0 0.2975760938390074 0.3968425479565538 0.30558135820443894
9 127.0 0.0 -1.0 -1.0 -1.0 0.0 0.2857803307818001 0.407626747147741 0.30659292207045913
9 128.0 0.0 -1.0 -1.0 -1.0 0.0 0.27727340580754717 0.38008491228132774 0.3426416819111251
9 129.0 0.0 -1.0 -1.0 -1.0 0.0 0.2724532978145556 0.3583737543295829 0.3691729478558613
9 130.0 0.0 -1.0 -1.0 -1.0 0.0 0.26527539683637225 0.37364157433498735 0.36108302882864046
9 131.0 0.0 -1.0 -1.0 -1.0 0.0 0.27224983410059855 0.37162381148878637 0.35612635441061513
9 132.0 0.0 -1.0 -1.0 -1.0 0.0 0.2880110003894373 0.34800537773190254 0.3639836218786601
9 133.0 0.0 -1.0 -1.0 -1.0 0.0 0.29510177243256214 0.34150620711390345 0.3633920204535346
9 134.0 0.0 -1.0 -1.0 -1.0 0.0 0.30147213759578206 0.33893313673413517 0.3595947256700828
9 135.0 0.0 -1.0 -1.0 -1.0 0.0 0.3247074380698477 0.35860143713193565 0.31669112479821654
9 136.0 0.0 -1.0 -1.0 -1.0 0.0 0.3306215147370138 0.3561993689345927 0.3131791163283935
9 137.0 0.0 -1.0 -1.0 -1.0 0.0 0.33972124884247906 0.3547415277676741 0.305537223389847
9 138.0 0.0 -1.0 -1.0 -1.0 0.0 0.3466199760679789 0.3592748520146958 0.2941051719173253
9 139.0 0.0 -1.0 -1.0 -1.0 0.0 0.33200638169513064 0.3646835403174849 0.3033100779873844
9 140.0 0.0 -1.0 -1.0 -1.0 0.0 0.3362179105690004 0.3432075125722679 0.3205745768587316
9 141.0 0.0 -1.0 -1.0 -1.0 0.0 0.3507414532280997 0.31933582592147225 0.32992272085042806
9 142.0 0.0 -1.0 -1.0 -1.0 0.0 0.34912616097404936 0.325600637878847 0.32527320114710356
9 143.0 0.0 -1.0 -1.0 -1.0 0.0 0.36233151150127846 0.3672056780295499 0.27046281046917153
9 144.0 0.0 -1.0 -1.0 -1.0 0.0 0.39894918946359226 0.33339622524275975 0.26765458529364794
9 145.0 0.0 -1.0 -1.0 -1.0 0.0 0.3897034514467695 0.33758079162294335 0.27271575693028705
9 146.0 0.0 -1.0 -1.0 -1.0 0.0 0.364411769491674 0.35646594120988523 0.27912228929844085
9 147.0 0.0 -1.0 -1.0 -1.0 0.0 0.37230593419551844 0.33852144981993065 0.28917261598455096
9 148.0 0.0 -1.0 -1.0 -1.0 0.0 0.3862760053061284 0.3177154952346328 0.29600849945923885
9 149.0 0.0 -1.0 -1.0 -1.0 0.0 0.37255814827730227 0.32251592936870993 0.3049259223539879
9 150.0 0.0 -1.0 -1.0 -1.0 0.0 0.3523785695269245 0.33619246576157996 0.3114289647114955
9 151.0 0.0 -1.0 -1.0 -1.0 0.0 0.33578860587900194 0.3299281064017984 0.33428328771919946
9 152.0 0.0 -1.0 -1.0 -1.0 0.0 0.32241357351287886 0.32392349558494443 0.35366293090217654
9 153.0 0.0 -1.0 -1.0 -1.0 0.0 0.32537015138331526 0.337547022902939 0.3370828257137457
9 154.0 0.0 -1.0 -1.0 -1.0 0.0 0.3310878331870136 0.31866209314054095 0.3502500736724452
9 155.0 0.0 -1.0 -1.0 -1.0 0.0 0.3496279316153801 0.33669225779091083 0.31367981059370875
9 156.0 0.0 -1.0 -1.0 -1.0 0.0 0.34605962618888647 0.334038918975402 0.3199014548357116
9 157.0 0.0 -1.0 -1.0 -1.0 0.0 0.3366793438874409 0.31699841133828965 0.34632224477426954
9 158.0 0.0 -1.0 -1.0 -1.0 0.0 0.31699399109406307 0.3127679456594026 0.37023806324653413
9 159.0 0.0 -1.0 -1.0 -1.0 0.0 0.3210156916063497 0.29513457785860814 0.3838497305350424
9 160.0 0.0 -1.0 -1.0 -1.0 0.0 0.3521414515068442 0.3038523916425115 0.3440061568506442
9 161.0 0.0 -1.0 -1.0 -1.0 0.0 0.3497993037821249 0.32622600554073605 0.3239746906771389
9 162.0 0.0 -1.0 -1.0 -1.0 0.0 0.3455569006935978 0.33750401653815865 0.3169390827682437
9 163.0 0.0 -1.0 -1.0 -1.0 0.0 0.3624339210835024 0.3151428121704163 0.32242326674608146
9 164.0 0.0 -1.0 -1.0 -1.0 0.0 0.3297737218649533 0.3386213688205136 0.3316049093145335
9 165.0 0.0 -1.0 -1.0 -1.0 0.0 0.3302980257634856 0.3401352367352065 0.32956673750130805
9 166.0 0.0 -1.0 -1.0 -1.0 0.0 0.35427855222939636 0.3200361799479127 0.325685267822691
9 167.0 0.0 -1.0 -1.0 -1.0 0.0 0.3256760031976067 0.3214208589099126 0.35290313789248046
9 168.0 0.0 -1.0 -1.0 -1.0 0.0 0.32055803991626575 0.30960082810684625 0.36984113197688795
9 169.0 0.0 -1.0 -1.0 -1.0 0.0 0.33603586117297435 0.32684095452766665 0.33712318429935906
9 170.0 0.0 -1.0 -1.0 -1.0 0.0 0.35135760407765837 0.3006834420138497 0.347958953908492
9 171.0 0.0 -1.0 -1.0 -1.0 0.0 0.3440732097214669 0.3052578838139059 0.3506689064646272
9 172.0 0.0 -1.0 -1.0 -1.0 0.0 0.3595535883866259 0.3010134735843599 0.3394329380290144
9 173.0 0.0 -1.0 -1.0 -1.0 0.0 0.3249666287079993 0.3312759498591221 0.3437574214328788
9 174.0 0.0 -1.0 -1.0 -1.0 0.0 0.35464518049414856 0.32142525405976713 0.32392956544608437
9 175.0 0.0 -1.0 -1.0 -1.0 0.0 0.34530421187478794 0.32102763229569925 0.3336681558295129
9 176.0 0.0 -1.0 -1.0 -1.0 0.0 0.35795040863006633 0.3431148368607549 0.29893475450917883
9 177.0 0.0 -1.0 -1.0 -1.0 0.0 0.34643712903415325 0.3589759382158011 0.29458693275004566
9 178.0 0.0 -1.0 -1.0 -1.0 0.0 0.36797419848079593 0.3460778533210931 0.2859479481981111
9 179.0 0.0 -1.0 -1.0 -1.0 0.0 0.353971272755971 0.32776620975549947 0.31826251748853
9 180.0 0.0 -1.0 -1.0 -1.0 0.0 0.33660041472611013 0.306708794580639 0.356690790693251
9 181.0 0.0 -1.0 -1.0 -1.0 0.0 0.3300562082906062 0.3121969731359067 0.35774681857348706
9 182.0 0.0 -1.0 -1.0 -1.0 0.0 0.3253035722354656 0.319886830661908 0.3548095971026262
9 183.0 0.0 -1.0 -1.0 -1.0 0.0 0.34704193401859657 0.30939780248139503 0.343560263500008
9 184.0 0.0 -1.0 -1.0 -1.0 0.0 0.3424292346199773 0.322216466016226 0.3353542993637965
9 185.0 0.0 -1.0 -1.0 -1.0 0.0 0.3208668024971992 0.3169585142155812 0.3621746832872194
9 186.0 0.0 -1.0 -1.0 -1.0 0.0 0.28880523452476653 0.32864316343439015 0.3825516020408437
9 187.0 0.0 -1.0 -1.0 -1.0 0.0 0.2985760839299425 0.3603713112771507 0.34105260479290683
9 188.0 0.0 -1.0 -1.0 -1.0 0.0 0.2921796435915882 0.34778200968027995 0.36003834672813184
9 189.0 0.0 -1.0 -1.0 -1.0 0.0 0.3155709639570774 0.34279105654828285 0.34163797949463964
9 190.0 0.0 -1.0 -1.0 -1.0 0.0 0.3272505298902595 0.3333789297896887 0.33937054032005165
9 191.0 0.0 -1.0 -1.0 -1.0 0.0 0.3227897220586572 0.31873094610356967 0.3584793318377731
9 192.0 0.0 -1.0 -1.0 -1.0 0.0 0.33278974375717146 0.3218610030002701 0.34534925324255844
9 193.0 0.0 -1.0 -1.0 -1.0 0.0 0.3225977061252959 0.34665853861805723 0.3307437552566469
9 194.0 0.0 -1.0 -1.0 -1.0 0.0 0.3199135070495918 0.3382844553450519 0.3418020376053563
9 195.0 0.0 -1.0 -1.0 -1.0 0.0 0.32465300614937087 0.33674360928821534 0.33860338456241396
9 196.0 0.0 -1.0 -1.0 -1.0 0.0 0.3070485051503605 0.3419465961751807 0.3510048986744592
9 197.0 0.0 -1.0 -1.0 -1.0 0.0 0.319621322260963 0.3401273288927274 0.3402513488463096
9 198.0 0.0 -1.0 -1.0 -1.0 0.0 0.3306527820512612 0.3412981900196526 0.32804902792908597
9 199.0 0.0 -1.0 -1.0 -1.0 0.0 0.35575651652169044 0.32971779513707566 0.31452568834123396
9 200.0 0.0 -1.0 -1.0 -1.0 0.0 0.3354655376749195 0.36186914973022494 0.3026653125948557
9 201.0 0.0 -1.0 -1.0 -1.0 0.0 0.33100978692176347 0.3696932267153117 0.2992969863629252
9 202.0 0.0 -1.0 -1.0 -1.0 0.0 0.31236218246430725 0.3539409385278477 0.33369687900784517
9 203.0 0.0 -1.0 -1.0 -1.0 0.0 0.30049494359539364 0.34229646596482466 0.3572085904397816
9 204.0 0.0 -1.0 -1.0 -1.0 0.0 0.29337430259271624 0.3456827206852238 0.36094297672206005
9 205.0 0.0 -1.0 -1.0 -1.0 0.0 0.32022251761214165 0.33553297217545747 0.3442445102124009
9 206.0 0.0 -1.0 -1.0 -1.0 0.0 0.31184162054344033 0.33049328305818626 0.35766509639837346
9 207.0 0.0 -1.0 -1.0 -1.0 0.0 0.3338194873319942 0.3020812922656086 0.36409922040239723
9 208.0 0.0 -1.0 -1.0 -1.0 0.0 0.3410824249356259 0.2805416430612249 0.3783759320031494
9 209.0 0.0 -1.0 -1.0 -1.0 0.0 0.3296230115679929 0.31267128855899756 0.3577056998730094
9 210.0 0.0 -1.0 -1.0 -1.0 0.0 0.2937922778070366 0.34675856988108433 0.35944915231187907
9 211.0 0.0 -1.0 -1.0 -1.0 0.0 0.2976658564479094 0.34511081096685275 0.3572233325852378
9 212.0 0.0 -1.0 -1.0 -1.0 0.0 0.2959687399416125 0.3669940897545668 0.3370371703038208
9 213.0 0.0 -1.0 -1.0 -1.0 0.0 0.3201309748913523 0.36500075340190113 0.31486827170674636
9 214.0 0.0 -1.0 -1.0 -1.0 0.0 0.3105232549210456 0.3684550633781156 0.32102168170083883
9 215.0 0.0 -1.0 -1.0 -1.0 0.0 0.30686110258253463 0.35344491227448444 0.33969398514298094
9 216.0 0.0 -1.0 -1.0 -1.0 0.0 0.3053914251894122 0.35054001862086376 0.3440685561897241
9 217.0 0.0 -1.0 -1.0 -1.0 0.0 0.33237997133187924 0.3529896871786179 0.31463034148950286
9 218.0 0.0 -1.0 -1.0 -1.0 0.0 0.3084465598341752 0.38270914990249877 0.3088442902633261
9 219.0 0.0 -1.0 -1.0 -1.0 0.0 0.30953927962994515 0.38190506810813035 0.30855565226192455
9 220.0 0.0 -1.0 -1.0 -1.0 0.0 0.2898824622208498 0.38563842524259717 0.3244791125365529
9 221.0 0.0 -1.0 -1.0 -1.0 0.0 0.30117961637820684 0.36330839613447535 0.3355119874873177
9 222.0 0.0 -1.0 -1.0 -1.0 0.0 0.31212553721560204 0.3425039224204227 0.3453705403639751
9 223.0 0.0 -1.0 -1.0 -1.0 0.0 0.3516613322837648 0.33426529166663566 0.31407337604959973
9 224.0 0.0 -1.0 -1.0 -1.0 0.0 0.35348914232202083 0.3370361156527027 0.30947474202527664
9 225.0 0.0 -1.0 -1.0 -1.0 0.0 0.326221642803973 0.3604545413897003 0.3133238158063268
9 226.0 0.0 -1.0 -1.0 -1.0 0.0 0.31950466528391963 0.3514616371390624 0.3290336975770177
9 227.0 0.0 -1.0 -1.0 -1.0 0.0 0.30744402585358743 0.3787096933491983 0.31384628079721416
9 228.0 0.0 -1.0 -1.0 -1.0 0.0 0.3070457759681164 0.3724328744112305 0.32052134962065293
9 229.0 0.0 -1.0 -1.0 -1.0 0.0 0.3052704978331711 0.36424473962521353 0.33048476254161535
9 230.0 0.0 -1.0 -1.0 -1.0 0.0 0.3266710630817387 0.3573900111195385 0.31593892579872274
9 231.0 0.0 -1.0 -1.0 -1.0 0.0 0.3350642173661606 0.346467910870207 0.3184678717636322
9 232.0 0.0 -1.0 -1.0 -1.0 0.0 0.3207806310207916 0.34328861551497314 0.33593075346423523
9 233.0 0.0 -1.0 -1.0 -1.0 0.0 0.33121152822146066 0.3426115515946771 0.32617692018386235
9 234.0 0.0 -1.0 -1.0 -1.0 0.0 0.3357604417857127 0.3745800913657461 0.28965946684854116
9 235.0 0.0 -1.0 -1.0 -1.0 0.0 0.3416325500720753 0.35327918424028476 0.3050882656876397
9 236.0 0.0 -1.0 -1.0 -1.0 0.0 0.3404045128029551 0.34961746007385436 0.3099780271231907
9 237.0 0.0 -1.0 -1.0 -1.0 0.0 0.35992709250902477 0.3299289740883844 0.31014393340259105
9 238.0 0.0 -1.0 -1.0 -1.0 0.0 0.3483178019171587 0.32239054651330856 0.32929165156953283
9 239.0 0.0 -1.0 -1.0 -1.0 0.0 0.3245247160776907 0.33005712140654286 0.3454181625157663
9 240.0 0.0 -1.0 -1.0 -1.0 0.0 0.3578357998064871 0.3382292060133805 0.30393499418013237
9 241.0 0.0 -1.0 -1.0 -1.0 0.0 0.35353595229764756 0.3060709183462279 0.3403931293561245
9 242.0 0.0 -1.0 -1.0 -1.0 0.0 0.33365323478914755 0.3241110912400583 0.34223567397079413
9 243.0 0.0 -1.0 -1.0 -1.0 0.0 0.3584659156351806 0.2853428039872874 0.356191280377532
9 244.0 0.0 -1.0 -1.0 -1.0 0.0 0.352940824601516 0.30376309599437296 0.3432960794041109
9 245.0 0.0 -1.0 -1.0 -1.0 0.0 0.3488580900425435 0.30431820083696265 0.34682370912049376
9 246.0 0.0 -1.0 -1.0 -1.0 0.0 0.34833684377613083 0.3038226616361419 0.3478404945877274
9 247.0 0.0 -1.0 -1.0 -1.0 0.0 0.343921727016564 0.28392820280444836 0.3721500701789872
9 248.0 0.0 -1.0 -1.0 -1.0 0.0 0.3492362711386366 0.28537854448717115 0.3653851843741924
9 249.0 0.0 -1.0 -1.0 -1.0 0.0 0.32318369085424464 0.3117935034322551 0.3650228057135002
9 250.0 0.0 -1.0 -1.0 -1.0 0.0 0.36806925493316534 0.30765142897224534 0.32427931609458954
9 251.0 0.0 -1.0 -1.0 -1.0 0.0 0.35254753518992055 0.3274466719456475 0.3200057928644318
9 252.0 0.0 -1.0 -1.0 -1.0 0.0 0.37928564349759775 0.32683124134468067 0.29388311515772153
9 253.0 0.0 -1.0 -1.0 -1.0 0.0 0.3648594940204435 0.3338451136115895 0.30129539236796715
9 254.0 0.0 -1.0 -1.0 -1.0 0.0 0.35287456430197023 0.3516401688119054 0.29548526688612453
9 255.0 0.0 -1.0 -1.0 -1.0 0.0 0.3536692050870868 0.3519657910289937 0.2943650038839197
9 256.0 0.0 -1.0 -1.0 -1.0 0.0 0.3464042624208203 0.34882502145316224 0.3047707161260176
9 257.0 0.0 -1.0 -1.0 -1.0 0.0 0.34070202309734804 0.3295818850742638 0.32971609182838835
9 258.0 0.0 -1.0 -1.0 -1.0 0.0 0.3726894462109567 0.2989353110226349 0.3283752427664084
9 259.0 0.0 -1.0 -1.0 -1.0 0.0 0.3660531914261413 0.2934375364219166 0.34050927215194227
9 260.0 0.0 -1.0 -1.0 -1.0 0.0 0.30918828350567445 0.34766151914193166 0.34315019735239405
9 261.0 0.0 -1.0 -1.0 -1.0 0.0 0.3304499319387688 0.3376748029652808 0.3318752650959504
9 262.0 0.0 -1.0 -1.0 -1.0 0.0 0.3378131581593543 0.3267588007875716 0.33542804105307406
9 263.0 0.0 -1.0 -1.0 -1.0 0.0 0.3691086713965101 0.30698781001065273 0.3239035185928369
9 264.0 0.0 -1.0 -1.0 -1.0 0.0 0.3941429504644421 0.27869391222929585 0.3271631373062622
9 265.0 0.0 -1.0 -1.0 -1.0 0.0 0.3708671681337839 0.27571731622897294 0.3534155156372432
9 266.0 0.0 -1.0 -1.0 -1.0 0.0 0.34124451257339866 0.2911504277951028 0.3676050596314987
9 267.0 0.0 -1.0 -1.0 -1.0 0.0 0.34597485251075943 0.30189431306347286 0.35213083442576754
9 268.0 0.0 -1.0 -1.0 -1.0 0.0 0.3288572711587576 0.3248454676332316 0.34629726120801085
9 269.0 0.0 -1.0 -1.0 -1.0 0.0 0.3208668303574009 0.29975851463512593 0.37937465500747314
9 270.0 0.0 -1.0 -1.0 -1.0 0.0 0.31839228108378625 0.297738948685376 0.3838687702308377
9 271.0 0.0 -1.0 -1.0 -1.0 0.0 0.30705358044086695 0.3178347345031256 0.375111685056007
9 272.0 0.0 -1.0 -1.0 -1.0 0.0 0.2881337100819245 0.3472892991178067 0.3645769908002689
9 273.0 0.0 -1.0 -1.0 -1.0 0.0 0.3086882849274464 0.34167323915299763 0.3496384759195562
9 274.0 0.0 -1.0 -1.0 -1.0 0.0 0.30811917808897316 0.3298434821510628 0.36203733975996377
9 275.0 0.0 -1.0 -1.0 -1.0 0.0 0.2952601446832917 0.3426087905655657 0.3621310647511428
9 276.0 0.0 -1.0 -1.0 -1.0 0.0 0.3156549732478489 0.32627233862991434 0.35807268812223714
9 277.0 0.0 -1.0 -1.0 -1.0 0.0 0.343437687337235 0.3087808551425522 0.34778145752021283
9 278.0 0.0 -1.0 -1.0 -1.0 0.0 0.3301555220373491 0.32450547996352197 0.34533899799912876
9 279.0 0.0 -1.0 -1.0 -1.0 0.0 0.32461266691817486 0.3360709016816715 0.33931643140015355
9 280.0 0.0 -1.0 -1.0 -1.0 0.0 0.3391873612316404 0.3221372901048298 0.33867534866353
9 281.0 0.0 -1.0 -1.0 -1.0 0.0 0.3270352345913814 0.3294923926865462 0.34347237272207237
9 282.0 0.0 -1.0 -1.0 -1.0 0.0 0.2813520891190951 0.3470564031311949 0.37159150774971017
9 283.0 0.0 -1.0 -1.0 -1.0 0.0 0.2870032042893965 0.36034155153030606 0.3526552441802977
9 284.0 0.0 -1.0 -1.0 -1.0 0.0 0.26578140839090786 0.3591630709061717 0.37505552070292025
9 285.0 0.0 -1.0 -1.0 -1.0 0.0 0.3063597495063257 0.33766516376924666 0.3559750867244274
9 286.0 0.0 -1.0 -1.0 -1.0 0.0 0.30514923705213026 0.3459920711278889 0.3488586918199807
9 287.0 0.0 -1.0 -1.0 -1.0 0.0 0.31510805651651924 0.3506822957254074 0.3342096477580735
9 288.0 0.0 -1.0 -1.0 -1.0 0.0 0.2942217663299927 0.34666101155720214 0.3591172221128053
9 289.0 0.0 -1.0 -1.0 -1.0 0.0 0.2897179217562907 0.34188610094824784 0.3683959772954616
9 290.0 0.0 -1.0 -1.0 -1.0 0.0 0.30470558100902906 0.36223426921221547 0.3330601497787554
9 291.0 0.0 -1.0 -1.0 -1.0 0.0 0.29134314942824313 0.3717534678120761 0.3369033827596807
9 292.0 0.0 -1.0 -1.0 -1.0 0.0 0.28870000657476885 0.3715414797622783 0.3397585136629529
9 293.0 0.0 -1.0 -1.0 -1.0 0.0 0.31054439098166375 0.3565437114027729 0.3329118976155632
9 294.0 0.0 -1.0 -1.0 -1.0 0.0 0.31356596870860615 0.36574861283874127 0.3206854184526528
9 295.0 0.0 -1.0 -1.0 -1.0 0.0 0.3328344815426895 0.35440357555140695 0.31276194290590353
9 296.0 0.0 -1.0 -1.0 -1.0 0.0 0.35724362725374925 0.33513691392412065 0.30761945882213004
9 297.0 0.0 -1.0 -1.0 -1.0 0.0 0.3612133555989912 0.3175283942988047 0.32125825010220393
9 298.0 0.0 -1.0 -1.0 -1.0 0.0 0.33718502547413315 0.32611343683842614 0.33670153768744093
9 299.0 0.0 -1.0 -1.0 -1.0 0.0 0.3416782357799295 0.32354401306629754 0.3347777511537731
9 300.0 0.0 -1.0 -1.0 -1.0 0.0 0.37686234293664206 0.31491332238432185 0.30822433467903637
9 301.0 0.0 -1.0 -1.0 -1.0 0.0 0.3939574324076088 0.2962285197542541 0.3098140478381373
9 302.0 0.0 -1.0 -1.0 -1.0 0.0 0.3606608004768635 0.3167826046128434 0.32255659491029315
9 303.0 0.0 -1.0 -1.0 -1.0 0.0 0.3490016916383369 0.31990815027141556 0.33109015809024783
9 304.0 0.0 -1.0 -1.0 -1.0 0.0 0.34984512656616834 0.33544564151362993 0.31470923192020184
9 305.0 0.0 -1.0 -1.0 -1.0 0.0 0.35670389782357065 0.3225615373968244 0.3207345647796048
9 306.0 0.0 -1.0 -1.0 -1.0 0.0 0.3318666817589754 0.34240039390508537 0.32573292433593926
9 307.0 0.0 -1.0 -1.0 -1.0 0.0 0.34287191449950505 0.3284181037685392 0.32870998173195565
9 308.0 0.0 -1.0 -1.0 -1.0 0.0 0.3481500264365557 0.3013434339592489 0.35050653960419553
9 309.0 0.0 -1.0 -1.0 -1.0 0.0 0.3410309711509717 0.2737269856083999 0.3852420432406284
9 310.0 0.0 -1.0 -1.0 -1.0 0.0 0.38128721985313263 0.2869236779989492 0.3317891021479181
9 311.0 0.0 -1.0 -1.0 -1.0 0.0 0.38151873196075814 0.29460349555328963 0.32387777248595206
9 312.0 0.0 -1.0 -1.0 -1.0 0.0 0.3807295610238291 0.29432337036325246 0.32494706861291833
9 313.0 0.0 -1.0 -1.0 -1.0 0.0 0.3771976679362332 0.30206832244803705 0.32073400961572973
9 314.0 0.0 -1.0 -1.0 -1.0 0.0 0.3622013424828797 0.3120290854933129 0.32576957202380735
9 315.0 0.0 -1.0 -1.0 -1.0 0.0 0.3465022974311186 0.31693758912984243 0.3365601134390391
9 316.0 0.0 -1.0 -1.0 -1.0 0.0 0.32044593917381226 0.3441579777740829 0.33539608305210455
9 317.0 0.0 -1.0 -1.0 -1.0 0.0 0.31969533797369754 0.3337630746084106 0.34654158741789176
9 318.0 0.0 -1.0 -1.0 -1.0 0.0 0.32285967494539664 0.31301666710815984 0.3641236579464433
9 319.0 0.0 -1.0 -1.0 -1.0 0.0 0.31328821842493393 0.30390086464470195 0.3828109169303645
9 320.0 0.0 -1.0 -1.0 -1.0 0.0 0.31386548004834014 0.3235837768761371 0.36255074307552265
9 321.0 0.0 -1.0 -1.0 -1.0 0.0 0.31135645266907835 0.35246519149268474 0.33617835583823685
9 322.0 0.0 -1.0 -1.0 -1.0 0.0 0.30707825247475584 0.35114574432218876 0.34177600320305523
9 323.0 0.0 -1.0 -1.0 -1.0 0.0 0.2943105944263427 0.34091618224197506 0.3647732233316826
9 324.0 0.0 -1.0 -1.0 -1.0 0.0 0.3202887614735279 0.3129226948919118 0.3667885436345603
9 325.0 0.0 -1.0 -1.0 -1.0 0.0 0.3195040511962486 0.3204462591892645 0.3600496896144869
9 326.0 0.0 -1.0 -1.0 -1.0 0.0 0.327631428749072 0.3393918976082968 0.3329766736426308
9 327.0 0.0 -1.0 -1.0 -1.0 0.0 0.2868151855212636 0.3546633673989969 0.3585214470797393
9 328.0 0.0 -1.0 -1.0 -1.0 0.0 0.30083782765988804 0.3501574711655919 0.3490047011745203
9 329.0 0.0 -1.0 -1.0 -1.0 0.0 0.31799440255733996 0.33061343379091207 0.35139216365174775
9 330.0 0.0 -1.0 -1.0 -1.0 0.0 0.29647305176487093 0.33989133622722467 0.3636356120079043
9 331.0 0.0 -1.0 -1.0 -1.0 0.0 0.31798936944234685 0.340807153308725 0.3412034772489281
9 332.0 0.0 -1.0 -1.0 -1.0 0.0 0.31447504955632766 0.3516431441804819 0.33388180626319025
9 333.0 0.0 -1.0 -1.0 -1.0 0.0 0.319918836062043 0.3590370444345365 0.3210441195034206
9 334.0 0.0 -1.0 -1.0 -1.0 0.0 0.35624677522850823 0.3361279122332202 0.3076253125382717
9 335.0 0.0 -1.0 -1.0 -1.0 0.0 0.33866129648396737 0.3420797734427895 0.31925893007324324
9 336.0 0.0 -1.0 -1.0 -1.0 0.0 0.3679508154794216 0.2847542994906636 0.34729488502991473
9 337.0 0.0 -1.0 -1.0 -1.0 0.0 0.3313429152092617 0.2947229474362536 0.37393413735448466
9 338.0 0.0 -1.0 -1.0 -1.0 0.0 0.3505343664305047 0.2725442919015691 0.3769213416679263
9 339.0 0.0 -1.0 -1.0 -1.0 0.0 0.3261431783452761 0.2878297646536592 0.3860270570010645
9 340.0 0.0 -1.0 -1.0 -1.0 0.0 0.3253500500838691 0.3093506953914071 0.3652992545247239
9 341.0 0.0 -1.0 -1.0 -1.0 0.0 0.3064718188754536 0.30672394719022633 0.38680423393432006
9 342.0 0.0 -1.0 -1.0 -1.0 0.0 0.31623944808478915 0.3158520900555807 0.3679084618596302
9 343.0 0.0 -1.0 -1.0 -1.0 0.0 0.3372441839634869 0.29235793829239026 0.37039787774412297
9 344.0 0.0 -1.0 -1.0 -1.0 0.0 0.31444353638607125 0.2821569669618995 0.4033994966520293
9 345.0 0.0 -1.0 -1.0 -1.0 0.0 0.32830108442340644 0.26960512460126934 0.4020937909753241
9 346.0 0.0 -1.0 -1.0 -1.0 0.0 0.34556417842333176 0.2810063197494212 0.373429501827247
9 347.0 0.0 -1.0 -1.0 -1.0 0.0 0.369292066125043 0.2818135712781239 0.34889436259683326
9 348.0 0.0 -1.0 -1.0 -1.0 0.0 0.36079897562663704 0.3070017579237523 0.33219926644961056
9 349.0 0.0 -1.0 -1.0 -1.0 0.0 0.3691485223453803 0.325155312765296 0.3056961648893238
9 350.0 0.0 -1.0 -1.0 -1.0 0.0 0.32892043227745643 0.34508531742969484 0.3259942502928487
9 351.0 0.0 -1.0 -1.0 -1.0 0.0 0.3308285478225264 0.342686301009618 0.3264851511678556
9 352.0 0.0 -1.0 -1.0 -1.0 0.0 0.33598810868832296 0.32221763695074235 0.34179425436093447
9 353.0 0.0 -1.0 -1.0 -1.0 0.0 0.3317594994608919 0.3168291149248513 0.3514113856142569
9 354.0 0.0 -1.0 -1.0 -1.0 0.0 0.31586713965376645 0.32061262679486946 0.36352023355136437
9 355.0 0.0 -1.0 -1.0 -1.0 0.0 0.3094431409100497 0.3111282744271664 0.3794285846627835
9 356.0 0.0 -1.0 -1.0 -1.0 0.0 0.30805523361254755 0.3322929763107598 0.3596517900766923
9 357.0 0.0 -1.0 -1.0 -1.0 0.0 0.3040058457153259 0.346017020833442 0.3499771334512321
9 358.0 0.0 -1.0 -1.0 -1.0 0.0 0.3296161276360057 0.32927670218517313 0.34110717017882086
9 359.0 0.0 -1.0 -1.0 -1.0 0.0 0.31968207343559685 0.3243460522173705 0.3559718743470328
9 360.0 0.0 -1.0 -1.0 -1.0 0.0 0.3393718889814481 0.31938578158520636 0.3412423294333457
9 361.0 0.0 -1.0 -1.0 -1.0 0.0 0.3360530495110631 0.315231847026888 0.3487151034620487
9 362.0 0.0 -1.0 -1.0 -1.0 0.0 0.31755983016774597 0.31102466075339164 0.3714155090788622
9 363.0 0.0 -1.0 -1.0 -1.0 0.0 0.3359459131641512 0.3266899797320427 0.337364107103806
9 364.0 0.0 -1.0 -1.0 -1.0 0.0 0.31666644052084253 0.32555531345152383 0.3577782460276338
9 365.0 0.0 -1.0 -1.0 -1.0 0.0 0.34492338023134195 0.3135563829295074 0.34152023683915067
9 366.0 0.0 -1.0 -1.0 -1.0 0.0 0.328802015829842 0.31037884946823835 0.3608191347019198
9 367.0 0.0 -1.0 -1.0 -1.0 0.0 0.32153915145071355 0.31704031307186065 0.36142053547742603
9 368.0 0.0 -1.0 -1.0 -1.0 0.0 0.33984129207263697 0.32854315305661197 0.3316155548707512
9 369.0 0.0 -1.0 -1.0 -1.0 0.0 0.3249593553780835 0.35199791487271787 0.3230427297491986
9 370.0 0.0 -1.0 -1.0 -1.0 0.0 0.29017323399919137 0.3894997153404981 0.3203270506603102
9 371.0 0.0 -1.0 -1.0 -1.0 0.0 0.31440071110035867 0.3601528737435688 0.32544641515607237
9 372.0 0.0 -1.0 -1.0 -1.0 0.0 0.3088908700593922 0.38630526974692436 0.3048038601936835
9 373.0 0.0 -1.0 -1.0 -1.0 0.0 0.31346885211956055 0.395315110641054 0.2912160372393857
9 374.0 0.0 -1.0 -1.0 -1.0 0.0 0.3106434770085387 0.40775788998881424 0.28159863300264726
9 375.0 0.0 -1.0 -1.0 -1.0 0.0 0.3226375305920983 0.40445429667737537 0.27290817273052664
9 376.0 0.0 -1.0 -1.0 -1.0 0.0 0.2945823213298375 0.4164111465755156 0.28900653209464705
9 377.0 0.0 -1.0 -1.0 -1.0 0.0 0.283581588148366 0.4096315146881944 0.3067868971634399
9 378.0 0.0 -1.0 -1.0 -1.0 0.0 0.31881283044476016 0.3784019453969015 0.30278522415833875
9 379.0 0.0 -1.0 -1.0 -1.0 0.0 0.32181132330504697 0.35291204551943955 0.32527663117551336
9 380.0 0.0 -1.0 -1.0 -1.0 0.0 0.3365857589211354 0.3328472295820669 0.33056701149679774
9 381.0 0.0 -1.0 -1.0 -1.0 0.0 0.3193030675668547 0.34745640772684305 0.33324052470630233
9 382.0 0.0 -1.0 -1.0 -1.0 0.0 0.33137178065922457 0.33726001271143424 0.33136820662934136
9 383.0 0.0 -1.0 -1.0 -1.0 0.0 0.31867776133718506 0.35582911127792355 0.32549312738489145
9 384.0 0.0 -1.0 -1.0 -1.0 0.0 0.3232967797215241 0.3505982200318954 0.32610500024658046
9 385.0 0.0 -1.0 -1.0 -1.0 0.0 0.294901934213967 0.37118376171598544 0.3339143040700477
9 386.0 0.0 -1.0 -1.0 -1.0 0.0 0.29714106646540317 0.3593349303680676 0.3435240031665293
9 387.0 0.0 -1.0 -1.0 -1.0 0.0 0.28592440545921777 0.3678386468099292 0.34623694773085295
9 388.0 0.0 -1.0 -1.0 -1.0 0.0 0.3003140040475802 0.3606392900569865 0.3390467058954335
9 389.0 0.0 -1.0 -1.0 -1.0 0.0 0.2901165489564717 0.38106822608137625 0.3288152249621521
9 390.0 0.0 -1.0 -1.0 -1.0 0.0 0.2905852025907578 0.38832233448071757 0.3210924629285244
9 391.0 0.0 -1.0 -1.0 -1.0 0.0 0.3368285434602825 0.36567671641246396 0.2974947401272534
9 392.0 0.0 -1.0 -1.0 -1.0 0.0 0.34358980503550596 0.3418487750554393 0.3145614199090545
9 393.0 0.0 -1.0 -1.0 -1.0 0.0 0.3483281117884313 0.33702481445101135 0.3146470737605571
9 394.0 0.0 -1.0 -1.0 -1.0 0.0 0.35618841202570456 0.3246062223748338 0.3192053655994615
9 395.0 0.0 -1.0 -1.0 -1.0 0.0 0.3489140666418421 0.32816523368145795 0.3229206996767002
9 396.0 0.0 -1.0 -1.0 -1.0 0.0 0.3440726334742353 0.3148184892534504 0.34110887727231437
9 397.0 0.0 -1.0 -1.0 -1.0 0.0 0.3401939954828591 0.2882231087032619 0.37158289581387904
9 398.0 0.0 -1.0 -1.0 -1.0 0.0 0.3813325825380521 0.288188114095853 0.33047930336609477
9 399.0 0.0 -1.0 -1.0 -1.0 0.0 0.38591719486470133 0.29556735416785757 0.31851545096744105
9 400.0 0.0 -1.0 -1.0 -1.0 0.0 0.3445056077566616 0.3074375265980547 0.3480568656452839
9 401.0 0.0 -1.0 -1.0 -1.0 0.0 0.34794597633355545 0.2885945856287324 0.3634594380377118
9 402.0 0.0 -1.0 -1.0 -1.0 0.0 0.35274496366235353 0.2802328147718815 0.36702222156576503
9 403.0 0.0 -1.0 -1.0 -1.0 0.0 0.3800323079319524 0.30540072896814724 0.31456696309990057
9 404.0 0.0 -1.0 -1.0 -1.0 0.0 0.36955908573308405 0.3113969053409065 0.3190440089260094
9 405.0 0.0 -1.0 -1.0 -1.0 0.0 0.33900622066953334 0.35106285599638204 0.30993092333408495
9 406.0 0.0 -1.0 -1.0 -1.0 0.0 0.3418950571353879 0.3226537900666236 0.3354511527979887
9 407.0 0.0 -1.0 -1.0 -1.0 0.0 0.3583879671921473 0.3126176929339033 0.3289943398739494
9 408.0 0.0 -1.0 -1.0 -1.0 0.0 0.34935997140781644 0.3177249816340149 0.3329150469581688
9 409.0 0.0 -1.0 -1.0 -1.0 0.0 0.3481510089305626 0.32596065107647865 0.3258883399929588
9 410.0 0.0 -1.0 -1.0 -1.0 0.0 0.31539608962249055 0.36054538901221045 0.324058521365299
9 411.0 0.0 -1.0 -1.0 -1.0 0.0 0.335843547253794 0.35113652314095556 0.3130199296052502
9 412.0 0.0 -1.0 -1.0 -1.0 0.0 0.3363063946301572 0.3355440736031695 0.32814953176667333
9 413.0 0.0 -1.0 -1.0 -1.0 0.0 0.33832071994979374 0.3348643750357475 0.3268149050144587
9 414.0 0.0 -1.0 -1.0 -1.0 0.0 0.3216315382435661 0.3641622282221666 0.31420623353426724
9 415.0 0.0 -1.0 -1.0 -1.0 0.0 0.303809144818258 0.36201792037448904 0.3341729348072532
9 416.0 0.0 -1.0 -1.0 -1.0 0.0 0.3100656724822382 0.3639513559006851 0.3259829716170768
9 417.0 0.0 -1.0 -1.0 -1.0 0.0 0.3019188054577526 0.37159441206961025 0.3264867824726371
9 418.0 0.0 -1.0 -1.0 -1.0 0.0 0.30055388580469083 0.3706883085847007 0.32875780561060863
9 419.0 0.0 -1.0 -1.0 -1.0 0.0 0.29291185801487496 0.38376090764098414 0.3233272343441409
9 420.0 0.0 -1.0 -1.0 -1.0 0.0 0.307410790823742 0.3685683453096238 0.3240208638666342
9 421.0 0.0 -1.0 -1.0 -1.0 0.0 0.3151803852964647 0.3531012623906599 0.3317183523128756
9 422.0 0.0 -1.0 -1.0 -1.0 0.0 0.2993305167879016 0.3558028926982284 0.34486659051386986
9 423.0 0.0 -1.0 -1.0 -1.0 0.0 0.3177115232005186 0.3590772445516137 0.3232112322478675
9 424.0 0.0 -1.0 -1.0 -1.0 0.0 0.306164875619686 0.3846678650443846 0.3091672593359297
9 425.0 0.0 -1.0 -1.0 -1.0 0.0 0.2946113931360048 0.3560095231705142 0.34937908369348103
9 426.0 0.0 -1.0 -1.0 -1.0 0.0 0.3236945801975526 0.3475625658426149 0.3287428539598329
9 427.0 0.0 -1.0 -1.0 -1.0 0.0 0.313914668303749 0.35491193922157677 0.33117339247467437
9 428.0 0.0 -1.0 -1.0 -1.0 0.0 0.29822092723994365 0.3687353873025798 0.3330436854574767
9 429.0 0.0 -1.0 -1.0 -1.0 0.0 0.30917725511834004 0.3454874943551845 0.34533525052647557
9 430.0 0.0 -1.0 -1.0 -1.0 0.0 0.3138111724064599 0.3364076254668241 0.34978120212671615
9 431.0 0.0 -1.0 -1.0 -1.0 0.0 0.32363374245719034 0.31369928507534467 0.36266697246746465
9 432.0 0.0 -1.0 -1.0 -1.0 0.0 0.3244085513855059 0.31431640560941826 0.3612750430050759
9 433.0 0.0 -1.0 -1.0 -1.0 0.0 0.3177307163552441 0.34388168172306094 0.33838760192169487
9 434.0 0.0 -1.0 -1.0 -1.0 0.0 0.34179340257023116 0.3068543595926884 0.35135223783708036
9 435.0 0.0 -1.0 -1.0 -1.0 0.0 0.32167058968916556 0.32514185945233587 0.3531875508584987
9 436.0 0.0 -1.0 -1.0 -1.0 0.0 0.3350833785105813 0.30068425222379697 0.3642323692656219
9 437.0 0.0 -1.0 -1.0 -1.0 0.0 0.34139332568890013 0.30211499889296434 0.3564916754181356
9 438.0 0.0 -1.0 -1.0 -1.0 0.0 0.3701715716106028 0.2930173784016997 0.33681104998769756
9 439.0 0.0 -1.0 -1.0 -1.0 0.0 0.3453792603062431 0.3255614318637248 0.329059307830032
9 440.0 0.0 -1.0 -1.0 -1.0 0.0 0.3506917466724857 0.32417734107064516 0.3251309122568695
9 441.0 0.0 -1.0 -1.0 -1.0 0.0 0.32720482827684916 0.31356397864839236 0.3592311930747588
9 442.0 0.0 -1.0 -1.0 -1.0 0.0 0.32270258153161946 0.32979269653430826 0.34750472193407256
9 443.0 0.0 -1.0 -1.0 -1.0 0.0 0.3698363599823836 0.30508811986834217 0.32507552014927427
9 444.0 0.0 -1.0 -1.0 -1.0 0.0 0.3401954547845784 0.29933116936916765 0.3604733758462541
9 445.0 0.0 -1.0 -1.0 -1.0 0.0 0.3342646892115207 0.3134031964826047 0.3523321143058747
9 446.0 0.0 -1.0 -1.0 -1.0 0.0 0.35424755817925885 0.32181207612359747 0.32394036569714385
9 447.0 0.0 -1.0 -1.0 -1.0 0.0 0.3451697166214737 0.33100403942584433 0.323826243952682
9 448.0 0.0 -1.0 -1.0 -1.0 0.0 0.34967364685544516 0.3222768428881686 0.3280495102563863
9 449.0 0.0 -1.0 -1.0 -1.0 0.0 0.3409573043804059 0.3346575454453533 0.32438515017424097
9 450.0 0.0 -1.0 -1.0 -1.0 0.0 0.3426389200550898 0.31252026571556557 0.34484081422934454
9 451.0 0.0 -1.0 -1.0 -1.0 0.0 0.3300080396450493 0.3043429826429493 0.3656489777120017
9 452.0 0.0 -1.0 -1.0 -1.0 0.0 0.3392678895447147 0.30232708410104336 0.3584050263542418
9 453.0 0.0 -1.0 -1.0 -1.0 0.0 0.3133632367678977 0.33824944586541167 0.34838731736669054
9 454.0 0.0 -1.0 -1.0 -1.0 0.0 0.30959966630058805 0.33742088814165894 0.35297944555775307
9 455.0 0.0 -1.0 -1.0 -1.0 0.0 0.3355199970361165 0.3437076719824057 0.3207723309814778
9 456.0 0.0 -1.0 -1.0 -1.0 0.0 0.32699950295926017 0.3665621585490824 0.3064383384916572
9 457.0 0.0 -1.0 -1.0 -1.0 0.0 0.3275602435765657 0.3798267651708208 0.2926129912526134
9 458.0 0.0 -1.0 -1.0 -1.0 0.0 0.3211820830064553 0.35626069433820085 0.32255722265534376
9 459.0 0.0 -1.0 -1.0 -1.0 0.0 0.30349716312180275 0.36813685902364995 0.3283659778545473
9 460.0 0.0 -1.0 -1.0 -1.0 0.0 0.32935287107423067 0.3173817226933268 0.3532654062324427
9 461.0 0.0 -1.0 -1.0 -1.0 0.0 0.32441144531683164 0.3178467958047387 0.3577417588784296
9 462.0 0.0 -1.0 -1.0 -1.0 0.0 0.3264153809134047 0.3196228594303705 0.35396175965622484
9 463.0 0.0 -1.0 -1.0 -1.0 0.0 0.3449711782381599 0.31641764495811237 0.33861117680372765
9 464.0 0.0 -1.0 -1.0 -1.0 0.0 0.35074403145648225 0.3428802617434981 0.30637570680001974
9 465.0 0.0 -1.0 -1.0 -1.0 0.0 0.3594888234579692 0.3212839943115962 0.31922718223043445
9 466.0 0.0 -1.0 -1.0 -1.0 0.0 0.37262855464826805 0.31284348565146797 0.314527959700264
9 467.0 0.0 -1.0 -1.0 -1.0 0.0 0.3481771159958415 0.32757125604830656 0.32425162795585183
9 468.0 0.0 -1.0 -1.0 -1.0 0.0 0.3357968273237347 0.3485911883253718 0.3156119843508933
9 469.0 0.0 -1.0 -1.0 -1.0 0.0 0.32670983307173673 0.3580709996922737 0.31521916723598964
9 470.0 0.0 -1.0 -1.0 -1.0 0.0 0.3369987499636125 0.34443089443206754 0.3185703556043202
9 471.0 0.0 -1.0 -1.0 -1.0 0.0 0.31172649717523054 0.3576497071730167 0.3306237956517527
9 472.0 0.0 -1.0 -1.0 -1.0 0.0 0.32134305240994715 0.337111893630864 0.34154505395918894
9 473.0 0.0 -1.0 -1.0 -1.0 0.0 0.3353702158186578 0.34560789324780067 0.31902189093354183
9 474.0 0.0 -1.0 -1.0 -1.0 0.0 0.3521907571084056 0.3434777646562248 0.30433147823536966
9 475.0 0.0 -1.0 -1.0 -1.0 0.0 0.3426463899616911 0.35509296523401446 0.3022606448042945
9 476.0 0.0 -1.0 -1.0 -1.0 0.0 0.32018022136199337 0.35222175500815595 0.3275980236298504
9 477.0 0.0 -1.0 -1.0 -1.0 0.0 0.3310187478720939 0.33752676201621 0.33145449011169625
9 478.0 0.0 -1.0 -1.0 -1.0 0.0 0.3184233246159243 0.3458191298717218 0.33575754551235365
9 479.0 0.0 -1.0 -1.0 -1.0 0.0 0.3130364121509172 0.3465520744052493 0.3404115134438335
9 480.0 0.0 -1.0 -1.0 -1.0 0.0 0.3025200969379871 0.36194692523117683 0.33553297783083613
9 481.0 0.0 -1.0 -1.0 -1.0 0.0 0.29926189677649373 0.3593191761445077 0.34141892707899857
9 482.0 0.0 -1.0 -1.0 -1.0 0.0 0.30164077575581116 0.35124485304882197 0.3471143711953667
9 483.0 0.0 -1.0 -1.0 -1.0 0.0 0.2693631097346077 0.35529054149551065 0.375346348769882
9 484.0 0.0 -1.0 -1.0 -1.0 0.0 0.2642093677647211 0.36881351171547827 0.36697712051980064
9 485.0 0.0 -1.0 -1.0 -1.0 0.0 0.27474245527851343 0.3797313373644251 0.3455262073570617
9 486.0 0.0 -1.0 -1.0 -1.0 0.0 0.3032281730975905 0.3446880784856459 0.35208374841676343
9 487.0 0.0 -1.0 -1.0 -1.0 0.0 0.3013686713630635 0.36630724515513935 0.33232408348179726
9 488.0 0.0 -1.0 -1.0 -1.0 0.0 0.2870858260582889 0.3727084635821381 0.340205710359573
9 489.0 0.0 -1.0 -1.0 -1.0 0.0 0.31414094937921616 0.3444183804547196 0.34144067016606416
9 490.0 0.0 -1.0 -1.0 -1.0 0.0 0.34150339460772466 0.3258308518859131 0.332665753506362
9 491.0 0.0 -1.0 -1.0 -1.0 0.0 0.3237245314972229 0.33234290761648694 0.3439325608862901
9 492.0 0.0 -1.0 -1.0 -1.0 0.0 0.335122256706589 0.3198496770576582 0.34502806623575266
9 493.0 0.0 -1.0 -1.0 -1.0 0.0 0.3373350844052767 0.3187880339067066 0.3438768816880164
9 494.0 0.0 -1.0 -1.0 -1.0 0.0 0.364751799717782 0.3076463034520999 0.327601896830118
9 495.0 0.0 -1.0 -1.0 -1.0 0.0 0.3762291053451257 0.3052832726615535 0.3184876219933208
9 496.0 0.0 -1.0 -1.0 -1.0 0.0 0.34654845503482834 0.3288769472635291 0.3245745977016425
9 497.0 0.0 -1.0 -1.0 -1.0 0.0 0.34299902715056957 0.31824489177667714 0.33875608107275323
9 498.0 0.0 -1.0 -1.0 -1.0 0.0 0.3457882568954557 0.312886970469064 0.34132477263548067
9 499.0 0.0 -1.0 -1.0 -1.0 0.0 0.32847854062618326 0.3513235893838057 0.3201978699900108
9 500.0 0.0 -1.0 -1.0 -1.0 0.0 0.310074758136866 0.35573146519939536 0.33419377666373834
9 501.0 0.0 -1.0 -1.0 -1.0 0.0 0.31452432072044756 0.3406162615081164 0.3448594177714358
9 502.0 0.0 -1.0 -1.0 -1.0 0.0 0.29948609611249494 0.33227603249256726 0.3682378713949378
9 503.0 0.0 -1.0 -1.0 -1.0 0.0 0.30793792174941587 0.3269924840933745 0.3650695941572097
9 504.0 0.0 -1.0 -1.0 -1.0 0.0 0.3319759796161611 0.3166417405750731 0.35138227980876574
9 505.0 0.0 -1.0 -1.0 -1.0 0.0 0.3371621281964697 0.31903528001059905 0.34380259179293127
9 506.0 0.0 -1.0 -1.0 -1.0 0.0 0.3669134713127535 0.293116428389152 0.3399701002980948
9 507.0 0.0 -1.0 -1.0 -1.0 0.0 0.3511118187884255 0.3082692277963898 0.3406189534151848
9 508.0 0.0 -1.0 -1.0 -1.0 0.0 0.3558026379397122 0.31075637543605206 0.3334409866242359
9 509.0 0.0 -1.0 -1.0 -1.0 0.0 0.36276755218158224 0.30410754541016105 0.3331249024082568
9 510.0 0.0 -1.0 -1.0 -1.0 0.0 0.35083113727504106 0.3318597332807438 0.31730912944421513
9 511.0 0.0 -1.0 -1.0 -1.0 0.0 0.34049098226651286 0.34223730591051904 0.317271711822968
9 512.0 0.0 -1.0 -1.0 -1.0 0.0 0.3092010236715903 0.3552266106239955 0.33557236570441407
9 513.0 0.0 -1.0 -1.0 -1.0 0.0 0.3239809328433789 0.34616156235951656 0.3298575047971044
9 514.0 0.0 -1.0 -1.0 -1.0 0.0 0.3496589898471472 0.33167625604411854 0.3186647541087347
9 515.0 0.0 -1.0 -1.0 -1.0 0.0 0.36448573175262566 0.31328122745995524 0.32223304078741904
9 516.0 0.0 -1.0 -1.0 -1.0 0.0 0.3651815206630297 0.3090919218458256 0.3257265574911445
9 517.0 0.0 -1.0 -1.0 -1.0 0.0 0.35853427140941874 0.31937783513771234 0.32208789345286887
9 518.0 0.0 -1.0 -1.0 -1.0 0.0 0.35669088528736764 0.3250127302649409 0.3182963844476917
9 519.0 0.0 -1.0 -1.0 -1.0 0.0 0.33048625935125714 0.33134381596192825 0.3381699246868145
9 520.0 0.0 -1.0 -1.0 -1.0 0.0 0.3116388603168593 0.3545448883359683 0.33381625134717263
9 521.0 0.0 -1.0 -1.0 -1.0 0.0 0.3499021881325007 0.33331374558889054 0.3167840662786089
9 522.0 0.0 -1.0 -1.0 -1.0 0.0 0.3624797775531474 0.32443063391751686 0.3130895885293356
9 523.0 0.0 -1.0 -1.0 -1.0 0.0 0.3862645913222662 0.32124493252039715 0.2924904761573367
9 524.0 0.0 -1.0 -1.0 -1.0 0.0 0.35266961817207365 0.32985435858786355 0.31747602324006263
9 525.0 0.0 -1.0 -1.0 -1.0 0.0 0.34432153343188604 0.3537446467648492 0.3019338198032651
9 526.0 0.0 -1.0 -1.0 -1.0 0.0 0.3389323654221861 0.38101185746431115 0.2800557771135026
9 527.0 0.0 -1.0 -1.0 -1.0 0.0 0.3231728648368361 0.37909183947433356 0.2977352956888304
9 528.0 0.0 -1.0 -1.0 -1.0 0.0 0.31984390178815675 0.37222498766746415 0.3079311105443792
9 529.0 0.0 -1.0 -1.0 -1.0 0.0 0.3299302303231332 0.33439603228232967 0.33567373739453715
9 530.0 0.0 -1.0 -1.0 -1.0 0.0 0.36705402905476125 0.32702482133737887 0.30592114960786
9 531.0 0.0 -1.0 -1.0 -1.0 0.0 0.3696339851483912 0.3310533196419084 0.29931269520970033
9 532.0 0.0 -1.0 -1.0 -1.0 0.0 0.35050300596098366 0.3478106130935829 0.3016863809454332
9 533.0 0.0 -1.0 -1.0 -1.0 0.0 0.358761445432877 0.3459581476159885 0.2952804069511345
9 534.0 0.0 -1.0 -1.0 -1.0 0.0 0.3129765375510058 0.3684790832733215 0.31854437917567263
9 535.0 0.0 -1.0 -1.0 -1.0 0.0 0.3163217758280393 0.3625460818917233 0.32113214228023745
9 536.0 0.0 -1.0 -1.0 -1.0 0.0 0.323134892715995 0.3645965766300737 0.31226853065393134
9 537.0 0.0 -1.0 -1.0 -1.0 0.0 0.3466323784311152 0.3394530923726513 0.3139145291962334
9 538.0 0.0 -1.0 -1.0 -1.0 0.0 0.34936775646542173 0.3506144465701174 0.30001779696446096
9 539.0 0.0 -1.0 -1.0 -1.0 0.0 0.35871678601866186 0.3353422399998257 0.3059409739815127
9 540.0 0.0 -1.0 -1.0 -1.0 0.0 0.3824416061737545 0.3092379786667323 0.3083204151595133
9 541.0 0.0 -1.0 -1.0 -1.0 0.0 0.378614521423909 0.31224576368816803 0.3091397148879228
9 542.0 0.0 -1.0 -1.0 -1.0 0.0 0.36688447727785073 0.32394396281546234 0.30917155990668665
9 543.0 0.0 -1.0 -1.0 -1.0 0.0 0.34802415602591824 0.354146495901144 0.29782934807293787
9 544.0 0.0 -1.0 -1.0 -1.0 0.0 0.3317135432815776 0.374815797410516 0.29347065930790645
9 545.0 0.0 -1.0 -1.0 -1.0 0.0 0.3306829462146527 0.3574265171081711 0.31189053667717603
9 546.0 0.0 -1.0 -1.0 -1.0 0.0 0.3288361542577503 0.33928360976145044 0.33188023598079924
9 547.0 0.0 -1.0 -1.0 -1.0 0.0 0.3246994104793531 0.33826009523660583 0.3370404942840409
9 548.0 0.0 -1.0 -1.0 -1.0 0.0 0.3578224894624732 0.3180424193529696 0.3241350911845573
9 549.0 0.0 -1.0 -1.0 -1.0 0.0 0.3550220286633393 0.3030431820153763 0.34193478932128424
9 550.0 0.0 -1.0 -1.0 -1.0 0.0 0.3441181470689495 0.3108550047592752 0.3450268481717753
9 551.0 0.0 -1.0 -1.0 -1.0 0.0 0.3329874807387251 0.3412206954391837 0.3257918238220912
9 552.0 0.0 -1.0 -1.0 -1.0 0.0 0.32292612729328113 0.34698572334660777 0.3300881493601112
9 553.0 0.0 -1.0 -1.0 -1.0 0.0 0.33500212853123995 0.348357853694227 0.31664001777453266
9 554.0 0.0 -1.0 -1.0 -1.0 0.0 0.3124778119696931 0.34990474595384413 0.3376174420764631
9 555.0 0.0 -1.0 -1.0 -1.0 0.0 0.31947078530509004 0.34272604951992014 0.33780316517499
9 556.0 0.0 -1.0 -1.0 -1.0 0.0 0.3218522367028301 0.3445930391056708 0.3335547241914991
9 557.0 0.0 -1.0 -1.0 -1.0 0.0 0.34492128538137323 0.3304798725411052 0.3245988420775215
9 558.0 0.0 -1.0 -1.0 -1.0 0.0 0.3296399714736239 0.3531358562101077 0.31722417231626854
9 559.0 0.0 -1.0 -1.0 -1.0 0.0 0.3258608514967191 0.3372463343317282 0.3368928141715528
9 560.0 0.0 -1.0 -1.0 -1.0 0.0 0.3210433631985034 0.31958414327622536 0.3593724935252712
9 561.0 0.0 -1.0 -1.0 -1.0 0.0 0.33617878169376625 0.3141599690299754 0.3496612492762586
9 562.0 0.0 -1.0 -1.0 -1.0 0.0 0.30270836668650625 0.32469809920790105 0.37259353410559287
9 563.0 0.0 -1.0 -1.0 -1.0 0.0 0.30416483672249606 0.3068090335852738 0.38902612969223005
9 564.0 0.0 -1.0 -1.0 -1.0 0.0 0.2989790748152384 0.3335832240604988 0.36743770112426277
9 565.0 0.0 -1.0 -1.0 -1.0 0.0 0.3095310569349662 0.3379890625412578 0.35247988052377593
9 566.0 0.0 -1.0 -1.0 -1.0 0.0 0.29677022549465626 0.3519184529934732 0.3513113215118706
9 567.0 0.0 -1.0 -1.0 -1.0 0.0 0.31739307020650115 0.35011729847506345 0.332489631318435
9 568.0 0.0 -1.0 -1.0 -1.0 0.0 0.34431732436937373 0.3228267159158811 0.3328559597147451
9 569.0 0.0 -1.0 -1.0 -1.0 0.0 0.3469431173984161 0.31899035679502263 0.33406652580656115
9 570.0 0.0 -1.0 -1.0 -1.0 0.0 0.3309176194196446 0.3457227118552648 0.3233596687250905
9 571.0 0.0 -1.0 -1.0 -1.0 0.0 0.3265617342270729 0.3008010528476898 0.37263721292523727
9 572.0 0.0 -1.0 -1.0 -1.0 0.0 0.3141064465278506 0.3234778841542885 0.36241566931786096
9 573.0 0.0 -1.0 -1.0 -1.0 0.0 0.3194353544549151 0.3110383264802074 0.36952631906487743
9 574.0 0.0 -1.0 -1.0 -1.0 0.0 0.3150200313377205 0.3138285942931687 0.37115137436911083
9 575.0 0.0 -1.0 -1.0 -1.0 0.0 0.32130442335645404 0.3252708201747522 0.3534247564687938
9 576.0 0.0 -1.0 -1.0 -1.0 0.0 0.30575817454772397 0.319178743838769 0.3750630816135071
9 577.0 0.0 -1.0 -1.0 -1.0 0.0 0.31199428653263067 0.2993922474937117 0.38861346597365765
9 578.0 0.0 -1.0 -1.0 -1.0 0.0 0.3365522416668314 0.30703332026697266 0.3564144380661961
9 579.0 0.0 -1.0 -1.0 -1.0 0.0 0.35486971879056484 0.2850268769956218 0.3601034042138135
9 580.0 0.0 -1.0 -1.0 -1.0 0.0 0.35915017744754335 0.2954352145240988 0.34541460802835755
9 581.0 0.0 -1.0 -1.0 -1.0 0.0 0.35495536774399666 0.31837463049643555 0.3266700017595677
9 582.0 0.0 -1.0 -1.0 -1.0 0.0 0.34658603045963005 0.32709823890081124 0.3263157306395585
9 583.0 0.0 -1.0 -1.0 -1.0 0.0 0.36896546409490305 0.3099415738202154 0.32109296208488125
9 584.0 0.0 -1.0 -1.0 -1.0 0.0 0.37215575520101496 0.3296748962392735 0.29816934855971156
9 585.0 0.0 -1.0 -1.0 -1.0 0.0 0.36847642330337815 0.32222467904464763 0.3092988976519744
9 586.0 0.0 -1.0 -1.0 -1.0 0.0 0.3587803698933486 0.3316729664906562 0.30954666361599537
9 587.0 0.0 -1.0 -1.0 -1.0 0.0 0.3708585931717179 0.3255562738177799 0.3035851330105023
9 588.0 0.0 -1.0 -1.0 -1.0 0.0 0.37551241393765833 0.30804842501797725 0.31643916104436437
9 589.0 0.0 -1.0 -1.0 -1.0 0.0 0.38500485355564007 0.2744650057104411 0.34053014073391874
9 590.0 0.0 -1.0 -1.0 -1.0 0.0 0.3972917311882627 0.25277451425443614 0.34993375455730136
9 591.0 0.0 -1.0 -1.0 -1.0 0.0 0.36101434779214037 0.27877705748503034 0.36020859472282934
9 592.0 0.0 -1.0 -1.0 -1.0 0.0 0.3330934911614151 0.32018677794337874 0.3467197308952061
9 593.0 0.0 -1.0 -1.0 -1.0 0.0 0.33424424585388307 0.3126761899732234 0.3530795641728936
9 594.0 0.0 -1.0 -1.0 -1.0 0.0 0.3414263010686613 0.3141819601072104 0.3443917388241284
9 595.0 0.0 -1.0 -1.0 -1.0 0.0 0.3377813262699824 0.3305985862546919 0.33162008747532584
9 596.0 0.0 -1.0 -1.0 -1.0 0.0 0.32461570319389893 0.3324285594369945 0.34295573736910656
9 597.0 0.0 -1.0 -1.0 -1.0 0.0 0.3308154699904128 0.3381485867136698 0.3310359432959171
9 598.0 0.0 -1.0 -1.0 -1.0 0.0 0.32809237215861964 0.3383183038061447 0.33358932403523595
9 599.0 0.0 -1.0 -1.0 -1.0 0.0 0.33308170819380784 0.3464187918961765 0.32049949991001564
9 600.0 0.0 -1.0 -1.0 -1.0 0.0 0.32438111149424975 0.347566605930272 0.3280522825754783
9 601.0 0.0 -1.0 -1.0 -1.0 0.0 0.36624398441857486 0.2823829284029167 0.3513730871785088
9 602.0 0.0 -1.0 -1.0 -1.0 0.0 0.332866681024922 0.3144599408089136 0.35267337816616445
9 603.0 0.0 -1.0 -1.0 -1.0 0.0 0.3370388014822976 0.3226340681057044 0.34032713041199825
9 604.0 0.0 -1.0 -1.0 -1.0 0.0 0.3416075188655832 0.3342599375567369 0.32413254357767984
9 605.0 0.0 -1.0 -1.0 -1.0 0.0 0.3443995345917348 0.30265796111611165 0.3529425042921534
9 606.0 0.0 -1.0 -1.0 -1.0 0.0 0.32344388476855523 0.304330320460693 0.372225794770752
9 607.0 0.0 -1.0 -1.0 -1.0 0.0 0.30659682902562013 0.3133027585810341 0.3801004123933459
9 608.0 0.0 -1.0 -1.0 -1.0 0.0 0.31618166557850197 0.3378711232290258 0.3459472111924721
9 609.0 0.0 -1.0 -1.0 -1.0 0.0 0.2995958416006765 0.3779615654437702 0.3224425929555532
9 610.0 0.0 -1.0 -1.0 -1.0 0.0 0.2971192168346044 0.3767885028094639 0.32609228035593146
9 611.0 0.0 -1.0 -1.0 -1.0 0.0 0.3032719006455042 0.37237226571962545 0.3243558336348705
9 612.0 0.0 -1.0 -1.0 -1.0 0.0 0.31175261758420897 0.35541197085529896 0.33283541156049185
9 613.0 0.0 -1.0 -1.0 -1.0 0.0 0.31963211743499137 0.36545746148133845 0.31491042108367007
9 614.0 0.0 -1.0 -1.0 -1.0 0.0 0.32534676203702745 0.35384187549449186 0.32081136246848063
9 615.0 0.0 -1.0 -1.0 -1.0 0.0 0.34140672620464024 0.350782353902488 0.3078109198928718
9 616.0 0.0 -1.0 -1.0 -1.0 0.0 0.3292098596421652 0.3720816166299708 0.2987085237278638
9 617.0 0.0 -1.0 -1.0 -1.0 0.0 0.3243888388340015 0.3759116500067064 0.29969951115929205
9 618.0 0.0 -1.0 -1.0 -1.0 0.0 0.33154360054180976 0.3559637226657773 0.31249267679241294
9 619.0 0.0 -1.0 -1.0 -1.0 0.0 0.33280122911780297 0.3742599208349594 0.2929388500472378
9 620.0 0.0 -1.0 -1.0 -1.0 0.0 0.32419449527103367 0.35901373475637594 0.31679176997259056
9 621.0 0.0 -1.0 -1.0 -1.0 0.0 0.31682434158132483 0.3482271689260237 0.3349484894926517
9 622.0 0.0 -1.0 -1.0 -1.0 0.0 0.3097558431408701 0.35626009272304365 0.33398406413608633
9 623.0 0.0 -1.0 -1.0 -1.0 0.0 0.31451251240154826 0.33494794427646424 0.35053954332198733
9 624.0 0.0 -1.0 -1.0 -1.0 0.0 0.3399708177268589 0.33422461819520516 0.32580456407793584
9 625.0 0.0 -1.0 -1.0 -1.0 0.0 0.33125742291841626 0.3272645367426085 0.3414780403389754
9 626.0 0.0 -1.0 -1.0 -1.0 0.0 0.3570444887663971 0.314542262274761 0.32841324895884183
9 627.0 0.0 -1.0 -1.0 -1.0 0.0 0.3528146410054229 0.32317685305723565 0.3240085059373413
9 628.0 0.0 -1.0 -1.0 -1.0 0.0 0.3396769618638208 0.33079214604675117 0.32953089208942793
9 629.0 0.0 -1.0 -1.0 -1.0 0.0 0.34691587729408174 0.3234836078017838 0.3296005149041345
9 630.0 0.0 -1.0 -1.0 -1.0 0.0 0.33617442579700724 0.34588708685098707 0.31793848735200575
9 631.0 0.0 -1.0 -1.0 -1.0 0.0 0.33923371208698117 0.32823189244008705 0.33253439547293195
9 632.0 0.0 -1.0 -1.0 -1.0 0.0 0.341840869429313 0.30787344145030526 0.3502856891203819
9 633.0 0.0 -1.0 -1.0 -1.0 0.0 0.3375831208064895 0.2840605669294252 0.37835631226408517
9 634.0 0.0 -1.0 -1.0 -1.0 0.0 0.31468537515477585 0.3188637052372276 0.36645091960799625
9 635.0 0.0 -1.0 -1.0 -1.0 0.0 0.31725383211808095 0.3163955084605504 0.36635065942136863
9 636.0 0.0 -1.0 -1.0 -1.0 0.0 0.32286094804554616 0.32228550537640893 0.3548535465780445
9 637.0 0.0 -1.0 -1.0 -1.0 0.0 0.33091192700729244 0.2943365599922055 0.3747515130005019
9 638.0 0.0 -1.0 -1.0 -1.0 0.0 0.3402302623978743 0.32373882871044685 0.3360309088916791
9 639.0 0.0 -1.0 -1.0 -1.0 0.0 0.3241993145900502 0.3164288492184847 0.3593718361914652
9 640.0 0.0 -1.0 -1.0 -1.0 0.0 0.3227330926974976 0.3317096429765504 0.345557264325952
9 641.0 0.0 -1.0 -1.0 -1.0 0.0 0.34233144557505524 0.31922674535941636 0.33844180906552845
9 642.0 0.0 -1.0 -1.0 -1.0 0.0 0.3446657497789085 0.3275968596922275 0.32773739052886386
9 643.0 0.0 -1.0 -1.0 -1.0 0.0 0.33693243939486683 0.31735240356114497 0.34571515704398814
9 644.0 0.0 -1.0 -1.0 -1.0 0.0 0.3271792650815905 0.3386858708891658 0.33413486402924375
9 645.0 0.0 -1.0 -1.0 -1.0 0.0 0.32332417009089576 0.33776957953868525 0.338906250370419
9 646.0 0.0 -1.0 -1.0 -1.0 0.0 0.3330714443237857 0.34294352692010166 0.3239850287561128
9 647.0 0.0 -1.0 -1.0 -1.0 0.0 0.3176800849031292 0.35983304136883676 0.3224868737280338
9 648.0 0.0 -1.0 -1.0 -1.0 0.0 0.3282820659188696 0.34965311036965907 0.3220648237114711
9 649.0 0.0 -1.0 -1.0 -1.0 0.0 0.31506753102291973 0.3595389469900167 0.3253935219870634
9 650.0 0.0 -1.0 -1.0 -1.0 0.0 0.3159558398334296 0.3647110989778375 0.319333061188733
9 651.0 0.0 -1.0 -1.0 -1.0 0.0 0.32290987965498197 0.3802182201461074 0.2968719001989105
9 652.0 0.0 -1.0 -1.0 -1.0 0.0 0.317423407883038 0.37369201607911534 0.30888457603784664
9 653.0 0.0 -1.0 -1.0 -1.0 0.0 0.3314765756504146 0.3831562746658859 0.2853671496836996
9 654.0 0.0 -1.0 -1.0 -1.0 0.0 0.33648264063925054 0.3714934816138726 0.292023877746877
9 655.0 0.0 -1.0 -1.0 -1.0 0.0 0.34635747583034354 0.3606735469925721 0.29296897717708453
9 656.0 0.0 -1.0 -1.0 -1.0 0.0 0.34247643348128926 0.35721933195072497 0.3003042345679859
9 657.0 0.0 -1.0 -1.0 -1.0 0.0 0.33821707870135825 0.35824819714927275 0.30353472414936905
9 658.0 0.0 -1.0 -1.0 -1.0 0.0 0.3171621148465822 0.34333601745068676 0.3395018677027311
9 659.0 0.0 -1.0 -1.0 -1.0 0.0 0.2991652816890408 0.36438891617956864 0.33644580213139064
9 660.0 0.0 -1.0 -1.0 -1.0 0.0 0.3047367245793012 0.3475530865609682 0.3477101888597307
9 661.0 0.0 -1.0 -1.0 -1.0 0.0 0.30575875699581073 0.35862286550459266 0.3356183774995964
9 662.0 0.0 -1.0 -1.0 -1.0 0.0 0.32932031651300575 0.34849907428461724 0.32218060920237723
9 663.0 0.0 -1.0 -1.0 -1.0 0.0 0.33933605199708866 0.350385593863192 0.3102783541397196
9 664.0 0.0 -1.0 -1.0 -1.0 0.0 0.3462443023005919 0.3508357258145072 0.30291997188490094
9 665.0 0.0 -1.0 -1.0 -1.0 0.0 0.35756700243083833 0.32469411288543026 0.31773888468373124
9 666.0 0.0 -1.0 -1.0 -1.0 0.0 0.35545813045605384 0.31201665659150224 0.3325252129524441
9 667.0 0.0 -1.0 -1.0 -1.0 0.0 0.3343000551840005 0.32343040613362545 0.34226953868237403
9 668.0 0.0 -1.0 -1.0 -1.0 0.0 0.34030777228695847 0.3116484622612717 0.3480437654517694
9 669.0 0.0 -1.0 -1.0 -1.0 0.0 0.3455981041935878 0.3187885123562321 0.33561338345018016
9 670.0 0.0 -1.0 -1.0 -1.0 0.0 0.3237567373180582 0.34412101349697705 0.3321222491849647
9 671.0 0.0 -1.0 -1.0 -1.0 0.0 0.31650989726506057 0.3568347251299946 0.3266553776049448
9 672.0 0.0 -1.0 -1.0 -1.0 0.0 0.33614767273719065 0.3505664643900199 0.3132858628727894
9 673.0 0.0 -1.0 -1.0 -1.0 0.0 0.32552617012816076 0.34975266471210886 0.3247211651597304
9 674.0 0.0 -1.0 -1.0 -1.0 0.0 0.2946809148202848 0.3718683352621165 0.33345074991759893
9 675.0 0.0 -1.0 -1.0 -1.0 0.0 0.29794943712717237 0.3599997089234698 0.3420508539493577
9 676.0 0.0 -1.0 -1.0 -1.0 0.0 0.3275590359236025 0.3539436434681181 0.31849732060827934
9 677.0 0.0 -1.0 -1.0 -1.0 0.0 0.33281080459199947 0.3405640419618188 0.3266251534461815
9 678.0 0.0 -1.0 -1.0 -1.0 0.0 0.35855827815560076 0.3297284819503947 0.3117132398940044
9 679.0 0.0 -1.0 -1.0 -1.0 0.0 0.3508567939301381 0.34638740621708763 0.3027557998527744
9 680.0 0.0 -1.0 -1.0 -1.0 0.0 0.3708472117941419 0.3323547674096528 0.29679802079620526
9 681.0 0.0 -1.0 -1.0 -1.0 0.0 0.34804484877262043 0.35172142956550995 0.30023372166186957
9 682.0 0.0 -1.0 -1.0 -1.0 0.0 0.34632736339173853 0.3245564819913833 0.32911615461687815
9 683.0 0.0 -1.0 -1.0 -1.0 0.0 0.34949315884187176 0.32337045810960907 0.3271363830485193
9 684.0 0.0 -1.0 -1.0 -1.0 0.0 0.3679169892088636 0.3272056238446251 0.30487738694651123
9 685.0 0.0 -1.0 -1.0 -1.0 0.0 0.3533185958216231 0.32948722460281166 0.317194179575565
9 686.0 0.0 -1.0 -1.0 -1.0 0.0 0.35459058810216937 0.30977177155733576 0.3356376403404949
9 687.0 0.0 -1.0 -1.0 -1.0 0.0 0.35560574106822984 0.3059107164311702 0.3384835425006
9 688.0 0.0 -1.0 -1.0 -1.0 0.0 0.37195953901928774 0.29941036955239847 0.328630091428314
9 689.0 0.0 -1.0 -1.0 -1.0 0.0 0.3914513597049384 0.2805425498829717 0.3280060904120897
9 690.0 0.0 -1.0 -1.0 -1.0 0.0 0.35641044291672846 0.29524507575032166 0.34834448133294965
9 691.0 0.0 -1.0 -1.0 -1.0 0.0 0.34299277484901397 0.30599592163559913 0.35101130351538684
9 692.0 0.0 -1.0 -1.0 -1.0 0.0 0.33286606180807893 0.31505517120697396 0.35207876698494717
9 693.0 0.0 -1.0 -1.0 -1.0 0.0 0.356438261226671 0.3023192414669158 0.34124249730641326
9 694.0 0.0 -1.0 -1.0 -1.0 0.0 0.349122766300409 0.3106422059914042 0.3402350277081868
9 695.0 0.0 -1.0 -1.0 -1.0 0.0 0.3310954171135771 0.3170676273131472 0.35183695557327593
9 696.0 0.0 -1.0 -1.0 -1.0 0.0 0.3446165728764287 0.3448138807217515 0.31056954640181966
9 697.0 0.0 -1.0 -1.0 -1.0 0.0 0.3644025367705901 0.2968023643862642 0.3387950988431455
9 698.0 0.0 -1.0 -1.0 -1.0 0.0 0.35439142786608197 0.3166585812357271 0.32894999089819116
9 699.0 0.0 -1.0 -1.0 -1.0 0.0 0.32894931366945934 0.3291835825185665 0.34186710381197394
9 700.0 0.0 -1.0 -1.0 -1.0 0.0 0.32475804756121257 0.31638297160292805 0.35885898083585926
9 701.0 0.0 -1.0 -1.0 -1.0 0.0 0.3322463262942371 0.31006139980585823 0.3576922738999047
9 702.0 0.0 -1.0 -1.0 -1.0 0.0 0.332549466294676 0.3074821336401983 0.35996840006512554
9 703.0 0.0 -1.0 -1.0 -1.0 0.0 0.3308473388310818 0.3405337778071764 0.3286188833617418
9 704.0 0.0 -1.0 -1.0 -1.0 0.0 0.3243237033282201 0.3278240656020014 0.3478522310697785
9 705.0 0.0 -1.0 -1.0 -1.0 0.0 0.3225933480572544 0.34987021487524245 0.3275364370675029
9 706.0 0.0 -1.0 -1.0 -1.0 0.0 0.339188795298882 0.3364400585352997 0.32437114616581814
9 707.0 0.0 -1.0 -1.0 -1.0 0.0 0.3123857818888573 0.35017975999625855 0.33743445811488415
9 708.0 0.0 -1.0 -1.0 -1.0 0.0 0.297207815694743 0.3639039224586781 0.33888826184657894
9 709.0 0.0 -1.0 -1.0 -1.0 0.0 0.33769091753612157 0.3406047261789739 0.32170435628490474
9 710.0 0.0 -1.0 -1.0 -1.0 0.0 0.3585458862600236 0.35008545503534216 0.2913686587046343
9 711.0 0.0 -1.0 -1.0 -1.0 0.0 0.35715121293764157 0.33435397119469124 0.30849481586766736
9 712.0 0.0 -1.0 -1.0 -1.0 0.0 0.3564347819719071 0.33014934948262054 0.31341586854547215
9 713.0 0.0 -1.0 -1.0 -1.0 0.0 0.3411549942255215 0.3245675551787922 0.3342774505956863
9 714.0 0.0 -1.0 -1.0 -1.0 0.0 0.3249191557159468 0.32565907873055816 0.3494217655534949
9 715.0 0.0 -1.0 -1.0 -1.0 0.0 0.3216902919723746 0.3495340229410636 0.32877568508656163
9 716.0 0.0 -1.0 -1.0 -1.0 0.0 0.33610633554198044 0.3619327794094691 0.3019608850485502
9 717.0 0.0 -1.0 -1.0 -1.0 0.0 0.369152522743198 0.32118483532922354 0.3096626419275787
9 718.0 0.0 -1.0 -1.0 -1.0 0.0 0.3589727738795107 0.3317720395993857 0.3092551865211034
9 719.0 0.0 -1.0 -1.0 -1.0 0.0 0.33452058358465564 0.32035161643300397 0.3451277999823406
9 720.0 0.0 -1.0 -1.0 -1.0 0.0 0.3466971789159033 0.30982110170766897 0.34348171937642746
9 721.0 0.0 -1.0 -1.0 -1.0 0.0 0.3496272465317076 0.31334785563653256 0.3370248978317598
9 722.0 0.0 -1.0 -1.0 -1.0 0.0 0.3403417843555887 0.32294313815447223 0.33671507748993923
9 723.0 0.0 -1.0 -1.0 -1.0 0.0 0.3445106047262737 0.31675215090921954 0.33873724436450664
9 724.0 0.0 -1.0 -1.0 -1.0 0.0 0.3322683020064645 0.31137450203194006 0.3563571959615953
9 725.0 0.0 -1.0 -1.0 -1.0 0.0 0.3241561712164409 0.3137872909203309 0.3620565378632282
9 726.0 0.0 -1.0 -1.0 -1.0 0.0 0.33312665131106184 0.3076775279194593 0.35919582076947904
9 727.0 0.0 -1.0 -1.0 -1.0 0.0 0.3403242647225231 0.3246836108803645 0.3349921243971123
9 728.0 0.0 -1.0 -1.0 -1.0 0.0 0.33796053456520947 0.3212397257588986 0.34079973967589233
9 729.0 0.0 -1.0 -1.0 -1.0 0.0 0.3468271850019478 0.3426610554598173 0.31051175953823484
9 730.0 0.0 -1.0 -1.0 -1.0 0.0 0.3442310820094939 0.32789613832354353 0.3278727796669625
9 731.0 0.0 -1.0 -1.0 -1.0 0.0 0.3285860017472406 0.3532728254798825 0.31814117277287696
9 732.0 0.0 -1.0 -1.0 -1.0 0.0 0.3268989086322691 0.351813495303959 0.3212875960637718
9 733.0 0.0 -1.0 -1.0 -1.0 0.0 0.3303958260315097 0.3383240156056857 0.3312801583628048
9 734.0 0.0 -1.0 -1.0 -1.0 0.0 0.35726648445357434 0.32916038200250136 0.3135731335439245
9 735.0 0.0 -1.0 -1.0 -1.0 0.0 0.3471282040069219 0.32013447971263753 0.33273731628044073
9 736.0 0.0 -1.0 -1.0 -1.0 0.0 0.34446157817655104 0.3184321756031922 0.33710624622025676
9 737.0 0.0 -1.0 -1.0 -1.0 0.0 0.33449056087681117 0.30407968213543723 0.3614297569877516
9 738.0 0.0 -1.0 -1.0 -1.0 0.0 0.3215882151371314 0.3098259082226122 0.36858587664025677
9 739.0 0.0 -1.0 -1.0 -1.0 0.0 0.34285613965324674 0.29720051595348207 0.35994334439327114
9 740.0 0.0 -1.0 -1.0 -1.0 0.0 0.3423088813079074 0.2912900422903503 0.36640107640174224
9 741.0 0.0 -1.0 -1.0 -1.0 0.0 0.3449870767414266 0.29715541072869145 0.3578575125298821
9 742.0 0.0 -1.0 -1.0 -1.0 0.0 0.3313450734617951 0.3169178281049491 0.3517370984332559
9 743.0 0.0 -1.0 -1.0 -1.0 0.0 0.3219899099751556 0.3210378704302873 0.35697221959455694
9 744.0 0.0 -1.0 -1.0 -1.0 0.0 0.31361427576012657 0.33319147511747277 0.35319424912240066
9 745.0 0.0 -1.0 -1.0 -1.0 0.0 0.2921487306329061 0.3481449226081723 0.3597063467589215
9 746.0 0.0 -1.0 -1.0 -1.0 0.0 0.30344828179643085 0.3544664632112855 0.34208525499228387
9 747.0 0.0 -1.0 -1.0 -1.0 0.0 0.3319291465463472 0.3397311675974254 0.32833968585622736
9 748.0 0.0 -1.0 -1.0 -1.0 0.0 0.36060457808716767 0.32725696770661594 0.31213845420621633
9 749.0 0.0 -1.0 -1.0 -1.0 0.0 0.35918938376969645 0.32478325559438176 0.3160273606359215
9 750.0 0.0 -1.0 -1.0 -1.0 0.0 0.3562337057427944 0.339732170278884 0.30403412397832147
9 751.0 0.0 -1.0 -1.0 -1.0 0.0 0.3536904116510427 0.34089962957465425 0.3054099587743032
9 752.0 0.0 -1.0 -1.0 -1.0 0.0 0.34527163870597205 0.333622680059426 0.3211056812346019
9 753.0 0.0 -1.0 -1.0 -1.0 0.0 0.33669181483205035 0.35471265365567556 0.3085955315122741
9 754.0 0.0 -1.0 -1.0 -1.0 0.0 0.3210011619262779 0.37579460678846016 0.3032042312852618
9 755.0 0.0 -1.0 -1.0 -1.0 0.0 0.3345413862072082 0.34765389555199744 0.31780471824079426
9 756.0 0.0 -1.0 -1.0 -1.0 0.0 0.3328526088973547 0.33323335396240694 0.3339140371402384
9 757.0 0.0 -1.0 -1.0 -1.0 0.0 0.33091699026167726 0.3243841680917297 0.34469884164659315
9 758.0 0.0 -1.0 -1.0 -1.0 0.0 0.3309778398214533 0.3220785794414984 0.34694358073704834
9 759.0 0.0 -1.0 -1.0 -1.0 0.0 0.33523552101204096 0.29614702518668495 0.36861745380127414
9 760.0 0.0 -1.0 -1.0 -1.0 0.0 0.35354835660435496 0.2911430110152325 0.35530863238041255
9 761.0 0.0 -1.0 -1.0 -1.0 0.0 0.31746820897281675 0.3134252822582606 0.36910650876892265
9 762.0 0.0 -1.0 -1.0 -1.0 0.0 0.3323319359659804 0.3106973816473772 0.35697068238664253
9 763.0 0.0 -1.0 -1.0 -1.0 0.0 0.32463518707107 0.3080486498706007 0.3673161630583296
9 764.0 0.0 -1.0 -1.0 -1.0 0.0 0.3264533786224299 0.32580330704708743 0.3477433143304826
9 765.0 0.0 -1.0 -1.0 -1.0 0.0 0.33154652790416184 0.3525657067110639 0.3158877653847743
9 766.0 0.0 -1.0 -1.0 -1.0 0.0 0.35104497742830915 0.33870115089848135 0.31025387167320945
9 767.0 0.0 -1.0 -1.0 -1.0 0.0 0.3553453988529322 0.3331948689987444 0.3114597321483235
9 768.0 0.0 -1.0 -1.0 -1.0 0.0 0.31956214003528555 0.329701762455298 0.3507360975094164
9 769.0 0.0 -1.0 -1.0 -1.0 0.0 0.31170288455845346 0.3403228784891774 0.3479742369523693
9 770.0 0.0 -1.0 -1.0 -1.0 0.0 0.30899948056123255 0.34720604967939633 0.34379446975937084
9 771.0 0.0 -1.0 -1.0 -1.0 0.0 0.2748717825626791 0.3669221218573331 0.3582060955799878
9 772.0 0.0 -1.0 -1.0 -1.0 0.0 0.30877750767373086 0.36587083192340386 0.32535166040286534
9 773.0 0.0 -1.0 -1.0 -1.0 0.0 0.331617315934734 0.3515886273681666 0.3167940566970994
9 774.0 0.0 -1.0 -1.0 -1.0 0.0 0.3461618220386084 0.3367354160619401 0.31710276189945164
9 775.0 0.0 -1.0 -1.0 -1.0 0.0 0.3444101049733435 0.3255937491781085 0.329996145848548
9 776.0 0.0 -1.0 -1.0 -1.0 0.0 0.32710650144353126 0.3236672508319478 0.3492262477245208
9 777.0 0.0 -1.0 -1.0 -1.0 0.0 0.3326122497417055 0.3097979156927824 0.3575898345655122
9 778.0 0.0 -1.0 -1.0 -1.0 0.0 0.34905342131167916 0.2942344022648052 0.3567121764235157
9 779.0 0.0 -1.0 -1.0 -1.0 0.0 0.33935255370640094 0.3208401333702431 0.33980731292335614
9 780.0 0.0 -1.0 -1.0 -1.0 0.0 0.32872497530322975 0.3149426874608826 0.35633233723588753
9 781.0 0.0 -1.0 -1.0 -1.0 0.0 0.32692365650915917 0.31291003756222463 0.3601663059286163
9 782.0 0.0 -1.0 -1.0 -1.0 0.0 0.3040478965713865 0.3410403216094929 0.35491178181912075
9 783.0 0.0 -1.0 -1.0 -1.0 0.0 0.324252293854266 0.34617459496375746 0.32957311118197646
9 784.0 0.0 -1.0 -1.0 -1.0 0.0 0.3385486879609108 0.3410568896860729 0.3203944223530164
9 785.0 0.0 -1.0 -1.0 -1.0 0.0 0.3709631147631442 0.2946714427394057 0.33436544249745004
9 786.0 0.0 -1.0 -1.0 -1.0 0.0 0.3767492493629018 0.2953909012254406 0.32785984941165774
9 787.0 0.0 -1.0 -1.0 -1.0 0.0 0.3419723710965764 0.3069681308108087 0.35105949809261483
9 788.0 0.0 -1.0 -1.0 -1.0 0.0 0.32443243267129157 0.33588107328499284 0.3396864940437156
9 789.0 0.0 -1.0 -1.0 -1.0 0.0 0.32333611062253736 0.32064371180040885 0.3560201775770536
9 790.0 0.0 -1.0 -1.0 -1.0 0.0 0.3326887440195482 0.31860165747037233 0.34870959851007943
9 791.0 0.0 -1.0 -1.0 -1.0 0.0 0.34071059433394607 0.31508328426135146 0.34420612140470225
9 792.0 0.0 -1.0 -1.0 -1.0 0.0 0.35030525609285634 0.311441423874079 0.3382533200330647
9 793.0 0.0 -1.0 -1.0 -1.0 0.0 0.3625592391962637 0.2933756953746056 0.3440650654291306
9 794.0 0.0 -1.0 -1.0 -1.0 0.0 0.32653380442597374 0.30266675658488873 0.3707994389891374
9 795.0 0.0 -1.0 -1.0 -1.0 0.0 0.33480250195369876 0.3081520518950142 0.35704544615128697
9 796.0 0.0 -1.0 -1.0 -1.0 0.0 0.32605544365137573 0.3162640044448329 0.3576805519037914
9 797.0 0.0 -1.0 -1.0 -1.0 0.0 0.30456672105671 0.333156289187431 0.36227698975585887
9 798.0 0.0 -1.0 -1.0 -1.0 0.0 0.3193358286092529 0.35006796487772557 0.33059620651302146
9 799.0 0.0 -1.0 -1.0 -1.0 0.0 0.34793363347083045 0.31380365992915654 0.3382627066000129
9 800.0 0.0 -1.0 -1.0 -1.0 0.0 0.3623398730058284 0.31675584993319805 0.32090427706097346
9 801.0 0.0 -1.0 -1.0 -1.0 0.0 0.31774096533962043 0.316661232642376 0.3655978020180035
9 802.0 0.0 -1.0 -1.0 -1.0 0.0 0.3015415164769941 0.3232264412529392 0.37523204227006646
9 803.0 0.0 -1.0 -1.0 -1.0 0.0 0.3148010411915791 0.33378144502430657 0.35141751378411423
9 804.0 0.0 -1.0 -1.0 -1.0 0.0 0.3247116445438963 0.3302732983584972 0.3450150570976069
9 805.0 0.0 -1.0 -1.0 -1.0 0.0 0.3617801187495208 0.30594156478772866 0.3322783164627506
9 806.0 0.0 -1.0 -1.0 -1.0 0.0 0.36698163408294926 0.3124723104704652 0.32054605544658527
9 807.0 0.0 -1.0 -1.0 -1.0 0.0 0.3603848266804172 0.3297669951601887 0.3098481781593938
9 808.0 0.0 -1.0 -1.0 -1.0 0.0 0.36212052000735556 0.32840185147360823 0.3094776285190363
9 809.0 0.0 -1.0 -1.0 -1.0 0.0 0.37721939686222167 0.3300153770363895 0.2927652261013889
9 810.0 0.0 -1.0 -1.0 -1.0 0.0 0.3732214935724338 0.3158838063762261 0.3108947000513404
9 811.0 0.0 -1.0 -1.0 -1.0 0.0 0.36245738882613415 0.3041702626006022 0.3333723485732637
9 812.0 0.0 -1.0 -1.0 -1.0 0.0 0.34025097224036166 0.32375547050749814 0.33599355725214025
9 813.0 0.0 -1.0 -1.0 -1.0 0.0 0.33742123791534695 0.3507042581193399 0.311874503965313
9 814.0 0.0 -1.0 -1.0 -1.0 0.0 0.32778002013108676 0.3343014445033963 0.33791853536551697
9 815.0 0.0 -1.0 -1.0 -1.0 0.0 0.3407645285837874 0.3231735220362482 0.33606194937996414
9 816.0 0.0 -1.0 -1.0 -1.0 0.0 0.35245165369420844 0.3178829103494301 0.32966543595636133
9 817.0 0.0 -1.0 -1.0 -1.0 0.0 0.34753530002846256 0.3288985099988887 0.3235661899726487
9 818.0 0.0 -1.0 -1.0 -1.0 0.0 0.3331692174316114 0.3104522560527587 0.35637852651562973
9 819.0 0.0 -1.0 -1.0 -1.0 0.0 0.33419308883403476 0.31865464270189936 0.347152268464066
9 820.0 0.0 -1.0 -1.0 -1.0 0.0 0.33843783233857017 0.338927070308792 0.3226350973526378
9 821.0 0.0 -1.0 -1.0 -1.0 0.0 0.33662082899215084 0.34348690186118447 0.31989226914666463
9 822.0 0.0 -1.0 -1.0 -1.0 0.0 0.3277000526115666 0.35861504827048657 0.3136848991179469
9 823.0 0.0 -1.0 -1.0 -1.0 0.0 0.3047071695710733 0.3606493293357733 0.3346435010931534
9 824.0 0.0 -1.0 -1.0 -1.0 0.0 0.32506702559212747 0.32203303072890566 0.3528999436789668
9 825.0 0.0 -1.0 -1.0 -1.0 0.0 0.33916363517213377 0.2925235446005538 0.36831282022731265
9 826.0 0.0 -1.0 -1.0 -1.0 0.0 0.3447727479983355 0.3285960886126833 0.32663116338898135
9 827.0 0.0 -1.0 -1.0 -1.0 0.0 0.34706812374202906 0.3274148498397501 0.32551702641822094
9 828.0 0.0 -1.0 -1.0 -1.0 0.0 0.34223181028732097 0.30200358162261814 0.35576460809006055
9 829.0 0.0 -1.0 -1.0 -1.0 0.0 0.308251921796387 0.32976741465684206 0.36198066354677094
9 830.0 0.0 -1.0 -1.0 -1.0 0.0 0.29887727050869084 0.3479915432499371 0.353131186241372
9 831.0 0.0 -1.0 -1.0 -1.0 0.0 0.30931875954083327 0.33003809508412213 0.3606431453750446
9 832.0 0.0 -1.0 -1.0 -1.0 0.0 0.3189026360262325 0.3205645649491932 0.3605327990245739
9 833.0 0.0 -1.0 -1.0 -1.0 0.0 0.31666834456653 0.32746491879412076 0.35586673663934926
9 834.0 0.0 -1.0 -1.0 -1.0 0.0 0.32579140721756433 0.3280581835253644 0.3461504092570712
9 835.0 0.0 -1.0 -1.0 -1.0 0.0 0.32909172732347663 0.3460075677731181 0.32490070490340534
9 836.0 0.0 -1.0 -1.0 -1.0 0.0 0.3382376809626821 0.33018903921469195 0.3315732798226261
9 837.0 0.0 -1.0 -1.0 -1.0 0.0 0.3339458142565408 0.3301866023652075 0.33586758337825173
9 838.0 0.0 -1.0 -1.0 -1.0 0.0 0.31759947583104364 0.3425627791235017 0.3398377450454548
9 839.0 0.0 -1.0 -1.0 -1.0 0.0 0.30547705976118605 0.3778340995844687 0.3166888406543452
9 840.0 0.0 -1.0 -1.0 -1.0 0.0 0.33220557380705246 0.35897575160926387 0.30881867458368356
9 841.0 0.0 -1.0 -1.0 -1.0 0.0 0.33888708814241125 0.34809965502195817 0.3130132568356304
9 842.0 0.0 -1.0 -1.0 -1.0 0.0 0.32233356385152695 0.35999275740620484 0.3176736787422684
9 843.0 0.0 -1.0 -1.0 -1.0 0.0 0.3347854744592936 0.3414520276590216 0.3237624978816848
9 844.0 0.0 -1.0 -1.0 -1.0 0.0 0.3280074930243344 0.37244785834607314 0.2995446486295923
9 845.0 0.0 -1.0 -1.0 -1.0 0.0 0.35035164447761075 0.3516094330868815 0.2980389224355077
9 846.0 0.0 -1.0 -1.0 -1.0 0.0 0.3394574648003118 0.32234615777676523 0.338196377422923
9 847.0 0.0 -1.0 -1.0 -1.0 0.0 0.3458219571566549 0.32263216142763196 0.3315458814157132
9 848.0 0.0 -1.0 -1.0 -1.0 0.0 0.3542292807509787 0.3231093871359389 0.32266133211308234
9 849.0 0.0 -1.0 -1.0 -1.0 0.0 0.3659059413940667 0.3619043635806418 0.27218969502529183
9 850.0 0.0 -1.0 -1.0 -1.0 0.0 0.3491686181383328 0.3515650818636755 0.2992662999979918
9 851.0 0.0 -1.0 -1.0 -1.0 0.0 0.32492783724571966 0.36624731526511184 0.3088248474891686
9 852.0 0.0 -1.0 -1.0 -1.0 0.0 0.3449719340105297 0.32773028922311304 0.3272977767663574
9 853.0 0.0 -1.0 -1.0 -1.0 0.0 0.33056121240878494 0.33634488896962755 0.33309389862158734
9 854.0 0.0 -1.0 -1.0 -1.0 0.0 0.3221205414429912 0.35056322462177403 0.3273162339352351
9 855.0 0.0 -1.0 -1.0 -1.0 0.0 0.30425219969606615 0.3702457082732582 0.3255020920306756
9 856.0 0.0 -1.0 -1.0 -1.0 0.0 0.32154592871565824 0.34911344158028546 0.32934062970405636
9 857.0 0.0 -1.0 -1.0 -1.0 0.0 0.3302184866159048 0.32829641493078165 0.34148509845331354
9 858.0 0.0 -1.0 -1.0 -1.0 0.0 0.329516202467264 0.3446859454822711 0.32579785205046474
9 859.0 0.0 -1.0 -1.0 -1.0 0.0 0.3332541290043401 0.34541584114614315 0.32133002984951664
9 860.0 0.0 -1.0 -1.0 -1.0 0.0 0.36429723305072254 0.3238812256045999 0.31182154134467777
9 861.0 0.0 -1.0 -1.0 -1.0 0.0 0.3625402132184183 0.3419823781912712 0.29547740859031046
9 862.0 0.0 -1.0 -1.0 -1.0 0.0 0.3487429755791363 0.34399262042138795 0.30726440399947574
9 863.0 0.0 -1.0 -1.0 -1.0 0.0 0.33133294883305564 0.3516978093287262 0.31696924183821845
9 864.0 0.0 -1.0 -1.0 -1.0 0.0 0.31170946046092984 0.3516774970530168 0.33661304248605317
9 865.0 0.0 -1.0 -1.0 -1.0 0.0 0.33601025375089505 0.32892159112036523 0.33506815512873983
9 866.0 0.0 -1.0 -1.0 -1.0 0.0 0.36111088454540147 0.30929903197279107 0.3295900834818074
9 867.0 0.0 -1.0 -1.0 -1.0 0.0 0.3805910653234353 0.2988332596192523 0.32057567505731255
9 868.0 0.0 -1.0 -1.0 -1.0 0.0 0.3683445029639255 0.3145947637697176 0.317060733266357
9 869.0 0.0 -1.0 -1.0 -1.0 0.0 0.3644490619133468 0.2955863729602347 0.33996456512641854
9 870.0 0.0 -1.0 -1.0 -1.0 0.0 0.3848806700254191 0.29473050093983555 0.32038882903474536
9 871.0 0.0 -1.0 -1.0 -1.0 0.0 0.39983153372582947 0.2854977420237631 0.31467072425040765
9 872.0 0.0 -1.0 -1.0 -1.0 0.0 0.38005024607305293 0.3074379530704843 0.31251180085646263
9 873.0 0.0 -1.0 -1.0 -1.0 0.0 0.36670143770226515 0.31672827959814165 0.31657028269959314
9 874.0 0.0 -1.0 -1.0 -1.0 0.0 0.3401064756208499 0.35187439731282183 0.3080191270663281
9 875.0 0.0 -1.0 -1.0 -1.0 0.0 0.3428639515925558 0.33955219022315647 0.31758385818428775
9 876.0 0.0 -1.0 -1.0 -1.0 0.0 0.3274229540821531 0.35582253884582316 0.31675450707202374
9 877.0 0.0 -1.0 -1.0 -1.0 0.0 0.3437357106372671 0.3273965205624709 0.32886776880026203
9 878.0 0.0 -1.0 -1.0 -1.0 0.0 0.317052810382883 0.3300427150299528 0.35290447458716423
9 879.0 0.0 -1.0 -1.0 -1.0 0.0 0.33355855903814513 0.3339397006906647 0.33250174027118995
9 880.0 0.0 -1.0 -1.0 -1.0 0.0 0.32097949730105974 0.3671209390268734 0.3118995636720666
9 881.0 0.0 -1.0 -1.0 -1.0 0.0 0.3073941887308221 0.36751383755730993 0.3250919737118679
9 882.0 0.0 -1.0 -1.0 -1.0 0.0 0.3172289448398891 0.3662266300537273 0.3165444251063835
9 883.0 0.0 -1.0 -1.0 -1.0 0.0 0.3175258746513999 0.36453755138624616 0.3179365739623539
9 884.0 0.0 -1.0 -1.0 -1.0 0.0 0.31720240803547606 0.35463067459074293 0.3281669173737808
9 885.0 0.0 -1.0 -1.0 -1.0 0.0 0.336257740103126 0.3650544181578486 0.2986878417390255
9 886.0 0.0 -1.0 -1.0 -1.0 0.0 0.3471830540812635 0.3438165181497819 0.30900042776895464
9 887.0 0.0 -1.0 -1.0 -1.0 0.0 0.35485736195927 0.30972964461186575 0.33541299342886427
9 888.0 0.0 -1.0 -1.0 -1.0 0.0 0.3576464165464863 0.3108416466820425 0.3315119367714711
9 889.0 0.0 -1.0 -1.0 -1.0 0.0 0.3645211234123166 0.31530611081394117 0.32017276577374226
9 890.0 0.0 -1.0 -1.0 -1.0 0.0 0.3693368150669782 0.3222119503302047 0.30845123460281715
9 891.0 0.0 -1.0 -1.0 -1.0 0.0 0.3408394362679039 0.3060441899939714 0.35311637373812454
9 892.0 0.0 -1.0 -1.0 -1.0 0.0 0.32742217026635406 0.3033567931720784 0.3692210365615674
9 893.0 0.0 -1.0 -1.0 -1.0 0.0 0.33330155131593403 0.3126622356293102 0.35403621305475563
9 894.0 0.0 -1.0 -1.0 -1.0 0.0 0.3646894859708252 0.2888482570108165 0.34646225701835803
9 895.0 0.0 -1.0 -1.0 -1.0 0.0 0.36610790462192633 0.29359254615957053 0.3402995492185034
9 896.0 0.0 -1.0 -1.0 -1.0 0.0 0.37392752244987304 0.28728287820837345 0.33878959934175334
9 897.0 0.0 -1.0 -1.0 -1.0 0.0 0.3823520789021021 0.3067671259368591 0.31088079516103867
9 898.0 0.0 -1.0 -1.0 -1.0 0.0 0.37718819890780514 0.3275474839929335 0.2952643170992615
9 899.0 0.0 -1.0 -1.0 -1.0 0.0 0.317852714780712 0.34805924646628006 0.33408803875300797
9 900.0 0.0 -1.0 -1.0 -1.0 0.0 0.3355822176249802 0.3415008222231373 0.3229169601518822
9 901.0 0.0 -1.0 -1.0 -1.0 0.0 0.34161390915090445 0.34740089544596486 0.31098519540313085
9 902.0 0.0 -1.0 -1.0 -1.0 0.0 0.34474358337758565 0.36387310036552856 0.2913833162568859
9 903.0 0.0 -1.0 -1.0 -1.0 0.0 0.3484803553613608 0.36537766384007214 0.28614198079856695
9 904.0 0.0 -1.0 -1.0 -1.0 0.0 0.34281738758908203 0.342088024070622 0.31509458834029624
9 905.0 0.0 -1.0 -1.0 -1.0 0.0 0.33980376417113284 0.32476596794787865 0.3354302678809885
9 906.0 0.0 -1.0 -1.0 -1.0 0.0 0.32826939858774196 0.3328079051464817 0.33892269626577654
9 907.0 0.0 -1.0 -1.0 -1.0 0.0 0.33077862379381784 0.2990029592233763 0.37021841698280605
9 908.0 0.0 -1.0 -1.0 -1.0 0.0 0.33432283847136135 0.3124066880710639 0.3532704734575749
9 909.0 0.0 -1.0 -1.0 -1.0 0.0 0.3492127365571763 0.3135863243348929 0.3372009391079308
9 910.0 0.0 -1.0 -1.0 -1.0 0.0 0.3710632542573496 0.31771842943583456 0.31121831630681607
9 911.0 0.0 -1.0 -1.0 -1.0 0.0 0.34427209135296727 0.3123470926400045 0.3433808160070279
9 912.0 0.0 -1.0 -1.0 -1.0 0.0 0.34639460629863655 0.32322462579590633 0.3303807679054572
9 913.0 0.0 -1.0 -1.0 -1.0 0.0 0.3458282781437931 0.33943521231394264 0.3147365095422645
9 914.0 0.0 -1.0 -1.0 -1.0 0.0 0.38196298063961165 0.3207219493956369 0.2973150699647513
9 915.0 0.0 -1.0 -1.0 -1.0 0.0 0.3533326342934215 0.3275903693029364 0.31907699640364234
9 916.0 0.0 -1.0 -1.0 -1.0 0.0 0.3630405958587853 0.3270514345711441 0.30990796957007055
9 917.0 0.0 -1.0 -1.0 -1.0 0.0 0.3647830481537077 0.31707177618660176 0.31814517565969064
9 918.0 0.0 -1.0 -1.0 -1.0 0.0 0.3374963491394344 0.3569361535985167 0.30556749726204907
9 919.0 0.0 -1.0 -1.0 -1.0 0.0 0.37263025603336325 0.3264616631268538 0.30090808083978304
9 920.0 0.0 -1.0 -1.0 -1.0 0.0 0.382293190351829 0.2949019769878326 0.3228048326603386
9 921.0 0.0 -1.0 -1.0 -1.0 0.0 0.3641900232054301 0.2927066511441702 0.34310332565039986
9 922.0 0.0 -1.0 -1.0 -1.0 0.0 0.34266215667692984 0.2944021284637296 0.3629357148593406
9 923.0 0.0 -1.0 -1.0 -1.0 0.0 0.33676303823515824 0.3228701913713736 0.34036677039346797
9 924.0 0.0 -1.0 -1.0 -1.0 0.0 0.3374433813656161 0.3149735886939873 0.34758302994039647
9 925.0 0.0 -1.0 -1.0 -1.0 0.0 0.33153440774302895 0.3069870640689221 0.36147852818804904
9 926.0 0.0 -1.0 -1.0 -1.0 0.0 0.3462878062584304 0.3192107617326654 0.33450143200890375
9 927.0 0.0 -1.0 -1.0 -1.0 0.0 0.338582047514611 0.32771122359205107 0.3337067288933377
9 928.0 0.0 -1.0 -1.0 -1.0 0.0 0.3438495175193132 0.33762907160344946 0.31852141087723745
9 929.0 0.0 -1.0 -1.0 -1.0 0.0 0.32318443670197666 0.3666913829215704 0.31012418037645295
9 930.0 0.0 -1.0 -1.0 -1.0 0.0 0.3231343742743209 0.37148936208581695 0.3053762636398622
9 931.0 0.0 -1.0 -1.0 -1.0 0.0 0.3348571068187247 0.3485117907176181 0.3166311024636574
9 932.0 0.0 -1.0 -1.0 -1.0 0.0 0.3164385110134893 0.3541339286612898 0.32942756032522075
9 933.0 0.0 -1.0 -1.0 -1.0 0.0 0.33641639514254884 0.362172522729044 0.30141108212840745
9 934.0 0.0 -1.0 -1.0 -1.0 0.0 0.3028410828214607 0.37741166668579235 0.3197472504927468
9 935.0 0.0 -1.0 -1.0 -1.0 0.0 0.3222377243894815 0.3773698286988472 0.30039244691167133
9 936.0 0.0 -1.0 -1.0 -1.0 0.0 0.35398700462236166 0.3452355139593108 0.30077748141832766
9 937.0 0.0 -1.0 -1.0 -1.0 0.0 0.35793329050944483 0.3509289109064634 0.2911377985840917
9 938.0 0.0 -1.0 -1.0 -1.0 0.0 0.3570014893114432 0.3512772818243274 0.2917212288642292
9 939.0 0.0 -1.0 -1.0 -1.0 0.0 0.3583133734774197 0.33793088671081073 0.3037557398117698
9 940.0 0.0 -1.0 -1.0 -1.0 0.0 0.36009968868204373 0.3339603906062634 0.3059399207116927
9 941.0 0.0 -1.0 -1.0 -1.0 0.0 0.3605558764568748 0.35082959968921573 0.28861452385390934
9 942.0 0.0 -1.0 -1.0 -1.0 0.0 0.34559699777381125 0.37172003876562554 0.282682963460563
9 943.0 0.0 -1.0 -1.0 -1.0 0.0 0.32906363872121264 0.37953808243082754 0.2913982788479602
9 944.0 0.0 -1.0 -1.0 -1.0 0.0 0.35757764000346187 0.3196454069440497 0.3227769530524887
9 945.0 0.0 -1.0 -1.0 -1.0 0.0 0.3374271406242781 0.3307917452613025 0.33178111411441963
9 946.0 0.0 -1.0 -1.0 -1.0 0.0 0.34411248660166277 0.31208878561387854 0.3437987277844586
9 947.0 0.0 -1.0 -1.0 -1.0 0.0 0.3228331341467026 0.3436527445789008 0.3335141212743966
9 948.0 0.0 -1.0 -1.0 -1.0 0.0 0.31731805417948616 0.3605315169429598 0.32215042887755424
9 949.0 0.0 -1.0 -1.0 -1.0 0.0 0.3456062467798637 0.3543886155961563 0.30000513762398
9 950.0 0.0 -1.0 -1.0 -1.0 0.0 0.34561864695317934 0.34110416387774806 0.31327718916907255
9 951.0 0.0 -1.0 -1.0 -1.0 0.0 0.356776098827211 0.3127271973835899 0.3304967037891992
9 952.0 0.0 -1.0 -1.0 -1.0 0.0 0.3649589958786425 0.31277990623627144 0.3222610978850861
9 953.0 0.0 -1.0 -1.0 -1.0 0.0 0.3429627394500411 0.30196734018424043 0.3550699203657186
9 954.0 0.0 -1.0 -1.0 -1.0 0.0 0.3542766277596969 0.3364118005190116 0.3093115717212916
9 955.0 0.0 -1.0 -1.0 -1.0 0.0 0.35659527743222524 0.33369542249078377 0.309709300076991
9 956.0 0.0 -1.0 -1.0 -1.0 0.0 0.3468778087389679 0.3406720257995384 0.31245016546149396
9 957.0 0.0 -1.0 -1.0 -1.0 0.0 0.3557634132022667 0.34260358968744165 0.30163299711029173
9 958.0 0.0 -1.0 -1.0 -1.0 0.0 0.35502742030188617 0.3358030873039543 0.3091694923941594
9 959.0 0.0 -1.0 -1.0 -1.0 0.0 0.3554789299113287 0.3373778782230492 0.30714319186562206
9 960.0 0.0 -1.0 -1.0 -1.0 0.0 0.31817611963912623 0.3763015572916624 0.30552232306921123
9 961.0 0.0 -1.0 -1.0 -1.0 0.0 0.3333565627473773 0.3469336136817607 0.31970982357086203
9 962.0 0.0 -1.0 -1.0 -1.0 0.0 0.3162412373323301 0.3503305894874456 0.33342817318022433
9 963.0 0.0 -1.0 -1.0 -1.0 0.0 0.30563444344058327 0.3815027183333724 0.31286283822604427
9 964.0 0.0 -1.0 -1.0 -1.0 0.0 0.3244456681225546 0.3547785642402965 0.32077576763714893
9 965.0 0.0 -1.0 -1.0 -1.0 0.0 0.30191088604210714 0.33359769336181844 0.3644914205960745
9 966.0 0.0 -1.0 -1.0 -1.0 0.0 0.295457820440577 0.3267943023777971 0.37774787718162606
9 967.0 0.0 -1.0 -1.0 -1.0 0.0 0.3041130118576978 0.31610877814990923 0.3797782099923929
9 968.0 0.0 -1.0 -1.0 -1.0 0.0 0.35519102488413223 0.29432992021886967 0.35047905489699815
9 969.0 0.0 -1.0 -1.0 -1.0 0.0 0.37984667508313463 0.2884912688440306 0.3316620560728348
9 970.0 0.0 -1.0 -1.0 -1.0 0.0 0.3708243849539201 0.302862063863915 0.32631355118216504
9 971.0 0.0 -1.0 -1.0 -1.0 0.0 0.3772693779539331 0.33600780697266436 0.28672281507340225
9 972.0 0.0 -1.0 -1.0 -1.0 0.0 0.3752875727065795 0.33673638293484787 0.2879760443585723
9 973.0 0.0 -1.0 -1.0 -1.0 0.0 0.34744779432487105 0.341758272147546 0.3107939335275829
9 974.0 0.0 -1.0 -1.0 -1.0 0.0 0.3616951921236366 0.33746041923591896 0.30084438864044427
9 975.0 0.0 -1.0 -1.0 -1.0 0.0 0.32102325191498005 0.34731240640155725 0.33166434168346287
9 976.0 0.0 -1.0 -1.0 -1.0 0.0 0.30492769096733996 0.3590486278054818 0.33602368122717835
9 977.0 0.0 -1.0 -1.0 -1.0 0.0 0.3198583565071894 0.36524891354636163 0.3148927299464485
9 978.0 0.0 -1.0 -1.0 -1.0 0.0 0.3048614629141697 0.35671864873733455 0.33841988834849573
9 979.0 0.0 -1.0 -1.0 -1.0 0.0 0.2985448236531348 0.3716229478179934 0.3298322285288719
9 980.0 0.0 -1.0 -1.0 -1.0 0.0 0.34291061974591786 0.35003511260065634 0.30705426765342575
9 981.0 0.0 -1.0 -1.0 -1.0 0.0 0.3143580398457892 0.3488276812517553 0.3368142789024555
9 982.0 0.0 -1.0 -1.0 -1.0 0.0 0.2658010445983398 0.3853167073850613 0.34888224801659923
9 983.0 0.0 -1.0 -1.0 -1.0 0.0 0.2792515129349862 0.3882871850990559 0.33246130196595786
9 984.0 0.0 -1.0 -1.0 -1.0 0.0 0.29563459231706923 0.3792272438758749 0.325138163807056
9 985.0 0.0 -1.0 -1.0 -1.0 0.0 0.28154229289831967 0.3920067639156838 0.3264509431859963
9 986.0 0.0 -1.0 -1.0 -1.0 0.0 0.3034911583738911 0.3909183655235902 0.30559047610251844
9 987.0 0.0 -1.0 -1.0 -1.0 0.0 0.2921072570923507 0.40912367157123525 0.29876907133641384
9 988.0 0.0 -1.0 -1.0 -1.0 0.0 0.3067977516986406 0.3884947908714311 0.30470745742992816
9 989.0 0.0 -1.0 -1.0 -1.0 0.0 0.3188971619345693 0.3694654708237297 0.3116373672417009
9 990.0 0.0 -1.0 -1.0 -1.0 0.0 0.31478441214550096 0.36370761415049957 0.3215079737039996
9 991.0 0.0 -1.0 -1.0 -1.0 0.0 0.3253035160618557 0.3579209256073779 0.31677555833076637
9 992.0 0.0 -1.0 -1.0 -1.0 0.0 0.3232698351546109 0.37453526828896905 0.3021948965564201
9 993.0 0.0 -1.0 -1.0 -1.0 0.0 0.32326790484238216 0.3665374422856172 0.31019465287200054
9 994.0 0.0 -1.0 -1.0 -1.0 0.0 0.33842635032787555 0.3498845701118387 0.31168907956028585
9 995.0 0.0 -1.0 -1.0 -1.0 0.0 0.33258568811490535 0.34392553789020935 0.32348877399488524
9 996.0 0.0 -1.0 -1.0 -1.0 0.0 0.3271034158108337 0.3378340047541294 0.335062579435037
9 997.0 0.0 -1.0 -1.0 -1.0 0.0 0.3377325554477919 0.34916487587172795 0.31310256868048053
9 998.0 0.0 -1.0 -1.0 -1.0 0.0 0.3381799252211718 0.32994295092037995 0.33187712385844825
9 999.0 0.0 -1.0 -1.0 -1.0 0.0 0.3417375312005629 0.3339371398938438 0.32432532890559335
9 1000.0 0.0 -1.0 -1.0 -1.0 0.0 0.3430661290292363 0.33011740854070415 0.3268164624300596
1000000000000000000000000000000000000000000000000000000000000000000000000000000000000000000000000000
-1.0
solo con 1: -100.0
