9 0.0 74.0 -39.0 -163.0 -105.15 50.84108237012324 0.3333333333333333 0.3333333333333333 0.3333333333333333
9 1.0 51.0 -38.0 -163.0 -92.01 50.85084050237497 0.2938730565156605 0.2989899315324859 0.4071370119518537
9 2.0 51.0 -38.0 -163.0 -73.32 45.64064288359974 0.25107871769878254 0.2649575785667943 0.4839637037344229
9 3.0 98.0 -36.0 -163.0 -64.15 41.14064936656968 0.2250837276737278 0.23495626774859357 0.5399600045776785
9 4.0 35.0 -35.0 -158.0 -56.48 36.31525265997161 0.22824747574610643 0.19957057006117285 0.5721819541927208
9 5.0 20.0 -33.0 -156.0 -49.98 31.294295475260807 0.21103910178961274 0.1764728949219511 0.6124880032884364
9 6.0 9.0 -32.0 -156.0 -46.17 30.452498197432774 0.17402255286099638 0.1718016491425893 0.6541757979964143
9 7.0 89.0 -30.0 -156.0 -43.51 29.37995434257374 0.17362000586241474 0.14381938037763545 0.68256061375995
9 8.0 86.0 -25.0 -156.0 -38.27 23.808518550207104 0.17072257549520445 0.13046836131192813 0.6988090631928675
9 9.0 14.0 -24.0 -151.0 -32.54 12.77973458885654 0.1529217781677104 0.1312594689688137 0.7158187528634761
9 10.0 59.0 -21.0 -151.0 -30.08 12.70224667950795 0.1447697001933214 0.11844849959626405 0.736781800210415
9 11.0 59.0 -21.0 -150.0 -27.75 12.973457752681282 0.13075041637676535 0.09745297069142358 0.7717966129318106
9 12.0 22.0 -20.0 -150.0 -25.04 12.890306435457616 0.12119592454116536 0.09194601671302839 0.7868580587458064
9 13.0 1.0 -19.0 -150.0 -23.14 13.034546173127543 0.12021082321612943 0.0882736561007675 0.7915155206831028
9 14.0 48.0 -17.0 -150.0 -21.44 13.19191671693946 0.1159420007935612 0.08761478567383417 0.7964432135326043
9 15.0 60.0 -16.0 -45.0 -19.07 3.185367428816597 0.12223067986534744 0.10147962613063685 0.7762896940040162
9 16.0 60.0 -14.0 -29.0 -17.66 1.603153458063516 0.11599039846013236 0.09980934191411549 0.7842002596257521
9 17.0 26.0 -12.0 -22.0 -16.53 1.3959175686930299 0.14178360352552238 0.10001003400966559 0.7582063624648119
9 18.0 74.0 -11.0 -19.0 -15.43 1.4512620770080151 0.13998545240885554 0.10972771798925969 0.7502868296018846
9 19.0 34.0 -10.0 -18.0 -14.0 1.8477395417486238 0.12237384524804179 0.10870805899450722 0.7689180957574508
9 20.0 37.0 -8.0 -18.0 -12.54 1.9818367156950059 0.11827903716806425 0.10416719424644062 0.7775537685854954
9 21.0 5.0 -8.0 -18.0 -11.17 2.0253694013984735 0.11916619715559788 0.10505338523052636 0.7757804176138758
9 22.0 72.0 -7.0 -18.0 -9.65 1.725477536009301 0.11416439868042975 0.10467910724980736 0.7811564940697627
9 23.0 72.0 -7.0 -18.0 -8.94 1.7163503680363716 0.11567976591170677 0.11496755800231562 0.7693526760859777
9 24.0 37.0 -5.0 -18.0 -8.26 1.467630537274076 0.1220903162553655 0.118403296171051 0.7595063875735829
9 25.0 3.0 -5.0 -12.0 -7.44 1.191891799034653 0.1382345008156515 0.1418358889943474 0.7199296101900012
9 26.0 9.0 -4.0 -12.0 -6.37 1.501884338308568 0.12828203477796793 0.1427331150176963 0.7289848502043357
9 27.0 52.0 -3.0 -11.0 -5.13 1.3828312341794362 0.12537849178093252 0.1311069026488304 0.7435146055702372
9 28.0 14.0 -2.0 -8.0 -4.31 1.2284094997149357 0.13936674499905774 0.1323899720497522 0.72824328295119
9 29.0 74.0 -1.0 -8.0 -3.57 1.0075974023649152 0.1464634835319694 0.14719484023507864 0.7063416762329521
9 30.0 74.0 -1.0 -8.0 -3.02 1.0345545081352794 0.1613466412736696 0.1432628095471939 0.6953905491791368
9 31.0 4.0 -1.0 -7.0 -2.41 0.9959006887326578 0.16022669117756488 0.169828217651373 0.6699450911710624
9 32.0 4.0 -1.0 -7.0 -1.84 0.9289942427325922 0.1452462901941429 0.17021722169799738 0.6845364881078598
9 33.0 2.0 -1.0 -7.0 -1.4 0.8645662192537634 0.14967455905218335 0.1618342907516283 0.6884911501961882
9 34.0 0.0 -1.0 -7.0 -1.26 0.7735527379460552 0.17799406167649912 0.19709371427683742 0.6249122240466634
9 35.0 0.0 -1.0 -2.0 -1.09 0.28762349126466147 0.21057500876411153 0.20908209904908678 0.5803428921868021
9 36.0 0.0 -1.0 -2.0 -1.01 0.09999999999999996 0.24073721647905003 0.24961850095910765 0.5096442825618422
9 37.0 0.0 -1.0 -1.0 -1.0 0.0 0.2640143268122227 0.26896345189287874 0.46702222129489873
9 38.0 0.0 -1.0 -1.0 -1.0 0.0 0.29160359109235306 0.2688988738281914 0.4394975350794552
9 39.0 0.0 -1.0 -1.0 -1.0 0.0 0.2693616436599241 0.30153235621778796 0.42910600012228806
9 40.0 0.0 -1.0 -1.0 -1.0 0.0 0.27346742407739183 0.30007392600633903 0.42645864991626936
9 41.0 0.0 -1.0 -1.0 -1.0 0.0 0.29231519121944627 0.32770702571535426 0.3799777830651999
9 42.0 0.0 -1.0 -1.0 -1.0 0.0 0.3092308639767862 0.323135752432899 0.36763338359031456
9 43.0 0.0 -1.0 -1.0 -1.0 0.0 0.3019858808040637 0.335197307713396 0.3628168114825403
9 44.0 0.0 -1.0 -1.0 -1.0 0.0 0.3093331620953328 0.3261177179346395 0.36454911997002776
9 45.0 0.0 -1.0 -1.0 -1.0 0.0 0.3030471493441914 0.3252631023049457 0.37168974835086277
9 46.0 0.0 -1.0 -1.0 -1.0 0.0 0.3091005752167025 0.3454476074537169 0.3454518173295807
9 47.0 0.0 -1.0 -1.0 -1.0 0.0 0.30481727070378967 0.34622734977561564 0.3489553795205946
9 48.0 0.0 -1.0 -1.0 -1.0 0.0 0.307700457050825 0.33934607452279714 0.35295346842637804
9 49.0 0.0 -1.0 -1.0 -1.0 0.0 0.3073194386468814 0.32532504513784566 0.3673555162152729
9 50.0 0.0 -1.0 -1.0 -1.0 0.0 0.32846985112186805 0.301572919562593 0.3699572293155389
9 51.0 0.0 -1.0 -1.0 -1.0 0.0 0.35002519631905293 0.291012906434464 0.358961897246483
9 52.0 0.0 -1.0 -1.0 -1.0 0.0 0.37474893512467233 0.27576563380321767 0.3494854310721102
9 53.0 0.0 -1.0 -1.0 -1.0 0.0 0.394082636265845 0.26548225190038294 0.340435111833772
9 54.0 0.0 -1.0 -1.0 -1.0 0.0 0.4123439734737309 0.27352037175677785 0.3141356547694915
9 55.0 0.0 -1.0 -1.0 -1.0 0.0 0.3671885814907403 0.2777629993835009 0.3550484191257588
9 56.0 0.0 -1.0 -1.0 -1.0 0.0 0.37326754939389417 0.28685451055171746 0.3398779400543882
9 57.0 0.0 -1.0 -1.0 -1.0 0.0 0.340832454616871 0.2951053947132316 0.36406215066989744
9 58.0 0.0 -1.0 -1.0 -1.0 0.0 0.34129865185920394 0.30336040653424506 0.35534094160655094
9 59.0 0.0 -1.0 -1.0 -1.0 0.0 0.34152920513328605 0.2952071537411261 0.3632636411255878
9 60.0 0.0 -1.0 -1.0 -1.0 0.0 0.34155105987111234 0.3026603984990357 0.3557885416298516
9 61.0 0.0 -1.0 -1.0 -1.0 0.0 0.34259668296226514 0.3270580452577934 0.33034527177994166
9 62.0 0.0 -1.0 -1.0 -1.0 0.0 0.3191969380306795 0.34337904366595046 0.3374240183033699
9 63.0 0.0 -1.0 -1.0 -1.0 0.0 0.2980189680503307 0.3385497106763154 0.3634313212733541
9 64.0 0.0 -1.0 -1.0 -1.0 0.0 0.3070253833321534 0.32913900181365446 0.36383561485419236
9 65.0 0.0 -1.0 -1.0 -1.0 0.0 0.3164156255904063 0.30228846491257416 0.38129590949701947
9 66.0 0.0 -1.0 -1.0 -1.0 0.0 0.3307945157750877 0.31088447460527274 0.3583210096196395
9 67.0 0.0 -1.0 -1.0 -1.0 0.0 0.33255795172234265 0.3140150858160702 0.35342696246158717
9 68.0 0.0 -1.0 -1.0 -1.0 0.0 0.34473553723223205 0.3199118416180898 0.335352621149678
9 69.0 0.0 -1.0 -1.0 -1.0 0.0 0.3400414859026465 0.29564427076187066 0.3643142433354831
9 70.0 0.0 -1.0 -1.0 -1.0 0.0 0.35984195707475697 0.319677305827929 0.32048073709731406
9 71.0 0.0 -1.0 -1.0 -1.0 0.0 0.3609907077111105 0.32671858350193633 0.3122907087869531
9 72.0 0.0 -1.0 -1.0 -1.0 0.0 0.33994864417586607 0.3359384861076872 0.32411286971644687
9 73.0 0.0 -1.0 -1.0 -1.0 0.0 0.33532959382915734 0.33478770725388707 0.3298826989169556
9 74.0 0.0 -1.0 -1.0 -1.0 0.0 0.3479995130154399 0.3171983153406457 0.33480217164391424
9 75.0 0.0 -1.0 -1.0 -1.0 0.0 0.3329487038288375 0.3332948897973826 0.3337564063737801
9 76.0 0.0 -1.0 -1.0 -1.0 0.0 0.31111537945226286 0.3233686352380542 0.36551598530968293
9 77.0 0.0 -1.0 -1.0 -1.0 0.0 0.3207036258048283 0.32242068273227703 0.3568756914628946
9 78.0 0.0 -1.0 -1.0 -1.0 0.0 0.33760317458974953 0.30534698167317165 0.3570498437370787
9 79.0 0.0 -1.0 -1.0 -1.0 0.0 0.34354701033491486 0.31626505543949746 0.34018793422558774
9 80.0 0.0 -1.0 -1.0 -1.0 0.0 0.38405469721414404 0.3071447810832925 0.30880052170256334
9 81.0 0.0 -1.0 -1.0 -1.0 0.0 0.35384902315494854 0.3271294724729643 0.3190215043720872
9 82.0 0.0 -1.0 -1.0 -1.0 0.0 0.35026090574673135 0.32103889728406665 0.32870019696920205
9 83.0 0.0 -1.0 -1.0 -1.0 0.0 0.35572415341082353 0.3195977971495921 0.32467804943958434
9 84.0 0.0 -1.0 -1.0 -1.0 0.0 0.32967768505831624 0.3244812051088735 0.34584110983281036
9 85.0 0.0 -1.0 -1.0 -1.0 0.0 0.35142082680682935 0.32607746097861695 0.3225017122145536
9 86.0 0.0 -1.0 -1.0 -1.0 0.0 0.3568042043293492 0.31747402623111165 0.3257217694395394
9 87.0 0.0 -1.0 -1.0 -1.0 0.0 0.36733589435437464 0.31024632366614235 0.32241778197948306
9 88.0 0.0 -1.0 -1.0 -1.0 0.0 0.3754259534834447 0.30003971470431434 0.3245343318122408
9 89.0 0.0 -1.0 -1.0 -1.0 0.0 0.33912393669582835 0.32178444832665315 0.33909161497751833
9 90.0 0.0 -1.0 -1.0 -1.0 0.0 0.32243348510101 0.33708737886673246 0.3404791360322575
9 91.0 0.0 -1.0 -1.0 -1.0 0.0 0.3055505815301826 0.36061977375031207 0.33382964471950527
9 92.0 0.0 -1.0 -1.0 -1.0 0.0 0.28479668520139934 0.38632256331078096 0.32888075148781987
9 93.0 0.0 -1.0 -1.0 -1.0 0.0 0.2977374669989157 0.36568529334728744 0.3365772396537971
9 94.0 0.0 -1.0 -1.0 -1.0 0.0 0.30865737560288337 0.3536578309546779 0.33768479344243857
9 95.0 0.0 -1.0 -1.0 -1.0 0.0 0.32833573042076025 0.35830165631971367 0.3133626132595259
9 96.0 0.0 -1.0 -1.0 -1.0 0.0 0.3455258723451735 0.35333498583129697 0.3011391418235294
9 97.0 0.0 -1.0 -1.0 -1.0 0.0 0.33733892737591875 0.34592952629797985 0.31673154632610123
9 98.0 0.0 -1.0 -1.0 -1.0 0.0 0.3284076952667689 0.31699581821686507 0.35459648651636594
9 99.0 0.0 -1.0 -1.0 -1.0 0.0 0.30922837088756444 0.32910801016088537 0.3616636189515501
9 100.0 0.0 -1.0 -1.0 -1.0 0.0 0.31856995845201763 0.34011061566125766 0.34131942588672487
9 101.0 0.0 -1.0 -1.0 -1.0 0.0 0.29970004797643024 0.328437741852672 0.37186221017089804
9 102.0 0.0 -1.0 -1.0 -1.0 0.0 0.3253414539361023 0.30685645290157026 0.36780209316232737
9 103.0 0.0 -1.0 -1.0 -1.0 0.0 0.3363187585193776 0.30913753309057834 0.35454370839004423
9 104.0 0.0 -1.0 -1.0 -1.0 0.0 0.3334838985976276 0.3306112373993997 0.33590486400297265
9 105.0 0.0 -1.0 -1.0 -1.0 0.0 0.34341519450672237 0.33837419987963385 0.3182106056136438
9 106.0 0.0 -1.0 -1.0 -1.0 0.0 0.3114931466585198 0.33558178020408425 0.3529250731373959
9 107.0 0.0 -1.0 -1.0 -1.0 0.0 0.3167434132547802 0.32983291243764357 0.3534236743075763
9 108.0 0.0 -1.0 -1.0 -1.0 0.0 0.2905308850449744 0.36995249668119273 0.33951661827383306
9 109.0 0.0 -1.0 -1.0 -1.0 0.0 0.29066171257773826 0.37855379537004397 0.3307844920522179
9 110.0 0.0 -1.0 -1.0 -1.0 0.0 0.2988240861292237 0.37939757621926445 0.32177833765151187
9 111.0 0.0 -1.0 -1.0 -1.0 0.0 0.2966928641014524 0.3730843773656492 0.3302227585328985
9 112.0 0.0 -1.0 -1.0 -1.0 0.0 0.2851691633810566 0.3806770494543652 0.33415378716457833
9 113.0 0.0 -1.0 -1.0 -1.0 0.0 0.3109540806868976 0.37342377187804787 0.31562214743505435
9 114.0 0.0 -1.0 -1.0 -1.0 0.0 0.31472861610797986 0.3814602230137167 0.3038111608783034
9 115.0 0.0 -1.0 -1.0 -1.0 0.0 0.35364619780630024 0.3358229036896725 0.3105308985040271
9 116.0 0.0 -1.0 -1.0 -1.0 0.0 0.383543713161187 0.34164196034034383 0.2748143264984692
9 117.0 0.0 -1.0 -1.0 -1.0 0.0 0.38638575838992884 0.3511807519375349 0.2624334896725364
9 118.0 0.0 -1.0 -1.0 -1.0 0.0 0.3439621901559092 0.3546709136559851 0.3013668961881058
9 119.0 0.0 -1.0 -1.0 -1.0 0.0 0.32744162050903525 0.3540082263788921 0.3185501531120728
9 120.0 0.0 -1.0 -1.0 -1.0 0.0 0.32832451025170717 0.35130278282716243 0.3203727069211306
9 121.0 0.0 -1.0 -1.0 -1.0 0.0 0.33162484561208705 0.33841685921308967 0.3299582951748235
9 122.0 0.0 -1.0 -1.0 -1.0 0.0 0.3259931474995714 0.3531995131652292 0.32080733933519945
9 123.0 0.0 -1.0 -1.0 -1.0 0.0 0.3284472072015771 0.36139600310880987 0.310156789689613
9 124.0 0.0 -1.0 -1.0 -1.0 0.0 0.34023208658552556 0.35955781528287134 0.30021009813160326
9 125.0 0.0 -1.0 -1.0 -1.0 0.0 0.32556649873073623 0.3715109040611608 0.30292259720810294
9 126.0 0.0 -1.0 -1.0 -1.0 0.0 0.33852482012197305 0.3350353198070469 0.3264398600709802
9 127.0 0.0 -1.0 -1.0 -1.0 0.0 0.32898156547046015 0.3593418765674461 0.31167655796209354
9 128.0 0.0 -1.0 -1.0 -1.0 0.0 0.3149592683610102 0.36845562908409535 0.31658510255489436
9 129.0 0.0 -1.0 -1.0 -1.0 0.0 0.33068273366884404 0.33981078750962473 0.3295064788215313
9 130.0 0.0 -1.0 -1.0 -1.0 0.0 0.34735653647621073 0.3420906340651093 0.3105528294586801
9 131.0 0.0 -1.0 -1.0 -1.0 0.0 0.34085789074614886 0.3403885528209949 0.3187535564328563
9 132.0 0.0 -1.0 -1.0 -1.0 0.0 0.35598622583404826 0.342946377487533 0.30106739667841914
9 133.0 0.0 -1.0 -1.0 -1.0 0.0 0.3478413621197592 0.3388807375835496 0.31327790029669117
9 134.0 0.0 -1.0 -1.0 -1.0 0.0 0.32159894614992557 0.3604209099205813 0.31798014392949286
9 135.0 0.0 -1.0 -1.0 -1.0 0.0 0.2900705270215825 0.35725279432960333 0.3526766786488143
9 136.0 0.0 -1.0 -1.0 -1.0 0.0 0.3012430232070652 0.35078376361232705 0.34797321318060787
9 137.0 0.0 -1.0 -1.0 -1.0 0.0 0.3028060408228778 0.3710260989166315 0.3261678602604905
9 138.0 0.0 -1.0 -1.0 -1.0 0.0 0.3315117101465768 0.34463966644673855 0.32384862340668447
9 139.0 0.0 -1.0 -1.0 -1.0 0.0 0.3436350430714071 0.3451946164330292 0.3111703404955637
9 140.0 0.0 -1.0 -1.0 -1.0 0.0 0.35008202735583543 0.3298884558496591 0.3200295167945053
9 141.0 0.0 -1.0 -1.0 -1.0 0.0 0.35380852441351274 0.33224737516108077 0.3139441004254063
9 142.0 0.0 -1.0 -1.0 -1.0 0.0 0.33845593255564005 0.3239974696110647 0.33754659783329516
9 143.0 0.0 -1.0 -1.0 -1.0 0.0 0.3322342409632098 0.32247009768861246 0.3452956613481777
9 144.0 0.0 -1.0 -1.0 -1.0 0.0 0.34113469402670415 0.30194561113610185 0.356919694837194
9 145.0 0.0 -1.0 -1.0 -1.0 0.0 0.32679301188852317 0.3045608232051502 0.3686461649063265
9 146.0 0.0 -1.0 -1.0 -1.0 0.0 0.337116613509284 0.3020786125443981 0.3608047739463177
9 147.0 0.0 -1.0 -1.0 -1.0 0.0 0.3340736929836574 0.2976361342116711 0.36829017280467147
9 148.0 0.0 -1.0 -1.0 -1.0 0.0 0.33784393090160303 0.317233408019334 0.3449226610790631
9 149.0 0.0 -1.0 -1.0 -1.0 0.0 0.332633615336318 0.3239650690323013 0.34340131563138065
9 150.0 0.0 -1.0 -1.0 -1.0 0.0 0.374767658039601 0.3279662923984008 0.2972660495619983
9 151.0 0.0 -1.0 -1.0 -1.0 0.0 0.37355880844877076 0.34647219383881867 0.27996899771241074
9 152.0 0.0 -1.0 -1.0 -1.0 0.0 0.3532246049144488 0.35152262641988336 0.29525276866566785
9 153.0 0.0 -1.0 -1.0 -1.0 0.0 0.365663836959623 0.33268814060334717 0.3016480224370298
9 154.0 0.0 -1.0 -1.0 -1.0 0.0 0.35994050189040877 0.3469574475162 0.29310205059339123
9 155.0 0.0 -1.0 -1.0 -1.0 0.0 0.3758917119420822 0.32133820414195147 0.30277008391596644
9 156.0 0.0 -1.0 -1.0 -1.0 0.0 0.37550057472051435 0.3113876976821477 0.3131117275973379
9 157.0 0.0 -1.0 -1.0 -1.0 0.0 0.35498478864560146 0.3231160649553791 0.3218991463990193
9 158.0 0.0 -1.0 -1.0 -1.0 0.0 0.3679654562744026 0.32792691741512897 0.30410762631046884
9 159.0 0.0 -1.0 -1.0 -1.0 0.0 0.3610325013739353 0.3330280692527721 0.3059394293732928
9 160.0 0.0 -1.0 -1.0 -1.0 0.0 0.37673956627199523 0.3187669400753933 0.30449349365261147
9 161.0 0.0 -1.0 -1.0 -1.0 0.0 0.379065652681423 0.32266400585911315 0.29827034145946385
9 162.0 0.0 -1.0 -1.0 -1.0 0.0 0.38595514835906736 0.3343582668075317 0.2796865848334008
9 163.0 0.0 -1.0 -1.0 -1.0 0.0 0.3720396113969858 0.3234672545417655 0.3044931340612485
9 164.0 0.0 -1.0 -1.0 -1.0 0.0 0.365408104591156 0.32409776861853784 0.31049412679030614
9 165.0 0.0 -1.0 -1.0 -1.0 0.0 0.36343290344852724 0.325998150089383 0.31056894646208955
9 166.0 0.0 -1.0 -1.0 -1.0 0.0 0.3801310692470483 0.3236284346362236 0.29624049611672787
9 167.0 0.0 -1.0 -1.0 -1.0 0.0 0.38044774191786507 0.3309572669489507 0.28859499113318415
9 168.0 0.0 -1.0 -1.0 -1.0 0.0 0.37241095570970034 0.3171701384680918 0.31041890582220766
9 169.0 0.0 -1.0 -1.0 -1.0 0.0 0.33564659098142074 0.3381502677966172 0.32620314122196203
9 170.0 0.0 -1.0 -1.0 -1.0 0.0 0.3200798031624638 0.3339405181613931 0.345979678676143
9 171.0 0.0 -1.0 -1.0 -1.0 0.0 0.28138203867007916 0.33335711538908924 0.3852608459408319
9 172.0 0.0 -1.0 -1.0 -1.0 0.0 0.29389592024751304 0.34618858566010857 0.3599154940923784
9 173.0 0.0 -1.0 -1.0 -1.0 0.0 0.29251948151476825 0.3220355549947992 0.38544496349043267
9 174.0 0.0 -1.0 -1.0 -1.0 0.0 0.29741282054567525 0.35515838466367017 0.3474287947906545
9 175.0 0.0 -1.0 -1.0 -1.0 0.0 0.2996331813615417 0.3725592207244782 0.32780759791398006
9 176.0 0.0 -1.0 -1.0 -1.0 0.0 0.3153861802693605 0.3398318788969523 0.3447819408336874
9 177.0 0.0 -1.0 -1.0 -1.0 0.0 0.3271147298914186 0.350321612121017 0.32256365798756437
9 178.0 0.0 -1.0 -1.0 -1.0 0.0 0.3354899889806579 0.3611117516251206 0.3033982593942217
9 179.0 0.0 -1.0 -1.0 -1.0 0.0 0.34514382973618796 0.3647238129951616 0.2901323572686505
9 180.0 0.0 -1.0 -1.0 -1.0 0.0 0.35559343821184236 0.3538574589939044 0.2905491027942531
9 181.0 0.0 -1.0 -1.0 -1.0 0.0 0.3675733273818188 0.352061651992439 0.2803650206257424
9 182.0 0.0 -1.0 -1.0 -1.0 0.0 0.3810174438012768 0.32273542049197973 0.29624713570674344
9 183.0 0.0 -1.0 -1.0 -1.0 0.0 0.33432302127200586 0.33448143976368994 0.3311955389643042
9 184.0 0.0 -1.0 -1.0 -1.0 0.0 0.34080744663751034 0.31972735715486605 0.3394651962076237
9 185.0 0.0 -1.0 -1.0 -1.0 0.0 0.32684556158339156 0.3339995567478612 0.3391548816687472
9 186.0 0.0 -1.0 -1.0 -1.0 0.0 0.31025131009114704 0.3614306237652041 0.3283180661436489
9 187.0 0.0 -1.0 -1.0 -1.0 0.0 0.2927900922998724 0.3765207537029182 0.3306891539972093
9 188.0 0.0 -1.0 -1.0 -1.0 0.0 0.29406534127407924 0.33446157914676633 0.3714730795791541
9 189.0 0.0 -1.0 -1.0 -1.0 0.0 0.2945961090329371 0.31733895471129137 0.3880649362557716
9 190.0 0.0 -1.0 -1.0 -1.0 0.0 0.3147975747246953 0.29377953008569785 0.3914228951896071
9 191.0 0.0 -1.0 -1.0 -1.0 0.0 0.31146760999368145 0.31542157465164633 0.3731108153546722
9 192.0 0.0 -1.0 -1.0 -1.0 0.0 0.3174512228611922 0.3270257403792873 0.3555230367595208
9 193.0 0.0 -1.0 -1.0 -1.0 0.0 0.31858862910562036 0.3060449796030014 0.37536639129137833
9 194.0 0.0 -1.0 -1.0 -1.0 0.0 0.32353657169261135 0.31955420627076575 0.3569092220366229
9 195.0 0.0 -1.0 -1.0 -1.0 0.0 0.3300775506560211 0.3080073500325458 0.36191509931143323
9 196.0 0.0 -1.0 -1.0 -1.0 0.0 0.3521570203472748 0.3002416807496678 0.3476012989030576
9 197.0 0.0 -1.0 -1.0 -1.0 0.0 0.3344418127965991 0.2915484062003181 0.3740097810030829
9 198.0 0.0 -1.0 -1.0 -1.0 0.0 0.34028698985838124 0.3148158463214479 0.3448971638201707
9 199.0 0.0 -1.0 -1.0 -1.0 0.0 0.3339368752346817 0.3350916974229144 0.3309714273424039
9 200.0 0.0 -1.0 -1.0 -1.0 0.0 0.33362938466388464 0.33236004689594784 0.3340105684401675
9 201.0 0.0 -1.0 -1.0 -1.0 0.0 0.33920257251817326 0.3266517274273701 0.3341457000544568
9 202.0 0.0 -1.0 -1.0 -1.0 0.0 0.3376608109122482 0.32160197186896716 0.3407372172187846
9 203.0 0.0 -1.0 -1.0 -1.0 0.0 0.3245165488472939 0.33565157375412874 0.3398318773985774
9 204.0 0.0 -1.0 -1.0 -1.0 0.0 0.3022236171571025 0.33222073079613507 0.36555565204676244
9 205.0 0.0 -1.0 -1.0 -1.0 0.0 0.2984267976635344 0.35206210771318264 0.3495110946232829
9 206.0 0.0 -1.0 -1.0 -1.0 0.0 0.3109501045157351 0.3578622026370513 0.3311876928472135
9 207.0 0.0 -1.0 -1.0 -1.0 0.0 0.30910780206921185 0.37123502747281334 0.3196571704579744
9 208.0 0.0 -1.0 -1.0 -1.0 0.0 0.3239524518857166 0.3420435595391041 0.33400398857517927
9 209.0 0.0 -1.0 -1.0 -1.0 0.0 0.3147705660754641 0.3389130177029031 0.3463164162216328
9 210.0 0.0 -1.0 -1.0 -1.0 0.0 0.3328067281455431 0.3348748927383384 0.33231837911611856
9 211.0 0.0 -1.0 -1.0 -1.0 0.0 0.3174356510214559 0.3475424698264791 0.3350218791520652
9 212.0 0.0 -1.0 -1.0 -1.0 0.0 0.3189038848355136 0.3642602152087505 0.3168358999557357
9 213.0 0.0 -1.0 -1.0 -1.0 0.0 0.3165785737939013 0.35799660247603576 0.32542482373006265
9 214.0 0.0 -1.0 -1.0 -1.0 0.0 0.3381123164400714 0.358062837453201 0.30382484610672766
9 215.0 0.0 -1.0 -1.0 -1.0 0.0 0.33541777840286363 0.3569824360538397 0.30759978554329676
9 216.0 0.0 -1.0 -1.0 -1.0 0.0 0.3346377220248053 0.33590216686131313 0.3294601111138817
9 217.0 0.0 -1.0 -1.0 -1.0 0.0 0.3234403570776873 0.35218758897794294 0.3243720539443698
9 218.0 0.0 -1.0 -1.0 -1.0 0.0 0.3233116416285215 0.34717689464950957 0.32951146372196893
9 219.0 0.0 -1.0 -1.0 -1.0 0.0 0.3349777384733122 0.3333630515013044 0.33165921002538334
9 220.0 0.0 -1.0 -1.0 -1.0 0.0 0.3437370109198357 0.3314610908879066 0.32480189819225763
9 221.0 0.0 -1.0 -1.0 -1.0 0.0 0.36435351879416755 0.306725935665976 0.3289205455398565
9 222.0 0.0 -1.0 -1.0 -1.0 0.0 0.35617800007229883 0.33660724005976866 0.3072147598679329
9 223.0 0.0 -1.0 -1.0 -1.0 0.0 0.36119883427684923 0.32991947359079626 0.3088816921323544
9 224.0 0.0 -1.0 -1.0 -1.0 0.0 0.38302544192042226 0.30997858868536815 0.3069959693942094
9 225.0 0.0 -1.0 -1.0 -1.0 0.0 0.36517934160610943 0.33286325760520297 0.3019574007886875
9 226.0 0.0 -1.0 -1.0 -1.0 0.0 0.3482126616301832 0.34096901838153526 0.3108183199882815
9 227.0 0.0 -1.0 -1.0 -1.0 0.0 0.38848057159445915 0.3329859406399746 0.27853348776556647
9 228.0 0.0 -1.0 -1.0 -1.0 0.0 0.36167535825881003 0.3254133637535396 0.3129112779876502
9 229.0 0.0 -1.0 -1.0 -1.0 0.0 0.35010389577460593 0.32962120495544156 0.3202748992699524
9 230.0 0.0 -1.0 -1.0 -1.0 0.0 0.3564323113519571 0.3489487031522625 0.2946189854957805
9 231.0 0.0 -1.0 -1.0 -1.0 0.0 0.36597290183141423 0.34129193793180934 0.2927351602367766
9 232.0 0.0 -1.0 -1.0 -1.0 0.0 0.35028779513472685 0.3427192631542393 0.306992941711034
9 233.0 0.0 -1.0 -1.0 -1.0 0.0 0.361186748158938 0.323460058546693 0.3153531932943689
9 234.0 0.0 -1.0 -1.0 -1.0 0.0 0.32730255022893034 0.32413327223673877 0.3485641775343313
9 235.0 0.0 -1.0 -1.0 -1.0 0.0 0.34300988641481484 0.31781951488529314 0.339170598699892
9 236.0 0.0 -1.0 -1.0 -1.0 0.0 0.3245737652780159 0.3444170567251453 0.33100917799683877
9 237.0 0.0 -1.0 -1.0 -1.0 0.0 0.3153726711078051 0.36610538491956235 0.31852194397263267
9 238.0 0.0 -1.0 -1.0 -1.0 0.0 0.3401997437428205 0.3577175595689257 0.3020826966882538
9 239.0 0.0 -1.0 -1.0 -1.0 0.0 0.316967634925834 0.3342184447612284 0.34881392031293756
9 240.0 0.0 -1.0 -1.0 -1.0 0.0 0.3065385956979733 0.33979404294732446 0.3536673613547019
9 241.0 0.0 -1.0 -1.0 -1.0 0.0 0.2902854053800833 0.35099296682533 0.3587216277945865
9 242.0 0.0 -1.0 -1.0 -1.0 0.0 0.2806314999498188 0.35950851764382874 0.3598599824063525
9 243.0 0.0 -1.0 -1.0 -1.0 0.0 0.3128932596331641 0.360203444965135 0.32690329540170104
9 244.0 0.0 -1.0 -1.0 -1.0 0.0 0.3372400499115106 0.3356031743501864 0.327156775738303
9 245.0 0.0 -1.0 -1.0 -1.0 0.0 0.3226969710612366 0.3444756054470389 0.33282742349172456
9 246.0 0.0 -1.0 -1.0 -1.0 0.0 0.3101667841150342 0.3533009659221093 0.33653224996285663
9 247.0 0.0 -1.0 -1.0 -1.0 0.0 0.3109087451116551 0.36727573814401204 0.3218155167443325
9 248.0 0.0 -1.0 -1.0 -1.0 0.0 0.3093541733032686 0.3449650830200081 0.34568074367672336
9 249.0 0.0 -1.0 -1.0 -1.0 0.0 0.3225891374077723 0.35174851829530857 0.3256623442969191
9 250.0 0.0 -1.0 -1.0 -1.0 0.0 0.3613530057281856 0.3470230812399905 0.29162391303182406
9 251.0 0.0 -1.0 -1.0 -1.0 0.0 0.3412206059048708 0.3760599604752597 0.2827194336198695
9 252.0 0.0 -1.0 -1.0 -1.0 0.0 0.3193115215885032 0.3829377588636595 0.2977507195478373
9 253.0 0.0 -1.0 -1.0 -1.0 0.0 0.3172834529857229 0.3677021955546353 0.31501435145964174
9 254.0 0.0 -1.0 -1.0 -1.0 0.0 0.33276905073214214 0.33528408516287866 0.3319468641049792
9 255.0 0.0 -1.0 -1.0 -1.0 0.0 0.3446501894808492 0.3204497279498414 0.3349000825693094
9 256.0 0.0 -1.0 -1.0 -1.0 0.0 0.3303237385711136 0.345490931631096 0.3241853297977903
9 257.0 0.0 -1.0 -1.0 -1.0 0.0 0.3364823698209852 0.3403223609898305 0.32319526918918434
9 258.0 0.0 -1.0 -1.0 -1.0 0.0 0.34337742626487844 0.332462674853754 0.3241598988813676
9 259.0 0.0 -1.0 -1.0 -1.0 0.0 0.357809835516076 0.3250432032372174 0.31714696124670644
9 260.0 0.0 -1.0 -1.0 -1.0 0.0 0.3461015097426373 0.32488977044825956 0.32900871980910296
9 261.0 0.0 -1.0 -1.0 -1.0 0.0 0.3400895418694521 0.34302512607066993 0.3168853320598781
9 262.0 0.0 -1.0 -1.0 -1.0 0.0 0.3716938711934023 0.32007638739745475 0.30822974140914305
9 263.0 0.0 -1.0 -1.0 -1.0 0.0 0.3658919185545215 0.30934016196566305 0.32476791947981537
9 264.0 0.0 -1.0 -1.0 -1.0 0.0 0.35603044232494646 0.3144965677307867 0.32947298994426666
9 265.0 0.0 -1.0 -1.0 -1.0 0.0 0.3400007821082642 0.3191091759042546 0.3408900419874815
9 266.0 0.0 -1.0 -1.0 -1.0 0.0 0.30956383200933985 0.36762894510639543 0.32280722288426444
9 267.0 0.0 -1.0 -1.0 -1.0 0.0 0.2993389733453371 0.35677613679793047 0.3438848898567326
9 268.0 0.0 -1.0 -1.0 -1.0 0.0 0.31260585060396145 0.3384282012785394 0.348965948117499
9 269.0 0.0 -1.0 -1.0 -1.0 0.0 0.32214387442301506 0.3606282190906915 0.31722790648629345
9 270.0 0.0 -1.0 -1.0 -1.0 0.0 0.34056990455379194 0.3211211979702191 0.3383088974759888
9 271.0 0.0 -1.0 -1.0 -1.0 0.0 0.3251759227617355 0.33898331453227293 0.3358407627059914
9 272.0 0.0 -1.0 -1.0 -1.0 0.0 0.3190268074083235 0.3490868655982742 0.3318863269934023
9 273.0 0.0 -1.0 -1.0 -1.0 0.0 0.3250303493341277 0.3462324227648462 0.328737227901026
9 274.0 0.0 -1.0 -1.0 -1.0 0.0 0.328021229057401 0.35783848949460456 0.3141402814479945
9 275.0 0.0 -1.0 -1.0 -1.0 0.0 0.3254456749128668 0.3752604280073276 0.2992938970798055
9 276.0 0.0 -1.0 -1.0 -1.0 0.0 0.3464277255725072 0.37134900207512883 0.28222327235236394
9 277.0 0.0 -1.0 -1.0 -1.0 0.0 0.34414342053013436 0.3620535481581513 0.2938030313117142
9 278.0 0.0 -1.0 -1.0 -1.0 0.0 0.33967456053225076 0.3497462214673361 0.31057921800041316
9 279.0 0.0 -1.0 -1.0 -1.0 0.0 0.3394015168146791 0.35608328251713345 0.3045152006681876
9 280.0 0.0 -1.0 -1.0 -1.0 0.0 0.3202680412350293 0.35584893941212636 0.32388301935284447
9 281.0 0.0 -1.0 -1.0 -1.0 0.0 0.34738116179035283 0.3423669687158716 0.31025186949377564
9 282.0 0.0 -1.0 -1.0 -1.0 0.0 0.3355096054705687 0.343701287171033 0.32078910735839855
9 283.0 0.0 -1.0 -1.0 -1.0 0.0 0.3466038798095944 0.34095649639134007 0.31243962379906565
9 284.0 0.0 -1.0 -1.0 -1.0 0.0 0.3447233468632475 0.3475659799840494 0.30771067315270295
9 285.0 0.0 -1.0 -1.0 -1.0 0.0 0.3645442761461768 0.32824417087415975 0.30721155297966335
9 286.0 0.0 -1.0 -1.0 -1.0 0.0 0.36295993050141867 0.30741197163715045 0.32962809786143077
9 287.0 0.0 -1.0 -1.0 -1.0 0.0 0.3321473455012353 0.31807308311236343 0.3497795713864015
9 288.0 0.0 -1.0 -1.0 -1.0 0.0 0.34225753348388416 0.3260270013705686 0.3317154651455472
9 289.0 0.0 -1.0 -1.0 -1.0 0.0 0.3351895760023117 0.334030451654134 0.3307799723435543
9 290.0 0.0 -1.0 -1.0 -1.0 0.0 0.3199430694852055 0.33052813085323135 0.349528799661563
9 291.0 0.0 -1.0 -1.0 -1.0 0.0 0.3270119992032178 0.3298303352400054 0.3431576655567767
9 292.0 0.0 -1.0 -1.0 -1.0 0.0 0.3133942950593024 0.3460586994580717 0.34054700548262595
9 293.0 0.0 -1.0 -1.0 -1.0 0.0 0.2920765328353147 0.36970615720377337 0.3382173099609119
9 294.0 0.0 -1.0 -1.0 -1.0 0.0 0.305579611138943 0.3753540403413297 0.3190663485197275
9 295.0 0.0 -1.0 -1.0 -1.0 0.0 0.30091212410342605 0.3884392768558174 0.3106485990407565
9 296.0 0.0 -1.0 -1.0 -1.0 0.0 0.3091330945680083 0.3737475591930726 0.317119346238919
9 297.0 0.0 -1.0 -1.0 -1.0 0.0 0.32732837725634456 0.3732117998758372 0.29945982286781825
9 298.0 0.0 -1.0 -1.0 -1.0 0.0 0.3333993419075304 0.3700695281446024 0.29653112994786723
9 299.0 0.0 -1.0 -1.0 -1.0 0.0 0.3332709197334016 0.3621443112840042 0.30458476898259457
9 300.0 0.0 -1.0 -1.0 -1.0 0.0 0.34667341435995896 0.3345037442786697 0.3188228413613712
9 301.0 0.0 -1.0 -1.0 -1.0 0.0 0.3440375661494081 0.329090523331831 0.3268719105187607
9 302.0 0.0 -1.0 -1.0 -1.0 0.0 0.37105205066923874 0.30862856749539647 0.32031938183536485
9 303.0 0.0 -1.0 -1.0 -1.0 0.0 0.33097370464415227 0.33537685149967755 0.3336494438561701
9 304.0 0.0 -1.0 -1.0 -1.0 0.0 0.35151342171020006 0.3214110345488336 0.3270755437409663
9 305.0 0.0 -1.0 -1.0 -1.0 0.0 0.32598649935933777 0.33080752696276283 0.343205973677899
9 306.0 0.0 -1.0 -1.0 -1.0 0.0 0.3221467012414746 0.32685194843346166 0.35100135032506374
9 307.0 0.0 -1.0 -1.0 -1.0 0.0 0.3109597486354427 0.32552866884825193 0.3635115825163054
9 308.0 0.0 -1.0 -1.0 -1.0 0.0 0.2999376900055946 0.3144771549702278 0.3855851550241778
9 309.0 0.0 -1.0 -1.0 -1.0 0.0 0.31730458642703036 0.31647918571959777 0.3662162278533717
9 310.0 0.0 -1.0 -1.0 -1.0 0.0 0.3308611573157135 0.3548174552803865 0.31432138740390003
9 311.0 0.0 -1.0 -1.0 -1.0 0.0 0.34708975300949085 0.3397874650517068 0.31312278193880244
9 312.0 0.0 -1.0 -1.0 -1.0 0.0 0.3417482372160089 0.3407757683560304 0.3174759944279608
9 313.0 0.0 -1.0 -1.0 -1.0 0.0 0.3196119413712608 0.3316306727098655 0.34875738591887356
9 314.0 0.0 -1.0 -1.0 -1.0 0.0 0.3100111374691522 0.36702290324001324 0.3229659592908345
9 315.0 0.0 -1.0 -1.0 -1.0 0.0 0.30476927608420334 0.3792229671396964 0.3160077567761001
9 316.0 0.0 -1.0 -1.0 -1.0 0.0 0.3209847514198561 0.3529926789044937 0.3260225696756499
9 317.0 0.0 -1.0 -1.0 -1.0 0.0 0.33395964183428917 0.324106725999439 0.34193363216627193
9 318.0 0.0 -1.0 -1.0 -1.0 0.0 0.3162929817630734 0.3443176188733753 0.33938939936355134
9 319.0 0.0 -1.0 -1.0 -1.0 0.0 0.3322390815554214 0.34553980292528785 0.32222111551929106
9 320.0 0.0 -1.0 -1.0 -1.0 0.0 0.32895532214036716 0.35482100691542506 0.316223670944208
9 321.0 0.0 -1.0 -1.0 -1.0 0.0 0.313912436066936 0.3599844571107342 0.32610310682233
9 322.0 0.0 -1.0 -1.0 -1.0 0.0 0.3093169232682045 0.36351919063618093 0.32716388609561464
9 323.0 0.0 -1.0 -1.0 -1.0 0.0 0.3038076824546134 0.35792266207615164 0.33826965546923504
9 324.0 0.0 -1.0 -1.0 -1.0 0.0 0.31751214389627014 0.32511163685642264 0.3573762192473072
9 325.0 0.0 -1.0 -1.0 -1.0 0.0 0.32940386687580364 0.3110144087567432 0.3595817243674533
9 326.0 0.0 -1.0 -1.0 -1.0 0.0 0.36845447711689727 0.29853714183282165 0.33300838105028086
9 327.0 0.0 -1.0 -1.0 -1.0 0.0 0.37694920492534933 0.3020559136057719 0.32099488146887856
9 328.0 0.0 -1.0 -1.0 -1.0 0.0 0.35920161599357364 0.3190809633612873 0.32171742064513914
9 329.0 0.0 -1.0 -1.0 -1.0 0.0 0.33687417290464544 0.3303386073696303 0.33278721972572406
9 330.0 0.0 -1.0 -1.0 -1.0 0.0 0.32072004230293194 0.3624123768846572 0.31686758081241106
9 331.0 0.0 -1.0 -1.0 -1.0 0.0 0.3132966476736689 0.3573122600445236 0.3293910922818075
9 332.0 0.0 -1.0 -1.0 -1.0 0.0 0.3013340698809979 0.3545030004980134 0.3441629296209887
9 333.0 0.0 -1.0 -1.0 -1.0 0.0 0.2904303830573356 0.371657499643856 0.3379121172988085
9 334.0 0.0 -1.0 -1.0 -1.0 0.0 0.3163948853750046 0.39808315757761625 0.28552195704737904
9 335.0 0.0 -1.0 -1.0 -1.0 0.0 0.3221701957220271 0.36968193238848035 0.3081478718894925
9 336.0 0.0 -1.0 -1.0 -1.0 0.0 0.33735781021620714 0.3528220638830696 0.3098201259007228
9 337.0 0.0 -1.0 -1.0 -1.0 0.0 0.3597176523883487 0.3375142789571282 0.30276806865452305
9 338.0 0.0 -1.0 -1.0 -1.0 0.0 0.34538997013916956 0.3348696312785422 0.31974039858228837
9 339.0 0.0 -1.0 -1.0 -1.0 0.0 0.3164127923868427 0.37731146712128266 0.3062757404918744
9 340.0 0.0 -1.0 -1.0 -1.0 0.0 0.3314422104819497 0.3890603877149672 0.2794974018030831
9 341.0 0.0 -1.0 -1.0 -1.0 0.0 0.3183427252094368 0.36928358114525617 0.3123736936453069
9 342.0 0.0 -1.0 -1.0 -1.0 0.0 0.3444939935759841 0.3492150430383583 0.3062909633856576
9 343.0 0.0 -1.0 -1.0 -1.0 0.0 0.345270579615534 0.33842751239661034 0.3163019079878557
9 344.0 0.0 -1.0 -1.0 -1.0 0.0 0.3079249678492561 0.35204292245224705 0.34003210969849695
9 345.0 0.0 -1.0 -1.0 -1.0 0.0 0.3021613830360292 0.34363169918387754 0.35420691778009333
9 346.0 0.0 -1.0 -1.0 -1.0 0.0 0.3060139476805564 0.3349449843702661 0.35904106794917745
9 347.0 0.0 -1.0 -1.0 -1.0 0.0 0.2904653367976601 0.3324073699319216 0.3771272932704183
9 348.0 0.0 -1.0 -1.0 -1.0 0.0 0.28995528019366323 0.35520437922944054 0.3548403405768963
9 349.0 0.0 -1.0 -1.0 -1.0 0.0 0.3310163380536949 0.34997955434283445 0.31900410760347053
9 350.0 0.0 -1.0 -1.0 -1.0 0.0 0.33834568379025415 0.33048737537395145 0.331166940835794
9 351.0 0.0 -1.0 -1.0 -1.0 0.0 0.3479573687094551 0.3214770158853257 0.3305656154052191
9 352.0 0.0 -1.0 -1.0 -1.0 0.0 0.3415310383327125 0.3240310153406092 0.33443794632667834
9 353.0 0.0 -1.0 -1.0 -1.0 0.0 0.30483442357083534 0.33535623904777995 0.35980933738138476
9 354.0 0.0 -1.0 -1.0 -1.0 0.0 0.3038499254267618 0.3221587109908184 0.3739913635824199
9 355.0 0.0 -1.0 -1.0 -1.0 0.0 0.2892044693878646 0.3345239817876962 0.37627154882443925
9 356.0 0.0 -1.0 -1.0 -1.0 0.0 0.31082107809996173 0.34762054739727594 0.3415583745027624
9 357.0 0.0 -1.0 -1.0 -1.0 0.0 0.31627803764943413 0.32974448293398617 0.3539774794165796
9 358.0 0.0 -1.0 -1.0 -1.0 0.0 0.30196327237523635 0.32927680018410255 0.36875992744066116
9 359.0 0.0 -1.0 -1.0 -1.0 0.0 0.28551589972396213 0.3332794669274869 0.38120463334855076
9 360.0 0.0 -1.0 -1.0 -1.0 0.0 0.27631741143308447 0.34758807828762905 0.37609451027928675
9 361.0 0.0 -1.0 -1.0 -1.0 0.0 0.266636908270704 0.3381173122599205 0.39524577946937556
9 362.0 0.0 -1.0 -1.0 -1.0 0.0 0.284199423413357 0.3314182537677574 0.384382322818886
9 363.0 0.0 -1.0 -1.0 -1.0 0.0 0.30144822233223023 0.31448954672344437 0.3840622309443256
9 364.0 0.0 -1.0 -1.0 -1.0 0.0 0.32783234830390745 0.3003502744188109 0.37181737727728154
9 365.0 0.0 -1.0 -1.0 -1.0 0.0 0.3463791078368505 0.29697699719412457 0.3566438949690254
9 366.0 0.0 -1.0 -1.0 -1.0 0.0 0.3409076815709212 0.32320799779219117 0.33588432063688795
9 367.0 0.0 -1.0 -1.0 -1.0 0.0 0.31032362511020783 0.3243752555015436 0.36530111938824844
9 368.0 0.0 -1.0 -1.0 -1.0 0.0 0.3122724158449706 0.32405544422800253 0.3636721399270272
9 369.0 0.0 -1.0 -1.0 -1.0 0.0 0.3231924173743775 0.3240305561994473 0.3527770264261754
9 370.0 0.0 -1.0 -1.0 -1.0 0.0 0.3192056457675351 0.33242567434032294 0.3483686798921418
9 371.0 0.0 -1.0 -1.0 -1.0 0.0 0.3357137171382876 0.31040455155704216 0.35388173130467004
9 372.0 0.0 -1.0 -1.0 -1.0 0.0 0.35498747455054414 0.3163423094488937 0.32867021600056245
9 373.0 0.0 -1.0 -1.0 -1.0 0.0 0.36424429305583017 0.3156526771084655 0.3201030298357042
9 374.0 0.0 -1.0 -1.0 -1.0 0.0 0.3583308388761317 0.3170746639307164 0.32459449719315214
9 375.0 0.0 -1.0 -1.0 -1.0 0.0 0.3698215724657576 0.30766897312762387 0.3225094544066185
9 376.0 0.0 -1.0 -1.0 -1.0 0.0 0.3610426922008466 0.3497724380765209 0.2891848697226328
9 377.0 0.0 -1.0 -1.0 -1.0 0.0 0.3846065162986133 0.3288197381162902 0.2865737455850967
9 378.0 0.0 -1.0 -1.0 -1.0 0.0 0.3719740574097798 0.32347303158313906 0.30455291100708115
9 379.0 0.0 -1.0 -1.0 -1.0 0.0 0.35239243267161485 0.33344322169318164 0.31416434563520357
9 380.0 0.0 -1.0 -1.0 -1.0 0.0 0.3442263301779209 0.35283898207435144 0.30293468774772764
9 381.0 0.0 -1.0 -1.0 -1.0 0.0 0.36932316511324254 0.3334120421112333 0.29726479277552426
9 382.0 0.0 -1.0 -1.0 -1.0 0.0 0.3584125204665947 0.36661716265274813 0.2749703168806571
9 383.0 0.0 -1.0 -1.0 -1.0 0.0 0.3702814869873457 0.36176446255630706 0.26795405045634735
9 384.0 0.0 -1.0 -1.0 -1.0 0.0 0.34872750727805285 0.3688193443622694 0.2824531483596777
9 385.0 0.0 -1.0 -1.0 -1.0 0.0 0.3493629506940975 0.3542941332277641 0.2963429160781384
9 386.0 0.0 -1.0 -1.0 -1.0 0.0 0.35691393719999487 0.3454924647914068 0.29759359800859814
9 387.0 0.0 -1.0 -1.0 -1.0 0.0 0.35275737928761836 0.33635119305758204 0.3108914276547997
9 388.0 0.0 -1.0 -1.0 -1.0 0.0 0.3446715228828914 0.34506924221575663 0.31025923490135215
9 389.0 0.0 -1.0 -1.0 -1.0 0.0 0.32055025462696807 0.36529616768471646 0.31415357768831564
9 390.0 0.0 -1.0 -1.0 -1.0 0.0 0.31499694589436633 0.36689185200281765 0.31811120210281585
9 391.0 0.0 -1.0 -1.0 -1.0 0.0 0.30453649545609307 0.3922991734398383 0.3031643311040685
9 392.0 0.0 -1.0 -1.0 -1.0 0.0 0.32413124343361993 0.3777012154805188 0.2981675410858614
9 393.0 0.0 -1.0 -1.0 -1.0 0.0 0.3220432961982375 0.37387890271818136 0.3040778010835812
9 394.0 0.0 -1.0 -1.0 -1.0 0.0 0.334413421033351 0.3518506518340329 0.3137359271326161
9 395.0 0.0 -1.0 -1.0 -1.0 0.0 0.3138313703718229 0.35900544140281154 0.3271631882253654
9 396.0 0.0 -1.0 -1.0 -1.0 0.0 0.28989486451172797 0.33948142108685836 0.3706237144014139
9 397.0 0.0 -1.0 -1.0 -1.0 0.0 0.30665768956126394 0.3460243399583489 0.3473179704803874
9 398.0 0.0 -1.0 -1.0 -1.0 0.0 0.3301822587231594 0.3228905748345259 0.3469271664423147
9 399.0 0.0 -1.0 -1.0 -1.0 0.0 0.3219184549062863 0.33022449193502323 0.3478570531586908
9 400.0 0.0 -1.0 -1.0 -1.0 0.0 0.31429538775982896 0.3572430477485038 0.3284615644916674
9 401.0 0.0 -1.0 -1.0 -1.0 0.0 0.31301442639314664 0.34559190825541763 0.34139366535143556
9 402.0 0.0 -1.0 -1.0 -1.0 0.0 0.28516550562963455 0.35321029251432146 0.361624201856044
9 403.0 0.0 -1.0 -1.0 -1.0 0.0 0.29334369513878294 0.3683328378449647 0.33832346701625243
9 404.0 0.0 -1.0 -1.0 -1.0 0.0 0.30757542091703355 0.3658555010280502 0.3265690780549159
9 405.0 0.0 -1.0 -1.0 -1.0 0.0 0.28843679266336353 0.38550777139586223 0.3260554359407747
9 406.0 0.0 -1.0 -1.0 -1.0 0.0 0.2950493141565969 0.3528846892772078 0.3520659965661952
9 407.0 0.0 -1.0 -1.0 -1.0 0.0 0.3002504598154976 0.37608706289892846 0.32366247728557385
9 408.0 0.0 -1.0 -1.0 -1.0 0.0 0.3167253016377155 0.3265896139412255 0.35668508442105895
9 409.0 0.0 -1.0 -1.0 -1.0 0.0 0.3438675689650179 0.3324572602478022 0.3236751707871799
9 410.0 0.0 -1.0 -1.0 -1.0 0.0 0.3410280231276669 0.33666951109331905 0.32230246577901434
9 411.0 0.0 -1.0 -1.0 -1.0 0.0 0.3375262939737403 0.3123692326388957 0.35010447338736406
9 412.0 0.0 -1.0 -1.0 -1.0 0.0 0.33438341120498144 0.3299506663211369 0.3356659224738816
9 413.0 0.0 -1.0 -1.0 -1.0 0.0 0.3273490201857313 0.3316323609016858 0.3410186189125826
9 414.0 0.0 -1.0 -1.0 -1.0 0.0 0.32017085247046617 0.33643537275175484 0.3433937747777791
9 415.0 0.0 -1.0 -1.0 -1.0 0.0 0.31484174930402825 0.34283944559823337 0.34231880509773854
9 416.0 0.0 -1.0 -1.0 -1.0 0.0 0.32070372580109885 0.31493134795314226 0.36436492624575884
9 417.0 0.0 -1.0 -1.0 -1.0 0.0 0.32087725375149767 0.3228174713135355 0.3563052749349669
9 418.0 0.0 -1.0 -1.0 -1.0 0.0 0.33667137120022 0.33158271614625656 0.3317459126535235
9 419.0 0.0 -1.0 -1.0 -1.0 0.0 0.3094305200954523 0.3398529759818434 0.35071650392270404
9 420.0 0.0 -1.0 -1.0 -1.0 0.0 0.33659176602904994 0.320244276891555 0.3431639570793949
9 421.0 0.0 -1.0 -1.0 -1.0 0.0 0.33076031528916405 0.324844249415089 0.34439543529574684
9 422.0 0.0 -1.0 -1.0 -1.0 0.0 0.32582355382335704 0.3304288661764547 0.3437475800001883
9 423.0 0.0 -1.0 -1.0 -1.0 0.0 0.33433323511524393 0.3245875058810415 0.3410792590037142
9 424.0 0.0 -1.0 -1.0 -1.0 0.0 0.354912226202648 0.32931669574760664 0.31577107804974536
9 425.0 0.0 -1.0 -1.0 -1.0 0.0 0.35712916756584695 0.32695735673992715 0.3159134756942258
9 426.0 0.0 -1.0 -1.0 -1.0 0.0 0.3504209888840855 0.34041138439750107 0.30916762671841325
9 427.0 0.0 -1.0 -1.0 -1.0 0.0 0.33776054661204186 0.3441821190072937 0.3180573343806643
9 428.0 0.0 -1.0 -1.0 -1.0 0.0 0.32209806121649587 0.3449420648148262 0.3329598739686777
9 429.0 0.0 -1.0 -1.0 -1.0 0.0 0.3381345966412428 0.34470082989402456 0.31716457346473254
9 430.0 0.0 -1.0 -1.0 -1.0 0.0 0.3500236480323601 0.324773309587611 0.3252030423800292
9 431.0 0.0 -1.0 -1.0 -1.0 0.0 0.32348672081158303 0.34029050172657505 0.336222777461842
9 432.0 0.0 -1.0 -1.0 -1.0 0.0 0.28462285071919446 0.3469983691101279 0.3683787801706776
9 433.0 0.0 -1.0 -1.0 -1.0 0.0 0.2980676504723432 0.3505679504966514 0.35136439903100525
9 434.0 0.0 -1.0 -1.0 -1.0 0.0 0.3344207367915044 0.3423050916623918 0.323274171546104
9 435.0 0.0 -1.0 -1.0 -1.0 0.0 0.35091663974507514 0.33687658260099396 0.3122067776539308
9 436.0 0.0 -1.0 -1.0 -1.0 0.0 0.3517894553254956 0.3281447257812259 0.3200658188932784
9 437.0 0.0 -1.0 -1.0 -1.0 0.0 0.3620589794627515 0.34027711339829353 0.2976639071389552
9 438.0 0.0 -1.0 -1.0 -1.0 0.0 0.36501461414297 0.3171655839108821 0.31781980194614784
9 439.0 0.0 -1.0 -1.0 -1.0 0.0 0.33255458947372496 0.3386889391371224 0.32875647138915254
9 440.0 0.0 -1.0 -1.0 -1.0 0.0 0.30541577903988815 0.3692085533349476 0.3253756676251644
9 441.0 0.0 -1.0 -1.0 -1.0 0.0 0.33816959740032887 0.3617080595264108 0.30012234307326074
9 442.0 0.0 -1.0 -1.0 -1.0 0.0 0.32434909776679843 0.3593744149359244 0.31627648729727703
9 443.0 0.0 -1.0 -1.0 -1.0 0.0 0.32607658159608344 0.3418905550685634 0.33203286333535265
9 444.0 0.0 -1.0 -1.0 -1.0 0.0 0.31635563026090163 0.34856243541825976 0.33508193432083866
9 445.0 0.0 -1.0 -1.0 -1.0 0.0 0.28524312557614107 0.3687329117121636 0.34602396271169533
9 446.0 0.0 -1.0 -1.0 -1.0 0.0 0.3034447147973818 0.35194658332461315 0.344608701878005
9 447.0 0.0 -1.0 -1.0 -1.0 0.0 0.31727047683914783 0.32073248651524566 0.3619970366456067
9 448.0 0.0 -1.0 -1.0 -1.0 0.0 0.30401987419609255 0.3055639867877014 0.3904161390162058
9 449.0 0.0 -1.0 -1.0 -1.0 0.0 0.3261287751410383 0.29229987722219597 0.3815713476367658
9 450.0 0.0 -1.0 -1.0 -1.0 0.0 0.3269909834057288 0.3139686773082633 0.3590403392860078
9 451.0 0.0 -1.0 -1.0 -1.0 0.0 0.3094386655317631 0.32673108425568825 0.3638302502125486
9 452.0 0.0 -1.0 -1.0 -1.0 0.0 0.31504443745416744 0.3332823001631716 0.35167326238266094
9 453.0 0.0 -1.0 -1.0 -1.0 0.0 0.32961677026847963 0.3567221965229376 0.31366103320858274
9 454.0 0.0 -1.0 -1.0 -1.0 0.0 0.32647583204104924 0.337182271415894 0.33634189654305685
9 455.0 0.0 -1.0 -1.0 -1.0 0.0 0.3172085672191514 0.3200174117839967 0.36277402099685185
9 456.0 0.0 -1.0 -1.0 -1.0 0.0 0.3213174483855147 0.326724179112298 0.3519583725021874
9 457.0 0.0 -1.0 -1.0 -1.0 0.0 0.3055246517214012 0.3359172980793141 0.3585580501992846
9 458.0 0.0 -1.0 -1.0 -1.0 0.0 0.3204829502946277 0.3266150202838278 0.3529020294215445
9 459.0 0.0 -1.0 -1.0 -1.0 0.0 0.31081421221351185 0.33714856859481457 0.3520372191916735
9 460.0 0.0 -1.0 -1.0 -1.0 0.0 0.30462178202498746 0.3540241880983278 0.3413540298766848
9 461.0 0.0 -1.0 -1.0 -1.0 0.0 0.3052265462639951 0.3364237616729435 0.35834969206306133
9 462.0 0.0 -1.0 -1.0 -1.0 0.0 0.31489112394968766 0.3210694955774202 0.364039380472892
9 463.0 0.0 -1.0 -1.0 -1.0 0.0 0.337109221157343 0.317569741173571 0.345321037669086
9 464.0 0.0 -1.0 -1.0 -1.0 0.0 0.341371341561882 0.30065581017067855 0.3579728482674397
9 465.0 0.0 -1.0 -1.0 -1.0 0.0 0.3181491323673096 0.33656402033363003 0.34528684729906045
9 466.0 0.0 -1.0 -1.0 -1.0 0.0 0.3311977172541707 0.3204067612190783 0.34839552152675085
9 467.0 0.0 -1.0 -1.0 -1.0 0.0 0.3430249024591648 0.3068379478652358 0.3501371496755992
9 468.0 0.0 -1.0 -1.0 -1.0 0.0 0.30893249115807825 0.3238471404093638 0.3672203684325577
9 469.0 0.0 -1.0 -1.0 -1.0 0.0 0.3219825883334102 0.3536304586239309 0.32438695304265885
9 470.0 0.0 -1.0 -1.0 -1.0 0.0 0.3397749695224877 0.34619071169054605 0.3140343187869663
9 471.0 0.0 -1.0 -1.0 -1.0 0.0 0.31356099744096144 0.3555005551959799 0.33093844736305883
9 472.0 0.0 -1.0 -1.0 -1.0 0.0 0.3016431996570241 0.3648923689803001 0.3334644313626758
9 473.0 0.0 -1.0 -1.0 -1.0 0.0 0.31969255312189154 0.3496873542718761 0.3306200926062325
9 474.0 0.0 -1.0 -1.0 -1.0 0.0 0.32684860844481434 0.33990023219658466 0.33325115935860095
9 475.0 0.0 -1.0 -1.0 -1.0 0.0 0.34163656239410706 0.33418803114080636 0.32417540646508664
9 476.0 0.0 -1.0 -1.0 -1.0 0.0 0.32467097645997456 0.3417846625797339 0.33354436096029155
9 477.0 0.0 -1.0 -1.0 -1.0 0.0 0.3402187035940561 0.3249575529385724 0.3348237434673715
9 478.0 0.0 -1.0 -1.0 -1.0 0.0 0.30549459122967915 0.3490027778647946 0.34550263090552613
9 479.0 0.0 -1.0 -1.0 -1.0 0.0 0.3143673411244888 0.3549313849918053 0.3307012738837056
9 480.0 0.0 -1.0 -1.0 -1.0 0.0 0.33619547333614774 0.3433829200395182 0.32042160662433417
9 481.0 0.0 -1.0 -1.0 -1.0 0.0 0.33370965227144106 0.34097579278866247 0.3253145549398966
9 482.0 0.0 -1.0 -1.0 -1.0 0.0 0.3457781299552938 0.3374561840871877 0.3167656859575183
9 483.0 0.0 -1.0 -1.0 -1.0 0.0 0.33689318041339744 0.3481013757018471 0.31500544388475515
9 484.0 0.0 -1.0 -1.0 -1.0 0.0 0.3339229121169553 0.33380225517399986 0.33227483270904484
9 485.0 0.0 -1.0 -1.0 -1.0 0.0 0.3119281549736229 0.3472638687778398 0.3408079762485373
9 486.0 0.0 -1.0 -1.0 -1.0 0.0 0.3077621044726326 0.3430097936483948 0.34922810187897263
9 487.0 0.0 -1.0 -1.0 -1.0 0.0 0.31127894962564745 0.3416961101444629 0.3470249402298895
9 488.0 0.0 -1.0 -1.0 -1.0 0.0 0.2939222354513968 0.3588636597667956 0.3472141047818077
9 489.0 0.0 -1.0 -1.0 -1.0 0.0 0.2893938899036767 0.3527475601107344 0.35785854998558897
9 490.0 0.0 -1.0 -1.0 -1.0 0.0 0.30347795592502885 0.341044493643685 0.35547755043128626
9 491.0 0.0 -1.0 -1.0 -1.0 0.0 0.307713614838908 0.35017432619660305 0.3421120589644891
9 492.0 0.0 -1.0 -1.0 -1.0 0.0 0.3030370639926265 0.3610477524110338 0.3359151835963397
9 493.0 0.0 -1.0 -1.0 -1.0 0.0 0.3332973859857804 0.3541963594357023 0.31250625457851733
9 494.0 0.0 -1.0 -1.0 -1.0 0.0 0.33147877652765884 0.382532537013602 0.28598868645873937
9 495.0 0.0 -1.0 -1.0 -1.0 0.0 0.32548164243940286 0.36255761799415837 0.3119607395664386
9 496.0 0.0 -1.0 -1.0 -1.0 0.0 0.3404497213617117 0.3441976489643641 0.3153526296739241
9 497.0 0.0 -1.0 -1.0 -1.0 0.0 0.3463957904861633 0.35127958629652 0.30232462321731673
9 498.0 0.0 -1.0 -1.0 -1.0 0.0 0.35329127808569943 0.32499674152885816 0.321711980385442
9 499.0 0.0 -1.0 -1.0 -1.0 0.0 0.3406855533618296 0.324164632080207 0.335149814557963
9 500.0 0.0 -1.0 -1.0 -1.0 0.0 0.32454769668098166 0.3535591905393898 0.32189311277962873
9 501.0 0.0 -1.0 -1.0 -1.0 0.0 0.3080130500957057 0.33670810021534764 0.35527884968894674
9 502.0 0.0 -1.0 -1.0 -1.0 0.0 0.33360917720667155 0.3342772113370188 0.3321136114563096
9 503.0 0.0 -1.0 -1.0 -1.0 0.0 0.3386543520821361 0.3286848168363645 0.3326608310814994
9 504.0 0.0 -1.0 -1.0 -1.0 0.0 0.3549786896372949 0.3198091729399457 0.32521213742275945
9 505.0 0.0 -1.0 -1.0 -1.0 0.0 0.3600828406392362 0.29867202207941834 0.34124513728134587
9 506.0 0.0 -1.0 -1.0 -1.0 0.0 0.360889215407241 0.2940076812193815 0.3451031033733775
9 507.0 0.0 -1.0 -1.0 -1.0 0.0 0.3392167972265547 0.28296205519912965 0.37782114757431534
9 508.0 0.0 -1.0 -1.0 -1.0 0.0 0.35458178212178326 0.2809570684977254 0.3644611493804914
9 509.0 0.0 -1.0 -1.0 -1.0 0.0 0.36344201991663055 0.28810067510076925 0.3484573049826002
9 510.0 0.0 -1.0 -1.0 -1.0 0.0 0.3519720240076779 0.29621033041434086 0.3518176455779812
9 511.0 0.0 -1.0 -1.0 -1.0 0.0 0.34496006248329847 0.31255681201453445 0.34248312550216686
9 512.0 0.0 -1.0 -1.0 -1.0 0.0 0.34801663673817124 0.3224060011691063 0.3295773620927228
9 513.0 0.0 -1.0 -1.0 -1.0 0.0 0.35336773690106604 0.3001387540030704 0.3464935090958637
9 514.0 0.0 -1.0 -1.0 -1.0 0.0 0.35879245580079383 0.29812350408331706 0.3430840401158894
9 515.0 0.0 -1.0 -1.0 -1.0 0.0 0.34441589631176917 0.31570924712302323 0.3398748565652076
9 516.0 0.0 -1.0 -1.0 -1.0 0.0 0.3664012821723863 0.2974650291074946 0.3361336887201191
9 517.0 0.0 -1.0 -1.0 -1.0 0.0 0.33901459983267734 0.342537092983025 0.3184483071842977
9 518.0 0.0 -1.0 -1.0 -1.0 0.0 0.3264558831754008 0.34928732880658236 0.32425678801801694
9 519.0 0.0 -1.0 -1.0 -1.0 0.0 0.3288433685488424 0.35470436736477945 0.31645226408637817
9 520.0 0.0 -1.0 -1.0 -1.0 0.0 0.33911507021423437 0.33188703305782935 0.32899789672793617
9 521.0 0.0 -1.0 -1.0 -1.0 0.0 0.3365849962084086 0.3312912999580328 0.3321237038335585
9 522.0 0.0 -1.0 -1.0 -1.0 0.0 0.35313854495910263 0.3235534034397833 0.32330805160111403
9 523.0 0.0 -1.0 -1.0 -1.0 0.0 0.34568903934909934 0.3249083330684081 0.32940262758249245
9 524.0 0.0 -1.0 -1.0 -1.0 0.0 0.33866167879544856 0.3290638604639816 0.3322744607405699
9 525.0 0.0 -1.0 -1.0 -1.0 0.0 0.3396265821011509 0.3223208596294743 0.3380525582693747
9 526.0 0.0 -1.0 -1.0 -1.0 0.0 0.3348862949510278 0.3063702734743375 0.35874343157463473
9 527.0 0.0 -1.0 -1.0 -1.0 0.0 0.32551692632386986 0.32937107176561087 0.34511200191051933
9 528.0 0.0 -1.0 -1.0 -1.0 0.0 0.33215885635792863 0.34841333258433027 0.31942781105774104
9 529.0 0.0 -1.0 -1.0 -1.0 0.0 0.35210476514390093 0.3270119352345479 0.3208832996215512
9 530.0 0.0 -1.0 -1.0 -1.0 0.0 0.38012320584541226 0.3125238587035166 0.30735293545107106
9 531.0 0.0 -1.0 -1.0 -1.0 0.0 0.376653265671577 0.3131182432373634 0.31022849109105965
9 532.0 0.0 -1.0 -1.0 -1.0 0.0 0.3787211231694534 0.3191385996179843 0.3021402772125626
9 533.0 0.0 -1.0 -1.0 -1.0 0.0 0.38696207141350314 0.3028165504121151 0.31022137817438183
9 534.0 0.0 -1.0 -1.0 -1.0 0.0 0.38357421213168785 0.31703013289953347 0.29939565496877873
9 535.0 0.0 -1.0 -1.0 -1.0 0.0 0.3716231860117529 0.32067990290259657 0.30769691108565045
9 536.0 0.0 -1.0 -1.0 -1.0 0.0 0.35908276133787864 0.32191590059404407 0.31900133806807696
9 537.0 0.0 -1.0 -1.0 -1.0 0.0 0.3434627912060122 0.3517434024685487 0.30479380632543923
9 538.0 0.0 -1.0 -1.0 -1.0 0.0 0.3521083138529862 0.32037654826509454 0.32751513788191927
9 539.0 0.0 -1.0 -1.0 -1.0 0.0 0.35207292165027815 0.321674763231069 0.3262523151186525
9 540.0 0.0 -1.0 -1.0 -1.0 0.0 0.3307966174265443 0.3342779752636181 0.33492540730983755
9 541.0 0.0 -1.0 -1.0 -1.0 0.0 0.31951174917076824 0.3284390584020502 0.35204919242718125
9 542.0 0.0 -1.0 -1.0 -1.0 0.0 0.34059808755737203 0.3284457605388378 0.33095615190379035
9 543.0 0.0 -1.0 -1.0 -1.0 0.0 0.320916356504283 0.3458019128294743 0.3332817306662425
9 544.0 0.0 -1.0 -1.0 -1.0 0.0 0.33035803748801273 0.3376905318080769 0.3319514307039103
9 545.0 0.0 -1.0 -1.0 -1.0 0.0 0.3370022779611174 0.33274898567333033 0.3302487363655523
9 546.0 0.0 -1.0 -1.0 -1.0 0.0 0.3330331652114531 0.34750880804593676 0.31945802674261015
9 547.0 0.0 -1.0 -1.0 -1.0 0.0 0.32065672260172806 0.3560374108264409 0.3233058665718312
9 548.0 0.0 -1.0 -1.0 -1.0 0.0 0.30595676108103503 0.33537698749088224 0.35866625142808267
9 549.0 0.0 -1.0 -1.0 -1.0 0.0 0.33067233508353033 0.33279495039455026 0.3365327145219192
9 550.0 0.0 -1.0 -1.0 -1.0 0.0 0.3206229096601053 0.3279912309635919 0.35138585937630273
9 551.0 0.0 -1.0 -1.0 -1.0 0.0 0.30863806269368393 0.3093213339367334 0.38204060336958245
9 552.0 0.0 -1.0 -1.0 -1.0 0.0 0.3059599216158961 0.33917046475249807 0.3548696136316059
9 553.0 0.0 -1.0 -1.0 -1.0 0.0 0.32288575144513 0.3491347656531241 0.3279794829017459
9 554.0 0.0 -1.0 -1.0 -1.0 0.0 0.3284001413977511 0.3530025541765742 0.3185973044256748
9 555.0 0.0 -1.0 -1.0 -1.0 0.0 0.33401718772204986 0.36519463824828774 0.3007881740296621
9 556.0 0.0 -1.0 -1.0 -1.0 0.0 0.3481017214228519 0.3441774202158897 0.3077208583612584
9 557.0 0.0 -1.0 -1.0 -1.0 0.0 0.34045515076657645 0.33762208542822464 0.3219227638051989
9 558.0 0.0 -1.0 -1.0 -1.0 0.0 0.36263279727816417 0.31540438816019584 0.3219628145616402
9 559.0 0.0 -1.0 -1.0 -1.0 0.0 0.36102937651173805 0.3213503416879554 0.3176202818003066
9 560.0 0.0 -1.0 -1.0 -1.0 0.0 0.3592506826366252 0.3292984531339681 0.3114508642294067
9 561.0 0.0 -1.0 -1.0 -1.0 0.0 0.3815253998124187 0.3174921298148117 0.3009824703727697
9 562.0 0.0 -1.0 -1.0 -1.0 0.0 0.37235223406741175 0.3246463838240867 0.3030013821085014
9 563.0 0.0 -1.0 -1.0 -1.0 0.0 0.3652049702469572 0.3159933782257831 0.31880165152725953
9 564.0 0.0 -1.0 -1.0 -1.0 0.0 0.35292626277488215 0.3076720109471665 0.3394017262779513
9 565.0 0.0 -1.0 -1.0 -1.0 0.0 0.3550718259372135 0.30709073532526104 0.33783743873752536
9 566.0 0.0 -1.0 -1.0 -1.0 0.0 0.34281717377064835 0.306047529946733 0.3511352962826183
9 567.0 0.0 -1.0 -1.0 -1.0 0.0 0.3395670372425337 0.2996697625314109 0.3607632002260555
9 568.0 0.0 -1.0 -1.0 -1.0 0.0 0.3268038913775558 0.31647807104346337 0.3567180375789807
9 569.0 0.0 -1.0 -1.0 -1.0 0.0 0.3450618251500077 0.2947285140174713 0.36020966083252093
9 570.0 0.0 -1.0 -1.0 -1.0 0.0 0.33638392592215327 0.3043461178307084 0.3592699562471382
9 571.0 0.0 -1.0 -1.0 -1.0 0.0 0.3292853275016728 0.3277660132443593 0.3429486592539681
9 572.0 0.0 -1.0 -1.0 -1.0 0.0 0.341977744706526 0.3241773575468124 0.3338448977466617
9 573.0 0.0 -1.0 -1.0 -1.0 0.0 0.3261476538295106 0.32902701472839263 0.34482533144209654
9 574.0 0.0 -1.0 -1.0 -1.0 0.0 0.3108438691005324 0.33808774965933097 0.3510683812401371
9 575.0 0.0 -1.0 -1.0 -1.0 0.0 0.31126141664607343 0.35211063459843145 0.336627948755495
9 576.0 0.0 -1.0 -1.0 -1.0 0.0 0.3008150571316078 0.3495102478249612 0.349674695043431
9 577.0 0.0 -1.0 -1.0 -1.0 0.0 0.29331537333063556 0.35908503968477795 0.34759958698458654
9 578.0 0.0 -1.0 -1.0 -1.0 0.0 0.2961728675040257 0.37023459770331113 0.3335925347926631
9 579.0 0.0 -1.0 -1.0 -1.0 0.0 0.31398540055433094 0.3595774237151639 0.3264371757305052
9 580.0 0.0 -1.0 -1.0 -1.0 0.0 0.32380695367722906 0.3348066565847852 0.3413863897379858
9 581.0 0.0 -1.0 -1.0 -1.0 0.0 0.3201542905394758 0.3431497614953396 0.3366959479651846
9 582.0 0.0 -1.0 -1.0 -1.0 0.0 0.3005014895773361 0.34520278875535415 0.35429572166730994
9 583.0 0.0 -1.0 -1.0 -1.0 0.0 0.32718688404230195 0.35334822783735576 0.31946488812034224
9 584.0 0.0 -1.0 -1.0 -1.0 0.0 0.3178661143430503 0.3561097712199732 0.3260241144369765
9 585.0 0.0 -1.0 -1.0 -1.0 0.0 0.3228638603206901 0.33415033715064824 0.3429858025286618
9 586.0 0.0 -1.0 -1.0 -1.0 0.0 0.3070673739701636 0.34312267690389114 0.3498099491259452
9 587.0 0.0 -1.0 -1.0 -1.0 0.0 0.30510396844453447 0.3094131478078816 0.38548288374758394
9 588.0 0.0 -1.0 -1.0 -1.0 0.0 0.33529764604296153 0.31812552142451017 0.34657683253252847
9 589.0 0.0 -1.0 -1.0 -1.0 0.0 0.33493190546770335 0.3252061732799247 0.339861921252372
9 590.0 0.0 -1.0 -1.0 -1.0 0.0 0.3557970576921192 0.32205885150808816 0.32214409079979284
9 591.0 0.0 -1.0 -1.0 -1.0 0.0 0.3431797628977879 0.3393545153773509 0.317465721724861
9 592.0 0.0 -1.0 -1.0 -1.0 0.0 0.33377768990008194 0.33566562435210257 0.3305566857478155
9 593.0 0.0 -1.0 -1.0 -1.0 0.0 0.33535579734978777 0.3052921840038188 0.35935201864639343
9 594.0 0.0 -1.0 -1.0 -1.0 0.0 0.31516837187867086 0.3168423640124243 0.36798926410890465
9 595.0 0.0 -1.0 -1.0 -1.0 0.0 0.3340151524458303 0.27414011360020135 0.3918447339539681
9 596.0 0.0 -1.0 -1.0 -1.0 0.0 0.3067824028693145 0.314049839787117 0.3791677573435683
9 597.0 0.0 -1.0 -1.0 -1.0 0.0 0.3145425890457683 0.3324792574473397 0.35297815350689205
9 598.0 0.0 -1.0 -1.0 -1.0 0.0 0.346434203002268 0.3208168090746543 0.3327489879230777
9 599.0 0.0 -1.0 -1.0 -1.0 0.0 0.371956808806987 0.3362347146093318 0.29180847658368125
9 600.0 0.0 -1.0 -1.0 -1.0 0.0 0.3846451987638602 0.334314985197752 0.28103981603838785
9 601.0 0.0 -1.0 -1.0 -1.0 0.0 0.38697326686784383 0.32408645356525134 0.28894027956690477
9 602.0 0.0 -1.0 -1.0 -1.0 0.0 0.3667753768654138 0.33263305180303626 0.3005915713315498
9 603.0 0.0 -1.0 -1.0 -1.0 0.0 0.34411001894870763 0.33811371685181996 0.3177762641994722
9 604.0 0.0 -1.0 -1.0 -1.0 0.0 0.3774012586076988 0.35375562426058516 0.26884311713171605
9 605.0 0.0 -1.0 -1.0 -1.0 0.0 0.3730426552725021 0.3623422528853944 0.2646150918421034
9 606.0 0.0 -1.0 -1.0 -1.0 0.0 0.37216014335491593 0.35387294871321723 0.2739669079318668
9 607.0 0.0 -1.0 -1.0 -1.0 0.0 0.36549998560937547 0.3522062128721539 0.28229380151847056
9 608.0 0.0 -1.0 -1.0 -1.0 0.0 0.3589737668395965 0.35541731075051103 0.28560892240989255
9 609.0 0.0 -1.0 -1.0 -1.0 0.0 0.34540757532614513 0.3534977418285214 0.30109468284533386
9 610.0 0.0 -1.0 -1.0 -1.0 0.0 0.3011456106462124 0.37111030587911814 0.32774408347466943
9 611.0 0.0 -1.0 -1.0 -1.0 0.0 0.30703347185292107 0.3683856248857489 0.3245809032613298
9 612.0 0.0 -1.0 -1.0 -1.0 0.0 0.3371686533663128 0.3422754394664543 0.3205559071672328
9 613.0 0.0 -1.0 -1.0 -1.0 0.0 0.3729275626389093 0.34815126005988434 0.2789211773012064
9 614.0 0.0 -1.0 -1.0 -1.0 0.0 0.3480868149399384 0.35591651353255904 0.2959966715275026
9 615.0 0.0 -1.0 -1.0 -1.0 0.0 0.3408136187978213 0.364613616362492 0.2945727648396866
9 616.0 0.0 -1.0 -1.0 -1.0 0.0 0.32570302310952315 0.36353647150932367 0.3107605053811529
9 617.0 0.0 -1.0 -1.0 -1.0 0.0 0.3576837451713101 0.3420554001187864 0.3002608547099037
9 618.0 0.0 -1.0 -1.0 -1.0 0.0 0.3470752294210051 0.35971444417381965 0.29321032640517525
9 619.0 0.0 -1.0 -1.0 -1.0 0.0 0.335566259061705 0.3710113701750479 0.29342237076324695
9 620.0 0.0 -1.0 -1.0 -1.0 0.0 0.32149689698520695 0.35269847445348923 0.3258046285613036
9 621.0 0.0 -1.0 -1.0 -1.0 0.0 0.27733887669308255 0.3647065960910289 0.3579545272158886
9 622.0 0.0 -1.0 -1.0 -1.0 0.0 0.27720761227029805 0.3711158060319027 0.3516765816977994
9 623.0 0.0 -1.0 -1.0 -1.0 0.0 0.29266749548144144 0.3511459964371742 0.35618650808138436
9 624.0 0.0 -1.0 -1.0 -1.0 0.0 0.31623601924406214 0.34187749002773293 0.34188649072820465
9 625.0 0.0 -1.0 -1.0 -1.0 0.0 0.33195861478838107 0.33300396841480123 0.3350374167968175
9 626.0 0.0 -1.0 -1.0 -1.0 0.0 0.33115086790264736 0.33402763620411846 0.3348214958932341
9 627.0 0.0 -1.0 -1.0 -1.0 0.0 0.3383071696006765 0.3235041167348317 0.3381887136644915
9 628.0 0.0 -1.0 -1.0 -1.0 0.0 0.33094322200636517 0.3297784525216767 0.33927832547195824
9 629.0 0.0 -1.0 -1.0 -1.0 0.0 0.3298911858377069 0.32297535583536957 0.34713345832692355
9 630.0 0.0 -1.0 -1.0 -1.0 0.0 0.3213375181303176 0.3384844614489657 0.3401780204207167
9 631.0 0.0 -1.0 -1.0 -1.0 0.0 0.3180782756653438 0.34881028727386243 0.33311143706079377
9 632.0 0.0 -1.0 -1.0 -1.0 0.0 0.2976606959445673 0.3389279439248723 0.36341136013056
9 633.0 0.0 -1.0 -1.0 -1.0 0.0 0.29555747021807766 0.3325938679744762 0.3718486618074461
9 634.0 0.0 -1.0 -1.0 -1.0 0.0 0.2967756107693885 0.31905765106540235 0.3841667381652091
9 635.0 0.0 -1.0 -1.0 -1.0 0.0 0.32839169610180435 0.3371043417175696 0.334503962180626
9 636.0 0.0 -1.0 -1.0 -1.0 0.0 0.33496376316455867 0.33104339422972684 0.33399284260571427
9 637.0 0.0 -1.0 -1.0 -1.0 0.0 0.31210148909642343 0.3321865014676601 0.3557120094359166
9 638.0 0.0 -1.0 -1.0 -1.0 0.0 0.33003570818275674 0.3485675984965185 0.3213966933207248
9 639.0 0.0 -1.0 -1.0 -1.0 0.0 0.3050952920449147 0.3671698787925456 0.3277348291625393
9 640.0 0.0 -1.0 -1.0 -1.0 0.0 0.3258651988546452 0.3480600314426082 0.32607476970274646
9 641.0 0.0 -1.0 -1.0 -1.0 0.0 0.31410198644860243 0.3743372470182119 0.3115607665331857
9 642.0 0.0 -1.0 -1.0 -1.0 0.0 0.2914563758883241 0.3875981408849401 0.32094548322673583
9 643.0 0.0 -1.0 -1.0 -1.0 0.0 0.2790463846019746 0.4147143621881807 0.30623925320984474
9 644.0 0.0 -1.0 -1.0 -1.0 0.0 0.29698236604561756 0.39085094539519033 0.3121666885591919
9 645.0 0.0 -1.0 -1.0 -1.0 0.0 0.3007742684953128 0.37761758519468785 0.3216081463099995
9 646.0 0.0 -1.0 -1.0 -1.0 0.0 0.3356005834724883 0.33892476049795234 0.32547465602955944
9 647.0 0.0 -1.0 -1.0 -1.0 0.0 0.3128274564065957 0.34724885558610097 0.33992368800730316
9 648.0 0.0 -1.0 -1.0 -1.0 0.0 0.34753281461907415 0.32382317723958515 0.328644008141341
9 649.0 0.0 -1.0 -1.0 -1.0 0.0 0.36332495334636256 0.3108427556899317 0.32583229096370575
9 650.0 0.0 -1.0 -1.0 -1.0 0.0 0.3675439869064425 0.3041900545841882 0.3282659585093694
9 651.0 0.0 -1.0 -1.0 -1.0 0.0 0.36220008651873264 0.302847598495678 0.3349523149855894
9 652.0 0.0 -1.0 -1.0 -1.0 0.0 0.35736381271580453 0.2800455701150145 0.3625906171691808
9 653.0 0.0 -1.0 -1.0 -1.0 0.0 0.3606746476287902 0.2733005781102868 0.36602477426092295
9 654.0 0.0 -1.0 -1.0 -1.0 0.0 0.326311381422328 0.31426457286610177 0.3594240457115706
9 655.0 0.0 -1.0 -1.0 -1.0 0.0 0.32019418115491777 0.3232491302695394 0.35655668857554296
9 656.0 0.0 -1.0 -1.0 -1.0 0.0 0.31912545937581016 0.3498517189966032 0.33102282162758684
9 657.0 0.0 -1.0 -1.0 -1.0 0.0 0.3151960530962334 0.35160943390991756 0.33319451299384917
9 658.0 0.0 -1.0 -1.0 -1.0 0.0 0.3223725687895218 0.3455517275745622 0.3320757036359161
9 659.0 0.0 -1.0 -1.0 -1.0 0.0 0.31550903926347446 0.36031900188688304 0.32417195884964256
9 660.0 0.0 -1.0 -1.0 -1.0 0.0 0.3017671893361539 0.37704748218676143 0.32118532847708464
9 661.0 0.0 -1.0 -1.0 -1.0 0.0 0.28838845558998 0.4020602627897844 0.3095512816202357
9 662.0 0.0 -1.0 -1.0 -1.0 0.0 0.3108403260581303 0.37588602270045407 0.3132736512414157
9 663.0 0.0 -1.0 -1.0 -1.0 0.0 0.336410347172813 0.32115913316626327 0.34243051966092375
9 664.0 0.0 -1.0 -1.0 -1.0 0.0 0.3261708310531934 0.33184767382933594 0.3419814951174706
9 665.0 0.0 -1.0 -1.0 -1.0 0.0 0.3233658549157138 0.33009365682146574 0.3465404882628204
9 666.0 0.0 -1.0 -1.0 -1.0 0.0 0.314894866799267 0.34454746576364975 0.3405576674370834
9 667.0 0.0 -1.0 -1.0 -1.0 0.0 0.31309987482843377 0.3674557199578541 0.31944440521371215
9 668.0 0.0 -1.0 -1.0 -1.0 0.0 0.32862856379905486 0.36461832273441225 0.30675311346653256
9 669.0 0.0 -1.0 -1.0 -1.0 0.0 0.3364767029136555 0.3219803852960665 0.3415429117902782
9 670.0 0.0 -1.0 -1.0 -1.0 0.0 0.3496017538554544 0.30506000284947743 0.3453382432950683
9 671.0 0.0 -1.0 -1.0 -1.0 0.0 0.3597081804455642 0.33921277698606944 0.3010790425683665
9 672.0 0.0 -1.0 -1.0 -1.0 0.0 0.38307614879162555 0.2993559651312218 0.3175678860771527
9 673.0 0.0 -1.0 -1.0 -1.0 0.0 0.34447717101669484 0.31209933875636786 0.34342349022693747
9 674.0 0.0 -1.0 -1.0 -1.0 0.0 0.33414421946403755 0.29743481218926776 0.36842096834669463
9 675.0 0.0 -1.0 -1.0 -1.0 0.0 0.33106060817445027 0.2906658125713038 0.37827357925424576
9 676.0 0.0 -1.0 -1.0 -1.0 0.0 0.3452713470549726 0.2892194793717092 0.36550917357331797
9 677.0 0.0 -1.0 -1.0 -1.0 0.0 0.32950423301265147 0.2878456795897008 0.3826500873976474
9 678.0 0.0 -1.0 -1.0 -1.0 0.0 0.3218558409699548 0.3178619124099965 0.36028224662004826
9 679.0 0.0 -1.0 -1.0 -1.0 0.0 0.35461179861865794 0.3140389308966465 0.3313492704846956
9 680.0 0.0 -1.0 -1.0 -1.0 0.0 0.3749083672822166 0.30663860909524177 0.3184530236225416
9 681.0 0.0 -1.0 -1.0 -1.0 0.0 0.3780883744340289 0.30836172584980615 0.3135498997161648
9 682.0 0.0 -1.0 -1.0 -1.0 0.0 0.3716875001897384 0.31772118183724757 0.3105913179730138
9 683.0 0.0 -1.0 -1.0 -1.0 0.0 0.3614791086451469 0.3141001855957541 0.32442070575909926
9 684.0 0.0 -1.0 -1.0 -1.0 0.0 0.3539989736834507 0.3175349196640659 0.3284661066524835
9 685.0 0.0 -1.0 -1.0 -1.0 0.0 0.36978614198960363 0.32441907788028024 0.3057947801301161
9 686.0 0.0 -1.0 -1.0 -1.0 0.0 0.35199666415475 0.3264496639455704 0.3215536718996796
9 687.0 0.0 -1.0 -1.0 -1.0 0.0 0.3498002097204376 0.34187617802094683 0.3083236122586156
9 688.0 0.0 -1.0 -1.0 -1.0 0.0 0.33316340768185654 0.3376443354102793 0.3291922569078642
9 689.0 0.0 -1.0 -1.0 -1.0 0.0 0.3366537016234489 0.32119344547416334 0.34215285290238795
9 690.0 0.0 -1.0 -1.0 -1.0 0.0 0.3246639162580907 0.32111759439079185 0.35421848935111716
9 691.0 0.0 -1.0 -1.0 -1.0 0.0 0.33933008606080156 0.33515597718832363 0.325513936750875
9 692.0 0.0 -1.0 -1.0 -1.0 0.0 0.3604729240522855 0.3265804113360049 0.3129466646117095
9 693.0 0.0 -1.0 -1.0 -1.0 0.0 0.3745183314494045 0.3092336051381951 0.3162480634124002
9 694.0 0.0 -1.0 -1.0 -1.0 0.0 0.3654507588381877 0.30564098778112314 0.32890825338068913
9 695.0 0.0 -1.0 -1.0 -1.0 0.0 0.3506952181946162 0.3310889959835441 0.3182157858218396
9 696.0 0.0 -1.0 -1.0 -1.0 0.0 0.3711846429292704 0.31805820620531344 0.3107571508654163
9 697.0 0.0 -1.0 -1.0 -1.0 0.0 0.3723961124048034 0.3010714222023289 0.3265324653928677
9 698.0 0.0 -1.0 -1.0 -1.0 0.0 0.35293045930542816 0.31592327271454423 0.33114626798002766
9 699.0 0.0 -1.0 -1.0 -1.0 0.0 0.3754650995102229 0.31088093074114986 0.3136539697486272
9 700.0 0.0 -1.0 -1.0 -1.0 0.0 0.3724133821454331 0.31196620375887796 0.31562041409568875
9 701.0 0.0 -1.0 -1.0 -1.0 0.0 0.3607982134871993 0.32446062685491717 0.3147411596578833
9 702.0 0.0 -1.0 -1.0 -1.0 0.0 0.35851710048161145 0.3094596866753334 0.33202321284305525
9 703.0 0.0 -1.0 -1.0 -1.0 0.0 0.3805107682405856 0.29816943418836145 0.3213197975710528
9 704.0 0.0 -1.0 -1.0 -1.0 0.0 0.3969063133383829 0.2838899052712451 0.3192037813903719
9 705.0 0.0 -1.0 -1.0 -1.0 0.0 0.3613850464854032 0.27905906513314566 0.35955588838145147
9 706.0 0.0 -1.0 -1.0 -1.0 0.0 0.36425910091890407 0.29148780079556413 0.34425309828553147
9 707.0 0.0 -1.0 -1.0 -1.0 0.0 0.3550965816720065 0.30338872776901843 0.341514690558975
9 708.0 0.0 -1.0 -1.0 -1.0 0.0 0.33405189874682584 0.3057309960086313 0.3602171052445429
9 709.0 0.0 -1.0 -1.0 -1.0 0.0 0.3161268174221141 0.3286213704969926 0.35525181208089324
9 710.0 0.0 -1.0 -1.0 -1.0 0.0 0.3300118218254424 0.3113505225112267 0.35863765566333083
9 711.0 0.0 -1.0 -1.0 -1.0 0.0 0.34466875162843974 0.3388144222665926 0.31651682610496756
9 712.0 0.0 -1.0 -1.0 -1.0 0.0 0.3234575361077974 0.32933782303516135 0.347204640857041
9 713.0 0.0 -1.0 -1.0 -1.0 0.0 0.31580783157899817 0.3313978252728865 0.3527943431481155
9 714.0 0.0 -1.0 -1.0 -1.0 0.0 0.33590902086564745 0.3169735038318035 0.34711747530254916
9 715.0 0.0 -1.0 -1.0 -1.0 0.0 0.3538575131721265 0.3197810562510346 0.3263614305768386
9 716.0 0.0 -1.0 -1.0 -1.0 0.0 0.32999399390197504 0.32125599155841095 0.3487500145396139
9 717.0 0.0 -1.0 -1.0 -1.0 0.0 0.3655964000999191 0.31014423312133155 0.32425936677874945
9 718.0 0.0 -1.0 -1.0 -1.0 0.0 0.35889518743316917 0.31433906425653824 0.32676574831029265
9 719.0 0.0 -1.0 -1.0 -1.0 0.0 0.3453619584466919 0.32442637330865837 0.3302116682446497
9 720.0 0.0 -1.0 -1.0 -1.0 0.0 0.3539292241756863 0.3330257858660148 0.31304498995829905
9 721.0 0.0 -1.0 -1.0 -1.0 0.0 0.3249591864782998 0.31670839687190094 0.35833241664979937
9 722.0 0.0 -1.0 -1.0 -1.0 0.0 0.299940129666567 0.337466920504934 0.362592949828499
9 723.0 0.0 -1.0 -1.0 -1.0 0.0 0.291866072299161 0.34979293315136767 0.3583409945494714
9 724.0 0.0 -1.0 -1.0 -1.0 0.0 0.3117316719673534 0.35389049651861837 0.33437783151402817
9 725.0 0.0 -1.0 -1.0 -1.0 0.0 0.305043194182433 0.3482403867986058 0.34671641901896133
9 726.0 0.0 -1.0 -1.0 -1.0 0.0 0.2893461684044437 0.3439468027702215 0.36670702882533474
9 727.0 0.0 -1.0 -1.0 -1.0 0.0 0.2974326120495844 0.3400807585797515 0.362486629370664
9 728.0 0.0 -1.0 -1.0 -1.0 0.0 0.3192164731366801 0.3245762747096772 0.3562072521536427
9 729.0 0.0 -1.0 -1.0 -1.0 0.0 0.34784777343454343 0.33896231810757427 0.31318990845788197
9 730.0 0.0 -1.0 -1.0 -1.0 0.0 0.33498590024801134 0.3280783421291112 0.3369357576228773
9 731.0 0.0 -1.0 -1.0 -1.0 0.0 0.34494425965797915 0.32543381685263084 0.32962192348939
9 732.0 0.0 -1.0 -1.0 -1.0 0.0 0.3693894425322552 0.3271596569392011 0.30345090052854373
9 733.0 0.0 -1.0 -1.0 -1.0 0.0 0.3549033959234105 0.31514715710606855 0.329949446970521
9 734.0 0.0 -1.0 -1.0 -1.0 0.0 0.3342498163202006 0.3178104082259439 0.3479397754538555
9 735.0 0.0 -1.0 -1.0 -1.0 0.0 0.3286442124565888 0.3215918596891634 0.34976392785424815
9 736.0 0.0 -1.0 -1.0 -1.0 0.0 0.3485233780485645 0.2991043119597619 0.35237230999167374
9 737.0 0.0 -1.0 -1.0 -1.0 0.0 0.3168222677324614 0.32851420378436813 0.35466352848317034
9 738.0 0.0 -1.0 -1.0 -1.0 0.0 0.3433302945664601 0.32486481352204616 0.33180489191149365
9 739.0 0.0 -1.0 -1.0 -1.0 0.0 0.3706317351512427 0.2992566849481204 0.3301115799006369
9 740.0 0.0 -1.0 -1.0 -1.0 0.0 0.3628725592566815 0.2990454074800343 0.338082033263284
9 741.0 0.0 -1.0 -1.0 -1.0 0.0 0.3543058204428168 0.30891235155414515 0.3367818280030381
9 742.0 0.0 -1.0 -1.0 -1.0 0.0 0.3417193321503664 0.31481260840574654 0.3434680594438872
9 743.0 0.0 -1.0 -1.0 -1.0 0.0 0.3377771562932373 0.31666392906179114 0.34555891464497146
9 744.0 0.0 -1.0 -1.0 -1.0 0.0 0.3401336804659336 0.3189303613141966 0.3409359582198699
9 745.0 0.0 -1.0 -1.0 -1.0 0.0 0.3416775327924679 0.3268172287560705 0.3315052384514615
9 746.0 0.0 -1.0 -1.0 -1.0 0.0 0.328321861978634 0.3288380756469282 0.3428400623744377
9 747.0 0.0 -1.0 -1.0 -1.0 0.0 0.333721942521403 0.3334746623237854 0.3328033951548115
9 748.0 0.0 -1.0 -1.0 -1.0 0.0 0.338114600401285 0.33485418701701064 0.32703121258170426
9 749.0 0.0 -1.0 -1.0 -1.0 0.0 0.33501886732386876 0.3383836893991565 0.32659744327697476
9 750.0 0.0 -1.0 -1.0 -1.0 0.0 0.35108642548577346 0.34532790707234645 0.3035856674418802
9 751.0 0.0 -1.0 -1.0 -1.0 0.0 0.3395773257803297 0.3526071140928259 0.30781556012684436
9 752.0 0.0 -1.0 -1.0 -1.0 0.0 0.3782885127699558 0.3146319369122466 0.30707955031779766
9 753.0 0.0 -1.0 -1.0 -1.0 0.0 0.3560707497516915 0.3198859692439324 0.3240432810043762
9 754.0 0.0 -1.0 -1.0 -1.0 0.0 0.33136344779002114 0.34636101208120373 0.32227554012877513
9 755.0 0.0 -1.0 -1.0 -1.0 0.0 0.358046255576629 0.3212286635708616 0.32072508085250945
9 756.0 0.0 -1.0 -1.0 -1.0 0.0 0.3501353681013201 0.30858731690025804 0.3412773149984219
9 757.0 0.0 -1.0 -1.0 -1.0 0.0 0.3531247254435098 0.3451798214603315 0.30169545309615886
9 758.0 0.0 -1.0 -1.0 -1.0 0.0 0.3713694074676303 0.3250124297340014 0.3036181627983682
9 759.0 0.0 -1.0 -1.0 -1.0 0.0 0.347294519392746 0.3114457101754903 0.34125977043176364
9 760.0 0.0 -1.0 -1.0 -1.0 0.0 0.31876204157017546 0.3371930507838545 0.34404490764597023
9 761.0 0.0 -1.0 -1.0 -1.0 0.0 0.32832724175428646 0.32317956387294133 0.34849319437277193
9 762.0 0.0 -1.0 -1.0 -1.0 0.0 0.3342973156946404 0.3423471239574032 0.32335556034795604
9 763.0 0.0 -1.0 -1.0 -1.0 0.0 0.33622779901021693 0.3336495764300873 0.3301226245596957
9 764.0 0.0 -1.0 -1.0 -1.0 0.0 0.32306830300520006 0.3555003481928545 0.3214313488019453
9 765.0 0.0 -1.0 -1.0 -1.0 0.0 0.30620377253476755 0.37765955105018906 0.3161366764150435
9 766.0 0.0 -1.0 -1.0 -1.0 0.0 0.34111458079889106 0.34449020418932974 0.3143952150117794
9 767.0 0.0 -1.0 -1.0 -1.0 0.0 0.32959615069283715 0.34825513566712607 0.322148713640037
9 768.0 0.0 -1.0 -1.0 -1.0 0.0 0.34051125831022844 0.3336812410988516 0.32580750059091984
9 769.0 0.0 -1.0 -1.0 -1.0 0.0 0.3619266980014723 0.32168699301297293 0.31638630898555464
9 770.0 0.0 -1.0 -1.0 -1.0 0.0 0.34945382985957907 0.33031251974564024 0.32023365039478074
9 771.0 0.0 -1.0 -1.0 -1.0 0.0 0.34186677990636677 0.3246639616248398 0.3334692584687939
9 772.0 0.0 -1.0 -1.0 -1.0 0.0 0.3421433445958626 0.3357521379514001 0.3221045174527372
9 773.0 0.0 -1.0 -1.0 -1.0 0.0 0.3394208032092029 0.34925374140805027 0.3113254553827468
9 774.0 0.0 -1.0 -1.0 -1.0 0.0 0.3184356958270057 0.35105570577818596 0.33050859839480845
9 775.0 0.0 -1.0 -1.0 -1.0 0.0 0.3296721332308832 0.3520961320660686 0.31823173470304833
9 776.0 0.0 -1.0 -1.0 -1.0 0.0 0.3207414691275652 0.3693072381406528 0.309951292731782
9 777.0 0.0 -1.0 -1.0 -1.0 0.0 0.30874683039227735 0.34977568690705807 0.3414774827006643
9 778.0 0.0 -1.0 -1.0 -1.0 0.0 0.2919636358859716 0.3875996347342593 0.32043672937976914
9 779.0 0.0 -1.0 -1.0 -1.0 0.0 0.3107420172477559 0.34194807622005874 0.34730990653218535
9 780.0 0.0 -1.0 -1.0 -1.0 0.0 0.2920079419185498 0.3564369636562358 0.35155509442521443
9 781.0 0.0 -1.0 -1.0 -1.0 0.0 0.32035557866896014 0.34941360244655717 0.330230818884483
9 782.0 0.0 -1.0 -1.0 -1.0 0.0 0.34479833023719536 0.3432744941285398 0.31192717563426475
9 783.0 0.0 -1.0 -1.0 -1.0 0.0 0.3541554166319121 0.34216299711899917 0.30368158624908875
9 784.0 0.0 -1.0 -1.0 -1.0 0.0 0.3108533253143165 0.3643167855335267 0.32482988915215677
9 785.0 0.0 -1.0 -1.0 -1.0 0.0 0.31043254522883457 0.37617535677956354 0.3133920979916019
9 786.0 0.0 -1.0 -1.0 -1.0 0.0 0.3017995927053561 0.38916036285796435 0.3090400444366793
9 787.0 0.0 -1.0 -1.0 -1.0 0.0 0.3120014039972665 0.3586984953289616 0.32930010067377197
9 788.0 0.0 -1.0 -1.0 -1.0 0.0 0.28917163914267635 0.3755136932513573 0.33531466760596673
9 789.0 0.0 -1.0 -1.0 -1.0 0.0 0.25528734301588313 0.3825269806031946 0.362185676380922
9 790.0 0.0 -1.0 -1.0 -1.0 0.0 0.27287838775995094 0.37986957831574436 0.3472520339243046
9 791.0 0.0 -1.0 -1.0 -1.0 0.0 0.2906216856933965 0.36129114676008867 0.34808716754651464
9 792.0 0.0 -1.0 -1.0 -1.0 0.0 0.2954552873747254 0.3711593403546566 0.33338537227061804
9 793.0 0.0 -1.0 -1.0 -1.0 0.0 0.2864074100636978 0.384715574711613 0.3288770152246892
9 794.0 0.0 -1.0 -1.0 -1.0 0.0 0.29315292953688044 0.3783958757072235 0.3284511947558961
9 795.0 0.0 -1.0 -1.0 -1.0 0.0 0.30923265298669905 0.37117604526017545 0.3195913017531254
9 796.0 0.0 -1.0 -1.0 -1.0 0.0 0.31642460059020594 0.3652034460676958 0.31837195334209845
9 797.0 0.0 -1.0 -1.0 -1.0 0.0 0.28862127310124885 0.37468730677369033 0.3366914201250607
9 798.0 0.0 -1.0 -1.0 -1.0 0.0 0.2903257900533151 0.3480622234775658 0.3616119864691192
9 799.0 0.0 -1.0 -1.0 -1.0 0.0 0.3050191899189948 0.35194519155740595 0.3430356185235993
9 800.0 0.0 -1.0 -1.0 -1.0 0.0 0.3134426332360866 0.345971506238037 0.3405858605258763
9 801.0 0.0 -1.0 -1.0 -1.0 0.0 0.31070188230359747 0.3482403271420346 0.34105779055436786
9 802.0 0.0 -1.0 -1.0 -1.0 0.0 0.30075799165544714 0.36294246830639304 0.33629954003816
9 803.0 0.0 -1.0 -1.0 -1.0 0.0 0.30765064722753893 0.342552055037929 0.3497972977345319
9 804.0 0.0 -1.0 -1.0 -1.0 0.0 0.30850333212094694 0.3431059350430818 0.3483907328359714
9 805.0 0.0 -1.0 -1.0 -1.0 0.0 0.31697616611196855 0.32893235963083206 0.3540914742571993
9 806.0 0.0 -1.0 -1.0 -1.0 0.0 0.30541107847182497 0.33436986216999615 0.3602190593581789
9 807.0 0.0 -1.0 -1.0 -1.0 0.0 0.33164362925512575 0.3248428017395804 0.34351356900529384
9 808.0 0.0 -1.0 -1.0 -1.0 0.0 0.3454199782757438 0.31867680484906036 0.33590321687519586
9 809.0 0.0 -1.0 -1.0 -1.0 0.0 0.34303245997970605 0.33897165580610206 0.3179958842141921
9 810.0 0.0 -1.0 -1.0 -1.0 0.0 0.3702216615037399 0.332985718473122 0.2967926200231383
9 811.0 0.0 -1.0 -1.0 -1.0 0.0 0.3713379716527877 0.3223941421103983 0.30626788623681395
9 812.0 0.0 -1.0 -1.0 -1.0 0.0 0.32225624841524464 0.34719601063357736 0.330547740951178
9 813.0 0.0 -1.0 -1.0 -1.0 0.0 0.3112184855032634 0.32882130784975044 0.3599602066469859
9 814.0 0.0 -1.0 -1.0 -1.0 0.0 0.3210762989806967 0.33308624393267894 0.3458374570866247
9 815.0 0.0 -1.0 -1.0 -1.0 0.0 0.3325727458515694 0.3236968601059687 0.34373039404246186
9 816.0 0.0 -1.0 -1.0 -1.0 0.0 0.3156846027681714 0.3227604165004517 0.3615549807313771
9 817.0 0.0 -1.0 -1.0 -1.0 0.0 0.3409905846408971 0.32480624565133875 0.3342031697077641
9 818.0 0.0 -1.0 -1.0 -1.0 0.0 0.34106201050622237 0.3364487118506085 0.32248927764316915
9 819.0 0.0 -1.0 -1.0 -1.0 0.0 0.3473282862384323 0.30781257225768555 0.344859141503882
9 820.0 0.0 -1.0 -1.0 -1.0 0.0 0.3291278676994884 0.3436008712469382 0.3272712610535738
9 821.0 0.0 -1.0 -1.0 -1.0 0.0 0.32500548712633326 0.35340349434377544 0.32159101852989125
9 822.0 0.0 -1.0 -1.0 -1.0 0.0 0.3367705157918058 0.31355729293959933 0.3496721912685949
9 823.0 0.0 -1.0 -1.0 -1.0 0.0 0.3209625429266348 0.32292279058123874 0.35611466649212625
9 824.0 0.0 -1.0 -1.0 -1.0 0.0 0.31563041301963435 0.3238027919611114 0.36056679501925437
9 825.0 0.0 -1.0 -1.0 -1.0 0.0 0.3104679052279553 0.35002864379323684 0.3395034509788077
9 826.0 0.0 -1.0 -1.0 -1.0 0.0 0.29499953340474244 0.35279152614291875 0.3522089404523385
9 827.0 0.0 -1.0 -1.0 -1.0 0.0 0.3023769397548507 0.3429961458108697 0.3546269144342794
9 828.0 0.0 -1.0 -1.0 -1.0 0.0 0.31900039619055354 0.32348777067978324 0.35751183312966317
9 829.0 0.0 -1.0 -1.0 -1.0 0.0 0.3222445277837213 0.33650457694873565 0.34125089526754293
9 830.0 0.0 -1.0 -1.0 -1.0 0.0 0.3211368404902483 0.3399053163608653 0.33895784314888644
9 831.0 0.0 -1.0 -1.0 -1.0 0.0 0.3360683251010828 0.33814423364748214 0.3257874412514351
9 832.0 0.0 -1.0 -1.0 -1.0 0.0 0.34824394605547526 0.3354536226513199 0.3163024312932047
9 833.0 0.0 -1.0 -1.0 -1.0 0.0 0.33857283651439374 0.3596149222801132 0.3018122412054931
9 834.0 0.0 -1.0 -1.0 -1.0 0.0 0.3316284334970108 0.37714392606707386 0.29122764043591554
9 835.0 0.0 -1.0 -1.0 -1.0 0.0 0.3487763468911412 0.3593399617820409 0.2918836913268181
9 836.0 0.0 -1.0 -1.0 -1.0 0.0 0.36269511538471016 0.333370374961623 0.3039345096536667
9 837.0 0.0 -1.0 -1.0 -1.0 0.0 0.32236141507986 0.3549776535882152 0.32266093133192475
9 838.0 0.0 -1.0 -1.0 -1.0 0.0 0.3158575512004911 0.3663704609751777 0.31777198782433114
9 839.0 0.0 -1.0 -1.0 -1.0 0.0 0.2982129822522145 0.3916676687306243 0.3101193490171613
9 840.0 0.0 -1.0 -1.0 -1.0 0.0 0.342521073793519 0.3294196772527166 0.3280592489537639
9 841.0 0.0 -1.0 -1.0 -1.0 0.0 0.36034075710432595 0.3051867416077807 0.3344725012878932
9 842.0 0.0 -1.0 -1.0 -1.0 0.0 0.32630049351423673 0.3044854086763382 0.3692140978094248
9 843.0 0.0 -1.0 -1.0 -1.0 0.0 0.3258505419207635 0.3158843632080931 0.35826509487114366
9 844.0 0.0 -1.0 -1.0 -1.0 0.0 0.3209111968968613 0.30880871916248936 0.3702800839406492
9 845.0 0.0 -1.0 -1.0 -1.0 0.0 0.31451621491964943 0.32918014790507044 0.3563036371752803
9 846.0 0.0 -1.0 -1.0 -1.0 0.0 0.343456533849736 0.3285732612488318 0.3279702049014322
9 847.0 0.0 -1.0 -1.0 -1.0 0.0 0.31778168438963833 0.3428401083299917 0.3393782072803699
9 848.0 0.0 -1.0 -1.0 -1.0 0.0 0.334033990074541 0.3381042819876515 0.32786172793780727
9 849.0 0.0 -1.0 -1.0 -1.0 0.0 0.3394750186714852 0.34723529240369294 0.3132896889248215
9 850.0 0.0 -1.0 -1.0 -1.0 0.0 0.3279500205288419 0.34763098428638806 0.32441899518476985
9 851.0 0.0 -1.0 -1.0 -1.0 0.0 0.3321247994165853 0.3375124211148758 0.3303627794685391
9 852.0 0.0 -1.0 -1.0 -1.0 0.0 0.3374960758083582 0.30303432461524177 0.3594695995764002
9 853.0 0.0 -1.0 -1.0 -1.0 0.0 0.34661115723024827 0.30036467553828916 0.3530241672314625
9 854.0 0.0 -1.0 -1.0 -1.0 0.0 0.361546809846485 0.2865565466447244 0.35189664350879046
9 855.0 0.0 -1.0 -1.0 -1.0 0.0 0.3703548758342057 0.2885972331785356 0.3410478909872587
9 856.0 0.0 -1.0 -1.0 -1.0 0.0 0.3670176034612168 0.2962982060622825 0.3366841904765009
9 857.0 0.0 -1.0 -1.0 -1.0 0.0 0.30011063327462273 0.30659038390713444 0.393298982818243
9 858.0 0.0 -1.0 -1.0 -1.0 0.0 0.2785558676136532 0.31978286730957 0.4016612650767768
9 859.0 0.0 -1.0 -1.0 -1.0 0.0 0.2700979884823582 0.3396062917007015 0.3902957198169404
9 860.0 0.0 -1.0 -1.0 -1.0 0.0 0.2904504413637773 0.33975874451423216 0.3697908141219907
9 861.0 0.0 -1.0 -1.0 -1.0 0.0 0.2881301865884879 0.3340817660643777 0.3777880473471346
9 862.0 0.0 -1.0 -1.0 -1.0 0.0 0.2934579352156615 0.32270206306504384 0.38384000171929444
9 863.0 0.0 -1.0 -1.0 -1.0 0.0 0.3145631270773603 0.31808225092734393 0.36735462199529595
9 864.0 0.0 -1.0 -1.0 -1.0 0.0 0.2874804080543022 0.3414424239669976 0.37107716797870016
9 865.0 0.0 -1.0 -1.0 -1.0 0.0 0.29602763788371683 0.34081724162263305 0.36315512049365006
9 866.0 0.0 -1.0 -1.0 -1.0 0.0 0.3149369475871612 0.30949729438879137 0.3755657580240473
9 867.0 0.0 -1.0 -1.0 -1.0 0.0 0.3061985928021164 0.3125077585357258 0.3812936486621576
9 868.0 0.0 -1.0 -1.0 -1.0 0.0 0.31657499093857155 0.29546089151566846 0.38796411754575993
9 869.0 0.0 -1.0 -1.0 -1.0 0.0 0.30380849970538715 0.3212792407867152 0.3749122595078977
9 870.0 0.0 -1.0 -1.0 -1.0 0.0 0.32666026620291055 0.31443734264685597 0.3589023911502335
9 871.0 0.0 -1.0 -1.0 -1.0 0.0 0.30873207592165486 0.3135974947455361 0.37767042933280914
9 872.0 0.0 -1.0 -1.0 -1.0 0.0 0.33561944290072676 0.32368663152385 0.3406939255754231
9 873.0 0.0 -1.0 -1.0 -1.0 0.0 0.34947873905672144 0.3287634149546632 0.32175784598861523
9 874.0 0.0 -1.0 -1.0 -1.0 0.0 0.3619063499831765 0.3177249066811987 0.32036874333562493
9 875.0 0.0 -1.0 -1.0 -1.0 0.0 0.3551594994524489 0.3508493867290635 0.29399111381848764
9 876.0 0.0 -1.0 -1.0 -1.0 0.0 0.34121988702368844 0.34670799879398007 0.3120721141823314
9 877.0 0.0 -1.0 -1.0 -1.0 0.0 0.3522149195055828 0.3272098360136881 0.3205752444807294
9 878.0 0.0 -1.0 -1.0 -1.0 0.0 0.33305556237133976 0.34002908417089484 0.32691535345776546
9 879.0 0.0 -1.0 -1.0 -1.0 0.0 0.34894792207870223 0.32769610491374607 0.32335597300755176
9 880.0 0.0 -1.0 -1.0 -1.0 0.0 0.35723396175426203 0.3319016705020903 0.31086436774364745
9 881.0 0.0 -1.0 -1.0 -1.0 0.0 0.34088402446079463 0.3281981375063221 0.33091783803288327
9 882.0 0.0 -1.0 -1.0 -1.0 0.0 0.35841522155799455 0.32894702958855004 0.31263774885345547
9 883.0 0.0 -1.0 -1.0 -1.0 0.0 0.36018568595863526 0.3338698325784838 0.305944481462881
9 884.0 0.0 -1.0 -1.0 -1.0 0.0 0.35166000912660555 0.33569177611402684 0.31264821475936744
9 885.0 0.0 -1.0 -1.0 -1.0 0.0 0.34678394839675364 0.33047537956377837 0.32274067203946816
9 886.0 0.0 -1.0 -1.0 -1.0 0.0 0.34385533652597394 0.34088242299551885 0.31526224047850687
9 887.0 0.0 -1.0 -1.0 -1.0 0.0 0.32572467327013854 0.3633102255586961 0.3109651011711654
9 888.0 0.0 -1.0 -1.0 -1.0 0.0 0.3342902693186855 0.35855406855321237 0.3071556621281022
9 889.0 0.0 -1.0 -1.0 -1.0 0.0 0.3376027314963059 0.33597626062557623 0.32642100787811806
9 890.0 0.0 -1.0 -1.0 -1.0 0.0 0.34021689840425134 0.3169069781737497 0.3428761234219991
9 891.0 0.0 -1.0 -1.0 -1.0 0.0 0.35311982004580506 0.30067402939348237 0.34620615056071274
9 892.0 0.0 -1.0 -1.0 -1.0 0.0 0.36486938914806205 0.29032738809452446 0.3448032227574133
9 893.0 0.0 -1.0 -1.0 -1.0 0.0 0.3572981614724494 0.31830295930624564 0.3243988792213045
9 894.0 0.0 -1.0 -1.0 -1.0 0.0 0.3853622171469574 0.29636707841689386 0.31827070443614863
9 895.0 0.0 -1.0 -1.0 -1.0 0.0 0.36438882234085035 0.3142168088723516 0.32139436878679783
9 896.0 0.0 -1.0 -1.0 -1.0 0.0 0.3185086568005228 0.3414149860094911 0.3400763571899857
9 897.0 0.0 -1.0 -1.0 -1.0 0.0 0.33077570799809214 0.35522273862780196 0.3140015533741059
9 898.0 0.0 -1.0 -1.0 -1.0 0.0 0.35963708383246273 0.3110179326824591 0.32934498348507835
9 899.0 0.0 -1.0 -1.0 -1.0 0.0 0.34472896098548894 0.3064138963560722 0.3488571426584391
9 900.0 0.0 -1.0 -1.0 -1.0 0.0 0.36951995856198266 0.29909439904704976 0.3313856423909678
9 901.0 0.0 -1.0 -1.0 -1.0 0.0 0.39156572714152 0.29796165557211957 0.3104726172863607
9 902.0 0.0 -1.0 -1.0 -1.0 0.0 0.3696131068002503 0.30685725441773065 0.32352963878201896
9 903.0 0.0 -1.0 -1.0 -1.0 0.0 0.3368362475697447 0.3069583095093203 0.35620544292093514
9 904.0 0.0 -1.0 -1.0 -1.0 0.0 0.3511086193164431 0.3028576842381732 0.3460336964453837
9 905.0 0.0 -1.0 -1.0 -1.0 0.0 0.32788301871398917 0.332819567545769 0.33929741374024197
9 906.0 0.0 -1.0 -1.0 -1.0 0.0 0.34954974181430815 0.2928461555586615 0.35760410262703013
9 907.0 0.0 -1.0 -1.0 -1.0 0.0 0.3393738430176276 0.3089208463552241 0.3517053106271486
9 908.0 0.0 -1.0 -1.0 -1.0 0.0 0.33556448788138576 0.3262905650311419 0.3381449470874723
9 909.0 0.0 -1.0 -1.0 -1.0 0.0 0.3660423699552443 0.3283489510385323 0.30560867900622346
9 910.0 0.0 -1.0 -1.0 -1.0 0.0 0.3637158797386429 0.3191679833605978 0.31711613690075924
9 911.0 0.0 -1.0 -1.0 -1.0 0.0 0.3637592613074874 0.3287003458146621 0.3075403928778503
9 912.0 0.0 -1.0 -1.0 -1.0 0.0 0.33476542444181445 0.3421287588744314 0.3231058166837538
9 913.0 0.0 -1.0 -1.0 -1.0 0.0 0.32546200811097903 0.36425024502435177 0.31028774686466926
9 914.0 0.0 -1.0 -1.0 -1.0 0.0 0.31842316560814604 0.35438675630057626 0.32719007809127765
9 915.0 0.0 -1.0 -1.0 -1.0 0.0 0.30609635015389464 0.37301791814906593 0.32088573169703954
9 916.0 0.0 -1.0 -1.0 -1.0 0.0 0.2956889507542978 0.3561263838452028 0.34818466540049947
9 917.0 0.0 -1.0 -1.0 -1.0 0.0 0.32150738523604294 0.32751132911260256 0.3509812856513543
9 918.0 0.0 -1.0 -1.0 -1.0 0.0 0.33177629098264455 0.32374629369056507 0.3444774153267906
9 919.0 0.0 -1.0 -1.0 -1.0 0.0 0.31413511385257226 0.333231098903256 0.35263378724417194
9 920.0 0.0 -1.0 -1.0 -1.0 0.0 0.29670410870990993 0.33189990470995945 0.37139598658013084
9 921.0 0.0 -1.0 -1.0 -1.0 0.0 0.31145304950915254 0.33724408746970735 0.3513028630211402
9 922.0 0.0 -1.0 -1.0 -1.0 0.0 0.33770199765595843 0.3209349529511551 0.3413630493928866
9 923.0 0.0 -1.0 -1.0 -1.0 0.0 0.3352913960038131 0.30531059404572153 0.35939800995046517
9 924.0 0.0 -1.0 -1.0 -1.0 0.0 0.3393188512994356 0.3035477116471749 0.3571334370533894
9 925.0 0.0 -1.0 -1.0 -1.0 0.0 0.3073573448888967 0.311610383823138 0.3810322712879654
9 926.0 0.0 -1.0 -1.0 -1.0 0.0 0.3010160685135725 0.344117222789168 0.3548667086972592
9 927.0 0.0 -1.0 -1.0 -1.0 0.0 0.32944115162954773 0.34296792706636914 0.32759092130408335
9 928.0 0.0 -1.0 -1.0 -1.0 0.0 0.3464620551153167 0.35057384491572685 0.30296409996895685
9 929.0 0.0 -1.0 -1.0 -1.0 0.0 0.35230853293263015 0.35028865870178566 0.29740280836558425
9 930.0 0.0 -1.0 -1.0 -1.0 0.0 0.34250829029096574 0.3389522466556915 0.3185394630533427
9 931.0 0.0 -1.0 -1.0 -1.0 0.0 0.3489107381615999 0.33783984369004677 0.31324941814835344
9 932.0 0.0 -1.0 -1.0 -1.0 0.0 0.3778051330199762 0.32835543680554297 0.2938394301744808
9 933.0 0.0 -1.0 -1.0 -1.0 0.0 0.3670704346807437 0.339775583273026 0.29315398204623055
9 934.0 0.0 -1.0 -1.0 -1.0 0.0 0.37645721309526636 0.3263520574474342 0.2971907294572995
9 935.0 0.0 -1.0 -1.0 -1.0 0.0 0.375773385976959 0.3364412769271495 0.2877853370958914
9 936.0 0.0 -1.0 -1.0 -1.0 0.0 0.38721971478837475 0.33421770892789127 0.27856257628373404
9 937.0 0.0 -1.0 -1.0 -1.0 0.0 0.3589762611731962 0.3350529982002621 0.30597074062654206
9 938.0 0.0 -1.0 -1.0 -1.0 0.0 0.35833713288532615 0.32792353336481767 0.31373933374985613
9 939.0 0.0 -1.0 -1.0 -1.0 0.0 0.3712842247475872 0.31220974163614035 0.3165060336162724
9 940.0 0.0 -1.0 -1.0 -1.0 0.0 0.35422156249073494 0.34830188557466996 0.2974765519345952
9 941.0 0.0 -1.0 -1.0 -1.0 0.0 0.3450835383274242 0.34170733713269913 0.3132091245398763
9 942.0 0.0 -1.0 -1.0 -1.0 0.0 0.33777129063613864 0.331434506228302 0.3307942031355593
9 943.0 0.0 -1.0 -1.0 -1.0 0.0 0.32390359184631656 0.33793718707789927 0.3381592210757841
9 944.0 0.0 -1.0 -1.0 -1.0 0.0 0.3125805619192177 0.34796350699017664 0.33945593109060535
9 945.0 0.0 -1.0 -1.0 -1.0 0.0 0.32074710794956196 0.3320446829657416 0.34720820908469635
9 946.0 0.0 -1.0 -1.0 -1.0 0.0 0.3243146688934567 0.34122681589378134 0.334458515212762
9 947.0 0.0 -1.0 -1.0 -1.0 0.0 0.3314399819765336 0.33325834321681563 0.3353016748066506
9 948.0 0.0 -1.0 -1.0 -1.0 0.0 0.31803778972149876 0.32945756303307017 0.35250464724543107
9 949.0 0.0 -1.0 -1.0 -1.0 0.0 0.33062005884081747 0.32857320907308174 0.34080673208610074
9 950.0 0.0 -1.0 -1.0 -1.0 0.0 0.3144352941122284 0.35451062958604107 0.33105407630173056
9 951.0 0.0 -1.0 -1.0 -1.0 0.0 0.3158637399017314 0.3627894376325787 0.32134682246568985
9 952.0 0.0 -1.0 -1.0 -1.0 0.0 0.2970515018497714 0.396586810520435 0.3063616876297937
9 953.0 0.0 -1.0 -1.0 -1.0 0.0 0.3268303836278521 0.37930485765927896 0.2938647587128689
9 954.0 0.0 -1.0 -1.0 -1.0 0.0 0.3145213384443388 0.38135008578457574 0.3041285757710856
9 955.0 0.0 -1.0 -1.0 -1.0 0.0 0.2958214366534894 0.3940877064133676 0.3100908569331429
9 956.0 0.0 -1.0 -1.0 -1.0 0.0 0.31376295582075664 0.3824245257304923 0.3038125184487508
9 957.0 0.0 -1.0 -1.0 -1.0 0.0 0.33206769614375936 0.37528928275630385 0.29264302109993645
9 958.0 0.0 -1.0 -1.0 -1.0 0.0 0.33654786348803173 0.3635426243610155 0.2999095121509525
9 959.0 0.0 -1.0 -1.0 -1.0 0.0 0.33193855543095085 0.3705862887280788 0.29747515584097034
9 960.0 0.0 -1.0 -1.0 -1.0 0.0 0.31794002534424864 0.3818658612156286 0.3001941134401224
9 961.0 0.0 -1.0 -1.0 -1.0 0.0 0.3525244431299152 0.355034905342403 0.2924406515276816
9 962.0 0.0 -1.0 -1.0 -1.0 0.0 0.350344472818223 0.3656526455485913 0.28400288163318566
9 963.0 0.0 -1.0 -1.0 -1.0 0.0 0.3540204426907152 0.34105777805549053 0.30492177925379466
9 964.0 0.0 -1.0 -1.0 -1.0 0.0 0.34279441324255444 0.3472222808979724 0.3099833058594734
9 965.0 0.0 -1.0 -1.0 -1.0 0.0 0.2974312496384142 0.3675543749803846 0.3350143753812011
9 966.0 0.0 -1.0 -1.0 -1.0 0.0 0.32502367906473595 0.3310909273378308 0.34388539359743325
9 967.0 0.0 -1.0 -1.0 -1.0 0.0 0.3192993311101631 0.3182342484574194 0.3624664204324177
9 968.0 0.0 -1.0 -1.0 -1.0 0.0 0.3559832740505921 0.2980010918668909 0.346015634082517
9 969.0 0.0 -1.0 -1.0 -1.0 0.0 0.34998076151812973 0.2842096503635128 0.3658095881183574
9 970.0 0.0 -1.0 -1.0 -1.0 0.0 0.32044196041130624 0.31098741823067155 0.3685706213580221
9 971.0 0.0 -1.0 -1.0 -1.0 0.0 0.3291150979704851 0.3173445848723609 0.35354031715715384
9 972.0 0.0 -1.0 -1.0 -1.0 0.0 0.34278370344858045 0.3188455063439848 0.33837079020743466
9 973.0 0.0 -1.0 -1.0 -1.0 0.0 0.3344789501891878 0.3226942735403682 0.3428267762704442
9 974.0 0.0 -1.0 -1.0 -1.0 0.0 0.3460471464235057 0.3139872177857853 0.3399656357907088
9 975.0 0.0 -1.0 -1.0 -1.0 0.0 0.3446815467199814 0.2974430833465679 0.3578753699334506
9 976.0 0.0 -1.0 -1.0 -1.0 0.0 0.35464378019242526 0.3028662383231184 0.3424899814844566
9 977.0 0.0 -1.0 -1.0 -1.0 0.0 0.32427387025805277 0.30289277089657457 0.3728333588453729
9 978.0 0.0 -1.0 -1.0 -1.0 0.0 0.3102617488402309 0.29962906568981035 0.39010918546995876
9 979.0 0.0 -1.0 -1.0 -1.0 0.0 0.32237354913553046 0.3271552728234105 0.3504711780410593
9 980.0 0.0 -1.0 -1.0 -1.0 0.0 0.3479503216943683 0.32633487121259647 0.3257148070930354
9 981.0 0.0 -1.0 -1.0 -1.0 0.0 0.33764165100894233 0.30819398123427477 0.3541643677567832
9 982.0 0.0 -1.0 -1.0 -1.0 0.0 0.35015943997043975 0.30906096860126026 0.34077959142829983
9 983.0 0.0 -1.0 -1.0 -1.0 0.0 0.3419421759268767 0.30316219201868533 0.35489563205443814
9 984.0 0.0 -1.0 -1.0 -1.0 0.0 0.33450864881135567 0.3023065108718117 0.3631848403168327
9 985.0 0.0 -1.0 -1.0 -1.0 0.0 0.3353091150303484 0.3144920624569139 0.35019882251273754
9 986.0 0.0 -1.0 -1.0 -1.0 0.0 0.3477518072141112 0.2951697253112817 0.3570784674746072
9 987.0 0.0 -1.0 -1.0 -1.0 0.0 0.32936044270924875 0.3104790169775674 0.36016054031318345
9 988.0 0.0 -1.0 -1.0 -1.0 0.0 0.3353953512592179 0.30346276115001547 0.36114188759076654
9 989.0 0.0 -1.0 -1.0 -1.0 0.0 0.31091184982805553 0.33949961547570906 0.34958853469623513
9 990.0 0.0 -1.0 -1.0 -1.0 0.0 0.2925957168550479 0.37485544319866876 0.3325488399462835
9 991.0 0.0 -1.0 -1.0 -1.0 0.0 0.29551935751149083 0.35148932774255903 0.35299131474595
9 992.0 0.0 -1.0 -1.0 -1.0 0.0 0.3234789173005977 0.35005968149793487 0.3264614012014673
9 993.0 0.0 -1.0 -1.0 -1.0 0.0 0.3271475088814336 0.34960306733124996 0.3232494237873162
9 994.0 0.0 -1.0 -1.0 -1.0 0.0 0.3248576722834989 0.35913792985298487 0.3160043978635162
9 995.0 0.0 -1.0 -1.0 -1.0 0.0 0.31708726127898723 0.33742332646274625 0.3454894122582663
9 996.0 0.0 -1.0 -1.0 -1.0 0.0 0.30046164776245626 0.34405662416056415 0.35548172807697986
9 997.0 0.0 -1.0 -1.0 -1.0 0.0 0.33329514408834066 0.32186504715777053 0.34483980875388903
9 998.0 0.0 -1.0 -1.0 -1.0 0.0 0.3267762328471246 0.3223831560094251 0.3508406111434504
9 999.0 0.0 -1.0 -1.0 -1.0 0.0 0.33119222782284696 0.3086335675052581 0.360174204671895
9 1000.0 0.0 -1.0 -1.0 -1.0 0.0 0.3581483160798382 0.3238256035863882 0.3180260803337737
1000000000000000000000000000000000000000000000000000000000000000000000000000000000000000000000000000
-1.0
solo con 1: -100.0
