9 0.0 54.0 -36.0 -161.0 -96.93 49.725560973622166 0.3333333333333333 0.3333333333333333 0.3333333333333333
9 1.0 54.0 -36.0 -159.0 -78.31 45.846184424253096 0.2966948502117958 0.2716927646637044 0.4316123851244999
9 2.0 54.0 -36.0 -158.0 -66.34 40.22568152990642 0.28412320076356323 0.23934668767109632 0.4765301115653406
9 3.0 54.0 -36.0 -157.0 -57.78 34.57902090673892 0.2861864860860599 0.19465557560395527 0.5191579383099851
9 4.0 50.0 -34.0 -155.0 -52.24 30.98325386724287 0.26458419427444 0.16103560341732717 0.574380202308233
9 5.0 5.0 -31.0 -155.0 -47.87 28.370796978797074 0.2398930869060776 0.13747784096265606 0.6226290721312663
9 6.0 50.0 -27.0 -155.0 -42.85 25.011260090469886 0.22309939073232232 0.12960194580460993 0.6472986634630675
9 7.0 4.0 -27.0 -153.0 -38.84 22.949096062830243 0.20216048564967995 0.1232288292676001 0.6746106850827199
9 8.0 53.0 -23.0 -153.0 -35.89 23.58774506331025 0.184784286244333 0.11486821792974096 0.7003474958259264
9 9.0 21.0 -23.0 -153.0 -30.6 14.095632965101945 0.16321077207943044 0.11299454932571436 0.7237946785948556
9 10.0 21.0 -22.0 -153.0 -28.7 13.991700281512491 0.1635818006225774 0.10274231973370229 0.7336758796437206
9 11.0 14.0 -20.0 -153.0 -26.71 13.87774542862846 0.14618974065834744 0.11288542036152788 0.7409248389801248
9 12.0 14.0 -20.0 -153.0 -24.86 13.647821448972367 0.12995356622627927 0.09730966839619797 0.7727367653775226
9 13.0 22.0 -19.0 -42.0 -21.99 3.147854809070757 0.13205975047063728 0.09800903779251305 0.7699312117368496
9 14.0 49.0 -17.0 -37.0 -20.34 2.0460358321062264 0.12254847770674666 0.10024529468360649 0.7772062276096472
9 15.0 49.0 -16.0 -25.0 -19.15 1.4025589888385144 0.13248058924621012 0.10448388858944771 0.7630355221643421
9 16.0 14.0 -14.0 -22.0 -17.67 1.694047809183077 0.13228274140273263 0.0954001939231221 0.7723170646741455
9 17.0 48.0 -12.0 -22.0 -16.2 1.8312660520894704 0.12256885949589709 0.09672770972839809 0.7807034307757046
9 18.0 58.0 -11.0 -21.0 -14.73 1.7399349807891493 0.11246306948277635 0.09267223002169761 0.7948647004955258
9 19.0 10.0 -10.0 -19.0 -13.25 1.5658927811380325 0.11687473840877026 0.10456397069573027 0.7785612908954999
9 20.0 8.0 -9.0 -16.0 -11.93 1.3872070625337214 0.11043476571462935 0.09869735577509718 0.7908678785102734
9 21.0 8.0 -8.0 -16.0 -10.67 1.36370706887402 0.10839501719833824 0.08954430579181931 0.8020606770098426
9 22.0 8.0 -7.0 -13.0 -9.43 1.0660509586622235 0.10726259712466767 0.09361908426312883 0.7991183186122036
9 23.0 46.0 -6.0 -13.0 -8.58 1.1117371973445864 0.11709617888033447 0.10103425414412599 0.7818695669755397
9 24.0 26.0 -5.0 -13.0 -7.72 1.1983153157494044 0.11621109846547657 0.1047725645536592 0.7790163369808637
9 25.0 63.0 -4.0 -13.0 -6.65 1.3361712223190323 0.11431605228381393 0.09103624875170675 0.7946476989644793
9 26.0 5.0 -4.0 -9.0 -5.45 0.9679197729505723 0.11438724473922042 0.10116508938609707 0.7844476658746831
9 27.0 97.0 -2.0 -9.0 -4.58 1.046205264059331 0.11104136097169333 0.11058135273111577 0.778377286297191
9 28.0 34.0 -2.0 -7.0 -3.73 0.930460948002427 0.11969694860684223 0.10149963668459586 0.778803414708562
9 29.0 82.0 -1.0 -6.0 -3.07 0.7142842712828134 0.13899226027328238 0.12026876015243217 0.7407389795742856
9 30.0 5.0 -1.0 -4.0 -2.55 0.7017294652672372 0.14359321113617246 0.12824648262287622 0.7281603062409516
9 31.0 4.0 -1.0 -4.0 -2.03 0.7028800779936817 0.1430658220823838 0.1380074947863182 0.7189266831312977
9 32.0 0.0 -1.0 -4.0 -1.48 0.6587407638361198 0.1416915784184654 0.1532754947406356 0.7050329268408991
9 33.0 0.0 -1.0 -4.0 -1.19 0.5259911279353171 0.17771158311013577 0.17400671500785161 0.6482817018820128
9 34.0 0.0 -1.0 -4.0 -1.12 0.47736651315188344 0.21344333985168315 0.21455297119298156 0.5720036889553354
9 35.0 0.0 -1.0 -4.0 -1.1 0.4605661864718389 0.23511773322386695 0.25649002340845284 0.50839224336768
9 36.0 0.0 -1.0 -4.0 -1.09 0.4286459771622423 0.2732636531003192 0.23920496827081666 0.48753137862886403
9 37.0 0.0 -1.0 -4.0 -1.05 0.3588702812826365 0.2929289538839746 0.2646945859146819 0.4423764602013437
9 38.0 0.0 -1.0 -4.0 -1.05 0.3588702812826365 0.29712997789671336 0.2819918826137539 0.42087813948953284
9 39.0 0.0 -1.0 -4.0 -1.03 0.29999999999999977 0.30683191504732243 0.2913304003370001 0.4018376846156779
9 40.0 0.0 -1.0 -4.0 -1.03 0.29999999999999977 0.3271265177863266 0.30502556950121096 0.3678479127124624
9 41.0 0.0 -1.0 -4.0 -1.03 0.29999999999999977 0.3143906638530375 0.31374940283565067 0.3718599333113118
9 42.0 0.0 -1.0 -2.0 -1.01 0.09999999999999998 0.32211064906725867 0.33641315412639905 0.34147619680634217
9 43.0 0.0 -1.0 -2.0 -1.01 0.09999999999999998 0.3453670848056541 0.3515164277144401 0.3031164874799061
9 44.0 0.0 -1.0 -2.0 -1.01 0.09999999999999998 0.35164064301034303 0.3403073276020475 0.30805202938760934
9 45.0 0.0 -1.0 -1.0 -1.0 0.0 0.35110864301051076 0.3478655464071197 0.30102581058236944
9 46.0 0.0 -1.0 -1.0 -1.0 0.0 0.31456901759045947 0.3584102752280954 0.32702070718144505
9 47.0 0.0 -1.0 -1.0 -1.0 0.0 0.29687016795975785 0.3724583307551352 0.3306715012851073
9 48.0 0.0 -1.0 -1.0 -1.0 0.0 0.3230978863683266 0.34678126367272955 0.33012084995894375
9 49.0 0.0 -1.0 -1.0 -1.0 0.0 0.3496566964960875 0.3148185975154808 0.3355247059884319
9 50.0 0.0 -1.0 -1.0 -1.0 0.0 0.36013697001128825 0.3076382018057451 0.33222482818296656
9 51.0 0.0 -1.0 -1.0 -1.0 0.0 0.3600272987690421 0.28715209230107314 0.3528206089298848
9 52.0 0.0 -1.0 -1.0 -1.0 0.0 0.36519526408854425 0.28063295910792946 0.35417177680352624
9 53.0 0.0 -1.0 -1.0 -1.0 0.0 0.369598158849217 0.29763710222418344 0.3327647389265998
9 54.0 0.0 -1.0 -1.0 -1.0 0.0 0.38097021030212475 0.3023232181061976 0.316706571591678
9 55.0 0.0 -1.0 -1.0 -1.0 0.0 0.35351322337084423 0.3020246318873302 0.34446214474182524
9 56.0 0.0 -1.0 -1.0 -1.0 0.0 0.3573325049049252 0.294502649261141 0.348164845833934
9 57.0 0.0 -1.0 -1.0 -1.0 0.0 0.38208831826426026 0.27753790727054983 0.3403737744651898
9 58.0 0.0 -1.0 -1.0 -1.0 0.0 0.35567762378641127 0.301950854919765 0.3423715212938239
9 59.0 0.0 -1.0 -1.0 -1.0 0.0 0.3495697522481798 0.3131468822363794 0.3372833655154406
9 60.0 0.0 -1.0 -1.0 -1.0 0.0 0.34243592885731766 0.3244937004513834 0.333070370691299
9 61.0 0.0 -1.0 -1.0 -1.0 0.0 0.32984540189368666 0.3009520062532529 0.3692025918530604
9 62.0 0.0 -1.0 -1.0 -1.0 0.0 0.3083351094929828 0.3276508277977458 0.36401406270927134
9 63.0 0.0 -1.0 -1.0 -1.0 0.0 0.30545621580063903 0.3486715636037436 0.3458722205956174
9 64.0 0.0 -1.0 -1.0 -1.0 0.0 0.3114244772605298 0.3428935301854226 0.3456819925540474
9 65.0 0.0 -1.0 -1.0 -1.0 0.0 0.29235766383804807 0.36726007554958073 0.340382260612371
9 66.0 0.0 -1.0 -1.0 -1.0 0.0 0.3134229647980817 0.350435203450283 0.33614183175163537
9 67.0 0.0 -1.0 -1.0 -1.0 0.0 0.3053602943232809 0.35105696096464717 0.34358274471207184
9 68.0 0.0 -1.0 -1.0 -1.0 0.0 0.30408878800405253 0.37458950838204624 0.32132170361390144
9 69.0 0.0 -1.0 -1.0 -1.0 0.0 0.27583846204095247 0.3843940563388347 0.33976748162021286
9 70.0 0.0 -1.0 -1.0 -1.0 0.0 0.3062534816785098 0.36948375960519825 0.32426275871629223
9 71.0 0.0 -1.0 -1.0 -1.0 0.0 0.3039828641644112 0.3295280950261259 0.3664890408094631
9 72.0 0.0 -1.0 -1.0 -1.0 0.0 0.296144823730686 0.3424714167148839 0.3613837595544302
9 73.0 0.0 -1.0 -1.0 -1.0 0.0 0.28929364113016 0.3635930680485715 0.3471132908212687
9 74.0 0.0 -1.0 -1.0 -1.0 0.0 0.30480416328420984 0.3281575418484523 0.36703829486733786
9 75.0 0.0 -1.0 -1.0 -1.0 0.0 0.31962138580957317 0.324970984968109 0.3554076292223178
9 76.0 0.0 -1.0 -1.0 -1.0 0.0 0.3291467269003878 0.31116291490703685 0.35969035819257533
9 77.0 0.0 -1.0 -1.0 -1.0 0.0 0.334670472444591 0.3070326550376638 0.35829687251774517
9 78.0 0.0 -1.0 -1.0 -1.0 0.0 0.3144917594836662 0.31625155846145925 0.36925668205487455
9 79.0 0.0 -1.0 -1.0 -1.0 0.0 0.295797947869344 0.35604619049769654 0.34815586163295964
9 80.0 0.0 -1.0 -1.0 -1.0 0.0 0.30535110675685523 0.3750915320988415 0.3195573611443035
9 81.0 0.0 -1.0 -1.0 -1.0 0.0 0.2968152556046861 0.3783170990104694 0.32486764538484453
9 82.0 0.0 -1.0 -1.0 -1.0 0.0 0.30824460285221716 0.3786871817873121 0.3130682153604708
9 83.0 0.0 -1.0 -1.0 -1.0 0.0 0.3202713089918422 0.3580350771196557 0.32169361388850204
9 84.0 0.0 -1.0 -1.0 -1.0 0.0 0.3248703401011172 0.33487746454963946 0.3402521953492432
9 85.0 0.0 -1.0 -1.0 -1.0 0.0 0.3366383588330277 0.3341321638154007 0.32922947735157165
9 86.0 0.0 -1.0 -1.0 -1.0 0.0 0.3263844277450685 0.35158320915052216 0.3220323631044093
9 87.0 0.0 -1.0 -1.0 -1.0 0.0 0.30710663470001803 0.34622973986650846 0.3466636254334734
9 88.0 0.0 -1.0 -1.0 -1.0 0.0 0.3038257819281698 0.35463239714947475 0.3415418209223555
9 89.0 0.0 -1.0 -1.0 -1.0 0.0 0.3370214351904085 0.3524017552378724 0.31057680957171885
9 90.0 0.0 -1.0 -1.0 -1.0 0.0 0.3573291371244114 0.34857657238021056 0.29409429049537805
9 91.0 0.0 -1.0 -1.0 -1.0 0.0 0.35483515751004935 0.35677402057375734 0.2883908219161933
9 92.0 0.0 -1.0 -1.0 -1.0 0.0 0.335967248199248 0.3621351066391492 0.3018976451616027
9 93.0 0.0 -1.0 -1.0 -1.0 0.0 0.33649062719785017 0.34636511603069925 0.31714425677145036
9 94.0 0.0 -1.0 -1.0 -1.0 0.0 0.3139435714383479 0.35024122817714193 0.3358152003845101
9 95.0 0.0 -1.0 -1.0 -1.0 0.0 0.3275238062149549 0.35396638532079755 0.3185098084642473
9 96.0 0.0 -1.0 -1.0 -1.0 0.0 0.31891062944903953 0.365770068062716 0.31531930248824486
9 97.0 0.0 -1.0 -1.0 -1.0 0.0 0.29512076405963705 0.34652907820845813 0.3583501577319047
9 98.0 0.0 -1.0 -1.0 -1.0 0.0 0.3278957319218241 0.3402049582477214 0.33189930983045474
9 99.0 0.0 -1.0 -1.0 -1.0 0.0 0.33506989875896565 0.33936229283416447 0.3255678084068699
9 100.0 0.0 -1.0 -1.0 -1.0 0.0 0.3322411915113175 0.3244192569651587 0.34333955152352386
9 101.0 0.0 -1.0 -1.0 -1.0 0.0 0.34385986398451285 0.30812579910805743 0.3480143369074299
9 102.0 0.0 -1.0 -1.0 -1.0 0.0 0.3529238414253885 0.3156678420560797 0.3314083165185318
9 103.0 0.0 -1.0 -1.0 -1.0 0.0 0.35313703468054847 0.2920774426852501 0.3547855226342013
9 104.0 0.0 -1.0 -1.0 -1.0 0.0 0.343539811509641 0.29615284201049946 0.36030734647985974
9 105.0 0.0 -1.0 -1.0 -1.0 0.0 0.31448066276681635 0.33089910790527893 0.354620229327905
9 106.0 0.0 -1.0 -1.0 -1.0 0.0 0.3220397990680013 0.3480538564129256 0.32990634451907314
9 107.0 0.0 -1.0 -1.0 -1.0 0.0 0.31973349180958993 0.3363611535624312 0.343905354627979
9 108.0 0.0 -1.0 -1.0 -1.0 0.0 0.34976215907581243 0.32521811117824306 0.3250197297459447
9 109.0 0.0 -1.0 -1.0 -1.0 0.0 0.34087809988728984 0.34556845517112755 0.31355344494158266
9 110.0 0.0 -1.0 -1.0 -1.0 0.0 0.3476562769291272 0.32138374139977316 0.3309599816710998
9 111.0 0.0 -1.0 -1.0 -1.0 0.0 0.34288767681727156 0.33056733584566755 0.326544987337061
9 112.0 0.0 -1.0 -1.0 -1.0 0.0 0.3354223322121589 0.33201955444720904 0.332558113340632
9 113.0 0.0 -1.0 -1.0 -1.0 0.0 0.3307798654372504 0.34187659510317997 0.32734353945956973
9 114.0 0.0 -1.0 -1.0 -1.0 0.0 0.3269769744626766 0.34697633896385094 0.32604668657347263
9 115.0 0.0 -1.0 -1.0 -1.0 0.0 0.3300897268609297 0.35663121825863003 0.31327905488044033
9 116.0 0.0 -1.0 -1.0 -1.0 0.0 0.3130810848931176 0.3412858749084904 0.34563304019839225
9 117.0 0.0 -1.0 -1.0 -1.0 0.0 0.3293948910161407 0.33638831429659577 0.3342167946872635
9 118.0 0.0 -1.0 -1.0 -1.0 0.0 0.29550619690559954 0.35028272715366754 0.3542110759407329
9 119.0 0.0 -1.0 -1.0 -1.0 0.0 0.31383286357023804 0.3497554990190235 0.33641163741073854
9 120.0 0.0 -1.0 -1.0 -1.0 0.0 0.30672144056744144 0.35602686817518003 0.33725169125737836
9 121.0 0.0 -1.0 -1.0 -1.0 0.0 0.29500597158765507 0.3568545599133015 0.3481394684990435
9 122.0 0.0 -1.0 -1.0 -1.0 0.0 0.30222579489454215 0.34488063726404655 0.35289356784141135
9 123.0 0.0 -1.0 -1.0 -1.0 0.0 0.3207187087291743 0.3388158827034038 0.34046540856742197
9 124.0 0.0 -1.0 -1.0 -1.0 0.0 0.29694449749240887 0.37767111489036237 0.3253843876172288
9 125.0 0.0 -1.0 -1.0 -1.0 0.0 0.3129314413790197 0.38340705046021406 0.3036615081607662
9 126.0 0.0 -1.0 -1.0 -1.0 0.0 0.30970697520609547 0.3821852486238941 0.3081077761700106
9 127.0 0.0 -1.0 -1.0 -1.0 0.0 0.29364059352109234 0.3853192399854864 0.3210401664934212
9 128.0 0.0 -1.0 -1.0 -1.0 0.0 0.29588080632395647 0.38484644860180983 0.31927274507423353
9 129.0 0.0 -1.0 -1.0 -1.0 0.0 0.30065655025186866 0.38527447384102487 0.31406897590710664
9 130.0 0.0 -1.0 -1.0 -1.0 0.0 0.30982472159499785 0.36380234263750333 0.3263729357674987
9 131.0 0.0 -1.0 -1.0 -1.0 0.0 0.3021582673644348 0.37882010192382054 0.3190216307117445
9 132.0 0.0 -1.0 -1.0 -1.0 0.0 0.28217301503811554 0.3915332077813812 0.32629377718050306
9 133.0 0.0 -1.0 -1.0 -1.0 0.0 0.28915223153493314 0.39013181331836433 0.3207159551467024
9 134.0 0.0 -1.0 -1.0 -1.0 0.0 0.26869785704314514 0.37816152622326116 0.35314061673359376
9 135.0 0.0 -1.0 -1.0 -1.0 0.0 0.28783384215088675 0.3535961917477248 0.3585699661013885
9 136.0 0.0 -1.0 -1.0 -1.0 0.0 0.3172565955486391 0.32991057005380786 0.35283283439755303
9 137.0 0.0 -1.0 -1.0 -1.0 0.0 0.33782346242951933 0.32024509030271653 0.3419314472677645
9 138.0 0.0 -1.0 -1.0 -1.0 0.0 0.34794267213033 0.32362871912452074 0.32842860874514934
9 139.0 0.0 -1.0 -1.0 -1.0 0.0 0.3653814661880942 0.28842078837481755 0.34619774543708787
9 140.0 0.0 -1.0 -1.0 -1.0 0.0 0.3560713063138348 0.28546202315641017 0.3584666705297551
9 141.0 0.0 -1.0 -1.0 -1.0 0.0 0.342022641524768 0.2708816069939516 0.38709575148128045
9 142.0 0.0 -1.0 -1.0 -1.0 0.0 0.3320958864500874 0.2977224109271306 0.37018170262278205
9 143.0 0.0 -1.0 -1.0 -1.0 0.0 0.32686809642667436 0.3238362060853195 0.3492956974880059
9 144.0 0.0 -1.0 -1.0 -1.0 0.0 0.33113512988609 0.32985070328782745 0.33901416682608243
9 145.0 0.0 -1.0 -1.0 -1.0 0.0 0.32719348393799463 0.31834449390207503 0.3544620221599304
9 146.0 0.0 -1.0 -1.0 -1.0 0.0 0.3446868013513831 0.30292723778827896 0.352385960860338
9 147.0 0.0 -1.0 -1.0 -1.0 0.0 0.3314171546417654 0.31041386490463924 0.3581689804535953
9 148.0 0.0 -1.0 -1.0 -1.0 0.0 0.3266172716742207 0.2975014635679552 0.3758812647578242
9 149.0 0.0 -1.0 -1.0 -1.0 0.0 0.31904837324503627 0.31405145980381105 0.36690016695115274
9 150.0 0.0 -1.0 -1.0 -1.0 0.0 0.30562254586566306 0.3359999725901249 0.35837748154421223
9 151.0 0.0 -1.0 -1.0 -1.0 0.0 0.30729927179417865 0.3288738459652189 0.36382688224060244
9 152.0 0.0 -1.0 -1.0 -1.0 0.0 0.3344467941373329 0.3252482698794219 0.3403049359832454
9 153.0 0.0 -1.0 -1.0 -1.0 0.0 0.3490846972673857 0.3107269161083964 0.3401883866242179
9 154.0 0.0 -1.0 -1.0 -1.0 0.0 0.36633145096643077 0.315943004394733 0.3177255446388362
9 155.0 0.0 -1.0 -1.0 -1.0 0.0 0.33423000419621124 0.319676870603165 0.34609312520062374
9 156.0 0.0 -1.0 -1.0 -1.0 0.0 0.33989060580844965 0.32601217367595636 0.3340972205155937
9 157.0 0.0 -1.0 -1.0 -1.0 0.0 0.3355791644485268 0.32943538839439607 0.33498544715707723
9 158.0 0.0 -1.0 -1.0 -1.0 0.0 0.32351357462957286 0.333108164346983 0.3433782610234442
9 159.0 0.0 -1.0 -1.0 -1.0 0.0 0.3259717575542711 0.34711665151891297 0.3269115909268161
9 160.0 0.0 -1.0 -1.0 -1.0 0.0 0.35197002046526066 0.32782223747597866 0.3202077420587605
9 161.0 0.0 -1.0 -1.0 -1.0 0.0 0.3246858592110087 0.33923283763282375 0.33608130315616747
9 162.0 0.0 -1.0 -1.0 -1.0 0.0 0.32577249526449853 0.3190090819445723 0.35521842279092936
9 163.0 0.0 -1.0 -1.0 -1.0 0.0 0.3263128352989103 0.3313292440357704 0.34235792066531934
9 164.0 0.0 -1.0 -1.0 -1.0 0.0 0.3290307989948626 0.33157911171332377 0.33939008929181336
9 165.0 0.0 -1.0 -1.0 -1.0 0.0 0.32171703413500496 0.35371198072321536 0.32457098514178
9 166.0 0.0 -1.0 -1.0 -1.0 0.0 0.3243276539270284 0.3163754536349368 0.3592968924380351
9 167.0 0.0 -1.0 -1.0 -1.0 0.0 0.3598135075990258 0.3021779052792655 0.33800858712170895
9 168.0 0.0 -1.0 -1.0 -1.0 0.0 0.35631749037005706 0.3000733413668962 0.34360916826304655
9 169.0 0.0 -1.0 -1.0 -1.0 0.0 0.36882127474698356 0.28549726456792873 0.34568146068508737
9 170.0 0.0 -1.0 -1.0 -1.0 0.0 0.3598524231218092 0.28004954672669163 0.3600980301514992
9 171.0 0.0 -1.0 -1.0 -1.0 0.0 0.319858143495091 0.30372685456299314 0.37641500194191585
9 172.0 0.0 -1.0 -1.0 -1.0 0.0 0.33235821177124 0.29862190023712265 0.3690198879916375
9 173.0 0.0 -1.0 -1.0 -1.0 0.0 0.3379536323331852 0.31520685109719115 0.3468395165696239
9 174.0 0.0 -1.0 -1.0 -1.0 0.0 0.32432631072767343 0.322688377586182 0.3529853116861444
9 175.0 0.0 -1.0 -1.0 -1.0 0.0 0.3657135926273392 0.3020553755369594 0.3322310318357016
9 176.0 0.0 -1.0 -1.0 -1.0 0.0 0.30730105286863835 0.3298654154868798 0.362833531644482
9 177.0 0.0 -1.0 -1.0 -1.0 0.0 0.33608170601650733 0.31485445244388904 0.3490638415396035
9 178.0 0.0 -1.0 -1.0 -1.0 0.0 0.34113709628294747 0.32750444180241706 0.33135846191463536
9 179.0 0.0 -1.0 -1.0 -1.0 0.0 0.33762000802936093 0.3332143229927545 0.32916566897788435
9 180.0 0.0 -1.0 -1.0 -1.0 0.0 0.3237900361418242 0.3332625209333615 0.3429474429248141
9 181.0 0.0 -1.0 -1.0 -1.0 0.0 0.33949123454843577 0.3433664994541015 0.31714226599746265
9 182.0 0.0 -1.0 -1.0 -1.0 0.0 0.3301803297344225 0.33006897757371545 0.3397506926918624
9 183.0 0.0 -1.0 -1.0 -1.0 0.0 0.3435060273223889 0.32306330930692995 0.33343066337068117
9 184.0 0.0 -1.0 -1.0 -1.0 0.0 0.3363590352431188 0.30610551279230586 0.35753545196457565
9 185.0 0.0 -1.0 -1.0 -1.0 0.0 0.3260808160144324 0.29812913288028037 0.37579005110528696
9 186.0 0.0 -1.0 -1.0 -1.0 0.0 0.3413341147586235 0.3168631027033973 0.3418027825379791
9 187.0 0.0 -1.0 -1.0 -1.0 0.0 0.35031341841700064 0.29819224259597427 0.35149433898702503
9 188.0 0.0 -1.0 -1.0 -1.0 0.0 0.3446152380980847 0.29888441387349746 0.35650034802841774
9 189.0 0.0 -1.0 -1.0 -1.0 0.0 0.34433600560590955 0.31503693089749324 0.34062706349659727
9 190.0 0.0 -1.0 -1.0 -1.0 0.0 0.3698473968889804 0.3089782452635944 0.321174357847425
9 191.0 0.0 -1.0 -1.0 -1.0 0.0 0.3406034256223899 0.3362200874078053 0.3231764869698047
9 192.0 0.0 -1.0 -1.0 -1.0 0.0 0.3290317765133377 0.3479245375126532 0.3230436859740094
9 193.0 0.0 -1.0 -1.0 -1.0 0.0 0.31830467888558117 0.33764619805580715 0.3440491230586116
9 194.0 0.0 -1.0 -1.0 -1.0 0.0 0.3258701176330427 0.34198648170109214 0.3321434006658657
9 195.0 0.0 -1.0 -1.0 -1.0 0.0 0.32579626217838525 0.34153733719548784 0.33266640062612707
9 196.0 0.0 -1.0 -1.0 -1.0 0.0 0.29247250117019563 0.3792672135679676 0.328260285261837
9 197.0 0.0 -1.0 -1.0 -1.0 0.0 0.30063412065368394 0.3837502027149769 0.315615676631339
9 198.0 0.0 -1.0 -1.0 -1.0 0.0 0.3022237529071379 0.37779622164186333 0.31998002545099863
9 199.0 0.0 -1.0 -1.0 -1.0 0.0 0.33166548458948164 0.34595072660028814 0.3223837888102301
9 200.0 0.0 -1.0 -1.0 -1.0 0.0 0.3376256266098783 0.35954608533372423 0.3028282880563973
9 201.0 0.0 -1.0 -1.0 -1.0 0.0 0.3233153906187268 0.38201645289412395 0.2946681564871492
9 202.0 0.0 -1.0 -1.0 -1.0 0.0 0.3142781637184717 0.3531572888066993 0.3325645474748291
9 203.0 0.0 -1.0 -1.0 -1.0 0.0 0.30962914711731876 0.34547407459341706 0.3448967782892641
9 204.0 0.0 -1.0 -1.0 -1.0 0.0 0.3181645174246465 0.3402573430768239 0.3415781394985297
9 205.0 0.0 -1.0 -1.0 -1.0 0.0 0.3275791181409178 0.3056561219793234 0.36676475987975893
9 206.0 0.0 -1.0 -1.0 -1.0 0.0 0.31986380686080684 0.3068729857327073 0.37326320740648583
9 207.0 0.0 -1.0 -1.0 -1.0 0.0 0.3192737120074577 0.3038280582356086 0.3768982297569339
9 208.0 0.0 -1.0 -1.0 -1.0 0.0 0.3324874687175856 0.28848800757508725 0.3790245237073272
9 209.0 0.0 -1.0 -1.0 -1.0 0.0 0.3322222135112867 0.29619194595718207 0.37158584053153104
9 210.0 0.0 -1.0 -1.0 -1.0 0.0 0.32267204809836636 0.3094628364619472 0.36786511543968664
9 211.0 0.0 -1.0 -1.0 -1.0 0.0 0.31851980059103707 0.3048003632169614 0.37667983619200157
9 212.0 0.0 -1.0 -1.0 -1.0 0.0 0.32166417473024267 0.3157071283198542 0.36262869694990324
9 213.0 0.0 -1.0 -1.0 -1.0 0.0 0.31166601954340434 0.3173980336208384 0.3709359468357573
9 214.0 0.0 -1.0 -1.0 -1.0 0.0 0.318933984590629 0.32815260298398535 0.3529134124253857
9 215.0 0.0 -1.0 -1.0 -1.0 0.0 0.31355499486034033 0.3347877597170686 0.35165724542259097
9 216.0 0.0 -1.0 -1.0 -1.0 0.0 0.28730189352422547 0.35667178956060747 0.3560263169151671
9 217.0 0.0 -1.0 -1.0 -1.0 0.0 0.30654641200262495 0.351884801792131 0.3415687862052441
9 218.0 0.0 -1.0 -1.0 -1.0 0.0 0.3121294250244778 0.32968274385173385 0.3581878311237884
9 219.0 0.0 -1.0 -1.0 -1.0 0.0 0.3231952782361287 0.3333242791422844 0.343480442621587
9 220.0 0.0 -1.0 -1.0 -1.0 0.0 0.3244697204317753 0.325485765150172 0.35004451441805284
9 221.0 0.0 -1.0 -1.0 -1.0 0.0 0.3380316167111826 0.32320340317716045 0.33876498011165684
9 222.0 0.0 -1.0 -1.0 -1.0 0.0 0.3335028378486118 0.33747986584144274 0.3290172963099453
9 223.0 0.0 -1.0 -1.0 -1.0 0.0 0.3236465941077188 0.3695009038990517 0.3068525019932295
9 224.0 0.0 -1.0 -1.0 -1.0 0.0 0.2973532812994598 0.34818436301103717 0.3544623556895028
9 225.0 0.0 -1.0 -1.0 -1.0 0.0 0.2816524560768028 0.3318566376767427 0.38649090624645477
9 226.0 0.0 -1.0 -1.0 -1.0 0.0 0.3118387230444865 0.31662928086008346 0.37153199609543
9 227.0 0.0 -1.0 -1.0 -1.0 0.0 0.30413534888160204 0.3424035358791773 0.3534611152392207
9 228.0 0.0 -1.0 -1.0 -1.0 0.0 0.31702675897218435 0.31783307466594585 0.3651401663618698
9 229.0 0.0 -1.0 -1.0 -1.0 0.0 0.32850606607629296 0.3397558908004582 0.33173804312324906
9 230.0 0.0 -1.0 -1.0 -1.0 0.0 0.31545542452689196 0.33594593935916284 0.3485986361139453
9 231.0 0.0 -1.0 -1.0 -1.0 0.0 0.29861049083402064 0.35410602604497177 0.34728348312100765
9 232.0 0.0 -1.0 -1.0 -1.0 0.0 0.3110089489552492 0.3375987731205612 0.3513922779241895
9 233.0 0.0 -1.0 -1.0 -1.0 0.0 0.30986437157355184 0.31737728094199064 0.3727583474844574
9 234.0 0.0 -1.0 -1.0 -1.0 0.0 0.30142720122960975 0.3221818678796775 0.3763909308907127
9 235.0 0.0 -1.0 -1.0 -1.0 0.0 0.30938822519237263 0.3180022290274783 0.37260954578014926
9 236.0 0.0 -1.0 -1.0 -1.0 0.0 0.31230720359730246 0.3284034454432286 0.35928935095946896
9 237.0 0.0 -1.0 -1.0 -1.0 0.0 0.3193301629931556 0.3229106324149636 0.3577592045918809
9 238.0 0.0 -1.0 -1.0 -1.0 0.0 0.30512815006945115 0.3435855177048158 0.3512863322257328
9 239.0 0.0 -1.0 -1.0 -1.0 0.0 0.33913912678311303 0.329177318918813 0.3316835542980737
9 240.0 0.0 -1.0 -1.0 -1.0 0.0 0.34408086469664134 0.33379327060651265 0.3221258646968463
9 241.0 0.0 -1.0 -1.0 -1.0 0.0 0.297180160246473 0.36379812126113803 0.3390217184923891
9 242.0 0.0 -1.0 -1.0 -1.0 0.0 0.3158970295096979 0.3636083339489442 0.320494636541358
9 243.0 0.0 -1.0 -1.0 -1.0 0.0 0.3097763194871496 0.3621336824944815 0.3280899980183689
9 244.0 0.0 -1.0 -1.0 -1.0 0.0 0.3110434847740349 0.3606789114716974 0.32827760375426757
9 245.0 0.0 -1.0 -1.0 -1.0 0.0 0.3093202343531404 0.3540156263141652 0.3366641393326945
9 246.0 0.0 -1.0 -1.0 -1.0 0.0 0.32965792934768084 0.3387958287101881 0.331546241942131
9 247.0 0.0 -1.0 -1.0 -1.0 0.0 0.3268259031961415 0.34278803624779924 0.3303860605560591
9 248.0 0.0 -1.0 -1.0 -1.0 0.0 0.3482009151053169 0.3275908282658102 0.32420825662887287
9 249.0 0.0 -1.0 -1.0 -1.0 0.0 0.3561003757419739 0.3376880235301675 0.30621160072785875
9 250.0 0.0 -1.0 -1.0 -1.0 0.0 0.35676233844650584 0.3385690034953254 0.30466865805816856
9 251.0 0.0 -1.0 -1.0 -1.0 0.0 0.3548053927505434 0.3268819048266531 0.31831270242280335
9 252.0 0.0 -1.0 -1.0 -1.0 0.0 0.3412163086717793 0.34547138801038524 0.3133123033178354
9 253.0 0.0 -1.0 -1.0 -1.0 0.0 0.34501915029836655 0.3454399465766002 0.3095409031250334
9 254.0 0.0 -1.0 -1.0 -1.0 0.0 0.3191219635196035 0.36533772234569084 0.3155403141347056
9 255.0 0.0 -1.0 -1.0 -1.0 0.0 0.3257017909969454 0.34224237700042265 0.3320558320026316
9 256.0 0.0 -1.0 -1.0 -1.0 0.0 0.34343901597253373 0.34459047549825006 0.3119705085292163
9 257.0 0.0 -1.0 -1.0 -1.0 0.0 0.32539437100089175 0.3652257988342596 0.3093798301648487
9 258.0 0.0 -1.0 -1.0 -1.0 0.0 0.3126991079990149 0.3759395017218531 0.3113613902791319
9 259.0 0.0 -1.0 -1.0 -1.0 0.0 0.33501019098805995 0.3522488445732748 0.31274096443866517
9 260.0 0.0 -1.0 -1.0 -1.0 0.0 0.31432682079750374 0.3466385443810379 0.3390346348214583
9 261.0 0.0 -1.0 -1.0 -1.0 0.0 0.28912278814309733 0.36100900874779007 0.3498682031091125
9 262.0 0.0 -1.0 -1.0 -1.0 0.0 0.311214500357792 0.35059363853831454 0.33819186110389354
9 263.0 0.0 -1.0 -1.0 -1.0 0.0 0.3106292989887529 0.33909065648610026 0.3502800445251469
9 264.0 0.0 -1.0 -1.0 -1.0 0.0 0.3128372490726179 0.3336275365062729 0.3535352144211092
9 265.0 0.0 -1.0 -1.0 -1.0 0.0 0.3166190885454476 0.312623910504944 0.3707570009496083
9 266.0 0.0 -1.0 -1.0 -1.0 0.0 0.3332623789102296 0.3057987826905826 0.3609388383991876
9 267.0 0.0 -1.0 -1.0 -1.0 0.0 0.3490574247099159 0.3007701369984303 0.35017243829165373
9 268.0 0.0 -1.0 -1.0 -1.0 0.0 0.3816113744419657 0.29214050585307655 0.32624811970495754
9 269.0 0.0 -1.0 -1.0 -1.0 0.0 0.37659114378475095 0.28181671894035043 0.3415921372748985
9 270.0 0.0 -1.0 -1.0 -1.0 0.0 0.3665982191019891 0.3004774858449634 0.3329242950530478
9 271.0 0.0 -1.0 -1.0 -1.0 0.0 0.37252338869699236 0.2826515660205866 0.34482504528242097
9 272.0 0.0 -1.0 -1.0 -1.0 0.0 0.36883656659335956 0.28264169956797824 0.34852173383866253
9 273.0 0.0 -1.0 -1.0 -1.0 0.0 0.3720945717136926 0.272778553875335 0.3551268744109722
9 274.0 0.0 -1.0 -1.0 -1.0 0.0 0.35544321463791656 0.2815796976942913 0.36297708766779224
9 275.0 0.0 -1.0 -1.0 -1.0 0.0 0.3726292382105995 0.27174380085395866 0.355626960935442
9 276.0 0.0 -1.0 -1.0 -1.0 0.0 0.34638220654777124 0.2768350660261292 0.3767827274260995
9 277.0 0.0 -1.0 -1.0 -1.0 0.0 0.3233636307279415 0.3160470196399009 0.36058934963215755
9 278.0 0.0 -1.0 -1.0 -1.0 0.0 0.3319661054493133 0.3174249958460747 0.3506088987046118
9 279.0 0.0 -1.0 -1.0 -1.0 0.0 0.32151170066941226 0.3128419815914411 0.36564631773914646
9 280.0 0.0 -1.0 -1.0 -1.0 0.0 0.3325009683323366 0.3250226607568727 0.34247637091079064
9 281.0 0.0 -1.0 -1.0 -1.0 0.0 0.3338153786531785 0.3218019436116994 0.3443826777351224
9 282.0 0.0 -1.0 -1.0 -1.0 0.0 0.29648579868572955 0.34791155335286605 0.3556026479614043
9 283.0 0.0 -1.0 -1.0 -1.0 0.0 0.31115854510335417 0.3350941775060959 0.3537472773905502
9 284.0 0.0 -1.0 -1.0 -1.0 0.0 0.3114377256940524 0.3605974787923322 0.32796479551361557
9 285.0 0.0 -1.0 -1.0 -1.0 0.0 0.3047222660366854 0.3454475382104658 0.34983019575284857
9 286.0 0.0 -1.0 -1.0 -1.0 0.0 0.3051924207566579 0.3718380129485604 0.3229695662947819
9 287.0 0.0 -1.0 -1.0 -1.0 0.0 0.28507636066047504 0.3932946933934089 0.32162894594611624
9 288.0 0.0 -1.0 -1.0 -1.0 0.0 0.30442238457571674 0.3747688340376094 0.32080878138667396
9 289.0 0.0 -1.0 -1.0 -1.0 0.0 0.32801593014855157 0.34549987471562815 0.3264841951358204
9 290.0 0.0 -1.0 -1.0 -1.0 0.0 0.3209867340089736 0.35770629676399246 0.32130696922703395
9 291.0 0.0 -1.0 -1.0 -1.0 0.0 0.34169307697383133 0.339849405008384 0.3184575180177847
9 292.0 0.0 -1.0 -1.0 -1.0 0.0 0.3173984235783128 0.34825868981362235 0.3343428866080647
9 293.0 0.0 -1.0 -1.0 -1.0 0.0 0.3112988803826 0.34198025725547937 0.3467208623619208
9 294.0 0.0 -1.0 -1.0 -1.0 0.0 0.32828472994376584 0.34001063190651304 0.3317046381497213
9 295.0 0.0 -1.0 -1.0 -1.0 0.0 0.31092734799314614 0.3507464255176033 0.3383262264892505
9 296.0 0.0 -1.0 -1.0 -1.0 0.0 0.3243751046100359 0.3375903754647552 0.3380345199252092
9 297.0 0.0 -1.0 -1.0 -1.0 0.0 0.3313944352995806 0.34537689662652693 0.32322866807389233
9 298.0 0.0 -1.0 -1.0 -1.0 0.0 0.31203284455412517 0.37171299458612184 0.31625416085975316
9 299.0 0.0 -1.0 -1.0 -1.0 0.0 0.3110838197373019 0.3852169598844217 0.3036992203782765
9 300.0 0.0 -1.0 -1.0 -1.0 0.0 0.31164808191643156 0.37957212477103475 0.3087797933125335
9 301.0 0.0 -1.0 -1.0 -1.0 0.0 0.3119632211670147 0.3788083158135836 0.30922846301940154
9 302.0 0.0 -1.0 -1.0 -1.0 0.0 0.3248774788440831 0.35592464820740516 0.3191978729485115
9 303.0 0.0 -1.0 -1.0 -1.0 0.0 0.3129976754762591 0.35685767311606836 0.33014465140767224
9 304.0 0.0 -1.0 -1.0 -1.0 0.0 0.31528787261334823 0.3476001309044922 0.3371119964821597
9 305.0 0.0 -1.0 -1.0 -1.0 0.0 0.3269587960916094 0.3545574395297346 0.31848376437865566
9 306.0 0.0 -1.0 -1.0 -1.0 0.0 0.3531564876898719 0.34434057767081216 0.3025029346393161
9 307.0 0.0 -1.0 -1.0 -1.0 0.0 0.3337770455665155 0.3413312696722523 0.3248916847612317
9 308.0 0.0 -1.0 -1.0 -1.0 0.0 0.34061599487524896 0.3369078581795359 0.32247614694521526
9 309.0 0.0 -1.0 -1.0 -1.0 0.0 0.34453816188179043 0.3499833280860123 0.3054785100321973
9 310.0 0.0 -1.0 -1.0 -1.0 0.0 0.3288073339026277 0.339939277040194 0.3312533890571783
9 311.0 0.0 -1.0 -1.0 -1.0 0.0 0.3350888976251288 0.3246363278407238 0.34027477453414723
9 312.0 0.0 -1.0 -1.0 -1.0 0.0 0.3311868181987957 0.3371950410839549 0.3316181407172492
9 313.0 0.0 -1.0 -1.0 -1.0 0.0 0.3331802549596397 0.33039740518002503 0.33642233986033526
9 314.0 0.0 -1.0 -1.0 -1.0 0.0 0.3351164051811413 0.3548183811435735 0.3100652136752851
9 315.0 0.0 -1.0 -1.0 -1.0 0.0 0.31860552959360666 0.3583989044016822 0.32299556600471113
9 316.0 0.0 -1.0 -1.0 -1.0 0.0 0.3371150883412697 0.3334407551509899 0.32944415650774045
9 317.0 0.0 -1.0 -1.0 -1.0 0.0 0.35409991262690305 0.3112460327501079 0.3346540546229889
9 318.0 0.0 -1.0 -1.0 -1.0 0.0 0.322848749390174 0.33960566585717106 0.3375455847526549
9 319.0 0.0 -1.0 -1.0 -1.0 0.0 0.31390725555069243 0.3581983716371208 0.32789437281218675
9 320.0 0.0 -1.0 -1.0 -1.0 0.0 0.34982977679824473 0.3242743581725469 0.32589586502920836
9 321.0 0.0 -1.0 -1.0 -1.0 0.0 0.3404157261463169 0.34154012356436175 0.31804415028932154
9 322.0 0.0 -1.0 -1.0 -1.0 0.0 0.31070511005678186 0.3416962599504167 0.34759862999280133
9 323.0 0.0 -1.0 -1.0 -1.0 0.0 0.2977583794697324 0.34682857668138967 0.355413043848878
9 324.0 0.0 -1.0 -1.0 -1.0 0.0 0.31702267460489936 0.3311869866179022 0.35179033877719834
9 325.0 0.0 -1.0 -1.0 -1.0 0.0 0.3458472427932023 0.31948250785614873 0.33467024935064904
9 326.0 0.0 -1.0 -1.0 -1.0 0.0 0.36926969399034865 0.2973982468408192 0.333332059168832
9 327.0 0.0 -1.0 -1.0 -1.0 0.0 0.361304798655932 0.3063979824553046 0.33229721888876335
9 328.0 0.0 -1.0 -1.0 -1.0 0.0 0.3811903754677662 0.2772422826413842 0.34156734189084964
9 329.0 0.0 -1.0 -1.0 -1.0 0.0 0.3728948996426 0.3003632246040384 0.32674187575336133
9 330.0 0.0 -1.0 -1.0 -1.0 0.0 0.3479711447062912 0.3021524917503066 0.34987636354340235
9 331.0 0.0 -1.0 -1.0 -1.0 0.0 0.3347368717425973 0.3186236290286015 0.3466394992288012
9 332.0 0.0 -1.0 -1.0 -1.0 0.0 0.32642991756854606 0.33647405599901725 0.3370960264324364
9 333.0 0.0 -1.0 -1.0 -1.0 0.0 0.3338863098831532 0.32656417638186086 0.33954951373498565
9 334.0 0.0 -1.0 -1.0 -1.0 0.0 0.3325793641818041 0.3359814539889539 0.33143918182924176
9 335.0 0.0 -1.0 -1.0 -1.0 0.0 0.33288077075334876 0.3314150774413012 0.33570415180534996
9 336.0 0.0 -1.0 -1.0 -1.0 0.0 0.349540007102541 0.32628333282899097 0.3241766600684678
9 337.0 0.0 -1.0 -1.0 -1.0 0.0 0.36064668334466654 0.3469284554868849 0.29242486116844835
9 338.0 0.0 -1.0 -1.0 -1.0 0.0 0.36156910559597344 0.3625806135788449 0.2758502808251815
9 339.0 0.0 -1.0 -1.0 -1.0 0.0 0.34011140503949217 0.34688293877803666 0.3130056561824711
9 340.0 0.0 -1.0 -1.0 -1.0 0.0 0.3018019279479545 0.37774576874767235 0.3204523033043731
9 341.0 0.0 -1.0 -1.0 -1.0 0.0 0.3317715673770898 0.3302812797038443 0.3379471529190659
9 342.0 0.0 -1.0 -1.0 -1.0 0.0 0.32583672499850713 0.33435924882725937 0.3398040261742336
9 343.0 0.0 -1.0 -1.0 -1.0 0.0 0.3563467297187106 0.331250100338185 0.31240316994310435
9 344.0 0.0 -1.0 -1.0 -1.0 0.0 0.35800447479691755 0.3133564866448359 0.3286390385582465
9 345.0 0.0 -1.0 -1.0 -1.0 0.0 0.35952929451582066 0.31822144501872673 0.32224926046545255
9 346.0 0.0 -1.0 -1.0 -1.0 0.0 0.3805286793781103 0.32469996199155987 0.29477135863032977
9 347.0 0.0 -1.0 -1.0 -1.0 0.0 0.3631507967962852 0.3391189476862233 0.2977302555174917
9 348.0 0.0 -1.0 -1.0 -1.0 0.0 0.3634307434332231 0.3148820844329013 0.3216871721338756
9 349.0 0.0 -1.0 -1.0 -1.0 0.0 0.35954431261444114 0.31461217898219307 0.3258435084033659
9 350.0 0.0 -1.0 -1.0 -1.0 0.0 0.3315038557526862 0.31324728974169797 0.3552488545056159
9 351.0 0.0 -1.0 -1.0 -1.0 0.0 0.31598936401266653 0.33226921297111767 0.3517414230162159
9 352.0 0.0 -1.0 -1.0 -1.0 0.0 0.3113322229050137 0.33216233924155814 0.35650543785342803
9 353.0 0.0 -1.0 -1.0 -1.0 0.0 0.27354242373937215 0.36483643950927075 0.36162113675135665
9 354.0 0.0 -1.0 -1.0 -1.0 0.0 0.28628381128913455 0.3538688479512092 0.3598473407596562
9 355.0 0.0 -1.0 -1.0 -1.0 0.0 0.2927014349627174 0.34102521582290607 0.36627334921437665
9 356.0 0.0 -1.0 -1.0 -1.0 0.0 0.2984276344595402 0.33159992060305676 0.36997244493740306
9 357.0 0.0 -1.0 -1.0 -1.0 0.0 0.30397140318523286 0.33206559230986804 0.36396300450489916
9 358.0 0.0 -1.0 -1.0 -1.0 0.0 0.3197471133845837 0.34104476418480334 0.3392081224306128
9 359.0 0.0 -1.0 -1.0 -1.0 0.0 0.31675831175122193 0.3471054927125209 0.3361361955362571
9 360.0 0.0 -1.0 -1.0 -1.0 0.0 0.30261987391204537 0.3559306108378164 0.3414495152501384
9 361.0 0.0 -1.0 -1.0 -1.0 0.0 0.2968926951131036 0.3852254874567896 0.31788181743010646
9 362.0 0.0 -1.0 -1.0 -1.0 0.0 0.3148189586440463 0.37450954959625027 0.3106714917597032
9 363.0 0.0 -1.0 -1.0 -1.0 0.0 0.3133204325108823 0.35314518248657806 0.3335343850025395
9 364.0 0.0 -1.0 -1.0 -1.0 0.0 0.3396839352807008 0.34874364093364874 0.31157242378565053
9 365.0 0.0 -1.0 -1.0 -1.0 0.0 0.333382526566906 0.37442904803883437 0.29218842539425965
9 366.0 0.0 -1.0 -1.0 -1.0 0.0 0.35230279767734557 0.3684750703140112 0.27922213200864304
9 367.0 0.0 -1.0 -1.0 -1.0 0.0 0.33718918232108386 0.3608421872133725 0.30196863046554356
9 368.0 0.0 -1.0 -1.0 -1.0 0.0 0.32556242441739497 0.3558159888369225 0.3186215867456825
9 369.0 0.0 -1.0 -1.0 -1.0 0.0 0.32804325470652984 0.343775574457435 0.3281811708360354
9 370.0 0.0 -1.0 -1.0 -1.0 0.0 0.3493753648282083 0.332397878825971 0.3182267563458208
9 371.0 0.0 -1.0 -1.0 -1.0 0.0 0.3445894696394194 0.3168420954153338 0.3385684349452468
9 372.0 0.0 -1.0 -1.0 -1.0 0.0 0.34510775014686795 0.30979695502622195 0.34509529482691037
9 373.0 0.0 -1.0 -1.0 -1.0 0.0 0.35616329768494 0.30115486790581125 0.3426818344092487
9 374.0 0.0 -1.0 -1.0 -1.0 0.0 0.3533526987876835 0.29560624543996666 0.3510410557723497
9 375.0 0.0 -1.0 -1.0 -1.0 0.0 0.3374228592347201 0.2966951111317404 0.36588202963353966
9 376.0 0.0 -1.0 -1.0 -1.0 0.0 0.3144577307224468 0.3303995769341517 0.3551426923434016
9 377.0 0.0 -1.0 -1.0 -1.0 0.0 0.30900125543700674 0.3491728800432305 0.34182586451976277
9 378.0 0.0 -1.0 -1.0 -1.0 0.0 0.3057814151399345 0.36640712407718395 0.32781146078288176
9 379.0 0.0 -1.0 -1.0 -1.0 0.0 0.3066812674511442 0.34553766918772416 0.34778106336113124
9 380.0 0.0 -1.0 -1.0 -1.0 0.0 0.31346628814466904 0.3415657352963827 0.3449679765589484
9 381.0 0.0 -1.0 -1.0 -1.0 0.0 0.33245289750376217 0.35785414511061553 0.3096929573856225
9 382.0 0.0 -1.0 -1.0 -1.0 0.0 0.3219602693312716 0.36788400358291073 0.31015572708581757
9 383.0 0.0 -1.0 -1.0 -1.0 0.0 0.29774285303585346 0.36109645434969617 0.34116069261445026
9 384.0 0.0 -1.0 -1.0 -1.0 0.0 0.2973334501567308 0.3630946539321872 0.33957189591108183
9 385.0 0.0 -1.0 -1.0 -1.0 0.0 0.32175310116361466 0.3416082454869376 0.33663865334944787
9 386.0 0.0 -1.0 -1.0 -1.0 0.0 0.3053015031689398 0.33577644198710294 0.35892205484395723
9 387.0 0.0 -1.0 -1.0 -1.0 0.0 0.32265657001786524 0.3331242402772847 0.3442191897048502
9 388.0 0.0 -1.0 -1.0 -1.0 0.0 0.34208568113401383 0.3205545211412277 0.3373597977247585
9 389.0 0.0 -1.0 -1.0 -1.0 0.0 0.30764090023518087 0.337775797350048 0.35458330241477126
9 390.0 0.0 -1.0 -1.0 -1.0 0.0 0.3008419472892059 0.3479265069174307 0.3512315457933635
9 391.0 0.0 -1.0 -1.0 -1.0 0.0 0.30459578133074305 0.36346375289804445 0.3319404657712121
9 392.0 0.0 -1.0 -1.0 -1.0 0.0 0.3195439741595419 0.32802643380191293 0.352429592038545
9 393.0 0.0 -1.0 -1.0 -1.0 0.0 0.32766377146322284 0.31877675511297904 0.35355947342379823
9 394.0 0.0 -1.0 -1.0 -1.0 0.0 0.33147086859259534 0.31470845459621716 0.3538206768111874
9 395.0 0.0 -1.0 -1.0 -1.0 0.0 0.32215802996500514 0.34270074857340516 0.33514122146158987
9 396.0 0.0 -1.0 -1.0 -1.0 0.0 0.34284725981872277 0.3182028235646242 0.3389499166166531
9 397.0 0.0 -1.0 -1.0 -1.0 0.0 0.35882548025566857 0.3229202915149284 0.31825422822940275
9 398.0 0.0 -1.0 -1.0 -1.0 0.0 0.34331391932196725 0.29910730269363983 0.35757877798439286
9 399.0 0.0 -1.0 -1.0 -1.0 0.0 0.3450188478606332 0.3023426862200374 0.35263846591932946
9 400.0 0.0 -1.0 -1.0 -1.0 0.0 0.32068443177604317 0.31154416719640793 0.36777140102754907
9 401.0 0.0 -1.0 -1.0 -1.0 0.0 0.34213871743657653 0.310950145699333 0.3469111368640907
9 402.0 0.0 -1.0 -1.0 -1.0 0.0 0.3520066493025954 0.2982630226681644 0.3497303280292401
9 403.0 0.0 -1.0 -1.0 -1.0 0.0 0.37771121045894307 0.297816363702964 0.324472425838093
9 404.0 0.0 -1.0 -1.0 -1.0 0.0 0.35486186962699917 0.31226347592255055 0.3328746544504504
9 405.0 0.0 -1.0 -1.0 -1.0 0.0 0.35924478515533864 0.31248601808583293 0.32826919675882843
9 406.0 0.0 -1.0 -1.0 -1.0 0.0 0.32757536524193276 0.34445654797889574 0.32796808677917155
9 407.0 0.0 -1.0 -1.0 -1.0 0.0 0.3347001328851919 0.34262782801864106 0.3226720390961671
9 408.0 0.0 -1.0 -1.0 -1.0 0.0 0.34635304167701625 0.3511654608044378 0.3024814975185459
9 409.0 0.0 -1.0 -1.0 -1.0 0.0 0.3565181077345606 0.3417729226121693 0.30170896965327
9 410.0 0.0 -1.0 -1.0 -1.0 0.0 0.3406627951297073 0.3418536100421859 0.31748359482810673
9 411.0 0.0 -1.0 -1.0 -1.0 0.0 0.325959596803966 0.34115826431034335 0.3328821388856905
9 412.0 0.0 -1.0 -1.0 -1.0 0.0 0.3384934947516753 0.32273847458480764 0.3387680306635168
9 413.0 0.0 -1.0 -1.0 -1.0 0.0 0.336278515645526 0.3147466436908506 0.3489748406636234
9 414.0 0.0 -1.0 -1.0 -1.0 0.0 0.32637167288888363 0.34665006474055965 0.3269782623705567
9 415.0 0.0 -1.0 -1.0 -1.0 0.0 0.32732014286399574 0.3496152726837119 0.3230645844522924
9 416.0 0.0 -1.0 -1.0 -1.0 0.0 0.33262859577804343 0.3638857724410616 0.3034856317808948
9 417.0 0.0 -1.0 -1.0 -1.0 0.0 0.3465840739870196 0.3574338759559804 0.2959820500570002
9 418.0 0.0 -1.0 -1.0 -1.0 0.0 0.3794074014528743 0.30800649512082967 0.3125861034262957
9 419.0 0.0 -1.0 -1.0 -1.0 0.0 0.3768179302748753 0.3215898621332423 0.30159220759188227
9 420.0 0.0 -1.0 -1.0 -1.0 0.0 0.3529902282242384 0.3446482002291611 0.30236157154660076
9 421.0 0.0 -1.0 -1.0 -1.0 0.0 0.35264191056156546 0.352097744177893 0.29526034526054173
9 422.0 0.0 -1.0 -1.0 -1.0 0.0 0.331094380894085 0.3399987848761758 0.32890683422973915
9 423.0 0.0 -1.0 -1.0 -1.0 0.0 0.33161270367060536 0.37100983803271903 0.2973774582966756
9 424.0 0.0 -1.0 -1.0 -1.0 0.0 0.32215530810581017 0.3828603766341582 0.2949843152600315
9 425.0 0.0 -1.0 -1.0 -1.0 0.0 0.33825021034441577 0.3700210249224116 0.29172876473317255
9 426.0 0.0 -1.0 -1.0 -1.0 0.0 0.3508689282374724 0.3464964215396185 0.3026346502229089
9 427.0 0.0 -1.0 -1.0 -1.0 0.0 0.35484541539585956 0.3423539743793302 0.30280061022481003
9 428.0 0.0 -1.0 -1.0 -1.0 0.0 0.35625704256202945 0.35051549267677684 0.2932274647611937
9 429.0 0.0 -1.0 -1.0 -1.0 0.0 0.3141182663202561 0.35262836673690373 0.33325336694284036
9 430.0 0.0 -1.0 -1.0 -1.0 0.0 0.34180724958392794 0.3570108559170945 0.30118189449897775
9 431.0 0.0 -1.0 -1.0 -1.0 0.0 0.3388952889724481 0.3445969482945814 0.31650776273297065
9 432.0 0.0 -1.0 -1.0 -1.0 0.0 0.3368652525172625 0.3628585563675746 0.30027619111516285
9 433.0 0.0 -1.0 -1.0 -1.0 0.0 0.33336226815419673 0.3613807383530513 0.3052569934927522
9 434.0 0.0 -1.0 -1.0 -1.0 0.0 0.31155069150839293 0.3494785272657669 0.33897078122584
9 435.0 0.0 -1.0 -1.0 -1.0 0.0 0.32231438362813436 0.33536579718730375 0.342319819184562
9 436.0 0.0 -1.0 -1.0 -1.0 0.0 0.33153654501549906 0.34111538205166797 0.3273480729328327
9 437.0 0.0 -1.0 -1.0 -1.0 0.0 0.3401178130334147 0.36045567851702487 0.2994265084495605
9 438.0 0.0 -1.0 -1.0 -1.0 0.0 0.35178275081512417 0.3498626211253964 0.29835462805947927
9 439.0 0.0 -1.0 -1.0 -1.0 0.0 0.36138443643011564 0.3439342419783962 0.29468132159148797
9 440.0 0.0 -1.0 -1.0 -1.0 0.0 0.3714990676366778 0.32602915600980076 0.30247177635352157
9 441.0 0.0 -1.0 -1.0 -1.0 0.0 0.37085820726989155 0.325474182319267 0.3036676104108414
9 442.0 0.0 -1.0 -1.0 -1.0 0.0 0.3389592650818223 0.35374176646661504 0.30729896845156274
9 443.0 0.0 -1.0 -1.0 -1.0 0.0 0.3479753215380137 0.3498057138233589 0.3022189646386274
9 444.0 0.0 -1.0 -1.0 -1.0 0.0 0.34223381679860104 0.34987211988953043 0.3078940633118686
9 445.0 0.0 -1.0 -1.0 -1.0 0.0 0.32936429621206836 0.364729084105993 0.3059066196819382
9 446.0 0.0 -1.0 -1.0 -1.0 0.0 0.34275059971295 0.3427268481730102 0.31452255211404007
9 447.0 0.0 -1.0 -1.0 -1.0 0.0 0.30412034571306173 0.36494550059243364 0.33093415369450435
9 448.0 0.0 -1.0 -1.0 -1.0 0.0 0.3016501302313936 0.33944481819115696 0.3589050515774494
9 449.0 0.0 -1.0 -1.0 -1.0 0.0 0.32560299536047543 0.32547358929549064 0.3489234153440339
9 450.0 0.0 -1.0 -1.0 -1.0 0.0 0.29239272416684 0.35715194430607106 0.35045533152708885
9 451.0 0.0 -1.0 -1.0 -1.0 0.0 0.29056397515687105 0.3450922462246729 0.3643437786184562
9 452.0 0.0 -1.0 -1.0 -1.0 0.0 0.28201642372299196 0.34057458108784516 0.3774089951891627
9 453.0 0.0 -1.0 -1.0 -1.0 0.0 0.2809595268454928 0.32417875733791307 0.39486171581659407
9 454.0 0.0 -1.0 -1.0 -1.0 0.0 0.31453756981919684 0.3471839925035352 0.33827843767726806
9 455.0 0.0 -1.0 -1.0 -1.0 0.0 0.30253719477410634 0.33969919638431256 0.3577636088415809
9 456.0 0.0 -1.0 -1.0 -1.0 0.0 0.3180619772633469 0.351419999990396 0.3305180227462571
9 457.0 0.0 -1.0 -1.0 -1.0 0.0 0.30837753886584335 0.33865024747299666 0.35297221366116005
9 458.0 0.0 -1.0 -1.0 -1.0 0.0 0.33682270280967147 0.31161381807332644 0.35156347911700175
9 459.0 0.0 -1.0 -1.0 -1.0 0.0 0.37269010398391045 0.3048022397427893 0.3225076562732999
9 460.0 0.0 -1.0 -1.0 -1.0 0.0 0.39477838131377985 0.30204711495709174 0.30317450372912846
9 461.0 0.0 -1.0 -1.0 -1.0 0.0 0.3908341345413586 0.30464103192660447 0.3045248335320368
9 462.0 0.0 -1.0 -1.0 -1.0 0.0 0.39615935242916217 0.3005729934720894 0.3032676540987485
9 463.0 0.0 -1.0 -1.0 -1.0 0.0 0.3730939977542708 0.31872912353135985 0.3081768787143691
9 464.0 0.0 -1.0 -1.0 -1.0 0.0 0.3788622562119716 0.3083236190058097 0.3128141247822188
9 465.0 0.0 -1.0 -1.0 -1.0 0.0 0.3729776722034919 0.305081884024762 0.3219404437717463
9 466.0 0.0 -1.0 -1.0 -1.0 0.0 0.3498290639096755 0.2972249267210774 0.35294600936924736
9 467.0 0.0 -1.0 -1.0 -1.0 0.0 0.3496349474950034 0.26631489497230465 0.38405015753269206
9 468.0 0.0 -1.0 -1.0 -1.0 0.0 0.3343714268544412 0.2734978383608395 0.3921307347847193
9 469.0 0.0 -1.0 -1.0 -1.0 0.0 0.34747642046309773 0.2969873862174651 0.3555361933194371
9 470.0 0.0 -1.0 -1.0 -1.0 0.0 0.3739033989204677 0.3183334780935427 0.3077631229859896
9 471.0 0.0 -1.0 -1.0 -1.0 0.0 0.36370827341231815 0.30699594558515125 0.3292957810025306
9 472.0 0.0 -1.0 -1.0 -1.0 0.0 0.37387275394563013 0.3142137397112401 0.31191350634312975
9 473.0 0.0 -1.0 -1.0 -1.0 0.0 0.3716421295286784 0.3256304063503833 0.3027274641209381
9 474.0 0.0 -1.0 -1.0 -1.0 0.0 0.397024066303696 0.3246929142944988 0.2782830194018051
9 475.0 0.0 -1.0 -1.0 -1.0 0.0 0.37831745562179653 0.34464835223147927 0.2770341921467239
9 476.0 0.0 -1.0 -1.0 -1.0 0.0 0.3801600003724475 0.3536035528791903 0.266236446748362
9 477.0 0.0 -1.0 -1.0 -1.0 0.0 0.3745583248927874 0.36565039009260475 0.25979128501460796
9 478.0 0.0 -1.0 -1.0 -1.0 0.0 0.3671228331272058 0.3554487384722996 0.27742842840049464
9 479.0 0.0 -1.0 -1.0 -1.0 0.0 0.3649765994781168 0.3221931306082151 0.3128302699136681
9 480.0 0.0 -1.0 -1.0 -1.0 0.0 0.3304471497113446 0.3323122697341583 0.3372405805544972
9 481.0 0.0 -1.0 -1.0 -1.0 0.0 0.33045714703207635 0.35774376004028596 0.31179909292763747
9 482.0 0.0 -1.0 -1.0 -1.0 0.0 0.32982794690373934 0.3464519169485293 0.32372013614773154
9 483.0 0.0 -1.0 -1.0 -1.0 0.0 0.3391038104827445 0.323950256710098 0.33694593280715734
9 484.0 0.0 -1.0 -1.0 -1.0 0.0 0.32116000159733943 0.3413744188839651 0.3374655795186953
9 485.0 0.0 -1.0 -1.0 -1.0 0.0 0.31967244569872916 0.34500176414842343 0.3353257901528478
9 486.0 0.0 -1.0 -1.0 -1.0 0.0 0.3089864166781389 0.3549156509782495 0.3360979323436117
9 487.0 0.0 -1.0 -1.0 -1.0 0.0 0.31575636211400343 0.35431496228363907 0.3299286756023575
9 488.0 0.0 -1.0 -1.0 -1.0 0.0 0.3177855695933033 0.3573697960821401 0.3248446343245568
9 489.0 0.0 -1.0 -1.0 -1.0 0.0 0.3185852092642332 0.3837486200320084 0.2976661707037583
9 490.0 0.0 -1.0 -1.0 -1.0 0.0 0.34995810539775624 0.3281151891515939 0.3219267054506502
9 491.0 0.0 -1.0 -1.0 -1.0 0.0 0.329133836226322 0.3272819135081356 0.34358425026554257
9 492.0 0.0 -1.0 -1.0 -1.0 0.0 0.3348239046253861 0.3241006332498732 0.3410754621247406
9 493.0 0.0 -1.0 -1.0 -1.0 0.0 0.3248929709053177 0.31281159992276214 0.36229542917192
9 494.0 0.0 -1.0 -1.0 -1.0 0.0 0.34276912593555564 0.2965360212092871 0.36069485285515723
9 495.0 0.0 -1.0 -1.0 -1.0 0.0 0.3271832917936999 0.3041846473773711 0.3686320608289288
9 496.0 0.0 -1.0 -1.0 -1.0 0.0 0.36974628204291404 0.2702441081029417 0.36000960985414393
9 497.0 0.0 -1.0 -1.0 -1.0 0.0 0.3485738974531168 0.2791654364663648 0.37226066608051794
9 498.0 0.0 -1.0 -1.0 -1.0 0.0 0.3212272617417477 0.32725517052896386 0.3515175677292882
9 499.0 0.0 -1.0 -1.0 -1.0 0.0 0.3111270317102885 0.3383343022463336 0.35053866604337786
9 500.0 0.0 -1.0 -1.0 -1.0 0.0 0.3015681235735508 0.3652237482604403 0.33320812816600914
9 501.0 0.0 -1.0 -1.0 -1.0 0.0 0.3261873916663469 0.34257486110276114 0.33123774723089205
9 502.0 0.0 -1.0 -1.0 -1.0 0.0 0.351783110992039 0.3173221981896298 0.330894690818331
9 503.0 0.0 -1.0 -1.0 -1.0 0.0 0.35277767454352316 0.31861906128323236 0.3286032641732446
9 504.0 0.0 -1.0 -1.0 -1.0 0.0 0.32412283830911354 0.3232540872681478 0.35262307442273877
9 505.0 0.0 -1.0 -1.0 -1.0 0.0 0.34065160416160367 0.3175638724790453 0.341784523359351
9 506.0 0.0 -1.0 -1.0 -1.0 0.0 0.3177285605621819 0.3189998967023864 0.36327154273543166
9 507.0 0.0 -1.0 -1.0 -1.0 0.0 0.3142967053200321 0.3409621941275634 0.3447411005524043
9 508.0 0.0 -1.0 -1.0 -1.0 0.0 0.34761079566151715 0.3305417759410622 0.3218474283974207
9 509.0 0.0 -1.0 -1.0 -1.0 0.0 0.31215583559705634 0.34779048842630816 0.34005367597663555
9 510.0 0.0 -1.0 -1.0 -1.0 0.0 0.31425080839584063 0.3300867744786505 0.35566241712550883
9 511.0 0.0 -1.0 -1.0 -1.0 0.0 0.28761921671746143 0.33199338536017353 0.38038739792236503
9 512.0 0.0 -1.0 -1.0 -1.0 0.0 0.30413379485254166 0.30267777565369836 0.3931884294937598
9 513.0 0.0 -1.0 -1.0 -1.0 0.0 0.3112259927010623 0.35988819770762737 0.3288858095913104
9 514.0 0.0 -1.0 -1.0 -1.0 0.0 0.3145197903694752 0.3579992024224402 0.32748100720808454
9 515.0 0.0 -1.0 -1.0 -1.0 0.0 0.3491158181044753 0.31370883146533635 0.33717535043018837
9 516.0 0.0 -1.0 -1.0 -1.0 0.0 0.34468144217681357 0.3485141509411383 0.30680440688204824
9 517.0 0.0 -1.0 -1.0 -1.0 0.0 0.329070557265289 0.35164949639246174 0.3192799463422492
9 518.0 0.0 -1.0 -1.0 -1.0 0.0 0.3696530480064028 0.31071715621354545 0.3196297957800518
9 519.0 0.0 -1.0 -1.0 -1.0 0.0 0.345882412586354 0.33173967270637816 0.3223779147072677
9 520.0 0.0 -1.0 -1.0 -1.0 0.0 0.3264853456077404 0.36141703353167265 0.3120976208605871
9 521.0 0.0 -1.0 -1.0 -1.0 0.0 0.3230793420040442 0.3814853623330255 0.29543529566293025
9 522.0 0.0 -1.0 -1.0 -1.0 0.0 0.2922671853086846 0.40222620391279107 0.30550661077852437
9 523.0 0.0 -1.0 -1.0 -1.0 0.0 0.30618794477136424 0.3648738963873579 0.328938158841278
9 524.0 0.0 -1.0 -1.0 -1.0 0.0 0.3135386418709094 0.3470442259341365 0.3394171321949541
9 525.0 0.0 -1.0 -1.0 -1.0 0.0 0.33074435884046016 0.34414938716564025 0.3251062539938994
9 526.0 0.0 -1.0 -1.0 -1.0 0.0 0.3262600233698837 0.34614401255460336 0.3275959640755131
9 527.0 0.0 -1.0 -1.0 -1.0 0.0 0.30656419073118946 0.3397328981615535 0.35370291110725716
9 528.0 0.0 -1.0 -1.0 -1.0 0.0 0.3085898570152624 0.3701595408860078 0.32125060209872985
9 529.0 0.0 -1.0 -1.0 -1.0 0.0 0.31197059332452065 0.37500058513981005 0.31302882153566913
9 530.0 0.0 -1.0 -1.0 -1.0 0.0 0.35034256701447924 0.34647945089435916 0.30317798209116165
9 531.0 0.0 -1.0 -1.0 -1.0 0.0 0.36630597731768644 0.3292893687236083 0.3044046539587053
9 532.0 0.0 -1.0 -1.0 -1.0 0.0 0.34633988807700233 0.3507525369985751 0.3029075749244224
9 533.0 0.0 -1.0 -1.0 -1.0 0.0 0.35981022489730013 0.3391374501149111 0.30105232498778867
9 534.0 0.0 -1.0 -1.0 -1.0 0.0 0.3437518120758029 0.3375861095900417 0.31866207833415516
9 535.0 0.0 -1.0 -1.0 -1.0 0.0 0.3444625974855736 0.3426053787876013 0.3129320237268252
9 536.0 0.0 -1.0 -1.0 -1.0 0.0 0.32882662843616833 0.3352693994680894 0.3359039720957421
9 537.0 0.0 -1.0 -1.0 -1.0 0.0 0.3261002080903901 0.34108922502761446 0.33281056688199556
9 538.0 0.0 -1.0 -1.0 -1.0 0.0 0.3174950465909884 0.34597512360096483 0.3365298298080468
9 539.0 0.0 -1.0 -1.0 -1.0 0.0 0.30694067237408323 0.3671244351011705 0.3259348925247463
9 540.0 0.0 -1.0 -1.0 -1.0 0.0 0.33425556741294565 0.35601769710564823 0.309726735481406
9 541.0 0.0 -1.0 -1.0 -1.0 0.0 0.331675025615324 0.358878654393474 0.30944631999120215
9 542.0 0.0 -1.0 -1.0 -1.0 0.0 0.3580920298925742 0.3373871365793811 0.30452083352804454
9 543.0 0.0 -1.0 -1.0 -1.0 0.0 0.3524267037049713 0.3335674927426778 0.314005803552351
9 544.0 0.0 -1.0 -1.0 -1.0 0.0 0.3518674503124482 0.32775332241940197 0.32037922726815
9 545.0 0.0 -1.0 -1.0 -1.0 0.0 0.3495797832629273 0.3462810215844908 0.3041391951525816
9 546.0 0.0 -1.0 -1.0 -1.0 0.0 0.3492091414303342 0.33041599450457587 0.32037486406508997
9 547.0 0.0 -1.0 -1.0 -1.0 0.0 0.350182122207095 0.34463126025641605 0.3051866175364889
9 548.0 0.0 -1.0 -1.0 -1.0 0.0 0.35003150795244464 0.350602025934798 0.29936646611275725
9 549.0 0.0 -1.0 -1.0 -1.0 0.0 0.34656780945293664 0.3304858905145059 0.3229463000325577
9 550.0 0.0 -1.0 -1.0 -1.0 0.0 0.35259184124952353 0.3003747159453271 0.34703344280514953
9 551.0 0.0 -1.0 -1.0 -1.0 0.0 0.36311134954903374 0.32144169581657095 0.31544695463439526
9 552.0 0.0 -1.0 -1.0 -1.0 0.0 0.3368631554371747 0.34034863920388736 0.32278820535893793
9 553.0 0.0 -1.0 -1.0 -1.0 0.0 0.3132907329633678 0.34844915299656504 0.3382601140400673
9 554.0 0.0 -1.0 -1.0 -1.0 0.0 0.31574058615822975 0.3273001938526894 0.35695921998908114
9 555.0 0.0 -1.0 -1.0 -1.0 0.0 0.32218144434756163 0.33931964098518613 0.3384989146672521
9 556.0 0.0 -1.0 -1.0 -1.0 0.0 0.30297961046284916 0.37398230137784894 0.32303808815930213
9 557.0 0.0 -1.0 -1.0 -1.0 0.0 0.29331858634838 0.3804623625063613 0.32621905114525895
9 558.0 0.0 -1.0 -1.0 -1.0 0.0 0.31441752243848353 0.3788407772174899 0.3067417003440266
9 559.0 0.0 -1.0 -1.0 -1.0 0.0 0.30664777388141795 0.3575605014030878 0.33579172471549434
9 560.0 0.0 -1.0 -1.0 -1.0 0.0 0.3303723142536949 0.33497844073893046 0.3346492450073746
9 561.0 0.0 -1.0 -1.0 -1.0 0.0 0.32286223373811784 0.33761635633495884 0.3395214099269235
9 562.0 0.0 -1.0 -1.0 -1.0 0.0 0.30720372063829227 0.34742221055053535 0.34537406881117233
9 563.0 0.0 -1.0 -1.0 -1.0 0.0 0.3451248635239972 0.32926952949642696 0.32560560697957563
9 564.0 0.0 -1.0 -1.0 -1.0 0.0 0.3327232341772145 0.33538621922721457 0.3318905465955707
9 565.0 0.0 -1.0 -1.0 -1.0 0.0 0.3360467775628531 0.3392644991531856 0.32468872328396153
9 566.0 0.0 -1.0 -1.0 -1.0 0.0 0.3253235204905565 0.35340623260500936 0.3212702469044341
9 567.0 0.0 -1.0 -1.0 -1.0 0.0 0.32782090553681315 0.34934502350825647 0.3228340709549303
9 568.0 0.0 -1.0 -1.0 -1.0 0.0 0.3270468861759405 0.3545005947686198 0.3184525190554398
9 569.0 0.0 -1.0 -1.0 -1.0 0.0 0.29222006893711333 0.35692883878312465 0.35085109227976174
9 570.0 0.0 -1.0 -1.0 -1.0 0.0 0.31227972270465343 0.3592852639791109 0.3284350133162355
9 571.0 0.0 -1.0 -1.0 -1.0 0.0 0.32500950311954246 0.3590369742928115 0.3159535225876461
9 572.0 0.0 -1.0 -1.0 -1.0 0.0 0.3357153318620682 0.3269971755640339 0.33728749257389806
9 573.0 0.0 -1.0 -1.0 -1.0 0.0 0.32149102506893157 0.3282747890970952 0.35023418583397314
9 574.0 0.0 -1.0 -1.0 -1.0 0.0 0.333131515168278 0.3659126194148272 0.3009558654168946
9 575.0 0.0 -1.0 -1.0 -1.0 0.0 0.32583682535068736 0.34219035417136057 0.33197282047795196
9 576.0 0.0 -1.0 -1.0 -1.0 0.0 0.3355314450116708 0.3212832865037513 0.3431852684845779
9 577.0 0.0 -1.0 -1.0 -1.0 0.0 0.3431350866345379 0.3274694789141088 0.32939543445135344
9 578.0 0.0 -1.0 -1.0 -1.0 0.0 0.3707186030607305 0.3167908220354335 0.312490574903836
9 579.0 0.0 -1.0 -1.0 -1.0 0.0 0.34837902611754035 0.3091962018967082 0.34242477198575166
9 580.0 0.0 -1.0 -1.0 -1.0 0.0 0.2888839614210484 0.32290209547920723 0.3882139430997442
9 581.0 0.0 -1.0 -1.0 -1.0 0.0 0.29149476223023135 0.36114328342974633 0.34736195434002204
9 582.0 0.0 -1.0 -1.0 -1.0 0.0 0.2985798142058233 0.35555459746839496 0.34586558832578185
9 583.0 0.0 -1.0 -1.0 -1.0 0.0 0.3020700431537739 0.35932667687192904 0.3386032799742971
9 584.0 0.0 -1.0 -1.0 -1.0 0.0 0.30224384791904846 0.3812406290022284 0.3165155230787233
9 585.0 0.0 -1.0 -1.0 -1.0 0.0 0.3127239189009989 0.36125700870744276 0.3260190723915583
9 586.0 0.0 -1.0 -1.0 -1.0 0.0 0.31613107727963263 0.35890312289634285 0.3249657998240245
9 587.0 0.0 -1.0 -1.0 -1.0 0.0 0.3278855938363339 0.3370971357847198 0.3350172703789462
9 588.0 0.0 -1.0 -1.0 -1.0 0.0 0.321621575661193 0.3468712883807534 0.33150713595805376
9 589.0 0.0 -1.0 -1.0 -1.0 0.0 0.3229876948500716 0.33823331504285775 0.33877899010707047
9 590.0 0.0 -1.0 -1.0 -1.0 0.0 0.3432787626813916 0.30686154885487515 0.34985968846373305
9 591.0 0.0 -1.0 -1.0 -1.0 0.0 0.3405199999204757 0.335614247461483 0.3238657526180412
9 592.0 0.0 -1.0 -1.0 -1.0 0.0 0.3383828537171539 0.33771968766797883 0.323897458614867
9 593.0 0.0 -1.0 -1.0 -1.0 0.0 0.32515125727681493 0.3621102202608841 0.312738522462301
9 594.0 0.0 -1.0 -1.0 -1.0 0.0 0.3150985306687701 0.36228119295248346 0.3226202763787466
9 595.0 0.0 -1.0 -1.0 -1.0 0.0 0.33134658238313663 0.36602966793486624 0.3026237496819971
9 596.0 0.0 -1.0 -1.0 -1.0 0.0 0.32890022211877334 0.34954770201836266 0.321552075862864
9 597.0 0.0 -1.0 -1.0 -1.0 0.0 0.3528770991071932 0.3435038736596805 0.30361902723312634
9 598.0 0.0 -1.0 -1.0 -1.0 0.0 0.36995422756227087 0.3077870464345749 0.32225872600315436
9 599.0 0.0 -1.0 -1.0 -1.0 0.0 0.34742419781230466 0.335612019127604 0.3169637830600913
9 600.0 0.0 -1.0 -1.0 -1.0 0.0 0.3425108855461847 0.3442171238181113 0.31327199063570377
9 601.0 0.0 -1.0 -1.0 -1.0 0.0 0.36555143583478605 0.3401611862292792 0.29428737793593496
9 602.0 0.0 -1.0 -1.0 -1.0 0.0 0.3600677262111423 0.34064481235425326 0.2992874614346048
9 603.0 0.0 -1.0 -1.0 -1.0 0.0 0.3882856561240739 0.3294122229080207 0.2823021209679053
9 604.0 0.0 -1.0 -1.0 -1.0 0.0 0.3837356563732575 0.3197814213365161 0.2964829222902261
9 605.0 0.0 -1.0 -1.0 -1.0 0.0 0.35555582515285705 0.3143455502441941 0.330098624602949
9 606.0 0.0 -1.0 -1.0 -1.0 0.0 0.3410408226334908 0.34159637608549986 0.3173628012810095
9 607.0 0.0 -1.0 -1.0 -1.0 0.0 0.33185339257527446 0.36132901033657283 0.30681759708815265
9 608.0 0.0 -1.0 -1.0 -1.0 0.0 0.333523878584761 0.3591134453376739 0.30736267607756507
9 609.0 0.0 -1.0 -1.0 -1.0 0.0 0.34521914046012514 0.32842154704834237 0.3263593124915322
9 610.0 0.0 -1.0 -1.0 -1.0 0.0 0.3474989240017639 0.32918695722870245 0.3233141187695336
9 611.0 0.0 -1.0 -1.0 -1.0 0.0 0.32121479750439486 0.3504879222629846 0.32829728023262056
9 612.0 0.0 -1.0 -1.0 -1.0 0.0 0.3335329527299264 0.34666725750890537 0.31979978976116813
9 613.0 0.0 -1.0 -1.0 -1.0 0.0 0.34414521659337566 0.3424616429621987 0.31339314044442546
9 614.0 0.0 -1.0 -1.0 -1.0 0.0 0.3411080563922306 0.3199850994274385 0.338906844180331
9 615.0 0.0 -1.0 -1.0 -1.0 0.0 0.32044083338616686 0.33742285307813963 0.3421363135356937
9 616.0 0.0 -1.0 -1.0 -1.0 0.0 0.3006237847930258 0.3476656464660537 0.3517105687409206
9 617.0 0.0 -1.0 -1.0 -1.0 0.0 0.29119056401486865 0.3541403254123379 0.3546691105727935
9 618.0 0.0 -1.0 -1.0 -1.0 0.0 0.3200349223688962 0.3618178980997906 0.31814717953131305
9 619.0 0.0 -1.0 -1.0 -1.0 0.0 0.3159822268024687 0.3408519673060789 0.3431658058914526
9 620.0 0.0 -1.0 -1.0 -1.0 0.0 0.32385511794324756 0.3427536950865989 0.3333911869701535
9 621.0 0.0 -1.0 -1.0 -1.0 0.0 0.31502936513780555 0.3393092144673029 0.34566142039489167
9 622.0 0.0 -1.0 -1.0 -1.0 0.0 0.29240175804438046 0.36296421503179976 0.3446340269238198
9 623.0 0.0 -1.0 -1.0 -1.0 0.0 0.3091511028858612 0.3609516221497491 0.32989727496438975
9 624.0 0.0 -1.0 -1.0 -1.0 0.0 0.30628734792210266 0.35572136328772125 0.33799128879017587
9 625.0 0.0 -1.0 -1.0 -1.0 0.0 0.3094267701407329 0.34332287571722264 0.3472503541420446
9 626.0 0.0 -1.0 -1.0 -1.0 0.0 0.30210510672690555 0.3727248411682845 0.32517005210481015
9 627.0 0.0 -1.0 -1.0 -1.0 0.0 0.3072091987097352 0.3722345785089523 0.32055622278131224
9 628.0 0.0 -1.0 -1.0 -1.0 0.0 0.3145537431753935 0.3724462566582951 0.31300000016631147
9 629.0 0.0 -1.0 -1.0 -1.0 0.0 0.31529990223956245 0.35503500977549085 0.3296650879849467
9 630.0 0.0 -1.0 -1.0 -1.0 0.0 0.3311580950917739 0.339188568750313 0.32965333615791276
9 631.0 0.0 -1.0 -1.0 -1.0 0.0 0.36512746186101985 0.31141033556912434 0.32346220256985575
9 632.0 0.0 -1.0 -1.0 -1.0 0.0 0.38477833381876114 0.2822215589809942 0.3330001072002446
9 633.0 0.0 -1.0 -1.0 -1.0 0.0 0.3683758226390105 0.2862201060007495 0.34540407136023993
9 634.0 0.0 -1.0 -1.0 -1.0 0.0 0.36412625739839866 0.3123259415185832 0.32354780108301795
9 635.0 0.0 -1.0 -1.0 -1.0 0.0 0.3563675216973518 0.32027905631034126 0.3233534219923067
9 636.0 0.0 -1.0 -1.0 -1.0 0.0 0.3644511855602795 0.31285260917194935 0.322696205267771
9 637.0 0.0 -1.0 -1.0 -1.0 0.0 0.32232585411250403 0.3481871956526021 0.3294869502348938
9 638.0 0.0 -1.0 -1.0 -1.0 0.0 0.32549168212067364 0.34718039137314816 0.32732792650617837
9 639.0 0.0 -1.0 -1.0 -1.0 0.0 0.33697019924956 0.353261519869136 0.3097682808813041
9 640.0 0.0 -1.0 -1.0 -1.0 0.0 0.33731602239656056 0.35554763104276377 0.30713634656067557
9 641.0 0.0 -1.0 -1.0 -1.0 0.0 0.3384941827993342 0.3557704977174374 0.3057353194832284
9 642.0 0.0 -1.0 -1.0 -1.0 0.0 0.3487169399920182 0.35209348732515094 0.29918957268283086
9 643.0 0.0 -1.0 -1.0 -1.0 0.0 0.33808778646910587 0.34424390851410364 0.3176683050167907
9 644.0 0.0 -1.0 -1.0 -1.0 0.0 0.3426628893392982 0.33192078280924214 0.32541632785145963
9 645.0 0.0 -1.0 -1.0 -1.0 0.0 0.32159521489980336 0.3476905813509702 0.33071420374922644
9 646.0 0.0 -1.0 -1.0 -1.0 0.0 0.3063680769060306 0.33379845456523116 0.3598334685287382
9 647.0 0.0 -1.0 -1.0 -1.0 0.0 0.32465012532558246 0.33280377139996714 0.34254610327445045
9 648.0 0.0 -1.0 -1.0 -1.0 0.0 0.3122743581345661 0.3365965187491755 0.3511291231162583
9 649.0 0.0 -1.0 -1.0 -1.0 0.0 0.31341151842726417 0.33957934501117487 0.34700913656156085
9 650.0 0.0 -1.0 -1.0 -1.0 0.0 0.31415825774876677 0.34593867229259695 0.33990306995863634
9 651.0 0.0 -1.0 -1.0 -1.0 0.0 0.3250123174882063 0.33198025806737674 0.3430074244444168
9 652.0 0.0 -1.0 -1.0 -1.0 0.0 0.3243594720818146 0.3261661098024854 0.3494744181157
9 653.0 0.0 -1.0 -1.0 -1.0 0.0 0.32993701168767603 0.35692361843616177 0.31313936987616237
9 654.0 0.0 -1.0 -1.0 -1.0 0.0 0.32559881979262684 0.37225593449821837 0.3021452457091546
9 655.0 0.0 -1.0 -1.0 -1.0 0.0 0.34691057871088254 0.33640966998675054 0.3166797513023666
9 656.0 0.0 -1.0 -1.0 -1.0 0.0 0.33850251468563614 0.3254783521046775 0.3360191332096862
9 657.0 0.0 -1.0 -1.0 -1.0 0.0 0.33857722140566826 0.31466606991569707 0.3467567086786346
9 658.0 0.0 -1.0 -1.0 -1.0 0.0 0.34353834848896336 0.32006829292498595 0.3363933585860506
9 659.0 0.0 -1.0 -1.0 -1.0 0.0 0.3436114877236885 0.3133792225179388 0.3430092897583726
9 660.0 0.0 -1.0 -1.0 -1.0 0.0 0.32887443438153263 0.31617440776486666 0.35495115785360093
9 661.0 0.0 -1.0 -1.0 -1.0 0.0 0.34045898096563115 0.3020471854511977 0.3574938335831713
9 662.0 0.0 -1.0 -1.0 -1.0 0.0 0.3690452218183773 0.2944735082442839 0.33648126993733896
9 663.0 0.0 -1.0 -1.0 -1.0 0.0 0.3554694999557664 0.30023484395595107 0.34429565608828255
9 664.0 0.0 -1.0 -1.0 -1.0 0.0 0.3606915055375131 0.30003099652332843 0.3392774979391583
9 665.0 0.0 -1.0 -1.0 -1.0 0.0 0.3468265315867706 0.3295936625241545 0.32357980588907453
9 666.0 0.0 -1.0 -1.0 -1.0 0.0 0.35346388397510703 0.33030350442414724 0.31623261160074567
9 667.0 0.0 -1.0 -1.0 -1.0 0.0 0.3317747420746829 0.35615867208394036 0.3120665858413767
9 668.0 0.0 -1.0 -1.0 -1.0 0.0 0.3310662833851088 0.34114943000355313 0.32778428661133824
9 669.0 0.0 -1.0 -1.0 -1.0 0.0 0.33500139803887047 0.3325020228947099 0.33249657906641955
9 670.0 0.0 -1.0 -1.0 -1.0 0.0 0.31571431695940727 0.343743129015794 0.3405425540247988
9 671.0 0.0 -1.0 -1.0 -1.0 0.0 0.31771675618211015 0.3269214530954836 0.3553617907224064
9 672.0 0.0 -1.0 -1.0 -1.0 0.0 0.32276820743477636 0.29575005902174534 0.38148173354347825
9 673.0 0.0 -1.0 -1.0 -1.0 0.0 0.30080939780918536 0.33298362862817604 0.36620697356263876
9 674.0 0.0 -1.0 -1.0 -1.0 0.0 0.30408651133582343 0.33925566947036806 0.35665781919380846
9 675.0 0.0 -1.0 -1.0 -1.0 0.0 0.31674392034749843 0.33469934901247866 0.3485567306400227
9 676.0 0.0 -1.0 -1.0 -1.0 0.0 0.34168434602050646 0.30260174976935167 0.3557139042101417
9 677.0 0.0 -1.0 -1.0 -1.0 0.0 0.3463837535382224 0.27850575238127173 0.3751104940805061
9 678.0 0.0 -1.0 -1.0 -1.0 0.0 0.326822296483374 0.2912687246287581 0.38190897888786773
9 679.0 0.0 -1.0 -1.0 -1.0 0.0 0.3313951039852455 0.3168233033953401 0.35178159261941433
9 680.0 0.0 -1.0 -1.0 -1.0 0.0 0.35246917418715584 0.3306614150154146 0.3168694107974294
9 681.0 0.0 -1.0 -1.0 -1.0 0.0 0.3565206266533464 0.30292885854192264 0.3405505148047311
9 682.0 0.0 -1.0 -1.0 -1.0 0.0 0.32916753894056927 0.30515120090790787 0.36568126015152275
9 683.0 0.0 -1.0 -1.0 -1.0 0.0 0.3213570065690501 0.32609083096544944 0.3525521624655005
9 684.0 0.0 -1.0 -1.0 -1.0 0.0 0.3280749478080513 0.3464403855570165 0.3254846666349324
9 685.0 0.0 -1.0 -1.0 -1.0 0.0 0.3216259980062304 0.35704552504587367 0.3213284769478959
9 686.0 0.0 -1.0 -1.0 -1.0 0.0 0.31733555409830577 0.35064085232401637 0.3320235935776779
9 687.0 0.0 -1.0 -1.0 -1.0 0.0 0.33174254705532263 0.3369199643100359 0.33133748863464163
9 688.0 0.0 -1.0 -1.0 -1.0 0.0 0.3277843920156673 0.3300960445904949 0.34211956339383803
9 689.0 0.0 -1.0 -1.0 -1.0 0.0 0.35169725449781164 0.330547996509913 0.3177547489922756
9 690.0 0.0 -1.0 -1.0 -1.0 0.0 0.33649740677353884 0.3129665929763911 0.35053600025007015
9 691.0 0.0 -1.0 -1.0 -1.0 0.0 0.33387104932982853 0.30027196832654063 0.36585698234363084
9 692.0 0.0 -1.0 -1.0 -1.0 0.0 0.30221974480608377 0.3095662875009608 0.3882139676929554
9 693.0 0.0 -1.0 -1.0 -1.0 0.0 0.3167710861056548 0.29809039371626583 0.3851385201780795
9 694.0 0.0 -1.0 -1.0 -1.0 0.0 0.2949593789345212 0.2938068579616157 0.4112337631038635
9 695.0 0.0 -1.0 -1.0 -1.0 0.0 0.31176817651179634 0.32885819575138525 0.3593736277368182
9 696.0 0.0 -1.0 -1.0 -1.0 0.0 0.3100741048176494 0.3476830998871345 0.3422427952952162
9 697.0 0.0 -1.0 -1.0 -1.0 0.0 0.28139453140934756 0.3573183478347849 0.3612871207558679
9 698.0 0.0 -1.0 -1.0 -1.0 0.0 0.2638640141088204 0.36533832338855127 0.37079766250262836
9 699.0 0.0 -1.0 -1.0 -1.0 0.0 0.29381830583146445 0.34866098267958356 0.3575207114889521
9 700.0 0.0 -1.0 -1.0 -1.0 0.0 0.3139615258916458 0.33136434566052253 0.3546741284478317
9 701.0 0.0 -1.0 -1.0 -1.0 0.0 0.31140939082883096 0.3536706006070176 0.33492000856415116
9 702.0 0.0 -1.0 -1.0 -1.0 0.0 0.3267778188256764 0.383209069085852 0.2900131120884715
9 703.0 0.0 -1.0 -1.0 -1.0 0.0 0.3228556007569655 0.3807219049886693 0.29642249425436523
9 704.0 0.0 -1.0 -1.0 -1.0 0.0 0.3428535012510354 0.3602973890249732 0.29684910972399137
9 705.0 0.0 -1.0 -1.0 -1.0 0.0 0.3707585527911306 0.3233865371531836 0.3058549100556858
9 706.0 0.0 -1.0 -1.0 -1.0 0.0 0.35819221084347114 0.3027384332752948 0.3390693558812338
9 707.0 0.0 -1.0 -1.0 -1.0 0.0 0.34543202271612977 0.3080009327290064 0.3465670445548637
9 708.0 0.0 -1.0 -1.0 -1.0 0.0 0.33026671194097934 0.32524650619075696 0.344486781868264
9 709.0 0.0 -1.0 -1.0 -1.0 0.0 0.3486068701854465 0.3120896610767959 0.33930346873775735
9 710.0 0.0 -1.0 -1.0 -1.0 0.0 0.3509620291148745 0.32026908067981497 0.3287688902053106
9 711.0 0.0 -1.0 -1.0 -1.0 0.0 0.3737072331010756 0.2954238856608755 0.3308688812380488
9 712.0 0.0 -1.0 -1.0 -1.0 0.0 0.3825867916740575 0.27091706720160097 0.3464961411243413
9 713.0 0.0 -1.0 -1.0 -1.0 0.0 0.38125584617920283 0.2898376697345499 0.3289064840862475
9 714.0 0.0 -1.0 -1.0 -1.0 0.0 0.3742116162697552 0.3092383606132318 0.316550023117013
9 715.0 0.0 -1.0 -1.0 -1.0 0.0 0.37848191963194 0.299506769358331 0.32201131100972896
9 716.0 0.0 -1.0 -1.0 -1.0 0.0 0.36463445253650306 0.29942644500865234 0.33593910245484454
9 717.0 0.0 -1.0 -1.0 -1.0 0.0 0.32544526986029687 0.3224440604188451 0.3521106697208581
9 718.0 0.0 -1.0 -1.0 -1.0 0.0 0.3305425318388107 0.31479821932461793 0.35465924883657146
9 719.0 0.0 -1.0 -1.0 -1.0 0.0 0.33293999590352596 0.30813561567531667 0.35892438842115715
9 720.0 0.0 -1.0 -1.0 -1.0 0.0 0.34167105848061996 0.32527564763011674 0.3330532938892631
9 721.0 0.0 -1.0 -1.0 -1.0 0.0 0.31597498893393505 0.32435679961686487 0.35966821144920014
9 722.0 0.0 -1.0 -1.0 -1.0 0.0 0.32289521065355203 0.31072071978814597 0.3663840695583021
9 723.0 0.0 -1.0 -1.0 -1.0 0.0 0.3501495612109611 0.320546896482597 0.3293035423064418
9 724.0 0.0 -1.0 -1.0 -1.0 0.0 0.34820119880440226 0.2974201776394355 0.35437862355616234
9 725.0 0.0 -1.0 -1.0 -1.0 0.0 0.3455363750644899 0.319899977021143 0.3345636479143672
9 726.0 0.0 -1.0 -1.0 -1.0 0.0 0.3364285221430537 0.3135040229728629 0.3500674548840836
9 727.0 0.0 -1.0 -1.0 -1.0 0.0 0.33410683017127474 0.33095646970455894 0.3349367001241661
9 728.0 0.0 -1.0 -1.0 -1.0 0.0 0.3339436191263437 0.3478939436509888 0.31816243722266746
9 729.0 0.0 -1.0 -1.0 -1.0 0.0 0.33173932846419285 0.31775977341101497 0.35050089812479207
9 730.0 0.0 -1.0 -1.0 -1.0 0.0 0.32749426634261397 0.3294903247484154 0.34301540890897103
9 731.0 0.0 -1.0 -1.0 -1.0 0.0 0.33902894128482836 0.32922686759444664 0.3317441911207251
9 732.0 0.0 -1.0 -1.0 -1.0 0.0 0.3268953547058478 0.34485271776157617 0.32825192753257587
9 733.0 0.0 -1.0 -1.0 -1.0 0.0 0.3598260001929149 0.31270242512565205 0.327471574681433
9 734.0 0.0 -1.0 -1.0 -1.0 0.0 0.3170196932639414 0.3346805465385488 0.34829976019750986
9 735.0 0.0 -1.0 -1.0 -1.0 0.0 0.31019480186658815 0.35093293471943837 0.33887226341397325
9 736.0 0.0 -1.0 -1.0 -1.0 0.0 0.3174768304840574 0.3481560214585746 0.3343671480573681
9 737.0 0.0 -1.0 -1.0 -1.0 0.0 0.32158010931093023 0.33727014552418355 0.34114974516488644
9 738.0 0.0 -1.0 -1.0 -1.0 0.0 0.33623690272453777 0.3210489436611838 0.3427141536142782
9 739.0 0.0 -1.0 -1.0 -1.0 0.0 0.32415070497527887 0.31085237787913383 0.36499691714558735
9 740.0 0.0 -1.0 -1.0 -1.0 0.0 0.3296934713865823 0.30548030818076183 0.3648262204326558
9 741.0 0.0 -1.0 -1.0 -1.0 0.0 0.33073217085574574 0.31339633908218184 0.35587149006207247
9 742.0 0.0 -1.0 -1.0 -1.0 0.0 0.3396041771761582 0.3084067464128922 0.35198907641094945
9 743.0 0.0 -1.0 -1.0 -1.0 0.0 0.3095337380332612 0.3441145793785802 0.34635168258815857
9 744.0 0.0 -1.0 -1.0 -1.0 0.0 0.3174325090642966 0.320107603230796 0.3624598877049074
9 745.0 0.0 -1.0 -1.0 -1.0 0.0 0.3365846213926915 0.3230947422897895 0.34032063631751897
9 746.0 0.0 -1.0 -1.0 -1.0 0.0 0.3375228826769615 0.3138785639549597 0.34859855336807866
9 747.0 0.0 -1.0 -1.0 -1.0 0.0 0.34989915347115863 0.31186450597894966 0.33823634054989166
9 748.0 0.0 -1.0 -1.0 -1.0 0.0 0.34160836476900086 0.3295630912419449 0.3288285439890542
9 749.0 0.0 -1.0 -1.0 -1.0 0.0 0.351332314896451 0.3191198585641291 0.32954782653942016
9 750.0 0.0 -1.0 -1.0 -1.0 0.0 0.3570954878052593 0.30453796306284026 0.3383665491319007
9 751.0 0.0 -1.0 -1.0 -1.0 0.0 0.3970320836500417 0.2877800607010513 0.315187855648907
9 752.0 0.0 -1.0 -1.0 -1.0 0.0 0.3735873161742178 0.3156475083567241 0.31076517546905813
9 753.0 0.0 -1.0 -1.0 -1.0 0.0 0.34841878218873285 0.34918192347382127 0.30239929433744583
9 754.0 0.0 -1.0 -1.0 -1.0 0.0 0.3480500245434034 0.37491610549117477 0.2770338699654222
9 755.0 0.0 -1.0 -1.0 -1.0 0.0 0.3518830237999582 0.33411410979026324 0.3140028664097785
9 756.0 0.0 -1.0 -1.0 -1.0 0.0 0.3493594537770226 0.3225362916002382 0.3281042546227391
9 757.0 0.0 -1.0 -1.0 -1.0 0.0 0.3373282328571486 0.34690388601708194 0.31576788112576953
9 758.0 0.0 -1.0 -1.0 -1.0 0.0 0.32649374549377524 0.33783226897175306 0.33567398553447164
9 759.0 0.0 -1.0 -1.0 -1.0 0.0 0.3086749954333137 0.34858650090390375 0.3427385036627824
9 760.0 0.0 -1.0 -1.0 -1.0 0.0 0.3019393929151057 0.33859317588120463 0.35946743120368974
9 761.0 0.0 -1.0 -1.0 -1.0 0.0 0.2952127284637763 0.3478478721465415 0.35693939938968255
9 762.0 0.0 -1.0 -1.0 -1.0 0.0 0.2926490303285638 0.35043987949052935 0.35691109018090666
9 763.0 0.0 -1.0 -1.0 -1.0 0.0 0.30641487281494345 0.36188465093907124 0.3317004762459853
9 764.0 0.0 -1.0 -1.0 -1.0 0.0 0.31619800812528615 0.38840657014480034 0.2953954217299135
9 765.0 0.0 -1.0 -1.0 -1.0 0.0 0.3196310011405258 0.3798872125543179 0.30048178630515626
9 766.0 0.0 -1.0 -1.0 -1.0 0.0 0.32934155542094756 0.33297626761012106 0.33768217696893116
9 767.0 0.0 -1.0 -1.0 -1.0 0.0 0.3334984475459906 0.33946691269350315 0.3270346397605061
9 768.0 0.0 -1.0 -1.0 -1.0 0.0 0.3560155221316154 0.3346327441143208 0.3093517337540637
9 769.0 0.0 -1.0 -1.0 -1.0 0.0 0.3533537462435714 0.3462004253483352 0.30044582840809336
9 770.0 0.0 -1.0 -1.0 -1.0 0.0 0.35671442032754586 0.3306581870569538 0.31262739261550043
9 771.0 0.0 -1.0 -1.0 -1.0 0.0 0.35860418816672235 0.31297020023482836 0.32842561159844924
9 772.0 0.0 -1.0 -1.0 -1.0 0.0 0.349308463225811 0.32872292340338055 0.32196861337080834
9 773.0 0.0 -1.0 -1.0 -1.0 0.0 0.3522546408613326 0.346323656677946 0.30142170246072125
9 774.0 0.0 -1.0 -1.0 -1.0 0.0 0.35996362676764376 0.34294403041835836 0.297092342813998
9 775.0 0.0 -1.0 -1.0 -1.0 0.0 0.3735616325273155 0.3307626791398268 0.2956756883328577
9 776.0 0.0 -1.0 -1.0 -1.0 0.0 0.37919585562641717 0.32555631671828167 0.295247827655301
9 777.0 0.0 -1.0 -1.0 -1.0 0.0 0.34443317027422504 0.34578408033357905 0.309782749392196
9 778.0 0.0 -1.0 -1.0 -1.0 0.0 0.3475407064780008 0.3473858362174086 0.30507345730459073
9 779.0 0.0 -1.0 -1.0 -1.0 0.0 0.34531284509313515 0.3454487830357087 0.3092383718711562
9 780.0 0.0 -1.0 -1.0 -1.0 0.0 0.3236544879016228 0.3683352274737565 0.30801028462462066
9 781.0 0.0 -1.0 -1.0 -1.0 0.0 0.31479175013974003 0.34886228411354453 0.3363459657467153
9 782.0 0.0 -1.0 -1.0 -1.0 0.0 0.3442606212641733 0.33347627733467283 0.32226310140115394
9 783.0 0.0 -1.0 -1.0 -1.0 0.0 0.35216829993630233 0.31268125564928356 0.3351504444144139
9 784.0 0.0 -1.0 -1.0 -1.0 0.0 0.35172328351167975 0.302806771676044 0.3454699448122763
9 785.0 0.0 -1.0 -1.0 -1.0 0.0 0.32304591197595384 0.31575919967476807 0.3611948883492781
9 786.0 0.0 -1.0 -1.0 -1.0 0.0 0.36140274644437037 0.28776290519567377 0.3508343483599558
9 787.0 0.0 -1.0 -1.0 -1.0 0.0 0.36657547097243354 0.2884528086163187 0.3449717204112477
9 788.0 0.0 -1.0 -1.0 -1.0 0.0 0.34440645852113794 0.29899689413450525 0.35659664734435614
9 789.0 0.0 -1.0 -1.0 -1.0 0.0 0.35335730677125105 0.30606688056232306 0.34057581266642567
9 790.0 0.0 -1.0 -1.0 -1.0 0.0 0.37606372061843063 0.31434702476918763 0.3095892546123816
9 791.0 0.0 -1.0 -1.0 -1.0 0.0 0.3595653658410916 0.31470132407777607 0.32573331008113243
9 792.0 0.0 -1.0 -1.0 -1.0 0.0 0.33098314233082055 0.32146797354690704 0.3475488841222726
9 793.0 0.0 -1.0 -1.0 -1.0 0.0 0.33745502004902606 0.3148115212241137 0.3477334587268601
9 794.0 0.0 -1.0 -1.0 -1.0 0.0 0.33526457331835535 0.3405343291862773 0.3242010974953676
9 795.0 0.0 -1.0 -1.0 -1.0 0.0 0.31848709093188554 0.359348070513277 0.3221648385548376
9 796.0 0.0 -1.0 -1.0 -1.0 0.0 0.2963180045302615 0.3609292341186944 0.3427527613510445
9 797.0 0.0 -1.0 -1.0 -1.0 0.0 0.30908607146239075 0.33940251150272766 0.3515114170348814
9 798.0 0.0 -1.0 -1.0 -1.0 0.0 0.30253035774206105 0.3589981299503032 0.3384715123076357
9 799.0 0.0 -1.0 -1.0 -1.0 0.0 0.3153095116144009 0.3515071957425914 0.3331832926430075
9 800.0 0.0 -1.0 -1.0 -1.0 0.0 0.3267887330787703 0.3563559504828399 0.31685531643838993
9 801.0 0.0 -1.0 -1.0 -1.0 0.0 0.3286807761906029 0.3588285436923309 0.31249068011706627
9 802.0 0.0 -1.0 -1.0 -1.0 0.0 0.31584603940805395 0.35345596133444473 0.3306979992575016
9 803.0 0.0 -1.0 -1.0 -1.0 0.0 0.3110694996703966 0.3514305759288527 0.3374999244007506
9 804.0 0.0 -1.0 -1.0 -1.0 0.0 0.32716308587687637 0.3602274653979329 0.31260944872519053
9 805.0 0.0 -1.0 -1.0 -1.0 0.0 0.31953411004266424 0.3646567457361579 0.31580914422117795
9 806.0 0.0 -1.0 -1.0 -1.0 0.0 0.29683513477929946 0.35758005122834946 0.34558481399235097
9 807.0 0.0 -1.0 -1.0 -1.0 0.0 0.3097881078898713 0.3602261401851786 0.32998575192494994
9 808.0 0.0 -1.0 -1.0 -1.0 0.0 0.3043184075975853 0.34862415787653106 0.3470574345258835
9 809.0 0.0 -1.0 -1.0 -1.0 0.0 0.330239810555824 0.33885354583878263 0.3309066436053935
9 810.0 0.0 -1.0 -1.0 -1.0 0.0 0.3247635765440574 0.31884417639107815 0.35639224706486444
9 811.0 0.0 -1.0 -1.0 -1.0 0.0 0.3152262655448142 0.30957383701142654 0.37519989744375937
9 812.0 0.0 -1.0 -1.0 -1.0 0.0 0.32441996273671675 0.3142631876787526 0.3613168495845305
9 813.0 0.0 -1.0 -1.0 -1.0 0.0 0.31791787609658334 0.3282417760593468 0.35384034784406976
9 814.0 0.0 -1.0 -1.0 -1.0 0.0 0.30705592298698164 0.34178951679005837 0.3511545602229599
9 815.0 0.0 -1.0 -1.0 -1.0 0.0 0.28955844196713537 0.3551008813155587 0.35534067671730596
9 816.0 0.0 -1.0 -1.0 -1.0 0.0 0.2814698029281123 0.35916296222367733 0.35936723484821054
9 817.0 0.0 -1.0 -1.0 -1.0 0.0 0.2854537790269175 0.35208512242175416 0.36246109855132824
9 818.0 0.0 -1.0 -1.0 -1.0 0.0 0.29548336908547584 0.34405794075606944 0.36045869015845466
9 819.0 0.0 -1.0 -1.0 -1.0 0.0 0.30853829234508756 0.3334349088248335 0.35802679883007893
9 820.0 0.0 -1.0 -1.0 -1.0 0.0 0.3340413484228481 0.3169020018098684 0.3490566497672835
9 821.0 0.0 -1.0 -1.0 -1.0 0.0 0.3272537793358496 0.3292009442154529 0.3435452764486977
9 822.0 0.0 -1.0 -1.0 -1.0 0.0 0.30678949249773807 0.33302388800895544 0.3601866194933063
9 823.0 0.0 -1.0 -1.0 -1.0 0.0 0.33018656501001964 0.3344418562224405 0.33537157876753965
9 824.0 0.0 -1.0 -1.0 -1.0 0.0 0.30846198592982743 0.3504421031079026 0.3410959109622704
9 825.0 0.0 -1.0 -1.0 -1.0 0.0 0.3146632129331165 0.3520208205198012 0.33331596654708234
9 826.0 0.0 -1.0 -1.0 -1.0 0.0 0.333893937070369 0.3357766258879218 0.33032943704170914
9 827.0 0.0 -1.0 -1.0 -1.0 0.0 0.31872890354710287 0.3598831285051052 0.32138796794779195
9 828.0 0.0 -1.0 -1.0 -1.0 0.0 0.33435430853562303 0.367832637327155 0.297813054137222
9 829.0 0.0 -1.0 -1.0 -1.0 0.0 0.3131884582468946 0.3981588169784262 0.28865272477467935
9 830.0 0.0 -1.0 -1.0 -1.0 0.0 0.3040908388534195 0.3787769995432326 0.3171321616033478
9 831.0 0.0 -1.0 -1.0 -1.0 0.0 0.2975398754593464 0.3442505885910815 0.35820953594957233
9 832.0 0.0 -1.0 -1.0 -1.0 0.0 0.2844463125049581 0.3422159665168972 0.37333772097814466
9 833.0 0.0 -1.0 -1.0 -1.0 0.0 0.2753500666493748 0.34240257032992794 0.3822473630206972
9 834.0 0.0 -1.0 -1.0 -1.0 0.0 0.2762854276048686 0.31552174531825905 0.40819282707687227
9 835.0 0.0 -1.0 -1.0 -1.0 0.0 0.30604581347803217 0.3182854855864822 0.3756687009354856
9 836.0 0.0 -1.0 -1.0 -1.0 0.0 0.3000178007121617 0.31260638289513 0.3873758163927084
9 837.0 0.0 -1.0 -1.0 -1.0 0.0 0.3222863030745502 0.30515107429575006 0.3725626226296997
9 838.0 0.0 -1.0 -1.0 -1.0 0.0 0.3063081811740207 0.343673841736263 0.3500179770897166
9 839.0 0.0 -1.0 -1.0 -1.0 0.0 0.2861519660370217 0.37642481272658634 0.33742322123639235
9 840.0 0.0 -1.0 -1.0 -1.0 0.0 0.2932485857634862 0.3783948043340477 0.3283566099024659
9 841.0 0.0 -1.0 -1.0 -1.0 0.0 0.31416680835711847 0.3452557528800105 0.3405774387628709
9 842.0 0.0 -1.0 -1.0 -1.0 0.0 0.31858142258442035 0.3452790470104909 0.33613953040508876
9 843.0 0.0 -1.0 -1.0 -1.0 0.0 0.3141349701545033 0.3541868199448293 0.3316782099006673
9 844.0 0.0 -1.0 -1.0 -1.0 0.0 0.3045385683817987 0.3511263327394046 0.34433509887879654
9 845.0 0.0 -1.0 -1.0 -1.0 0.0 0.33342967190256695 0.345415620974778 0.32115470712265515
9 846.0 0.0 -1.0 -1.0 -1.0 0.0 0.34415891867607556 0.34874824421776845 0.3070928371061562
9 847.0 0.0 -1.0 -1.0 -1.0 0.0 0.35373221836238466 0.3581522138790231 0.28811556775859243
9 848.0 0.0 -1.0 -1.0 -1.0 0.0 0.3437591644401342 0.3745755949537884 0.28166524060607745
9 849.0 0.0 -1.0 -1.0 -1.0 0.0 0.35361101400533523 0.3494620230564754 0.2969269629381895
9 850.0 0.0 -1.0 -1.0 -1.0 0.0 0.333797689348795 0.335057603568706 0.33114470708249916
9 851.0 0.0 -1.0 -1.0 -1.0 0.0 0.34055965762093865 0.36123479034529205 0.29820555203376925
9 852.0 0.0 -1.0 -1.0 -1.0 0.0 0.32689639029980655 0.34619361081071487 0.3269099988894785
9 853.0 0.0 -1.0 -1.0 -1.0 0.0 0.3380225857581 0.33070824524086023 0.3312691690010398
9 854.0 0.0 -1.0 -1.0 -1.0 0.0 0.30473746926615586 0.33718434515853984 0.3580781855753044
9 855.0 0.0 -1.0 -1.0 -1.0 0.0 0.3063704421643715 0.3233441135304933 0.3702854443051351
9 856.0 0.0 -1.0 -1.0 -1.0 0.0 0.3247555684922881 0.3347194615667737 0.34052496994093806
9 857.0 0.0 -1.0 -1.0 -1.0 0.0 0.34223951671743513 0.32150552062302185 0.3362549626595428
9 858.0 0.0 -1.0 -1.0 -1.0 0.0 0.30903715659883646 0.3464705525297825 0.3444922908713812
9 859.0 0.0 -1.0 -1.0 -1.0 0.0 0.3067857771679214 0.33086908693542816 0.36234513589665057
9 860.0 0.0 -1.0 -1.0 -1.0 0.0 0.2984626273367548 0.3483733894100976 0.3531639832531475
9 861.0 0.0 -1.0 -1.0 -1.0 0.0 0.3097277412191706 0.34270011913758985 0.3475721396432395
9 862.0 0.0 -1.0 -1.0 -1.0 0.0 0.2949838736712134 0.33667353165544744 0.36834259467333913
9 863.0 0.0 -1.0 -1.0 -1.0 0.0 0.29307293057920103 0.3382421062916538 0.3686849631291452
9 864.0 0.0 -1.0 -1.0 -1.0 0.0 0.314237395035455 0.35418549601567684 0.33157710894886827
9 865.0 0.0 -1.0 -1.0 -1.0 0.0 0.3186215576542675 0.33940286861971963 0.3419755737260131
9 866.0 0.0 -1.0 -1.0 -1.0 0.0 0.3114866539179749 0.3253764375089815 0.36313690857304365
9 867.0 0.0 -1.0 -1.0 -1.0 0.0 0.3351058449228696 0.3364999771932565 0.3283941778838738
9 868.0 0.0 -1.0 -1.0 -1.0 0.0 0.355698183547385 0.31662189712225886 0.3276799193303561
9 869.0 0.0 -1.0 -1.0 -1.0 0.0 0.33004193343597094 0.3391225307415032 0.3308355358225259
9 870.0 0.0 -1.0 -1.0 -1.0 0.0 0.3275052119726847 0.3561370231278132 0.3163577648995022
9 871.0 0.0 -1.0 -1.0 -1.0 0.0 0.31974494182484636 0.34884860901089837 0.33140644916425516
9 872.0 0.0 -1.0 -1.0 -1.0 0.0 0.31409337170286006 0.33238160708574854 0.35352502121139123
9 873.0 0.0 -1.0 -1.0 -1.0 0.0 0.32799047964829453 0.33902285376591 0.3329866665857951
9 874.0 0.0 -1.0 -1.0 -1.0 0.0 0.33411981803049184 0.33952376622038694 0.32635641574912144
9 875.0 0.0 -1.0 -1.0 -1.0 0.0 0.3279215992205932 0.32763038333353023 0.3444480174458767
9 876.0 0.0 -1.0 -1.0 -1.0 0.0 0.32715766374528454 0.3319144387609687 0.34092789749374647
9 877.0 0.0 -1.0 -1.0 -1.0 0.0 0.2763493761202981 0.34910075102012283 0.37454987285957897
9 878.0 0.0 -1.0 -1.0 -1.0 0.0 0.3124996586717805 0.35435343309406336 0.3331469082341563
9 879.0 0.0 -1.0 -1.0 -1.0 0.0 0.2958062630129158 0.3442798016878848 0.35991393529919946
9 880.0 0.0 -1.0 -1.0 -1.0 0.0 0.2803798186140649 0.3714323442964189 0.3481878370895164
9 881.0 0.0 -1.0 -1.0 -1.0 0.0 0.2758776921422121 0.368486079193369 0.3556362286644188
9 882.0 0.0 -1.0 -1.0 -1.0 0.0 0.29539890893581183 0.3685010240769578 0.33610006698723033
9 883.0 0.0 -1.0 -1.0 -1.0 0.0 0.31891409715215235 0.3790387088434858 0.30204719400436164
9 884.0 0.0 -1.0 -1.0 -1.0 0.0 0.30807219720264917 0.37020885575303103 0.32171894704431947
9 885.0 0.0 -1.0 -1.0 -1.0 0.0 0.312873429767175 0.3661164870104568 0.3210100832223683
9 886.0 0.0 -1.0 -1.0 -1.0 0.0 0.31891855470841163 0.35772877439394324 0.3233526708976455
9 887.0 0.0 -1.0 -1.0 -1.0 0.0 0.34609221408585733 0.32530808707587633 0.32859969883826623
9 888.0 0.0 -1.0 -1.0 -1.0 0.0 0.3301380592051029 0.349721570006796 0.32014037078810115
9 889.0 0.0 -1.0 -1.0 -1.0 0.0 0.3462328091462881 0.3196647265866101 0.33410246426710166
9 890.0 0.0 -1.0 -1.0 -1.0 0.0 0.35139564102265497 0.3301070265508725 0.3184973324264726
9 891.0 0.0 -1.0 -1.0 -1.0 0.0 0.3476821811784123 0.3234576125278765 0.32886020629371127
9 892.0 0.0 -1.0 -1.0 -1.0 0.0 0.3345635666487637 0.32368117869795654 0.3417552546532799
9 893.0 0.0 -1.0 -1.0 -1.0 0.0 0.3167471069860173 0.3601525444168909 0.32310034859709197
9 894.0 0.0 -1.0 -1.0 -1.0 0.0 0.3134460609902731 0.35976212694756576 0.32679181206216107
9 895.0 0.0 -1.0 -1.0 -1.0 0.0 0.3459667574959229 0.3742981847815707 0.2797350577225065
9 896.0 0.0 -1.0 -1.0 -1.0 0.0 0.3423274777858915 0.3725980245508914 0.2850744976632169
9 897.0 0.0 -1.0 -1.0 -1.0 0.0 0.34428031836339207 0.3446218849351773 0.31109779670143045
9 898.0 0.0 -1.0 -1.0 -1.0 0.0 0.37724599048156726 0.3470365686581492 0.27571744086028377
9 899.0 0.0 -1.0 -1.0 -1.0 0.0 0.3451368290818829 0.36392688165403586 0.29093628926408094
9 900.0 0.0 -1.0 -1.0 -1.0 0.0 0.30783824013005423 0.3869014232147298 0.3052603366552159
9 901.0 0.0 -1.0 -1.0 -1.0 0.0 0.30875260338028804 0.35732617192310195 0.3339212246966101
9 902.0 0.0 -1.0 -1.0 -1.0 0.0 0.3142586247007426 0.35581121019035256 0.3299301651089046
9 903.0 0.0 -1.0 -1.0 -1.0 0.0 0.32428162218479734 0.3417024826720094 0.3340158951431932
9 904.0 0.0 -1.0 -1.0 -1.0 0.0 0.30288973591096263 0.372953534355281 0.32415672973375637
9 905.0 0.0 -1.0 -1.0 -1.0 0.0 0.3180729262722747 0.35893450095193286 0.32299257277579246
9 906.0 0.0 -1.0 -1.0 -1.0 0.0 0.3070244015473603 0.37657485839138666 0.3164007400612528
9 907.0 0.0 -1.0 -1.0 -1.0 0.0 0.319533295659614 0.36812214909869573 0.3123445552416905
9 908.0 0.0 -1.0 -1.0 -1.0 0.0 0.33610388963117416 0.36352986943641236 0.3003662409324137
9 909.0 0.0 -1.0 -1.0 -1.0 0.0 0.34301513634794295 0.34278658386700905 0.31419827978504805
9 910.0 0.0 -1.0 -1.0 -1.0 0.0 0.3305305695262468 0.341184051090506 0.3282853793832472
9 911.0 0.0 -1.0 -1.0 -1.0 0.0 0.3182674272133665 0.35050286088935556 0.331229711897278
9 912.0 0.0 -1.0 -1.0 -1.0 0.0 0.31995956624216904 0.35190725827166375 0.3281331754861671
9 913.0 0.0 -1.0 -1.0 -1.0 0.0 0.33425294113826837 0.30533030995981764 0.360416748901914
9 914.0 0.0 -1.0 -1.0 -1.0 0.0 0.33577851096224626 0.3087477906746262 0.35547369836312753
9 915.0 0.0 -1.0 -1.0 -1.0 0.0 0.3286155927580301 0.33003079874396557 0.34135360849800456
9 916.0 0.0 -1.0 -1.0 -1.0 0.0 0.3204283289817378 0.329985273397266 0.34958639762099614
9 917.0 0.0 -1.0 -1.0 -1.0 0.0 0.339100925098278 0.34267250442836383 0.3182265704733583
9 918.0 0.0 -1.0 -1.0 -1.0 0.0 0.34293324799503266 0.3252697774597701 0.33179697454519747
9 919.0 0.0 -1.0 -1.0 -1.0 0.0 0.3371045973089381 0.34717708076733117 0.3157183219237306
9 920.0 0.0 -1.0 -1.0 -1.0 0.0 0.3265723869795181 0.3376782448101118 0.33574936821037016
9 921.0 0.0 -1.0 -1.0 -1.0 0.0 0.30359460203145194 0.3594512877202974 0.3369541102482508
9 922.0 0.0 -1.0 -1.0 -1.0 0.0 0.30791645940195755 0.35386519066560873 0.3382183499324337
9 923.0 0.0 -1.0 -1.0 -1.0 0.0 0.3042277618975573 0.3441126445890358 0.35165959351340703
9 924.0 0.0 -1.0 -1.0 -1.0 0.0 0.34882718623644665 0.32171999073732716 0.3294528230262263
9 925.0 0.0 -1.0 -1.0 -1.0 0.0 0.3798086345307059 0.3003423209593978 0.3198490445098965
9 926.0 0.0 -1.0 -1.0 -1.0 0.0 0.36805768528997646 0.3205015274893249 0.3114407872206986
9 927.0 0.0 -1.0 -1.0 -1.0 0.0 0.34072912155011176 0.3121861073755742 0.3470847710743137
9 928.0 0.0 -1.0 -1.0 -1.0 0.0 0.3454427038863881 0.31551167353781173 0.33904562257580007
9 929.0 0.0 -1.0 -1.0 -1.0 0.0 0.3252048321977402 0.3338208816729103 0.34097428612934944
9 930.0 0.0 -1.0 -1.0 -1.0 0.0 0.3212014034678045 0.3312596125173704 0.34753898401482475
9 931.0 0.0 -1.0 -1.0 -1.0 0.0 0.33338575882709903 0.33033992979441124 0.33627431137848957
9 932.0 0.0 -1.0 -1.0 -1.0 0.0 0.3377078372664385 0.32840169774264666 0.33389046499091507
9 933.0 0.0 -1.0 -1.0 -1.0 0.0 0.3444499461688047 0.31851286989180333 0.33703718393939197
9 934.0 0.0 -1.0 -1.0 -1.0 0.0 0.31556385262177833 0.32114769008367555 0.36328845729454606
9 935.0 0.0 -1.0 -1.0 -1.0 0.0 0.3342989373989307 0.3283720176744366 0.3373290449266327
9 936.0 0.0 -1.0 -1.0 -1.0 0.0 0.3295126304354658 0.3421132453749213 0.32837412418961287
9 937.0 0.0 -1.0 -1.0 -1.0 0.0 0.3282519984158293 0.332318851143289 0.3394291504408817
9 938.0 0.0 -1.0 -1.0 -1.0 0.0 0.3314643635231316 0.32722340818908924 0.341312228287779
9 939.0 0.0 -1.0 -1.0 -1.0 0.0 0.31375896496636707 0.3281207376415811 0.3581202973920516
9 940.0 0.0 -1.0 -1.0 -1.0 0.0 0.3388590335313942 0.30471015380326494 0.356430812665341
9 941.0 0.0 -1.0 -1.0 -1.0 0.0 0.3148981128434051 0.33786136789905075 0.3472405192575444
9 942.0 0.0 -1.0 -1.0 -1.0 0.0 0.3195762297681487 0.3175364887813732 0.36288728145047805
9 943.0 0.0 -1.0 -1.0 -1.0 0.0 0.3391363109476139 0.29460236955089214 0.3662613195014941
9 944.0 0.0 -1.0 -1.0 -1.0 0.0 0.33729265561137595 0.30447524056937897 0.358232103819245
9 945.0 0.0 -1.0 -1.0 -1.0 0.0 0.3334089929598406 0.2977447102165726 0.368846296823587
9 946.0 0.0 -1.0 -1.0 -1.0 0.0 0.3328755032550817 0.31183541399541026 0.355289082749508
9 947.0 0.0 -1.0 -1.0 -1.0 0.0 0.3320882814498544 0.3063347761927536 0.3615769423573919
9 948.0 0.0 -1.0 -1.0 -1.0 0.0 0.31844014498382395 0.3447634450538637 0.33679640996231214
9 949.0 0.0 -1.0 -1.0 -1.0 0.0 0.3071201329561375 0.3383455485622692 0.35453431848159356
9 950.0 0.0 -1.0 -1.0 -1.0 0.0 0.3115042626226883 0.3236829298417486 0.3648128075355629
9 951.0 0.0 -1.0 -1.0 -1.0 0.0 0.3297653463688598 0.31950075574404524 0.35073389788709497
9 952.0 0.0 -1.0 -1.0 -1.0 0.0 0.3253423705604974 0.32370176622026237 0.35095586321924044
9 953.0 0.0 -1.0 -1.0 -1.0 0.0 0.3273697517686978 0.321760752895584 0.3508694953357184
9 954.0 0.0 -1.0 -1.0 -1.0 0.0 0.3259192424924582 0.334063287473424 0.3400174700341176
9 955.0 0.0 -1.0 -1.0 -1.0 0.0 0.3247285158042169 0.34219594691790617 0.3330755372778771
9 956.0 0.0 -1.0 -1.0 -1.0 0.0 0.3155014510053204 0.36446525774265415 0.32003329125202556
9 957.0 0.0 -1.0 -1.0 -1.0 0.0 0.3140494192981667 0.35889139844629797 0.32705918225553565
9 958.0 0.0 -1.0 -1.0 -1.0 0.0 0.32251940909724786 0.3537614246397163 0.3237191662630358
9 959.0 0.0 -1.0 -1.0 -1.0 0.0 0.3591833228746624 0.33219598488482865 0.3086206922405091
9 960.0 0.0 -1.0 -1.0 -1.0 0.0 0.3186913544049708 0.34278531738045875 0.3385233282145704
9 961.0 0.0 -1.0 -1.0 -1.0 0.0 0.33872191416139086 0.35811942229612237 0.3031586635424866
9 962.0 0.0 -1.0 -1.0 -1.0 0.0 0.30811465124297127 0.3850826064517123 0.30680274230531646
9 963.0 0.0 -1.0 -1.0 -1.0 0.0 0.3144638667191446 0.3780254613072947 0.30751067197356075
9 964.0 0.0 -1.0 -1.0 -1.0 0.0 0.3099071983733002 0.3780950507230998 0.31199775090359977
9 965.0 0.0 -1.0 -1.0 -1.0 0.0 0.3056159861903182 0.3901332465207464 0.3042507672889355
9 966.0 0.0 -1.0 -1.0 -1.0 0.0 0.3106585710916279 0.36017146903157937 0.32916995987679243
9 967.0 0.0 -1.0 -1.0 -1.0 0.0 0.31289922416608534 0.33835454306782664 0.34874623276608785
9 968.0 0.0 -1.0 -1.0 -1.0 0.0 0.33198252367750336 0.34963436222261224 0.31838311409988446
9 969.0 0.0 -1.0 -1.0 -1.0 0.0 0.33597260145921415 0.3376148010307957 0.3264125975099899
9 970.0 0.0 -1.0 -1.0 -1.0 0.0 0.34918981188028525 0.3334207685463428 0.31738941957337213
9 971.0 0.0 -1.0 -1.0 -1.0 0.0 0.3417840021580369 0.3253680248120603 0.3328479730299028
9 972.0 0.0 -1.0 -1.0 -1.0 0.0 0.33145418759578105 0.36442673657045366 0.30411907583376535
9 973.0 0.0 -1.0 -1.0 -1.0 0.0 0.39131741576917795 0.31424207817192185 0.2944405060588999
9 974.0 0.0 -1.0 -1.0 -1.0 0.0 0.3626569930057476 0.3346984533992402 0.3026445535950124
9 975.0 0.0 -1.0 -1.0 -1.0 0.0 0.3573861347942997 0.3414700294012782 0.30114383580442206
9 976.0 0.0 -1.0 -1.0 -1.0 0.0 0.3661607506843032 0.326187385264128 0.3076518640515691
9 977.0 0.0 -1.0 -1.0 -1.0 0.0 0.33859721531041215 0.3455953560357576 0.31580742865383027
9 978.0 0.0 -1.0 -1.0 -1.0 0.0 0.3060425039277232 0.3686441816696693 0.32531331440260736
9 979.0 0.0 -1.0 -1.0 -1.0 0.0 0.3189168026651225 0.36315339062073093 0.3179298067141465
9 980.0 0.0 -1.0 -1.0 -1.0 0.0 0.3084263338035167 0.36342759356143817 0.32814607263504514
9 981.0 0.0 -1.0 -1.0 -1.0 0.0 0.317095846462694 0.35964644270816215 0.32325771082914395
9 982.0 0.0 -1.0 -1.0 -1.0 0.0 0.31148607345359525 0.3527328215089219 0.33578110503748304
9 983.0 0.0 -1.0 -1.0 -1.0 0.0 0.3051967501918065 0.33663449658785766 0.358168753220336
9 984.0 0.0 -1.0 -1.0 -1.0 0.0 0.2661445807140393 0.3490916239453844 0.38476379534057625
9 985.0 0.0 -1.0 -1.0 -1.0 0.0 0.24380732488597015 0.3601655883552838 0.39602708675874576
9 986.0 0.0 -1.0 -1.0 -1.0 0.0 0.2729167128257854 0.33280591078472815 0.39427737638948634
9 987.0 0.0 -1.0 -1.0 -1.0 0.0 0.2815032170850989 0.3410756681205104 0.37742111479439056
9 988.0 0.0 -1.0 -1.0 -1.0 0.0 0.2924995748797141 0.3307228057751428 0.37677761934514303
9 989.0 0.0 -1.0 -1.0 -1.0 0.0 0.27330306129468146 0.35072049603841465 0.37597644266690367
9 990.0 0.0 -1.0 -1.0 -1.0 0.0 0.30284443796639254 0.33493581549597706 0.3622197465376305
9 991.0 0.0 -1.0 -1.0 -1.0 0.0 0.317115678677297 0.3397593950323234 0.3431249262903797
9 992.0 0.0 -1.0 -1.0 -1.0 0.0 0.3142930878570013 0.3451361795324477 0.3405707326105511
9 993.0 0.0 -1.0 -1.0 -1.0 0.0 0.28692566479866033 0.3579621299836072 0.3551122052177324
9 994.0 0.0 -1.0 -1.0 -1.0 0.0 0.28471422601736357 0.3370989817649961 0.37818679221764046
9 995.0 0.0 -1.0 -1.0 -1.0 0.0 0.2868770317109364 0.33726783970637614 0.37585512858268755
9 996.0 0.0 -1.0 -1.0 -1.0 0.0 0.29251420588387483 0.35790866618165545 0.3495771279344696
9 997.0 0.0 -1.0 -1.0 -1.0 0.0 0.2864316509852662 0.35737632387834056 0.35619202513639314
9 998.0 0.0 -1.0 -1.0 -1.0 0.0 0.2908012104767927 0.3499631292770588 0.35923566024614845
9 999.0 0.0 -1.0 -1.0 -1.0 0.0 0.3316759218165426 0.3329006955193093 0.3354233826641481
9 1000.0 0.0 -1.0 -1.0 -1.0 0.0 0.31609920603653935 0.3469784799416599 0.3369223140218008
1000000000000000000000000000000000000000000000000000000000000000000000000000000000000000000000000000
-1.0
solo con 1: -100.0
