9 0.0 82.0 -41.0 -162.0 -101.02 49.82413110535938 0.3333333333333333 0.3333333333333333 0.3333333333333333
9 1.0 60.0 -40.0 -157.0 -81.55 46.89433103082167 0.3203168541989416 0.27887349228875624 0.4008096535123022
9 2.0 2.0 -39.0 -157.0 -67.85 41.15734160118663 0.31215638435710313 0.2247314986888974 0.4631121169539996
9 3.0 26.0 -37.0 -157.0 -61.23 38.418444381401876 0.30217977702535836 0.19034132101475382 0.507478901959888
9 4.0 55.0 -33.0 -152.0 -48.1 23.347830993932014 0.2814246865320679 0.17769507334754242 0.5408802401203896
9 5.0 37.0 -29.0 -152.0 -44.35 21.60872205121971 0.2288971601884543 0.17680190361229772 0.594300936199248
9 6.0 38.0 -27.0 -152.0 -41.57 22.30425741848177 0.20615211539819384 0.15857617722501677 0.6352717073767894
9 7.0 54.0 -25.0 -152.0 -37.44 20.193668374622835 0.1804026734465513 0.1513889830205436 0.6682083435329053
9 8.0 3.0 -22.0 -152.0 -33.17 17.308872600694443 0.1766210371033575 0.1340821638133036 0.689296799083339
9 9.0 92.0 -20.0 -152.0 -29.91 17.514839307273018 0.17304972527379894 0.12555827989060447 0.7013919948355968
9 10.0 8.0 -19.0 -152.0 -27.41 17.79291369556369 0.16837274951691047 0.10724033316261894 0.7243869173204703
9 11.0 14.0 -17.0 -48.0 -22.93 4.413603855116472 0.15327174704825852 0.10635861845082534 0.7403696345009161
9 12.0 14.0 -16.0 -40.0 -20.96 3.7763752595591065 0.1467066944612968 0.10432966151462354 0.7489636440240796
9 13.0 30.0 -15.0 -38.0 -19.19 3.3595784968902995 0.13072190777259035 0.09902316905636774 0.7702549231710418
9 14.0 23.0 -12.0 -32.0 -17.55 3.049672941563579 0.11895310278309991 0.09547844305319092 0.7855684541637092
9 15.0 67.0 -11.0 -32.0 -15.87 2.493040819010496 0.12167568771288931 0.0877854902430438 0.7905388220440667
9 16.0 11.0 -11.0 -22.0 -13.97 2.0959557015906376 0.11194988715019784 0.09042935497982812 0.7976207578699743
9 17.0 3.0 -10.0 -22.0 -12.68 1.8525439784035336 0.11716943006197464 0.09469901834468991 0.7881315515933358
9 18.0 3.0 -8.0 -17.0 -11.45 1.4097424365371627 0.1123320631597649 0.09198955761047997 0.7956783792297553
9 19.0 3.0 -8.0 -17.0 -10.2 1.2143918126978113 0.11237057703556953 0.08555822332938379 0.8020711996350467
9 20.0 3.0 -7.0 -17.0 -9.29 1.2333333333333343 0.11273270066239896 0.08612338835233364 0.8011439109852668
9 21.0 60.0 -5.0 -17.0 -8.52 1.3815523401908694 0.1357392805008897 0.0893064268815155 0.7749542926175949
9 22.0 57.0 -5.0 -11.0 -7.6 1.1009637651263606 0.12848757517221954 0.08857770550115149 0.782934719326629
9 23.0 18.0 -5.0 -11.0 -6.67 1.189643864882481 0.11913893772930116 0.09461179097883271 0.7862492712918665
9 24.0 34.0 -4.0 -9.0 -5.71 0.967084549174748 0.10993205636154112 0.09217303399180307 0.7978949096466558
9 25.0 39.0 -2.0 -9.0 -5.05 0.967919772950572 0.11690369122161556 0.09533973083791868 0.7877565779404659
9 26.0 9.0 -2.0 -8.0 -4.29 1.007998316496911 0.15888778827083785 0.10115004687283566 0.7399621648563266
9 27.0 32.0 -1.0 -8.0 -3.66 1.0072464715974208 0.1490126230865092 0.11589891159098328 0.7350884653225077
9 28.0 21.0 -1.0 -8.0 -2.94 1.1175369742826808 0.12831117580174276 0.11675686254688827 0.7549319616513688
9 29.0 3.0 -1.0 -8.0 -2.16 1.0704478435956541 0.13969981840673482 0.12422084031649477 0.7360793412767705
9 30.0 1.0 -1.0 -8.0 -1.58 0.9120960431441371 0.13924249061192748 0.13423834799397244 0.7265191613940998
9 31.0 0.0 -1.0 -8.0 -1.21 0.7951240294584376 0.15669634335999044 0.16202202427956508 0.6812816323604446
9 32.0 0.0 -1.0 -8.0 -1.15 0.7571210756756963 0.19361604676500932 0.21558189841907538 0.5908020548159152
9 33.0 0.0 -1.0 -3.0 -1.08 0.3387439663632026 0.22944881392853925 0.24389898275681002 0.5266522033146503
9 34.0 0.0 -1.0 -3.0 -1.07 0.32582451743479324 0.25549340295292994 0.2567694941038277 0.48773710294324224
9 35.0 0.0 -1.0 -3.0 -1.05 0.261116483933547 0.27181674495335223 0.2705245243852234 0.4576587306614242
9 36.0 0.0 -1.0 -3.0 -1.03 0.22270150335361338 0.27453538560791846 0.2946024021341469 0.43086221225793475
9 37.0 0.0 -1.0 -3.0 -1.03 0.22270150335361338 0.2781518229238703 0.33098774611882403 0.3908604309573057
9 38.0 0.0 -1.0 -3.0 -1.02 0.19999999999999996 0.30948318628446647 0.33087719480669514 0.3596396189088384
9 39.0 0.0 -1.0 -3.0 -1.02 0.19999999999999996 0.3116478145666359 0.3187346842402604 0.3696175011931038
9 40.0 0.0 -1.0 -2.0 -1.01 0.09999999999999998 0.2883504032818783 0.34196316837535073 0.3696864283427711
9 41.0 0.0 -1.0 -1.0 -1.0 0.0 0.27462128454714624 0.3425486057657025 0.3828301096871511
9 42.0 0.0 -1.0 -1.0 -1.0 0.0 0.30727474963641815 0.3497442259184902 0.34298102444509154
9 43.0 0.0 -1.0 -1.0 -1.0 0.0 0.32481129487204086 0.32707751774950444 0.3481111873784547
9 44.0 0.0 -1.0 -1.0 -1.0 0.0 0.32170188447935144 0.3350478489146426 0.343250266606006
9 45.0 0.0 -1.0 -1.0 -1.0 0.0 0.3242318285666117 0.32686408869383343 0.3489040827395549
9 46.0 0.0 -1.0 -1.0 -1.0 0.0 0.356405905488591 0.3269181425871613 0.316675951924248
9 47.0 0.0 -1.0 -1.0 -1.0 0.0 0.3670141234409462 0.32367586358544026 0.3093100129736135
9 48.0 0.0 -1.0 -1.0 -1.0 0.0 0.37713419269720583 0.31338811260048627 0.309477694702308
9 49.0 0.0 -1.0 -1.0 -1.0 0.0 0.37848645210248305 0.2896453135319869 0.33186823436553
9 50.0 0.0 -1.0 -1.0 -1.0 0.0 0.3713112406603502 0.28666127832823163 0.3420274810114182
9 51.0 0.0 -1.0 -1.0 -1.0 0.0 0.35237746516006885 0.2888545603229454 0.3587679745169857
9 52.0 0.0 -1.0 -1.0 -1.0 0.0 0.3567465588130369 0.3028937326448031 0.3403597085421598
9 53.0 0.0 -1.0 -1.0 -1.0 0.0 0.3765907003590495 0.32900362410045525 0.29440567554049546
9 54.0 0.0 -1.0 -1.0 -1.0 0.0 0.36232862391834886 0.32586164387905003 0.31180973220260094
9 55.0 0.0 -1.0 -1.0 -1.0 0.0 0.35887664944485115 0.307496961695878 0.3336263888592707
9 56.0 0.0 -1.0 -1.0 -1.0 0.0 0.36898517088560995 0.30341473714050415 0.3276000919738859
9 57.0 0.0 -1.0 -1.0 -1.0 0.0 0.3358361159516955 0.3269318935494306 0.33723199049887403
9 58.0 0.0 -1.0 -1.0 -1.0 0.0 0.3436276865428783 0.3243329889171588 0.33203932453996265
9 59.0 0.0 -1.0 -1.0 -1.0 0.0 0.3373386566458194 0.32281582061078545 0.33984552274339513
9 60.0 0.0 -1.0 -1.0 -1.0 0.0 0.2839954300008549 0.35026810637679323 0.36573646362235157
9 61.0 0.0 -1.0 -1.0 -1.0 0.0 0.2936008748173557 0.35943297322868006 0.34696615195396435
9 62.0 0.0 -1.0 -1.0 -1.0 0.0 0.3031678554502529 0.3411454670469953 0.3556866775027519
9 63.0 0.0 -1.0 -1.0 -1.0 0.0 0.3056122883034336 0.347749088638346 0.34663862305822024
9 64.0 0.0 -1.0 -1.0 -1.0 0.0 0.30504353760126535 0.3508104287891643 0.3441460336095705
9 65.0 0.0 -1.0 -1.0 -1.0 0.0 0.3266971579610849 0.3373593781232254 0.33594346391568963
9 66.0 0.0 -1.0 -1.0 -1.0 0.0 0.31877158473824685 0.3450190863240553 0.33620932893769784
9 67.0 0.0 -1.0 -1.0 -1.0 0.0 0.32003459544824353 0.3558328810380773 0.32413252351367916
9 68.0 0.0 -1.0 -1.0 -1.0 0.0 0.30690506915059845 0.3521791126391686 0.3409158182102329
9 69.0 0.0 -1.0 -1.0 -1.0 0.0 0.30736156141424475 0.3770608190068449 0.31557761957891045
9 70.0 0.0 -1.0 -1.0 -1.0 0.0 0.2985317342081929 0.36794501946163366 0.3335232463301736
9 71.0 0.0 -1.0 -1.0 -1.0 0.0 0.32059918774630647 0.34499409589264673 0.334406716361047
9 72.0 0.0 -1.0 -1.0 -1.0 0.0 0.3471929942830224 0.33720712438464207 0.3155998813323358
9 73.0 0.0 -1.0 -1.0 -1.0 0.0 0.37140473770609206 0.3237433692692354 0.3048518930246724
9 74.0 0.0 -1.0 -1.0 -1.0 0.0 0.3241300560704836 0.33585737406612237 0.34001256986339423
9 75.0 0.0 -1.0 -1.0 -1.0 0.0 0.33151557271513005 0.3219175776486536 0.3465668496362164
9 76.0 0.0 -1.0 -1.0 -1.0 0.0 0.3268438319025348 0.33562472498890566 0.33753144310855954
9 77.0 0.0 -1.0 -1.0 -1.0 0.0 0.33151660395097055 0.32217775983588487 0.34630563621314464
9 78.0 0.0 -1.0 -1.0 -1.0 0.0 0.3350865692789583 0.30438760862832964 0.36052582209271217
9 79.0 0.0 -1.0 -1.0 -1.0 0.0 0.33753127681618333 0.29994543567838333 0.3625232875054335
9 80.0 0.0 -1.0 -1.0 -1.0 0.0 0.37101394729716786 0.3071237856373034 0.32186226706552873
9 81.0 0.0 -1.0 -1.0 -1.0 0.0 0.3667055125279257 0.30731208478172645 0.3259824026903479
9 82.0 0.0 -1.0 -1.0 -1.0 0.0 0.3738332673007621 0.3055584789178304 0.32060825378140756
9 83.0 0.0 -1.0 -1.0 -1.0 0.0 0.37761663132499174 0.28915425035927717 0.3332291183157308
9 84.0 0.0 -1.0 -1.0 -1.0 0.0 0.35869746786263174 0.31492642858755326 0.32637610354981494
9 85.0 0.0 -1.0 -1.0 -1.0 0.0 0.3536711005931857 0.2956484582731534 0.35068044113366087
9 86.0 0.0 -1.0 -1.0 -1.0 0.0 0.32062901624268547 0.32957009751576366 0.3498008862415509
9 87.0 0.0 -1.0 -1.0 -1.0 0.0 0.3174615255327688 0.3161750271273415 0.3663634473398898
9 88.0 0.0 -1.0 -1.0 -1.0 0.0 0.30136487915593835 0.300685089285223 0.3979500315588387
9 89.0 0.0 -1.0 -1.0 -1.0 0.0 0.32718868645128935 0.32276325110205617 0.35004806244665476
9 90.0 0.0 -1.0 -1.0 -1.0 0.0 0.3523391811368206 0.3107943280045038 0.3368664908586757
9 91.0 0.0 -1.0 -1.0 -1.0 0.0 0.3644070130449512 0.3192812738807291 0.3163117130743197
9 92.0 0.0 -1.0 -1.0 -1.0 0.0 0.34882902342547617 0.33264551168388584 0.318525464890638
9 93.0 0.0 -1.0 -1.0 -1.0 0.0 0.34460517121350553 0.3410385438080452 0.31435628497844914
9 94.0 0.0 -1.0 -1.0 -1.0 0.0 0.311469992817248 0.3548800284467082 0.333649978736044
9 95.0 0.0 -1.0 -1.0 -1.0 0.0 0.28485712753820214 0.3577436098497511 0.357399262612047
9 96.0 0.0 -1.0 -1.0 -1.0 0.0 0.2977551670428235 0.35736665702990533 0.3448781759272711
9 97.0 0.0 -1.0 -1.0 -1.0 0.0 0.2974305130319347 0.351686498396597 0.35088298857146827
9 98.0 0.0 -1.0 -1.0 -1.0 0.0 0.32735481417446655 0.37141508207734736 0.3012301037481863
9 99.0 0.0 -1.0 -1.0 -1.0 0.0 0.3446382801399214 0.3545571595643463 0.30080456029573244
9 100.0 0.0 -1.0 -1.0 -1.0 0.0 0.32368526068828957 0.3588779944164168 0.31743674489529344
9 101.0 0.0 -1.0 -1.0 -1.0 0.0 0.3435874729116947 0.3344913253299869 0.3219212017583184
9 102.0 0.0 -1.0 -1.0 -1.0 0.0 0.3452254570830934 0.34205616112603693 0.3127183817908698
9 103.0 0.0 -1.0 -1.0 -1.0 0.0 0.3523879652030357 0.3358249436481757 0.3117870911487883
9 104.0 0.0 -1.0 -1.0 -1.0 0.0 0.3487802986414714 0.35908026434765594 0.2921394370108726
9 105.0 0.0 -1.0 -1.0 -1.0 0.0 0.37842166304820085 0.3225969400421069 0.2989813969096922
9 106.0 0.0 -1.0 -1.0 -1.0 0.0 0.38931001141598676 0.31051058131599946 0.30017940726801384
9 107.0 0.0 -1.0 -1.0 -1.0 0.0 0.3933342173966339 0.3007928444797859 0.30587293812358024
9 108.0 0.0 -1.0 -1.0 -1.0 0.0 0.3683816887288527 0.33954990148622793 0.29206840978491927
9 109.0 0.0 -1.0 -1.0 -1.0 0.0 0.36804778620302203 0.33744006605294125 0.29451214774403645
9 110.0 0.0 -1.0 -1.0 -1.0 0.0 0.32621952449274316 0.3485177944021066 0.3252626811051503
9 111.0 0.0 -1.0 -1.0 -1.0 0.0 0.34437574222222905 0.3371989476736452 0.31842531010412584
9 112.0 0.0 -1.0 -1.0 -1.0 0.0 0.34571742282479556 0.3256964449113411 0.32858613226386313
9 113.0 0.0 -1.0 -1.0 -1.0 0.0 0.3486393620103889 0.3466971337655056 0.3046635042241055
9 114.0 0.0 -1.0 -1.0 -1.0 0.0 0.3459495957190278 0.36039452677543765 0.2936558775055343
9 115.0 0.0 -1.0 -1.0 -1.0 0.0 0.35609385725090914 0.3378644448356905 0.30604169791340025
9 116.0 0.0 -1.0 -1.0 -1.0 0.0 0.3547826438787021 0.33948610974957943 0.30573124637171856
9 117.0 0.0 -1.0 -1.0 -1.0 0.0 0.3552825329039099 0.3350056543229123 0.30971181277317794
9 118.0 0.0 -1.0 -1.0 -1.0 0.0 0.3468518478496766 0.34223666130912206 0.31091149084120145
9 119.0 0.0 -1.0 -1.0 -1.0 0.0 0.33075549758967837 0.35481740153287283 0.31442710087744885
9 120.0 0.0 -1.0 -1.0 -1.0 0.0 0.32432786360975624 0.33071730944183386 0.34495482694840973
9 121.0 0.0 -1.0 -1.0 -1.0 0.0 0.33033965832843376 0.33525381633222734 0.3344065253393391
9 122.0 0.0 -1.0 -1.0 -1.0 0.0 0.33551381755020643 0.31928592152262025 0.34520026092717315
9 123.0 0.0 -1.0 -1.0 -1.0 0.0 0.347047139718907 0.30588296896658107 0.34706989131451205
9 124.0 0.0 -1.0 -1.0 -1.0 0.0 0.3535498591510268 0.3111384397898306 0.33531170105914265
9 125.0 0.0 -1.0 -1.0 -1.0 0.0 0.35894662443452596 0.3190302130327828 0.3220231625326911
9 126.0 0.0 -1.0 -1.0 -1.0 0.0 0.3517537577818742 0.3032333159588399 0.34501292625928615
9 127.0 0.0 -1.0 -1.0 -1.0 0.0 0.3652187809394343 0.304997724087977 0.32978349497258863
9 128.0 0.0 -1.0 -1.0 -1.0 0.0 0.35087758983969813 0.3065331509127568 0.34258925924754474
9 129.0 0.0 -1.0 -1.0 -1.0 0.0 0.3606197204227041 0.30784802859438387 0.3315322509829119
9 130.0 0.0 -1.0 -1.0 -1.0 0.0 0.3446995019749807 0.3132593857307871 0.34204111229423206
9 131.0 0.0 -1.0 -1.0 -1.0 0.0 0.3367860845698863 0.2996559957150063 0.3635579197151074
9 132.0 0.0 -1.0 -1.0 -1.0 0.0 0.3294750225225505 0.3041385166381211 0.3663864608393286
9 133.0 0.0 -1.0 -1.0 -1.0 0.0 0.33029852215155636 0.3255827925571621 0.3441186852912816
9 134.0 0.0 -1.0 -1.0 -1.0 0.0 0.3483950683457554 0.31187100117707145 0.33973393047717343
9 135.0 0.0 -1.0 -1.0 -1.0 0.0 0.3484602765638257 0.2979831774889211 0.3535565459472533
9 136.0 0.0 -1.0 -1.0 -1.0 0.0 0.3247118500611913 0.324183336181357 0.3511048137574517
9 137.0 0.0 -1.0 -1.0 -1.0 0.0 0.34771145756301763 0.3105831907681932 0.3417053516687892
9 138.0 0.0 -1.0 -1.0 -1.0 0.0 0.355886545228165 0.3151833381613576 0.3289301166104776
9 139.0 0.0 -1.0 -1.0 -1.0 0.0 0.31417794818852995 0.30135084624975544 0.38447120556171455
9 140.0 0.0 -1.0 -1.0 -1.0 0.0 0.32554729420866757 0.31632452177914017 0.35812818401219215
9 141.0 0.0 -1.0 -1.0 -1.0 0.0 0.3257602187981 0.30092063372396133 0.3733191474779388
9 142.0 0.0 -1.0 -1.0 -1.0 0.0 0.32007351660748845 0.31941018086434647 0.360516302528165
9 143.0 0.0 -1.0 -1.0 -1.0 0.0 0.3414070412686594 0.3139223878343411 0.3446705708969994
9 144.0 0.0 -1.0 -1.0 -1.0 0.0 0.3206413680214218 0.33370678766686424 0.345651844311714
9 145.0 0.0 -1.0 -1.0 -1.0 0.0 0.32822163921743713 0.3269877205719667 0.34479064021059613
9 146.0 0.0 -1.0 -1.0 -1.0 0.0 0.3537607831085755 0.31680463442272655 0.32943458246869795
9 147.0 0.0 -1.0 -1.0 -1.0 0.0 0.3510357238401057 0.3075606694725715 0.3414036066873228
9 148.0 0.0 -1.0 -1.0 -1.0 0.0 0.36798769510236684 0.3142573397774749 0.3177549651201585
9 149.0 0.0 -1.0 -1.0 -1.0 0.0 0.3533016806332725 0.33217447111700094 0.3145238482497264
9 150.0 0.0 -1.0 -1.0 -1.0 0.0 0.3297164108854412 0.33932224829607294 0.3309613408184858
9 151.0 0.0 -1.0 -1.0 -1.0 0.0 0.33356168674124864 0.33013143828246927 0.33630687497628203
9 152.0 0.0 -1.0 -1.0 -1.0 0.0 0.32733802325356776 0.3188207541767916 0.35384122256964057
9 153.0 0.0 -1.0 -1.0 -1.0 0.0 0.3243481772406862 0.3186544096677642 0.3569974130915496
9 154.0 0.0 -1.0 -1.0 -1.0 0.0 0.3293747416263864 0.3106640852351362 0.3599611731384772
9 155.0 0.0 -1.0 -1.0 -1.0 0.0 0.3502961399483335 0.3143321064788052 0.3353717535728613
9 156.0 0.0 -1.0 -1.0 -1.0 0.0 0.3697256099544825 0.31381053370062295 0.3164638563448945
9 157.0 0.0 -1.0 -1.0 -1.0 0.0 0.3400949740227199 0.32977353852543556 0.3301314874518445
9 158.0 0.0 -1.0 -1.0 -1.0 0.0 0.34065545657313756 0.3447081486589797 0.31463639476788263
9 159.0 0.0 -1.0 -1.0 -1.0 0.0 0.3237871406517444 0.3499306452140275 0.3262822141342279
9 160.0 0.0 -1.0 -1.0 -1.0 0.0 0.32626885345047285 0.34528370028408356 0.3284474462654432
9 161.0 0.0 -1.0 -1.0 -1.0 0.0 0.34438627714944303 0.33018512642686554 0.32542859642369154
9 162.0 0.0 -1.0 -1.0 -1.0 0.0 0.3412065035592287 0.30634210625491776 0.35245139018585336
9 163.0 0.0 -1.0 -1.0 -1.0 0.0 0.35418845576240804 0.3103239480728283 0.335487596164764
9 164.0 0.0 -1.0 -1.0 -1.0 0.0 0.3689015522002092 0.3026240822395651 0.3284743655602259
9 165.0 0.0 -1.0 -1.0 -1.0 0.0 0.3524571295106298 0.32807669452568833 0.3194661759636819
9 166.0 0.0 -1.0 -1.0 -1.0 0.0 0.3639305882970212 0.3035550692686219 0.3325143424343572
9 167.0 0.0 -1.0 -1.0 -1.0 0.0 0.35239178976642394 0.3221617152770526 0.32544649495652367
9 168.0 0.0 -1.0 -1.0 -1.0 0.0 0.3132979930158379 0.34616347542682924 0.3405385315573327
9 169.0 0.0 -1.0 -1.0 -1.0 0.0 0.31934950983250887 0.3528950886023274 0.3277554015651639
9 170.0 0.0 -1.0 -1.0 -1.0 0.0 0.3290364127877992 0.3525348708211894 0.3184287163910116
9 171.0 0.0 -1.0 -1.0 -1.0 0.0 0.34668950013362093 0.3485204487959489 0.30479005107043006
9 172.0 0.0 -1.0 -1.0 -1.0 0.0 0.32987600163639663 0.36066739318940916 0.30945660517419404
9 173.0 0.0 -1.0 -1.0 -1.0 0.0 0.34073366885694656 0.34632571278713115 0.3129406183559225
9 174.0 0.0 -1.0 -1.0 -1.0 0.0 0.3381465155902735 0.3436566771732961 0.3181968072364303
9 175.0 0.0 -1.0 -1.0 -1.0 0.0 0.3795400947652468 0.3212130530198954 0.299246852214858
9 176.0 0.0 -1.0 -1.0 -1.0 0.0 0.3786198053345435 0.3038352031514082 0.3175449915140482
9 177.0 0.0 -1.0 -1.0 -1.0 0.0 0.36168466325839793 0.3132006191179479 0.3251147176236543
9 178.0 0.0 -1.0 -1.0 -1.0 0.0 0.34510619704540935 0.3230271363995099 0.3318666665550806
9 179.0 0.0 -1.0 -1.0 -1.0 0.0 0.3606268051339853 0.29878277545721316 0.3405904194088013
9 180.0 0.0 -1.0 -1.0 -1.0 0.0 0.3636093420931775 0.3004130432734926 0.3359776146333301
9 181.0 0.0 -1.0 -1.0 -1.0 0.0 0.35500858152211356 0.32068189010819503 0.32430952836969135
9 182.0 0.0 -1.0 -1.0 -1.0 0.0 0.34307028653446786 0.33470991295155705 0.3222198005139751
9 183.0 0.0 -1.0 -1.0 -1.0 0.0 0.35655382293754195 0.3286635942177806 0.31478258284467736
9 184.0 0.0 -1.0 -1.0 -1.0 0.0 0.36987447194175926 0.3125372261554269 0.3175883019028138
9 185.0 0.0 -1.0 -1.0 -1.0 0.0 0.36063559110791454 0.3140162226798542 0.32534818621223116
9 186.0 0.0 -1.0 -1.0 -1.0 0.0 0.37340809838656597 0.3082367161801767 0.31835518543325747
9 187.0 0.0 -1.0 -1.0 -1.0 0.0 0.34820517268341616 0.3267498480946777 0.32504497922190617
9 188.0 0.0 -1.0 -1.0 -1.0 0.0 0.336061525820038 0.321115599668219 0.3428228745117429
9 189.0 0.0 -1.0 -1.0 -1.0 0.0 0.35059679910215896 0.3295353684255713 0.3198678324722697
9 190.0 0.0 -1.0 -1.0 -1.0 0.0 0.32964128264100806 0.3493461655813762 0.3210125517776157
9 191.0 0.0 -1.0 -1.0 -1.0 0.0 0.32201272219076094 0.35572236785550776 0.3222649099537312
9 192.0 0.0 -1.0 -1.0 -1.0 0.0 0.34709142718978614 0.358652617390548 0.2942559554196658
9 193.0 0.0 -1.0 -1.0 -1.0 0.0 0.35365659500821955 0.33502319423912086 0.3113202107526593
9 194.0 0.0 -1.0 -1.0 -1.0 0.0 0.32633328228915526 0.3548219370062818 0.3188447807045629
9 195.0 0.0 -1.0 -1.0 -1.0 0.0 0.31587066540076214 0.35143641369025036 0.3326929209089877
9 196.0 0.0 -1.0 -1.0 -1.0 0.0 0.32210933258603214 0.35083188049556857 0.3270587869183993
9 197.0 0.0 -1.0 -1.0 -1.0 0.0 0.3040719865605535 0.33475222092124185 0.36117579251820486
9 198.0 0.0 -1.0 -1.0 -1.0 0.0 0.30863164228592277 0.3368240099744388 0.3545443477396383
9 199.0 0.0 -1.0 -1.0 -1.0 0.0 0.3354789005381296 0.32213658234248305 0.3423845171193872
9 200.0 0.0 -1.0 -1.0 -1.0 0.0 0.3328903633004189 0.314896066753736 0.3522135699458452
9 201.0 0.0 -1.0 -1.0 -1.0 0.0 0.3598466010564141 0.3063821141033189 0.3337712848402669
9 202.0 0.0 -1.0 -1.0 -1.0 0.0 0.3613437341848005 0.32553164918838917 0.31312461662680996
9 203.0 0.0 -1.0 -1.0 -1.0 0.0 0.37188129155075855 0.3013748476417514 0.32674386080749007
9 204.0 0.0 -1.0 -1.0 -1.0 0.0 0.36317025100835715 0.30004594113617616 0.33678380785546663
9 205.0 0.0 -1.0 -1.0 -1.0 0.0 0.3549862402354718 0.3019576211930601 0.3430561385714683
9 206.0 0.0 -1.0 -1.0 -1.0 0.0 0.32656934181065755 0.3230643288904995 0.350366329298843
9 207.0 0.0 -1.0 -1.0 -1.0 0.0 0.34653250795970125 0.33570791036715336 0.31775958167314533
9 208.0 0.0 -1.0 -1.0 -1.0 0.0 0.33877571470602247 0.3303697786764359 0.33085450661754157
9 209.0 0.0 -1.0 -1.0 -1.0 0.0 0.3349091657986273 0.33486026612325304 0.33023056807811985
9 210.0 0.0 -1.0 -1.0 -1.0 0.0 0.3286497343772033 0.3200622454475148 0.3512880201752819
9 211.0 0.0 -1.0 -1.0 -1.0 0.0 0.3062761623672115 0.32934115306496836 0.36438268456781997
9 212.0 0.0 -1.0 -1.0 -1.0 0.0 0.3183800416357588 0.32334048744627775 0.3582794709179633
9 213.0 0.0 -1.0 -1.0 -1.0 0.0 0.2982416943443192 0.3331485860883121 0.3686097195673687
9 214.0 0.0 -1.0 -1.0 -1.0 0.0 0.3121600455343806 0.3416891383507162 0.34615081611490334
9 215.0 0.0 -1.0 -1.0 -1.0 0.0 0.3026044661442205 0.3561473163491287 0.34124821750665085
9 216.0 0.0 -1.0 -1.0 -1.0 0.0 0.31573459012034044 0.34949936073924753 0.33476604914041197
9 217.0 0.0 -1.0 -1.0 -1.0 0.0 0.3108087657557368 0.33540824269637315 0.3537829915478901
9 218.0 0.0 -1.0 -1.0 -1.0 0.0 0.2948382400060894 0.3545091493013188 0.35065261069259207
9 219.0 0.0 -1.0 -1.0 -1.0 0.0 0.3040550413473414 0.35092146627647836 0.34502349237617996
9 220.0 0.0 -1.0 -1.0 -1.0 0.0 0.302768333488412 0.3469035186716315 0.35032814783995664
9 221.0 0.0 -1.0 -1.0 -1.0 0.0 0.33024978943660294 0.34250671430293517 0.327243496260462
9 222.0 0.0 -1.0 -1.0 -1.0 0.0 0.28681234031000036 0.36198003946851637 0.3512076202214832
9 223.0 0.0 -1.0 -1.0 -1.0 0.0 0.27752311436583343 0.3757570931266196 0.34671979250754703
9 224.0 0.0 -1.0 -1.0 -1.0 0.0 0.29883563940176666 0.3678620306252431 0.33330232997299014
9 225.0 0.0 -1.0 -1.0 -1.0 0.0 0.28923904026549263 0.38118602381692 0.3295749359175876
9 226.0 0.0 -1.0 -1.0 -1.0 0.0 0.32101331240938635 0.3474593497816037 0.33152733780901
9 227.0 0.0 -1.0 -1.0 -1.0 0.0 0.3184191811222699 0.3360360827335153 0.3455447361442145
9 228.0 0.0 -1.0 -1.0 -1.0 0.0 0.32930155469176386 0.3352292499067204 0.33546919540151576
9 229.0 0.0 -1.0 -1.0 -1.0 0.0 0.33729865035582185 0.32691367463498217 0.3357876750091959
9 230.0 0.0 -1.0 -1.0 -1.0 0.0 0.32653880147030684 0.33958661229136566 0.33387458623832766
9 231.0 0.0 -1.0 -1.0 -1.0 0.0 0.32215993997342435 0.3424926357971468 0.3353474242294288
9 232.0 0.0 -1.0 -1.0 -1.0 0.0 0.33229115284502453 0.32856533244399716 0.33914351471097814
9 233.0 0.0 -1.0 -1.0 -1.0 0.0 0.3125679520030117 0.3467698944475137 0.3406621535494748
9 234.0 0.0 -1.0 -1.0 -1.0 0.0 0.30785087977721093 0.36391517951156227 0.3282339407112268
9 235.0 0.0 -1.0 -1.0 -1.0 0.0 0.3232224134208419 0.3342477029749976 0.3425298836041605
9 236.0 0.0 -1.0 -1.0 -1.0 0.0 0.31398272214648604 0.3445219698442321 0.3414953080092819
9 237.0 0.0 -1.0 -1.0 -1.0 0.0 0.2965843143140576 0.3362325017698091 0.36718318391613336
9 238.0 0.0 -1.0 -1.0 -1.0 0.0 0.31090099175753655 0.31702144823341505 0.37207756000904846
9 239.0 0.0 -1.0 -1.0 -1.0 0.0 0.3156675579882575 0.33379653546561316 0.35053590654612937
9 240.0 0.0 -1.0 -1.0 -1.0 0.0 0.303921645628421 0.3455016094831575 0.35057674488842167
9 241.0 0.0 -1.0 -1.0 -1.0 0.0 0.30841831606980274 0.33982373105532415 0.35175795287487327
9 242.0 0.0 -1.0 -1.0 -1.0 0.0 0.33135693484692263 0.30864611111132695 0.3599969540417502
9 243.0 0.0 -1.0 -1.0 -1.0 0.0 0.3216081475820331 0.3277388775826215 0.3506529748353454
9 244.0 0.0 -1.0 -1.0 -1.0 0.0 0.32102638745490225 0.3323513452585957 0.3466222672865019
9 245.0 0.0 -1.0 -1.0 -1.0 0.0 0.3155717508317924 0.3111265304470653 0.37330171872114243
9 246.0 0.0 -1.0 -1.0 -1.0 0.0 0.3123369619179816 0.30119653865035007 0.38646649943166833
9 247.0 0.0 -1.0 -1.0 -1.0 0.0 0.3170367277458531 0.3015357815273208 0.3814274907268256
9 248.0 0.0 -1.0 -1.0 -1.0 0.0 0.33146585059074485 0.3257234533125947 0.3428106960966605
9 249.0 0.0 -1.0 -1.0 -1.0 0.0 0.3330626779714381 0.30794712218396236 0.3589901998445996
9 250.0 0.0 -1.0 -1.0 -1.0 0.0 0.33454529837263697 0.3118024372494681 0.35365226437789493
9 251.0 0.0 -1.0 -1.0 -1.0 0.0 0.3242993428942757 0.30547774679216977 0.37022291031355464
9 252.0 0.0 -1.0 -1.0 -1.0 0.0 0.3310791031331033 0.30014422054934903 0.36877667631754796
9 253.0 0.0 -1.0 -1.0 -1.0 0.0 0.3602942705347665 0.28449394200914 0.35521178745609355
9 254.0 0.0 -1.0 -1.0 -1.0 0.0 0.34835022932252124 0.30709874607565846 0.34455102460182035
9 255.0 0.0 -1.0 -1.0 -1.0 0.0 0.3167920122615459 0.3084760622644427 0.3747319254740117
9 256.0 0.0 -1.0 -1.0 -1.0 0.0 0.32379524180406477 0.32853453664352295 0.34767022155241223
9 257.0 0.0 -1.0 -1.0 -1.0 0.0 0.31188385610692904 0.33286137795403403 0.35525476593903704
9 258.0 0.0 -1.0 -1.0 -1.0 0.0 0.29204976310751035 0.3304429956017662 0.3775072412907234
9 259.0 0.0 -1.0 -1.0 -1.0 0.0 0.31461121191600605 0.31840380229578236 0.36698498578821165
9 260.0 0.0 -1.0 -1.0 -1.0 0.0 0.3438683999319808 0.3082484348340406 0.34788316523397844
9 261.0 0.0 -1.0 -1.0 -1.0 0.0 0.3327364784402066 0.3237895398729878 0.343473981686806
9 262.0 0.0 -1.0 -1.0 -1.0 0.0 0.3004385092598372 0.31942577588454524 0.3801357148556177
9 263.0 0.0 -1.0 -1.0 -1.0 0.0 0.3055673983355193 0.3294457829124716 0.364986818752009
9 264.0 0.0 -1.0 -1.0 -1.0 0.0 0.3153898445493796 0.33986540329666015 0.3447447521539603
9 265.0 0.0 -1.0 -1.0 -1.0 0.0 0.30777956908067766 0.3346200584084513 0.35760037251087096
9 266.0 0.0 -1.0 -1.0 -1.0 0.0 0.3289099624442905 0.31700182834182233 0.3540882092138871
9 267.0 0.0 -1.0 -1.0 -1.0 0.0 0.34716523383475645 0.30656251985392685 0.3462722463113166
9 268.0 0.0 -1.0 -1.0 -1.0 0.0 0.32800862678745873 0.3259382782766116 0.3460530949359296
9 269.0 0.0 -1.0 -1.0 -1.0 0.0 0.3666837273304449 0.31071558481034905 0.3226006878592061
9 270.0 0.0 -1.0 -1.0 -1.0 0.0 0.33740912000397844 0.3265102615651796 0.336080618430842
9 271.0 0.0 -1.0 -1.0 -1.0 0.0 0.3308619916778383 0.3465851239184786 0.32255288440368296
9 272.0 0.0 -1.0 -1.0 -1.0 0.0 0.2940038740439541 0.3547868352087428 0.35120929074730334
9 273.0 0.0 -1.0 -1.0 -1.0 0.0 0.3194246343425395 0.3300143736852045 0.350560991972256
9 274.0 0.0 -1.0 -1.0 -1.0 0.0 0.31687380881571936 0.34743669586632675 0.3356894953179536
9 275.0 0.0 -1.0 -1.0 -1.0 0.0 0.3480944738796564 0.348041909562857 0.3038636165574865
9 276.0 0.0 -1.0 -1.0 -1.0 0.0 0.3420928400830999 0.3447722001820344 0.3131349597348657
9 277.0 0.0 -1.0 -1.0 -1.0 0.0 0.3496645039116643 0.3168110768314054 0.3335244192569304
9 278.0 0.0 -1.0 -1.0 -1.0 0.0 0.3541053274590525 0.31164986588240057 0.3342448066585471
9 279.0 0.0 -1.0 -1.0 -1.0 0.0 0.3756107283056618 0.2972162687711585 0.32717300292317986
9 280.0 0.0 -1.0 -1.0 -1.0 0.0 0.36358539099601245 0.3069024409947782 0.3295121680092095
9 281.0 0.0 -1.0 -1.0 -1.0 0.0 0.34253766920041256 0.29612374645108247 0.36133858434850485
9 282.0 0.0 -1.0 -1.0 -1.0 0.0 0.345754492158058 0.316520271072723 0.337725236769219
9 283.0 0.0 -1.0 -1.0 -1.0 0.0 0.3458078716628484 0.331817357488082 0.3223747708490698
9 284.0 0.0 -1.0 -1.0 -1.0 0.0 0.32854473051843086 0.3202455314153074 0.35120973806626177
9 285.0 0.0 -1.0 -1.0 -1.0 0.0 0.34725639471231184 0.3000649168298141 0.3526786884578738
9 286.0 0.0 -1.0 -1.0 -1.0 0.0 0.3642994452324168 0.3075061018684191 0.32819445289916443
9 287.0 0.0 -1.0 -1.0 -1.0 0.0 0.3613651408106995 0.29449816163204867 0.34413669755725157
9 288.0 0.0 -1.0 -1.0 -1.0 0.0 0.34798909338457173 0.3258293137160646 0.3261815928993636
9 289.0 0.0 -1.0 -1.0 -1.0 0.0 0.3272185933763671 0.3482888853886933 0.3244925212349397
9 290.0 0.0 -1.0 -1.0 -1.0 0.0 0.31930479276439 0.35546729871703897 0.32522790851857075
9 291.0 0.0 -1.0 -1.0 -1.0 0.0 0.31561946402242813 0.3501803030318023 0.3342002329457695
9 292.0 0.0 -1.0 -1.0 -1.0 0.0 0.3291601258124798 0.3372142935405717 0.3336255806469486
9 293.0 0.0 -1.0 -1.0 -1.0 0.0 0.30706074238069836 0.3774334613349977 0.31550579628430414
9 294.0 0.0 -1.0 -1.0 -1.0 0.0 0.3220404513678768 0.3681929738627913 0.3097665747693318
9 295.0 0.0 -1.0 -1.0 -1.0 0.0 0.3340629233310834 0.3583465774458983 0.3075904992230182
9 296.0 0.0 -1.0 -1.0 -1.0 0.0 0.33026364881430004 0.3468024304424508 0.3229339207432492
9 297.0 0.0 -1.0 -1.0 -1.0 0.0 0.3347654820858235 0.3608212470499694 0.3044132708642073
9 298.0 0.0 -1.0 -1.0 -1.0 0.0 0.34592523549237364 0.35200590047342367 0.3020688640342028
9 299.0 0.0 -1.0 -1.0 -1.0 0.0 0.3358124218369186 0.33484922231272285 0.32933835585035864
9 300.0 0.0 -1.0 -1.0 -1.0 0.0 0.35832193831006687 0.3347840007673305 0.3068940609226025
9 301.0 0.0 -1.0 -1.0 -1.0 0.0 0.3212468462077796 0.38325734084954505 0.2954958129426752
9 302.0 0.0 -1.0 -1.0 -1.0 0.0 0.32942408662933476 0.3526232038018162 0.31795270956884897
9 303.0 0.0 -1.0 -1.0 -1.0 0.0 0.33016061893381654 0.3342441776805129 0.3355952033856704
9 304.0 0.0 -1.0 -1.0 -1.0 0.0 0.3408089275870778 0.3146479741566094 0.34454309825631285
9 305.0 0.0 -1.0 -1.0 -1.0 0.0 0.3417228894803776 0.33860400765218385 0.3196731028674385
9 306.0 0.0 -1.0 -1.0 -1.0 0.0 0.365624108537423 0.314220487207921 0.32015540425465616
9 307.0 0.0 -1.0 -1.0 -1.0 0.0 0.3747298534540419 0.31325621043290597 0.31201393611305195
9 308.0 0.0 -1.0 -1.0 -1.0 0.0 0.35480716394253675 0.3235379887276626 0.3216548473298005
9 309.0 0.0 -1.0 -1.0 -1.0 0.0 0.3650340437028417 0.30417659151321347 0.33078936478394466
9 310.0 0.0 -1.0 -1.0 -1.0 0.0 0.36819547974162814 0.29688392474207975 0.3349205955162919
9 311.0 0.0 -1.0 -1.0 -1.0 0.0 0.31470612839065987 0.34314244855056536 0.34215142305877494
9 312.0 0.0 -1.0 -1.0 -1.0 0.0 0.31237557174792596 0.3633365927374799 0.3242878355145939
9 313.0 0.0 -1.0 -1.0 -1.0 0.0 0.30307741612314687 0.3652231144882227 0.33169946938863043
9 314.0 0.0 -1.0 -1.0 -1.0 0.0 0.3369508924384951 0.34902600565046726 0.31402310191103766
9 315.0 0.0 -1.0 -1.0 -1.0 0.0 0.35444149921971785 0.34914157909231214 0.29641692168797
9 316.0 0.0 -1.0 -1.0 -1.0 0.0 0.33404232778643106 0.3330833062991628 0.332874365914406
9 317.0 0.0 -1.0 -1.0 -1.0 0.0 0.331846307946481 0.3243615087803453 0.3437921832731737
9 318.0 0.0 -1.0 -1.0 -1.0 0.0 0.31187632012157157 0.3334091484484466 0.3547145314299819
9 319.0 0.0 -1.0 -1.0 -1.0 0.0 0.3318372245089904 0.32769153504454474 0.3404712404464649
9 320.0 0.0 -1.0 -1.0 -1.0 0.0 0.32258907381697827 0.33597442358555063 0.3414365025974713
9 321.0 0.0 -1.0 -1.0 -1.0 0.0 0.340518685108726 0.33757941711409833 0.3219018977771755
9 322.0 0.0 -1.0 -1.0 -1.0 0.0 0.3324495787211299 0.3209696234260278 0.34658079785284207
9 323.0 0.0 -1.0 -1.0 -1.0 0.0 0.3489176312405282 0.2998323280770943 0.3512500406823776
9 324.0 0.0 -1.0 -1.0 -1.0 0.0 0.329615159099889 0.30042693515171204 0.36995790574839915
9 325.0 0.0 -1.0 -1.0 -1.0 0.0 0.3157811364328851 0.30369452018799586 0.38052434337911917
9 326.0 0.0 -1.0 -1.0 -1.0 0.0 0.31251175087703387 0.2870250951192988 0.4004631540036674
9 327.0 0.0 -1.0 -1.0 -1.0 0.0 0.32906394925896015 0.3032060828412122 0.36772996789982754
9 328.0 0.0 -1.0 -1.0 -1.0 0.0 0.34817831695183815 0.31939077530137044 0.33243090774679124
9 329.0 0.0 -1.0 -1.0 -1.0 0.0 0.3226575369280469 0.3268756997110813 0.3504667633608719
9 330.0 0.0 -1.0 -1.0 -1.0 0.0 0.32329598110222996 0.3173859005981512 0.35931811829961896
9 331.0 0.0 -1.0 -1.0 -1.0 0.0 0.31398587932219285 0.32121637163877814 0.3647977490390288
9 332.0 0.0 -1.0 -1.0 -1.0 0.0 0.31708989849622604 0.33225698458223235 0.35065311692154166
9 333.0 0.0 -1.0 -1.0 -1.0 0.0 0.32327285924780014 0.3382303316857571 0.33849680906644264
9 334.0 0.0 -1.0 -1.0 -1.0 0.0 0.3155446844500895 0.35660486683523096 0.32785044871467967
9 335.0 0.0 -1.0 -1.0 -1.0 0.0 0.31663907779617206 0.3360629254476908 0.34729799675613743
9 336.0 0.0 -1.0 -1.0 -1.0 0.0 0.2946854167206155 0.34728422589896163 0.3580303573804228
9 337.0 0.0 -1.0 -1.0 -1.0 0.0 0.31132789152810814 0.3303698845861001 0.35830222388579186
9 338.0 0.0 -1.0 -1.0 -1.0 0.0 0.30486568551330595 0.34964471856448165 0.34548959592221246
9 339.0 0.0 -1.0 -1.0 -1.0 0.0 0.3276707001857783 0.3565011379254053 0.315828161888816
9 340.0 0.0 -1.0 -1.0 -1.0 0.0 0.3092860206718559 0.3521802684670087 0.33853371086113543
9 341.0 0.0 -1.0 -1.0 -1.0 0.0 0.3285749016638404 0.36051313710727584 0.3109119612288838
9 342.0 0.0 -1.0 -1.0 -1.0 0.0 0.3348671784652498 0.35825002760213076 0.3068827939326196
9 343.0 0.0 -1.0 -1.0 -1.0 0.0 0.35817005468524443 0.33417779742082837 0.3076521478939275
9 344.0 0.0 -1.0 -1.0 -1.0 0.0 0.37964610943318433 0.3257344968687255 0.29461939369809015
9 345.0 0.0 -1.0 -1.0 -1.0 0.0 0.38097359700488875 0.3443549728562499 0.2746714301388613
9 346.0 0.0 -1.0 -1.0 -1.0 0.0 0.3523745825034914 0.33913943739474517 0.3084859801017634
9 347.0 0.0 -1.0 -1.0 -1.0 0.0 0.33715252503061227 0.3326922963088243 0.3301551786605634
9 348.0 0.0 -1.0 -1.0 -1.0 0.0 0.3513747042194697 0.3392292192860551 0.309396076494475
9 349.0 0.0 -1.0 -1.0 -1.0 0.0 0.33747586302400656 0.3523677954841322 0.3101563414918613
9 350.0 0.0 -1.0 -1.0 -1.0 0.0 0.33237524589811934 0.35111692167033354 0.3165078324315469
9 351.0 0.0 -1.0 -1.0 -1.0 0.0 0.32565274839908576 0.36085684056314266 0.3134904110377717
9 352.0 0.0 -1.0 -1.0 -1.0 0.0 0.30487001201404224 0.37510474393783183 0.32002524404812577
9 353.0 0.0 -1.0 -1.0 -1.0 0.0 0.33963736339336864 0.3482889921888583 0.3120736444177731
9 354.0 0.0 -1.0 -1.0 -1.0 0.0 0.3393034861032183 0.33812748902077905 0.32256902487600286
9 355.0 0.0 -1.0 -1.0 -1.0 0.0 0.3547200476129309 0.33286560939731963 0.31241434298974946
9 356.0 0.0 -1.0 -1.0 -1.0 0.0 0.3556867820812461 0.3152012099787617 0.3291120079399926
9 357.0 0.0 -1.0 -1.0 -1.0 0.0 0.361409181624222 0.31397628042884834 0.32461453794692985
9 358.0 0.0 -1.0 -1.0 -1.0 0.0 0.3720943387091097 0.3287700235141944 0.2991356377766959
9 359.0 0.0 -1.0 -1.0 -1.0 0.0 0.35843661243757974 0.32663687722265505 0.31492651033976526
9 360.0 0.0 -1.0 -1.0 -1.0 0.0 0.3688659358681716 0.31259318290671023 0.3185408812251179
9 361.0 0.0 -1.0 -1.0 -1.0 0.0 0.38170697742484216 0.29580161758288415 0.3224914049922735
9 362.0 0.0 -1.0 -1.0 -1.0 0.0 0.3553803107565894 0.3125878489732795 0.33203184027013116
9 363.0 0.0 -1.0 -1.0 -1.0 0.0 0.3244528743093712 0.3383659376874442 0.33718118800318464
9 364.0 0.0 -1.0 -1.0 -1.0 0.0 0.3401854635144829 0.3290195854809002 0.33079495100461676
9 365.0 0.0 -1.0 -1.0 -1.0 0.0 0.340612762258411 0.3426534281275112 0.31673380961407765
9 366.0 0.0 -1.0 -1.0 -1.0 0.0 0.34248181981075604 0.319226621286602 0.3382915589026419
9 367.0 0.0 -1.0 -1.0 -1.0 0.0 0.3152365020015662 0.30171408900663166 0.3830494089918024
9 368.0 0.0 -1.0 -1.0 -1.0 0.0 0.3249428027981448 0.28026667882598205 0.39479051837587265
9 369.0 0.0 -1.0 -1.0 -1.0 0.0 0.3346831228215224 0.2826166341126305 0.3827002430658471
9 370.0 0.0 -1.0 -1.0 -1.0 0.0 0.34069177941165646 0.313706313059521 0.34560190752882264
9 371.0 0.0 -1.0 -1.0 -1.0 0.0 0.34114731894288264 0.3119528354404904 0.3468998456166271
9 372.0 0.0 -1.0 -1.0 -1.0 0.0 0.33723339726973245 0.32290464460175217 0.3398619581285156
9 373.0 0.0 -1.0 -1.0 -1.0 0.0 0.3512653190162839 0.3370709864674075 0.3116636945163086
9 374.0 0.0 -1.0 -1.0 -1.0 0.0 0.32714826774490186 0.33409166209376173 0.33876007016133663
9 375.0 0.0 -1.0 -1.0 -1.0 0.0 0.3517481220554475 0.3287544454251772 0.31949743251937573
9 376.0 0.0 -1.0 -1.0 -1.0 0.0 0.3419124753175168 0.3437100021766584 0.3143775225058247
9 377.0 0.0 -1.0 -1.0 -1.0 0.0 0.3358499619096633 0.34442226976385953 0.3197277683264775
9 378.0 0.0 -1.0 -1.0 -1.0 0.0 0.334557792652879 0.34564886366292524 0.31979334368419576
9 379.0 0.0 -1.0 -1.0 -1.0 0.0 0.33195804472015256 0.3515191217922293 0.3165228334876183
9 380.0 0.0 -1.0 -1.0 -1.0 0.0 0.3295210508533988 0.35894700719895845 0.3115319419476429
9 381.0 0.0 -1.0 -1.0 -1.0 0.0 0.34108733160282745 0.3573096621435989 0.30160300625357367
9 382.0 0.0 -1.0 -1.0 -1.0 0.0 0.3146942522286994 0.3655382393062805 0.3197675084650198
9 383.0 0.0 -1.0 -1.0 -1.0 0.0 0.33853901534512426 0.3571212118181315 0.3043397728367443
9 384.0 0.0 -1.0 -1.0 -1.0 0.0 0.37010009498461316 0.329037239436333 0.30086266557905345
9 385.0 0.0 -1.0 -1.0 -1.0 0.0 0.3606027725197625 0.3339696244554881 0.3054276030247497
9 386.0 0.0 -1.0 -1.0 -1.0 0.0 0.380348277069224 0.309494274281119 0.31015744864965716
9 387.0 0.0 -1.0 -1.0 -1.0 0.0 0.4008983211047114 0.29604455029533167 0.3030571285999568
9 388.0 0.0 -1.0 -1.0 -1.0 0.0 0.36490847920193625 0.3010547544158234 0.3340367663822405
9 389.0 0.0 -1.0 -1.0 -1.0 0.0 0.3665867772565893 0.3160161066950841 0.3173971160483264
9 390.0 0.0 -1.0 -1.0 -1.0 0.0 0.3545125546490646 0.31999282461878936 0.32549462073214613
9 391.0 0.0 -1.0 -1.0 -1.0 0.0 0.3719258146561389 0.30006292394159434 0.3280112614022665
9 392.0 0.0 -1.0 -1.0 -1.0 0.0 0.3660796022760713 0.3008270816507144 0.33309331607321413
9 393.0 0.0 -1.0 -1.0 -1.0 0.0 0.35849335663446175 0.3135843248240066 0.3279223185415316
9 394.0 0.0 -1.0 -1.0 -1.0 0.0 0.3421407478760342 0.33500905006469744 0.3228502020592681
9 395.0 0.0 -1.0 -1.0 -1.0 0.0 0.3313192211217495 0.32808550962580424 0.3405952692524461
9 396.0 0.0 -1.0 -1.0 -1.0 0.0 0.3642469148693892 0.3086299264936155 0.3271231586369956
9 397.0 0.0 -1.0 -1.0 -1.0 0.0 0.35520587072471116 0.33656960681349285 0.308224522461796
9 398.0 0.0 -1.0 -1.0 -1.0 0.0 0.3267901336006013 0.3389592311437943 0.3342506352556044
9 399.0 0.0 -1.0 -1.0 -1.0 0.0 0.33782190002107837 0.341826180121892 0.3203519198570295
9 400.0 0.0 -1.0 -1.0 -1.0 0.0 0.334838115889213 0.3160938535901396 0.34906803052064767
9 401.0 0.0 -1.0 -1.0 -1.0 0.0 0.317745064964179 0.3246476789112937 0.35760725612452715
9 402.0 0.0 -1.0 -1.0 -1.0 0.0 0.32260485635807823 0.30416203996675373 0.3732331036751681
9 403.0 0.0 -1.0 -1.0 -1.0 0.0 0.3092960446449862 0.306311035835968 0.3843929195190458
9 404.0 0.0 -1.0 -1.0 -1.0 0.0 0.30800461385396827 0.3284262360000614 0.3635691501459704
9 405.0 0.0 -1.0 -1.0 -1.0 0.0 0.3078228153177385 0.3171044679189733 0.3750727167632883
9 406.0 0.0 -1.0 -1.0 -1.0 0.0 0.311389071989139 0.33480512544685065 0.35380580256401045
9 407.0 0.0 -1.0 -1.0 -1.0 0.0 0.3108873621520293 0.33453369228367136 0.3545789455642992
9 408.0 0.0 -1.0 -1.0 -1.0 0.0 0.3224878089452379 0.3509825584160576 0.3265296326387046
9 409.0 0.0 -1.0 -1.0 -1.0 0.0 0.3154906782584224 0.347887114727407 0.33662220701417056
9 410.0 0.0 -1.0 -1.0 -1.0 0.0 0.33255140055434523 0.354630704095464 0.3128178953501908
9 411.0 0.0 -1.0 -1.0 -1.0 0.0 0.3568842400861157 0.33892663597802636 0.304189123935858
9 412.0 0.0 -1.0 -1.0 -1.0 0.0 0.36223060619004316 0.3320646418618417 0.30570475194811497
9 413.0 0.0 -1.0 -1.0 -1.0 0.0 0.32514848485165637 0.3580713472786008 0.3167801678697427
9 414.0 0.0 -1.0 -1.0 -1.0 0.0 0.3034506844932948 0.3544640656779198 0.34208524982878513
9 415.0 0.0 -1.0 -1.0 -1.0 0.0 0.31627555633937915 0.3551347748179661 0.3285896688426547
9 416.0 0.0 -1.0 -1.0 -1.0 0.0 0.33405381290506236 0.3271478563911663 0.3387983307037711
9 417.0 0.0 -1.0 -1.0 -1.0 0.0 0.34160854521885836 0.33581007718577977 0.3225813775953618
9 418.0 0.0 -1.0 -1.0 -1.0 0.0 0.3616845321606258 0.32384456955817176 0.3144708982812024
9 419.0 0.0 -1.0 -1.0 -1.0 0.0 0.34777921089824465 0.3032100857274663 0.34901070337428913
9 420.0 0.0 -1.0 -1.0 -1.0 0.0 0.35057429819650987 0.32136089105302723 0.3280648107504628
9 421.0 0.0 -1.0 -1.0 -1.0 0.0 0.34400288553038566 0.31854347705463654 0.337453637414978
9 422.0 0.0 -1.0 -1.0 -1.0 0.0 0.38450100558410155 0.32069242479421056 0.294806569621688
9 423.0 0.0 -1.0 -1.0 -1.0 0.0 0.367534198964498 0.31080816797985295 0.3216576330556491
9 424.0 0.0 -1.0 -1.0 -1.0 0.0 0.3760006162315282 0.30492560009795017 0.3190737836705217
9 425.0 0.0 -1.0 -1.0 -1.0 0.0 0.3525301023760937 0.3194821474720376 0.3279877501518685
9 426.0 0.0 -1.0 -1.0 -1.0 0.0 0.3314247483598873 0.36048965906070896 0.3080855925794037
9 427.0 0.0 -1.0 -1.0 -1.0 0.0 0.3091857704433785 0.3549456131666502 0.33586861638997106
9 428.0 0.0 -1.0 -1.0 -1.0 0.0 0.34964553134182436 0.34096183902588434 0.30939262963229114
9 429.0 0.0 -1.0 -1.0 -1.0 0.0 0.3612339732258713 0.3159404858512751 0.32282554092285376
9 430.0 0.0 -1.0 -1.0 -1.0 0.0 0.33935821928843674 0.3209798167951709 0.33966196391639253
9 431.0 0.0 -1.0 -1.0 -1.0 0.0 0.35770799258149183 0.30918799667785885 0.3331040107406496
9 432.0 0.0 -1.0 -1.0 -1.0 0.0 0.35013130519462266 0.31518147509371774 0.33468721971165954
9 433.0 0.0 -1.0 -1.0 -1.0 0.0 0.34392985274705884 0.3271757328533697 0.32889441439957123
9 434.0 0.0 -1.0 -1.0 -1.0 0.0 0.33891361625404687 0.3267726080154496 0.3343137757305034
9 435.0 0.0 -1.0 -1.0 -1.0 0.0 0.34030697110771385 0.3294581135670615 0.3302349153252246
9 436.0 0.0 -1.0 -1.0 -1.0 0.0 0.3432668394056101 0.31200674640913467 0.3447264141852553
9 437.0 0.0 -1.0 -1.0 -1.0 0.0 0.3168721262457426 0.33802147787229037 0.34510639588196684
9 438.0 0.0 -1.0 -1.0 -1.0 0.0 0.3179408478699706 0.3279854841309892 0.35407366799904033
9 439.0 0.0 -1.0 -1.0 -1.0 0.0 0.319959151734631 0.32425655914061374 0.35578428912475524
9 440.0 0.0 -1.0 -1.0 -1.0 0.0 0.3002745584636067 0.3313780123035254 0.3683474292328682
9 441.0 0.0 -1.0 -1.0 -1.0 0.0 0.30977040852160004 0.3295852390743847 0.3606443524040152
9 442.0 0.0 -1.0 -1.0 -1.0 0.0 0.30337888826843307 0.32824012064229163 0.36838099108927547
9 443.0 0.0 -1.0 -1.0 -1.0 0.0 0.3107553486069989 0.33054461778387006 0.35870003360913083
9 444.0 0.0 -1.0 -1.0 -1.0 0.0 0.32506395608244026 0.3318816424017858 0.3430544015157741
9 445.0 0.0 -1.0 -1.0 -1.0 0.0 0.32566969399267515 0.3494627876349328 0.3248675183723918
9 446.0 0.0 -1.0 -1.0 -1.0 0.0 0.31705461692585 0.3373804377263332 0.3455649453478169
9 447.0 0.0 -1.0 -1.0 -1.0 0.0 0.30681326787810087 0.35396134753882585 0.3392253845830733
9 448.0 0.0 -1.0 -1.0 -1.0 0.0 0.3318166539322885 0.319987132597662 0.34819621347004953
9 449.0 0.0 -1.0 -1.0 -1.0 0.0 0.33013112900660635 0.3369775586521111 0.3328913123412826
9 450.0 0.0 -1.0 -1.0 -1.0 0.0 0.31396769682955983 0.33276358767644765 0.3532687154939924
9 451.0 0.0 -1.0 -1.0 -1.0 0.0 0.3155996445356537 0.3244125733066467 0.3599877821576994
9 452.0 0.0 -1.0 -1.0 -1.0 0.0 0.3215234911164003 0.32111490282158484 0.357361606062015
9 453.0 0.0 -1.0 -1.0 -1.0 0.0 0.3044693385887244 0.34574932317525475 0.3497813382360212
9 454.0 0.0 -1.0 -1.0 -1.0 0.0 0.3296729619205309 0.3424761284715182 0.3278509096079507
9 455.0 0.0 -1.0 -1.0 -1.0 0.0 0.33734016344109335 0.3656370463002531 0.2970227902586533
9 456.0 0.0 -1.0 -1.0 -1.0 0.0 0.3498760836528965 0.347705932007311 0.30241798433979256
9 457.0 0.0 -1.0 -1.0 -1.0 0.0 0.3439513703711573 0.3375187505199589 0.31852987910888364
9 458.0 0.0 -1.0 -1.0 -1.0 0.0 0.3534899744791925 0.323555941368043 0.32295408415276455
9 459.0 0.0 -1.0 -1.0 -1.0 0.0 0.34672749969451694 0.33171988412685594 0.321552616178627
9 460.0 0.0 -1.0 -1.0 -1.0 0.0 0.3322348722814881 0.33418831556048273 0.33357681215802926
9 461.0 0.0 -1.0 -1.0 -1.0 0.0 0.3449568171388643 0.3326589347809142 0.32238424808022154
9 462.0 0.0 -1.0 -1.0 -1.0 0.0 0.34958384940876625 0.32796996286657093 0.32244618772466277
9 463.0 0.0 -1.0 -1.0 -1.0 0.0 0.3505960883175197 0.3505985848205703 0.2988053268619098
9 464.0 0.0 -1.0 -1.0 -1.0 0.0 0.3599946211386163 0.33775118586741243 0.30225419299397116
9 465.0 0.0 -1.0 -1.0 -1.0 0.0 0.35397059752621124 0.32571563340310256 0.32031376907068626
9 466.0 0.0 -1.0 -1.0 -1.0 0.0 0.34319408715947225 0.3312838072889493 0.32552210555157834
9 467.0 0.0 -1.0 -1.0 -1.0 0.0 0.34628682247760234 0.33690256218864584 0.31681061533375177
9 468.0 0.0 -1.0 -1.0 -1.0 0.0 0.3613231024010631 0.3519031146414057 0.2867737829575314
9 469.0 0.0 -1.0 -1.0 -1.0 0.0 0.3429410206861245 0.3366829141281209 0.32037606518575457
9 470.0 0.0 -1.0 -1.0 -1.0 0.0 0.36054566304134283 0.34543649376900154 0.2940178431896556
9 471.0 0.0 -1.0 -1.0 -1.0 0.0 0.3636925300619696 0.34883474754334826 0.2874727223946821
9 472.0 0.0 -1.0 -1.0 -1.0 0.0 0.3808144267297313 0.31103726919023017 0.30814830408003857
9 473.0 0.0 -1.0 -1.0 -1.0 0.0 0.3860309165954741 0.3230739451658169 0.2908951382387092
9 474.0 0.0 -1.0 -1.0 -1.0 0.0 0.35380794644579905 0.33848329425544593 0.307708759298755
9 475.0 0.0 -1.0 -1.0 -1.0 0.0 0.3350991626392723 0.34376809185542867 0.32113274550529897
9 476.0 0.0 -1.0 -1.0 -1.0 0.0 0.3112342677688371 0.3383643192919331 0.3504014129392297
9 477.0 0.0 -1.0 -1.0 -1.0 0.0 0.3179326626076519 0.3237687545432781 0.35829858284907024
9 478.0 0.0 -1.0 -1.0 -1.0 0.0 0.3210573560427927 0.3199152179314481 0.3590274260257593
9 479.0 0.0 -1.0 -1.0 -1.0 0.0 0.327353175005163 0.32285599591938846 0.34979082907544845
9 480.0 0.0 -1.0 -1.0 -1.0 0.0 0.3523345320339358 0.3043076312588797 0.3433578367071845
9 481.0 0.0 -1.0 -1.0 -1.0 0.0 0.3255146003701091 0.31431284696335177 0.36017255266653925
9 482.0 0.0 -1.0 -1.0 -1.0 0.0 0.351673589504356 0.30919617099364943 0.3391302395019947
9 483.0 0.0 -1.0 -1.0 -1.0 0.0 0.3575902350903258 0.3007121567714546 0.34169760813821975
9 484.0 0.0 -1.0 -1.0 -1.0 0.0 0.3390030697977751 0.3190662230110846 0.34193070719114
9 485.0 0.0 -1.0 -1.0 -1.0 0.0 0.35423419944976203 0.3018987440399277 0.34386705651031024
9 486.0 0.0 -1.0 -1.0 -1.0 0.0 0.370837767875152 0.3098230107962985 0.3193392213285495
9 487.0 0.0 -1.0 -1.0 -1.0 0.0 0.35892664402822155 0.3065254584121493 0.3345478975596288
9 488.0 0.0 -1.0 -1.0 -1.0 0.0 0.35953321039622393 0.28633455683356784 0.35413223277020817
9 489.0 0.0 -1.0 -1.0 -1.0 0.0 0.3414151287812469 0.3199673392390133 0.33861753197974004
9 490.0 0.0 -1.0 -1.0 -1.0 0.0 0.3472844159673516 0.307379844039224 0.3453357399934244
9 491.0 0.0 -1.0 -1.0 -1.0 0.0 0.3718096647433786 0.30383896385137865 0.3243513714052426
9 492.0 0.0 -1.0 -1.0 -1.0 0.0 0.35654149163022225 0.3164944678121986 0.32696404055757916
9 493.0 0.0 -1.0 -1.0 -1.0 0.0 0.3542746528388549 0.3338547719562349 0.3118705752049103
9 494.0 0.0 -1.0 -1.0 -1.0 0.0 0.34307564852522404 0.3327827653879054 0.3241415860868706
9 495.0 0.0 -1.0 -1.0 -1.0 0.0 0.3235881227594182 0.3427226928017096 0.3336891844388725
9 496.0 0.0 -1.0 -1.0 -1.0 0.0 0.3471715441346708 0.3290229253882999 0.3238055304770291
9 497.0 0.0 -1.0 -1.0 -1.0 0.0 0.34276965659362285 0.34971787056026615 0.307512472846111
9 498.0 0.0 -1.0 -1.0 -1.0 0.0 0.3460980165292995 0.38467571675932183 0.2692262667113789
9 499.0 0.0 -1.0 -1.0 -1.0 0.0 0.35057922785874335 0.37275945330851984 0.27666131883273687
9 500.0 0.0 -1.0 -1.0 -1.0 0.0 0.3506452406166546 0.364632501098239 0.2847222582851068
9 501.0 0.0 -1.0 -1.0 -1.0 0.0 0.343359700645674 0.3764035416389832 0.28023675771534284
9 502.0 0.0 -1.0 -1.0 -1.0 0.0 0.353654135754402 0.36296883253668333 0.28337703170891443
9 503.0 0.0 -1.0 -1.0 -1.0 0.0 0.36616480687846803 0.33098279463979224 0.3028523984817399
9 504.0 0.0 -1.0 -1.0 -1.0 0.0 0.35948395009954537 0.34108402062899246 0.2994320292714621
9 505.0 0.0 -1.0 -1.0 -1.0 0.0 0.32833039829271604 0.37424095229949217 0.2974286494077916
9 506.0 0.0 -1.0 -1.0 -1.0 0.0 0.3392670764549501 0.36351317560360313 0.29721974794144695
9 507.0 0.0 -1.0 -1.0 -1.0 0.0 0.3450425066440822 0.3367158789167481 0.31824161443916965
9 508.0 0.0 -1.0 -1.0 -1.0 0.0 0.32651430531196846 0.31338003671230363 0.3601056579757278
9 509.0 0.0 -1.0 -1.0 -1.0 0.0 0.3440111860336607 0.3188113069929556 0.3371775069733837
9 510.0 0.0 -1.0 -1.0 -1.0 0.0 0.3196765681631508 0.3138080000426998 0.3665154317941494
9 511.0 0.0 -1.0 -1.0 -1.0 0.0 0.324864276693928 0.317321001525449 0.357814721780623
9 512.0 0.0 -1.0 -1.0 -1.0 0.0 0.3233461186284078 0.3515605922792374 0.32509328909235513
9 513.0 0.0 -1.0 -1.0 -1.0 0.0 0.3097188339593572 0.3652725285435954 0.32500863749704756
9 514.0 0.0 -1.0 -1.0 -1.0 0.0 0.30717187337927326 0.36101639728622587 0.3318117293345009
9 515.0 0.0 -1.0 -1.0 -1.0 0.0 0.30124266962336316 0.3525770240118321 0.3461803063648047
9 516.0 0.0 -1.0 -1.0 -1.0 0.0 0.3227071936667115 0.32958511900537374 0.347707687327915
9 517.0 0.0 -1.0 -1.0 -1.0 0.0 0.33895361448489003 0.34168768818888573 0.3193586973262244
9 518.0 0.0 -1.0 -1.0 -1.0 0.0 0.3398188409312412 0.33110893544100073 0.32907222362775795
9 519.0 0.0 -1.0 -1.0 -1.0 0.0 0.3464681673713119 0.3201767580396849 0.3333550745890033
9 520.0 0.0 -1.0 -1.0 -1.0 0.0 0.349403928789023 0.3220856459810006 0.3285104252299766
9 521.0 0.0 -1.0 -1.0 -1.0 0.0 0.3348749014929716 0.34083446747609214 0.3242906310309362
9 522.0 0.0 -1.0 -1.0 -1.0 0.0 0.3203114111328449 0.3416895870180961 0.3379990018490592
9 523.0 0.0 -1.0 -1.0 -1.0 0.0 0.3102508332251295 0.35007649933504437 0.3396726674398262
9 524.0 0.0 -1.0 -1.0 -1.0 0.0 0.3078877553676041 0.334273836238758 0.35783840839363795
9 525.0 0.0 -1.0 -1.0 -1.0 0.0 0.30995668407232196 0.34723070084303503 0.34281261508464295
9 526.0 0.0 -1.0 -1.0 -1.0 0.0 0.30461698088086886 0.35314929578438636 0.3422337233347447
9 527.0 0.0 -1.0 -1.0 -1.0 0.0 0.30940677726779897 0.3232500510672569 0.36734317166494407
9 528.0 0.0 -1.0 -1.0 -1.0 0.0 0.3113920148470371 0.31086755165649627 0.3777404334964672
9 529.0 0.0 -1.0 -1.0 -1.0 0.0 0.3141778583719041 0.3106212145662638 0.3752009270618321
9 530.0 0.0 -1.0 -1.0 -1.0 0.0 0.343246365688048 0.28943518419625147 0.3673184501157006
9 531.0 0.0 -1.0 -1.0 -1.0 0.0 0.31300452635565196 0.30778303121180495 0.37921244243254315
9 532.0 0.0 -1.0 -1.0 -1.0 0.0 0.3006681259021669 0.3099459930990218 0.3893858809988114
9 533.0 0.0 -1.0 -1.0 -1.0 0.0 0.2929243131730838 0.3395139756801486 0.3675617111467677
9 534.0 0.0 -1.0 -1.0 -1.0 0.0 0.32955406299518614 0.3054503839908747 0.3649955530139392
9 535.0 0.0 -1.0 -1.0 -1.0 0.0 0.3350798323801223 0.33112061015521 0.33379955746466783
9 536.0 0.0 -1.0 -1.0 -1.0 0.0 0.35201358862742843 0.34039907862816776 0.30758733274440403
9 537.0 0.0 -1.0 -1.0 -1.0 0.0 0.3325974422075692 0.35375280876598353 0.3136497490264471
9 538.0 0.0 -1.0 -1.0 -1.0 0.0 0.3390144214915478 0.3300614014251041 0.3309241770833479
9 539.0 0.0 -1.0 -1.0 -1.0 0.0 0.3589736898047823 0.30963199648990386 0.33139431370531375
9 540.0 0.0 -1.0 -1.0 -1.0 0.0 0.356503648514323 0.3135715117969503 0.3299248396887266
9 541.0 0.0 -1.0 -1.0 -1.0 0.0 0.322746749046415 0.3333124299590714 0.34394082099451373
9 542.0 0.0 -1.0 -1.0 -1.0 0.0 0.3033986727351884 0.34511975441122544 0.35148157285358606
9 543.0 0.0 -1.0 -1.0 -1.0 0.0 0.3048674218933159 0.3768006388390318 0.3183319392676524
9 544.0 0.0 -1.0 -1.0 -1.0 0.0 0.3035033742675498 0.3631136605448441 0.33338296518760613
9 545.0 0.0 -1.0 -1.0 -1.0 0.0 0.3072935603278683 0.34889773980898914 0.3438086998631425
9 546.0 0.0 -1.0 -1.0 -1.0 0.0 0.31874087905436105 0.3348484008421952 0.34641072010344365
9 547.0 0.0 -1.0 -1.0 -1.0 0.0 0.33215144585528544 0.32129188700074474 0.34655666714397
9 548.0 0.0 -1.0 -1.0 -1.0 0.0 0.3377384979987353 0.3487378932650913 0.31352360873617363
9 549.0 0.0 -1.0 -1.0 -1.0 0.0 0.3185484950590692 0.36967645808832544 0.31177504685260515
9 550.0 0.0 -1.0 -1.0 -1.0 0.0 0.3353974501660658 0.3559167371561184 0.3086858126778157
9 551.0 0.0 -1.0 -1.0 -1.0 0.0 0.31575770741046905 0.3875843291463827 0.29665796344314815
9 552.0 0.0 -1.0 -1.0 -1.0 0.0 0.2892661275740188 0.4508092113054299 0.2599246611205511
9 553.0 0.0 -1.0 -1.0 -1.0 0.0 0.3351451395865258 0.41200411567626716 0.25285074473720737
9 554.0 0.0 -1.0 -1.0 -1.0 0.0 0.3378432249976617 0.3907341187179192 0.27142265628441925
9 555.0 0.0 -1.0 -1.0 -1.0 0.0 0.338025935402106 0.3951838241347425 0.2667902404631516
9 556.0 0.0 -1.0 -1.0 -1.0 0.0 0.3300116431664638 0.39819384937291863 0.27179450746061745
9 557.0 0.0 -1.0 -1.0 -1.0 0.0 0.36413190392699407 0.3700363571456267 0.2658317389273794
9 558.0 0.0 -1.0 -1.0 -1.0 0.0 0.36228428342313196 0.3617651629433956 0.2759505536334725
9 559.0 0.0 -1.0 -1.0 -1.0 0.0 0.3592144980445353 0.33955530906869424 0.3012301928867702
9 560.0 0.0 -1.0 -1.0 -1.0 0.0 0.349704048889395 0.3460394207273971 0.3042565303832082
9 561.0 0.0 -1.0 -1.0 -1.0 0.0 0.32674521261240713 0.3315685859994755 0.34168620138811745
9 562.0 0.0 -1.0 -1.0 -1.0 0.0 0.3142977321050188 0.3418765039619768 0.34382576393300424
9 563.0 0.0 -1.0 -1.0 -1.0 0.0 0.3414858012257999 0.32794144025214594 0.3305727585220542
9 564.0 0.0 -1.0 -1.0 -1.0 0.0 0.3621281614270112 0.31046536241000544 0.32740647616298346
9 565.0 0.0 -1.0 -1.0 -1.0 0.0 0.36080019572006194 0.316614697058188 0.32258510722175027
9 566.0 0.0 -1.0 -1.0 -1.0 0.0 0.3464393991413829 0.31565768704384994 0.337902913814767
9 567.0 0.0 -1.0 -1.0 -1.0 0.0 0.3262932843834561 0.3126694975375637 0.3610372180789802
9 568.0 0.0 -1.0 -1.0 -1.0 0.0 0.3604709622865013 0.30356433146842987 0.3359647062450687
9 569.0 0.0 -1.0 -1.0 -1.0 0.0 0.357069839269377 0.310821808384134 0.3321083523464891
9 570.0 0.0 -1.0 -1.0 -1.0 0.0 0.3460464401789745 0.3153571289020952 0.33859643091893055
9 571.0 0.0 -1.0 -1.0 -1.0 0.0 0.3356465504361498 0.3248612921107615 0.33949215745308853
9 572.0 0.0 -1.0 -1.0 -1.0 0.0 0.3337404980497379 0.32871949862409855 0.3375400033261635
9 573.0 0.0 -1.0 -1.0 -1.0 0.0 0.3158821500891449 0.35165324997072367 0.33246459994013156
9 574.0 0.0 -1.0 -1.0 -1.0 0.0 0.29734665108656144 0.3604706093801815 0.34218273953325723
9 575.0 0.0 -1.0 -1.0 -1.0 0.0 0.31065990636632357 0.3380230445799304 0.3513170490537461
9 576.0 0.0 -1.0 -1.0 -1.0 0.0 0.3245072840084889 0.3183817733044662 0.357110942687045
9 577.0 0.0 -1.0 -1.0 -1.0 0.0 0.3182000393577203 0.31080224465078427 0.3709977159914953
9 578.0 0.0 -1.0 -1.0 -1.0 0.0 0.32267691133713905 0.3150618023527016 0.3622612863101593
9 579.0 0.0 -1.0 -1.0 -1.0 0.0 0.32880705337251387 0.33373611619671223 0.337456830430774
9 580.0 0.0 -1.0 -1.0 -1.0 0.0 0.3040540717596045 0.3519696111016994 0.34397631713869603
9 581.0 0.0 -1.0 -1.0 -1.0 0.0 0.3118892894116006 0.3431153603872768 0.34499535020112254
9 582.0 0.0 -1.0 -1.0 -1.0 0.0 0.31436137873936587 0.36277090946613383 0.3228677117945
9 583.0 0.0 -1.0 -1.0 -1.0 0.0 0.34359346552055775 0.35154082220475485 0.3048657122746876
9 584.0 0.0 -1.0 -1.0 -1.0 0.0 0.330026883078785 0.3569391139427768 0.31303400297843814
9 585.0 0.0 -1.0 -1.0 -1.0 0.0 0.32239324291668814 0.3879425205434922 0.28966423653981976
9 586.0 0.0 -1.0 -1.0 -1.0 0.0 0.31674970672650726 0.353980374397267 0.32926991887622586
9 587.0 0.0 -1.0 -1.0 -1.0 0.0 0.3208087920569271 0.3458760152307408 0.3333151927123322
9 588.0 0.0 -1.0 -1.0 -1.0 0.0 0.33650304914301893 0.34347670396357416 0.3200202468934066
9 589.0 0.0 -1.0 -1.0 -1.0 0.0 0.3089098525789266 0.34509174743356286 0.3459983999875106
9 590.0 0.0 -1.0 -1.0 -1.0 0.0 0.31557966843742163 0.3697932864092902 0.31462704515328793
9 591.0 0.0 -1.0 -1.0 -1.0 0.0 0.3097361120408107 0.3645097813019007 0.3257541066572888
9 592.0 0.0 -1.0 -1.0 -1.0 0.0 0.332944953759128 0.341163782635646 0.32589126360522597
9 593.0 0.0 -1.0 -1.0 -1.0 0.0 0.32738822236038223 0.33305921804357325 0.3395525595960443
9 594.0 0.0 -1.0 -1.0 -1.0 0.0 0.3126815522455602 0.33080094813924477 0.3565174996151949
9 595.0 0.0 -1.0 -1.0 -1.0 0.0 0.3199223819516612 0.34302304691030366 0.3370545711380351
9 596.0 0.0 -1.0 -1.0 -1.0 0.0 0.34514723692632016 0.3440237055959687 0.31082905747771106
9 597.0 0.0 -1.0 -1.0 -1.0 0.0 0.32099886364189517 0.37157298710158393 0.30742814925652096
9 598.0 0.0 -1.0 -1.0 -1.0 0.0 0.3204244755960955 0.3822809675284776 0.297294556875427
9 599.0 0.0 -1.0 -1.0 -1.0 0.0 0.32733847070354216 0.3665463208778719 0.30611520841858597
9 600.0 0.0 -1.0 -1.0 -1.0 0.0 0.346852718086813 0.3479629544330627 0.3051843274801243
9 601.0 0.0 -1.0 -1.0 -1.0 0.0 0.3464629518171183 0.35403553602021626 0.2995015121626656
9 602.0 0.0 -1.0 -1.0 -1.0 0.0 0.3089791599463861 0.35819749009574137 0.3328233499578726
9 603.0 0.0 -1.0 -1.0 -1.0 0.0 0.3212594956803272 0.3677966235034759 0.3109438808161971
9 604.0 0.0 -1.0 -1.0 -1.0 0.0 0.3348752981896087 0.3328537427897716 0.3322709590206193
9 605.0 0.0 -1.0 -1.0 -1.0 0.0 0.3544885670528482 0.3141421673971546 0.33136926554999724
9 606.0 0.0 -1.0 -1.0 -1.0 0.0 0.37424831331689296 0.30257904470006575 0.3231726419830412
9 607.0 0.0 -1.0 -1.0 -1.0 0.0 0.3534389880691511 0.3386751219879388 0.3078858899429101
9 608.0 0.0 -1.0 -1.0 -1.0 0.0 0.3704151519981991 0.32177440863259854 0.3078104393692023
9 609.0 0.0 -1.0 -1.0 -1.0 0.0 0.3483988647325965 0.32799452164331017 0.3236066136240933
9 610.0 0.0 -1.0 -1.0 -1.0 0.0 0.319458408136697 0.35458229209787634 0.32595929976542687
9 611.0 0.0 -1.0 -1.0 -1.0 0.0 0.3314799610722411 0.3273239647842526 0.3411960741435063
9 612.0 0.0 -1.0 -1.0 -1.0 0.0 0.34323299242683514 0.33257221264341447 0.32419479492975045
9 613.0 0.0 -1.0 -1.0 -1.0 0.0 0.3218119616429703 0.351412701646109 0.32677533671092085
9 614.0 0.0 -1.0 -1.0 -1.0 0.0 0.30911954909903083 0.35574185164541705 0.3351385992555521
9 615.0 0.0 -1.0 -1.0 -1.0 0.0 0.30566627865001567 0.35676074580442135 0.3375729755455628
9 616.0 0.0 -1.0 -1.0 -1.0 0.0 0.30604132474407875 0.3582572154575921 0.335701459798329
9 617.0 0.0 -1.0 -1.0 -1.0 0.0 0.3182414338143537 0.3495724912173454 0.3321860749683011
9 618.0 0.0 -1.0 -1.0 -1.0 0.0 0.3366761708807175 0.3385964085762759 0.32472742054300663
9 619.0 0.0 -1.0 -1.0 -1.0 0.0 0.33044595931989257 0.34224606383609346 0.32730797684401386
9 620.0 0.0 -1.0 -1.0 -1.0 0.0 0.34703799339401664 0.3374100147229069 0.31555199188307637
9 621.0 0.0 -1.0 -1.0 -1.0 0.0 0.33841168251720916 0.34286276133268173 0.3187255561501091
9 622.0 0.0 -1.0 -1.0 -1.0 0.0 0.320414583637999 0.36783679896082655 0.3117486174011745
9 623.0 0.0 -1.0 -1.0 -1.0 0.0 0.3145818866289826 0.3711370154347775 0.3142810979362402
9 624.0 0.0 -1.0 -1.0 -1.0 0.0 0.35554125478575527 0.3363278982176295 0.3081308469966151
9 625.0 0.0 -1.0 -1.0 -1.0 0.0 0.3646236764434003 0.34503450062620655 0.2903418229303931
9 626.0 0.0 -1.0 -1.0 -1.0 0.0 0.3587357011007699 0.3409927430269332 0.3002715558722968
9 627.0 0.0 -1.0 -1.0 -1.0 0.0 0.3673037868736262 0.3269314935159469 0.30576471961042684
9 628.0 0.0 -1.0 -1.0 -1.0 0.0 0.3597595725772365 0.2971400214282322 0.3431004059945315
9 629.0 0.0 -1.0 -1.0 -1.0 0.0 0.32614298780825296 0.31582975899185417 0.3580272531998931
9 630.0 0.0 -1.0 -1.0 -1.0 0.0 0.3091937489385687 0.31230133030589174 0.3785049207555399
9 631.0 0.0 -1.0 -1.0 -1.0 0.0 0.33299229674760533 0.31898168276597016 0.3480260204864246
9 632.0 0.0 -1.0 -1.0 -1.0 0.0 0.31705192037676905 0.32665618618515796 0.3562918934380729
9 633.0 0.0 -1.0 -1.0 -1.0 0.0 0.34133111103575736 0.295112039946211 0.36355684901803154
9 634.0 0.0 -1.0 -1.0 -1.0 0.0 0.2931093479316303 0.34693296363052334 0.3599576884378465
9 635.0 0.0 -1.0 -1.0 -1.0 0.0 0.3094276749233812 0.34456755672747946 0.3460047683491397
9 636.0 0.0 -1.0 -1.0 -1.0 0.0 0.3087613350477029 0.36082774797175626 0.3304109169805408
9 637.0 0.0 -1.0 -1.0 -1.0 0.0 0.33492054782178265 0.3516684050822032 0.3134110470960143
9 638.0 0.0 -1.0 -1.0 -1.0 0.0 0.3183161440713501 0.36973508854372356 0.3119487673849264
9 639.0 0.0 -1.0 -1.0 -1.0 0.0 0.300422861615783 0.38746911549138624 0.3121080228928307
9 640.0 0.0 -1.0 -1.0 -1.0 0.0 0.3249125668118749 0.3815389672402397 0.2935484659478853
9 641.0 0.0 -1.0 -1.0 -1.0 0.0 0.32012915155073657 0.37433166275927443 0.305539185689989
9 642.0 0.0 -1.0 -1.0 -1.0 0.0 0.3489260844089296 0.3380238511693592 0.3130500644217113
9 643.0 0.0 -1.0 -1.0 -1.0 0.0 0.3475219509903667 0.340709760043959 0.3117682889656744
9 644.0 0.0 -1.0 -1.0 -1.0 0.0 0.3252878879326495 0.3339959783442772 0.3407161337230732
9 645.0 0.0 -1.0 -1.0 -1.0 0.0 0.3282777239240391 0.34044521155266255 0.33127706452329875
9 646.0 0.0 -1.0 -1.0 -1.0 0.0 0.29808708098536885 0.3485721309520883 0.3533407880625428
9 647.0 0.0 -1.0 -1.0 -1.0 0.0 0.3088742479329426 0.3547951274442587 0.3363306246227985
9 648.0 0.0 -1.0 -1.0 -1.0 0.0 0.31198406993900835 0.36212126171918413 0.32589466834180725
9 649.0 0.0 -1.0 -1.0 -1.0 0.0 0.31317516441253335 0.3488900344200202 0.33793480116744645
9 650.0 0.0 -1.0 -1.0 -1.0 0.0 0.3190173776956396 0.3539618928161298 0.3270207294882306
9 651.0 0.0 -1.0 -1.0 -1.0 0.0 0.30410659827784436 0.35001553128382257 0.34587787043833323
9 652.0 0.0 -1.0 -1.0 -1.0 0.0 0.32893881781279155 0.32572667506154995 0.3453345071256586
9 653.0 0.0 -1.0 -1.0 -1.0 0.0 0.3283569851374093 0.3359900473052273 0.3356529675573633
9 654.0 0.0 -1.0 -1.0 -1.0 0.0 0.31201285455623023 0.3378499967276978 0.35013714871607227
9 655.0 0.0 -1.0 -1.0 -1.0 0.0 0.32154672923261707 0.3272650033370653 0.35118826743031745
9 656.0 0.0 -1.0 -1.0 -1.0 0.0 0.3352593600047258 0.32720289618880527 0.33753774380646895
9 657.0 0.0 -1.0 -1.0 -1.0 0.0 0.3112723587955271 0.3284608914583741 0.36026674974609885
9 658.0 0.0 -1.0 -1.0 -1.0 0.0 0.29288269386097143 0.3363505371865421 0.37076676895248634
9 659.0 0.0 -1.0 -1.0 -1.0 0.0 0.308838161572119 0.32824650939393907 0.36291532903394214
9 660.0 0.0 -1.0 -1.0 -1.0 0.0 0.30621792332318915 0.3407658606280102 0.3530162160488007
9 661.0 0.0 -1.0 -1.0 -1.0 0.0 0.2945607549856082 0.35489877566090383 0.35054046935348815
9 662.0 0.0 -1.0 -1.0 -1.0 0.0 0.2868696317802413 0.36141927305143184 0.3517110951683271
9 663.0 0.0 -1.0 -1.0 -1.0 0.0 0.2651154546174613 0.4007208161363966 0.33416372924614207
9 664.0 0.0 -1.0 -1.0 -1.0 0.0 0.2991190946976417 0.3651486922509602 0.3357322130513981
9 665.0 0.0 -1.0 -1.0 -1.0 0.0 0.28943533840565777 0.34652792141210426 0.36403674018223803
9 666.0 0.0 -1.0 -1.0 -1.0 0.0 0.292357394846401 0.3645748309063659 0.3430677742472333
9 667.0 0.0 -1.0 -1.0 -1.0 0.0 0.2960587922096705 0.36801123626889765 0.33592997152143206
9 668.0 0.0 -1.0 -1.0 -1.0 0.0 0.30452640247298646 0.37115804598184704 0.3243155515451662
9 669.0 0.0 -1.0 -1.0 -1.0 0.0 0.3030149621307775 0.38123603157818153 0.3157490062910411
9 670.0 0.0 -1.0 -1.0 -1.0 0.0 0.2995183701998851 0.40393191431224124 0.29654971548787357
9 671.0 0.0 -1.0 -1.0 -1.0 0.0 0.3249212412768474 0.3797009856146037 0.29537777310854874
9 672.0 0.0 -1.0 -1.0 -1.0 0.0 0.34057815396385793 0.3577403948302747 0.3016814512058673
9 673.0 0.0 -1.0 -1.0 -1.0 0.0 0.35229077930016317 0.3542767315017203 0.2934324891981166
9 674.0 0.0 -1.0 -1.0 -1.0 0.0 0.3622121621727311 0.3223662775928597 0.31542156023440937
9 675.0 0.0 -1.0 -1.0 -1.0 0.0 0.38919253922329416 0.2841741332376612 0.32663332753904484
9 676.0 0.0 -1.0 -1.0 -1.0 0.0 0.38295590538077834 0.28655673207550764 0.3304873625437142
9 677.0 0.0 -1.0 -1.0 -1.0 0.0 0.35330837928945824 0.32289432183659905 0.32379729887394293
9 678.0 0.0 -1.0 -1.0 -1.0 0.0 0.3422617859283869 0.33941435176573576 0.3183238623058773
9 679.0 0.0 -1.0 -1.0 -1.0 0.0 0.34655564762851 0.3092940815188201 0.3441502708526699
9 680.0 0.0 -1.0 -1.0 -1.0 0.0 0.3396353299294471 0.3254068042614852 0.33495786580906767
9 681.0 0.0 -1.0 -1.0 -1.0 0.0 0.31966632863524624 0.3520177977983073 0.3283158735664463
9 682.0 0.0 -1.0 -1.0 -1.0 0.0 0.330768039560177 0.3614745312793214 0.3077574291605018
9 683.0 0.0 -1.0 -1.0 -1.0 0.0 0.3224572833062339 0.34503280786530616 0.3325099088284603
9 684.0 0.0 -1.0 -1.0 -1.0 0.0 0.33554298671394817 0.3226366899052175 0.3418203233808344
9 685.0 0.0 -1.0 -1.0 -1.0 0.0 0.31751073226950766 0.337009535124646 0.34547973260584625
9 686.0 0.0 -1.0 -1.0 -1.0 0.0 0.33006167233356687 0.3208565964042758 0.34908173126215736
9 687.0 0.0 -1.0 -1.0 -1.0 0.0 0.32967430041858653 0.3201360998583558 0.35018959972305763
9 688.0 0.0 -1.0 -1.0 -1.0 0.0 0.35685320655640623 0.3210370245625838 0.3221097688810099
9 689.0 0.0 -1.0 -1.0 -1.0 0.0 0.3456106835687626 0.3111561321005141 0.34323318433072325
9 690.0 0.0 -1.0 -1.0 -1.0 0.0 0.3139943638912976 0.3289967065069846 0.3570089296017176
9 691.0 0.0 -1.0 -1.0 -1.0 0.0 0.3021237499008105 0.33580978418494845 0.36206646591424096
9 692.0 0.0 -1.0 -1.0 -1.0 0.0 0.3010996894538512 0.3302456728815375 0.3686546376646113
9 693.0 0.0 -1.0 -1.0 -1.0 0.0 0.29744604762419036 0.32561772820182905 0.37693622417398054
9 694.0 0.0 -1.0 -1.0 -1.0 0.0 0.29606939572348073 0.34099317003935725 0.3629374342371623
9 695.0 0.0 -1.0 -1.0 -1.0 0.0 0.3101240458312967 0.3352924073746854 0.35458354679401793
9 696.0 0.0 -1.0 -1.0 -1.0 0.0 0.3041290755563449 0.34820639457741387 0.347664529866241
9 697.0 0.0 -1.0 -1.0 -1.0 0.0 0.3115919155088531 0.3590358649827077 0.329372219508439
9 698.0 0.0 -1.0 -1.0 -1.0 0.0 0.313723039886522 0.36095946326678297 0.3253174968466951
9 699.0 0.0 -1.0 -1.0 -1.0 0.0 0.30958509212139584 0.3727918632150555 0.31762304466354896
9 700.0 0.0 -1.0 -1.0 -1.0 0.0 0.29997265539751694 0.3643581432189955 0.3356692013834875
9 701.0 0.0 -1.0 -1.0 -1.0 0.0 0.2749456253871036 0.37596557440384915 0.3490888002090473
9 702.0 0.0 -1.0 -1.0 -1.0 0.0 0.28097681831369603 0.3674164095446519 0.3516067721416521
9 703.0 0.0 -1.0 -1.0 -1.0 0.0 0.29777882421423757 0.35575623990477595 0.3464649358809867
9 704.0 0.0 -1.0 -1.0 -1.0 0.0 0.29666911294655884 0.35696296628594254 0.34636792076749856
9 705.0 0.0 -1.0 -1.0 -1.0 0.0 0.3234826758286485 0.34270986946112914 0.3338074547102225
9 706.0 0.0 -1.0 -1.0 -1.0 0.0 0.31631382944154124 0.3291432120807453 0.35454295847771355
9 707.0 0.0 -1.0 -1.0 -1.0 0.0 0.32675647520713996 0.30659507350155446 0.36664845129130547
9 708.0 0.0 -1.0 -1.0 -1.0 0.0 0.3406862138587853 0.318432152809859 0.3408816333313557
9 709.0 0.0 -1.0 -1.0 -1.0 0.0 0.34344632405290554 0.3276318625976355 0.328921813349459
9 710.0 0.0 -1.0 -1.0 -1.0 0.0 0.33848642988608246 0.32584791877793473 0.33566565133598286
9 711.0 0.0 -1.0 -1.0 -1.0 0.0 0.3593107648716323 0.2973258942622001 0.34336334086616754
9 712.0 0.0 -1.0 -1.0 -1.0 0.0 0.31449763021138777 0.30563477558989544 0.37986759419871696
9 713.0 0.0 -1.0 -1.0 -1.0 0.0 0.31300865616894513 0.31491856086965725 0.37207278296139756
9 714.0 0.0 -1.0 -1.0 -1.0 0.0 0.3103731223315194 0.3285123466736984 0.36111453099478225
9 715.0 0.0 -1.0 -1.0 -1.0 0.0 0.3230585070820483 0.3202153816460417 0.35672611127191006
9 716.0 0.0 -1.0 -1.0 -1.0 0.0 0.30457704661938473 0.37437825034447214 0.32104470303614346
9 717.0 0.0 -1.0 -1.0 -1.0 0.0 0.31977225722946784 0.3627986754200209 0.3174290673505112
9 718.0 0.0 -1.0 -1.0 -1.0 0.0 0.3359499824131471 0.3646024143445159 0.2994476032423368
9 719.0 0.0 -1.0 -1.0 -1.0 0.0 0.3325083438013744 0.3485912936030525 0.31890036259557325
9 720.0 0.0 -1.0 -1.0 -1.0 0.0 0.3274953017919616 0.3633128822049209 0.3091918160031174
9 721.0 0.0 -1.0 -1.0 -1.0 0.0 0.319956404164012 0.3716237958249238 0.3084198000110646
9 722.0 0.0 -1.0 -1.0 -1.0 0.0 0.3122875797014634 0.36888169724813535 0.31883072305040133
9 723.0 0.0 -1.0 -1.0 -1.0 0.0 0.3003287177616292 0.39950591946589165 0.3001653627724793
9 724.0 0.0 -1.0 -1.0 -1.0 0.0 0.3192601008146429 0.3802993222945295 0.3004405768908273
9 725.0 0.0 -1.0 -1.0 -1.0 0.0 0.324343126149922 0.3416845450811967 0.33397232876888117
9 726.0 0.0 -1.0 -1.0 -1.0 0.0 0.33329133567310804 0.3334619388835743 0.33324672544331796
9 727.0 0.0 -1.0 -1.0 -1.0 0.0 0.3483961454043614 0.311926761861315 0.3396770927343235
9 728.0 0.0 -1.0 -1.0 -1.0 0.0 0.3388112963913368 0.3327335561075412 0.3284551475011222
9 729.0 0.0 -1.0 -1.0 -1.0 0.0 0.33484840834724977 0.3447867333058899 0.32036485834686035
9 730.0 0.0 -1.0 -1.0 -1.0 0.0 0.30535817852162356 0.3732526869660228 0.3213891345123535
9 731.0 0.0 -1.0 -1.0 -1.0 0.0 0.2951132023111463 0.3701544386580708 0.33473235903078313
9 732.0 0.0 -1.0 -1.0 -1.0 0.0 0.28852076090480105 0.3574048769001193 0.35407436219507976
9 733.0 0.0 -1.0 -1.0 -1.0 0.0 0.31450605066109455 0.32767697033592874 0.3578169790029766
9 734.0 0.0 -1.0 -1.0 -1.0 0.0 0.32305596989657565 0.31573161345703993 0.36121241664638426
9 735.0 0.0 -1.0 -1.0 -1.0 0.0 0.3167837893942133 0.30374754068125115 0.3794686699245355
9 736.0 0.0 -1.0 -1.0 -1.0 0.0 0.33459454133419086 0.3068997405306524 0.35850571813515697
9 737.0 0.0 -1.0 -1.0 -1.0 0.0 0.33666949279848063 0.2996891176160985 0.3636413895854209
9 738.0 0.0 -1.0 -1.0 -1.0 0.0 0.3310061234881995 0.32019756509999037 0.3487963114118103
9 739.0 0.0 -1.0 -1.0 -1.0 0.0 0.3534086323474434 0.29241327754947793 0.35417809010307866
9 740.0 0.0 -1.0 -1.0 -1.0 0.0 0.35266417161379665 0.31105914881184044 0.33627667957436286
9 741.0 0.0 -1.0 -1.0 -1.0 0.0 0.36148508009142405 0.30279504601380103 0.33571987389477476
9 742.0 0.0 -1.0 -1.0 -1.0 0.0 0.37779934541834337 0.30570424356131753 0.31649641102033904
9 743.0 0.0 -1.0 -1.0 -1.0 0.0 0.3810378961708375 0.3229551789924047 0.2960069248367578
9 744.0 0.0 -1.0 -1.0 -1.0 0.0 0.3569285028916979 0.34673497593799885 0.29633652117030335
9 745.0 0.0 -1.0 -1.0 -1.0 0.0 0.3313058828300111 0.3576285191572569 0.31106559801273187
9 746.0 0.0 -1.0 -1.0 -1.0 0.0 0.327567848597312 0.3618950021262443 0.31053714927644366
9 747.0 0.0 -1.0 -1.0 -1.0 0.0 0.3328508980681806 0.3521912277894299 0.31495787414238946
9 748.0 0.0 -1.0 -1.0 -1.0 0.0 0.33250752047642634 0.3426137953361195 0.324878684187454
9 749.0 0.0 -1.0 -1.0 -1.0 0.0 0.323679742665133 0.3424388063086101 0.33388145102625677
9 750.0 0.0 -1.0 -1.0 -1.0 0.0 0.31760290121008433 0.35985156383063205 0.3225455349592837
9 751.0 0.0 -1.0 -1.0 -1.0 0.0 0.30561747830179536 0.3332814714475194 0.36110105025068523
9 752.0 0.0 -1.0 -1.0 -1.0 0.0 0.3241141600041034 0.3291991790994605 0.3466866608964361
9 753.0 0.0 -1.0 -1.0 -1.0 0.0 0.3381943474364993 0.31461379400745765 0.34719185855604295
9 754.0 0.0 -1.0 -1.0 -1.0 0.0 0.3009322585010433 0.32576831587290883 0.37329942562604773
9 755.0 0.0 -1.0 -1.0 -1.0 0.0 0.29978679648364454 0.3243459212667213 0.375867282249634
9 756.0 0.0 -1.0 -1.0 -1.0 0.0 0.3120445052749094 0.3260849766059337 0.361870518119157
9 757.0 0.0 -1.0 -1.0 -1.0 0.0 0.3441880459462538 0.30778030750534674 0.3480316465483994
9 758.0 0.0 -1.0 -1.0 -1.0 0.0 0.36072869448009753 0.2907316697540541 0.3485396357658481
9 759.0 0.0 -1.0 -1.0 -1.0 0.0 0.3458676283242029 0.30543666041618656 0.3486957112596106
9 760.0 0.0 -1.0 -1.0 -1.0 0.0 0.3504502626245968 0.2782535122772432 0.37129622509815996
9 761.0 0.0 -1.0 -1.0 -1.0 0.0 0.33584118923197864 0.31501332312604846 0.3491454876419728
9 762.0 0.0 -1.0 -1.0 -1.0 0.0 0.32328453250943867 0.3224403361260344 0.3542751313645268
9 763.0 0.0 -1.0 -1.0 -1.0 0.0 0.3400987823617687 0.3316772043289044 0.32822401330932655
9 764.0 0.0 -1.0 -1.0 -1.0 0.0 0.33410748460201517 0.30974012641626253 0.35615238898172236
9 765.0 0.0 -1.0 -1.0 -1.0 0.0 0.3312471120784856 0.30579271161075705 0.3629601763107575
9 766.0 0.0 -1.0 -1.0 -1.0 0.0 0.33902972949038995 0.33464548883782763 0.32632478167178247
9 767.0 0.0 -1.0 -1.0 -1.0 0.0 0.33472313179193924 0.32115578111777077 0.34412108709028993
9 768.0 0.0 -1.0 -1.0 -1.0 0.0 0.35039615960636183 0.30788352452281564 0.34172031587082263
9 769.0 0.0 -1.0 -1.0 -1.0 0.0 0.3228059841311935 0.3206242089987354 0.3565698068700711
9 770.0 0.0 -1.0 -1.0 -1.0 0.0 0.3277291097456102 0.33068564396629724 0.3415852462880926
9 771.0 0.0 -1.0 -1.0 -1.0 0.0 0.3387867418742346 0.3138623210093136 0.347350937116452
9 772.0 0.0 -1.0 -1.0 -1.0 0.0 0.32132847255528335 0.3196549545359994 0.35901657290871747
9 773.0 0.0 -1.0 -1.0 -1.0 0.0 0.33715944854428875 0.3197336386528097 0.3431069128029016
9 774.0 0.0 -1.0 -1.0 -1.0 0.0 0.3433853436245998 0.29439813635118417 0.36221652002421584
9 775.0 0.0 -1.0 -1.0 -1.0 0.0 0.3386846080123126 0.27811973929959327 0.38319565268809425
9 776.0 0.0 -1.0 -1.0 -1.0 0.0 0.34992096740039363 0.30435411764143705 0.3457249149581693
9 777.0 0.0 -1.0 -1.0 -1.0 0.0 0.33022546995243135 0.3131061120528713 0.35666841799469734
9 778.0 0.0 -1.0 -1.0 -1.0 0.0 0.3309880083471146 0.3351450075329058 0.3338669841199796
9 779.0 0.0 -1.0 -1.0 -1.0 0.0 0.30256122865061835 0.3541460724225171 0.3432926989268645
9 780.0 0.0 -1.0 -1.0 -1.0 0.0 0.32732957964620124 0.3284467645476148 0.34422365580618375
9 781.0 0.0 -1.0 -1.0 -1.0 0.0 0.3218307953176526 0.3279748385516875 0.3501943661306599
9 782.0 0.0 -1.0 -1.0 -1.0 0.0 0.31837371498638734 0.3262887918887219 0.35533749312489077
9 783.0 0.0 -1.0 -1.0 -1.0 0.0 0.3190150043978943 0.34301822326497633 0.3379667723371293
9 784.0 0.0 -1.0 -1.0 -1.0 0.0 0.3040287072223828 0.33200493889893296 0.36396635387868437
9 785.0 0.0 -1.0 -1.0 -1.0 0.0 0.30238282442580844 0.3344518307522955 0.36316534482189605
9 786.0 0.0 -1.0 -1.0 -1.0 0.0 0.2870304404126707 0.34349658907518976 0.36947297051213945
9 787.0 0.0 -1.0 -1.0 -1.0 0.0 0.3061208730715393 0.3374171186777175 0.35646200825074315
9 788.0 0.0 -1.0 -1.0 -1.0 0.0 0.2975903793585588 0.3334464661982635 0.36896315444317784
9 789.0 0.0 -1.0 -1.0 -1.0 0.0 0.3131957629185606 0.3467709871894944 0.34003324989194533
9 790.0 0.0 -1.0 -1.0 -1.0 0.0 0.33192701494982585 0.35018907249655035 0.3178839125536237
9 791.0 0.0 -1.0 -1.0 -1.0 0.0 0.33952972390567626 0.33601910006191277 0.324451176032411
9 792.0 0.0 -1.0 -1.0 -1.0 0.0 0.33657781422505983 0.31379284073867003 0.34962934503627013
9 793.0 0.0 -1.0 -1.0 -1.0 0.0 0.3553729852092371 0.3191653820834339 0.32546163270732875
9 794.0 0.0 -1.0 -1.0 -1.0 0.0 0.3680060572327843 0.31984907362380494 0.3121448691434107
9 795.0 0.0 -1.0 -1.0 -1.0 0.0 0.3603337438816316 0.29997755398569187 0.33968870213267666
9 796.0 0.0 -1.0 -1.0 -1.0 0.0 0.3386117501153305 0.31615595946941244 0.34523229041525705
9 797.0 0.0 -1.0 -1.0 -1.0 0.0 0.33903139673499716 0.31159423438305744 0.3493743688819456
9 798.0 0.0 -1.0 -1.0 -1.0 0.0 0.28539385862527994 0.3195322319109334 0.39507390946378673
9 799.0 0.0 -1.0 -1.0 -1.0 0.0 0.2780604598792385 0.3183674961130733 0.4035720440076884
9 800.0 0.0 -1.0 -1.0 -1.0 0.0 0.2954373025218604 0.3220964149276198 0.3824662825505198
9 801.0 0.0 -1.0 -1.0 -1.0 0.0 0.2805583042908932 0.3336913310971577 0.38575036461194906
9 802.0 0.0 -1.0 -1.0 -1.0 0.0 0.289831614376209 0.3561785441845866 0.3539898414392046
9 803.0 0.0 -1.0 -1.0 -1.0 0.0 0.2772687920185306 0.35530143711951967 0.3674297708619498
9 804.0 0.0 -1.0 -1.0 -1.0 0.0 0.28624519677426064 0.3654302511678359 0.3483245520579034
9 805.0 0.0 -1.0 -1.0 -1.0 0.0 0.2980200390130622 0.34596355190498235 0.35601640908195537
9 806.0 0.0 -1.0 -1.0 -1.0 0.0 0.29591980105500587 0.3602426865794986 0.34383751236549565
9 807.0 0.0 -1.0 -1.0 -1.0 0.0 0.2955935610519216 0.3448174135023168 0.35958902544576155
9 808.0 0.0 -1.0 -1.0 -1.0 0.0 0.30202473125131774 0.34378296187180496 0.3541923068768769
9 809.0 0.0 -1.0 -1.0 -1.0 0.0 0.33006707939226293 0.3114451601030377 0.3584877605046994
9 810.0 0.0 -1.0 -1.0 -1.0 0.0 0.3075227967515934 0.34645131224880127 0.34602589099960523
9 811.0 0.0 -1.0 -1.0 -1.0 0.0 0.31206309917232733 0.3310626479650012 0.35687425286267155
9 812.0 0.0 -1.0 -1.0 -1.0 0.0 0.3321135373281542 0.3458310848102046 0.32205537786164123
9 813.0 0.0 -1.0 -1.0 -1.0 0.0 0.3449364214424253 0.3381118209962441 0.31695175756133065
9 814.0 0.0 -1.0 -1.0 -1.0 0.0 0.330655335818906 0.33887825565527097 0.33046640852582354
9 815.0 0.0 -1.0 -1.0 -1.0 0.0 0.3321128994069868 0.3399387942085534 0.32794830638445993
9 816.0 0.0 -1.0 -1.0 -1.0 0.0 0.339469180212592 0.32608030558026857 0.3344505142071397
9 817.0 0.0 -1.0 -1.0 -1.0 0.0 0.3549922614359142 0.31323005344230315 0.33177768512178263
9 818.0 0.0 -1.0 -1.0 -1.0 0.0 0.35083982603365027 0.32290815970681264 0.326252014259537
9 819.0 0.0 -1.0 -1.0 -1.0 0.0 0.3420076034378503 0.33058185419326463 0.3274105423688849
9 820.0 0.0 -1.0 -1.0 -1.0 0.0 0.33554262677387087 0.33274038847461684 0.33171698475151223
9 821.0 0.0 -1.0 -1.0 -1.0 0.0 0.3696658410263691 0.3157536309985125 0.31458052797511826
9 822.0 0.0 -1.0 -1.0 -1.0 0.0 0.3747326049306973 0.30419768822440074 0.3210697068449017
9 823.0 0.0 -1.0 -1.0 -1.0 0.0 0.3634191625195964 0.31269162629222064 0.323889211188183
9 824.0 0.0 -1.0 -1.0 -1.0 0.0 0.36318911313891916 0.2981620025545566 0.3386488843065241
9 825.0 0.0 -1.0 -1.0 -1.0 0.0 0.3509345925605888 0.3281958285289045 0.3208695789105066
9 826.0 0.0 -1.0 -1.0 -1.0 0.0 0.33363792826839933 0.3151439787617512 0.3512180929698494
9 827.0 0.0 -1.0 -1.0 -1.0 0.0 0.3278503719641938 0.33646091509132314 0.3356887129444832
9 828.0 0.0 -1.0 -1.0 -1.0 0.0 0.31447246609050483 0.3563813663879893 0.3291461675215057
9 829.0 0.0 -1.0 -1.0 -1.0 0.0 0.335140438270629 0.341787984280516 0.32307157744885495
9 830.0 0.0 -1.0 -1.0 -1.0 0.0 0.3460912172577082 0.34813171648132624 0.3057770662609656
9 831.0 0.0 -1.0 -1.0 -1.0 0.0 0.3464056795045494 0.35816734589505905 0.2954269746003916
9 832.0 0.0 -1.0 -1.0 -1.0 0.0 0.3344176970933582 0.3575396986213984 0.3080426042852433
9 833.0 0.0 -1.0 -1.0 -1.0 0.0 0.33394693283228827 0.3750821436554615 0.29097092351225023
9 834.0 0.0 -1.0 -1.0 -1.0 0.0 0.354240681047273 0.3550901909621779 0.29066912799054895
9 835.0 0.0 -1.0 -1.0 -1.0 0.0 0.3893090891543283 0.33797298832107886 0.27271792252459265
9 836.0 0.0 -1.0 -1.0 -1.0 0.0 0.38671689716641994 0.31390661929153724 0.29937648354204255
9 837.0 0.0 -1.0 -1.0 -1.0 0.0 0.36120610214203047 0.3276599081162639 0.31113398974170564
9 838.0 0.0 -1.0 -1.0 -1.0 0.0 0.3624906767617159 0.3337398308884278 0.3037694923498564
9 839.0 0.0 -1.0 -1.0 -1.0 0.0 0.35335233994042176 0.3471936662268179 0.29945399383276056
9 840.0 0.0 -1.0 -1.0 -1.0 0.0 0.37293536953990514 0.33054052671856754 0.2965241037415276
9 841.0 0.0 -1.0 -1.0 -1.0 0.0 0.38224742387499083 0.3212603400141376 0.2964922361108717
9 842.0 0.0 -1.0 -1.0 -1.0 0.0 0.35730629235486666 0.3247258132529955 0.31796789439213785
9 843.0 0.0 -1.0 -1.0 -1.0 0.0 0.35070212967051356 0.3294474852238484 0.319850385105638
9 844.0 0.0 -1.0 -1.0 -1.0 0.0 0.3326416558475421 0.3471131899667714 0.32024515418568633
9 845.0 0.0 -1.0 -1.0 -1.0 0.0 0.32596161571145027 0.32463118903035487 0.34940719525819475
9 846.0 0.0 -1.0 -1.0 -1.0 0.0 0.33503155328438317 0.35277729405846214 0.31219115265715464
9 847.0 0.0 -1.0 -1.0 -1.0 0.0 0.3406066996052667 0.3593647301412336 0.3000285702534999
9 848.0 0.0 -1.0 -1.0 -1.0 0.0 0.33482251121249024 0.34388807348879796 0.32128941529871186
9 849.0 0.0 -1.0 -1.0 -1.0 0.0 0.3218677205345075 0.3614752294880275 0.31665704997746486
9 850.0 0.0 -1.0 -1.0 -1.0 0.0 0.3259971656734866 0.35979932088226313 0.3142035134442501
9 851.0 0.0 -1.0 -1.0 -1.0 0.0 0.33664305402009825 0.3242443111323869 0.3391126348475148
9 852.0 0.0 -1.0 -1.0 -1.0 0.0 0.2991891918297624 0.35063542418698257 0.3501753839832552
9 853.0 0.0 -1.0 -1.0 -1.0 0.0 0.3340998914607551 0.3317857819700927 0.334114326569152
9 854.0 0.0 -1.0 -1.0 -1.0 0.0 0.31562234800935834 0.3450204878092692 0.3393571641813724
9 855.0 0.0 -1.0 -1.0 -1.0 0.0 0.33645509750922176 0.33757104614270594 0.32597385634807224
9 856.0 0.0 -1.0 -1.0 -1.0 0.0 0.36328248025333193 0.32637360207203847 0.31034391767462943
9 857.0 0.0 -1.0 -1.0 -1.0 0.0 0.3420043798041777 0.33828597413845196 0.31970964605737034
9 858.0 0.0 -1.0 -1.0 -1.0 0.0 0.3508477487966016 0.31484991422003206 0.33430233698336614
9 859.0 0.0 -1.0 -1.0 -1.0 0.0 0.36652885060864177 0.2938440671213797 0.33962708226997834
9 860.0 0.0 -1.0 -1.0 -1.0 0.0 0.33428068036924885 0.32928495274265296 0.3364343668880982
9 861.0 0.0 -1.0 -1.0 -1.0 0.0 0.34029282019500096 0.3384061076660095 0.32130107213898973
9 862.0 0.0 -1.0 -1.0 -1.0 0.0 0.3279038811844361 0.3341391725193283 0.33795694629623574
9 863.0 0.0 -1.0 -1.0 -1.0 0.0 0.3244427530605188 0.3499188034867581 0.3256384434527231
9 864.0 0.0 -1.0 -1.0 -1.0 0.0 0.331472041845181 0.34097107131393434 0.32755688684088474
9 865.0 0.0 -1.0 -1.0 -1.0 0.0 0.3228894540244492 0.3505137379771029 0.3265968079984481
9 866.0 0.0 -1.0 -1.0 -1.0 0.0 0.3519240214399364 0.3381970865336297 0.30987889202643387
9 867.0 0.0 -1.0 -1.0 -1.0 0.0 0.34825915074826275 0.3289606772831657 0.3227801719685716
9 868.0 0.0 -1.0 -1.0 -1.0 0.0 0.3533452642981951 0.33419112163013365 0.31246361407167117
9 869.0 0.0 -1.0 -1.0 -1.0 0.0 0.3337596682080666 0.3445464498236907 0.32169388196824295
9 870.0 0.0 -1.0 -1.0 -1.0 0.0 0.35510493095354767 0.3514098139807382 0.2934852550657141
9 871.0 0.0 -1.0 -1.0 -1.0 0.0 0.3139649850372471 0.3449240691910642 0.3411109457716887
9 872.0 0.0 -1.0 -1.0 -1.0 0.0 0.3197863962625136 0.38107010671384356 0.29914349702364285
9 873.0 0.0 -1.0 -1.0 -1.0 0.0 0.31468702105920987 0.3889175346000253 0.29639544434076476
9 874.0 0.0 -1.0 -1.0 -1.0 0.0 0.3169996166692741 0.3650628709163838 0.317937512414342
9 875.0 0.0 -1.0 -1.0 -1.0 0.0 0.3300137557613082 0.3296170454144314 0.3403691988242603
9 876.0 0.0 -1.0 -1.0 -1.0 0.0 0.3228406329435362 0.33015277474834553 0.34700659230811814
9 877.0 0.0 -1.0 -1.0 -1.0 0.0 0.3448410772223889 0.3357756379865116 0.3193832847910996
9 878.0 0.0 -1.0 -1.0 -1.0 0.0 0.3405283845788052 0.35187027074749977 0.30760134467369493
9 879.0 0.0 -1.0 -1.0 -1.0 0.0 0.32693253667564937 0.3370882500126104 0.3359792133117402
9 880.0 0.0 -1.0 -1.0 -1.0 0.0 0.31674175833020135 0.34146179771610624 0.34179644395369235
9 881.0 0.0 -1.0 -1.0 -1.0 0.0 0.3074267400528493 0.37066582704609885 0.3219074329010519
9 882.0 0.0 -1.0 -1.0 -1.0 0.0 0.3269209833014211 0.3595526528472471 0.31352636385133165
9 883.0 0.0 -1.0 -1.0 -1.0 0.0 0.3278633339977079 0.3395544302775479 0.33258223572474466
9 884.0 0.0 -1.0 -1.0 -1.0 0.0 0.33939288165819187 0.334048374401279 0.3265587439405289
9 885.0 0.0 -1.0 -1.0 -1.0 0.0 0.3427488869083542 0.32894687368970127 0.3283042394019445
9 886.0 0.0 -1.0 -1.0 -1.0 0.0 0.334964575050225 0.34386674179234655 0.3211686831574286
9 887.0 0.0 -1.0 -1.0 -1.0 0.0 0.32767405043103975 0.3464857756152543 0.325840173953706
9 888.0 0.0 -1.0 -1.0 -1.0 0.0 0.30544033241495033 0.368027596904951 0.3265320706800987
9 889.0 0.0 -1.0 -1.0 -1.0 0.0 0.3286652620208965 0.32373927438811884 0.3475954635909847
9 890.0 0.0 -1.0 -1.0 -1.0 0.0 0.34115809206327163 0.33140796588626226 0.32743394205046633
9 891.0 0.0 -1.0 -1.0 -1.0 0.0 0.32854157377578824 0.32836108227562005 0.34309734394859176
9 892.0 0.0 -1.0 -1.0 -1.0 0.0 0.3482091048034146 0.3066023825285751 0.34518851266801037
9 893.0 0.0 -1.0 -1.0 -1.0 0.0 0.3565142363412669 0.3304412529762085 0.31304451068252453
9 894.0 0.0 -1.0 -1.0 -1.0 0.0 0.3425413183844864 0.3481315930956031 0.30932708851991053
9 895.0 0.0 -1.0 -1.0 -1.0 0.0 0.3325359851848113 0.3596850336216946 0.30777898119349384
9 896.0 0.0 -1.0 -1.0 -1.0 0.0 0.3518407643154838 0.36416360361967454 0.2839956320648416
9 897.0 0.0 -1.0 -1.0 -1.0 0.0 0.33425553173914674 0.38536093730458093 0.2803835309562722
9 898.0 0.0 -1.0 -1.0 -1.0 0.0 0.34727387251113023 0.3658414180913138 0.28688470939755606
9 899.0 0.0 -1.0 -1.0 -1.0 0.0 0.35403955020426686 0.35328745480952956 0.2926729949862034
9 900.0 0.0 -1.0 -1.0 -1.0 0.0 0.33637155821052844 0.3543693621635008 0.3092590796259708
9 901.0 0.0 -1.0 -1.0 -1.0 0.0 0.3627826544796537 0.32540761500764903 0.3118097305126975
9 902.0 0.0 -1.0 -1.0 -1.0 0.0 0.33873164344889717 0.32802398442891467 0.3332443721221881
9 903.0 0.0 -1.0 -1.0 -1.0 0.0 0.37196897503806875 0.3224772791755814 0.3055537457863498
9 904.0 0.0 -1.0 -1.0 -1.0 0.0 0.36311237369180693 0.34890245946167886 0.287985166846514
9 905.0 0.0 -1.0 -1.0 -1.0 0.0 0.35283319630198456 0.37146276392898064 0.2757040397690348
9 906.0 0.0 -1.0 -1.0 -1.0 0.0 0.33499615376663416 0.35711650398337874 0.30788734224998704
9 907.0 0.0 -1.0 -1.0 -1.0 0.0 0.34769812987193943 0.3525628491039477 0.2997390210241131
9 908.0 0.0 -1.0 -1.0 -1.0 0.0 0.3538562392323108 0.3183447699516459 0.32779899081604347
9 909.0 0.0 -1.0 -1.0 -1.0 0.0 0.34558380754909007 0.35824280756786353 0.2961733848830461
9 910.0 0.0 -1.0 -1.0 -1.0 0.0 0.3203519993711027 0.34621055194788525 0.33343744868101216
9 911.0 0.0 -1.0 -1.0 -1.0 0.0 0.31857714922774405 0.3238640479801251 0.35755880279213076
9 912.0 0.0 -1.0 -1.0 -1.0 0.0 0.3300609452916427 0.3331226009510497 0.3368164537573075
9 913.0 0.0 -1.0 -1.0 -1.0 0.0 0.34382434830378306 0.3436237036974918 0.31255194799872515
9 914.0 0.0 -1.0 -1.0 -1.0 0.0 0.33913771606698195 0.3557643621795408 0.3050979217534774
9 915.0 0.0 -1.0 -1.0 -1.0 0.0 0.3323344074750103 0.35872005767437165 0.3089455348506178
9 916.0 0.0 -1.0 -1.0 -1.0 0.0 0.32966269375592494 0.3552862564927936 0.31505104975128156
9 917.0 0.0 -1.0 -1.0 -1.0 0.0 0.3398824103319262 0.3319769511145956 0.328140638553478
9 918.0 0.0 -1.0 -1.0 -1.0 0.0 0.3497945296067545 0.32594596104603263 0.324259509347213
9 919.0 0.0 -1.0 -1.0 -1.0 0.0 0.34860930210940266 0.312680924347564 0.33870977354303344
9 920.0 0.0 -1.0 -1.0 -1.0 0.0 0.35989810437690195 0.32305610298500015 0.317045792638098
9 921.0 0.0 -1.0 -1.0 -1.0 0.0 0.37052619417307237 0.3276289842463555 0.30184482158057196
9 922.0 0.0 -1.0 -1.0 -1.0 0.0 0.3487478661930002 0.3473245504155384 0.30392758339146136
9 923.0 0.0 -1.0 -1.0 -1.0 0.0 0.3424754669126024 0.35238349964354243 0.30514103344385535
9 924.0 0.0 -1.0 -1.0 -1.0 0.0 0.3573437770080221 0.336158094430709 0.3064981285612688
9 925.0 0.0 -1.0 -1.0 -1.0 0.0 0.3189541144887619 0.3679651311647698 0.31308075434646826
9 926.0 0.0 -1.0 -1.0 -1.0 0.0 0.3224667790910944 0.35539684315140585 0.3221363777574994
9 927.0 0.0 -1.0 -1.0 -1.0 0.0 0.31562323107071 0.3265507640930544 0.35782600483623545
9 928.0 0.0 -1.0 -1.0 -1.0 0.0 0.3191457634322562 0.3339493220234423 0.3469049145443014
9 929.0 0.0 -1.0 -1.0 -1.0 0.0 0.3021767165504846 0.3379781027563448 0.35984518069317056
9 930.0 0.0 -1.0 -1.0 -1.0 0.0 0.3028684782448278 0.3357001879823374 0.3614313337728348
9 931.0 0.0 -1.0 -1.0 -1.0 0.0 0.2891551240463553 0.33735641937537025 0.37348845657827456
9 932.0 0.0 -1.0 -1.0 -1.0 0.0 0.29119079667068726 0.3223397459914468 0.38646945733786614
9 933.0 0.0 -1.0 -1.0 -1.0 0.0 0.28742897281616064 0.3319358099642511 0.3806352172195884
9 934.0 0.0 -1.0 -1.0 -1.0 0.0 0.26776838010577225 0.3404279646712759 0.39180365522295196
9 935.0 0.0 -1.0 -1.0 -1.0 0.0 0.2955034503146946 0.3185773295110366 0.38591922017426883
9 936.0 0.0 -1.0 -1.0 -1.0 0.0 0.31113076011231355 0.3457560861806971 0.34311315370698947
9 937.0 0.0 -1.0 -1.0 -1.0 0.0 0.33602673927106347 0.3337870635534826 0.3301861971754539
9 938.0 0.0 -1.0 -1.0 -1.0 0.0 0.32844753943964883 0.320122269144192 0.35143019141615917
9 939.0 0.0 -1.0 -1.0 -1.0 0.0 0.32197782269939185 0.3130842049338316 0.3649379723667767
9 940.0 0.0 -1.0 -1.0 -1.0 0.0 0.34005318160139164 0.29263818138501196 0.36730863701359623
9 941.0 0.0 -1.0 -1.0 -1.0 0.0 0.3378400402346122 0.30543354985908755 0.3567264099063003
9 942.0 0.0 -1.0 -1.0 -1.0 0.0 0.3509592953049088 0.30378247791891644 0.3452582267761747
9 943.0 0.0 -1.0 -1.0 -1.0 0.0 0.37395494561244974 0.2914839870824547 0.3345610673050956
9 944.0 0.0 -1.0 -1.0 -1.0 0.0 0.36668681981395984 0.2780052674606275 0.355307912725413
9 945.0 0.0 -1.0 -1.0 -1.0 0.0 0.37423196178772977 0.28282067311669445 0.3429473650955756
9 946.0 0.0 -1.0 -1.0 -1.0 0.0 0.3651439802555126 0.30103704602598613 0.3338189737185014
9 947.0 0.0 -1.0 -1.0 -1.0 0.0 0.33972116692018267 0.2957967110662363 0.3644821220135809
9 948.0 0.0 -1.0 -1.0 -1.0 0.0 0.3596230741182906 0.30014473888893717 0.34023218699277236
9 949.0 0.0 -1.0 -1.0 -1.0 0.0 0.3360758971099947 0.31524393066793044 0.3486801722220747
9 950.0 0.0 -1.0 -1.0 -1.0 0.0 0.3089749073950831 0.34489013598352725 0.34613495662138954
9 951.0 0.0 -1.0 -1.0 -1.0 0.0 0.32355012035990055 0.3427634925696467 0.3336863870704528
9 952.0 0.0 -1.0 -1.0 -1.0 0.0 0.34457392693308736 0.3347351207051286 0.32069095236178397
9 953.0 0.0 -1.0 -1.0 -1.0 0.0 0.33410726997098933 0.3378069444642432 0.3280857855647674
9 954.0 0.0 -1.0 -1.0 -1.0 0.0 0.31963076289241527 0.33827486809256213 0.34209436901502266
9 955.0 0.0 -1.0 -1.0 -1.0 0.0 0.2994578040370333 0.34864447576752544 0.35189772019544113
9 956.0 0.0 -1.0 -1.0 -1.0 0.0 0.3212872448152187 0.3225302232305102 0.35618253195427113
9 957.0 0.0 -1.0 -1.0 -1.0 0.0 0.3272737602184179 0.31938373695958605 0.3533425028219965
9 958.0 0.0 -1.0 -1.0 -1.0 0.0 0.35500101658140165 0.30256463059687033 0.34243435282172796
9 959.0 0.0 -1.0 -1.0 -1.0 0.0 0.3583003375738564 0.3129268578059681 0.32877280462017583
9 960.0 0.0 -1.0 -1.0 -1.0 0.0 0.3506767313621846 0.33346971207113413 0.3158535565666812
9 961.0 0.0 -1.0 -1.0 -1.0 0.0 0.3609042506080927 0.3318880819430801 0.3072076674488272
9 962.0 0.0 -1.0 -1.0 -1.0 0.0 0.3399395433016199 0.3458964709481802 0.3141639857502001
9 963.0 0.0 -1.0 -1.0 -1.0 0.0 0.34607649523420503 0.3375006008319101 0.31642290393388467
9 964.0 0.0 -1.0 -1.0 -1.0 0.0 0.3421021099842288 0.34369076912857516 0.3142071208871963
9 965.0 0.0 -1.0 -1.0 -1.0 0.0 0.34086901682881865 0.32995040080945715 0.3291805823617244
9 966.0 0.0 -1.0 -1.0 -1.0 0.0 0.3197031474895721 0.35094915012460925 0.3293477023858189
9 967.0 0.0 -1.0 -1.0 -1.0 0.0 0.3066714488915453 0.37902986231960223 0.31429868878885253
9 968.0 0.0 -1.0 -1.0 -1.0 0.0 0.2945024837461648 0.3589320668806031 0.3465654493732322
9 969.0 0.0 -1.0 -1.0 -1.0 0.0 0.30427657344880854 0.3528103037773217 0.3429131227738695
9 970.0 0.0 -1.0 -1.0 -1.0 0.0 0.3000997832353385 0.34644506153961 0.35345515522505155
9 971.0 0.0 -1.0 -1.0 -1.0 0.0 0.31751200872406077 0.37103346494504214 0.3114545263308972
9 972.0 0.0 -1.0 -1.0 -1.0 0.0 0.3022699572556142 0.37737106861242675 0.32035897413195874
9 973.0 0.0 -1.0 -1.0 -1.0 0.0 0.3000582664016965 0.38671616769098366 0.31322556590732
9 974.0 0.0 -1.0 -1.0 -1.0 0.0 0.30843430308213354 0.36354541772958604 0.3280202791882805
9 975.0 0.0 -1.0 -1.0 -1.0 0.0 0.32317933920374164 0.33936876999814414 0.33745189079811444
9 976.0 0.0 -1.0 -1.0 -1.0 0.0 0.35793041782767454 0.2949658605973167 0.3471037215750085
9 977.0 0.0 -1.0 -1.0 -1.0 0.0 0.3448885302926189 0.2984803046780458 0.35663116502933534
9 978.0 0.0 -1.0 -1.0 -1.0 0.0 0.35893917457137087 0.2869210087214139 0.35413981670721506
9 979.0 0.0 -1.0 -1.0 -1.0 0.0 0.3390970645709342 0.2975517141453474 0.3633512212837187
9 980.0 0.0 -1.0 -1.0 -1.0 0.0 0.32325420731023996 0.301187995828153 0.37555779686160695
9 981.0 0.0 -1.0 -1.0 -1.0 0.0 0.3047103292120713 0.3126016824450763 0.38268798834285245
9 982.0 0.0 -1.0 -1.0 -1.0 0.0 0.32727344072524933 0.3374910638594406 0.33523549541530995
9 983.0 0.0 -1.0 -1.0 -1.0 0.0 0.33411303112812385 0.3518231997159644 0.31406376915591144
9 984.0 0.0 -1.0 -1.0 -1.0 0.0 0.3512324662061297 0.35638117562354876 0.29238635817032144
9 985.0 0.0 -1.0 -1.0 -1.0 0.0 0.3936091189438522 0.31714202971460514 0.28924885134154243
9 986.0 0.0 -1.0 -1.0 -1.0 0.0 0.37246140236884095 0.31385707997539514 0.3136815176557641
9 987.0 0.0 -1.0 -1.0 -1.0 0.0 0.36173174083463117 0.30405969935848165 0.33420855980688713
9 988.0 0.0 -1.0 -1.0 -1.0 0.0 0.362432578378772 0.32392053841318247 0.3136468832080456
9 989.0 0.0 -1.0 -1.0 -1.0 0.0 0.4051984422920059 0.29930566462498304 0.2954958930830108
9 990.0 0.0 -1.0 -1.0 -1.0 0.0 0.37834794921284753 0.3011102334885032 0.3205418172986495
9 991.0 0.0 -1.0 -1.0 -1.0 0.0 0.3860033355896407 0.29226566899311907 0.3217309954172402
9 992.0 0.0 -1.0 -1.0 -1.0 0.0 0.343918071374082 0.3296300534936135 0.3264518751323046
9 993.0 0.0 -1.0 -1.0 -1.0 0.0 0.33656873129688913 0.3363113943758729 0.32711987432723816
9 994.0 0.0 -1.0 -1.0 -1.0 0.0 0.3235081400831708 0.3236912927433431 0.35280056717348623
9 995.0 0.0 -1.0 -1.0 -1.0 0.0 0.3447635551869487 0.3173769752072702 0.33785946960578117
9 996.0 0.0 -1.0 -1.0 -1.0 0.0 0.3430493825237958 0.31209722894027153 0.34485338853593256
9 997.0 0.0 -1.0 -1.0 -1.0 0.0 0.3536309713694144 0.332921429187605 0.31344759944298073
9 998.0 0.0 -1.0 -1.0 -1.0 0.0 0.3447590080752936 0.33207353583463584 0.3231674560900705
9 999.0 0.0 -1.0 -1.0 -1.0 0.0 0.3576728538205723 0.31586557756552053 0.326461568613907
9 1000.0 0.0 -1.0 -1.0 -1.0 0.0 0.34966861731670273 0.3197621509770584 0.3305692317062387
1000000000000000000000000000000000000000000000000000000000000000000000000000000000000000000000000000
-1.0
solo con 1: -100.0
