9 0.0 27.0 -42.0 -161.0 -98.66 49.44586265132133 0.3333333333333333 0.3333333333333333 0.3333333333333333
9 1.0 68.0 -39.0 -161.0 -83.63 47.42109980874237 0.30744665577794295 0.2728132675141161 0.4197400767079409
9 2.0 57.0 -36.0 -153.0 -67.67 40.80083555294158 0.2913228673616347 0.23972253371785185 0.46895459892051333
9 3.0 12.0 -33.0 -153.0 -56.75 32.659979216531084 0.25530447226463676 0.21216883815522553 0.5325266895801378
9 4.0 12.0 -32.0 -152.0 -47.27 21.961791890242083 0.22593196057089712 0.20124447327826128 0.5728235661508415
9 5.0 3.0 -32.0 -152.0 -43.67 22.458965949374242 0.20472612264710294 0.17555909776354736 0.6197147795893498
9 6.0 34.0 -28.0 -152.0 -39.57 20.2346113120439 0.1832623927768343 0.1572220630503562 0.6595155441728093
9 7.0 35.0 -26.0 -151.0 -34.95 12.736153106789976 0.17049104082702937 0.15072954444466607 0.6787794147283047
9 8.0 90.0 -24.0 -151.0 -32.43 12.917183762865509 0.16128857564473978 0.1300557528025869 0.7086556715526733
9 9.0 66.0 -23.0 -49.0 -28.78 3.7215723841007056 0.1472161692235922 0.12363707975787618 0.7291467510185321
9 10.0 10.0 -23.0 -48.0 -26.83 3.4613449829378604 0.14368732114101854 0.1179418348362449 0.7383708440227363
9 11.0 58.0 -21.0 -47.0 -25.27 3.2871190296597903 0.15074792113990998 0.11997931097325445 0.7292727678868354
9 12.0 0.0 -20.0 -47.0 -23.65 3.3009793465674147 0.144664552648318 0.11839999839092673 0.7369354489607557
9 13.0 65.0 -18.0 -47.0 -22.47 3.352836881137397 0.14741995147575532 0.12063710685647294 0.731942941667772
9 14.0 3.0 -17.0 -37.0 -21.11 2.4777596593077638 0.15559549166796538 0.1273197053022143 0.7170848030298204
9 15.0 3.0 -15.0 -37.0 -19.93 2.6218005995571807 0.13865205994655333 0.1167629234773229 0.7445850165761236
9 16.0 3.0 -15.0 -30.0 -18.36 2.1766436956419337 0.13080753894495328 0.10442000788970296 0.7647724531653438
9 17.0 15.0 -14.0 -27.0 -17.01 2.0075363060731974 0.12623841275301306 0.10076299683963175 0.7729985904073551
9 18.0 0.0 -14.0 -22.0 -15.91 1.652026609710607 0.12645216175122642 0.10167524088136584 0.7718725973674077
9 19.0 27.0 -12.0 -22.0 -15.13 1.5018843383085687 0.13743492129048895 0.10943443544570179 0.7531306432638093
9 20.0 35.0 -11.0 -21.0 -14.28 1.1554001449495734 0.14785655911329507 0.10597704966969357 0.7461663912170116
9 21.0 64.0 -10.0 -16.0 -13.35 1.0952145677879517 0.14905985252975554 0.10495485131486777 0.7459852961553769
9 22.0 15.0 -9.0 -15.0 -12.32 1.3624102231566 0.14384510294107747 0.08223712420891814 0.7739177728500043
9 23.0 5.0 -7.0 -15.0 -10.86 1.4908474981118156 0.1234926054194058 0.08481571650465572 0.7916916780759381
9 24.0 99.0 -6.0 -15.0 -9.24 1.6337352628534734 0.12205273164614708 0.07883003574797014 0.7991172326058827
9 25.0 25.0 -6.0 -15.0 -8.13 1.5741279452061037 0.1277755017978287 0.08497638851090619 0.7872481096912652
9 26.0 71.0 -4.0 -15.0 -6.96 1.3847655966176222 0.12428580640845606 0.08880159248500037 0.7869126011065433
9 27.0 1.0 -4.0 -10.0 -6.15 1.3437096247164246 0.1229409887577473 0.08753499577271856 0.789524015469534
9 28.0 5.0 -3.0 -9.0 -5.18 1.1753357568857254 0.11958516374648864 0.09290514910192309 0.7875096871515883
9 29.0 5.0 -2.0 -9.0 -4.26 1.133689783517751 0.10641744673791301 0.1071173799968529 0.7864651732652341
9 30.0 5.0 -2.0 -9.0 -3.51 1.1325755042059102 0.10485077013271632 0.11611396260596743 0.7790352672613161
9 31.0 5.0 -2.0 -9.0 -2.85 1.1315047637120357 0.11850763498366504 0.12853749463643804 0.7529548703798971
9 32.0 36.0 -1.0 -8.0 -2.36 0.8470984344075705 0.14228692443802263 0.12476569006753355 0.732947385494444
9 33.0 7.0 -1.0 -8.0 -1.91 0.8420153793072301 0.171014622930923 0.14694406212426714 0.6820413149448096
9 34.0 1.0 -1.0 -4.0 -1.5 0.6590473688161075 0.17681561331981133 0.15332822343974156 0.6698561632404472
9 35.0 0.0 -1.0 -4.0 -1.25 0.5573204290227127 0.18311781764045068 0.18618368389584986 0.6306984984636992
9 36.0 0.0 -1.0 -4.0 -1.14 0.4268749491621904 0.23451982200899482 0.2090395852726239 0.5564405927183816
9 37.0 0.0 -1.0 -4.0 -1.09 0.3785938897200189 0.27801041240130764 0.22888211855740592 0.49310746904128683
9 38.0 0.0 -1.0 -4.0 -1.07 0.3554766326548564 0.24715270158345184 0.2905941176677374 0.46225318074881083
9 39.0 0.0 -1.0 -4.0 -1.05 0.32952368440805313 0.29831600115381113 0.28398205115557823 0.4177019476906105
9 40.0 0.0 -1.0 -4.0 -1.05 0.32952368440805313 0.3267924140696483 0.2916841940832967 0.3815233918470551
9 41.0 0.0 -1.0 -4.0 -1.04 0.31526804372460465 0.302427345910587 0.3124699502998701 0.38510270378954276
9 42.0 0.0 -1.0 -4.0 -1.03 0.29999999999999954 0.3140671905177725 0.30835392224864494 0.3775788872335826
9 43.0 0.0 -1.0 -4.0 -1.03 0.29999999999999954 0.326964900288343 0.32693409685053526 0.34610100286112155
9 44.0 0.0 -1.0 -1.0 -1.0 0.0 0.3213459710179108 0.34112796149639585 0.33752606748569336
9 45.0 0.0 -1.0 -1.0 -1.0 0.0 0.3315777380547843 0.343314125170706 0.3251081367745098
9 46.0 0.0 -1.0 -1.0 -1.0 0.0 0.33698859663151687 0.35286960488503943 0.31014179848344353
9 47.0 0.0 -1.0 -1.0 -1.0 0.0 0.3284656280579333 0.37459935968401553 0.29693501225805113
9 48.0 0.0 -1.0 -1.0 -1.0 0.0 0.3391078464697324 0.38659984050375934 0.27429231302650836
9 49.0 0.0 -1.0 -1.0 -1.0 0.0 0.31168089111473374 0.3935936324986256 0.29472547638664054
9 50.0 0.0 -1.0 -1.0 -1.0 0.0 0.31820279975213195 0.36446956104080874 0.31732763920705925
9 51.0 0.0 -1.0 -1.0 -1.0 0.0 0.3357894986805203 0.3486923786947751 0.31551812262470463
9 52.0 0.0 -1.0 -1.0 -1.0 0.0 0.34073333831258296 0.32342659511274063 0.3358400665746764
9 53.0 0.0 -1.0 -1.0 -1.0 0.0 0.37094348107913633 0.3247008291890879 0.3043556897317757
9 54.0 0.0 -1.0 -1.0 -1.0 0.0 0.3607998339865335 0.31682112582979144 0.3223790401836753
9 55.0 0.0 -1.0 -1.0 -1.0 0.0 0.37640593026995117 0.297870510608609 0.32572355912143997
9 56.0 0.0 -1.0 -1.0 -1.0 0.0 0.366920439687873 0.2982470420959511 0.3348325182161755
9 57.0 0.0 -1.0 -1.0 -1.0 0.0 0.37575909100430294 0.27787415041248126 0.346366758583216
9 58.0 0.0 -1.0 -1.0 -1.0 0.0 0.3693603220512889 0.2822691899013741 0.348370488047337
9 59.0 0.0 -1.0 -1.0 -1.0 0.0 0.3581334726222349 0.27851824866791147 0.3633482787098534
9 60.0 0.0 -1.0 -1.0 -1.0 0.0 0.3573472565172224 0.2812037118389011 0.36144903164387643
9 61.0 0.0 -1.0 -1.0 -1.0 0.0 0.34444691062776306 0.2999430767874001 0.3556100125848369
9 62.0 0.0 -1.0 -1.0 -1.0 0.0 0.3493118910519277 0.29198789698997374 0.3587002119580984
9 63.0 0.0 -1.0 -1.0 -1.0 0.0 0.33525126478134276 0.3130711483141806 0.351677586904477
9 64.0 0.0 -1.0 -1.0 -1.0 0.0 0.345776423652263 0.3375794173827355 0.3166441589650015
9 65.0 0.0 -1.0 -1.0 -1.0 0.0 0.3630977221839335 0.3329317062581436 0.30397057155792284
9 66.0 0.0 -1.0 -1.0 -1.0 0.0 0.3536550640185072 0.3301763670259681 0.3161685689555248
9 67.0 0.0 -1.0 -1.0 -1.0 0.0 0.3470742449272094 0.3308781744584141 0.3220475806143766
9 68.0 0.0 -1.0 -1.0 -1.0 0.0 0.3660339909966669 0.32793616375092766 0.30602984525240534
9 69.0 0.0 -1.0 -1.0 -1.0 0.0 0.3513989021284109 0.32578515385150225 0.32281594402008684
9 70.0 0.0 -1.0 -1.0 -1.0 0.0 0.31484565503232376 0.320792471325204 0.36436187364247247
9 71.0 0.0 -1.0 -1.0 -1.0 0.0 0.328398502182595 0.32702822701497875 0.344573270802426
9 72.0 0.0 -1.0 -1.0 -1.0 0.0 0.3450638582861402 0.31360306609061456 0.34133307562324544
9 73.0 0.0 -1.0 -1.0 -1.0 0.0 0.3353258464639452 0.31665279868781143 0.3480213548482432
9 74.0 0.0 -1.0 -1.0 -1.0 0.0 0.31136293994189673 0.3391411876028821 0.34949587245522123
9 75.0 0.0 -1.0 -1.0 -1.0 0.0 0.3150383465444401 0.31538821424491614 0.3695734392106441
9 76.0 0.0 -1.0 -1.0 -1.0 0.0 0.3176295734493629 0.3517793099346493 0.3305911166159876
9 77.0 0.0 -1.0 -1.0 -1.0 0.0 0.29972438120046324 0.3767128700224556 0.3235627487770811
9 78.0 0.0 -1.0 -1.0 -1.0 0.0 0.31619080787647996 0.3664564507200677 0.3173527414034521
9 79.0 0.0 -1.0 -1.0 -1.0 0.0 0.33537902139475784 0.3671566024881454 0.2974643761170967
9 80.0 0.0 -1.0 -1.0 -1.0 0.0 0.32097055572809025 0.38776329235523854 0.2912661519166711
9 81.0 0.0 -1.0 -1.0 -1.0 0.0 0.3459153442450284 0.36106550924451414 0.2930191465104576
9 82.0 0.0 -1.0 -1.0 -1.0 0.0 0.338035734612857 0.37412364645572516 0.28784061893141777
9 83.0 0.0 -1.0 -1.0 -1.0 0.0 0.32534166973061446 0.3631726258920274 0.311485704377358
9 84.0 0.0 -1.0 -1.0 -1.0 0.0 0.31340444934742284 0.3722458620154469 0.3143496886371301
9 85.0 0.0 -1.0 -1.0 -1.0 0.0 0.30819459291084905 0.36791212769896214 0.32389327939018875
9 86.0 0.0 -1.0 -1.0 -1.0 0.0 0.3255555931286686 0.3429293073291271 0.3315150995422043
9 87.0 0.0 -1.0 -1.0 -1.0 0.0 0.35131754923244124 0.34355176728372205 0.3051306834838368
9 88.0 0.0 -1.0 -1.0 -1.0 0.0 0.3404775239920669 0.3556871916759647 0.30383528433196855
9 89.0 0.0 -1.0 -1.0 -1.0 0.0 0.3463547055785118 0.34163030836235875 0.31201498605912964
9 90.0 0.0 -1.0 -1.0 -1.0 0.0 0.3417248749598767 0.3261797453923096 0.332095379647814
9 91.0 0.0 -1.0 -1.0 -1.0 0.0 0.33604801371547155 0.3246183582878647 0.3393336279966639
9 92.0 0.0 -1.0 -1.0 -1.0 0.0 0.3160596430118961 0.36268399440754684 0.32125636258055723
9 93.0 0.0 -1.0 -1.0 -1.0 0.0 0.3330781945187376 0.3359155470871309 0.3310062583941314
9 94.0 0.0 -1.0 -1.0 -1.0 0.0 0.34052148069696114 0.29800831502084163 0.3614702042821973
9 95.0 0.0 -1.0 -1.0 -1.0 0.0 0.34307240521038807 0.31579294442968087 0.34113465035993107
9 96.0 0.0 -1.0 -1.0 -1.0 0.0 0.3339785319840536 0.3046673444391244 0.36135412357682184
9 97.0 0.0 -1.0 -1.0 -1.0 0.0 0.3372148784367111 0.3094265677661591 0.35335855379712977
9 98.0 0.0 -1.0 -1.0 -1.0 0.0 0.3532814625621987 0.2963245213293936 0.3503940161084079
9 99.0 0.0 -1.0 -1.0 -1.0 0.0 0.3483553890403856 0.2770089495055814 0.3746356614540332
9 100.0 0.0 -1.0 -1.0 -1.0 0.0 0.3583422932620013 0.27058271313307125 0.3710749936049273
9 101.0 0.0 -1.0 -1.0 -1.0 0.0 0.35689280424804115 0.3097458568167204 0.3333613389352387
9 102.0 0.0 -1.0 -1.0 -1.0 0.0 0.33382133253355306 0.3292842757169657 0.33689439174948105
9 103.0 0.0 -1.0 -1.0 -1.0 0.0 0.32576817390609236 0.31635837320569526 0.3578734528882126
9 104.0 0.0 -1.0 -1.0 -1.0 0.0 0.3426718677219339 0.3147633158371182 0.34256481644094805
9 105.0 0.0 -1.0 -1.0 -1.0 0.0 0.3237700955524147 0.3241576088864828 0.3520722955611024
9 106.0 0.0 -1.0 -1.0 -1.0 0.0 0.34582362337963773 0.31243586506772686 0.3417405115526353
9 107.0 0.0 -1.0 -1.0 -1.0 0.0 0.32997184377777744 0.3062303149632639 0.36379784125895887
9 108.0 0.0 -1.0 -1.0 -1.0 0.0 0.332534757196321 0.29034062944742794 0.37712461335625136
9 109.0 0.0 -1.0 -1.0 -1.0 0.0 0.329992461304428 0.2869745634242165 0.3830329752713556
9 110.0 0.0 -1.0 -1.0 -1.0 0.0 0.32115799694944414 0.3109325385565828 0.36790946449397327
9 111.0 0.0 -1.0 -1.0 -1.0 0.0 0.3249208273100336 0.3336308473660158 0.3414483253239506
9 112.0 0.0 -1.0 -1.0 -1.0 0.0 0.3014993147686041 0.34796852378928717 0.3505321614421088
9 113.0 0.0 -1.0 -1.0 -1.0 0.0 0.321281123234781 0.3184868383666393 0.36023203839857965
9 114.0 0.0 -1.0 -1.0 -1.0 0.0 0.3361550263543538 0.3009959142519273 0.362849059393719
9 115.0 0.0 -1.0 -1.0 -1.0 0.0 0.32658480899935766 0.3366111297085576 0.33680406129208484
9 116.0 0.0 -1.0 -1.0 -1.0 0.0 0.343839419205621 0.30952788595168373 0.34663269484269565
9 117.0 0.0 -1.0 -1.0 -1.0 0.0 0.356590408433489 0.3125127216723877 0.33089686989412337
9 118.0 0.0 -1.0 -1.0 -1.0 0.0 0.3321563105991622 0.32945229086801414 0.33839139853282363
9 119.0 0.0 -1.0 -1.0 -1.0 0.0 0.31357849574651797 0.3127699143878765 0.3736515898656056
9 120.0 0.0 -1.0 -1.0 -1.0 0.0 0.31885357897656447 0.3219109868991067 0.35923543412432885
9 121.0 0.0 -1.0 -1.0 -1.0 0.0 0.29477471604674327 0.34545397782227183 0.3597713061309847
9 122.0 0.0 -1.0 -1.0 -1.0 0.0 0.3089747425208154 0.3361268134132298 0.35489844406595467
9 123.0 0.0 -1.0 -1.0 -1.0 0.0 0.30353001564292037 0.3430158086941298 0.3534541756629498
9 124.0 0.0 -1.0 -1.0 -1.0 0.0 0.31405032953158174 0.34044406974488245 0.345505600723536
9 125.0 0.0 -1.0 -1.0 -1.0 0.0 0.33622726920935464 0.3464969617763758 0.31727576901426957
9 126.0 0.0 -1.0 -1.0 -1.0 0.0 0.36077323243873477 0.32090148191244006 0.3183252856488253
9 127.0 0.0 -1.0 -1.0 -1.0 0.0 0.34696654192357845 0.317380389252389 0.3356530688240327
9 128.0 0.0 -1.0 -1.0 -1.0 0.0 0.34974651029515885 0.3198530473924763 0.33040044231236493
9 129.0 0.0 -1.0 -1.0 -1.0 0.0 0.34231796785121005 0.32071993266112253 0.3369620994876675
9 130.0 0.0 -1.0 -1.0 -1.0 0.0 0.37015462850089365 0.3039795884699454 0.3258657830291608
9 131.0 0.0 -1.0 -1.0 -1.0 0.0 0.41160885237631645 0.28050305310669005 0.30788809451699384
9 132.0 0.0 -1.0 -1.0 -1.0 0.0 0.42438154734139455 0.25582071789522964 0.31979773476337586
9 133.0 0.0 -1.0 -1.0 -1.0 0.0 0.40619723890382686 0.2787409564782804 0.3150618046178925
9 134.0 0.0 -1.0 -1.0 -1.0 0.0 0.40523169945068305 0.27422476736549134 0.3205435331838254
9 135.0 0.0 -1.0 -1.0 -1.0 0.0 0.35346638924322454 0.3167066956310188 0.3298269151257568
9 136.0 0.0 -1.0 -1.0 -1.0 0.0 0.3457038184884443 0.3265707428353125 0.327725438676243
9 137.0 0.0 -1.0 -1.0 -1.0 0.0 0.32379532444803466 0.3434085309777755 0.3327961445741895
9 138.0 0.0 -1.0 -1.0 -1.0 0.0 0.31651384700509644 0.34348087772267943 0.3400052752722239
9 139.0 0.0 -1.0 -1.0 -1.0 0.0 0.3266062540446007 0.35692751603435424 0.31646622992104534
9 140.0 0.0 -1.0 -1.0 -1.0 0.0 0.3250487492919176 0.3554636296841141 0.3194876210239682
9 141.0 0.0 -1.0 -1.0 -1.0 0.0 0.31720282292269636 0.3472465424165424 0.3355506346607612
9 142.0 0.0 -1.0 -1.0 -1.0 0.0 0.32718889145363805 0.33443714007885084 0.3383739684675111
9 143.0 0.0 -1.0 -1.0 -1.0 0.0 0.28523282518077014 0.3589796744639635 0.35578750035526624
9 144.0 0.0 -1.0 -1.0 -1.0 0.0 0.2853241777796935 0.3657865775266114 0.3488892446936949
9 145.0 0.0 -1.0 -1.0 -1.0 0.0 0.30292577505456236 0.3484659726903628 0.34860825225507497
9 146.0 0.0 -1.0 -1.0 -1.0 0.0 0.30848135739009125 0.3581454263209778 0.33337321628893085
9 147.0 0.0 -1.0 -1.0 -1.0 0.0 0.3301369334046809 0.3484873319803549 0.3213757346149643
9 148.0 0.0 -1.0 -1.0 -1.0 0.0 0.30420990175434165 0.3392047217477316 0.35658537649792676
9 149.0 0.0 -1.0 -1.0 -1.0 0.0 0.31052289777813735 0.35837300760408686 0.3311040946177759
9 150.0 0.0 -1.0 -1.0 -1.0 0.0 0.3172480883117556 0.34424226464072527 0.33850964704751907
9 151.0 0.0 -1.0 -1.0 -1.0 0.0 0.31181404959446335 0.3350465189612876 0.3531394314442491
9 152.0 0.0 -1.0 -1.0 -1.0 0.0 0.3080200576993809 0.34700169539387204 0.34497824690674683
9 153.0 0.0 -1.0 -1.0 -1.0 0.0 0.34355136998732094 0.35246872778449784 0.3039799022281812
9 154.0 0.0 -1.0 -1.0 -1.0 0.0 0.35717569113970277 0.3439333132115882 0.29889099564870913
9 155.0 0.0 -1.0 -1.0 -1.0 0.0 0.3541846454306925 0.3217641504435321 0.3240512041257755
9 156.0 0.0 -1.0 -1.0 -1.0 0.0 0.334337217745549 0.3459253918449764 0.3197373904094747
9 157.0 0.0 -1.0 -1.0 -1.0 0.0 0.33193228498412775 0.3390967381937272 0.32897097682214493
9 158.0 0.0 -1.0 -1.0 -1.0 0.0 0.307079400200216 0.3638449933041437 0.3290756064956403
9 159.0 0.0 -1.0 -1.0 -1.0 0.0 0.30042703848690167 0.3541391898713082 0.34543377164179007
9 160.0 0.0 -1.0 -1.0 -1.0 0.0 0.30998678284233244 0.3550104563402126 0.3350027608174549
9 161.0 0.0 -1.0 -1.0 -1.0 0.0 0.3187314835272851 0.34948398747012804 0.331784529002587
9 162.0 0.0 -1.0 -1.0 -1.0 0.0 0.3101013687875626 0.33124632568434903 0.3586523055280883
9 163.0 0.0 -1.0 -1.0 -1.0 0.0 0.3028833543835273 0.34585959977847625 0.35125704583799655
9 164.0 0.0 -1.0 -1.0 -1.0 0.0 0.292746485118977 0.3526196771666872 0.35463383771433593
9 165.0 0.0 -1.0 -1.0 -1.0 0.0 0.3140667849232677 0.33194971821663954 0.3539834968600926
9 166.0 0.0 -1.0 -1.0 -1.0 0.0 0.3525520927866441 0.32833804841753034 0.3191098587958254
9 167.0 0.0 -1.0 -1.0 -1.0 0.0 0.34516159985774875 0.329772838999526 0.3250655611427253
9 168.0 0.0 -1.0 -1.0 -1.0 0.0 0.3704546225299611 0.3168586474908355 0.31268672997920344
9 169.0 0.0 -1.0 -1.0 -1.0 0.0 0.35102196018571324 0.3397157914202085 0.3092622483940781
9 170.0 0.0 -1.0 -1.0 -1.0 0.0 0.351855933434109 0.3422980204908053 0.3058460460750856
9 171.0 0.0 -1.0 -1.0 -1.0 0.0 0.3309840830158168 0.32597328287938554 0.3430426341047977
9 172.0 0.0 -1.0 -1.0 -1.0 0.0 0.3600772791205699 0.2958914941558405 0.34403122672358954
9 173.0 0.0 -1.0 -1.0 -1.0 0.0 0.3572532831978888 0.3057255960854547 0.3370211207166564
9 174.0 0.0 -1.0 -1.0 -1.0 0.0 0.3848975220258268 0.2758165660902982 0.33928591188387536
9 175.0 0.0 -1.0 -1.0 -1.0 0.0 0.3406682184589213 0.3020275041689075 0.3573042773721711
9 176.0 0.0 -1.0 -1.0 -1.0 0.0 0.32275434538034253 0.3087817053528822 0.36846394926677545
9 177.0 0.0 -1.0 -1.0 -1.0 0.0 0.3091526719421228 0.33525424519360486 0.3555930828642723
9 178.0 0.0 -1.0 -1.0 -1.0 0.0 0.30625918920891204 0.32397968258754134 0.36976112820354684
9 179.0 0.0 -1.0 -1.0 -1.0 0.0 0.33376083858768896 0.30256241426764097 0.3636767471446704
9 180.0 0.0 -1.0 -1.0 -1.0 0.0 0.32911584369111985 0.2864347783730019 0.38444937793587813
9 181.0 0.0 -1.0 -1.0 -1.0 0.0 0.33367091722244896 0.2788587219548868 0.38747036082266395
9 182.0 0.0 -1.0 -1.0 -1.0 0.0 0.3395703983881054 0.28757357209777146 0.3728560295141234
9 183.0 0.0 -1.0 -1.0 -1.0 0.0 0.32768128678280495 0.3200674147366928 0.3522512984805026
9 184.0 0.0 -1.0 -1.0 -1.0 0.0 0.34786543513069135 0.32283995285163003 0.3292946120176786
9 185.0 0.0 -1.0 -1.0 -1.0 0.0 0.33544190752540126 0.34685524144550856 0.3177028510290902
9 186.0 0.0 -1.0 -1.0 -1.0 0.0 0.37301024596563037 0.3498694378691406 0.277120316165229
9 187.0 0.0 -1.0 -1.0 -1.0 0.0 0.373967667949682 0.3461085789921694 0.27992375305814865
9 188.0 0.0 -1.0 -1.0 -1.0 0.0 0.38797268357634623 0.32287325408474166 0.2891540623389121
9 189.0 0.0 -1.0 -1.0 -1.0 0.0 0.3961922983764969 0.33144967334507247 0.27235802827843025
9 190.0 0.0 -1.0 -1.0 -1.0 0.0 0.4021052522210555 0.3158708134680452 0.2820239343108993
9 191.0 0.0 -1.0 -1.0 -1.0 0.0 0.4086381729901398 0.2958977937890434 0.2954640332208168
9 192.0 0.0 -1.0 -1.0 -1.0 0.0 0.35843476017753806 0.29878270298535153 0.3427825368371104
9 193.0 0.0 -1.0 -1.0 -1.0 0.0 0.33818842729278736 0.32622208302134553 0.33558948968586705
9 194.0 0.0 -1.0 -1.0 -1.0 0.0 0.3226399414759936 0.3580023982652793 0.3193576602587271
9 195.0 0.0 -1.0 -1.0 -1.0 0.0 0.31079852621666193 0.375136816099372 0.3140646576839661
9 196.0 0.0 -1.0 -1.0 -1.0 0.0 0.3305217147927252 0.3680420290699336 0.30143625613734126
9 197.0 0.0 -1.0 -1.0 -1.0 0.0 0.3184976466011857 0.3801320045255623 0.30137034887325187
9 198.0 0.0 -1.0 -1.0 -1.0 0.0 0.3383303342070729 0.3557263538418187 0.30594331195110824
9 199.0 0.0 -1.0 -1.0 -1.0 0.0 0.3325602582094656 0.33596740215941884 0.3314723396311154
9 200.0 0.0 -1.0 -1.0 -1.0 0.0 0.3537655713179818 0.3344052987324006 0.31182912994961737
9 201.0 0.0 -1.0 -1.0 -1.0 0.0 0.35179319420849786 0.3546130021132531 0.2935938036782492
9 202.0 0.0 -1.0 -1.0 -1.0 0.0 0.3269019037198506 0.3544768397306067 0.3186212565495427
9 203.0 0.0 -1.0 -1.0 -1.0 0.0 0.33371287439067343 0.35165603892292874 0.31463108668639783
9 204.0 0.0 -1.0 -1.0 -1.0 0.0 0.3188667788546518 0.34300686765604466 0.3381263534893033
9 205.0 0.0 -1.0 -1.0 -1.0 0.0 0.3487793390194618 0.32113424639272503 0.3300864145878131
9 206.0 0.0 -1.0 -1.0 -1.0 0.0 0.3538133436411374 0.3239028812601358 0.3222837750987266
9 207.0 0.0 -1.0 -1.0 -1.0 0.0 0.348004117375947 0.3363258833131804 0.3156699993108725
9 208.0 0.0 -1.0 -1.0 -1.0 0.0 0.3433179337769417 0.35699042984133245 0.2996916363817258
9 209.0 0.0 -1.0 -1.0 -1.0 0.0 0.3545024355041619 0.3357278904809266 0.30976967401491157
9 210.0 0.0 -1.0 -1.0 -1.0 0.0 0.3625935085751158 0.3441587533380015 0.29324773808688276
9 211.0 0.0 -1.0 -1.0 -1.0 0.0 0.3279171181037486 0.37474775679999056 0.297335125096261
9 212.0 0.0 -1.0 -1.0 -1.0 0.0 0.340206041553115 0.3578640915413566 0.30192986690552853
9 213.0 0.0 -1.0 -1.0 -1.0 0.0 0.3340640311546306 0.34421786078608974 0.3217181080592797
9 214.0 0.0 -1.0 -1.0 -1.0 0.0 0.3480539208486628 0.32398010491650486 0.32796597423483265
9 215.0 0.0 -1.0 -1.0 -1.0 0.0 0.37479269628607925 0.30460502623001484 0.320602277483906
9 216.0 0.0 -1.0 -1.0 -1.0 0.0 0.34591690292694643 0.3283420171377804 0.3257410799352732
9 217.0 0.0 -1.0 -1.0 -1.0 0.0 0.35239221332016446 0.33052038771704195 0.31708739896279353
9 218.0 0.0 -1.0 -1.0 -1.0 0.0 0.3319593494363019 0.33527456355694624 0.3327660870067519
9 219.0 0.0 -1.0 -1.0 -1.0 0.0 0.329268403142178 0.3275880400837467 0.3431435567740753
9 220.0 0.0 -1.0 -1.0 -1.0 0.0 0.330121631040557 0.3402620593431454 0.32961630961629784
9 221.0 0.0 -1.0 -1.0 -1.0 0.0 0.3644515851564025 0.30542906114081725 0.33011935370278034
9 222.0 0.0 -1.0 -1.0 -1.0 0.0 0.367348665565242 0.3013064476784281 0.3313448867563297
9 223.0 0.0 -1.0 -1.0 -1.0 0.0 0.38782964088697747 0.2980800550596725 0.3140903040533501
9 224.0 0.0 -1.0 -1.0 -1.0 0.0 0.36796044103515063 0.3083406830566343 0.3236988759082149
9 225.0 0.0 -1.0 -1.0 -1.0 0.0 0.3998634024864662 0.28455192053831113 0.3155846769752227
9 226.0 0.0 -1.0 -1.0 -1.0 0.0 0.42221279303934545 0.2913320262833541 0.28645518067730064
9 227.0 0.0 -1.0 -1.0 -1.0 0.0 0.40675197741269925 0.3023118412478433 0.29093618133945737
9 228.0 0.0 -1.0 -1.0 -1.0 0.0 0.3931756510042003 0.3083692334912522 0.29845511550454745
9 229.0 0.0 -1.0 -1.0 -1.0 0.0 0.3561566156156568 0.32595729315865496 0.3178860912256881
9 230.0 0.0 -1.0 -1.0 -1.0 0.0 0.35471655749183 0.3139106952241819 0.3313727472839883
9 231.0 0.0 -1.0 -1.0 -1.0 0.0 0.37601954499900236 0.30884661231900046 0.3151338426819973
9 232.0 0.0 -1.0 -1.0 -1.0 0.0 0.38138324609182805 0.3092424048380543 0.3093743490701175
9 233.0 0.0 -1.0 -1.0 -1.0 0.0 0.4067698889736579 0.2888330698894895 0.3043970411368527
9 234.0 0.0 -1.0 -1.0 -1.0 0.0 0.36173657099120754 0.31629008639396156 0.321973342614831
9 235.0 0.0 -1.0 -1.0 -1.0 0.0 0.37134155347941034 0.30835782167025233 0.3203006248503372
9 236.0 0.0 -1.0 -1.0 -1.0 0.0 0.3200788108508239 0.3309265378513965 0.3489946512977795
9 237.0 0.0 -1.0 -1.0 -1.0 0.0 0.32380981243906864 0.33442327436500996 0.3417669131959214
9 238.0 0.0 -1.0 -1.0 -1.0 0.0 0.3273447719671278 0.3432796432448528 0.32937558478801937
9 239.0 0.0 -1.0 -1.0 -1.0 0.0 0.30382339413860554 0.3597391672914889 0.3364374385699054
9 240.0 0.0 -1.0 -1.0 -1.0 0.0 0.31266050896524844 0.3464120333989683 0.34092745763578336
9 241.0 0.0 -1.0 -1.0 -1.0 0.0 0.3112999383730532 0.3274474862249548 0.3612525754019921
9 242.0 0.0 -1.0 -1.0 -1.0 0.0 0.3232446815293036 0.31610446137383025 0.3606508570968663
9 243.0 0.0 -1.0 -1.0 -1.0 0.0 0.3255719624797267 0.3010967630147641 0.3733312745055092
9 244.0 0.0 -1.0 -1.0 -1.0 0.0 0.31918895111198714 0.29235970146355345 0.3884513474244593
9 245.0 0.0 -1.0 -1.0 -1.0 0.0 0.3221668678503338 0.32093382126412934 0.35689931088553684
9 246.0 0.0 -1.0 -1.0 -1.0 0.0 0.32682983636725266 0.3207551166884565 0.35241504694429077
9 247.0 0.0 -1.0 -1.0 -1.0 0.0 0.3243955492191352 0.30274099485529826 0.3728634559255666
9 248.0 0.0 -1.0 -1.0 -1.0 0.0 0.31892079105923377 0.29305711676449164 0.38802209217627465
9 249.0 0.0 -1.0 -1.0 -1.0 0.0 0.3157616062054571 0.32860387514646694 0.355634518648076
9 250.0 0.0 -1.0 -1.0 -1.0 0.0 0.31713320288106295 0.32981968347426716 0.3530471136446702
9 251.0 0.0 -1.0 -1.0 -1.0 0.0 0.33089204780285686 0.3181560575227933 0.35095189467434984
9 252.0 0.0 -1.0 -1.0 -1.0 0.0 0.33836954043280665 0.3085597191311682 0.3530707404360252
9 253.0 0.0 -1.0 -1.0 -1.0 0.0 0.3222758823899558 0.31385067766694197 0.36387343994310223
9 254.0 0.0 -1.0 -1.0 -1.0 0.0 0.3234183060684698 0.3242182147126794 0.35236347921885075
9 255.0 0.0 -1.0 -1.0 -1.0 0.0 0.32342875091873025 0.33237126778692627 0.3441999812943432
9 256.0 0.0 -1.0 -1.0 -1.0 0.0 0.3605404572995405 0.29772959400760496 0.34172994869285467
9 257.0 0.0 -1.0 -1.0 -1.0 0.0 0.37030749817242054 0.30277151922474377 0.32692098260283603
9 258.0 0.0 -1.0 -1.0 -1.0 0.0 0.3933235147703453 0.31329308920856885 0.2933833960210858
9 259.0 0.0 -1.0 -1.0 -1.0 0.0 0.3990569037499352 0.2845051193075601 0.3164379769425047
9 260.0 0.0 -1.0 -1.0 -1.0 0.0 0.37260080396466 0.29980338966040954 0.32759580637493024
9 261.0 0.0 -1.0 -1.0 -1.0 0.0 0.3631832605489237 0.32732504143942864 0.30949169801164755
9 262.0 0.0 -1.0 -1.0 -1.0 0.0 0.36027315894155443 0.31776637652360434 0.32196046453484106
9 263.0 0.0 -1.0 -1.0 -1.0 0.0 0.3447312929609285 0.3043150474144126 0.35095365962465896
9 264.0 0.0 -1.0 -1.0 -1.0 0.0 0.3272066264387881 0.3190679303362635 0.3537254432249482
9 265.0 0.0 -1.0 -1.0 -1.0 0.0 0.3307351412540702 0.2997784567871728 0.3694864019587569
9 266.0 0.0 -1.0 -1.0 -1.0 0.0 0.3363787580676993 0.29357848093363625 0.3700427609986645
9 267.0 0.0 -1.0 -1.0 -1.0 0.0 0.31170028613438505 0.34426940899217867 0.34403030487343605
9 268.0 0.0 -1.0 -1.0 -1.0 0.0 0.3166254885248148 0.3427155649729739 0.34065894650221135
9 269.0 0.0 -1.0 -1.0 -1.0 0.0 0.3056938423683187 0.32556895276435655 0.368737204867325
9 270.0 0.0 -1.0 -1.0 -1.0 0.0 0.3279022691283919 0.33775263486946683 0.33434509600214135
9 271.0 0.0 -1.0 -1.0 -1.0 0.0 0.3621174728647649 0.3029739931243778 0.3349085340108576
9 272.0 0.0 -1.0 -1.0 -1.0 0.0 0.33908526218037205 0.3295945120017374 0.33132022581789067
9 273.0 0.0 -1.0 -1.0 -1.0 0.0 0.34822253099954353 0.32686486057978664 0.3249126084206697
9 274.0 0.0 -1.0 -1.0 -1.0 0.0 0.3290393138299834 0.33547493601842915 0.3354857501515876
9 275.0 0.0 -1.0 -1.0 -1.0 0.0 0.33755165262100634 0.3471948386434797 0.31525350873551405
9 276.0 0.0 -1.0 -1.0 -1.0 0.0 0.32858421210906535 0.3074593550199123 0.3639564328710222
9 277.0 0.0 -1.0 -1.0 -1.0 0.0 0.34565218645748513 0.29118922080490905 0.36315859273760576
9 278.0 0.0 -1.0 -1.0 -1.0 0.0 0.342852657109136 0.30757041425877496 0.349576928632089
9 279.0 0.0 -1.0 -1.0 -1.0 0.0 0.3535815529989851 0.30882555830278213 0.3375928886982325
9 280.0 0.0 -1.0 -1.0 -1.0 0.0 0.36345222067330824 0.31111375823086157 0.3254340210958301
9 281.0 0.0 -1.0 -1.0 -1.0 0.0 0.3501283858099966 0.31386877315178935 0.33600284103821415
9 282.0 0.0 -1.0 -1.0 -1.0 0.0 0.35745971270071086 0.2978811265705298 0.3446591607287593
9 283.0 0.0 -1.0 -1.0 -1.0 0.0 0.36084857930251246 0.2860004473834355 0.3531509733140521
9 284.0 0.0 -1.0 -1.0 -1.0 0.0 0.338857821915546 0.3270493841861615 0.33409279389829266
9 285.0 0.0 -1.0 -1.0 -1.0 0.0 0.36536122867579907 0.32273898690962766 0.3118997844145731
9 286.0 0.0 -1.0 -1.0 -1.0 0.0 0.3510161542129987 0.3268787472965732 0.322105098490428
9 287.0 0.0 -1.0 -1.0 -1.0 0.0 0.3412183603043912 0.34633928682705545 0.31244235286855376
9 288.0 0.0 -1.0 -1.0 -1.0 0.0 0.340403707688045 0.35447096326615113 0.3051253290458038
9 289.0 0.0 -1.0 -1.0 -1.0 0.0 0.3341325927683422 0.37553808152194823 0.29032932570970943
9 290.0 0.0 -1.0 -1.0 -1.0 0.0 0.33158604120135055 0.3808285089788462 0.2875854498198031
9 291.0 0.0 -1.0 -1.0 -1.0 0.0 0.322878522238421 0.39479338942570313 0.2823280883358759
9 292.0 0.0 -1.0 -1.0 -1.0 0.0 0.34991513528740875 0.3465780707911067 0.30350679392148455
9 293.0 0.0 -1.0 -1.0 -1.0 0.0 0.33121002417584905 0.3552443661091681 0.3135456097149832
9 294.0 0.0 -1.0 -1.0 -1.0 0.0 0.35049008675232657 0.3468826300006149 0.30262728324705856
9 295.0 0.0 -1.0 -1.0 -1.0 0.0 0.32417258373341346 0.33062208775753804 0.34520532850904845
9 296.0 0.0 -1.0 -1.0 -1.0 0.0 0.32896297871635666 0.3219132797631745 0.3491237415204687
9 297.0 0.0 -1.0 -1.0 -1.0 0.0 0.31071300087188625 0.3479091514624596 0.3413778476656543
9 298.0 0.0 -1.0 -1.0 -1.0 0.0 0.33667907528713065 0.3270271121462313 0.33629381256663826
9 299.0 0.0 -1.0 -1.0 -1.0 0.0 0.34453688387019116 0.31749670886824277 0.33796640726156596
9 300.0 0.0 -1.0 -1.0 -1.0 0.0 0.31257050757663085 0.32910743587498476 0.35832205654838417
9 301.0 0.0 -1.0 -1.0 -1.0 0.0 0.33115669809559933 0.3044478813635889 0.3643954205408118
9 302.0 0.0 -1.0 -1.0 -1.0 0.0 0.32169364897234654 0.32825460310086785 0.3500517479267855
9 303.0 0.0 -1.0 -1.0 -1.0 0.0 0.3047024093598328 0.33971303768412037 0.35558455295604685
9 304.0 0.0 -1.0 -1.0 -1.0 0.0 0.3272428098679441 0.33074145000088395 0.34201574013117214
9 305.0 0.0 -1.0 -1.0 -1.0 0.0 0.33054224405648186 0.31731341685685904 0.352144339086659
9 306.0 0.0 -1.0 -1.0 -1.0 0.0 0.3410113452864313 0.3261720838533917 0.3328165708601768
9 307.0 0.0 -1.0 -1.0 -1.0 0.0 0.3554594400453767 0.3046678466544563 0.3398727133001666
9 308.0 0.0 -1.0 -1.0 -1.0 0.0 0.3165429942906272 0.315583823897501 0.3678731818118716
9 309.0 0.0 -1.0 -1.0 -1.0 0.0 0.31448699875511515 0.32436577215210816 0.36114722909277686
9 310.0 0.0 -1.0 -1.0 -1.0 0.0 0.3455008255555673 0.30722279036782196 0.34727638407661077
9 311.0 0.0 -1.0 -1.0 -1.0 0.0 0.37189641710295385 0.27101657347978403 0.35708700941726207
9 312.0 0.0 -1.0 -1.0 -1.0 0.0 0.3607379185772643 0.2925924339043123 0.34666964751842366
9 313.0 0.0 -1.0 -1.0 -1.0 0.0 0.33054186361509785 0.3206564594165598 0.3488016769683423
9 314.0 0.0 -1.0 -1.0 -1.0 0.0 0.3536847765798462 0.30880645978870125 0.33750876363145244
9 315.0 0.0 -1.0 -1.0 -1.0 0.0 0.3534497310632 0.286980604352385 0.35956966458441497
9 316.0 0.0 -1.0 -1.0 -1.0 0.0 0.3248292110296822 0.32648350042705215 0.3486872885432657
9 317.0 0.0 -1.0 -1.0 -1.0 0.0 0.3201058031434223 0.3474942910754036 0.33239990578117407
9 318.0 0.0 -1.0 -1.0 -1.0 0.0 0.30874525965829824 0.3900276954397949 0.30122704490190666
9 319.0 0.0 -1.0 -1.0 -1.0 0.0 0.32853387151755575 0.3759302000810989 0.29553592840134524
9 320.0 0.0 -1.0 -1.0 -1.0 0.0 0.34238361115862626 0.3501222730206438 0.30749411582072994
9 321.0 0.0 -1.0 -1.0 -1.0 0.0 0.35355808521320475 0.33264968276338036 0.313792232023415
9 322.0 0.0 -1.0 -1.0 -1.0 0.0 0.35813870576622114 0.32578016322627107 0.3160811310075075
9 323.0 0.0 -1.0 -1.0 -1.0 0.0 0.3608376288126465 0.35050538792436475 0.2886569832629885
9 324.0 0.0 -1.0 -1.0 -1.0 0.0 0.3860841148354583 0.3220907606136874 0.2918251245508542
9 325.0 0.0 -1.0 -1.0 -1.0 0.0 0.33678435679386654 0.3393040521395115 0.32391159106662193
9 326.0 0.0 -1.0 -1.0 -1.0 0.0 0.33133415325669235 0.3425062289815546 0.32615961776175334
9 327.0 0.0 -1.0 -1.0 -1.0 0.0 0.32372408026112964 0.3472342614836817 0.3290416582551887
9 328.0 0.0 -1.0 -1.0 -1.0 0.0 0.3035323557907587 0.3762507757856807 0.32021686842356084
9 329.0 0.0 -1.0 -1.0 -1.0 0.0 0.3232928941743859 0.34463025219198945 0.33207685363362444
9 330.0 0.0 -1.0 -1.0 -1.0 0.0 0.34847518087345114 0.3047315865344135 0.34679323259213546
9 331.0 0.0 -1.0 -1.0 -1.0 0.0 0.35083964252135647 0.313836923630795 0.33532343384784846
9 332.0 0.0 -1.0 -1.0 -1.0 0.0 0.3560098935590144 0.30250606890599874 0.34148403753498685
9 333.0 0.0 -1.0 -1.0 -1.0 0.0 0.3854778743094895 0.282137926052401 0.3323841996381094
9 334.0 0.0 -1.0 -1.0 -1.0 0.0 0.38001636153631596 0.29807458452336894 0.3219090539403151
9 335.0 0.0 -1.0 -1.0 -1.0 0.0 0.376589615797335 0.3243914455258654 0.2990189386767996
9 336.0 0.0 -1.0 -1.0 -1.0 0.0 0.39053969964378404 0.31127229511661914 0.2981880052395967
9 337.0 0.0 -1.0 -1.0 -1.0 0.0 0.3671559526767908 0.3372111597094855 0.29563288761372375
9 338.0 0.0 -1.0 -1.0 -1.0 0.0 0.36156601317765646 0.3425321048800146 0.29590188194232886
9 339.0 0.0 -1.0 -1.0 -1.0 0.0 0.35101876907551544 0.3592113069562339 0.28976992396825074
9 340.0 0.0 -1.0 -1.0 -1.0 0.0 0.3431842153153534 0.36823985475576143 0.2885759299288852
9 341.0 0.0 -1.0 -1.0 -1.0 0.0 0.3505189210987683 0.33713881261577866 0.3123422662854528
9 342.0 0.0 -1.0 -1.0 -1.0 0.0 0.3374256713556482 0.34679880121083057 0.31577552743352094
9 343.0 0.0 -1.0 -1.0 -1.0 0.0 0.34213315476966877 0.3538690371484223 0.3039978080819091
9 344.0 0.0 -1.0 -1.0 -1.0 0.0 0.33723727174318924 0.3358426331865633 0.3269200950702472
9 345.0 0.0 -1.0 -1.0 -1.0 0.0 0.3368288322500469 0.3493319879826472 0.313839179767306
9 346.0 0.0 -1.0 -1.0 -1.0 0.0 0.3433174000207465 0.325738991122463 0.33094360885679025
9 347.0 0.0 -1.0 -1.0 -1.0 0.0 0.36382198648830716 0.3405219715694908 0.2956560419422019
9 348.0 0.0 -1.0 -1.0 -1.0 0.0 0.369619046398854 0.32510896188666466 0.3052719917144814
9 349.0 0.0 -1.0 -1.0 -1.0 0.0 0.3344971049270314 0.34252588002717954 0.3229770150457889
9 350.0 0.0 -1.0 -1.0 -1.0 0.0 0.30688956426899355 0.3553170977019074 0.33779333802909917
9 351.0 0.0 -1.0 -1.0 -1.0 0.0 0.3011212731577669 0.3412776042048037 0.3576011226374291
9 352.0 0.0 -1.0 -1.0 -1.0 0.0 0.30067231623287816 0.3466410109618886 0.35268667280523347
9 353.0 0.0 -1.0 -1.0 -1.0 0.0 0.3017697814649386 0.3520660862987742 0.34616413223628734
9 354.0 0.0 -1.0 -1.0 -1.0 0.0 0.3044545982897357 0.35316555355270873 0.34237984815755546
9 355.0 0.0 -1.0 -1.0 -1.0 0.0 0.29240416548351883 0.37850547756175584 0.32909035695472516
9 356.0 0.0 -1.0 -1.0 -1.0 0.0 0.27972777364072243 0.37350713866443414 0.3467650876948434
9 357.0 0.0 -1.0 -1.0 -1.0 0.0 0.30480181991608174 0.36382812870032616 0.33137005138359205
9 358.0 0.0 -1.0 -1.0 -1.0 0.0 0.3120731191951324 0.336161280337029 0.3517656004678386
9 359.0 0.0 -1.0 -1.0 -1.0 0.0 0.31557108051192917 0.3331564052929862 0.3512725141950846
9 360.0 0.0 -1.0 -1.0 -1.0 0.0 0.31676214049257934 0.32743074611746986 0.35580711338995075
9 361.0 0.0 -1.0 -1.0 -1.0 0.0 0.2886024739293854 0.35462564528125623 0.35677188078935806
9 362.0 0.0 -1.0 -1.0 -1.0 0.0 0.2833092234295264 0.3319421111423658 0.3847486654281078
9 363.0 0.0 -1.0 -1.0 -1.0 0.0 0.2856958949787959 0.31623776386019825 0.3980663411610058
9 364.0 0.0 -1.0 -1.0 -1.0 0.0 0.2963479256602901 0.3330822245272788 0.3705698498124312
9 365.0 0.0 -1.0 -1.0 -1.0 0.0 0.2967827336439211 0.3636960866080047 0.33952117974807444
9 366.0 0.0 -1.0 -1.0 -1.0 0.0 0.31735747719265883 0.3391697668730659 0.34347275593427523
9 367.0 0.0 -1.0 -1.0 -1.0 0.0 0.32147641506472097 0.34103082537932844 0.33749275955595065
9 368.0 0.0 -1.0 -1.0 -1.0 0.0 0.31305670093320365 0.3647740857286719 0.32216921333812465
9 369.0 0.0 -1.0 -1.0 -1.0 0.0 0.3212143072052189 0.37593475023328693 0.30285094256149436
9 370.0 0.0 -1.0 -1.0 -1.0 0.0 0.30911666664576887 0.38443668171504725 0.30644665163918383
9 371.0 0.0 -1.0 -1.0 -1.0 0.0 0.2990286087444192 0.37580093695958117 0.32517045429599956
9 372.0 0.0 -1.0 -1.0 -1.0 0.0 0.30080790332276075 0.3930885954355936 0.3061035012416458
9 373.0 0.0 -1.0 -1.0 -1.0 0.0 0.2893858549977066 0.38349393343860394 0.32712021156368953
9 374.0 0.0 -1.0 -1.0 -1.0 0.0 0.29999342025576853 0.3886014008334366 0.31140517891079506
9 375.0 0.0 -1.0 -1.0 -1.0 0.0 0.3112530549792838 0.3639519233907578 0.32479502162995805
9 376.0 0.0 -1.0 -1.0 -1.0 0.0 0.32945982447027883 0.34884498615939025 0.32169518937033104
9 377.0 0.0 -1.0 -1.0 -1.0 0.0 0.3275881091780352 0.37323821258760814 0.2991736782343566
9 378.0 0.0 -1.0 -1.0 -1.0 0.0 0.3237840450830711 0.3690515972660032 0.3071643576509256
9 379.0 0.0 -1.0 -1.0 -1.0 0.0 0.3315362178324071 0.34642269222895444 0.32204108993863856
9 380.0 0.0 -1.0 -1.0 -1.0 0.0 0.3232974549833853 0.3426436410821882 0.3340589039344263
9 381.0 0.0 -1.0 -1.0 -1.0 0.0 0.3385517207108944 0.3400012068245367 0.32144707246456894
9 382.0 0.0 -1.0 -1.0 -1.0 0.0 0.31457164357040107 0.3506569949626667 0.3347713614669321
9 383.0 0.0 -1.0 -1.0 -1.0 0.0 0.330168176640017 0.3403068793009391 0.3295249440590441
9 384.0 0.0 -1.0 -1.0 -1.0 0.0 0.33229406535566314 0.31867753474764854 0.3490283998966881
9 385.0 0.0 -1.0 -1.0 -1.0 0.0 0.34651625054837687 0.31642900924351913 0.337054740208104
9 386.0 0.0 -1.0 -1.0 -1.0 0.0 0.3205592043919523 0.3206577835786804 0.35878301202936747
9 387.0 0.0 -1.0 -1.0 -1.0 0.0 0.3326487484512214 0.3380984929276463 0.3292527586211323
9 388.0 0.0 -1.0 -1.0 -1.0 0.0 0.31845522718480423 0.33029578546642907 0.351248987348767
9 389.0 0.0 -1.0 -1.0 -1.0 0.0 0.34035336445833453 0.3299762998857223 0.3296703356559431
9 390.0 0.0 -1.0 -1.0 -1.0 0.0 0.37083706948800804 0.30866209983749954 0.32050083067449237
9 391.0 0.0 -1.0 -1.0 -1.0 0.0 0.3599132119640322 0.3243234035294239 0.31576338450654395
9 392.0 0.0 -1.0 -1.0 -1.0 0.0 0.37040494699074544 0.30934674109836036 0.32024831191089426
9 393.0 0.0 -1.0 -1.0 -1.0 0.0 0.3493704200354781 0.30648854797419695 0.3441410319903251
9 394.0 0.0 -1.0 -1.0 -1.0 0.0 0.34593381151004443 0.31489245716883685 0.3391737313211187
9 395.0 0.0 -1.0 -1.0 -1.0 0.0 0.3328939556838694 0.34134837701491777 0.32575766730121297
9 396.0 0.0 -1.0 -1.0 -1.0 0.0 0.33738201537729107 0.33943458535205245 0.3231833992706566
9 397.0 0.0 -1.0 -1.0 -1.0 0.0 0.3156403994214911 0.35721020369711204 0.32714939688139666
9 398.0 0.0 -1.0 -1.0 -1.0 0.0 0.2925364376604556 0.3812056330930396 0.3262579292465046
9 399.0 0.0 -1.0 -1.0 -1.0 0.0 0.320981230143801 0.37463253660267243 0.30438623325352665
9 400.0 0.0 -1.0 -1.0 -1.0 0.0 0.33120972475945065 0.3811302920652875 0.2876599831752618
9 401.0 0.0 -1.0 -1.0 -1.0 0.0 0.33323097374501137 0.35296052568471425 0.31380850057027443
9 402.0 0.0 -1.0 -1.0 -1.0 0.0 0.3281215258678232 0.3638887399811661 0.3079897341510105
9 403.0 0.0 -1.0 -1.0 -1.0 0.0 0.31550985111515706 0.376338333654437 0.308151815230406
9 404.0 0.0 -1.0 -1.0 -1.0 0.0 0.3071245311639732 0.3551841449277168 0.3376913239083099
9 405.0 0.0 -1.0 -1.0 -1.0 0.0 0.2930479615604542 0.34744573324751343 0.35950630519203214
9 406.0 0.0 -1.0 -1.0 -1.0 0.0 0.3002995246690147 0.34216094928615803 0.3575395260448274
9 407.0 0.0 -1.0 -1.0 -1.0 0.0 0.29563705363370835 0.3274048841905692 0.3769580621757223
9 408.0 0.0 -1.0 -1.0 -1.0 0.0 0.2926251934055955 0.3253139996681946 0.3820608069262099
9 409.0 0.0 -1.0 -1.0 -1.0 0.0 0.29990842772127024 0.30732083842859037 0.39277073385013916
9 410.0 0.0 -1.0 -1.0 -1.0 0.0 0.30182315141270455 0.3199485794901009 0.3782282690971945
9 411.0 0.0 -1.0 -1.0 -1.0 0.0 0.33187947692479575 0.2997115096456832 0.3684090134295209
9 412.0 0.0 -1.0 -1.0 -1.0 0.0 0.3076464010288608 0.3137372717121549 0.3786163272589843
9 413.0 0.0 -1.0 -1.0 -1.0 0.0 0.3297960960167174 0.3268698050172983 0.34333409896598416
9 414.0 0.0 -1.0 -1.0 -1.0 0.0 0.34222282740753834 0.3050790112466144 0.3526981613458474
9 415.0 0.0 -1.0 -1.0 -1.0 0.0 0.3448729236634621 0.3194688704819242 0.3356582058546138
9 416.0 0.0 -1.0 -1.0 -1.0 0.0 0.35107726115694626 0.32054963533414044 0.32837310350891336
9 417.0 0.0 -1.0 -1.0 -1.0 0.0 0.30313785551700234 0.37957937801697794 0.3172827664660195
9 418.0 0.0 -1.0 -1.0 -1.0 0.0 0.33342703147527 0.36357080804661884 0.3030021604781112
9 419.0 0.0 -1.0 -1.0 -1.0 0.0 0.32667320957944335 0.3437063233551287 0.3296204670654281
9 420.0 0.0 -1.0 -1.0 -1.0 0.0 0.3295836112377639 0.3484316009574486 0.32198478780478773
9 421.0 0.0 -1.0 -1.0 -1.0 0.0 0.34052312561535764 0.3277563338746934 0.33172054050994876
9 422.0 0.0 -1.0 -1.0 -1.0 0.0 0.3495291303997019 0.29029376493417813 0.36017710466611974
9 423.0 0.0 -1.0 -1.0 -1.0 0.0 0.3477736628671979 0.30048628907119596 0.35174004806160625
9 424.0 0.0 -1.0 -1.0 -1.0 0.0 0.34417980289127803 0.314521886385418 0.34129831072330397
9 425.0 0.0 -1.0 -1.0 -1.0 0.0 0.3278786203705908 0.3253826668606202 0.34673871276878915
9 426.0 0.0 -1.0 -1.0 -1.0 0.0 0.31283194612621573 0.3506859094173479 0.33648214445643654
9 427.0 0.0 -1.0 -1.0 -1.0 0.0 0.3214216461441407 0.32302510388644634 0.3555532499694128
9 428.0 0.0 -1.0 -1.0 -1.0 0.0 0.34153828335242387 0.29496080958025206 0.363500907067324
9 429.0 0.0 -1.0 -1.0 -1.0 0.0 0.3405508325242171 0.3116374126618545 0.34781175481392834
9 430.0 0.0 -1.0 -1.0 -1.0 0.0 0.3306352076368651 0.34241257927239926 0.3269522130907356
9 431.0 0.0 -1.0 -1.0 -1.0 0.0 0.34457194383894835 0.30981801260679104 0.3456100435542606
9 432.0 0.0 -1.0 -1.0 -1.0 0.0 0.344831887269066 0.33063209267585786 0.32453602005507604
9 433.0 0.0 -1.0 -1.0 -1.0 0.0 0.3214112293982009 0.33928610675138976 0.3393026638504095
9 434.0 0.0 -1.0 -1.0 -1.0 0.0 0.2890347019029596 0.3394823759411225 0.3714829221559177
9 435.0 0.0 -1.0 -1.0 -1.0 0.0 0.30281076249571315 0.342270447712216 0.35491878979207087
9 436.0 0.0 -1.0 -1.0 -1.0 0.0 0.3061356176610628 0.36649192617179027 0.3273724561671467
9 437.0 0.0 -1.0 -1.0 -1.0 0.0 0.3141149125744539 0.3437299118126924 0.3421551756128536
9 438.0 0.0 -1.0 -1.0 -1.0 0.0 0.32232655111188135 0.32954917261592803 0.3481242762721905
9 439.0 0.0 -1.0 -1.0 -1.0 0.0 0.33033334505410517 0.3147461468969645 0.3549205080489305
9 440.0 0.0 -1.0 -1.0 -1.0 0.0 0.34162683218740564 0.3318264234745311 0.32654674433806347
9 441.0 0.0 -1.0 -1.0 -1.0 0.0 0.3445354335705806 0.33747564947523656 0.31798891695418274
9 442.0 0.0 -1.0 -1.0 -1.0 0.0 0.34866260683029593 0.3237808669360245 0.3275565262336797
9 443.0 0.0 -1.0 -1.0 -1.0 0.0 0.3496943839251612 0.342289441916331 0.3080161741585078
9 444.0 0.0 -1.0 -1.0 -1.0 0.0 0.3578446041364017 0.3441219851794899 0.29803341068410816
9 445.0 0.0 -1.0 -1.0 -1.0 0.0 0.3658198644312549 0.33130764407052465 0.30287249149822043
9 446.0 0.0 -1.0 -1.0 -1.0 0.0 0.34816189475166737 0.3407962827987654 0.3110418224495673
9 447.0 0.0 -1.0 -1.0 -1.0 0.0 0.3380644046057283 0.3240146683359235 0.3379209270583482
9 448.0 0.0 -1.0 -1.0 -1.0 0.0 0.3336312513498337 0.31760502589887635 0.3487637227512902
9 449.0 0.0 -1.0 -1.0 -1.0 0.0 0.3299291275403307 0.3145837320879975 0.3554871403716718
9 450.0 0.0 -1.0 -1.0 -1.0 0.0 0.32735570317398777 0.30777527444591096 0.3648690223801011
9 451.0 0.0 -1.0 -1.0 -1.0 0.0 0.3430585259947064 0.3075622463918546 0.34937922761343887
9 452.0 0.0 -1.0 -1.0 -1.0 0.0 0.34607708869384424 0.33512776455018334 0.31879514675597237
9 453.0 0.0 -1.0 -1.0 -1.0 0.0 0.3330680580962311 0.3349252537881862 0.3320066881155826
9 454.0 0.0 -1.0 -1.0 -1.0 0.0 0.3305072075744956 0.3267838425406315 0.3427089498848727
9 455.0 0.0 -1.0 -1.0 -1.0 0.0 0.3257256352725561 0.3195873774678788 0.35468698725956477
9 456.0 0.0 -1.0 -1.0 -1.0 0.0 0.35243771125197787 0.3101356295032655 0.3374266592447567
9 457.0 0.0 -1.0 -1.0 -1.0 0.0 0.3617795351513625 0.3169105134074751 0.3213099514411625
9 458.0 0.0 -1.0 -1.0 -1.0 0.0 0.3671147819949771 0.30229552708130814 0.33058969092371476
9 459.0 0.0 -1.0 -1.0 -1.0 0.0 0.3381368710299484 0.3098965925755291 0.35196653639452263
9 460.0 0.0 -1.0 -1.0 -1.0 0.0 0.3418406090742987 0.3135165027343642 0.34464288819133704
9 461.0 0.0 -1.0 -1.0 -1.0 0.0 0.3662044947182239 0.30115926477465754 0.3326362405071185
9 462.0 0.0 -1.0 -1.0 -1.0 0.0 0.3745844332163669 0.2897967185064194 0.33561884827721367
9 463.0 0.0 -1.0 -1.0 -1.0 0.0 0.33788693436254397 0.3188807019095911 0.3432323637278649
9 464.0 0.0 -1.0 -1.0 -1.0 0.0 0.33535988559714747 0.30530259815609073 0.35933751624676147
9 465.0 0.0 -1.0 -1.0 -1.0 0.0 0.32136148374431045 0.30375449655900083 0.37488401969668883
9 466.0 0.0 -1.0 -1.0 -1.0 0.0 0.33152806265110235 0.31508723482847695 0.35338470252042065
9 467.0 0.0 -1.0 -1.0 -1.0 0.0 0.34639707628765765 0.3126093242458871 0.3409935994664552
9 468.0 0.0 -1.0 -1.0 -1.0 0.0 0.32850389750208 0.3247632317146341 0.34673287078328596
9 469.0 0.0 -1.0 -1.0 -1.0 0.0 0.32811564514866143 0.32647727081209177 0.34540708403924697
9 470.0 0.0 -1.0 -1.0 -1.0 0.0 0.3081105760254388 0.3265820916614057 0.36530733231315543
9 471.0 0.0 -1.0 -1.0 -1.0 0.0 0.30881826736297663 0.3227237229674996 0.36845800966952397
9 472.0 0.0 -1.0 -1.0 -1.0 0.0 0.3153437766123764 0.318497054514158 0.36615916887346567
9 473.0 0.0 -1.0 -1.0 -1.0 0.0 0.33590637848261484 0.31057768061178975 0.35351594090559485
9 474.0 0.0 -1.0 -1.0 -1.0 0.0 0.31511121985846713 0.30543841766058666 0.37945036248094616
9 475.0 0.0 -1.0 -1.0 -1.0 0.0 0.30828809319003003 0.32432517267680827 0.3673867341331615
9 476.0 0.0 -1.0 -1.0 -1.0 0.0 0.31383687032057134 0.3355040463267991 0.35065908335262946
9 477.0 0.0 -1.0 -1.0 -1.0 0.0 0.31343898252780267 0.33426425174903507 0.3522967657231625
9 478.0 0.0 -1.0 -1.0 -1.0 0.0 0.30790857358038404 0.34636763049272173 0.3457237959268942
9 479.0 0.0 -1.0 -1.0 -1.0 0.0 0.32734334868706993 0.3412937972512565 0.33136285406167365
9 480.0 0.0 -1.0 -1.0 -1.0 0.0 0.3218370412422529 0.3289451447984306 0.34921781395931667
9 481.0 0.0 -1.0 -1.0 -1.0 0.0 0.32964553776178235 0.31149402508262836 0.3588604371555891
9 482.0 0.0 -1.0 -1.0 -1.0 0.0 0.3116981942211664 0.33779926265206905 0.3505025431267646
9 483.0 0.0 -1.0 -1.0 -1.0 0.0 0.3268665559433854 0.36566446444177386 0.3074689796148405
9 484.0 0.0 -1.0 -1.0 -1.0 0.0 0.3205791877900591 0.39242890852398327 0.2869919036859577
9 485.0 0.0 -1.0 -1.0 -1.0 0.0 0.31778948435691307 0.37815273633035473 0.3040577793127322
9 486.0 0.0 -1.0 -1.0 -1.0 0.0 0.3214942629963434 0.339277876169165 0.3392278608344913
9 487.0 0.0 -1.0 -1.0 -1.0 0.0 0.32081903821038593 0.3220816093493882 0.35709935244022584
9 488.0 0.0 -1.0 -1.0 -1.0 0.0 0.3232662330762032 0.30380188942564734 0.3729318774981493
9 489.0 0.0 -1.0 -1.0 -1.0 0.0 0.3216437345141781 0.32501381537515317 0.3533424501106686
9 490.0 0.0 -1.0 -1.0 -1.0 0.0 0.3367579127810678 0.3197719808353755 0.3434701063835567
9 491.0 0.0 -1.0 -1.0 -1.0 0.0 0.3205577385763733 0.31168723892409295 0.36775502249953346
9 492.0 0.0 -1.0 -1.0 -1.0 0.0 0.32651976206669514 0.3180085621878726 0.3554716757454321
9 493.0 0.0 -1.0 -1.0 -1.0 0.0 0.3569123768821739 0.30802149710257043 0.3350661260152556
9 494.0 0.0 -1.0 -1.0 -1.0 0.0 0.32782322579761247 0.30984451896406545 0.3623322552383224
9 495.0 0.0 -1.0 -1.0 -1.0 0.0 0.3363621362104458 0.29139776045443727 0.3722401033351171
9 496.0 0.0 -1.0 -1.0 -1.0 0.0 0.3618363682085732 0.26810455313176995 0.370059078659657
9 497.0 0.0 -1.0 -1.0 -1.0 0.0 0.36681217592507237 0.26311554745089377 0.37007227662403375
9 498.0 0.0 -1.0 -1.0 -1.0 0.0 0.34290358600263915 0.2703081262027861 0.38678828779457497
9 499.0 0.0 -1.0 -1.0 -1.0 0.0 0.3602236092391267 0.26825046705473526 0.37152592370613796
9 500.0 0.0 -1.0 -1.0 -1.0 0.0 0.36793883348311424 0.2914842702049302 0.3405768963119557
9 501.0 0.0 -1.0 -1.0 -1.0 0.0 0.34889052247160357 0.30078508558196215 0.3503243919464341
9 502.0 0.0 -1.0 -1.0 -1.0 0.0 0.3419195459850258 0.31666099536208564 0.34141945865288875
9 503.0 0.0 -1.0 -1.0 -1.0 0.0 0.3452853755790112 0.3006088968881274 0.35410572753286135
9 504.0 0.0 -1.0 -1.0 -1.0 0.0 0.3554937234626282 0.29440156162272385 0.3501047149146479
9 505.0 0.0 -1.0 -1.0 -1.0 0.0 0.36267297260516307 0.33134373649392357 0.30598329090091303
9 506.0 0.0 -1.0 -1.0 -1.0 0.0 0.3792106998122069 0.30412335836990434 0.31666594181788854
9 507.0 0.0 -1.0 -1.0 -1.0 0.0 0.39779276190914375 0.29929020157494357 0.3029170365159127
9 508.0 0.0 -1.0 -1.0 -1.0 0.0 0.3795335462390122 0.32043055656400377 0.30003589719698387
9 509.0 0.0 -1.0 -1.0 -1.0 0.0 0.3890814747018096 0.30913567042751855 0.301782854870672
9 510.0 0.0 -1.0 -1.0 -1.0 0.0 0.39576544899156785 0.28299559515185707 0.32123895585657514
9 511.0 0.0 -1.0 -1.0 -1.0 0.0 0.373030610802917 0.28953875497065934 0.33743063422642366
9 512.0 0.0 -1.0 -1.0 -1.0 0.0 0.36996841028661703 0.29146057041779705 0.3385710192955857
9 513.0 0.0 -1.0 -1.0 -1.0 0.0 0.3606073018240377 0.26712697155129367 0.3722657266246685
9 514.0 0.0 -1.0 -1.0 -1.0 0.0 0.35874482781774397 0.273416356681497 0.3678388155007591
9 515.0 0.0 -1.0 -1.0 -1.0 0.0 0.3442244130522625 0.2833436776773287 0.3724319092704084
9 516.0 0.0 -1.0 -1.0 -1.0 0.0 0.3482302020882023 0.2811002654208394 0.3706695324909585
9 517.0 0.0 -1.0 -1.0 -1.0 0.0 0.35156530081523046 0.31158011510648126 0.33685458407828833
9 518.0 0.0 -1.0 -1.0 -1.0 0.0 0.36818701292285383 0.305411314225965 0.3264016728511813
9 519.0 0.0 -1.0 -1.0 -1.0 0.0 0.3514961875919995 0.31584867234954955 0.33265514005845065
9 520.0 0.0 -1.0 -1.0 -1.0 0.0 0.36450638906404254 0.3057802107607478 0.32971340017520967
9 521.0 0.0 -1.0 -1.0 -1.0 0.0 0.3582975088780442 0.3108093943724626 0.33089309674949335
9 522.0 0.0 -1.0 -1.0 -1.0 0.0 0.3306125924645091 0.32755558924642997 0.34183181828906123
9 523.0 0.0 -1.0 -1.0 -1.0 0.0 0.3248824088685724 0.31083641678086676 0.36428117435056073
9 524.0 0.0 -1.0 -1.0 -1.0 0.0 0.3136648592438333 0.2906515350085105 0.3956836057476563
9 525.0 0.0 -1.0 -1.0 -1.0 0.0 0.31202966880938354 0.2948560472643339 0.3931142839262824
9 526.0 0.0 -1.0 -1.0 -1.0 0.0 0.2683404662766273 0.3393107248990111 0.39234880882436196
9 527.0 0.0 -1.0 -1.0 -1.0 0.0 0.2893085336452811 0.34175929738187655 0.3689321689728425
9 528.0 0.0 -1.0 -1.0 -1.0 0.0 0.3211238434017084 0.3296425903067785 0.34923356629151314
9 529.0 0.0 -1.0 -1.0 -1.0 0.0 0.3379372750064183 0.3305216922197114 0.33154103277387054
9 530.0 0.0 -1.0 -1.0 -1.0 0.0 0.32194804984968856 0.3373858208669516 0.3406661292833599
9 531.0 0.0 -1.0 -1.0 -1.0 0.0 0.35053519533978267 0.2945905888085754 0.35487421585164164
9 532.0 0.0 -1.0 -1.0 -1.0 0.0 0.3429819684333401 0.29031667817020596 0.36670135339645393
9 533.0 0.0 -1.0 -1.0 -1.0 0.0 0.3399839766122653 0.3337007314831807 0.32631529190455355
9 534.0 0.0 -1.0 -1.0 -1.0 0.0 0.35353962457272203 0.3252757276087369 0.32118464781854117
9 535.0 0.0 -1.0 -1.0 -1.0 0.0 0.3637007795097832 0.3172420096725818 0.31905721081763483
9 536.0 0.0 -1.0 -1.0 -1.0 0.0 0.36621286796935837 0.32227567535864027 0.31151145667200125
9 537.0 0.0 -1.0 -1.0 -1.0 0.0 0.3792347468476048 0.29201717968796226 0.3287480734644332
9 538.0 0.0 -1.0 -1.0 -1.0 0.0 0.3520215460953018 0.29119125679556385 0.3567871971091342
9 539.0 0.0 -1.0 -1.0 -1.0 0.0 0.35019946307617567 0.30281125180312296 0.3469892851207013
9 540.0 0.0 -1.0 -1.0 -1.0 0.0 0.36398207516391573 0.3093295188589477 0.3266884059771364
9 541.0 0.0 -1.0 -1.0 -1.0 0.0 0.3327663629206499 0.3208744604299863 0.34635917664936366
9 542.0 0.0 -1.0 -1.0 -1.0 0.0 0.3034244898715976 0.3261484044395222 0.3704271056888801
9 543.0 0.0 -1.0 -1.0 -1.0 0.0 0.30156249474203817 0.3019126088492063 0.3965248964087555
9 544.0 0.0 -1.0 -1.0 -1.0 0.0 0.31672639519604845 0.27067306571294303 0.41260053909100824
9 545.0 0.0 -1.0 -1.0 -1.0 0.0 0.3254831880717884 0.2919135784263437 0.3826032335018678
9 546.0 0.0 -1.0 -1.0 -1.0 0.0 0.29926128219899667 0.326918255318635 0.37382046248236833
9 547.0 0.0 -1.0 -1.0 -1.0 0.0 0.3039826240910779 0.30503184518376586 0.3909855307251562
9 548.0 0.0 -1.0 -1.0 -1.0 0.0 0.2861895040010732 0.3184271601534544 0.3953833358454722
9 549.0 0.0 -1.0 -1.0 -1.0 0.0 0.293646416837091 0.3322177889220352 0.37413579424087406
9 550.0 0.0 -1.0 -1.0 -1.0 0.0 0.29050820826901275 0.32610387242395583 0.38338791930703153
9 551.0 0.0 -1.0 -1.0 -1.0 0.0 0.32206266853395205 0.34879355559719777 0.32914377586885024
9 552.0 0.0 -1.0 -1.0 -1.0 0.0 0.3270236544500926 0.33094452944500186 0.3420318161049054
9 553.0 0.0 -1.0 -1.0 -1.0 0.0 0.3363160121963565 0.34040586637453835 0.3232781214291049
9 554.0 0.0 -1.0 -1.0 -1.0 0.0 0.35508597127576036 0.34431503539294517 0.30059899333129475
9 555.0 0.0 -1.0 -1.0 -1.0 0.0 0.34196045011135934 0.3790860163413505 0.2789535335472902
9 556.0 0.0 -1.0 -1.0 -1.0 0.0 0.3648630045944932 0.35663245131653737 0.27850454408896963
9 557.0 0.0 -1.0 -1.0 -1.0 0.0 0.3432460194757837 0.3536565454096438 0.3030974351145722
9 558.0 0.0 -1.0 -1.0 -1.0 0.0 0.33669357712521025 0.3408071575139913 0.32249926536079854
9 559.0 0.0 -1.0 -1.0 -1.0 0.0 0.3420308293502527 0.3290442111178725 0.3289249595318747
9 560.0 0.0 -1.0 -1.0 -1.0 0.0 0.3152167005855258 0.33488238646065255 0.34990091295382164
9 561.0 0.0 -1.0 -1.0 -1.0 0.0 0.3103356693094054 0.3459369018859668 0.34372742880462787
9 562.0 0.0 -1.0 -1.0 -1.0 0.0 0.30359868643661975 0.3465586891682853 0.3498426243950947
9 563.0 0.0 -1.0 -1.0 -1.0 0.0 0.31702156047606167 0.34604327161427884 0.33693516790965944
9 564.0 0.0 -1.0 -1.0 -1.0 0.0 0.3222300467689301 0.364907497965916 0.3128624552651539
9 565.0 0.0 -1.0 -1.0 -1.0 0.0 0.33423113379031105 0.3518793563919664 0.31388950981772257
9 566.0 0.0 -1.0 -1.0 -1.0 0.0 0.3357778599296383 0.3321728232592255 0.3320493168111362
9 567.0 0.0 -1.0 -1.0 -1.0 0.0 0.34411643528496144 0.32286775952039926 0.33301580519463925
9 568.0 0.0 -1.0 -1.0 -1.0 0.0 0.3354464926411599 0.3728071459067618 0.2917463614520783
9 569.0 0.0 -1.0 -1.0 -1.0 0.0 0.32199042553621104 0.3992137091635221 0.2787958653002669
9 570.0 0.0 -1.0 -1.0 -1.0 0.0 0.3220440248244205 0.40742822348987595 0.27052775168570387
9 571.0 0.0 -1.0 -1.0 -1.0 0.0 0.32633208488240106 0.3799747854953142 0.2936931296222847
9 572.0 0.0 -1.0 -1.0 -1.0 0.0 0.3195151365991381 0.3768426114842029 0.3036422519166593
9 573.0 0.0 -1.0 -1.0 -1.0 0.0 0.3071656404080563 0.3581597122664302 0.3346746473255137
9 574.0 0.0 -1.0 -1.0 -1.0 0.0 0.353064258711019 0.34033884237527234 0.3065968989137087
9 575.0 0.0 -1.0 -1.0 -1.0 0.0 0.3246767210221296 0.3568377170221639 0.3184855619557067
9 576.0 0.0 -1.0 -1.0 -1.0 0.0 0.3228604351621843 0.3527506013884277 0.3243889634493879
9 577.0 0.0 -1.0 -1.0 -1.0 0.0 0.31486722998910066 0.3552542753454916 0.3298784946654078
9 578.0 0.0 -1.0 -1.0 -1.0 0.0 0.33148226746269016 0.34594237583745213 0.322575356699858
9 579.0 0.0 -1.0 -1.0 -1.0 0.0 0.3418988053754734 0.33177535458282487 0.3263258400417018
9 580.0 0.0 -1.0 -1.0 -1.0 0.0 0.34026111504077067 0.3254223766630578 0.3343165082961716
9 581.0 0.0 -1.0 -1.0 -1.0 0.0 0.34453361013056655 0.3409580425727254 0.3145083472967079
9 582.0 0.0 -1.0 -1.0 -1.0 0.0 0.3466921541531392 0.35443681593041687 0.2988710299164439
9 583.0 0.0 -1.0 -1.0 -1.0 0.0 0.3788946782570867 0.3184170193383256 0.3026883024045878
9 584.0 0.0 -1.0 -1.0 -1.0 0.0 0.35812399232042536 0.32048780247254754 0.3213882052070271
9 585.0 0.0 -1.0 -1.0 -1.0 0.0 0.35010629201830634 0.3143506092284359 0.33554309875325766
9 586.0 0.0 -1.0 -1.0 -1.0 0.0 0.35882111623237445 0.3285297064350909 0.31264917733253506
9 587.0 0.0 -1.0 -1.0 -1.0 0.0 0.34178366668947674 0.32083637466860343 0.3373799586419199
9 588.0 0.0 -1.0 -1.0 -1.0 0.0 0.34955460202964383 0.32424981311691065 0.32619558485344513
9 589.0 0.0 -1.0 -1.0 -1.0 0.0 0.353500567760459 0.3382989462786248 0.3082004859609159
9 590.0 0.0 -1.0 -1.0 -1.0 0.0 0.3562281976454348 0.3288590915958327 0.31491271075873223
9 591.0 0.0 -1.0 -1.0 -1.0 0.0 0.35361806092416825 0.32548298852790486 0.3208989505479268
9 592.0 0.0 -1.0 -1.0 -1.0 0.0 0.34241227015320397 0.34206377932003873 0.31552395052675736
9 593.0 0.0 -1.0 -1.0 -1.0 0.0 0.32381696123452364 0.34240180283984434 0.3337812359256321
9 594.0 0.0 -1.0 -1.0 -1.0 0.0 0.358165996598494 0.34671592614948005 0.2951180772520261
9 595.0 0.0 -1.0 -1.0 -1.0 0.0 0.35506512075001284 0.3105331889152954 0.3344016903346916
9 596.0 0.0 -1.0 -1.0 -1.0 0.0 0.3536777164173459 0.317443455843294 0.32887882773935995
9 597.0 0.0 -1.0 -1.0 -1.0 0.0 0.31391658164853564 0.346624358171732 0.3394590601797326
9 598.0 0.0 -1.0 -1.0 -1.0 0.0 0.30300206863214457 0.3503635756971811 0.34663435567067424
9 599.0 0.0 -1.0 -1.0 -1.0 0.0 0.31903572725175516 0.35675628828826667 0.32420798445997817
9 600.0 0.0 -1.0 -1.0 -1.0 0.0 0.3262442959421843 0.33667162125348293 0.33708408280433244
9 601.0 0.0 -1.0 -1.0 -1.0 0.0 0.3180484464812962 0.34481376611427556 0.3371377874044284
9 602.0 0.0 -1.0 -1.0 -1.0 0.0 0.32410555298306176 0.33213713733999334 0.34375730967694473
9 603.0 0.0 -1.0 -1.0 -1.0 0.0 0.31270912258593236 0.3318758159821302 0.3554150614319375
9 604.0 0.0 -1.0 -1.0 -1.0 0.0 0.30730058915332686 0.3345841329371344 0.3581152779095386
9 605.0 0.0 -1.0 -1.0 -1.0 0.0 0.3267638516728757 0.337271881060875 0.3359642672662493
9 606.0 0.0 -1.0 -1.0 -1.0 0.0 0.3112976222409232 0.3289637835196399 0.35973859423943716
9 607.0 0.0 -1.0 -1.0 -1.0 0.0 0.32584369810762653 0.3219371018555284 0.35221920003684537
9 608.0 0.0 -1.0 -1.0 -1.0 0.0 0.3173253691393507 0.3249545942007601 0.357720036659889
9 609.0 0.0 -1.0 -1.0 -1.0 0.0 0.31698877117520263 0.32710094256069594 0.3559102862641016
9 610.0 0.0 -1.0 -1.0 -1.0 0.0 0.33929899273220043 0.31900954556897565 0.34169146169882386
9 611.0 0.0 -1.0 -1.0 -1.0 0.0 0.35214360426914815 0.3216901813974853 0.3261662143333664
9 612.0 0.0 -1.0 -1.0 -1.0 0.0 0.35144223055817436 0.32623242689545234 0.32232534254637313
9 613.0 0.0 -1.0 -1.0 -1.0 0.0 0.32880837940632895 0.3309550412464954 0.34023657934717555
9 614.0 0.0 -1.0 -1.0 -1.0 0.0 0.320409135608796 0.3381729499461901 0.341417914445014
9 615.0 0.0 -1.0 -1.0 -1.0 0.0 0.34462560550723254 0.3181597005709476 0.33721469392181974
9 616.0 0.0 -1.0 -1.0 -1.0 0.0 0.3499878398197577 0.3131571559835838 0.3368550041966587
9 617.0 0.0 -1.0 -1.0 -1.0 0.0 0.30408285941142504 0.3369402188330738 0.3589769217555011
9 618.0 0.0 -1.0 -1.0 -1.0 0.0 0.28738181349745484 0.35449802426838084 0.35812016223416443
9 619.0 0.0 -1.0 -1.0 -1.0 0.0 0.3196353933285369 0.3540740248697929 0.3262905818016702
9 620.0 0.0 -1.0 -1.0 -1.0 0.0 0.32637675812333616 0.32988260211238973 0.3437406397642739
9 621.0 0.0 -1.0 -1.0 -1.0 0.0 0.34337850314575874 0.3232460858196136 0.3333754110346275
9 622.0 0.0 -1.0 -1.0 -1.0 0.0 0.31748215668418855 0.31680928367750844 0.36570855963830307
9 623.0 0.0 -1.0 -1.0 -1.0 0.0 0.3123258180519485 0.3287916387448553 0.358882543203196
9 624.0 0.0 -1.0 -1.0 -1.0 0.0 0.31985665446601674 0.31660261598322414 0.3635407295507593
9 625.0 0.0 -1.0 -1.0 -1.0 0.0 0.321018931415783 0.3383720088983119 0.34060905968590477
9 626.0 0.0 -1.0 -1.0 -1.0 0.0 0.33192753891970594 0.3544732451594114 0.3135992159208825
9 627.0 0.0 -1.0 -1.0 -1.0 0.0 0.3259370819837447 0.3646641395449327 0.30939877847132263
9 628.0 0.0 -1.0 -1.0 -1.0 0.0 0.3311430925044394 0.3489376947308153 0.3199192127647455
9 629.0 0.0 -1.0 -1.0 -1.0 0.0 0.3209368452119737 0.3474239070654294 0.33163924772259695
9 630.0 0.0 -1.0 -1.0 -1.0 0.0 0.3502787658408456 0.32637814365249307 0.32334309050666155
9 631.0 0.0 -1.0 -1.0 -1.0 0.0 0.3466646155169801 0.31953531740119234 0.3338000670818277
9 632.0 0.0 -1.0 -1.0 -1.0 0.0 0.35579740798100823 0.31057012083521934 0.33363247118377254
9 633.0 0.0 -1.0 -1.0 -1.0 0.0 0.3600744871813303 0.2999554500746379 0.33997006274403196
9 634.0 0.0 -1.0 -1.0 -1.0 0.0 0.36614339506576044 0.30336997327230886 0.33048663166193054
9 635.0 0.0 -1.0 -1.0 -1.0 0.0 0.3370270028611913 0.32001072148085213 0.3429622756579566
9 636.0 0.0 -1.0 -1.0 -1.0 0.0 0.366233421130144 0.30221924616977947 0.33154733270007664
9 637.0 0.0 -1.0 -1.0 -1.0 0.0 0.33798322367653905 0.3342184337222354 0.32779834260122587
9 638.0 0.0 -1.0 -1.0 -1.0 0.0 0.3366370457482562 0.32847853996536247 0.3348844142863813
9 639.0 0.0 -1.0 -1.0 -1.0 0.0 0.33212311072341977 0.35152236276854 0.31635452650804036
9 640.0 0.0 -1.0 -1.0 -1.0 0.0 0.37445774846018925 0.3333170140182738 0.2922252375215366
9 641.0 0.0 -1.0 -1.0 -1.0 0.0 0.35638158203941855 0.35231007133155556 0.29130834662902577
9 642.0 0.0 -1.0 -1.0 -1.0 0.0 0.3510223357962011 0.34652017005155444 0.3024574941522443
9 643.0 0.0 -1.0 -1.0 -1.0 0.0 0.3369848189097474 0.3492654853263922 0.31374969576386036
9 644.0 0.0 -1.0 -1.0 -1.0 0.0 0.3051825328671777 0.3656063020328781 0.32921116509994436
9 645.0 0.0 -1.0 -1.0 -1.0 0.0 0.30185044637998776 0.37007817599269816 0.3280713776273141
9 646.0 0.0 -1.0 -1.0 -1.0 0.0 0.293025700771074 0.3861401774407578 0.32083412178816834
9 647.0 0.0 -1.0 -1.0 -1.0 0.0 0.3083545711166629 0.36884029107345123 0.3228051378098858
9 648.0 0.0 -1.0 -1.0 -1.0 0.0 0.33132001334820854 0.33602736250402365 0.3326526241477679
9 649.0 0.0 -1.0 -1.0 -1.0 0.0 0.3378773027220191 0.33251449723909127 0.32960820003888947
9 650.0 0.0 -1.0 -1.0 -1.0 0.0 0.3749454542307882 0.31129073316147066 0.31376381260774105
9 651.0 0.0 -1.0 -1.0 -1.0 0.0 0.3802462443960409 0.30021200154665445 0.3195417540573049
9 652.0 0.0 -1.0 -1.0 -1.0 0.0 0.3645299015207519 0.3091882369574218 0.32628186152182637
9 653.0 0.0 -1.0 -1.0 -1.0 0.0 0.35500210229810525 0.31063356046192586 0.3343643372399688
9 654.0 0.0 -1.0 -1.0 -1.0 0.0 0.3341353521054783 0.33403941007792426 0.33182523781659723
9 655.0 0.0 -1.0 -1.0 -1.0 0.0 0.35680493603227864 0.34318879436802524 0.300006269599696
9 656.0 0.0 -1.0 -1.0 -1.0 0.0 0.3486735168345455 0.33490410848419694 0.3164223746812574
9 657.0 0.0 -1.0 -1.0 -1.0 0.0 0.35000537318088726 0.3330621730321588 0.31693245378695367
9 658.0 0.0 -1.0 -1.0 -1.0 0.0 0.3527362680903218 0.3318564144385538 0.3154073174711245
9 659.0 0.0 -1.0 -1.0 -1.0 0.0 0.3605033483254135 0.3270395709715277 0.31245708070305883
9 660.0 0.0 -1.0 -1.0 -1.0 0.0 0.35976308261371703 0.33159740932089254 0.30863950806539053
9 661.0 0.0 -1.0 -1.0 -1.0 0.0 0.37452380730448664 0.31142097951354797 0.3140552131819653
9 662.0 0.0 -1.0 -1.0 -1.0 0.0 0.3444339869092082 0.3241691072720469 0.33139690581874476
9 663.0 0.0 -1.0 -1.0 -1.0 0.0 0.3471491897168834 0.3158576314101811 0.33699317887293584
9 664.0 0.0 -1.0 -1.0 -1.0 0.0 0.3280426649730073 0.32997607934866335 0.34198125567832915
9 665.0 0.0 -1.0 -1.0 -1.0 0.0 0.3422648448273546 0.3295356346313741 0.3281995205412713
9 666.0 0.0 -1.0 -1.0 -1.0 0.0 0.3266204919990101 0.34731134024237503 0.32606816775861475
9 667.0 0.0 -1.0 -1.0 -1.0 0.0 0.31773578971355587 0.3513625027682013 0.33090170751824277
9 668.0 0.0 -1.0 -1.0 -1.0 0.0 0.34058250203606527 0.34435313614084834 0.3150643618230865
9 669.0 0.0 -1.0 -1.0 -1.0 0.0 0.3050784355733718 0.3455742022887891 0.3493473621378389
9 670.0 0.0 -1.0 -1.0 -1.0 0.0 0.3024780313852107 0.3424715814671556 0.3550503871476336
9 671.0 0.0 -1.0 -1.0 -1.0 0.0 0.29895628087745857 0.34041304301693154 0.36063067610561006
9 672.0 0.0 -1.0 -1.0 -1.0 0.0 0.275447838051782 0.3651353709246639 0.35941679102355406
9 673.0 0.0 -1.0 -1.0 -1.0 0.0 0.28427376956477696 0.37986016887796253 0.3358660615572602
9 674.0 0.0 -1.0 -1.0 -1.0 0.0 0.3075250052333882 0.36806740736005783 0.32440758740655384
9 675.0 0.0 -1.0 -1.0 -1.0 0.0 0.328026652749173 0.350999027816068 0.3209743194347592
9 676.0 0.0 -1.0 -1.0 -1.0 0.0 0.36359900298032116 0.3277057865633919 0.3086952104562868
9 677.0 0.0 -1.0 -1.0 -1.0 0.0 0.36364912059810856 0.35116514238228336 0.285185737019608
9 678.0 0.0 -1.0 -1.0 -1.0 0.0 0.3343376584328673 0.3626533780605891 0.30300896350654344
9 679.0 0.0 -1.0 -1.0 -1.0 0.0 0.3291337916646778 0.3556834347939055 0.3151827735414167
9 680.0 0.0 -1.0 -1.0 -1.0 0.0 0.34391515162363795 0.34876049107936963 0.3073243572969925
9 681.0 0.0 -1.0 -1.0 -1.0 0.0 0.35287299545897566 0.3519061379411578 0.2952208665998663
9 682.0 0.0 -1.0 -1.0 -1.0 0.0 0.3942404106315129 0.30431388434323625 0.30144570502525114
9 683.0 0.0 -1.0 -1.0 -1.0 0.0 0.3497722551161854 0.3276269681678473 0.3226007767159672
9 684.0 0.0 -1.0 -1.0 -1.0 0.0 0.32607528429030774 0.3545619359494899 0.3193627797602026
9 685.0 0.0 -1.0 -1.0 -1.0 0.0 0.32701708309082606 0.3357876329486198 0.3371952839605543
9 686.0 0.0 -1.0 -1.0 -1.0 0.0 0.3256217914707667 0.328747536659905 0.345630671869328
9 687.0 0.0 -1.0 -1.0 -1.0 0.0 0.3242206301052471 0.3249807718092202 0.3507985980855328
9 688.0 0.0 -1.0 -1.0 -1.0 0.0 0.31332661363788267 0.3192118397939393 0.36746154656817814
9 689.0 0.0 -1.0 -1.0 -1.0 0.0 0.3329235161613039 0.32623823691747666 0.3408382469212195
9 690.0 0.0 -1.0 -1.0 -1.0 0.0 0.33949490478937205 0.3229800198720229 0.33752507533860515
9 691.0 0.0 -1.0 -1.0 -1.0 0.0 0.33670557171621107 0.34005105144601755 0.3232433768377716
9 692.0 0.0 -1.0 -1.0 -1.0 0.0 0.35741013492193174 0.309893547124605 0.33269631795346316
9 693.0 0.0 -1.0 -1.0 -1.0 0.0 0.3472573870215405 0.31456974210627436 0.3381728708721847
9 694.0 0.0 -1.0 -1.0 -1.0 0.0 0.35493169628010784 0.3237215502923744 0.3213467534275178
9 695.0 0.0 -1.0 -1.0 -1.0 0.0 0.37144076589197417 0.3017001859734785 0.32685904813454736
9 696.0 0.0 -1.0 -1.0 -1.0 0.0 0.3871662489027123 0.30620468831141834 0.30662906278586943
9 697.0 0.0 -1.0 -1.0 -1.0 0.0 0.3788877243989814 0.30589588667579376 0.3152163889252249
9 698.0 0.0 -1.0 -1.0 -1.0 0.0 0.3747605591242705 0.32671045555259903 0.2985289853231306
9 699.0 0.0 -1.0 -1.0 -1.0 0.0 0.33310459455363345 0.3417730991519091 0.3251223062944575
9 700.0 0.0 -1.0 -1.0 -1.0 0.0 0.3197281762123451 0.36215866105330163 0.3181131627343529
9 701.0 0.0 -1.0 -1.0 -1.0 0.0 0.32729163323921645 0.3577258027018275 0.3149825640589561
9 702.0 0.0 -1.0 -1.0 -1.0 0.0 0.333398555933878 0.3211518690332775 0.3454495750328443
9 703.0 0.0 -1.0 -1.0 -1.0 0.0 0.33732115880906877 0.2988254281798204 0.36385341301111085
9 704.0 0.0 -1.0 -1.0 -1.0 0.0 0.3108098541123034 0.3257333842392476 0.36345676164844903
9 705.0 0.0 -1.0 -1.0 -1.0 0.0 0.3162320328123174 0.3608609922092853 0.3229069749783973
9 706.0 0.0 -1.0 -1.0 -1.0 0.0 0.31511885556745384 0.3596045226169538 0.3252766218155923
9 707.0 0.0 -1.0 -1.0 -1.0 0.0 0.28694332729618033 0.36209294429972066 0.35096372840409873
9 708.0 0.0 -1.0 -1.0 -1.0 0.0 0.30356650036446775 0.3403132631196537 0.3561202365158785
9 709.0 0.0 -1.0 -1.0 -1.0 0.0 0.3070137039745746 0.3702547175303158 0.3227315784951093
9 710.0 0.0 -1.0 -1.0 -1.0 0.0 0.3110985419459585 0.3650875654425947 0.3238138926114468
9 711.0 0.0 -1.0 -1.0 -1.0 0.0 0.30549334920092563 0.35748062950417564 0.33702602129489895
9 712.0 0.0 -1.0 -1.0 -1.0 0.0 0.3133766736661501 0.32944275552106916 0.3571805708127806
9 713.0 0.0 -1.0 -1.0 -1.0 0.0 0.34803089098277523 0.3158993921244436 0.3360697168927812
9 714.0 0.0 -1.0 -1.0 -1.0 0.0 0.33167121829198337 0.33335222072864285 0.3349765609793738
9 715.0 0.0 -1.0 -1.0 -1.0 0.0 0.3065675043158745 0.32991355482755064 0.36351894085657477
9 716.0 0.0 -1.0 -1.0 -1.0 0.0 0.29829666100286967 0.35303197723852764 0.34867136175860275
9 717.0 0.0 -1.0 -1.0 -1.0 0.0 0.3045655071756901 0.3360353664837536 0.3593991263405561
9 718.0 0.0 -1.0 -1.0 -1.0 0.0 0.3037099912303918 0.3294891106320468 0.3668008981375616
9 719.0 0.0 -1.0 -1.0 -1.0 0.0 0.3033730493083217 0.3599020167534482 0.33672493393823005
9 720.0 0.0 -1.0 -1.0 -1.0 0.0 0.3137772146809842 0.3715675048243372 0.3146552804946785
9 721.0 0.0 -1.0 -1.0 -1.0 0.0 0.2943966155163151 0.38342326794181986 0.3221801165418651
9 722.0 0.0 -1.0 -1.0 -1.0 0.0 0.2921530508765693 0.4004533537263902 0.3073935953970409
9 723.0 0.0 -1.0 -1.0 -1.0 0.0 0.31769830705144975 0.37907229054699143 0.30322940240155893
9 724.0 0.0 -1.0 -1.0 -1.0 0.0 0.35736679991731657 0.32353806134452934 0.31909513873815415
9 725.0 0.0 -1.0 -1.0 -1.0 0.0 0.36725320554419794 0.30795264861412985 0.3247941458416722
9 726.0 0.0 -1.0 -1.0 -1.0 0.0 0.36576999295962354 0.35009685960052556 0.28413314743985096
9 727.0 0.0 -1.0 -1.0 -1.0 0.0 0.334052433441268 0.37117548973124825 0.2947720768274836
9 728.0 0.0 -1.0 -1.0 -1.0 0.0 0.326254525011272 0.37174178655501544 0.30200368843371256
9 729.0 0.0 -1.0 -1.0 -1.0 0.0 0.32485355892977436 0.3646301530211946 0.3105162880490308
9 730.0 0.0 -1.0 -1.0 -1.0 0.0 0.31246761851811267 0.3746944745854527 0.3128379068964346
9 731.0 0.0 -1.0 -1.0 -1.0 0.0 0.31405010185412235 0.3700435239445956 0.31590637420128226
9 732.0 0.0 -1.0 -1.0 -1.0 0.0 0.33620649301292216 0.35775818613423305 0.3060353208528449
9 733.0 0.0 -1.0 -1.0 -1.0 0.0 0.33869215817433423 0.35555871063776756 0.30574913118789826
9 734.0 0.0 -1.0 -1.0 -1.0 0.0 0.3265176865977334 0.34650153587977933 0.32698077752248744
9 735.0 0.0 -1.0 -1.0 -1.0 0.0 0.30399255030324607 0.3808856915112206 0.31512175818553323
9 736.0 0.0 -1.0 -1.0 -1.0 0.0 0.31747929505809086 0.37909751109862877 0.3034231938432805
9 737.0 0.0 -1.0 -1.0 -1.0 0.0 0.3199963479848452 0.36397467910818454 0.3160289729069702
9 738.0 0.0 -1.0 -1.0 -1.0 0.0 0.3002649868151374 0.37971870175193473 0.32001631143292775
9 739.0 0.0 -1.0 -1.0 -1.0 0.0 0.3314937603522087 0.34213788667384015 0.3263683529739512
9 740.0 0.0 -1.0 -1.0 -1.0 0.0 0.3492583211793081 0.34464806195447545 0.3060936168662165
9 741.0 0.0 -1.0 -1.0 -1.0 0.0 0.32117772536572475 0.36676328419204957 0.3120589904422256
9 742.0 0.0 -1.0 -1.0 -1.0 0.0 0.3234110450883312 0.3744698333353825 0.3021191215762861
9 743.0 0.0 -1.0 -1.0 -1.0 0.0 0.3114650212512879 0.3607617230313989 0.32777325571731325
9 744.0 0.0 -1.0 -1.0 -1.0 0.0 0.3181791557231027 0.36633599098987857 0.3154848532870186
9 745.0 0.0 -1.0 -1.0 -1.0 0.0 0.3192187455359416 0.39068858215357627 0.2900926723104821
9 746.0 0.0 -1.0 -1.0 -1.0 0.0 0.33449372159128826 0.3998844503231292 0.2656218280855826
9 747.0 0.0 -1.0 -1.0 -1.0 0.0 0.3518023215880908 0.3763162040871774 0.27188147432473164
9 748.0 0.0 -1.0 -1.0 -1.0 0.0 0.3426509003549091 0.35217388680916334 0.30517521283592736
9 749.0 0.0 -1.0 -1.0 -1.0 0.0 0.35303174073811244 0.34809561099509984 0.29887264826678756
9 750.0 0.0 -1.0 -1.0 -1.0 0.0 0.36309948548033755 0.33540594247289307 0.3014945720467695
9 751.0 0.0 -1.0 -1.0 -1.0 0.0 0.3676697615346628 0.329667938352174 0.3026623001131632
9 752.0 0.0 -1.0 -1.0 -1.0 0.0 0.3756548786682976 0.306035072475614 0.3183100488560883
9 753.0 0.0 -1.0 -1.0 -1.0 0.0 0.3970294701541148 0.28710167670045217 0.31586885314543317
9 754.0 0.0 -1.0 -1.0 -1.0 0.0 0.3941850942159452 0.2874511698308848 0.3183637359531698
9 755.0 0.0 -1.0 -1.0 -1.0 0.0 0.3807338032961121 0.31060385075563823 0.30866234594824965
9 756.0 0.0 -1.0 -1.0 -1.0 0.0 0.3818152022095729 0.2979713388039153 0.3202134589865118
9 757.0 0.0 -1.0 -1.0 -1.0 0.0 0.35922497679434406 0.3171038257047651 0.323671197500891
9 758.0 0.0 -1.0 -1.0 -1.0 0.0 0.3685831626087203 0.3107272982419491 0.3206895391493307
9 759.0 0.0 -1.0 -1.0 -1.0 0.0 0.36936102097908574 0.3091975656202822 0.32144141340063187
9 760.0 0.0 -1.0 -1.0 -1.0 0.0 0.36667403389738723 0.3042855598374712 0.32904040626514175
9 761.0 0.0 -1.0 -1.0 -1.0 0.0 0.3796197854158919 0.30849715927810384 0.31188305530600435
9 762.0 0.0 -1.0 -1.0 -1.0 0.0 0.35285895169186576 0.323134752433344 0.3240062958747903
9 763.0 0.0 -1.0 -1.0 -1.0 0.0 0.3073332723528893 0.35443987705573243 0.33822685059137825
9 764.0 0.0 -1.0 -1.0 -1.0 0.0 0.33898673208075386 0.33953884922485855 0.3214744186943876
9 765.0 0.0 -1.0 -1.0 -1.0 0.0 0.31681085406291315 0.3537902050754542 0.32939894086163257
9 766.0 0.0 -1.0 -1.0 -1.0 0.0 0.3168087013759859 0.35373392116605357 0.3294573774579605
9 767.0 0.0 -1.0 -1.0 -1.0 0.0 0.33203744095799365 0.33816820413722914 0.3297943549047772
9 768.0 0.0 -1.0 -1.0 -1.0 0.0 0.31067791367301345 0.3519538587852896 0.3373682275416969
9 769.0 0.0 -1.0 -1.0 -1.0 0.0 0.3030925728494309 0.3305137183897838 0.36639370876078525
9 770.0 0.0 -1.0 -1.0 -1.0 0.0 0.31771412463060217 0.35877297659922186 0.3235128987701762
9 771.0 0.0 -1.0 -1.0 -1.0 0.0 0.33725797049931006 0.32302445085270465 0.33971757864798546
9 772.0 0.0 -1.0 -1.0 -1.0 0.0 0.35967323158148085 0.3213120412995534 0.31901472711896595
9 773.0 0.0 -1.0 -1.0 -1.0 0.0 0.33563150916947143 0.3426091017826984 0.32175938904783
9 774.0 0.0 -1.0 -1.0 -1.0 0.0 0.3124559246285434 0.3494796211538336 0.3380644542176233
9 775.0 0.0 -1.0 -1.0 -1.0 0.0 0.3013098951976758 0.34749977342594 0.35119033137638445
9 776.0 0.0 -1.0 -1.0 -1.0 0.0 0.28855819182370107 0.3764366911794705 0.33500511699682856
9 777.0 0.0 -1.0 -1.0 -1.0 0.0 0.28817018478618955 0.39361658060099297 0.3182132346128173
9 778.0 0.0 -1.0 -1.0 -1.0 0.0 0.2990043177907901 0.3834739810108736 0.31752170119833634
9 779.0 0.0 -1.0 -1.0 -1.0 0.0 0.30265329864327994 0.3718058416293436 0.3255408597273762
9 780.0 0.0 -1.0 -1.0 -1.0 0.0 0.304463872400255 0.3576312991300181 0.337904828469727
9 781.0 0.0 -1.0 -1.0 -1.0 0.0 0.3168837147950698 0.3350857804569997 0.3480305047479306
9 782.0 0.0 -1.0 -1.0 -1.0 0.0 0.33358705893530854 0.32729505789327346 0.33911788317141806
9 783.0 0.0 -1.0 -1.0 -1.0 0.0 0.3527229987419747 0.3127162671976522 0.33456073406037284
9 784.0 0.0 -1.0 -1.0 -1.0 0.0 0.3354488867068462 0.34828540995669127 0.31626570333646264
9 785.0 0.0 -1.0 -1.0 -1.0 0.0 0.30917865140684847 0.35117098706959027 0.3396503615235613
9 786.0 0.0 -1.0 -1.0 -1.0 0.0 0.3374483335766594 0.32374304838071466 0.3388086180426261
9 787.0 0.0 -1.0 -1.0 -1.0 0.0 0.3312904780304915 0.3410473615539013 0.3276621604156073
9 788.0 0.0 -1.0 -1.0 -1.0 0.0 0.3344177100926739 0.34442600422654424 0.3211562856807821
9 789.0 0.0 -1.0 -1.0 -1.0 0.0 0.33697014552545257 0.3536276349776872 0.3094022194968604
9 790.0 0.0 -1.0 -1.0 -1.0 0.0 0.3470701776032867 0.32275135724685255 0.33017846514986077
9 791.0 0.0 -1.0 -1.0 -1.0 0.0 0.3578369825482925 0.3231135046620657 0.3190495127896419
9 792.0 0.0 -1.0 -1.0 -1.0 0.0 0.3508012637716217 0.29497484843342864 0.3542238877949495
9 793.0 0.0 -1.0 -1.0 -1.0 0.0 0.3694941930405276 0.30292279338239025 0.32758301357708236
9 794.0 0.0 -1.0 -1.0 -1.0 0.0 0.3506777526405289 0.31992218877723827 0.32940005858223265
9 795.0 0.0 -1.0 -1.0 -1.0 0.0 0.3438157128706274 0.34111732395106087 0.31506696317831157
9 796.0 0.0 -1.0 -1.0 -1.0 0.0 0.34521254887626746 0.3474254583341875 0.30736199278954507
9 797.0 0.0 -1.0 -1.0 -1.0 0.0 0.3366499504362178 0.3296962761896488 0.3336537733741334
9 798.0 0.0 -1.0 -1.0 -1.0 0.0 0.3549028560503995 0.3231965576187983 0.3219005863308023
9 799.0 0.0 -1.0 -1.0 -1.0 0.0 0.35398257491364893 0.3212640414620097 0.3247533836243413
9 800.0 0.0 -1.0 -1.0 -1.0 0.0 0.3580125665320131 0.3159984254180382 0.32598900804994896
9 801.0 0.0 -1.0 -1.0 -1.0 0.0 0.34605051896252037 0.31475538376763373 0.3391940972698461
9 802.0 0.0 -1.0 -1.0 -1.0 0.0 0.3403603736030832 0.328015730200662 0.33162389619625476
9 803.0 0.0 -1.0 -1.0 -1.0 0.0 0.3446417238563525 0.3067504854428004 0.3486077907008473
9 804.0 0.0 -1.0 -1.0 -1.0 0.0 0.32034946917733526 0.317763098012481 0.36188743281018376
9 805.0 0.0 -1.0 -1.0 -1.0 0.0 0.33574581775643664 0.30799937510375175 0.3562548071398116
9 806.0 0.0 -1.0 -1.0 -1.0 0.0 0.34092108211047106 0.29192036309679303 0.367158554792736
9 807.0 0.0 -1.0 -1.0 -1.0 0.0 0.3418237289669245 0.29833957288490565 0.35983669814817
9 808.0 0.0 -1.0 -1.0 -1.0 0.0 0.33807913790899413 0.29863396567064077 0.36328689642036516
9 809.0 0.0 -1.0 -1.0 -1.0 0.0 0.33374076037919376 0.2888306306877476 0.37742860893305874
9 810.0 0.0 -1.0 -1.0 -1.0 0.0 0.34837558937732965 0.2852098206334323 0.3664145899892381
9 811.0 0.0 -1.0 -1.0 -1.0 0.0 0.34522030905354856 0.31526675828984735 0.33951293265660404
9 812.0 0.0 -1.0 -1.0 -1.0 0.0 0.3755966933875601 0.28286254832683133 0.3415407582856087
9 813.0 0.0 -1.0 -1.0 -1.0 0.0 0.34407864223197626 0.30890764522240494 0.3470137125456189
9 814.0 0.0 -1.0 -1.0 -1.0 0.0 0.3414255480241791 0.31457088799692234 0.3440035639788984
9 815.0 0.0 -1.0 -1.0 -1.0 0.0 0.3489877901011908 0.32286340820304277 0.32814880169576627
9 816.0 0.0 -1.0 -1.0 -1.0 0.0 0.3577541468397094 0.3249216305466468 0.31732422261364346
9 817.0 0.0 -1.0 -1.0 -1.0 0.0 0.3560100230406431 0.31370526364438517 0.3302847133149717
9 818.0 0.0 -1.0 -1.0 -1.0 0.0 0.3492900511374358 0.3133618710784718 0.33734807778409254
9 819.0 0.0 -1.0 -1.0 -1.0 0.0 0.35095760625233974 0.32786156239735603 0.3211808313503042
9 820.0 0.0 -1.0 -1.0 -1.0 0.0 0.3486222041247503 0.3244678688000824 0.3269099270751672
9 821.0 0.0 -1.0 -1.0 -1.0 0.0 0.3213481934193002 0.3385647434726263 0.34008706310807374
9 822.0 0.0 -1.0 -1.0 -1.0 0.0 0.3155439047424949 0.35243104942616843 0.3320250458313367
9 823.0 0.0 -1.0 -1.0 -1.0 0.0 0.35204228341306754 0.34183678561182546 0.30612093097510706
9 824.0 0.0 -1.0 -1.0 -1.0 0.0 0.3831179575998525 0.28707305622467044 0.329808986175477
9 825.0 0.0 -1.0 -1.0 -1.0 0.0 0.37262218422163945 0.29953118155532255 0.3278466342230382
9 826.0 0.0 -1.0 -1.0 -1.0 0.0 0.3561658143748885 0.3101806693506215 0.3336535162744903
9 827.0 0.0 -1.0 -1.0 -1.0 0.0 0.35273739570838525 0.31126579008645494 0.3359968142051597
9 828.0 0.0 -1.0 -1.0 -1.0 0.0 0.3464456715984531 0.3271200818275431 0.32643424657400366
9 829.0 0.0 -1.0 -1.0 -1.0 0.0 0.35822182189605023 0.3171509776834349 0.3246272004205143
9 830.0 0.0 -1.0 -1.0 -1.0 0.0 0.35482466999696727 0.33894395594872867 0.3062313740543042
9 831.0 0.0 -1.0 -1.0 -1.0 0.0 0.3455693886664616 0.32988924065356573 0.3245413706799728
9 832.0 0.0 -1.0 -1.0 -1.0 0.0 0.3655622983114626 0.31042570932493946 0.3240119923635977
9 833.0 0.0 -1.0 -1.0 -1.0 0.0 0.3539093390744575 0.31083074609677724 0.33525991482876505
9 834.0 0.0 -1.0 -1.0 -1.0 0.0 0.3254707387000022 0.3366085329721718 0.3379207283278259
9 835.0 0.0 -1.0 -1.0 -1.0 0.0 0.3247153627429833 0.35540203152672967 0.319882605730287
9 836.0 0.0 -1.0 -1.0 -1.0 0.0 0.32713653013552807 0.3176795175544794 0.35518395230999267
9 837.0 0.0 -1.0 -1.0 -1.0 0.0 0.3485427910784235 0.3277552525344948 0.3237019563870818
9 838.0 0.0 -1.0 -1.0 -1.0 0.0 0.3309103756785811 0.3329829706005777 0.336106653720841
9 839.0 0.0 -1.0 -1.0 -1.0 0.0 0.31700507363723696 0.3454648299972667 0.3375300963654964
9 840.0 0.0 -1.0 -1.0 -1.0 0.0 0.3209735285469188 0.35050291111790194 0.3285235603351794
9 841.0 0.0 -1.0 -1.0 -1.0 0.0 0.3046601701742664 0.36170557936422887 0.3336342504615048
9 842.0 0.0 -1.0 -1.0 -1.0 0.0 0.3137591309861289 0.3599748612736736 0.32626600774019743
9 843.0 0.0 -1.0 -1.0 -1.0 0.0 0.3199339513912343 0.34091619229054837 0.3391498563182173
9 844.0 0.0 -1.0 -1.0 -1.0 0.0 0.3248154683899053 0.31418681654978964 0.360997715060305
9 845.0 0.0 -1.0 -1.0 -1.0 0.0 0.34085804939022846 0.3226933503477341 0.3364486002620373
9 846.0 0.0 -1.0 -1.0 -1.0 0.0 0.3161081464367809 0.345191369617357 0.3387004839458621
9 847.0 0.0 -1.0 -1.0 -1.0 0.0 0.31704709495868705 0.34654344022424616 0.3364094648170668
9 848.0 0.0 -1.0 -1.0 -1.0 0.0 0.3137114657614027 0.37595494622418024 0.31033358801441707
9 849.0 0.0 -1.0 -1.0 -1.0 0.0 0.28791644896671764 0.38206683423542975 0.3300167167978528
9 850.0 0.0 -1.0 -1.0 -1.0 0.0 0.28161723049232035 0.3856697633535962 0.33271300615408345
9 851.0 0.0 -1.0 -1.0 -1.0 0.0 0.2716994231674169 0.40223516587362695 0.3260654109589556
9 852.0 0.0 -1.0 -1.0 -1.0 0.0 0.2836510603910435 0.38583982837962016 0.3305091112293363
9 853.0 0.0 -1.0 -1.0 -1.0 0.0 0.2897041098244281 0.3641052450655572 0.34619064511001485
9 854.0 0.0 -1.0 -1.0 -1.0 0.0 0.2962948411872191 0.3429830676461167 0.36072209116666415
9 855.0 0.0 -1.0 -1.0 -1.0 0.0 0.3054614719907338 0.3539767406354406 0.34056178737382553
9 856.0 0.0 -1.0 -1.0 -1.0 0.0 0.3179356956047866 0.3437278080311234 0.3383364963640901
9 857.0 0.0 -1.0 -1.0 -1.0 0.0 0.33337421197329087 0.3341259409336306 0.3324998470930785
9 858.0 0.0 -1.0 -1.0 -1.0 0.0 0.29964587181456576 0.3617703500236349 0.3385837781617994
9 859.0 0.0 -1.0 -1.0 -1.0 0.0 0.3168063124237986 0.3538842718029728 0.32930941577322825
9 860.0 0.0 -1.0 -1.0 -1.0 0.0 0.34435246619641935 0.34814402340424655 0.3075035103993343
9 861.0 0.0 -1.0 -1.0 -1.0 0.0 0.345873924098614 0.3345643902688044 0.3195616856325816
9 862.0 0.0 -1.0 -1.0 -1.0 0.0 0.32456134650074064 0.3512407336739063 0.3241979198253533
9 863.0 0.0 -1.0 -1.0 -1.0 0.0 0.3285216135967318 0.35645657320674795 0.31502181319652034
9 864.0 0.0 -1.0 -1.0 -1.0 0.0 0.3334410830030297 0.33587201415754087 0.3306869028394294
9 865.0 0.0 -1.0 -1.0 -1.0 0.0 0.34625131468375814 0.335585092590565 0.3181635927256768
9 866.0 0.0 -1.0 -1.0 -1.0 0.0 0.3385464540373883 0.3470028666888711 0.3144506792737408
9 867.0 0.0 -1.0 -1.0 -1.0 0.0 0.344714579704428 0.34174991658802834 0.3135355037075439
9 868.0 0.0 -1.0 -1.0 -1.0 0.0 0.3117584978365021 0.32535981068933056 0.3628816914741674
9 869.0 0.0 -1.0 -1.0 -1.0 0.0 0.30475994899630887 0.33372093222922083 0.36151911877447007
9 870.0 0.0 -1.0 -1.0 -1.0 0.0 0.2997794298879809 0.32665984743979154 0.37356072267222773
9 871.0 0.0 -1.0 -1.0 -1.0 0.0 0.29357768550073926 0.33330235529917585 0.37311995920008484
9 872.0 0.0 -1.0 -1.0 -1.0 0.0 0.2858756513886369 0.3415044606372197 0.37261988797414347
9 873.0 0.0 -1.0 -1.0 -1.0 0.0 0.3046949689852296 0.33517103597231257 0.36013399504245797
9 874.0 0.0 -1.0 -1.0 -1.0 0.0 0.3273890397743769 0.31748408610361123 0.35512687412201166
9 875.0 0.0 -1.0 -1.0 -1.0 0.0 0.3096590432907585 0.3554439253394041 0.3348970313698373
9 876.0 0.0 -1.0 -1.0 -1.0 0.0 0.3126709533428229 0.35195702846633636 0.3353720181908411
9 877.0 0.0 -1.0 -1.0 -1.0 0.0 0.3256329500169094 0.33820236518424723 0.33616468479884337
9 878.0 0.0 -1.0 -1.0 -1.0 0.0 0.32721752422768646 0.331644745064183 0.3411377307081305
9 879.0 0.0 -1.0 -1.0 -1.0 0.0 0.3519858039444453 0.31811501170394063 0.32989918435161386
9 880.0 0.0 -1.0 -1.0 -1.0 0.0 0.3633361043884497 0.30823403156004636 0.32842986405150415
9 881.0 0.0 -1.0 -1.0 -1.0 0.0 0.3414472162413725 0.3188905981843454 0.3396621855742823
9 882.0 0.0 -1.0 -1.0 -1.0 0.0 0.3211903004383896 0.33759523498331484 0.3412144645782955
9 883.0 0.0 -1.0 -1.0 -1.0 0.0 0.3296973973625352 0.33060391264389616 0.3396986899935686
9 884.0 0.0 -1.0 -1.0 -1.0 0.0 0.3429963311275453 0.33216400811475205 0.3248396607577027
9 885.0 0.0 -1.0 -1.0 -1.0 0.0 0.3247106278509453 0.3392299755446802 0.3360593966043743
9 886.0 0.0 -1.0 -1.0 -1.0 0.0 0.33560144685492416 0.3330458802069331 0.3313526729381426
9 887.0 0.0 -1.0 -1.0 -1.0 0.0 0.35375549951132945 0.3037920417480491 0.3424524587406216
9 888.0 0.0 -1.0 -1.0 -1.0 0.0 0.34471931470006006 0.32118077171605103 0.3340999135838889
9 889.0 0.0 -1.0 -1.0 -1.0 0.0 0.31369210377897966 0.36621212951656396 0.32009576670445644
9 890.0 0.0 -1.0 -1.0 -1.0 0.0 0.31436562239535754 0.3789519123714198 0.3066824652332229
9 891.0 0.0 -1.0 -1.0 -1.0 0.0 0.2988167102651915 0.3848526223537215 0.3163306673810868
9 892.0 0.0 -1.0 -1.0 -1.0 0.0 0.34523461800020544 0.354922604619108 0.29984277738068665
9 893.0 0.0 -1.0 -1.0 -1.0 0.0 0.33453167590277333 0.3749511265351159 0.29051719756211075
9 894.0 0.0 -1.0 -1.0 -1.0 0.0 0.35825253280081076 0.3557013957909419 0.28604607140824756
9 895.0 0.0 -1.0 -1.0 -1.0 0.0 0.34714497664646643 0.36473677165332324 0.2881182517002106
9 896.0 0.0 -1.0 -1.0 -1.0 0.0 0.3455239465547764 0.35026404744867157 0.304212005996552
9 897.0 0.0 -1.0 -1.0 -1.0 0.0 0.3267731396212588 0.35469679128210685 0.31853006909663456
9 898.0 0.0 -1.0 -1.0 -1.0 0.0 0.3023808669754139 0.3533498504229028 0.34426928260168327
9 899.0 0.0 -1.0 -1.0 -1.0 0.0 0.29241655931290367 0.36172978927001187 0.3458536514170843
9 900.0 0.0 -1.0 -1.0 -1.0 0.0 0.3021013016019826 0.34369378564514314 0.3542049127528742
9 901.0 0.0 -1.0 -1.0 -1.0 0.0 0.30381019496315353 0.36286485155831316 0.3333249534785333
9 902.0 0.0 -1.0 -1.0 -1.0 0.0 0.2840667070474026 0.369613946353987 0.3463193465986103
9 903.0 0.0 -1.0 -1.0 -1.0 0.0 0.2966562297121211 0.3483090766993066 0.35503469358857215
9 904.0 0.0 -1.0 -1.0 -1.0 0.0 0.2890198316738916 0.35622239160551245 0.35475777672059605
9 905.0 0.0 -1.0 -1.0 -1.0 0.0 0.31185232187132905 0.34115065024565033 0.3469970278830206
9 906.0 0.0 -1.0 -1.0 -1.0 0.0 0.31747473269469534 0.3225050835819328 0.3600201837233719
9 907.0 0.0 -1.0 -1.0 -1.0 0.0 0.3302874273375343 0.3128933712552562 0.3568192014072096
9 908.0 0.0 -1.0 -1.0 -1.0 0.0 0.3565489959042193 0.2968582681625661 0.34659273593321444
9 909.0 0.0 -1.0 -1.0 -1.0 0.0 0.3590611831294028 0.287743018254132 0.3531957986164651
9 910.0 0.0 -1.0 -1.0 -1.0 0.0 0.36399312241125054 0.28191567194749223 0.35409120564125723
9 911.0 0.0 -1.0 -1.0 -1.0 0.0 0.34216666682241864 0.30018754378484624 0.3576457893927351
9 912.0 0.0 -1.0 -1.0 -1.0 0.0 0.3436981287607319 0.2817048897222731 0.3745969815169953
9 913.0 0.0 -1.0 -1.0 -1.0 0.0 0.3510745235601083 0.3003316562659888 0.34859382017390295
9 914.0 0.0 -1.0 -1.0 -1.0 0.0 0.34890739693856887 0.3168439215803725 0.3342486814810586
9 915.0 0.0 -1.0 -1.0 -1.0 0.0 0.3598277062299649 0.32674251125194353 0.31342978251809156
9 916.0 0.0 -1.0 -1.0 -1.0 0.0 0.3556932354738384 0.3257159804383094 0.3185907840878523
9 917.0 0.0 -1.0 -1.0 -1.0 0.0 0.36460615465990753 0.33955130149913876 0.2958425438409537
9 918.0 0.0 -1.0 -1.0 -1.0 0.0 0.3332905299763761 0.3542231019849062 0.31248636803871777
9 919.0 0.0 -1.0 -1.0 -1.0 0.0 0.3332682664367274 0.3365129169778634 0.33021881658540925
9 920.0 0.0 -1.0 -1.0 -1.0 0.0 0.34956657901701943 0.32313620229408635 0.3272972186888943
9 921.0 0.0 -1.0 -1.0 -1.0 0.0 0.326559418966045 0.32572667553421425 0.3477139054997408
9 922.0 0.0 -1.0 -1.0 -1.0 0.0 0.3134998962502358 0.323574247037169 0.3629258567125955
9 923.0 0.0 -1.0 -1.0 -1.0 0.0 0.31776014798868885 0.32432554066660985 0.3579143113447014
9 924.0 0.0 -1.0 -1.0 -1.0 0.0 0.3526124284293485 0.3147687435529467 0.3326188280177049
9 925.0 0.0 -1.0 -1.0 -1.0 0.0 0.34145903662047994 0.306019077558941 0.352521885820579
9 926.0 0.0 -1.0 -1.0 -1.0 0.0 0.3564138284640424 0.32544559165347314 0.3181405798824848
9 927.0 0.0 -1.0 -1.0 -1.0 0.0 0.3539185045874963 0.3246387030009556 0.3214427924115483
9 928.0 0.0 -1.0 -1.0 -1.0 0.0 0.36556723077889414 0.3296415855544189 0.3047911836666868
9 929.0 0.0 -1.0 -1.0 -1.0 0.0 0.36523716181185156 0.31368669922412823 0.32107613896402015
9 930.0 0.0 -1.0 -1.0 -1.0 0.0 0.3614037928035851 0.32769130786098843 0.31090489933542675
9 931.0 0.0 -1.0 -1.0 -1.0 0.0 0.3566752363187462 0.3184905915319426 0.32483417214931115
9 932.0 0.0 -1.0 -1.0 -1.0 0.0 0.34855246713935933 0.3334137310295004 0.3180338018311405
9 933.0 0.0 -1.0 -1.0 -1.0 0.0 0.33157152034234405 0.34219315158768976 0.3262353280699661
9 934.0 0.0 -1.0 -1.0 -1.0 0.0 0.3255411239210573 0.3309343731974231 0.3435245028815197
9 935.0 0.0 -1.0 -1.0 -1.0 0.0 0.29917713655252176 0.35702370738354633 0.34379915606393174
9 936.0 0.0 -1.0 -1.0 -1.0 0.0 0.3187512988924729 0.31728419772277067 0.3639645033847566
9 937.0 0.0 -1.0 -1.0 -1.0 0.0 0.336310077125758 0.33547696266645205 0.3282129602077901
9 938.0 0.0 -1.0 -1.0 -1.0 0.0 0.321534644047735 0.3585197321835132 0.3199456237687517
9 939.0 0.0 -1.0 -1.0 -1.0 0.0 0.3260247559578997 0.3500049817896647 0.32397026225243564
9 940.0 0.0 -1.0 -1.0 -1.0 0.0 0.3329562312197683 0.34963364242429407 0.3174101263559376
9 941.0 0.0 -1.0 -1.0 -1.0 0.0 0.3184085166369945 0.3778625509966796 0.30372893236632603
9 942.0 0.0 -1.0 -1.0 -1.0 0.0 0.3270711874809708 0.3691873245143907 0.3037414880046383
9 943.0 0.0 -1.0 -1.0 -1.0 0.0 0.3641438728179524 0.3287152581381495 0.30714086904389765
9 944.0 0.0 -1.0 -1.0 -1.0 0.0 0.33934769401366 0.3165678007568158 0.34408450522952405
9 945.0 0.0 -1.0 -1.0 -1.0 0.0 0.33622860822943623 0.3357726779316648 0.3279987138388993
9 946.0 0.0 -1.0 -1.0 -1.0 0.0 0.3419781174685962 0.3393553959502216 0.31866648658118246
9 947.0 0.0 -1.0 -1.0 -1.0 0.0 0.3570371958692937 0.32778185041872876 0.3151809537119776
9 948.0 0.0 -1.0 -1.0 -1.0 0.0 0.3372052034029613 0.32220452112075987 0.3405902754762791
9 949.0 0.0 -1.0 -1.0 -1.0 0.0 0.32001180629496984 0.3315375227246783 0.34845067098035204
9 950.0 0.0 -1.0 -1.0 -1.0 0.0 0.324179469800963 0.3253519339415732 0.35046859625746374
9 951.0 0.0 -1.0 -1.0 -1.0 0.0 0.33794240037792334 0.31129041533951796 0.3507671842825587
9 952.0 0.0 -1.0 -1.0 -1.0 0.0 0.3337992584776959 0.30020921053131455 0.36599153099098947
9 953.0 0.0 -1.0 -1.0 -1.0 0.0 0.3235087860887551 0.3020675732530829 0.374423640658162
9 954.0 0.0 -1.0 -1.0 -1.0 0.0 0.32701497286372094 0.3198164909921039 0.3531685361441751
9 955.0 0.0 -1.0 -1.0 -1.0 0.0 0.32473592487011826 0.3236654300949066 0.35159864503497507
9 956.0 0.0 -1.0 -1.0 -1.0 0.0 0.3421538650019443 0.33511751731304285 0.322728617685013
9 957.0 0.0 -1.0 -1.0 -1.0 0.0 0.3509583693211391 0.31801831844045236 0.3310233122384086
9 958.0 0.0 -1.0 -1.0 -1.0 0.0 0.34817183373558436 0.32215350874857684 0.32967465751583874
9 959.0 0.0 -1.0 -1.0 -1.0 0.0 0.3172274016434782 0.33634283447842145 0.34642976387810054
9 960.0 0.0 -1.0 -1.0 -1.0 0.0 0.3158571713096912 0.31551534367198764 0.3686274850183211
9 961.0 0.0 -1.0 -1.0 -1.0 0.0 0.3342874362098604 0.3150408281359426 0.35067173565419696
9 962.0 0.0 -1.0 -1.0 -1.0 0.0 0.30008655566717796 0.35382298572263826 0.346090458610184
9 963.0 0.0 -1.0 -1.0 -1.0 0.0 0.29347702884664706 0.3428367038078971 0.3636862673454557
9 964.0 0.0 -1.0 -1.0 -1.0 0.0 0.32404639618514935 0.3264486915711416 0.34950491224370905
9 965.0 0.0 -1.0 -1.0 -1.0 0.0 0.30111458250264417 0.3546709043085937 0.344214513188762
9 966.0 0.0 -1.0 -1.0 -1.0 0.0 0.32827578813564395 0.34676663619267417 0.3249575756716818
9 967.0 0.0 -1.0 -1.0 -1.0 0.0 0.34188491032055496 0.32879813440895395 0.32931695527049115
9 968.0 0.0 -1.0 -1.0 -1.0 0.0 0.36339852955789104 0.3114115569008454 0.3251899135412636
9 969.0 0.0 -1.0 -1.0 -1.0 0.0 0.3289521934070894 0.3252933400420085 0.3457544665509021
9 970.0 0.0 -1.0 -1.0 -1.0 0.0 0.33417154424497236 0.31762748723351497 0.34820096852151283
9 971.0 0.0 -1.0 -1.0 -1.0 0.0 0.34830082308081445 0.2954368579213849 0.3562623189978006
9 972.0 0.0 -1.0 -1.0 -1.0 0.0 0.3693562529111683 0.2805144234343311 0.3501293236545004
9 973.0 0.0 -1.0 -1.0 -1.0 0.0 0.3421508055349035 0.28124273403919875 0.37660646042589796
9 974.0 0.0 -1.0 -1.0 -1.0 0.0 0.3026568115445731 0.3258903834298512 0.3714528050255757
9 975.0 0.0 -1.0 -1.0 -1.0 0.0 0.3171719204097112 0.3161420987965621 0.3666859807937268
9 976.0 0.0 -1.0 -1.0 -1.0 0.0 0.30858829143133576 0.31617487686963613 0.37523683169902805
9 977.0 0.0 -1.0 -1.0 -1.0 0.0 0.3000967461154591 0.3354424958071952 0.36446075807734557
9 978.0 0.0 -1.0 -1.0 -1.0 0.0 0.3281459834599974 0.3067501235478405 0.3651038929921622
9 979.0 0.0 -1.0 -1.0 -1.0 0.0 0.3469827221546359 0.30664146130910885 0.34637581653625527
9 980.0 0.0 -1.0 -1.0 -1.0 0.0 0.3360665138752671 0.31994528840494235 0.34398819771979056
9 981.0 0.0 -1.0 -1.0 -1.0 0.0 0.34174036420310167 0.3079415684227081 0.3503180673741904
9 982.0 0.0 -1.0 -1.0 -1.0 0.0 0.3377888406881028 0.31716247531412484 0.34504868399777244
9 983.0 0.0 -1.0 -1.0 -1.0 0.0 0.32695939302761057 0.33400588034059814 0.33903472663179135
9 984.0 0.0 -1.0 -1.0 -1.0 0.0 0.33730863932307764 0.3356966642650185 0.3269946964119037
9 985.0 0.0 -1.0 -1.0 -1.0 0.0 0.33256817744997363 0.32483524781063877 0.3425965747393876
9 986.0 0.0 -1.0 -1.0 -1.0 0.0 0.33597620272343565 0.32120716633819596 0.3428166309383686
9 987.0 0.0 -1.0 -1.0 -1.0 0.0 0.3313805122917287 0.35775579316378936 0.310863694544482
9 988.0 0.0 -1.0 -1.0 -1.0 0.0 0.30945812112321663 0.38175522517373417 0.30878665370304914
9 989.0 0.0 -1.0 -1.0 -1.0 0.0 0.33093227231273253 0.36388127675034243 0.3051864509369252
9 990.0 0.0 -1.0 -1.0 -1.0 0.0 0.3161560526418805 0.3461859341801803 0.33765801317793936
9 991.0 0.0 -1.0 -1.0 -1.0 0.0 0.3180300323565739 0.349129846049183 0.33284012159424287
9 992.0 0.0 -1.0 -1.0 -1.0 0.0 0.30484553872001596 0.3695650858849037 0.3255893753950803
9 993.0 0.0 -1.0 -1.0 -1.0 0.0 0.3024783293632741 0.36567705232344877 0.3318446183132771
9 994.0 0.0 -1.0 -1.0 -1.0 0.0 0.3029881556236214 0.36873479191812925 0.3282770524582494
9 995.0 0.0 -1.0 -1.0 -1.0 0.0 0.3151612101742253 0.34005973225122993 0.3447790575745445
9 996.0 0.0 -1.0 -1.0 -1.0 0.0 0.29061612275560356 0.34862716693730006 0.36075671030709644
9 997.0 0.0 -1.0 -1.0 -1.0 0.0 0.32011129336349897 0.3498288232143587 0.3300598834221424
9 998.0 0.0 -1.0 -1.0 -1.0 0.0 0.3258480954441169 0.3305868871077684 0.3435650174481147
9 999.0 0.0 -1.0 -1.0 -1.0 0.0 0.33915688126856475 0.29853155026835454 0.36231156846308055
9 1000.0 0.0 -1.0 -1.0 -1.0 0.0 0.3491610400387553 0.30210263198513254 0.3487363279761119
1000000000000000000000000000000000000000000000000000000000000000000000000000000000000000000000000000
-1.0
solo con 1: -100.0
