9 0.0 30.0 -41.0 -163.0 -106.65 50.58733322510964 0.3333333333333333 0.3333333333333333 0.3333333333333333
9 1.0 30.0 -41.0 -162.0 -89.29 50.06345367570434 0.3041516151197062 0.28939281990643084 0.4064555649738629
9 2.0 58.0 -38.0 -162.0 -75.93 46.450637424816 0.27906694062410076 0.26346431092872896 0.4574687484471704
9 3.0 56.0 -38.0 -161.0 -60.81 37.564139088425094 0.2755421388640096 0.21082972964638366 0.513628131489607
9 4.0 69.0 -36.0 -161.0 -54.28 33.184236247856234 0.2573985709152376 0.17832019381412234 0.5642812352706401
9 5.0 23.0 -32.0 -161.0 -49.94 31.37064831586328 0.22304042862307147 0.16852467178355973 0.6084348995933687
9 6.0 84.0 -29.0 -155.0 -46.21 30.051234029015628 0.21018301730468128 0.151310404023835 0.6385065786714839
9 7.0 88.0 -28.0 -155.0 -40.47 25.377336186432014 0.2073238379295229 0.13047009795501274 0.6622060641154645
9 8.0 93.0 -26.0 -155.0 -36.0 20.526897850224113 0.1909142659850128 0.12625116872258207 0.6828345652924049
9 9.0 20.0 -24.0 -145.0 -31.64 12.725159997803441 0.17120359377928804 0.10865336915410963 0.7201430370666023
9 10.0 1.0 -22.0 -49.0 -28.18 4.493272187336859 0.16138543009251605 0.10050785379628749 0.7381067161111965
9 11.0 32.0 -21.0 -40.0 -26.13 3.7943472043384117 0.15362678253289563 0.09959489025633417 0.7467783272107701
9 12.0 76.0 -20.0 -40.0 -24.08 3.6311781208658083 0.15168764157676184 0.09797172799963676 0.7503406304236014
9 13.0 14.0 -18.0 -40.0 -22.52 3.1860808387596053 0.15818307337443058 0.10395468483777759 0.7378622417877918
9 14.0 14.0 -16.0 -40.0 -21.31 3.350546465304071 0.14756255262464188 0.11008867094933253 0.7423487764260253
9 15.0 14.0 -16.0 -40.0 -20.01 3.3829489257663083 0.1253110109472453 0.11070787669684684 0.7639811123559079
9 16.0 23.0 -15.0 -28.0 -18.09 2.0205759754899786 0.13295325956662235 0.09306501149903239 0.7739817289343454
9 17.0 11.0 -14.0 -28.0 -16.74 1.8620071715948645 0.12074828491149021 0.0861281311546709 0.7931235839338383
9 18.0 11.0 -13.0 -23.0 -15.61 1.5102010034121514 0.11818026517547763 0.08863211247387494 0.7931876223506474
9 19.0 73.0 -11.0 -20.0 -14.36 1.2103927069552696 0.1131457789583855 0.08643257382097846 0.800421647220636
9 20.0 73.0 -10.0 -17.0 -13.38 1.3009708884234314 0.11749658505025248 0.08600250342369277 0.7965009115260545
9 21.0 49.0 -8.0 -16.0 -12.23 1.2859379314867265 0.11818076678665639 0.08475167400196547 0.7970675592113782
9 22.0 19.0 -8.0 -16.0 -11.08 1.426162471087848 0.10634404064422392 0.0837036654748049 0.8099522938809715
9 23.0 99.0 -7.0 -14.0 -9.91 1.470896105622472 0.11209482841242262 0.0821114854674503 0.8057936861201267
9 24.0 23.0 -5.0 -13.0 -8.58 1.393926218646562 0.11134067247751502 0.08458130320596283 0.8040780243165222
9 25.0 70.0 -4.0 -12.0 -7.48 1.4803766924384993 0.10757752804537526 0.08955325919634287 0.8028692127582816
9 26.0 14.0 -4.0 -12.0 -6.15 1.4240006242195882 0.10782376757106617 0.09142768528744728 0.8007485471414865
9 27.0 1.0 -4.0 -10.0 -5.12 1.289271973720914 0.09826692156924934 0.11073974774841147 0.7909933306823391
9 28.0 81.0 -2.0 -10.0 -4.46 1.0956295178590445 0.11258354737847 0.10106139035714243 0.7863550622643872
9 29.0 81.0 -2.0 -10.0 -4.0 1.0150384378451045 0.13945964911041367 0.1311665079012991 0.729373842988287
9 30.0 3.0 -2.0 -10.0 -3.48 1.1053588475324116 0.1327315278119636 0.15660212996835723 0.7106663422196787
9 31.0 8.0 -1.0 -7.0 -2.8 0.852802865422442 0.13585322440688063 0.15658043497395696 0.7075663406191621
9 32.0 1.0 -1.0 -7.0 -2.43 0.8558178792384756 0.16417804978259182 0.1668351148120003 0.6689868354054077
9 33.0 0.0 -1.0 -4.0 -1.84 0.7347094526395987 0.1772762427301852 0.16145432582955388 0.661269431440261
9 34.0 0.0 -1.0 -4.0 -1.44 0.7429126408395478 0.17236747106667966 0.17630213620348567 0.6513303927298346
9 35.0 0.0 -1.0 -4.0 -1.24 0.6375457995035705 0.19429920137103207 0.21333418550225713 0.5923666131267108
9 36.0 0.0 -1.0 -4.0 -1.17 0.5514901759246617 0.23387776266319973 0.2614215835629844 0.504700653773816
9 37.0 0.0 -1.0 -3.0 -1.08 0.3387439663632025 0.24853697664146918 0.25568938493474 0.49577363842379063
9 38.0 0.0 -1.0 -3.0 -1.05 0.26111648393354714 0.266935539463357 0.2736453903535983 0.4594190701830448
9 39.0 0.0 -1.0 -3.0 -1.04 0.24287836253956183 0.2784859669454944 0.2692280901006852 0.4522859429538201
9 40.0 0.0 -1.0 -2.0 -1.01 0.09999999999999996 0.284923228227014 0.29782163515698806 0.417255136615998
9 41.0 0.0 -1.0 -2.0 -1.01 0.09999999999999996 0.3146505185908584 0.29652633850043636 0.3888231429087051
9 42.0 0.0 -1.0 -2.0 -1.01 0.09999999999999996 0.3157883754193635 0.33276184851892915 0.35144977606170746
9 43.0 0.0 -1.0 -1.0 -1.0 0.0 0.32448617646388395 0.32940526478514165 0.3461085587509745
9 44.0 0.0 -1.0 -1.0 -1.0 0.0 0.3247533554593097 0.33297460173379817 0.342272042806892
9 45.0 0.0 -1.0 -1.0 -1.0 0.0 0.33276775433358935 0.33098851213849784 0.33624373352791265
9 46.0 0.0 -1.0 -1.0 -1.0 0.0 0.3185311215260268 0.35486767182287837 0.32660120665109493
9 47.0 0.0 -1.0 -1.0 -1.0 0.0 0.30360550045642304 0.3524949109481968 0.34389958859538033
9 48.0 0.0 -1.0 -1.0 -1.0 0.0 0.3076327380861834 0.3488288317285352 0.3435384301852812
9 49.0 0.0 -1.0 -1.0 -1.0 0.0 0.3280569798288513 0.3278214400971877 0.344121580073961
9 50.0 0.0 -1.0 -1.0 -1.0 0.0 0.3377883032000625 0.3453346149580257 0.3168770818419118
9 51.0 0.0 -1.0 -1.0 -1.0 0.0 0.330538551781855 0.36814988016944966 0.30131156804869524
9 52.0 0.0 -1.0 -1.0 -1.0 0.0 0.3108321935768621 0.35860491363265273 0.330562892790485
9 53.0 0.0 -1.0 -1.0 -1.0 0.0 0.300988824576306 0.35440791220436624 0.3446032632193276
9 54.0 0.0 -1.0 -1.0 -1.0 0.0 0.3350384448981508 0.3653661574963349 0.29959539760551424
9 55.0 0.0 -1.0 -1.0 -1.0 0.0 0.32770206701714877 0.3672186604538224 0.30507927252902894
9 56.0 0.0 -1.0 -1.0 -1.0 0.0 0.328344337171377 0.36805597890689185 0.30359968392173103
9 57.0 0.0 -1.0 -1.0 -1.0 0.0 0.34488380987582784 0.3620865698001527 0.2930296203240196
9 58.0 0.0 -1.0 -1.0 -1.0 0.0 0.34571177689385146 0.35391405657336017 0.3003741665327883
9 59.0 0.0 -1.0 -1.0 -1.0 0.0 0.3456625943155622 0.35153498011600576 0.3028024255684319
9 60.0 0.0 -1.0 -1.0 -1.0 0.0 0.3676777864376539 0.3453411173712436 0.2869810961911023
9 61.0 0.0 -1.0 -1.0 -1.0 0.0 0.388284822828852 0.3275311939800447 0.2841839831911033
9 62.0 0.0 -1.0 -1.0 -1.0 0.0 0.3972073047695649 0.32184614211296997 0.2809465531174654
9 63.0 0.0 -1.0 -1.0 -1.0 0.0 0.3889786081517473 0.30193501820912555 0.3090863736391272
9 64.0 0.0 -1.0 -1.0 -1.0 0.0 0.36633554132182866 0.32278299327924176 0.3108814653989294
9 65.0 0.0 -1.0 -1.0 -1.0 0.0 0.37354933049700123 0.3229732947431076 0.303477374759891
9 66.0 0.0 -1.0 -1.0 -1.0 0.0 0.3515360806914376 0.32204370942791066 0.3264202098806518
9 67.0 0.0 -1.0 -1.0 -1.0 0.0 0.34278475893645216 0.3275180035815358 0.32969723748201213
9 68.0 0.0 -1.0 -1.0 -1.0 0.0 0.33965359695741876 0.339591331432562 0.3207550716100193
9 69.0 0.0 -1.0 -1.0 -1.0 0.0 0.3260282383999921 0.3353938446258688 0.33857791697413897
9 70.0 0.0 -1.0 -1.0 -1.0 0.0 0.3594040812792995 0.32292682895267516 0.31766908976802527
9 71.0 0.0 -1.0 -1.0 -1.0 0.0 0.3375039299267726 0.3346703253915396 0.32782574468168774
9 72.0 0.0 -1.0 -1.0 -1.0 0.0 0.31317185218622623 0.35861604892136706 0.3282120988924068
9 73.0 0.0 -1.0 -1.0 -1.0 0.0 0.33848309110394503 0.35057380627711887 0.31094310261893626
9 74.0 0.0 -1.0 -1.0 -1.0 0.0 0.3447697568453497 0.3307831808237271 0.324447062330923
9 75.0 0.0 -1.0 -1.0 -1.0 0.0 0.3534816195907431 0.3477346375356701 0.29878374287358667
9 76.0 0.0 -1.0 -1.0 -1.0 0.0 0.34980461187171286 0.3470780791984848 0.30311730892980226
9 77.0 0.0 -1.0 -1.0 -1.0 0.0 0.36902977245450946 0.3178809144732369 0.3130893130722536
9 78.0 0.0 -1.0 -1.0 -1.0 0.0 0.32088453700397834 0.35807816279059473 0.32103730020542726
9 79.0 0.0 -1.0 -1.0 -1.0 0.0 0.33205958797080504 0.37040838410035526 0.2975320279288398
9 80.0 0.0 -1.0 -1.0 -1.0 0.0 0.34766839191496773 0.3655547763219063 0.2867768317631262
9 81.0 0.0 -1.0 -1.0 -1.0 0.0 0.3272551098314495 0.36425819274429927 0.308486697424251
9 82.0 0.0 -1.0 -1.0 -1.0 0.0 0.34060635748144846 0.3138429363680042 0.34555070615054745
9 83.0 0.0 -1.0 -1.0 -1.0 0.0 0.32071064751381606 0.3157222360062372 0.36356711647994655
9 84.0 0.0 -1.0 -1.0 -1.0 0.0 0.34625655450441806 0.30228586702243165 0.3514575784731502
9 85.0 0.0 -1.0 -1.0 -1.0 0.0 0.3476738926971026 0.32697458438949734 0.3253515229134
9 86.0 0.0 -1.0 -1.0 -1.0 0.0 0.3268276313082898 0.32599632046578114 0.347176048225929
9 87.0 0.0 -1.0 -1.0 -1.0 0.0 0.3316700636343796 0.34791734327065316 0.3204125930949671
9 88.0 0.0 -1.0 -1.0 -1.0 0.0 0.34521796249784265 0.33362755067822275 0.32115448682393466
9 89.0 0.0 -1.0 -1.0 -1.0 0.0 0.3515825677685557 0.33137390996711674 0.3170435222643276
9 90.0 0.0 -1.0 -1.0 -1.0 0.0 0.32540616976369463 0.35043359580523065 0.3241602344310749
9 91.0 0.0 -1.0 -1.0 -1.0 0.0 0.35896676385448684 0.29446162055057606 0.3465716155949373
9 92.0 0.0 -1.0 -1.0 -1.0 0.0 0.3847684242420625 0.29898610884397053 0.316245466913967
9 93.0 0.0 -1.0 -1.0 -1.0 0.0 0.37696596360806844 0.2927960032165659 0.3302380331753656
9 94.0 0.0 -1.0 -1.0 -1.0 0.0 0.3695664655661202 0.313037492221792 0.31739604221208745
9 95.0 0.0 -1.0 -1.0 -1.0 0.0 0.3831358730197855 0.30082764838144255 0.31603647859877204
9 96.0 0.0 -1.0 -1.0 -1.0 0.0 0.3933113449402736 0.31460708669104714 0.2920815683686793
9 97.0 0.0 -1.0 -1.0 -1.0 0.0 0.37819190474994374 0.31460572750572857 0.30720236774432785
9 98.0 0.0 -1.0 -1.0 -1.0 0.0 0.34103820618233277 0.33411483448375956 0.3248469593339079
9 99.0 0.0 -1.0 -1.0 -1.0 0.0 0.3583015568520533 0.32221594276352516 0.31948250038442166
9 100.0 0.0 -1.0 -1.0 -1.0 0.0 0.337554823148215 0.3445479454183557 0.31789723143342913
9 101.0 0.0 -1.0 -1.0 -1.0 0.0 0.3283079598211466 0.33170243775203667 0.3399896024268168
9 102.0 0.0 -1.0 -1.0 -1.0 0.0 0.31647370616065135 0.3624340649388839 0.3210922289004647
9 103.0 0.0 -1.0 -1.0 -1.0 0.0 0.3328753260175937 0.3495968269681504 0.317527847014256
9 104.0 0.0 -1.0 -1.0 -1.0 0.0 0.35553270353211913 0.34293753819158757 0.30152975827629325
9 105.0 0.0 -1.0 -1.0 -1.0 0.0 0.3299250739725966 0.3319330150830526 0.33814191094435064
9 106.0 0.0 -1.0 -1.0 -1.0 0.0 0.3238335300797254 0.3357601073137573 0.3404063626065176
9 107.0 0.0 -1.0 -1.0 -1.0 0.0 0.30326910299069476 0.33681091542399844 0.3599199815853071
9 108.0 0.0 -1.0 -1.0 -1.0 0.0 0.3269373453477118 0.3326472393780419 0.3404154152742464
9 109.0 0.0 -1.0 -1.0 -1.0 0.0 0.31422066535310256 0.33153380303350877 0.3542455316133886
9 110.0 0.0 -1.0 -1.0 -1.0 0.0 0.3147534766277594 0.3517729508913188 0.333473572480922
9 111.0 0.0 -1.0 -1.0 -1.0 0.0 0.3028559578142896 0.3668130768469707 0.3303309653387397
9 112.0 0.0 -1.0 -1.0 -1.0 0.0 0.33106915013660265 0.3445641138976262 0.32436673596577115
9 113.0 0.0 -1.0 -1.0 -1.0 0.0 0.33507743780338783 0.3381623617999072 0.3267602003967048
9 114.0 0.0 -1.0 -1.0 -1.0 0.0 0.3330283772097368 0.33393839533963 0.3330332274506334
9 115.0 0.0 -1.0 -1.0 -1.0 0.0 0.3052375944974809 0.33745178729698105 0.3573106182055379
9 116.0 0.0 -1.0 -1.0 -1.0 0.0 0.2727071403749041 0.3679119281986642 0.35938093142643185
9 117.0 0.0 -1.0 -1.0 -1.0 0.0 0.2750237743509365 0.37791968274068855 0.34705654290837507
9 118.0 0.0 -1.0 -1.0 -1.0 0.0 0.2955307016797238 0.39686868533916103 0.30760061298111513
9 119.0 0.0 -1.0 -1.0 -1.0 0.0 0.30729362664735316 0.38150860653718044 0.31119776681546646
9 120.0 0.0 -1.0 -1.0 -1.0 0.0 0.3006648238553792 0.38681918244030017 0.3125159937043208
9 121.0 0.0 -1.0 -1.0 -1.0 0.0 0.29921859526511274 0.37126967326513755 0.32951173146974994
9 122.0 0.0 -1.0 -1.0 -1.0 0.0 0.29146805932167025 0.36677121120581924 0.3417607294725106
9 123.0 0.0 -1.0 -1.0 -1.0 0.0 0.2856151660075979 0.34295882006136635 0.37142601393103575
9 124.0 0.0 -1.0 -1.0 -1.0 0.0 0.2736663603575327 0.3332977943905895 0.39303584525187746
9 125.0 0.0 -1.0 -1.0 -1.0 0.0 0.2606333746980225 0.33685863434383445 0.4025079909581434
9 126.0 0.0 -1.0 -1.0 -1.0 0.0 0.26192416387912165 0.30650691153043685 0.4315689245904417
9 127.0 0.0 -1.0 -1.0 -1.0 0.0 0.27588407415343796 0.3119517004961762 0.4121642253503859
9 128.0 0.0 -1.0 -1.0 -1.0 0.0 0.30631320665022327 0.3063433378340766 0.3873434555157001
9 129.0 0.0 -1.0 -1.0 -1.0 0.0 0.3065152367543063 0.31113004661281024 0.38235471663288345
9 130.0 0.0 -1.0 -1.0 -1.0 0.0 0.3003444008066867 0.317486681831864 0.38216891736144926
9 131.0 0.0 -1.0 -1.0 -1.0 0.0 0.342440429098356 0.2935956484893092 0.3639639224123348
9 132.0 0.0 -1.0 -1.0 -1.0 0.0 0.34384164180593324 0.2947141694880633 0.3614441887060034
9 133.0 0.0 -1.0 -1.0 -1.0 0.0 0.34731369715323623 0.2972274311901323 0.3554588716566316
9 134.0 0.0 -1.0 -1.0 -1.0 0.0 0.361842586619918 0.2732821611523965 0.36487525222768546
9 135.0 0.0 -1.0 -1.0 -1.0 0.0 0.3713524563993777 0.2906921213993859 0.3379554222012365
9 136.0 0.0 -1.0 -1.0 -1.0 0.0 0.3318609247598602 0.3266689345798882 0.34147014066025155
9 137.0 0.0 -1.0 -1.0 -1.0 0.0 0.34293476424801206 0.3191783481087814 0.3378868876432066
9 138.0 0.0 -1.0 -1.0 -1.0 0.0 0.34539359079104204 0.3162611367676693 0.3383452724412886
9 139.0 0.0 -1.0 -1.0 -1.0 0.0 0.33318777929479076 0.3296051138648146 0.3372071068403945
9 140.0 0.0 -1.0 -1.0 -1.0 0.0 0.3280454355051469 0.3130548919045771 0.358899672590276
9 141.0 0.0 -1.0 -1.0 -1.0 0.0 0.32695244262887857 0.3056694790558976 0.36737807831522384
9 142.0 0.0 -1.0 -1.0 -1.0 0.0 0.31981010786491837 0.3259190836531139 0.3542708084819679
9 143.0 0.0 -1.0 -1.0 -1.0 0.0 0.3250581028000337 0.3282787620113913 0.3466631351885748
9 144.0 0.0 -1.0 -1.0 -1.0 0.0 0.3159650601345765 0.3383539151385314 0.34568102472689205
9 145.0 0.0 -1.0 -1.0 -1.0 0.0 0.34754710361920405 0.3016448101301615 0.3508080862506347
9 146.0 0.0 -1.0 -1.0 -1.0 0.0 0.35467073982522845 0.2994139320735307 0.34591532810124087
9 147.0 0.0 -1.0 -1.0 -1.0 0.0 0.3636019761025245 0.30955093534848194 0.3268470885489939
9 148.0 0.0 -1.0 -1.0 -1.0 0.0 0.3559275595468164 0.3038151583531354 0.3402572821000483
9 149.0 0.0 -1.0 -1.0 -1.0 0.0 0.3543549641547674 0.31090663649007355 0.3347383993551593
9 150.0 0.0 -1.0 -1.0 -1.0 0.0 0.35109294576693456 0.2944315517949346 0.3544755024381308
9 151.0 0.0 -1.0 -1.0 -1.0 0.0 0.35340215966470695 0.30649976200718615 0.340098078328107
9 152.0 0.0 -1.0 -1.0 -1.0 0.0 0.34788758549703913 0.28627892553408474 0.36583348896887613
9 153.0 0.0 -1.0 -1.0 -1.0 0.0 0.3853847794949278 0.28018190759771433 0.3344333129073577
9 154.0 0.0 -1.0 -1.0 -1.0 0.0 0.36717726197986245 0.3015939593864206 0.3312287786337169
9 155.0 0.0 -1.0 -1.0 -1.0 0.0 0.35144320790545913 0.32207276486473035 0.32648402722981046
9 156.0 0.0 -1.0 -1.0 -1.0 0.0 0.3783233114946301 0.3172734476994987 0.30440324080587106
9 157.0 0.0 -1.0 -1.0 -1.0 0.0 0.4033121976579346 0.2951100664657105 0.30157773587635467
9 158.0 0.0 -1.0 -1.0 -1.0 0.0 0.3822556508153698 0.30978427897986127 0.3079600702047691
9 159.0 0.0 -1.0 -1.0 -1.0 0.0 0.36735646216182727 0.33420892310729067 0.29843461473088206
9 160.0 0.0 -1.0 -1.0 -1.0 0.0 0.3887306318649084 0.3311617148734712 0.28010765326162035
9 161.0 0.0 -1.0 -1.0 -1.0 0.0 0.3768327536157639 0.31691469342792816 0.3062525529563079
9 162.0 0.0 -1.0 -1.0 -1.0 0.0 0.35713047464383396 0.3083328432594234 0.3345366820967427
9 163.0 0.0 -1.0 -1.0 -1.0 0.0 0.33743981719901095 0.3134074725877172 0.3491527102132721
9 164.0 0.0 -1.0 -1.0 -1.0 0.0 0.3213744684725064 0.306757357956591 0.3718681735709028
9 165.0 0.0 -1.0 -1.0 -1.0 0.0 0.31769727408506393 0.3321943217626168 0.35010840415231903
9 166.0 0.0 -1.0 -1.0 -1.0 0.0 0.32727340295931934 0.2974128340242576 0.3753137630164231
9 167.0 0.0 -1.0 -1.0 -1.0 0.0 0.3487584360963288 0.2788915421150458 0.37235002178862525
9 168.0 0.0 -1.0 -1.0 -1.0 0.0 0.3601632924999153 0.2643672936315879 0.3754694138684965
9 169.0 0.0 -1.0 -1.0 -1.0 0.0 0.3512150826611464 0.27769238259558987 0.37109253474326365
9 170.0 0.0 -1.0 -1.0 -1.0 0.0 0.3335499490237859 0.28796401707171976 0.37848603390449465
9 171.0 0.0 -1.0 -1.0 -1.0 0.0 0.34458430434563814 0.2767919676238969 0.37862372803046473
9 172.0 0.0 -1.0 -1.0 -1.0 0.0 0.3407850542519297 0.2889719432494682 0.37024300249860204
9 173.0 0.0 -1.0 -1.0 -1.0 0.0 0.33637466382339204 0.31079949341784496 0.35282584275876316
9 174.0 0.0 -1.0 -1.0 -1.0 0.0 0.333151989945677 0.3263575382754642 0.3404904717788586
9 175.0 0.0 -1.0 -1.0 -1.0 0.0 0.32372285131164963 0.33266666935520517 0.34361047933314515
9 176.0 0.0 -1.0 -1.0 -1.0 0.0 0.3394287457767178 0.3179500428520916 0.34262121137119067
9 177.0 0.0 -1.0 -1.0 -1.0 0.0 0.30904139746262066 0.37627780069558087 0.31468080184179853
9 178.0 0.0 -1.0 -1.0 -1.0 0.0 0.33170390978409847 0.35876905472687926 0.3095270354890222
9 179.0 0.0 -1.0 -1.0 -1.0 0.0 0.3312666623111311 0.3515605148509235 0.3171728228379455
9 180.0 0.0 -1.0 -1.0 -1.0 0.0 0.32277853222872754 0.31996567477695953 0.357255792994313
9 181.0 0.0 -1.0 -1.0 -1.0 0.0 0.3033428063259651 0.3188451032628634 0.3778120904111714
9 182.0 0.0 -1.0 -1.0 -1.0 0.0 0.30946277609340156 0.30051825126884774 0.3900189726377504
9 183.0 0.0 -1.0 -1.0 -1.0 0.0 0.35023144894655667 0.3066311751672557 0.3431373758861876
9 184.0 0.0 -1.0 -1.0 -1.0 0.0 0.3653414649363579 0.28842566539538506 0.3462328696682571
9 185.0 0.0 -1.0 -1.0 -1.0 0.0 0.3934363499039768 0.31862580180627653 0.28793784828974656
9 186.0 0.0 -1.0 -1.0 -1.0 0.0 0.3816339621197035 0.31722951479103645 0.30113652308926
9 187.0 0.0 -1.0 -1.0 -1.0 0.0 0.3660467400319496 0.31645995877673416 0.31749330119131625
9 188.0 0.0 -1.0 -1.0 -1.0 0.0 0.38621020045688953 0.299003119857348 0.3147866796857625
9 189.0 0.0 -1.0 -1.0 -1.0 0.0 0.3861608632983428 0.29727039572142216 0.31656874098023513
9 190.0 0.0 -1.0 -1.0 -1.0 0.0 0.36275112679723265 0.3157600896121116 0.32148878359065564
9 191.0 0.0 -1.0 -1.0 -1.0 0.0 0.3441571010985134 0.33803549532353294 0.3178074035779536
9 192.0 0.0 -1.0 -1.0 -1.0 0.0 0.33180579539251975 0.33692721618007276 0.3312669884274073
9 193.0 0.0 -1.0 -1.0 -1.0 0.0 0.32498977954703695 0.3365943588532627 0.33841586159970044
9 194.0 0.0 -1.0 -1.0 -1.0 0.0 0.3191959415320794 0.3321102304365877 0.34869382803133275
9 195.0 0.0 -1.0 -1.0 -1.0 0.0 0.3180329684835831 0.35319998864471336 0.3287670428717034
9 196.0 0.0 -1.0 -1.0 -1.0 0.0 0.3133151673851011 0.35753951898071734 0.3291453136341815
9 197.0 0.0 -1.0 -1.0 -1.0 0.0 0.30606464562106017 0.3459642879828412 0.347971066396099
9 198.0 0.0 -1.0 -1.0 -1.0 0.0 0.3174558504878581 0.3538385909366262 0.3287055585755157
9 199.0 0.0 -1.0 -1.0 -1.0 0.0 0.324034924177941 0.35122415771364096 0.32474091810841804
9 200.0 0.0 -1.0 -1.0 -1.0 0.0 0.33148434055826637 0.35363032813260886 0.31488533130912466
9 201.0 0.0 -1.0 -1.0 -1.0 0.0 0.32543138931317217 0.3421791579567451 0.33238945273008275
9 202.0 0.0 -1.0 -1.0 -1.0 0.0 0.3022937708318239 0.3845370180768067 0.31316921109136925
9 203.0 0.0 -1.0 -1.0 -1.0 0.0 0.3170043062372014 0.38403362642016 0.2989620673426386
9 204.0 0.0 -1.0 -1.0 -1.0 0.0 0.2935341386076841 0.3810697962627161 0.3253960651295994
9 205.0 0.0 -1.0 -1.0 -1.0 0.0 0.3053520172817921 0.36846792168681725 0.3261800610313907
9 206.0 0.0 -1.0 -1.0 -1.0 0.0 0.30814031952148196 0.363219718187134 0.32863996229138404
9 207.0 0.0 -1.0 -1.0 -1.0 0.0 0.31725861280895024 0.35453198353756443 0.3282094036534852
9 208.0 0.0 -1.0 -1.0 -1.0 0.0 0.333585124246836 0.3495182769634823 0.31689659878968174
9 209.0 0.0 -1.0 -1.0 -1.0 0.0 0.33115526461768746 0.3457512778909535 0.32309345749135887
9 210.0 0.0 -1.0 -1.0 -1.0 0.0 0.3140286798409727 0.34822846438120614 0.33774285577782115
9 211.0 0.0 -1.0 -1.0 -1.0 0.0 0.3085212561535975 0.3464710549905387 0.34500768885586375
9 212.0 0.0 -1.0 -1.0 -1.0 0.0 0.34075364695830396 0.3334322777149596 0.3258140753267363
9 213.0 0.0 -1.0 -1.0 -1.0 0.0 0.33739832869376946 0.3284172128326038 0.3341844584736266
9 214.0 0.0 -1.0 -1.0 -1.0 0.0 0.34481915590419154 0.2947950215386523 0.3603858225571561
9 215.0 0.0 -1.0 -1.0 -1.0 0.0 0.3349830082012181 0.31249921283643567 0.3525177789623462
9 216.0 0.0 -1.0 -1.0 -1.0 0.0 0.3521455263510926 0.3223819082222124 0.3254725654266948
9 217.0 0.0 -1.0 -1.0 -1.0 0.0 0.3441111015434056 0.33016767753759674 0.3257212209189977
9 218.0 0.0 -1.0 -1.0 -1.0 0.0 0.3401958426062632 0.3230399041679508 0.33676425322578596
9 219.0 0.0 -1.0 -1.0 -1.0 0.0 0.36150659647256833 0.3098764437378281 0.3286169597896035
9 220.0 0.0 -1.0 -1.0 -1.0 0.0 0.3249520597467943 0.33520751588917314 0.3398404243640323
9 221.0 0.0 -1.0 -1.0 -1.0 0.0 0.3655906447389225 0.3213780649546104 0.31303129030646715
9 222.0 0.0 -1.0 -1.0 -1.0 0.0 0.3779227406192197 0.342865323377969 0.2792119360028112
9 223.0 0.0 -1.0 -1.0 -1.0 0.0 0.3613175486820995 0.35681841919066687 0.281864032127234
9 224.0 0.0 -1.0 -1.0 -1.0 0.0 0.37802697906357785 0.32846841904034657 0.2935046018960754
9 225.0 0.0 -1.0 -1.0 -1.0 0.0 0.3887688589952617 0.32129357718296986 0.2899375638217684
9 226.0 0.0 -1.0 -1.0 -1.0 0.0 0.3757719208201154 0.3129124770578453 0.3113156021220394
9 227.0 0.0 -1.0 -1.0 -1.0 0.0 0.3915669537329315 0.31234584717322844 0.29608719909384
9 228.0 0.0 -1.0 -1.0 -1.0 0.0 0.4042301386052364 0.2843667754014807 0.3114030859932832
9 229.0 0.0 -1.0 -1.0 -1.0 0.0 0.37452169430615284 0.31788127515256354 0.30759703054128357
9 230.0 0.0 -1.0 -1.0 -1.0 0.0 0.37277389493899327 0.2954315888858916 0.33179451617511513
9 231.0 0.0 -1.0 -1.0 -1.0 0.0 0.3585818485217912 0.30261399045720777 0.33880416102100097
9 232.0 0.0 -1.0 -1.0 -1.0 0.0 0.39403911322118196 0.2782102958111836 0.32775059096763465
9 233.0 0.0 -1.0 -1.0 -1.0 0.0 0.38297060584534814 0.31372392306705627 0.30330547108759537
9 234.0 0.0 -1.0 -1.0 -1.0 0.0 0.35915721261514544 0.33332272402985835 0.3075200633549963
9 235.0 0.0 -1.0 -1.0 -1.0 0.0 0.3474957672622236 0.3400668787801009 0.3124373539576755
9 236.0 0.0 -1.0 -1.0 -1.0 0.0 0.36896583927074644 0.3436335626575716 0.28740059807168217
9 237.0 0.0 -1.0 -1.0 -1.0 0.0 0.37251273388476364 0.34689614322150064 0.2805911228937358
9 238.0 0.0 -1.0 -1.0 -1.0 0.0 0.38712817689802487 0.343296767050997 0.26957505605097837
9 239.0 0.0 -1.0 -1.0 -1.0 0.0 0.39001916368896855 0.3264443182790031 0.2835365180320283
9 240.0 0.0 -1.0 -1.0 -1.0 0.0 0.4076999210724196 0.321842216244614 0.27045786268296673
9 241.0 0.0 -1.0 -1.0 -1.0 0.0 0.3939705515627933 0.3234851445976219 0.28254430383958506
9 242.0 0.0 -1.0 -1.0 -1.0 0.0 0.37478307899891516 0.32923383124784544 0.2959830897532394
9 243.0 0.0 -1.0 -1.0 -1.0 0.0 0.3921921839401378 0.3108581473870041 0.29694966867285794
9 244.0 0.0 -1.0 -1.0 -1.0 0.0 0.3688572763616014 0.3066404412674897 0.32450228237090883
9 245.0 0.0 -1.0 -1.0 -1.0 0.0 0.35032293125808295 0.30677784160431726 0.3428992271375996
9 246.0 0.0 -1.0 -1.0 -1.0 0.0 0.3293691068157221 0.33075739869653176 0.3398734944877459
9 247.0 0.0 -1.0 -1.0 -1.0 0.0 0.30010015965287856 0.3504190713224398 0.3494807690246815
9 248.0 0.0 -1.0 -1.0 -1.0 0.0 0.2932511794452663 0.33823533022933305 0.36851349032540043
9 249.0 0.0 -1.0 -1.0 -1.0 0.0 0.32123015180017656 0.3302576465413701 0.3485122016584535
9 250.0 0.0 -1.0 -1.0 -1.0 0.0 0.3122596758780294 0.3495453808821015 0.33819494323986937
9 251.0 0.0 -1.0 -1.0 -1.0 0.0 0.3277915184383339 0.34271228161481093 0.3294961999468551
9 252.0 0.0 -1.0 -1.0 -1.0 0.0 0.3354627373163278 0.34730507586219217 0.31723218682148013
9 253.0 0.0 -1.0 -1.0 -1.0 0.0 0.3412139281175582 0.322691337732028 0.3360947341504139
9 254.0 0.0 -1.0 -1.0 -1.0 0.0 0.3464071341839663 0.3077945752923776 0.3457982905236561
9 255.0 0.0 -1.0 -1.0 -1.0 0.0 0.333801930013617 0.3323785641058331 0.33381950588054954
9 256.0 0.0 -1.0 -1.0 -1.0 0.0 0.33698663799077466 0.3312064511527779 0.3318069108564473
9 257.0 0.0 -1.0 -1.0 -1.0 0.0 0.3299228963215011 0.32339981228032505 0.34667729139817366
9 258.0 0.0 -1.0 -1.0 -1.0 0.0 0.3276861651899399 0.3492468877850221 0.32306694702503813
9 259.0 0.0 -1.0 -1.0 -1.0 0.0 0.3255377467453876 0.3493227365865982 0.32513951666801444
9 260.0 0.0 -1.0 -1.0 -1.0 0.0 0.336119394173788 0.34574119471466125 0.31813941111155086
9 261.0 0.0 -1.0 -1.0 -1.0 0.0 0.3415617609455773 0.32837669159119715 0.33006154746322564
9 262.0 0.0 -1.0 -1.0 -1.0 0.0 0.37564021851173024 0.31341802356778925 0.3109417579204803
9 263.0 0.0 -1.0 -1.0 -1.0 0.0 0.3580664562513524 0.3108420475192341 0.3310914962294136
9 264.0 0.0 -1.0 -1.0 -1.0 0.0 0.3725978441955731 0.320745553612089 0.3066566021923379
9 265.0 0.0 -1.0 -1.0 -1.0 0.0 0.3734793325421212 0.3154531494862113 0.3110675179716674
9 266.0 0.0 -1.0 -1.0 -1.0 0.0 0.38173976421487615 0.3031801551535104 0.31508008063161336
9 267.0 0.0 -1.0 -1.0 -1.0 0.0 0.37486680192013644 0.2850077652876777 0.3401254327921861
9 268.0 0.0 -1.0 -1.0 -1.0 0.0 0.36921090463120165 0.29487673027322653 0.3359123650955718
9 269.0 0.0 -1.0 -1.0 -1.0 0.0 0.348232766367815 0.3092217045492094 0.34254552908297564
9 270.0 0.0 -1.0 -1.0 -1.0 0.0 0.32699546182635336 0.3303011743451992 0.3427033638284475
9 271.0 0.0 -1.0 -1.0 -1.0 0.0 0.3475728649504364 0.32544931228668567 0.3269778227628781
9 272.0 0.0 -1.0 -1.0 -1.0 0.0 0.3423239983967696 0.31681646606330865 0.3408595355399218
9 273.0 0.0 -1.0 -1.0 -1.0 0.0 0.3775664014668807 0.3008566712620274 0.321576927271092
9 274.0 0.0 -1.0 -1.0 -1.0 0.0 0.36367921629850364 0.30893205122220196 0.3273887324792943
9 275.0 0.0 -1.0 -1.0 -1.0 0.0 0.3231872428328988 0.34158998841350596 0.33522276875359525
9 276.0 0.0 -1.0 -1.0 -1.0 0.0 0.3182213457744734 0.33933532207871586 0.3424433321468107
9 277.0 0.0 -1.0 -1.0 -1.0 0.0 0.3119771233987839 0.3268344635480675 0.3611884130531486
9 278.0 0.0 -1.0 -1.0 -1.0 0.0 0.3150446219451798 0.3249698085050838 0.3599855695497363
9 279.0 0.0 -1.0 -1.0 -1.0 0.0 0.3059989392734419 0.33681886086935015 0.35718219985720795
9 280.0 0.0 -1.0 -1.0 -1.0 0.0 0.3217937853910133 0.35121023751346014 0.3269959770955266
9 281.0 0.0 -1.0 -1.0 -1.0 0.0 0.31968777965835954 0.3704988805386423 0.3098133398029981
9 282.0 0.0 -1.0 -1.0 -1.0 0.0 0.3314021836615616 0.3534605815295031 0.3151372348089353
9 283.0 0.0 -1.0 -1.0 -1.0 0.0 0.33618368111467306 0.3346349041144771 0.3291814147708499
9 284.0 0.0 -1.0 -1.0 -1.0 0.0 0.367054283911705 0.3218134496522766 0.31113226643601816
9 285.0 0.0 -1.0 -1.0 -1.0 0.0 0.3127215292303944 0.33817350576018584 0.3491049650094195
9 286.0 0.0 -1.0 -1.0 -1.0 0.0 0.31594720770011864 0.34726025728279564 0.3367925350170858
9 287.0 0.0 -1.0 -1.0 -1.0 0.0 0.3338721569285159 0.3384421884578856 0.3276856546135985
9 288.0 0.0 -1.0 -1.0 -1.0 0.0 0.3426844781621211 0.3239933496350703 0.33332217220280846
9 289.0 0.0 -1.0 -1.0 -1.0 0.0 0.3388458885737405 0.3169858623773862 0.34416824904887344
9 290.0 0.0 -1.0 -1.0 -1.0 0.0 0.35225247666876136 0.3369284821687041 0.31081904116253456
9 291.0 0.0 -1.0 -1.0 -1.0 0.0 0.35218213645802576 0.3399201069467448 0.3078977565952296
9 292.0 0.0 -1.0 -1.0 -1.0 0.0 0.3530830898168179 0.3304908186236052 0.31642609155957685
9 293.0 0.0 -1.0 -1.0 -1.0 0.0 0.35092044798472777 0.31781101420741975 0.3312685378078525
9 294.0 0.0 -1.0 -1.0 -1.0 0.0 0.36061146664888755 0.33546158459469555 0.3039269487564167
9 295.0 0.0 -1.0 -1.0 -1.0 0.0 0.3880278007503379 0.3010879955085872 0.310884203741075
9 296.0 0.0 -1.0 -1.0 -1.0 0.0 0.3922113373089449 0.3144852367971181 0.29330342589393715
9 297.0 0.0 -1.0 -1.0 -1.0 0.0 0.3655271294897478 0.3093181918854161 0.3251546786248361
9 298.0 0.0 -1.0 -1.0 -1.0 0.0 0.3502218588179475 0.3118824389581314 0.33789570222392096
9 299.0 0.0 -1.0 -1.0 -1.0 0.0 0.32705555867766684 0.3350260785143984 0.3379183628079348
9 300.0 0.0 -1.0 -1.0 -1.0 0.0 0.3570765649388214 0.3159467124138947 0.3269767226472839
9 301.0 0.0 -1.0 -1.0 -1.0 0.0 0.34564215941688253 0.3313719879768024 0.3229858526063152
9 302.0 0.0 -1.0 -1.0 -1.0 0.0 0.33459320391631264 0.33591893343275275 0.32948786265093455
9 303.0 0.0 -1.0 -1.0 -1.0 0.0 0.33511433137808233 0.34217628084673474 0.3227093877751828
9 304.0 0.0 -1.0 -1.0 -1.0 0.0 0.32477761225439505 0.35565765324746157 0.3195647344981434
9 305.0 0.0 -1.0 -1.0 -1.0 0.0 0.30781279749332047 0.34303106970953207 0.34915613279714763
9 306.0 0.0 -1.0 -1.0 -1.0 0.0 0.3478626035507934 0.31742254340873266 0.3347148530404738
9 307.0 0.0 -1.0 -1.0 -1.0 0.0 0.36125491012188016 0.3295961083377398 0.3091489815403802
9 308.0 0.0 -1.0 -1.0 -1.0 0.0 0.38095739656758887 0.3074182544679546 0.31162434896445645
9 309.0 0.0 -1.0 -1.0 -1.0 0.0 0.3808651312757707 0.2992231297697277 0.31991173895450176
9 310.0 0.0 -1.0 -1.0 -1.0 0.0 0.3666870301309946 0.33062996396920785 0.3026830058997973
9 311.0 0.0 -1.0 -1.0 -1.0 0.0 0.35129041091821456 0.33070761259406845 0.31800197648771705
9 312.0 0.0 -1.0 -1.0 -1.0 0.0 0.3480148386988528 0.3349082346792453 0.3170769266219019
9 313.0 0.0 -1.0 -1.0 -1.0 0.0 0.3144473040953072 0.3548168690245682 0.33073582688012443
9 314.0 0.0 -1.0 -1.0 -1.0 0.0 0.3381748633187213 0.3425124766511745 0.31931266003010395
9 315.0 0.0 -1.0 -1.0 -1.0 0.0 0.3215864144460054 0.33719360100510626 0.34121998454888824
9 316.0 0.0 -1.0 -1.0 -1.0 0.0 0.31675829710642756 0.34191590241851344 0.3413258004750592
9 317.0 0.0 -1.0 -1.0 -1.0 0.0 0.33694847276369055 0.3393093010489486 0.3237422261873613
9 318.0 0.0 -1.0 -1.0 -1.0 0.0 0.34617724671060857 0.33677283010905357 0.3170499231803381
9 319.0 0.0 -1.0 -1.0 -1.0 0.0 0.3268019253497468 0.3444813450200094 0.3287167296302437
9 320.0 0.0 -1.0 -1.0 -1.0 0.0 0.3124386896489396 0.35694086962192245 0.33062044072913804
9 321.0 0.0 -1.0 -1.0 -1.0 0.0 0.3353064200960603 0.3387254685999068 0.325968111304033
9 322.0 0.0 -1.0 -1.0 -1.0 0.0 0.33285907333057074 0.3354100816308822 0.33173084503854716
9 323.0 0.0 -1.0 -1.0 -1.0 0.0 0.3147627848789805 0.3513329918050237 0.33390422331599573
9 324.0 0.0 -1.0 -1.0 -1.0 0.0 0.3234219769414574 0.3528479869920504 0.3237300360664921
9 325.0 0.0 -1.0 -1.0 -1.0 0.0 0.3282670866904567 0.3385641906375379 0.3331687226720056
9 326.0 0.0 -1.0 -1.0 -1.0 0.0 0.335081371878586 0.34475232497617825 0.3201663031452357
9 327.0 0.0 -1.0 -1.0 -1.0 0.0 0.35333882451349913 0.3363699581303274 0.3102912173561736
9 328.0 0.0 -1.0 -1.0 -1.0 0.0 0.34462388401608424 0.32695118836652476 0.3284249276173911
9 329.0 0.0 -1.0 -1.0 -1.0 0.0 0.3320038941658231 0.33436170826563183 0.3336343975685449
9 330.0 0.0 -1.0 -1.0 -1.0 0.0 0.33706849493859453 0.3132155615062157 0.34971594355518953
9 331.0 0.0 -1.0 -1.0 -1.0 0.0 0.35265249878203164 0.3137868387796696 0.33356066243829857
9 332.0 0.0 -1.0 -1.0 -1.0 0.0 0.3359575355048871 0.31767552092646745 0.34636694356864567
9 333.0 0.0 -1.0 -1.0 -1.0 0.0 0.3410921156947049 0.31097217567222585 0.34793570863306944
9 334.0 0.0 -1.0 -1.0 -1.0 0.0 0.32550087146083684 0.32078916459844103 0.35370996394072207
9 335.0 0.0 -1.0 -1.0 -1.0 0.0 0.3097123978149144 0.3425373037444707 0.3477502984406148
9 336.0 0.0 -1.0 -1.0 -1.0 0.0 0.28893541638205844 0.3684178557450775 0.34264672787286377
9 337.0 0.0 -1.0 -1.0 -1.0 0.0 0.30643944237715615 0.35975427901068646 0.33380627861215734
9 338.0 0.0 -1.0 -1.0 -1.0 0.0 0.3198116110996529 0.3420877692149955 0.33810061968535166
9 339.0 0.0 -1.0 -1.0 -1.0 0.0 0.29853644966359627 0.3624091719724478 0.3390543783639561
9 340.0 0.0 -1.0 -1.0 -1.0 0.0 0.3097668169847839 0.35988568167550844 0.33034750133970747
9 341.0 0.0 -1.0 -1.0 -1.0 0.0 0.3221219553761488 0.38422165398307884 0.29365639064077265
9 342.0 0.0 -1.0 -1.0 -1.0 0.0 0.3384221908426681 0.3804171179718061 0.2811606911855261
9 343.0 0.0 -1.0 -1.0 -1.0 0.0 0.33128184462220944 0.36551488175802743 0.30320327361976307
9 344.0 0.0 -1.0 -1.0 -1.0 0.0 0.3203583744767491 0.36610610024463086 0.31353552527861994
9 345.0 0.0 -1.0 -1.0 -1.0 0.0 0.3278236388147576 0.3330915739363546 0.33908478724888785
9 346.0 0.0 -1.0 -1.0 -1.0 0.0 0.29848890864172656 0.3493705956715933 0.3521404956866804
9 347.0 0.0 -1.0 -1.0 -1.0 0.0 0.277741362762853 0.35975997154213274 0.36249866569501416
9 348.0 0.0 -1.0 -1.0 -1.0 0.0 0.2810175900819889 0.3477625736720831 0.37121983624592814
9 349.0 0.0 -1.0 -1.0 -1.0 0.0 0.297812792178043 0.36926944726999694 0.33291776055196004
9 350.0 0.0 -1.0 -1.0 -1.0 0.0 0.31232968121293236 0.36985536545278513 0.31781495333428245
9 351.0 0.0 -1.0 -1.0 -1.0 0.0 0.31883654492629854 0.36663988018681004 0.31452357488689153
9 352.0 0.0 -1.0 -1.0 -1.0 0.0 0.3069245893884924 0.36367853478214196 0.3293968758293657
9 353.0 0.0 -1.0 -1.0 -1.0 0.0 0.2855609308705549 0.3728363275361384 0.34160274159330667
9 354.0 0.0 -1.0 -1.0 -1.0 0.0 0.30992593831117105 0.3652105866922161 0.32486347499661306
9 355.0 0.0 -1.0 -1.0 -1.0 0.0 0.2949942895285611 0.359393659287881 0.3456120511835579
9 356.0 0.0 -1.0 -1.0 -1.0 0.0 0.279465493409843 0.3789926975989075 0.34154180899124953
9 357.0 0.0 -1.0 -1.0 -1.0 0.0 0.2936070161797598 0.37654487499485534 0.32984810882538484
9 358.0 0.0 -1.0 -1.0 -1.0 0.0 0.30835007044967006 0.3244144791014945 0.3672354504488352
9 359.0 0.0 -1.0 -1.0 -1.0 0.0 0.3224325894038549 0.31206950913636233 0.36549790145978284
9 360.0 0.0 -1.0 -1.0 -1.0 0.0 0.32241863563108986 0.3106677544471878 0.3669136099217223
9 361.0 0.0 -1.0 -1.0 -1.0 0.0 0.30597737636253536 0.33560608713908147 0.3584165364983828
9 362.0 0.0 -1.0 -1.0 -1.0 0.0 0.3084235252071994 0.3487663861448754 0.34281008864792556
9 363.0 0.0 -1.0 -1.0 -1.0 0.0 0.30695026197185393 0.33960238622819927 0.353447351799947
9 364.0 0.0 -1.0 -1.0 -1.0 0.0 0.31957067428341385 0.3336090044298481 0.346820321286738
9 365.0 0.0 -1.0 -1.0 -1.0 0.0 0.32571326032257686 0.3314993895424278 0.3427873501349955
9 366.0 0.0 -1.0 -1.0 -1.0 0.0 0.3104619931424223 0.35104447090776747 0.3384935359498104
9 367.0 0.0 -1.0 -1.0 -1.0 0.0 0.32551512220122236 0.33393270816169435 0.34055216963708324
9 368.0 0.0 -1.0 -1.0 -1.0 0.0 0.3353254829695377 0.32824188088358425 0.33643263614687774
9 369.0 0.0 -1.0 -1.0 -1.0 0.0 0.3428797606433756 0.3497316128088653 0.30738862654775895
9 370.0 0.0 -1.0 -1.0 -1.0 0.0 0.3711001127351171 0.3168639691477624 0.3120359181171205
9 371.0 0.0 -1.0 -1.0 -1.0 0.0 0.3689333942841256 0.30334547159793623 0.3277211341179382
9 372.0 0.0 -1.0 -1.0 -1.0 0.0 0.3563074877203157 0.29781053001671903 0.3458819822629654
9 373.0 0.0 -1.0 -1.0 -1.0 0.0 0.35350859405965407 0.3055092222376103 0.3409821837027356
9 374.0 0.0 -1.0 -1.0 -1.0 0.0 0.32385253838586103 0.3144710898312922 0.3616763717828466
9 375.0 0.0 -1.0 -1.0 -1.0 0.0 0.32402258060076783 0.30802753904436214 0.36794988035486986
9 376.0 0.0 -1.0 -1.0 -1.0 0.0 0.33151178145084415 0.28827099878905005 0.380217219760106
9 377.0 0.0 -1.0 -1.0 -1.0 0.0 0.32486267614680403 0.30917697217840656 0.36596035167478946
9 378.0 0.0 -1.0 -1.0 -1.0 0.0 0.32441787477738865 0.33429028713103215 0.3412918380915792
9 379.0 0.0 -1.0 -1.0 -1.0 0.0 0.31308599623667843 0.34141637939844094 0.34549762436488046
9 380.0 0.0 -1.0 -1.0 -1.0 0.0 0.3440819097294446 0.3282487560764924 0.32766933419406286
9 381.0 0.0 -1.0 -1.0 -1.0 0.0 0.34608848615785137 0.33216978109177653 0.3217417327503723
9 382.0 0.0 -1.0 -1.0 -1.0 0.0 0.3359091882550232 0.32587936368588144 0.33821144805909525
9 383.0 0.0 -1.0 -1.0 -1.0 0.0 0.34826051851788237 0.29753791917566214 0.35420156230645555
9 384.0 0.0 -1.0 -1.0 -1.0 0.0 0.35081597172642065 0.2985140845157148 0.35066994375786437
9 385.0 0.0 -1.0 -1.0 -1.0 0.0 0.344006417357173 0.30716228388012295 0.34883129876270397
9 386.0 0.0 -1.0 -1.0 -1.0 0.0 0.35011827014683916 0.30648958861116393 0.343392141241997
9 387.0 0.0 -1.0 -1.0 -1.0 0.0 0.3525714359802626 0.32932822785926374 0.31810033616047356
9 388.0 0.0 -1.0 -1.0 -1.0 0.0 0.30567079364100436 0.35497868905753655 0.33935051730145926
9 389.0 0.0 -1.0 -1.0 -1.0 0.0 0.308851303716528 0.3535972001169499 0.33755149616652197
9 390.0 0.0 -1.0 -1.0 -1.0 0.0 0.32097285548706944 0.31455638842723826 0.36447075608569274
9 391.0 0.0 -1.0 -1.0 -1.0 0.0 0.3087594448041416 0.3134355840112278 0.37780497118463074
9 392.0 0.0 -1.0 -1.0 -1.0 0.0 0.3028946943257449 0.3239686971786357 0.37313660849561964
9 393.0 0.0 -1.0 -1.0 -1.0 0.0 0.3272370220567261 0.30516204358144006 0.3676009343618338
9 394.0 0.0 -1.0 -1.0 -1.0 0.0 0.3339115751404185 0.2916441019919287 0.3744443228676526
9 395.0 0.0 -1.0 -1.0 -1.0 0.0 0.31702044751530206 0.3158157584891613 0.3671637939955367
9 396.0 0.0 -1.0 -1.0 -1.0 0.0 0.3119935284518767 0.3121433827862827 0.3758630887618408
9 397.0 0.0 -1.0 -1.0 -1.0 0.0 0.289995637357757 0.32028799314756434 0.38971636949467864
9 398.0 0.0 -1.0 -1.0 -1.0 0.0 0.29033524764085505 0.32175521190355283 0.3879095404555922
9 399.0 0.0 -1.0 -1.0 -1.0 0.0 0.3132748323404701 0.3301678777855249 0.3565572898740049
9 400.0 0.0 -1.0 -1.0 -1.0 0.0 0.3320042204069557 0.32643672135695356 0.3415590582360906
9 401.0 0.0 -1.0 -1.0 -1.0 0.0 0.35885878671506594 0.2929200027082999 0.34822121057663386
9 402.0 0.0 -1.0 -1.0 -1.0 0.0 0.35445148324413417 0.28964342183135144 0.35590509492451455
9 403.0 0.0 -1.0 -1.0 -1.0 0.0 0.3558710540530266 0.29225911555805967 0.35186983038891356
9 404.0 0.0 -1.0 -1.0 -1.0 0.0 0.3858477566114166 0.29279994380430446 0.3213522995842788
9 405.0 0.0 -1.0 -1.0 -1.0 0.0 0.3564883924000787 0.29546139047701614 0.3480502171229052
9 406.0 0.0 -1.0 -1.0 -1.0 0.0 0.3658541305612186 0.3028595382386573 0.3312863312001244
9 407.0 0.0 -1.0 -1.0 -1.0 0.0 0.35131610524997575 0.29018809934402523 0.3584957954059995
9 408.0 0.0 -1.0 -1.0 -1.0 0.0 0.3424855598930041 0.28284492889086366 0.3746695112161321
9 409.0 0.0 -1.0 -1.0 -1.0 0.0 0.3686413710128018 0.2812272877143063 0.35013134127289197
9 410.0 0.0 -1.0 -1.0 -1.0 0.0 0.3956290131150862 0.2688068931995257 0.3355640936853883
9 411.0 0.0 -1.0 -1.0 -1.0 0.0 0.37080326963300286 0.2677337013631792 0.36146302900381805
9 412.0 0.0 -1.0 -1.0 -1.0 0.0 0.39772828538473426 0.2675716998729371 0.33470001474232847
9 413.0 0.0 -1.0 -1.0 -1.0 0.0 0.3794084607178892 0.28035253417936545 0.3402390051027456
9 414.0 0.0 -1.0 -1.0 -1.0 0.0 0.3560760426351455 0.31569596178064846 0.3282279955842061
9 415.0 0.0 -1.0 -1.0 -1.0 0.0 0.35063749416003676 0.30261253254554493 0.3467499732944186
9 416.0 0.0 -1.0 -1.0 -1.0 0.0 0.3605509945442171 0.31434666038136305 0.3251023450744197
9 417.0 0.0 -1.0 -1.0 -1.0 0.0 0.3665187835667746 0.3094223670107563 0.32405884942246915
9 418.0 0.0 -1.0 -1.0 -1.0 0.0 0.3623912564035941 0.30287240398121784 0.3347363396151881
9 419.0 0.0 -1.0 -1.0 -1.0 0.0 0.3655353140773449 0.3113968814600982 0.32306780446255673
9 420.0 0.0 -1.0 -1.0 -1.0 0.0 0.33036959875086275 0.34085921934930513 0.32877118189983195
9 421.0 0.0 -1.0 -1.0 -1.0 0.0 0.33584795407443535 0.3634568885257772 0.30069515739978764
9 422.0 0.0 -1.0 -1.0 -1.0 0.0 0.31022400285625273 0.3537837000252279 0.3359922971185195
9 423.0 0.0 -1.0 -1.0 -1.0 0.0 0.3028112201135817 0.36265022922240087 0.3345385506640173
9 424.0 0.0 -1.0 -1.0 -1.0 0.0 0.3104521128391903 0.36232290503458936 0.3272249821262204
9 425.0 0.0 -1.0 -1.0 -1.0 0.0 0.3131003522027331 0.383602117122087 0.3032975306751798
9 426.0 0.0 -1.0 -1.0 -1.0 0.0 0.31224831754349086 0.37231620940510185 0.3154354730514075
9 427.0 0.0 -1.0 -1.0 -1.0 0.0 0.3133488733345661 0.3721310109482589 0.3145201157171752
9 428.0 0.0 -1.0 -1.0 -1.0 0.0 0.3176719251036526 0.37944806793889624 0.3028800069574511
9 429.0 0.0 -1.0 -1.0 -1.0 0.0 0.3074170559815832 0.3898358285791093 0.30274711543930743
9 430.0 0.0 -1.0 -1.0 -1.0 0.0 0.31704986273620256 0.34814125462770157 0.33480888263609576
9 431.0 0.0 -1.0 -1.0 -1.0 0.0 0.3292311888282451 0.35880572399578237 0.3119630871759726
9 432.0 0.0 -1.0 -1.0 -1.0 0.0 0.34038550791358674 0.37776398714803433 0.28185050493837893
9 433.0 0.0 -1.0 -1.0 -1.0 0.0 0.34786947827601084 0.39383502876189225 0.25829549296209714
9 434.0 0.0 -1.0 -1.0 -1.0 0.0 0.33721169770668175 0.3783140530914 0.2844742492019184
9 435.0 0.0 -1.0 -1.0 -1.0 0.0 0.3177609749129977 0.39825829424829196 0.28398073083871045
9 436.0 0.0 -1.0 -1.0 -1.0 0.0 0.34181981747273604 0.3931735417895203 0.2650066407377437
9 437.0 0.0 -1.0 -1.0 -1.0 0.0 0.3349964367047894 0.3833136204993242 0.28168994279588644
9 438.0 0.0 -1.0 -1.0 -1.0 0.0 0.33856024583752636 0.36417795008692394 0.29726180407554986
9 439.0 0.0 -1.0 -1.0 -1.0 0.0 0.34378968000025595 0.36344850275962715 0.29276181724011713
9 440.0 0.0 -1.0 -1.0 -1.0 0.0 0.3354420762462229 0.369766182848484 0.2947917409052932
9 441.0 0.0 -1.0 -1.0 -1.0 0.0 0.35804654734260305 0.34414695910788545 0.2978064935495118
9 442.0 0.0 -1.0 -1.0 -1.0 0.0 0.3500613707895724 0.36460375873630485 0.2853348704741231
9 443.0 0.0 -1.0 -1.0 -1.0 0.0 0.33210034032060437 0.3507931601832729 0.3171064994961231
9 444.0 0.0 -1.0 -1.0 -1.0 0.0 0.33114579022135365 0.3401610163175839 0.3286931934610623
9 445.0 0.0 -1.0 -1.0 -1.0 0.0 0.3456738210568762 0.3295478328353814 0.3247783461077425
9 446.0 0.0 -1.0 -1.0 -1.0 0.0 0.34063161274347453 0.34701958556846846 0.312348801688057
9 447.0 0.0 -1.0 -1.0 -1.0 0.0 0.32152288024685277 0.36326266915618033 0.315214450596967
9 448.0 0.0 -1.0 -1.0 -1.0 0.0 0.3344755542226907 0.3425609751761659 0.32296347060114355
9 449.0 0.0 -1.0 -1.0 -1.0 0.0 0.324025090269052 0.34360318187315203 0.33237172785779606
9 450.0 0.0 -1.0 -1.0 -1.0 0.0 0.3529711924053656 0.3375777352050459 0.3094510723895882
9 451.0 0.0 -1.0 -1.0 -1.0 0.0 0.34114455959747675 0.32223216327736665 0.33662327712515655
9 452.0 0.0 -1.0 -1.0 -1.0 0.0 0.3412614064592968 0.31845494571005584 0.3402836478306474
9 453.0 0.0 -1.0 -1.0 -1.0 0.0 0.3360094422309021 0.3121206447958846 0.3518699129732133
9 454.0 0.0 -1.0 -1.0 -1.0 0.0 0.34274630088661767 0.34995393548181597 0.3072997636315665
9 455.0 0.0 -1.0 -1.0 -1.0 0.0 0.32285212986672845 0.3582881689936515 0.31885970113962003
9 456.0 0.0 -1.0 -1.0 -1.0 0.0 0.3346916243022298 0.34397696090118335 0.32133141479658694
9 457.0 0.0 -1.0 -1.0 -1.0 0.0 0.31732606559082654 0.35568252660310956 0.3269914078060639
9 458.0 0.0 -1.0 -1.0 -1.0 0.0 0.32472528308544346 0.35908425283348094 0.3161904640810755
9 459.0 0.0 -1.0 -1.0 -1.0 0.0 0.33941498566256856 0.3398376577319013 0.32074735660553033
9 460.0 0.0 -1.0 -1.0 -1.0 0.0 0.3297377506158501 0.31829508593582345 0.3519671634483265
9 461.0 0.0 -1.0 -1.0 -1.0 0.0 0.31909496083339606 0.33072546379384343 0.35017957537276034
9 462.0 0.0 -1.0 -1.0 -1.0 0.0 0.2981269369431661 0.3380868878667297 0.36378617519010426
9 463.0 0.0 -1.0 -1.0 -1.0 0.0 0.3291574425803704 0.33030378873947586 0.3405387686801538
9 464.0 0.0 -1.0 -1.0 -1.0 0.0 0.3197652127834456 0.3445761457251322 0.33565864149142227
9 465.0 0.0 -1.0 -1.0 -1.0 0.0 0.3169225961794932 0.3329646670276712 0.3501127367928353
9 466.0 0.0 -1.0 -1.0 -1.0 0.0 0.3303444071204973 0.3201260784363304 0.3495295144431722
9 467.0 0.0 -1.0 -1.0 -1.0 0.0 0.3106664129732543 0.3594175414960594 0.32991604553068654
9 468.0 0.0 -1.0 -1.0 -1.0 0.0 0.3440526356516384 0.32564764614355196 0.3302997182048095
9 469.0 0.0 -1.0 -1.0 -1.0 0.0 0.355367915801783 0.3261984239859766 0.3184336602122402
9 470.0 0.0 -1.0 -1.0 -1.0 0.0 0.36715437925218664 0.3061536242931498 0.3266919964546636
9 471.0 0.0 -1.0 -1.0 -1.0 0.0 0.3665200351589828 0.30759111300056596 0.32588885184045147
9 472.0 0.0 -1.0 -1.0 -1.0 0.0 0.3460157240497131 0.317514723880235 0.3364695520700521
9 473.0 0.0 -1.0 -1.0 -1.0 0.0 0.3411948082285805 0.29131259540500315 0.36749259636641635
9 474.0 0.0 -1.0 -1.0 -1.0 0.0 0.34244627562279534 0.29426591080240505 0.3632878135747999
9 475.0 0.0 -1.0 -1.0 -1.0 0.0 0.34826016836017915 0.30201588426324183 0.34972394737657914
9 476.0 0.0 -1.0 -1.0 -1.0 0.0 0.3204540118748406 0.3237475974145438 0.3557983907106157
9 477.0 0.0 -1.0 -1.0 -1.0 0.0 0.3488248229276968 0.2919752205794004 0.35919995649290315
9 478.0 0.0 -1.0 -1.0 -1.0 0.0 0.3133825134550586 0.32092278166979576 0.3656947048751457
9 479.0 0.0 -1.0 -1.0 -1.0 0.0 0.3418389023730359 0.3193485547781111 0.33881254284885304
9 480.0 0.0 -1.0 -1.0 -1.0 0.0 0.3606217241984785 0.27283840415399485 0.3665398716475268
9 481.0 0.0 -1.0 -1.0 -1.0 0.0 0.34405668413182555 0.3011321614876396 0.3548111543805346
9 482.0 0.0 -1.0 -1.0 -1.0 0.0 0.3280318458078271 0.29470415734084066 0.3772639968513325
9 483.0 0.0 -1.0 -1.0 -1.0 0.0 0.3295981032111961 0.2921864336147512 0.37821546317405264
9 484.0 0.0 -1.0 -1.0 -1.0 0.0 0.3356903979037009 0.33886154831888393 0.3254480537774152
9 485.0 0.0 -1.0 -1.0 -1.0 0.0 0.33345709911240595 0.34887683768391176 0.31766606320368257
9 486.0 0.0 -1.0 -1.0 -1.0 0.0 0.3532001050517008 0.3180689291914127 0.32873096575688654
9 487.0 0.0 -1.0 -1.0 -1.0 0.0 0.322261604302993 0.34256353815204504 0.3351748575449619
9 488.0 0.0 -1.0 -1.0 -1.0 0.0 0.3405811246359868 0.32918054745384295 0.33023832791017027
9 489.0 0.0 -1.0 -1.0 -1.0 0.0 0.3516357046126414 0.3218340283534604 0.32653026703389804
9 490.0 0.0 -1.0 -1.0 -1.0 0.0 0.35125572632680924 0.31634348994427935 0.33240078372891146
9 491.0 0.0 -1.0 -1.0 -1.0 0.0 0.3417368433909054 0.3049152209048311 0.3533479357042637
9 492.0 0.0 -1.0 -1.0 -1.0 0.0 0.32296374155753754 0.28590793173580126 0.39112832670666114
9 493.0 0.0 -1.0 -1.0 -1.0 0.0 0.31721107661172315 0.30146936992060047 0.3813195534676764
9 494.0 0.0 -1.0 -1.0 -1.0 0.0 0.3308060892271671 0.29752510580083025 0.37166880497200255
9 495.0 0.0 -1.0 -1.0 -1.0 0.0 0.3468413311155665 0.29510114784986774 0.3580575210345654
9 496.0 0.0 -1.0 -1.0 -1.0 0.0 0.35649467131079576 0.3028087003611424 0.34069662832806186
9 497.0 0.0 -1.0 -1.0 -1.0 0.0 0.36383552747806314 0.28530204377043566 0.3508624287515014
9 498.0 0.0 -1.0 -1.0 -1.0 0.0 0.35542933982089187 0.2936347551291944 0.3509359050499136
9 499.0 0.0 -1.0 -1.0 -1.0 0.0 0.34262743066840473 0.3012166112781563 0.3561559580534391
9 500.0 0.0 -1.0 -1.0 -1.0 0.0 0.35794381880296017 0.2872523609543178 0.35480382024272195
9 501.0 0.0 -1.0 -1.0 -1.0 0.0 0.36280816859456066 0.29996623658516397 0.3372255948202754
9 502.0 0.0 -1.0 -1.0 -1.0 0.0 0.3517981441784556 0.3238791671187371 0.3243226887028072
9 503.0 0.0 -1.0 -1.0 -1.0 0.0 0.3271496936664757 0.32112839512298175 0.3517219112105424
9 504.0 0.0 -1.0 -1.0 -1.0 0.0 0.3414917382907824 0.3043164410264715 0.35419182068274624
9 505.0 0.0 -1.0 -1.0 -1.0 0.0 0.32494679365797696 0.31124841840041545 0.36380478794160775
9 506.0 0.0 -1.0 -1.0 -1.0 0.0 0.28531826583918657 0.3205127709903822 0.3941689631704313
9 507.0 0.0 -1.0 -1.0 -1.0 0.0 0.2891596305094151 0.35165682884071736 0.35918354064986785
9 508.0 0.0 -1.0 -1.0 -1.0 0.0 0.31577404271478277 0.35219429437142014 0.3320316629137971
9 509.0 0.0 -1.0 -1.0 -1.0 0.0 0.3334655373062681 0.31940772864156364 0.34712673405216843
9 510.0 0.0 -1.0 -1.0 -1.0 0.0 0.33980092713174515 0.31539255139097133 0.3448065214772836
9 511.0 0.0 -1.0 -1.0 -1.0 0.0 0.3172550898069689 0.3376473286989177 0.3450975814941134
9 512.0 0.0 -1.0 -1.0 -1.0 0.0 0.3161327873527917 0.36680300362345164 0.3170642090237566
9 513.0 0.0 -1.0 -1.0 -1.0 0.0 0.32095640610251464 0.3730875201211472 0.30595607377633816
9 514.0 0.0 -1.0 -1.0 -1.0 0.0 0.3280645113498213 0.3426819448642579 0.3292535437859206
9 515.0 0.0 -1.0 -1.0 -1.0 0.0 0.3257757076085204 0.3367699148715437 0.33745437751993607
9 516.0 0.0 -1.0 -1.0 -1.0 0.0 0.33647322387895107 0.32336554205391765 0.3401612340671315
9 517.0 0.0 -1.0 -1.0 -1.0 0.0 0.3428484862857777 0.3263842387374165 0.3307672749768056
9 518.0 0.0 -1.0 -1.0 -1.0 0.0 0.3422272976541856 0.33596473205362537 0.3218079702921891
9 519.0 0.0 -1.0 -1.0 -1.0 0.0 0.3606332742260138 0.349954427898724 0.28941229787526196
9 520.0 0.0 -1.0 -1.0 -1.0 0.0 0.3573083471360014 0.34281624002281647 0.29987541284118213
9 521.0 0.0 -1.0 -1.0 -1.0 0.0 0.3490285964354662 0.3448918626713817 0.30607954089315187
9 522.0 0.0 -1.0 -1.0 -1.0 0.0 0.3352554688426189 0.33607152991194056 0.3286730012454405
9 523.0 0.0 -1.0 -1.0 -1.0 0.0 0.34678302458498306 0.3471438852117786 0.3060730902032384
9 524.0 0.0 -1.0 -1.0 -1.0 0.0 0.33500715377831836 0.35381074858315825 0.3111820976385236
9 525.0 0.0 -1.0 -1.0 -1.0 0.0 0.3384130483855525 0.3429761893906752 0.3186107622237724
9 526.0 0.0 -1.0 -1.0 -1.0 0.0 0.35051056726702434 0.32692678356789906 0.3225626491650766
9 527.0 0.0 -1.0 -1.0 -1.0 0.0 0.333981048017925 0.30422346282893725 0.3617954891531378
9 528.0 0.0 -1.0 -1.0 -1.0 0.0 0.34105291007006955 0.30986196043942793 0.3490851294905024
9 529.0 0.0 -1.0 -1.0 -1.0 0.0 0.3465183401870044 0.29881719202934354 0.35466446778365196
9 530.0 0.0 -1.0 -1.0 -1.0 0.0 0.3415603632040349 0.31113621425989857 0.34730342253606666
9 531.0 0.0 -1.0 -1.0 -1.0 0.0 0.3554160703789049 0.3057178288926546 0.33886610072844037
9 532.0 0.0 -1.0 -1.0 -1.0 0.0 0.35183472962871826 0.29881467929763245 0.34935059107364935
9 533.0 0.0 -1.0 -1.0 -1.0 0.0 0.3591878512750237 0.30421911097487075 0.3365930377501054
9 534.0 0.0 -1.0 -1.0 -1.0 0.0 0.3344180427910335 0.32757394324207845 0.33800801396688834
9 535.0 0.0 -1.0 -1.0 -1.0 0.0 0.35458789684708075 0.2959676674209871 0.34944443573193246
9 536.0 0.0 -1.0 -1.0 -1.0 0.0 0.3583926477414008 0.3095559953961989 0.3320513568624005
9 537.0 0.0 -1.0 -1.0 -1.0 0.0 0.3968527653880352 0.2673236254214768 0.3358236091904878
9 538.0 0.0 -1.0 -1.0 -1.0 0.0 0.39447279561972626 0.2916938939836157 0.31383331039665796
9 539.0 0.0 -1.0 -1.0 -1.0 0.0 0.38226723164710746 0.31103947255837333 0.3066932957945192
9 540.0 0.0 -1.0 -1.0 -1.0 0.0 0.3644600797187156 0.3508018976320199 0.2847380226492645
9 541.0 0.0 -1.0 -1.0 -1.0 0.0 0.3148565798708469 0.37973294793704393 0.30541047219210904
9 542.0 0.0 -1.0 -1.0 -1.0 0.0 0.34042963701935364 0.36080250678874765 0.2987678561918987
9 543.0 0.0 -1.0 -1.0 -1.0 0.0 0.3200700936703164 0.3553796175777898 0.3245502887518938
9 544.0 0.0 -1.0 -1.0 -1.0 0.0 0.3099889046594581 0.36101999305123805 0.32899110228930395
9 545.0 0.0 -1.0 -1.0 -1.0 0.0 0.3099658635346335 0.35414218966234806 0.3358919468030184
9 546.0 0.0 -1.0 -1.0 -1.0 0.0 0.2767804458161038 0.3829819290423331 0.340237625141563
9 547.0 0.0 -1.0 -1.0 -1.0 0.0 0.3003890587441956 0.38501219634496947 0.314598744910835
9 548.0 0.0 -1.0 -1.0 -1.0 0.0 0.30824724123489233 0.38004898635894585 0.3117037724061619
9 549.0 0.0 -1.0 -1.0 -1.0 0.0 0.3063675750306639 0.32925857956374804 0.36437384540558815
9 550.0 0.0 -1.0 -1.0 -1.0 0.0 0.3047834470813043 0.334250143594962 0.36096640932373364
9 551.0 0.0 -1.0 -1.0 -1.0 0.0 0.3018419182642962 0.33400073376788525 0.36415734796781857
9 552.0 0.0 -1.0 -1.0 -1.0 0.0 0.29791432155370695 0.3174691516538377 0.3846165267924555
9 553.0 0.0 -1.0 -1.0 -1.0 0.0 0.2891437248563818 0.31299221320432713 0.397864061939291
9 554.0 0.0 -1.0 -1.0 -1.0 0.0 0.321865106616954 0.320976986671446 0.3571579067115999
9 555.0 0.0 -1.0 -1.0 -1.0 0.0 0.32987871876612956 0.32661863011937087 0.34350265111449957
9 556.0 0.0 -1.0 -1.0 -1.0 0.0 0.32364518302920814 0.33937021188615724 0.3369846050846346
9 557.0 0.0 -1.0 -1.0 -1.0 0.0 0.343445128765558 0.3197530759114559 0.33680179532298626
9 558.0 0.0 -1.0 -1.0 -1.0 0.0 0.35598700521042737 0.2838131506219457 0.3601998441676272
9 559.0 0.0 -1.0 -1.0 -1.0 0.0 0.3665732430677848 0.30561432322780563 0.3278124337044094
9 560.0 0.0 -1.0 -1.0 -1.0 0.0 0.38925729310593055 0.30912654486044244 0.30161616203362707
9 561.0 0.0 -1.0 -1.0 -1.0 0.0 0.4010537242162349 0.3123569038195314 0.28658937196423356
9 562.0 0.0 -1.0 -1.0 -1.0 0.0 0.414608798367418 0.2980053735640452 0.28738582806853663
9 563.0 0.0 -1.0 -1.0 -1.0 0.0 0.38307711895307917 0.3045021825793366 0.31242069846758447
9 564.0 0.0 -1.0 -1.0 -1.0 0.0 0.3908210902221148 0.3090434159669753 0.30013549381090965
9 565.0 0.0 -1.0 -1.0 -1.0 0.0 0.37714964873348755 0.3057502534444787 0.3171000978220337
9 566.0 0.0 -1.0 -1.0 -1.0 0.0 0.3544509937470092 0.3147993646801184 0.3307496415728724
9 567.0 0.0 -1.0 -1.0 -1.0 0.0 0.3572879804557755 0.30253652627776156 0.340175493266463
9 568.0 0.0 -1.0 -1.0 -1.0 0.0 0.350895034707087 0.3207411043068767 0.32836386098603626
9 569.0 0.0 -1.0 -1.0 -1.0 0.0 0.38088598780092725 0.2996811453996237 0.31943286679944916
9 570.0 0.0 -1.0 -1.0 -1.0 0.0 0.35767987987914146 0.3329663916610333 0.3093537284598254
9 571.0 0.0 -1.0 -1.0 -1.0 0.0 0.3694439764383815 0.3096157195695521 0.32094030399206624
9 572.0 0.0 -1.0 -1.0 -1.0 0.0 0.3801023394672636 0.3075182555432359 0.3123794049895005
9 573.0 0.0 -1.0 -1.0 -1.0 0.0 0.3763528140000758 0.3010924032696822 0.3225547827302419
9 574.0 0.0 -1.0 -1.0 -1.0 0.0 0.3660795457929658 0.33236280675137103 0.3015576474556634
9 575.0 0.0 -1.0 -1.0 -1.0 0.0 0.3488685396316131 0.3227407935715819 0.328390666796805
9 576.0 0.0 -1.0 -1.0 -1.0 0.0 0.3626762242684145 0.2823677824059333 0.35495599332565214
9 577.0 0.0 -1.0 -1.0 -1.0 0.0 0.3504053692310932 0.3017506628041231 0.3478439679647836
9 578.0 0.0 -1.0 -1.0 -1.0 0.0 0.3515104936505148 0.2908024734272012 0.3576870329222839
9 579.0 0.0 -1.0 -1.0 -1.0 0.0 0.3192321728475086 0.3117142245081921 0.36905360264429915
9 580.0 0.0 -1.0 -1.0 -1.0 0.0 0.31740704770043177 0.3170447029587777 0.36554824934079044
9 581.0 0.0 -1.0 -1.0 -1.0 0.0 0.314847029140528 0.3146398830383237 0.37051308782114845
9 582.0 0.0 -1.0 -1.0 -1.0 0.0 0.31706869062860543 0.3089827569431995 0.37394855242819497
9 583.0 0.0 -1.0 -1.0 -1.0 0.0 0.2902204739596016 0.3269662989271751 0.3828132271132233
9 584.0 0.0 -1.0 -1.0 -1.0 0.0 0.29156815060757063 0.3282554563662242 0.3801763930262053
9 585.0 0.0 -1.0 -1.0 -1.0 0.0 0.2904222802019487 0.32391228832025293 0.3856654314777981
9 586.0 0.0 -1.0 -1.0 -1.0 0.0 0.295591454275365 0.3264466265622446 0.3779619191623903
9 587.0 0.0 -1.0 -1.0 -1.0 0.0 0.2990959200656222 0.3289120798680038 0.37199200006637406
9 588.0 0.0 -1.0 -1.0 -1.0 0.0 0.3274131890521614 0.3037168472762396 0.36886996367159886
9 589.0 0.0 -1.0 -1.0 -1.0 0.0 0.3254099220291463 0.3278624159030109 0.34672766206784283
9 590.0 0.0 -1.0 -1.0 -1.0 0.0 0.3218144213811087 0.3462709229683397 0.33191465565055134
9 591.0 0.0 -1.0 -1.0 -1.0 0.0 0.3325687346258992 0.3325840384625679 0.3348472269115328
9 592.0 0.0 -1.0 -1.0 -1.0 0.0 0.353128166138291 0.3243763947079173 0.32249543915379175
9 593.0 0.0 -1.0 -1.0 -1.0 0.0 0.3433389893555916 0.334324261468472 0.3223367491759365
9 594.0 0.0 -1.0 -1.0 -1.0 0.0 0.3476980397192556 0.3382376182942348 0.3140643419865095
9 595.0 0.0 -1.0 -1.0 -1.0 0.0 0.30718029911319955 0.38256066546648554 0.31025903542031474
9 596.0 0.0 -1.0 -1.0 -1.0 0.0 0.32324794625923486 0.34345348626210975 0.3332985674786556
9 597.0 0.0 -1.0 -1.0 -1.0 0.0 0.349428219840322 0.3015315356139896 0.3490402445456888
9 598.0 0.0 -1.0 -1.0 -1.0 0.0 0.3611158805567317 0.3120028303713558 0.3268812890719125
9 599.0 0.0 -1.0 -1.0 -1.0 0.0 0.37211642390508115 0.30263948351986825 0.32524409257505055
9 600.0 0.0 -1.0 -1.0 -1.0 0.0 0.31838052525974314 0.33051017932501336 0.35110929541524344
9 601.0 0.0 -1.0 -1.0 -1.0 0.0 0.3171555577165463 0.3349976496449758 0.34784679263847806
9 602.0 0.0 -1.0 -1.0 -1.0 0.0 0.33508556833149394 0.3651099637811749 0.2998044678873309
9 603.0 0.0 -1.0 -1.0 -1.0 0.0 0.3632810116448772 0.3603581808328506 0.27636080752227193
9 604.0 0.0 -1.0 -1.0 -1.0 0.0 0.34277735991052766 0.34821241294735666 0.3090102271421158
9 605.0 0.0 -1.0 -1.0 -1.0 0.0 0.34104909645545406 0.3489654463465806 0.3099854571979653
9 606.0 0.0 -1.0 -1.0 -1.0 0.0 0.35661762539824104 0.3390512129137154 0.30433116168804386
9 607.0 0.0 -1.0 -1.0 -1.0 0.0 0.35277922998678796 0.33788668215219664 0.3093340878610153
9 608.0 0.0 -1.0 -1.0 -1.0 0.0 0.3397601773948715 0.3544931673230643 0.30574665528206413
9 609.0 0.0 -1.0 -1.0 -1.0 0.0 0.3119184928418946 0.35787340083552693 0.3302081063225784
9 610.0 0.0 -1.0 -1.0 -1.0 0.0 0.31281958598232895 0.3845428292295807 0.3026375847880901
9 611.0 0.0 -1.0 -1.0 -1.0 0.0 0.3373344028869464 0.34536250067514557 0.3173030964379081
9 612.0 0.0 -1.0 -1.0 -1.0 0.0 0.3377225018714768 0.34043145767794075 0.32184604045058274
9 613.0 0.0 -1.0 -1.0 -1.0 0.0 0.33724536948791844 0.3330517491066943 0.3297028814053874
9 614.0 0.0 -1.0 -1.0 -1.0 0.0 0.3271362070619442 0.3168960248602577 0.3559677680777981
9 615.0 0.0 -1.0 -1.0 -1.0 0.0 0.29606609149440055 0.33481972727208087 0.3691141812335186
9 616.0 0.0 -1.0 -1.0 -1.0 0.0 0.316748434561274 0.327485121153063 0.35576644428566284
9 617.0 0.0 -1.0 -1.0 -1.0 0.0 0.318968456547489 0.324670318458535 0.35636122499397593
9 618.0 0.0 -1.0 -1.0 -1.0 0.0 0.3126175568088832 0.340874677113794 0.34650776607732275
9 619.0 0.0 -1.0 -1.0 -1.0 0.0 0.3112614564561731 0.32359340583294055 0.3651451377108863
9 620.0 0.0 -1.0 -1.0 -1.0 0.0 0.3326977435779922 0.3255746852213565 0.3417275712006512
9 621.0 0.0 -1.0 -1.0 -1.0 0.0 0.3145652106922407 0.34666456688118524 0.33877022242657423
9 622.0 0.0 -1.0 -1.0 -1.0 0.0 0.3306755587720643 0.34250876139427083 0.32681567983366505
9 623.0 0.0 -1.0 -1.0 -1.0 0.0 0.3398634344577608 0.3539403291414234 0.30619623640081595
9 624.0 0.0 -1.0 -1.0 -1.0 0.0 0.35091478405627924 0.3528818322422429 0.29620338370147803
9 625.0 0.0 -1.0 -1.0 -1.0 0.0 0.35109281654465446 0.34221942576117015 0.30668775769417506
9 626.0 0.0 -1.0 -1.0 -1.0 0.0 0.3670860412861522 0.34488489187030164 0.288029066843546
9 627.0 0.0 -1.0 -1.0 -1.0 0.0 0.3699508275036758 0.3642424835344802 0.265806688961844
9 628.0 0.0 -1.0 -1.0 -1.0 0.0 0.383956760190211 0.3345081244536573 0.2815351153561318
9 629.0 0.0 -1.0 -1.0 -1.0 0.0 0.3742235048437034 0.32292129291328353 0.30285520224301343
9 630.0 0.0 -1.0 -1.0 -1.0 0.0 0.3361343679750398 0.3494952847514244 0.31437034727353586
9 631.0 0.0 -1.0 -1.0 -1.0 0.0 0.3262034379860301 0.34294968956154526 0.3308468724524245
9 632.0 0.0 -1.0 -1.0 -1.0 0.0 0.3375786654589305 0.33527026955681594 0.32715106498425384
9 633.0 0.0 -1.0 -1.0 -1.0 0.0 0.3415082358589988 0.3398409910333744 0.31865077310762724
9 634.0 0.0 -1.0 -1.0 -1.0 0.0 0.32119827392575606 0.3561696965804921 0.32263202949375175
9 635.0 0.0 -1.0 -1.0 -1.0 0.0 0.31768780269200664 0.31181783030016663 0.3704943670078268
9 636.0 0.0 -1.0 -1.0 -1.0 0.0 0.3242486022672677 0.31859930670488784 0.3571520910278445
9 637.0 0.0 -1.0 -1.0 -1.0 0.0 0.32585284124486386 0.3280347102446503 0.34611244851048567
9 638.0 0.0 -1.0 -1.0 -1.0 0.0 0.32245357675939834 0.31919008865566467 0.35835633458493704
9 639.0 0.0 -1.0 -1.0 -1.0 0.0 0.34198034640297825 0.31806750754010304 0.3399521460569186
9 640.0 0.0 -1.0 -1.0 -1.0 0.0 0.3249045903376311 0.3418771592148107 0.3332182504475581
9 641.0 0.0 -1.0 -1.0 -1.0 0.0 0.3131143908647081 0.3406106837667058 0.34627492536858595
9 642.0 0.0 -1.0 -1.0 -1.0 0.0 0.3066187197328913 0.3384564798630695 0.3549248004040392
9 643.0 0.0 -1.0 -1.0 -1.0 0.0 0.3428579567725649 0.29708087306543 0.3600611701620052
9 644.0 0.0 -1.0 -1.0 -1.0 0.0 0.3097870233481352 0.31839913468253067 0.37181384196933415
9 645.0 0.0 -1.0 -1.0 -1.0 0.0 0.32462484384124396 0.31952422222633864 0.35585093393241735
9 646.0 0.0 -1.0 -1.0 -1.0 0.0 0.3289376442544735 0.32933498151583807 0.34172737422968846
9 647.0 0.0 -1.0 -1.0 -1.0 0.0 0.3068832042350341 0.34026172643758257 0.3528550693273831
9 648.0 0.0 -1.0 -1.0 -1.0 0.0 0.3053834992757877 0.32827357664644036 0.36634292407777197
9 649.0 0.0 -1.0 -1.0 -1.0 0.0 0.2908391329327992 0.34203651158273596 0.3671243554844647
9 650.0 0.0 -1.0 -1.0 -1.0 0.0 0.2979400525968024 0.36073075754499934 0.341329189858198
9 651.0 0.0 -1.0 -1.0 -1.0 0.0 0.2809135311965942 0.3756950398232163 0.34339142898018965
9 652.0 0.0 -1.0 -1.0 -1.0 0.0 0.29433637951851277 0.366944194173912 0.338719426307575
9 653.0 0.0 -1.0 -1.0 -1.0 0.0 0.30094829851185956 0.3719717283537535 0.32707997313438675
9 654.0 0.0 -1.0 -1.0 -1.0 0.0 0.3246375747858976 0.36328020084702395 0.3120822243670786
9 655.0 0.0 -1.0 -1.0 -1.0 0.0 0.33349251037110705 0.34952638382220924 0.31698110580668376
9 656.0 0.0 -1.0 -1.0 -1.0 0.0 0.3413693211880214 0.35771468914463944 0.3009159896673394
9 657.0 0.0 -1.0 -1.0 -1.0 0.0 0.3356883322919997 0.3511804576941022 0.31313121001389815
9 658.0 0.0 -1.0 -1.0 -1.0 0.0 0.31789008838709515 0.3392898183518249 0.34282009326108004
9 659.0 0.0 -1.0 -1.0 -1.0 0.0 0.3033993570154284 0.326004007071891 0.37059663591268055
9 660.0 0.0 -1.0 -1.0 -1.0 0.0 0.3191048029890511 0.33572004466463085 0.345175152346318
9 661.0 0.0 -1.0 -1.0 -1.0 0.0 0.34198991673903 0.3276046706142559 0.3304054126467139
9 662.0 0.0 -1.0 -1.0 -1.0 0.0 0.3703258984924797 0.3249293735174082 0.3047447279901123
9 663.0 0.0 -1.0 -1.0 -1.0 0.0 0.364238080060087 0.32490991364671595 0.3108520062931969
9 664.0 0.0 -1.0 -1.0 -1.0 0.0 0.34570387686038034 0.3127848288357203 0.3415112943038994
9 665.0 0.0 -1.0 -1.0 -1.0 0.0 0.35992011245664 0.3212591759795574 0.31882071156380243
9 666.0 0.0 -1.0 -1.0 -1.0 0.0 0.36741870327364906 0.3170756167474495 0.3155056799789014
9 667.0 0.0 -1.0 -1.0 -1.0 0.0 0.35617249598067374 0.3210978862301643 0.3227296177891618
9 668.0 0.0 -1.0 -1.0 -1.0 0.0 0.3419910910663046 0.31111950894053303 0.3468893999931623
9 669.0 0.0 -1.0 -1.0 -1.0 0.0 0.3343728774939054 0.33425209518427274 0.331375027321822
9 670.0 0.0 -1.0 -1.0 -1.0 0.0 0.3394954314391313 0.34365867194131 0.31684589661955875
9 671.0 0.0 -1.0 -1.0 -1.0 0.0 0.3635886356042243 0.32629007701859075 0.310121287377185
9 672.0 0.0 -1.0 -1.0 -1.0 0.0 0.37717216289268407 0.3258168751243415 0.29701096198297433
9 673.0 0.0 -1.0 -1.0 -1.0 0.0 0.37661127760362917 0.318993637749459 0.3043950846469118
9 674.0 0.0 -1.0 -1.0 -1.0 0.0 0.3804102450339142 0.3030116251438152 0.3165781298222706
9 675.0 0.0 -1.0 -1.0 -1.0 0.0 0.3863021124941502 0.32074713492585366 0.2929507525799963
9 676.0 0.0 -1.0 -1.0 -1.0 0.0 0.37914407504927583 0.3115946599739805 0.30926126497674356
9 677.0 0.0 -1.0 -1.0 -1.0 0.0 0.37147341860112953 0.3121837957041874 0.3163427856946834
9 678.0 0.0 -1.0 -1.0 -1.0 0.0 0.38849697703876446 0.331244058824805 0.28025896413643053
9 679.0 0.0 -1.0 -1.0 -1.0 0.0 0.3553944736320998 0.33439831148096616 0.31020721488693415
9 680.0 0.0 -1.0 -1.0 -1.0 0.0 0.3432526261887052 0.35727065172538713 0.29947672208590775
9 681.0 0.0 -1.0 -1.0 -1.0 0.0 0.36446224125901566 0.3327777358192474 0.30276002292173687
9 682.0 0.0 -1.0 -1.0 -1.0 0.0 0.37308360803085505 0.3006677599902755 0.3262486319788694
9 683.0 0.0 -1.0 -1.0 -1.0 0.0 0.3714106467013851 0.3025643136336395 0.3260250396649753
9 684.0 0.0 -1.0 -1.0 -1.0 0.0 0.3354772015103526 0.33491390611342614 0.32960889237622104
9 685.0 0.0 -1.0 -1.0 -1.0 0.0 0.36709885942519915 0.3013472491416533 0.33155389143314773
9 686.0 0.0 -1.0 -1.0 -1.0 0.0 0.36431275151277454 0.29330694272211966 0.34238030576510575
9 687.0 0.0 -1.0 -1.0 -1.0 0.0 0.3886918347992568 0.2999915010463156 0.3113166641544277
9 688.0 0.0 -1.0 -1.0 -1.0 0.0 0.3725240191889148 0.306047137223814 0.32142884358727075
9 689.0 0.0 -1.0 -1.0 -1.0 0.0 0.360101836419584 0.2976108558446777 0.3422873077357382
9 690.0 0.0 -1.0 -1.0 -1.0 0.0 0.3260858100961862 0.3125373567734952 0.3613768331303187
9 691.0 0.0 -1.0 -1.0 -1.0 0.0 0.31752498196300627 0.3339549358816629 0.348520082155331
9 692.0 0.0 -1.0 -1.0 -1.0 0.0 0.3548478282457467 0.34539500586833727 0.2997571658859162
9 693.0 0.0 -1.0 -1.0 -1.0 0.0 0.360634927161779 0.3365518725813855 0.3028132002568354
9 694.0 0.0 -1.0 -1.0 -1.0 0.0 0.36566074833326545 0.3206981585206018 0.31364109314613275
9 695.0 0.0 -1.0 -1.0 -1.0 0.0 0.3523580232599345 0.31895097966770813 0.3286909970723577
9 696.0 0.0 -1.0 -1.0 -1.0 0.0 0.34850759192468755 0.34241576283614433 0.3090766452391682
9 697.0 0.0 -1.0 -1.0 -1.0 0.0 0.33596221657255787 0.35715083065765 0.30688695276979194
9 698.0 0.0 -1.0 -1.0 -1.0 0.0 0.29635249261532726 0.3662882353124508 0.337359272072222
9 699.0 0.0 -1.0 -1.0 -1.0 0.0 0.295349851848569 0.3618419487342311 0.3428081994171999
9 700.0 0.0 -1.0 -1.0 -1.0 0.0 0.29167016957218644 0.3684401111624823 0.33988971926533124
9 701.0 0.0 -1.0 -1.0 -1.0 0.0 0.2812155618726942 0.3670244127273755 0.3517600253999301
9 702.0 0.0 -1.0 -1.0 -1.0 0.0 0.3060078762941571 0.34699754559926904 0.3469945781065741
9 703.0 0.0 -1.0 -1.0 -1.0 0.0 0.2984224954107654 0.3668798735495183 0.3346976310397164
9 704.0 0.0 -1.0 -1.0 -1.0 0.0 0.33403053087918755 0.35794954372599075 0.30801992539482204
9 705.0 0.0 -1.0 -1.0 -1.0 0.0 0.34108452526757 0.34393894228412664 0.3149765324483035
9 706.0 0.0 -1.0 -1.0 -1.0 0.0 0.32815769183408877 0.35424759709484344 0.3175947110710678
9 707.0 0.0 -1.0 -1.0 -1.0 0.0 0.3059320272104204 0.35864492828507843 0.33542304450450133
9 708.0 0.0 -1.0 -1.0 -1.0 0.0 0.33445372788281214 0.3155314473786674 0.35001482473852014
9 709.0 0.0 -1.0 -1.0 -1.0 0.0 0.3336811961162176 0.2920337817754237 0.3742850221083589
9 710.0 0.0 -1.0 -1.0 -1.0 0.0 0.34362815758966264 0.31531810350802286 0.3410537389023148
9 711.0 0.0 -1.0 -1.0 -1.0 0.0 0.29147520992434667 0.3328223205976276 0.37570246947802594
9 712.0 0.0 -1.0 -1.0 -1.0 0.0 0.31013029500289446 0.3514287187280486 0.33844098626905683
9 713.0 0.0 -1.0 -1.0 -1.0 0.0 0.3141785670328149 0.3511097604818091 0.3347116724853762
9 714.0 0.0 -1.0 -1.0 -1.0 0.0 0.3243947445473077 0.3336885502570126 0.34191670519567974
9 715.0 0.0 -1.0 -1.0 -1.0 0.0 0.30715300911025945 0.3627227466461301 0.33012424424361064
9 716.0 0.0 -1.0 -1.0 -1.0 0.0 0.29729213075793703 0.3714319590380331 0.33127591020402997
9 717.0 0.0 -1.0 -1.0 -1.0 0.0 0.3069407880773177 0.3717393496547184 0.32131986226796405
9 718.0 0.0 -1.0 -1.0 -1.0 0.0 0.3213847758367643 0.37026224683897446 0.3083529773242615
9 719.0 0.0 -1.0 -1.0 -1.0 0.0 0.34065145871157493 0.36030654320203587 0.29904199808638926
9 720.0 0.0 -1.0 -1.0 -1.0 0.0 0.3294459968490229 0.3578602381883066 0.3126937649626704
9 721.0 0.0 -1.0 -1.0 -1.0 0.0 0.3274987278596077 0.346024535938357 0.326476736202035
9 722.0 0.0 -1.0 -1.0 -1.0 0.0 0.3187091921347182 0.35866324848005043 0.3226275593852311
9 723.0 0.0 -1.0 -1.0 -1.0 0.0 0.32166245645232144 0.33865176049607115 0.33968578305160735
9 724.0 0.0 -1.0 -1.0 -1.0 0.0 0.3155439209931447 0.3563652614525644 0.32809081755429115
9 725.0 0.0 -1.0 -1.0 -1.0 0.0 0.32870574541118275 0.3491801920222102 0.3221140625666072
9 726.0 0.0 -1.0 -1.0 -1.0 0.0 0.2824980725713271 0.37794040244251603 0.3395615249861569
9 727.0 0.0 -1.0 -1.0 -1.0 0.0 0.30153865447113076 0.37104021505104656 0.3274211304778226
9 728.0 0.0 -1.0 -1.0 -1.0 0.0 0.2960562800833797 0.3454499948313757 0.35849372508524463
9 729.0 0.0 -1.0 -1.0 -1.0 0.0 0.3510945840568245 0.28921699974143 0.35968841620174535
9 730.0 0.0 -1.0 -1.0 -1.0 0.0 0.3560033242205354 0.2943353240161152 0.3496613517633495
9 731.0 0.0 -1.0 -1.0 -1.0 0.0 0.3300854882784386 0.30977829755818986 0.3601362141633712
9 732.0 0.0 -1.0 -1.0 -1.0 0.0 0.33369230141014294 0.3074998452824412 0.35880785330741605
9 733.0 0.0 -1.0 -1.0 -1.0 0.0 0.3262288134205288 0.3119735672523223 0.3617976193271489
9 734.0 0.0 -1.0 -1.0 -1.0 0.0 0.30616372259677277 0.32423885224973703 0.36959742515349014
9 735.0 0.0 -1.0 -1.0 -1.0 0.0 0.303624882880923 0.330527062256334 0.3658480548627432
9 736.0 0.0 -1.0 -1.0 -1.0 0.0 0.32525626456310197 0.3459557600086831 0.32878797542821503
9 737.0 0.0 -1.0 -1.0 -1.0 0.0 0.36780428673362375 0.32080123506155883 0.31139447820481725
9 738.0 0.0 -1.0 -1.0 -1.0 0.0 0.3165913303818488 0.3417818628411412 0.3416268067770102
9 739.0 0.0 -1.0 -1.0 -1.0 0.0 0.3255703349217524 0.3531246137899205 0.3213050512883271
9 740.0 0.0 -1.0 -1.0 -1.0 0.0 0.3082189000454493 0.32863807196528344 0.3631430279892671
9 741.0 0.0 -1.0 -1.0 -1.0 0.0 0.3241303571559338 0.3207409814379709 0.35512866140609506
9 742.0 0.0 -1.0 -1.0 -1.0 0.0 0.3001629473173983 0.3288659375767813 0.37097111510582054
9 743.0 0.0 -1.0 -1.0 -1.0 0.0 0.3195056128614647 0.3221695195282937 0.3583248676102414
9 744.0 0.0 -1.0 -1.0 -1.0 0.0 0.32769577899789076 0.31681951925960633 0.35548470174250296
9 745.0 0.0 -1.0 -1.0 -1.0 0.0 0.3475206822065213 0.32791552232736776 0.32456379546611097
9 746.0 0.0 -1.0 -1.0 -1.0 0.0 0.35202326926893746 0.32590385626065443 0.3220728744704081
9 747.0 0.0 -1.0 -1.0 -1.0 0.0 0.3260862405423661 0.3357861593159377 0.33812760014169635
9 748.0 0.0 -1.0 -1.0 -1.0 0.0 0.30619689941987055 0.3539244844854047 0.3398786160947247
9 749.0 0.0 -1.0 -1.0 -1.0 0.0 0.31056929706901204 0.3513306498818654 0.3381000530491229
9 750.0 0.0 -1.0 -1.0 -1.0 0.0 0.3193908089422662 0.33163001797762603 0.34897917308010806
9 751.0 0.0 -1.0 -1.0 -1.0 0.0 0.33261544511305596 0.3252331229381314 0.34215143194881287
9 752.0 0.0 -1.0 -1.0 -1.0 0.0 0.3221977402310791 0.3471662823806278 0.3306359773882931
9 753.0 0.0 -1.0 -1.0 -1.0 0.0 0.3206332446613805 0.3462381039548293 0.33312865138379033
9 754.0 0.0 -1.0 -1.0 -1.0 0.0 0.33242408216371083 0.33426918898548796 0.33330672885080126
9 755.0 0.0 -1.0 -1.0 -1.0 0.0 0.34823484118362075 0.3252816574016497 0.32648350141472954
9 756.0 0.0 -1.0 -1.0 -1.0 0.0 0.3521506092463616 0.30238866823742344 0.34546072251621474
9 757.0 0.0 -1.0 -1.0 -1.0 0.0 0.36276913029274205 0.32559595295562926 0.31163491675162863
9 758.0 0.0 -1.0 -1.0 -1.0 0.0 0.35289759109547525 0.3137920610342041 0.3333103478703208
9 759.0 0.0 -1.0 -1.0 -1.0 0.0 0.38489733057931536 0.31870872924628185 0.2963939401744027
9 760.0 0.0 -1.0 -1.0 -1.0 0.0 0.36970085313133155 0.328488758905401 0.3018103879632673
9 761.0 0.0 -1.0 -1.0 -1.0 0.0 0.3634486736349018 0.3322366713905567 0.3043146549745416
9 762.0 0.0 -1.0 -1.0 -1.0 0.0 0.35827732540386714 0.3158101634328542 0.32591251116327874
9 763.0 0.0 -1.0 -1.0 -1.0 0.0 0.3646800473157387 0.29393141344074986 0.34138853924351137
9 764.0 0.0 -1.0 -1.0 -1.0 0.0 0.324167461172374 0.3374521234544622 0.33838041537316377
9 765.0 0.0 -1.0 -1.0 -1.0 0.0 0.3330024511171249 0.32464237301637566 0.3423551758664997
9 766.0 0.0 -1.0 -1.0 -1.0 0.0 0.32557500466009265 0.33729874537875726 0.33712624996115
9 767.0 0.0 -1.0 -1.0 -1.0 0.0 0.31983861806957153 0.3433399941574499 0.3368213877729785
9 768.0 0.0 -1.0 -1.0 -1.0 0.0 0.34458126280207446 0.34260169884020997 0.31281703835771546
9 769.0 0.0 -1.0 -1.0 -1.0 0.0 0.3497097897548002 0.33094051454837514 0.3193496956968246
9 770.0 0.0 -1.0 -1.0 -1.0 0.0 0.34555437355719737 0.33233086886846386 0.3221147575743389
9 771.0 0.0 -1.0 -1.0 -1.0 0.0 0.32916909943878964 0.3467515751518838 0.3240793254093268
9 772.0 0.0 -1.0 -1.0 -1.0 0.0 0.32996154624625695 0.3259002290966053 0.3441382246571376
9 773.0 0.0 -1.0 -1.0 -1.0 0.0 0.3398088375741559 0.3402130108489621 0.3199781515768817
9 774.0 0.0 -1.0 -1.0 -1.0 0.0 0.331218373119313 0.31643631917169707 0.35234530770898975
9 775.0 0.0 -1.0 -1.0 -1.0 0.0 0.3451633075268335 0.31812230029324334 0.33671439217992316
9 776.0 0.0 -1.0 -1.0 -1.0 0.0 0.31674087931372735 0.3342936674258775 0.34896545326039496
9 777.0 0.0 -1.0 -1.0 -1.0 0.0 0.32781588358521213 0.33802110244134104 0.33416301397344683
9 778.0 0.0 -1.0 -1.0 -1.0 0.0 0.33625842381799403 0.33665243892235935 0.3270891372596471
9 779.0 0.0 -1.0 -1.0 -1.0 0.0 0.33436264948441313 0.3193210634630316 0.34631628705255557
9 780.0 0.0 -1.0 -1.0 -1.0 0.0 0.34576956044331547 0.3014461159855945 0.35278432357109
9 781.0 0.0 -1.0 -1.0 -1.0 0.0 0.3220652184448335 0.319695929522753 0.3582388520324137
9 782.0 0.0 -1.0 -1.0 -1.0 0.0 0.3083388840943267 0.34781463424409714 0.3438464816615763
9 783.0 0.0 -1.0 -1.0 -1.0 0.0 0.31000364378001805 0.361850150565669 0.32814620565431285
9 784.0 0.0 -1.0 -1.0 -1.0 0.0 0.31841501289234975 0.3264285523772208 0.3551564347304296
9 785.0 0.0 -1.0 -1.0 -1.0 0.0 0.3055249633374139 0.31594972689195655 0.3785253097706296
9 786.0 0.0 -1.0 -1.0 -1.0 0.0 0.2990925018964575 0.3295227833486336 0.37138471475490886
9 787.0 0.0 -1.0 -1.0 -1.0 0.0 0.3134788438681791 0.33366651631796285 0.3528546398138581
9 788.0 0.0 -1.0 -1.0 -1.0 0.0 0.32129748237634564 0.34253546717561056 0.33616705044804385
9 789.0 0.0 -1.0 -1.0 -1.0 0.0 0.31119977580664715 0.3492682388431642 0.3395319853501884
9 790.0 0.0 -1.0 -1.0 -1.0 0.0 0.301991986058315 0.33662546216169886 0.36138255177998596
9 791.0 0.0 -1.0 -1.0 -1.0 0.0 0.34145881183274057 0.3165391740302061 0.3420020141370532
9 792.0 0.0 -1.0 -1.0 -1.0 0.0 0.33031370328617493 0.3315990785927868 0.33808721812103826
9 793.0 0.0 -1.0 -1.0 -1.0 0.0 0.31762777039673884 0.36728562179831875 0.31508660780494274
9 794.0 0.0 -1.0 -1.0 -1.0 0.0 0.34531591332556344 0.3568386137903106 0.29784547288412566
9 795.0 0.0 -1.0 -1.0 -1.0 0.0 0.35974028193230695 0.3367702336791563 0.30348948438853696
9 796.0 0.0 -1.0 -1.0 -1.0 0.0 0.33285497810490633 0.35716109036569244 0.3099839315294014
9 797.0 0.0 -1.0 -1.0 -1.0 0.0 0.3299354994383048 0.3587530113628942 0.3113114891988008
9 798.0 0.0 -1.0 -1.0 -1.0 0.0 0.3351857797793344 0.3685791759492229 0.29623504427144254
9 799.0 0.0 -1.0 -1.0 -1.0 0.0 0.32716191252996685 0.360726681738848 0.312111405731185
9 800.0 0.0 -1.0 -1.0 -1.0 0.0 0.3050319374317046 0.3789722875664658 0.3159957750018297
9 801.0 0.0 -1.0 -1.0 -1.0 0.0 0.3244590465027104 0.35903748916685807 0.3165034643304314
9 802.0 0.0 -1.0 -1.0 -1.0 0.0 0.3025571557157066 0.3861405777123096 0.3113022665719838
9 803.0 0.0 -1.0 -1.0 -1.0 0.0 0.3172502786099292 0.34954374484595446 0.33320597654411604
9 804.0 0.0 -1.0 -1.0 -1.0 0.0 0.3204298684136833 0.3428309982593879 0.3367391333269286
9 805.0 0.0 -1.0 -1.0 -1.0 0.0 0.35122821334506377 0.33577284668985824 0.3129989399650778
9 806.0 0.0 -1.0 -1.0 -1.0 0.0 0.36792096170600497 0.3327018228381204 0.2993772154558744
9 807.0 0.0 -1.0 -1.0 -1.0 0.0 0.3645231948739726 0.3263712157223357 0.3091055894036916
9 808.0 0.0 -1.0 -1.0 -1.0 0.0 0.3647185529056985 0.3372192157304705 0.29806223136383087
9 809.0 0.0 -1.0 -1.0 -1.0 0.0 0.37296920062881805 0.31436156653727954 0.3126692328339022
9 810.0 0.0 -1.0 -1.0 -1.0 0.0 0.3490107127353271 0.3288133995035917 0.3221758877610813
9 811.0 0.0 -1.0 -1.0 -1.0 0.0 0.3325221453818044 0.3257061094344256 0.3417717451837701
9 812.0 0.0 -1.0 -1.0 -1.0 0.0 0.34645381800598934 0.30548052667780995 0.3480656553162007
9 813.0 0.0 -1.0 -1.0 -1.0 0.0 0.33620586502960215 0.3101295377679948 0.35366459720240306
9 814.0 0.0 -1.0 -1.0 -1.0 0.0 0.34596592451670466 0.29704056079672636 0.3569935146865689
9 815.0 0.0 -1.0 -1.0 -1.0 0.0 0.34285059179345057 0.2961718474351299 0.3609775607714197
9 816.0 0.0 -1.0 -1.0 -1.0 0.0 0.320961122250922 0.3029199218874046 0.37611895586167343
9 817.0 0.0 -1.0 -1.0 -1.0 0.0 0.3329078844697277 0.29600311963304266 0.3710889958972298
9 818.0 0.0 -1.0 -1.0 -1.0 0.0 0.29285857513299396 0.3281357130702254 0.3790057117967806
9 819.0 0.0 -1.0 -1.0 -1.0 0.0 0.29323242115402526 0.3703877970805077 0.3363797817654671
9 820.0 0.0 -1.0 -1.0 -1.0 0.0 0.31784857531025057 0.36772831941800616 0.3144231052717432
9 821.0 0.0 -1.0 -1.0 -1.0 0.0 0.33054058288477256 0.3490044033540491 0.32045501376117835
9 822.0 0.0 -1.0 -1.0 -1.0 0.0 0.3457541063046755 0.3536237722781276 0.3006221214171969
9 823.0 0.0 -1.0 -1.0 -1.0 0.0 0.3203663504311746 0.33481885486408247 0.3448147947047429
9 824.0 0.0 -1.0 -1.0 -1.0 0.0 0.30736642733789465 0.3418438303474972 0.350789742314608
9 825.0 0.0 -1.0 -1.0 -1.0 0.0 0.3166057292952848 0.3480899726601273 0.3353042980445876
9 826.0 0.0 -1.0 -1.0 -1.0 0.0 0.32042957162594843 0.3322428348741638 0.3473275934998881
9 827.0 0.0 -1.0 -1.0 -1.0 0.0 0.331875810769289 0.3499861905591206 0.3181379986715906
9 828.0 0.0 -1.0 -1.0 -1.0 0.0 0.3354338820824325 0.35300787435689945 0.311558243560668
9 829.0 0.0 -1.0 -1.0 -1.0 0.0 0.34735567701058867 0.3582959556188672 0.294348367370544
9 830.0 0.0 -1.0 -1.0 -1.0 0.0 0.3194989776377839 0.3771425218809985 0.3033585004812175
9 831.0 0.0 -1.0 -1.0 -1.0 0.0 0.34293747013370796 0.3333210170959553 0.3237415127703367
9 832.0 0.0 -1.0 -1.0 -1.0 0.0 0.3395854727431825 0.3162607191083691 0.3441538081484483
9 833.0 0.0 -1.0 -1.0 -1.0 0.0 0.33672117747423613 0.32304092365236914 0.3402378988733949
9 834.0 0.0 -1.0 -1.0 -1.0 0.0 0.34260958935938146 0.3271701303004477 0.33022028034017076
9 835.0 0.0 -1.0 -1.0 -1.0 0.0 0.3601149624472615 0.3115798589569476 0.3283051785957909
9 836.0 0.0 -1.0 -1.0 -1.0 0.0 0.3456744616027107 0.3635428048859622 0.290782733511327
9 837.0 0.0 -1.0 -1.0 -1.0 0.0 0.32992813145324695 0.37080205755882134 0.29926981098793176
9 838.0 0.0 -1.0 -1.0 -1.0 0.0 0.3005266780351896 0.39217403366043213 0.30729928830437814
9 839.0 0.0 -1.0 -1.0 -1.0 0.0 0.30957647650109693 0.3821487339379449 0.3082747895609582
9 840.0 0.0 -1.0 -1.0 -1.0 0.0 0.3301650375128719 0.377133302697635 0.2927016597894929
9 841.0 0.0 -1.0 -1.0 -1.0 0.0 0.33346125352368416 0.3770745739664041 0.2894641725099118
9 842.0 0.0 -1.0 -1.0 -1.0 0.0 0.3346688708657714 0.3849199124930332 0.28041121664119556
9 843.0 0.0 -1.0 -1.0 -1.0 0.0 0.34141534263411066 0.3730224562284792 0.28556220113741004
9 844.0 0.0 -1.0 -1.0 -1.0 0.0 0.33701656263599117 0.3714031224862888 0.2915803148777198
9 845.0 0.0 -1.0 -1.0 -1.0 0.0 0.3411111616868391 0.34098302849097306 0.3179058098221879
9 846.0 0.0 -1.0 -1.0 -1.0 0.0 0.32403129428706423 0.3579765958490909 0.31799210986384496
9 847.0 0.0 -1.0 -1.0 -1.0 0.0 0.3163150148475021 0.3474337971650415 0.3362511879874564
9 848.0 0.0 -1.0 -1.0 -1.0 0.0 0.357978724248187 0.3309790020427946 0.3110422737090184
9 849.0 0.0 -1.0 -1.0 -1.0 0.0 0.35631076744603574 0.3382098859709995 0.3054793465829647
9 850.0 0.0 -1.0 -1.0 -1.0 0.0 0.33477773593992366 0.3652750171655119 0.2999472468945645
9 851.0 0.0 -1.0 -1.0 -1.0 0.0 0.3386120290425586 0.3641711559231125 0.2972168150343288
9 852.0 0.0 -1.0 -1.0 -1.0 0.0 0.35825241191750257 0.33756838136239414 0.3041792067201031
9 853.0 0.0 -1.0 -1.0 -1.0 0.0 0.3488839877738663 0.3175256515114437 0.33359036071469006
9 854.0 0.0 -1.0 -1.0 -1.0 0.0 0.3432172030392771 0.32328956968227573 0.3334932272784471
9 855.0 0.0 -1.0 -1.0 -1.0 0.0 0.3222138679454396 0.34451520298328137 0.3332709290712792
9 856.0 0.0 -1.0 -1.0 -1.0 0.0 0.32864149107820323 0.33391182015136983 0.33744668877042705
9 857.0 0.0 -1.0 -1.0 -1.0 0.0 0.30962423084458 0.33151118670919155 0.3588645824462284
9 858.0 0.0 -1.0 -1.0 -1.0 0.0 0.32278859697863604 0.338447071491902 0.3387643315294621
9 859.0 0.0 -1.0 -1.0 -1.0 0.0 0.3255938901163214 0.31876456706998885 0.3556415428136899
9 860.0 0.0 -1.0 -1.0 -1.0 0.0 0.3326347988694443 0.3079943974208005 0.35937080370975527
9 861.0 0.0 -1.0 -1.0 -1.0 0.0 0.3247269785177963 0.3147156574965976 0.3605573639856061
9 862.0 0.0 -1.0 -1.0 -1.0 0.0 0.3496424519745732 0.3088650603427821 0.3414924876826446
9 863.0 0.0 -1.0 -1.0 -1.0 0.0 0.333482748961374 0.3271633224819908 0.339353928556635
9 864.0 0.0 -1.0 -1.0 -1.0 0.0 0.30889643716471676 0.32853178934638705 0.3625717734888959
9 865.0 0.0 -1.0 -1.0 -1.0 0.0 0.31304849082098757 0.3324352223598585 0.35451628681915376
9 866.0 0.0 -1.0 -1.0 -1.0 0.0 0.3192375314218502 0.32818488356652753 0.3525775850116223
9 867.0 0.0 -1.0 -1.0 -1.0 0.0 0.3326197624445458 0.3260145192307735 0.3413657183246807
9 868.0 0.0 -1.0 -1.0 -1.0 0.0 0.3269803200635469 0.3498448528343016 0.3231748271021516
9 869.0 0.0 -1.0 -1.0 -1.0 0.0 0.33557341121006445 0.32005629148310305 0.34437029730683255
9 870.0 0.0 -1.0 -1.0 -1.0 0.0 0.3200704567320321 0.3190834949066983 0.3608460483612695
9 871.0 0.0 -1.0 -1.0 -1.0 0.0 0.34660441728299207 0.31951299742468675 0.33388258529232134
9 872.0 0.0 -1.0 -1.0 -1.0 0.0 0.34816657387460104 0.315210494432798 0.33662293169260094
9 873.0 0.0 -1.0 -1.0 -1.0 0.0 0.325879463959038 0.3367104859986366 0.3374100500423254
9 874.0 0.0 -1.0 -1.0 -1.0 0.0 0.3456875602896967 0.32667650454941316 0.32763593516089
9 875.0 0.0 -1.0 -1.0 -1.0 0.0 0.32956428443480074 0.32915088938564024 0.34128482617955924
9 876.0 0.0 -1.0 -1.0 -1.0 0.0 0.33987147144484153 0.33575424422583616 0.32437428432932236
9 877.0 0.0 -1.0 -1.0 -1.0 0.0 0.3270886271871289 0.345767810170383 0.3271435626424883
9 878.0 0.0 -1.0 -1.0 -1.0 0.0 0.33170873684843566 0.3467156314440347 0.32157563170752984
9 879.0 0.0 -1.0 -1.0 -1.0 0.0 0.3394970364207299 0.3142624266027834 0.3462405369764867
9 880.0 0.0 -1.0 -1.0 -1.0 0.0 0.326441195671079 0.3326187440227191 0.340940060306202
9 881.0 0.0 -1.0 -1.0 -1.0 0.0 0.3373487541273854 0.31881518646391727 0.3438360594086973
9 882.0 0.0 -1.0 -1.0 -1.0 0.0 0.3281722916374893 0.30409308272647995 0.3677346256360307
9 883.0 0.0 -1.0 -1.0 -1.0 0.0 0.3412245518207082 0.3274096958646065 0.33136575231468535
9 884.0 0.0 -1.0 -1.0 -1.0 0.0 0.3534615812878153 0.30753658287592384 0.3390018358362608
9 885.0 0.0 -1.0 -1.0 -1.0 0.0 0.37105327739688015 0.2886559854135063 0.3402907371896138
9 886.0 0.0 -1.0 -1.0 -1.0 0.0 0.3574782126545376 0.31496058950415984 0.3275611978413023
9 887.0 0.0 -1.0 -1.0 -1.0 0.0 0.3701689831748739 0.32100605241194463 0.3088249644131816
9 888.0 0.0 -1.0 -1.0 -1.0 0.0 0.36478380962406093 0.3225222221809135 0.31269396819502554
9 889.0 0.0 -1.0 -1.0 -1.0 0.0 0.3656663149153679 0.3210368471822997 0.3132968379023323
9 890.0 0.0 -1.0 -1.0 -1.0 0.0 0.3636730604969015 0.3219384100550419 0.3143885294480566
9 891.0 0.0 -1.0 -1.0 -1.0 0.0 0.34551083517115366 0.332167126188695 0.3223220386401512
9 892.0 0.0 -1.0 -1.0 -1.0 0.0 0.32565422604020816 0.32137190994413983 0.352973864015652
9 893.0 0.0 -1.0 -1.0 -1.0 0.0 0.3399833691547866 0.32738357391913736 0.3326330569260761
9 894.0 0.0 -1.0 -1.0 -1.0 0.0 0.36644433283059114 0.32272396444323376 0.31083170272617505
9 895.0 0.0 -1.0 -1.0 -1.0 0.0 0.34518289916665235 0.332224649425233 0.32259245140811466
9 896.0 0.0 -1.0 -1.0 -1.0 0.0 0.3485926842757899 0.35819917266256696 0.29320814306164317
9 897.0 0.0 -1.0 -1.0 -1.0 0.0 0.3573527288323855 0.3308838795862966 0.31176339158131766
9 898.0 0.0 -1.0 -1.0 -1.0 0.0 0.34467459241572074 0.3331875364514604 0.32213787113281894
9 899.0 0.0 -1.0 -1.0 -1.0 0.0 0.3520931253633241 0.29750995090547067 0.3503969237312052
9 900.0 0.0 -1.0 -1.0 -1.0 0.0 0.33996057463806073 0.3404213582518929 0.319618067110046
9 901.0 0.0 -1.0 -1.0 -1.0 0.0 0.30742997314297205 0.3332837276789332 0.3592862991780945
9 902.0 0.0 -1.0 -1.0 -1.0 0.0 0.32867569900532567 0.3161470755540623 0.3551772254406121
9 903.0 0.0 -1.0 -1.0 -1.0 0.0 0.32241340722905565 0.32423462224183086 0.3533519705291137
9 904.0 0.0 -1.0 -1.0 -1.0 0.0 0.29846651708629396 0.3234226469267668 0.3781108359869392
9 905.0 0.0 -1.0 -1.0 -1.0 0.0 0.30699608662440836 0.3397248002526429 0.35327911312294874
9 906.0 0.0 -1.0 -1.0 -1.0 0.0 0.29125149525444494 0.3392226236879554 0.3695258810575994
9 907.0 0.0 -1.0 -1.0 -1.0 0.0 0.2968172576036114 0.327366095778928 0.3758166466174606
9 908.0 0.0 -1.0 -1.0 -1.0 0.0 0.32004145273967927 0.3171909571497633 0.3627675901105573
9 909.0 0.0 -1.0 -1.0 -1.0 0.0 0.3249705076510188 0.314039837918072 0.36098965443090925
9 910.0 0.0 -1.0 -1.0 -1.0 0.0 0.31295089354528477 0.31273365337085995 0.3743154530838553
9 911.0 0.0 -1.0 -1.0 -1.0 0.0 0.3147094398745367 0.320155478326794 0.3651350817986694
9 912.0 0.0 -1.0 -1.0 -1.0 0.0 0.34029243059266906 0.3214242614667527 0.33828330794057826
9 913.0 0.0 -1.0 -1.0 -1.0 0.0 0.3612892841525501 0.31436632396087544 0.32434439188657455
9 914.0 0.0 -1.0 -1.0 -1.0 0.0 0.37869251115690333 0.3036630099858414 0.3176444788572552
9 915.0 0.0 -1.0 -1.0 -1.0 0.0 0.3745761194227798 0.3228176488264872 0.3026062317507328
9 916.0 0.0 -1.0 -1.0 -1.0 0.0 0.3569180458088768 0.3290375186860139 0.31404443550510924
9 917.0 0.0 -1.0 -1.0 -1.0 0.0 0.35395587757031677 0.30584346668212264 0.3402006557475605
9 918.0 0.0 -1.0 -1.0 -1.0 0.0 0.3632538905730307 0.28153083757655123 0.35521527185041807
9 919.0 0.0 -1.0 -1.0 -1.0 0.0 0.3444666104683034 0.30529211075055507 0.3502412787811416
9 920.0 0.0 -1.0 -1.0 -1.0 0.0 0.3418761268401319 0.3081164727741712 0.350007400385697
9 921.0 0.0 -1.0 -1.0 -1.0 0.0 0.32613923370679443 0.3479655488840108 0.32589521740919475
9 922.0 0.0 -1.0 -1.0 -1.0 0.0 0.32921331244342406 0.3340272634134153 0.3367594241431607
9 923.0 0.0 -1.0 -1.0 -1.0 0.0 0.33582972995880295 0.30912853449844435 0.35504173554275253
9 924.0 0.0 -1.0 -1.0 -1.0 0.0 0.34720180610350004 0.3080707891996932 0.34472740469680685
9 925.0 0.0 -1.0 -1.0 -1.0 0.0 0.34871005705625213 0.322363130610067 0.3289268123336807
9 926.0 0.0 -1.0 -1.0 -1.0 0.0 0.3395798521701323 0.335165581685263 0.3252545661446048
9 927.0 0.0 -1.0 -1.0 -1.0 0.0 0.33382129587313597 0.3197011078356315 0.3464775962912326
9 928.0 0.0 -1.0 -1.0 -1.0 0.0 0.3465137918374054 0.2871032814905448 0.3663829266720498
9 929.0 0.0 -1.0 -1.0 -1.0 0.0 0.36842545372773694 0.27874480059512874 0.35282974567713443
9 930.0 0.0 -1.0 -1.0 -1.0 0.0 0.3670510685423441 0.27960885640107386 0.35334007505658216
9 931.0 0.0 -1.0 -1.0 -1.0 0.0 0.3522677293399934 0.2941909344941782 0.35354133616582883
9 932.0 0.0 -1.0 -1.0 -1.0 0.0 0.3609868117209367 0.2869848907931092 0.3520282974859542
9 933.0 0.0 -1.0 -1.0 -1.0 0.0 0.35419424261479066 0.29110781610078074 0.35469794128442883
9 934.0 0.0 -1.0 -1.0 -1.0 0.0 0.354944606557951 0.2838839011871969 0.3611714922548518
9 935.0 0.0 -1.0 -1.0 -1.0 0.0 0.36333477578679085 0.29943073939924525 0.3372344848139639
9 936.0 0.0 -1.0 -1.0 -1.0 0.0 0.3615497746412445 0.2982315255251171 0.34021869983363845
9 937.0 0.0 -1.0 -1.0 -1.0 0.0 0.3437108507064407 0.32159372839999484 0.33469542089356435
9 938.0 0.0 -1.0 -1.0 -1.0 0.0 0.34914494928671447 0.31814044010627696 0.33271461060700874
9 939.0 0.0 -1.0 -1.0 -1.0 0.0 0.3564689972678349 0.3209316447523874 0.3225993579797779
9 940.0 0.0 -1.0 -1.0 -1.0 0.0 0.3357503516456925 0.3207536312187328 0.3434960171355747
9 941.0 0.0 -1.0 -1.0 -1.0 0.0 0.3326493443567459 0.3333550332428721 0.33399562240038166
9 942.0 0.0 -1.0 -1.0 -1.0 0.0 0.33665554544931936 0.32128687576825565 0.34205757878242493
9 943.0 0.0 -1.0 -1.0 -1.0 0.0 0.31854104554303525 0.3343868757217285 0.3470720787352361
9 944.0 0.0 -1.0 -1.0 -1.0 0.0 0.3263174884064176 0.33596446551209225 0.33771804608149025
9 945.0 0.0 -1.0 -1.0 -1.0 0.0 0.3014959432210898 0.35208232936564576 0.3464217274132644
9 946.0 0.0 -1.0 -1.0 -1.0 0.0 0.30757734157264993 0.3509166326042954 0.3415060258230547
9 947.0 0.0 -1.0 -1.0 -1.0 0.0 0.31159937542509764 0.34004055270995187 0.3483600718649504
9 948.0 0.0 -1.0 -1.0 -1.0 0.0 0.345971561998886 0.3347486862023341 0.3192797517987797
9 949.0 0.0 -1.0 -1.0 -1.0 0.0 0.33979596451843574 0.34992444295387487 0.31027959252768933
9 950.0 0.0 -1.0 -1.0 -1.0 0.0 0.3567708949917322 0.33894836711087495 0.3042807378973927
9 951.0 0.0 -1.0 -1.0 -1.0 0.0 0.35298357114455237 0.32764683937028155 0.319369589485166
9 952.0 0.0 -1.0 -1.0 -1.0 0.0 0.35634643705807123 0.32494366473717123 0.3187098982047578
9 953.0 0.0 -1.0 -1.0 -1.0 0.0 0.33623822646728585 0.31935235908858683 0.34440941444412715
9 954.0 0.0 -1.0 -1.0 -1.0 0.0 0.3310457445870971 0.3178146115051694 0.3511396439077333
9 955.0 0.0 -1.0 -1.0 -1.0 0.0 0.3437839562395173 0.2958904443945571 0.36032559936592584
9 956.0 0.0 -1.0 -1.0 -1.0 0.0 0.32818526733915104 0.2979729280579445 0.3738418046029044
9 957.0 0.0 -1.0 -1.0 -1.0 0.0 0.33468142411140567 0.3234965298954442 0.3418220459931499
9 958.0 0.0 -1.0 -1.0 -1.0 0.0 0.3387920881997274 0.3271726551391271 0.3340352566611453
9 959.0 0.0 -1.0 -1.0 -1.0 0.0 0.33397294633092406 0.3244216321416289 0.34160542152744694
9 960.0 0.0 -1.0 -1.0 -1.0 0.0 0.3178449984916279 0.3621059751573948 0.32004902635097715
9 961.0 0.0 -1.0 -1.0 -1.0 0.0 0.3103407251925931 0.34291639573510907 0.3467428790722977
9 962.0 0.0 -1.0 -1.0 -1.0 0.0 0.3412297990337347 0.3082122025331348 0.35055799843313046
9 963.0 0.0 -1.0 -1.0 -1.0 0.0 0.3201141349771705 0.33244954554205336 0.3474363194807761
9 964.0 0.0 -1.0 -1.0 -1.0 0.0 0.3477365994842454 0.32979581629530696 0.32246758422044786
9 965.0 0.0 -1.0 -1.0 -1.0 0.0 0.34977035897197944 0.3353454882637142 0.3148841527643062
9 966.0 0.0 -1.0 -1.0 -1.0 0.0 0.3705693762317457 0.33494941805634093 0.2944812057119136
9 967.0 0.0 -1.0 -1.0 -1.0 0.0 0.381854914512052 0.2938878097639756 0.32425727572397245
9 968.0 0.0 -1.0 -1.0 -1.0 0.0 0.3691868024752264 0.31530651744031724 0.3155066800844566
9 969.0 0.0 -1.0 -1.0 -1.0 0.0 0.34326457847856057 0.33371488168492824 0.3230205398365112
9 970.0 0.0 -1.0 -1.0 -1.0 0.0 0.34485061747801526 0.34451028765973524 0.31063909486224955
9 971.0 0.0 -1.0 -1.0 -1.0 0.0 0.3265866394200204 0.3437408484775576 0.32967251210242166
9 972.0 0.0 -1.0 -1.0 -1.0 0.0 0.310934979188248 0.34528255294524407 0.3437824678665081
9 973.0 0.0 -1.0 -1.0 -1.0 0.0 0.3319791447780988 0.3335461687122695 0.3344746865096317
9 974.0 0.0 -1.0 -1.0 -1.0 0.0 0.3437028687624255 0.33375656353099836 0.32254056770657624
9 975.0 0.0 -1.0 -1.0 -1.0 0.0 0.3348555059345867 0.34169382156314687 0.32345067250226633
9 976.0 0.0 -1.0 -1.0 -1.0 0.0 0.3336790688422774 0.32221397451921946 0.3441069566385032
9 977.0 0.0 -1.0 -1.0 -1.0 0.0 0.3211429611798822 0.3409069016954167 0.33795013712470123
9 978.0 0.0 -1.0 -1.0 -1.0 0.0 0.30022862947477175 0.35823123368969173 0.3415401368355364
9 979.0 0.0 -1.0 -1.0 -1.0 0.0 0.2944018519282719 0.3447214776877346 0.3608766703839933
9 980.0 0.0 -1.0 -1.0 -1.0 0.0 0.3049689081346762 0.33183681765191264 0.36319427421341116
9 981.0 0.0 -1.0 -1.0 -1.0 0.0 0.3102647792115187 0.3041148366498216 0.38562038413865957
9 982.0 0.0 -1.0 -1.0 -1.0 0.0 0.29927997148557794 0.32486473269459987 0.375855295819822
9 983.0 0.0 -1.0 -1.0 -1.0 0.0 0.32887712904651684 0.3077559161861684 0.36336695476731473
9 984.0 0.0 -1.0 -1.0 -1.0 0.0 0.3284533220569188 0.29795857626575883 0.37358810167732237
9 985.0 0.0 -1.0 -1.0 -1.0 0.0 0.3284388839089303 0.3200541113495989 0.351507004741471
9 986.0 0.0 -1.0 -1.0 -1.0 0.0 0.3406548977770916 0.3212601848156316 0.3380849174072766
9 987.0 0.0 -1.0 -1.0 -1.0 0.0 0.3286654479667865 0.35519361355398466 0.31614093847922903
9 988.0 0.0 -1.0 -1.0 -1.0 0.0 0.323071881911136 0.3400933491909582 0.3368347688979058
9 989.0 0.0 -1.0 -1.0 -1.0 0.0 0.3249366116724731 0.31548073005530886 0.35958265827221825
9 990.0 0.0 -1.0 -1.0 -1.0 0.0 0.3281978563222407 0.2887812448067298 0.38302089887102997
9 991.0 0.0 -1.0 -1.0 -1.0 0.0 0.35087410778455463 0.2802509378897749 0.36887495432567063
9 992.0 0.0 -1.0 -1.0 -1.0 0.0 0.34373065641516637 0.28130959794792454 0.37495974563690915
9 993.0 0.0 -1.0 -1.0 -1.0 0.0 0.34237676426749997 0.2753449819242482 0.38227825380825126
9 994.0 0.0 -1.0 -1.0 -1.0 0.0 0.3275516590218316 0.2980007177744463 0.37444762320372216
9 995.0 0.0 -1.0 -1.0 -1.0 0.0 0.3210441208653143 0.28582387178329866 0.393132007351387
9 996.0 0.0 -1.0 -1.0 -1.0 0.0 0.32853367149111906 0.3332212449374266 0.3382450835714541
9 997.0 0.0 -1.0 -1.0 -1.0 0.0 0.35010584202961914 0.3297882800578444 0.32010587791253636
9 998.0 0.0 -1.0 -1.0 -1.0 0.0 0.3516334114853168 0.31882777495731296 0.3295388135573705
9 999.0 0.0 -1.0 -1.0 -1.0 0.0 0.3297538065729777 0.3267211768336786 0.3435250165933439
9 1000.0 0.0 -1.0 -1.0 -1.0 0.0 0.32787849761111787 0.34306311376969456 0.32905838861918774
1000000000000000000000000000000000000000000000000000000000000000000000000000000000000000000000000000
-1.0
solo con 1: -100.0
