9 0.0 40.0 -41.0 -158.0 -90.04 48.71104659731774 0.3333333333333333 0.3333333333333333 0.3333333333333333
9 1.0 39.0 -39.0 -158.0 -74.24 43.793851328027934 0.3114748991274602 0.30503546975237045 0.38348963112016937
9 2.0 50.0 -36.0 -158.0 -66.87 41.2010726054357 0.2863684880026959 0.28400940939462715 0.4296221026026771
9 3.0 19.0 -35.0 -157.0 -61.22 38.62996690956832 0.27439046565316433 0.2395921448737292 0.4860173894731063
9 4.0 19.0 -35.0 -157.0 -53.26 32.334308014050265 0.2701619729438254 0.19375153463522946 0.5360864924209452
9 5.0 49.0 -33.0 -157.0 -47.19 28.03089745479463 0.2566556298284926 0.17831437171207484 0.5650299984594327
9 6.0 29.0 -31.0 -155.0 -42.99 24.542066545077866 0.23261148257951741 0.14920523357740303 0.6181832838430797
9 7.0 0.0 -29.0 -155.0 -39.49 22.63388672505958 0.22252938378807147 0.13893363962901079 0.6385369765829175
9 8.0 0.0 -27.0 -155.0 -35.32 16.972871997348705 0.1735239555937705 0.1280729783738382 0.6984030660323909
9 9.0 0.0 -27.0 -146.0 -32.45 12.064954675137882 0.16810249231117433 0.11832905446231846 0.7135684532265075
9 10.0 1.0 -26.0 -146.0 -30.62 12.189397611917263 0.13904103879141594 0.11976772314448825 0.7411912380640959
9 11.0 4.0 -25.0 -54.0 -28.17 3.9849590951349803 0.13882349265277313 0.12193459227060949 0.7392419150766179
9 12.0 26.0 -24.0 -54.0 -26.81 3.5124454055931937 0.12819572028638834 0.12978103695695245 0.7420232427566593
9 13.0 73.0 -22.0 -39.0 -25.38 2.1214631886049933 0.12488111429340305 0.13757699967390544 0.7375418860326914
9 14.0 45.0 -20.0 -39.0 -24.07 2.203096993696911 0.13341387288349568 0.11892304342003145 0.7476630836964727
9 15.0 13.0 -18.0 -39.0 -22.49 2.4802044555669482 0.13786729113046892 0.10259721790468956 0.7595354909648413
9 16.0 31.0 -16.0 -37.0 -20.49 2.540559868305497 0.12609503154667365 0.10759203402439269 0.7663129344289336
9 17.0 56.0 -14.0 -37.0 -18.82 2.7317068331397176 0.11132314208351811 0.10634047955299097 0.7823363783634909
9 18.0 41.0 -13.0 -37.0 -17.22 2.9218093190640784 0.12029876217885757 0.10239689219809835 0.7773043456230436
9 19.0 43.0 -10.0 -37.0 -15.38 3.0076669706037285 0.119596024841071 0.09398865549652215 0.7864153196624067
9 20.0 43.0 -9.0 -37.0 -13.78 3.0898334432572097 0.11351378721035729 0.08668133340035578 0.7998048793892869
9 21.0 0.0 -9.0 -37.0 -12.44 3.092251639504812 0.11363807863692718 0.08958274258323912 0.796779178779834
9 22.0 12.0 -7.0 -37.0 -11.08 3.0606000600001186 0.11104416978399718 0.092088901959593 0.7968669282564099
9 23.0 10.0 -7.0 -36.0 -9.66 3.015850383449672 0.12218695830886414 0.09483116663141439 0.7829818750597215
9 24.0 10.0 -6.0 -36.0 -8.75 3.0562900861844073 0.12352005942413725 0.09104631492412012 0.7854336256517425
9 25.0 8.0 -6.0 -35.0 -7.85 2.9725172137194735 0.13405557388103115 0.09866050606789253 0.7672839200510766
9 26.0 74.0 -4.0 -35.0 -7.0 3.0351476425573125 0.12592928953512156 0.10663420416245144 0.7674365063024271
9 27.0 13.0 -4.0 -35.0 -6.29 3.1536254589525274 0.13827275137659964 0.09613771218919742 0.7655895364342029
9 28.0 18.0 -3.0 -35.0 -5.37 3.227580010979235 0.1376347965711294 0.09857427003341993 0.7637909333954507
9 29.0 1.0 -3.0 -35.0 -4.49 3.3105127925285145 0.13963629051328819 0.10051212520522163 0.75985158428149
9 30.0 10.0 -2.0 -35.0 -3.78 3.365241222386367 0.15229387795882648 0.1101319184508365 0.7375742035903369
9 31.0 1.0 -2.0 -35.0 -3.32 3.2933357870190836 0.1724150340142724 0.12598676326399946 0.7015982027217282
9 32.0 1.0 -2.0 -34.0 -2.87 3.236955172361645 0.17413888683827985 0.13809586207202637 0.6877652510896936
9 33.0 21.0 -1.0 -34.0 -2.56 3.207692773520076 0.18733577717969438 0.1577181962424998 0.6549460265778059
9 34.0 21.0 -1.0 -4.0 -2.09 0.37859388972001845 0.2110125520025872 0.18851284930574225 0.6004745986916703
9 35.0 9.0 -1.0 -3.0 -1.95 0.411329453348431 0.2271310879039293 0.19874597521724485 0.5741229368788257
9 36.0 0.0 -1.0 -3.0 -1.66 0.5724305789148304 0.21765029945590428 0.1938115448225752 0.5885381557215205
9 37.0 0.0 -1.0 -3.0 -1.35 0.5388914922357191 0.20212963498340147 0.2130498724604315 0.584820492556167
9 38.0 0.0 -1.0 -3.0 -1.22 0.4623173950192377 0.21978965809792134 0.22938634378533113 0.5508239981167476
9 39.0 0.0 -1.0 -3.0 -1.15 0.38599209705627296 0.24513968590457402 0.24232955590834446 0.5125307581870813
9 40.0 0.0 -1.0 -3.0 -1.1 0.3333333333333333 0.22927743496122677 0.279719025879239 0.49100353915953415
9 41.0 0.0 -1.0 -3.0 -1.06 0.2777979790634141 0.2486430031813597 0.28390407651037974 0.46745292030826036
9 42.0 0.0 -1.0 -3.0 -1.05 0.2611164839335469 0.26408945157365915 0.28580223702711693 0.45010831139922414
9 43.0 0.0 -1.0 -2.0 -1.03 0.1714466079977652 0.2746436403385162 0.2814107670567249 0.44394559260475847
9 44.0 0.0 -1.0 -2.0 -1.01 0.09999999999999999 0.26124584935838013 0.32039094516983646 0.4183632054717832
9 45.0 0.0 -1.0 -1.0 -1.0 0.0 0.27373262658530756 0.3240939946705049 0.4021733787441874
9 46.0 0.0 -1.0 -1.0 -1.0 0.0 0.270474159220126 0.35186819382395984 0.37765764695591403
9 47.0 0.0 -1.0 -1.0 -1.0 0.0 0.2599693252374425 0.3466184174579372 0.39341225730462
9 48.0 0.0 -1.0 -1.0 -1.0 0.0 0.3091403304028174 0.34298443547547847 0.347875234121704
9 49.0 0.0 -1.0 -1.0 -1.0 0.0 0.31215728144414273 0.3433694623109769 0.3444732562448802
9 50.0 0.0 -1.0 -1.0 -1.0 0.0 0.32105332041711626 0.29998341286052166 0.37896326672236214
9 51.0 0.0 -1.0 -1.0 -1.0 0.0 0.3163054194511947 0.2907622528070479 0.39293232774175735
9 52.0 0.0 -1.0 -1.0 -1.0 0.0 0.3220257189528411 0.32484862722284236 0.3531256538243167
9 53.0 0.0 -1.0 -1.0 -1.0 0.0 0.3251212976385467 0.32877942521218506 0.34609927714926836
9 54.0 0.0 -1.0 -1.0 -1.0 0.0 0.3383174324697724 0.3127375772149217 0.3489449903153058
9 55.0 0.0 -1.0 -1.0 -1.0 0.0 0.33884845502680216 0.31175158259959973 0.349399962373598
9 56.0 0.0 -1.0 -1.0 -1.0 0.0 0.3010122053463273 0.3296288285210489 0.3693589661326238
9 57.0 0.0 -1.0 -1.0 -1.0 0.0 0.3385277030425381 0.3198816374765692 0.34159065948089284
9 58.0 0.0 -1.0 -1.0 -1.0 0.0 0.3555046229907131 0.3191003979971338 0.325394979012153
9 59.0 0.0 -1.0 -1.0 -1.0 0.0 0.34456038283850055 0.33975883266791035 0.315680784493589
9 60.0 0.0 -1.0 -1.0 -1.0 0.0 0.3215458383475543 0.3505721887193603 0.3278819729330854
9 61.0 0.0 -1.0 -1.0 -1.0 0.0 0.29399689434637166 0.36043518260544205 0.3455679230481861
9 62.0 0.0 -1.0 -1.0 -1.0 0.0 0.3097362119615422 0.36665426125666173 0.32360952678179605
9 63.0 0.0 -1.0 -1.0 -1.0 0.0 0.3372930083018867 0.3419997411733213 0.3207072505247919
9 64.0 0.0 -1.0 -1.0 -1.0 0.0 0.33091061651657777 0.34609794997073245 0.3229914335126897
9 65.0 0.0 -1.0 -1.0 -1.0 0.0 0.3512068420066016 0.3135746428766484 0.33521851511674994
9 66.0 0.0 -1.0 -1.0 -1.0 0.0 0.35272802683196497 0.3047386943748293 0.34253327879320566
9 67.0 0.0 -1.0 -1.0 -1.0 0.0 0.33112130842512516 0.32049085274970573 0.34838783882516916
9 68.0 0.0 -1.0 -1.0 -1.0 0.0 0.3398769775560323 0.31009232700497597 0.35003069543899157
9 69.0 0.0 -1.0 -1.0 -1.0 0.0 0.33841902042881555 0.31609618751568275 0.34548479205550164
9 70.0 0.0 -1.0 -1.0 -1.0 0.0 0.32739607172443635 0.3034859325948222 0.3691179956807415
9 71.0 0.0 -1.0 -1.0 -1.0 0.0 0.3460844819367849 0.31366320475427545 0.34025231330893957
9 72.0 0.0 -1.0 -1.0 -1.0 0.0 0.34781880183290176 0.30758693514915986 0.3445942630179385
9 73.0 0.0 -1.0 -1.0 -1.0 0.0 0.34833909504177696 0.32367666227454867 0.32798424268367443
9 74.0 0.0 -1.0 -1.0 -1.0 0.0 0.33969907535688537 0.3233171327549263 0.3369837918881885
9 75.0 0.0 -1.0 -1.0 -1.0 0.0 0.322043971072473 0.3223857851575864 0.3555702437699408
9 76.0 0.0 -1.0 -1.0 -1.0 0.0 0.30876888241436595 0.33213177424855667 0.35909934333707727
9 77.0 0.0 -1.0 -1.0 -1.0 0.0 0.31555042693261653 0.32214384453040984 0.3623057285369737
9 78.0 0.0 -1.0 -1.0 -1.0 0.0 0.3007956714710176 0.31649583023204475 0.3827084982969376
9 79.0 0.0 -1.0 -1.0 -1.0 0.0 0.30772106746572203 0.3250097376323486 0.3672691949019294
9 80.0 0.0 -1.0 -1.0 -1.0 0.0 0.3072606611676024 0.30173744501655053 0.391001893815847
9 81.0 0.0 -1.0 -1.0 -1.0 0.0 0.3216993580849566 0.3170096816623984 0.3612909602526448
9 82.0 0.0 -1.0 -1.0 -1.0 0.0 0.3113772700343917 0.3407937373869008 0.3478289925787076
9 83.0 0.0 -1.0 -1.0 -1.0 0.0 0.34602126434076824 0.34329932042199957 0.3106794152372322
9 84.0 0.0 -1.0 -1.0 -1.0 0.0 0.33845982806786873 0.33399202670291517 0.32754814522921616
9 85.0 0.0 -1.0 -1.0 -1.0 0.0 0.2947108416098366 0.3572709946074592 0.3480181637827045
9 86.0 0.0 -1.0 -1.0 -1.0 0.0 0.28927246137114027 0.33462354561262203 0.3761039930162377
9 87.0 0.0 -1.0 -1.0 -1.0 0.0 0.26090888726085776 0.3342478931495853 0.404843219589557
9 88.0 0.0 -1.0 -1.0 -1.0 0.0 0.28261349154857235 0.3389931310110551 0.3783933774403726
9 89.0 0.0 -1.0 -1.0 -1.0 0.0 0.2984368071631629 0.3226841624658176 0.37887903037101917
9 90.0 0.0 -1.0 -1.0 -1.0 0.0 0.3157250433509051 0.2959369905078598 0.388337966141235
9 91.0 0.0 -1.0 -1.0 -1.0 0.0 0.3429645783557584 0.3059746844472533 0.3510607371969885
9 92.0 0.0 -1.0 -1.0 -1.0 0.0 0.3242615536480087 0.3241063642378428 0.3516320821141485
9 93.0 0.0 -1.0 -1.0 -1.0 0.0 0.3668220167697838 0.3224926522667408 0.31068533096347545
9 94.0 0.0 -1.0 -1.0 -1.0 0.0 0.3785279160694227 0.30786212529762624 0.313609958632951
9 95.0 0.0 -1.0 -1.0 -1.0 0.0 0.3695744031760495 0.32170976566561593 0.3087158311583345
9 96.0 0.0 -1.0 -1.0 -1.0 0.0 0.36365491660185684 0.3163390241071933 0.32000605929095
9 97.0 0.0 -1.0 -1.0 -1.0 0.0 0.37630552539464296 0.2828471625792882 0.3408473120260686
9 98.0 0.0 -1.0 -1.0 -1.0 0.0 0.33759415995529535 0.2829876801392129 0.3794181599054918
9 99.0 0.0 -1.0 -1.0 -1.0 0.0 0.3179807586826098 0.29133440412051154 0.39068483719687863
9 100.0 0.0 -1.0 -1.0 -1.0 0.0 0.3041467720613457 0.30721057376415495 0.38864265417449934
9 101.0 0.0 -1.0 -1.0 -1.0 0.0 0.3125299076309815 0.3203395294835795 0.36713056288543894
9 102.0 0.0 -1.0 -1.0 -1.0 0.0 0.3139446963144029 0.3226640949336174 0.36339120875197944
9 103.0 0.0 -1.0 -1.0 -1.0 0.0 0.32944824521249627 0.3240187146715683 0.3465330401159355
9 104.0 0.0 -1.0 -1.0 -1.0 0.0 0.32919719346871923 0.3284975923296126 0.34230521420166815
9 105.0 0.0 -1.0 -1.0 -1.0 0.0 0.34189838637157083 0.3488541837294685 0.3092474298989606
9 106.0 0.0 -1.0 -1.0 -1.0 0.0 0.3158366208449891 0.3745266923065626 0.3096366868484484
9 107.0 0.0 -1.0 -1.0 -1.0 0.0 0.3417448976538283 0.3559662511242927 0.3022888512218787
9 108.0 0.0 -1.0 -1.0 -1.0 0.0 0.3404408239157 0.3481877147323749 0.311371461351925
9 109.0 0.0 -1.0 -1.0 -1.0 0.0 0.34971121044870146 0.3415491631937217 0.3087396263575769
9 110.0 0.0 -1.0 -1.0 -1.0 0.0 0.35608017447906737 0.34088144942077436 0.3030383761001584
9 111.0 0.0 -1.0 -1.0 -1.0 0.0 0.3415271526099179 0.32608796752386787 0.33238487986621423
9 112.0 0.0 -1.0 -1.0 -1.0 0.0 0.33357451730148185 0.3278437981955151 0.33858168450300286
9 113.0 0.0 -1.0 -1.0 -1.0 0.0 0.33705569160553744 0.3451002007506153 0.3178441076438474
9 114.0 0.0 -1.0 -1.0 -1.0 0.0 0.3565118588136643 0.3218909510953274 0.32159719009100823
9 115.0 0.0 -1.0 -1.0 -1.0 0.0 0.3583559671396673 0.3513503818315115 0.2902936510288213
9 116.0 0.0 -1.0 -1.0 -1.0 0.0 0.35418062295340375 0.3528427188653872 0.2929766581812091
9 117.0 0.0 -1.0 -1.0 -1.0 0.0 0.3342326862268073 0.3610276128833738 0.30473970088981894
9 118.0 0.0 -1.0 -1.0 -1.0 0.0 0.3517532560822952 0.34577675995242807 0.3024699839652771
9 119.0 0.0 -1.0 -1.0 -1.0 0.0 0.35228522310636023 0.33226955584721474 0.3154452210464251
9 120.0 0.0 -1.0 -1.0 -1.0 0.0 0.3208607375500799 0.36076358211546183 0.31837568033445834
9 121.0 0.0 -1.0 -1.0 -1.0 0.0 0.315092277248605 0.39701515231605455 0.28789257043534056
9 122.0 0.0 -1.0 -1.0 -1.0 0.0 0.3300599796797586 0.37770365911036513 0.29223636120987634
9 123.0 0.0 -1.0 -1.0 -1.0 0.0 0.3436331253354904 0.3752597016068092 0.2811071730577004
9 124.0 0.0 -1.0 -1.0 -1.0 0.0 0.3538400377114862 0.37011587115576683 0.27604409113274686
9 125.0 0.0 -1.0 -1.0 -1.0 0.0 0.36652251192582486 0.3304205581267295 0.30305692994744526
9 126.0 0.0 -1.0 -1.0 -1.0 0.0 0.3686329947858988 0.3096979554495243 0.321669049764577
9 127.0 0.0 -1.0 -1.0 -1.0 0.0 0.36426470519175164 0.32507139356683906 0.31066390124140913
9 128.0 0.0 -1.0 -1.0 -1.0 0.0 0.3868133560994867 0.3448458594532175 0.26834078444729564
9 129.0 0.0 -1.0 -1.0 -1.0 0.0 0.3616418395679874 0.3405344754658174 0.29782368496619527
9 130.0 0.0 -1.0 -1.0 -1.0 0.0 0.3702132982897415 0.33168491565405084 0.2981017860562074
9 131.0 0.0 -1.0 -1.0 -1.0 0.0 0.3457738206454101 0.3319128107275479 0.32231336862704185
9 132.0 0.0 -1.0 -1.0 -1.0 0.0 0.34170978079325165 0.3444683196319987 0.31382189957474976
9 133.0 0.0 -1.0 -1.0 -1.0 0.0 0.33900989590482894 0.33175674077510464 0.3292333633200662
9 134.0 0.0 -1.0 -1.0 -1.0 0.0 0.3357999600438843 0.34082786070555654 0.3233721792505591
9 135.0 0.0 -1.0 -1.0 -1.0 0.0 0.32547098498805566 0.3410087755254696 0.33352023948647447
9 136.0 0.0 -1.0 -1.0 -1.0 0.0 0.3266920984831194 0.35213807458484125 0.3211698269320393
9 137.0 0.0 -1.0 -1.0 -1.0 0.0 0.3343541179655791 0.3684079796662639 0.2972379023681569
9 138.0 0.0 -1.0 -1.0 -1.0 0.0 0.3639720407614314 0.34548199963677484 0.2905459596017938
9 139.0 0.0 -1.0 -1.0 -1.0 0.0 0.35152542276610727 0.3317455949849413 0.31672898224895124
9 140.0 0.0 -1.0 -1.0 -1.0 0.0 0.3605090697860664 0.3205995940439038 0.31889133617002974
9 141.0 0.0 -1.0 -1.0 -1.0 0.0 0.36658955211246513 0.3100406864461659 0.323369761441369
9 142.0 0.0 -1.0 -1.0 -1.0 0.0 0.3402064975548994 0.3298300301759188 0.32996347226918177
9 143.0 0.0 -1.0 -1.0 -1.0 0.0 0.3183176730407195 0.3235925096166615 0.3580898173426187
9 144.0 0.0 -1.0 -1.0 -1.0 0.0 0.3123830752961218 0.3179690793019593 0.36964784540191886
9 145.0 0.0 -1.0 -1.0 -1.0 0.0 0.32537401299069235 0.3223960720105737 0.3522299149987342
9 146.0 0.0 -1.0 -1.0 -1.0 0.0 0.30202504875094893 0.34610042744312003 0.3518745238059309
9 147.0 0.0 -1.0 -1.0 -1.0 0.0 0.3023680477477367 0.3340356021188899 0.36359635013337355
9 148.0 0.0 -1.0 -1.0 -1.0 0.0 0.3096847131450793 0.3493824664866405 0.34093282036828043
9 149.0 0.0 -1.0 -1.0 -1.0 0.0 0.2915948743214251 0.36811323419321096 0.34029189148536415
9 150.0 0.0 -1.0 -1.0 -1.0 0.0 0.30248774756295876 0.3446663103601019 0.35284594207693926
9 151.0 0.0 -1.0 -1.0 -1.0 0.0 0.3090452725429956 0.35444516656469466 0.33650956089230954
9 152.0 0.0 -1.0 -1.0 -1.0 0.0 0.3218069593872782 0.3264672291764645 0.3517258114362572
9 153.0 0.0 -1.0 -1.0 -1.0 0.0 0.2967464543546678 0.3305578756662381 0.372695669979094
9 154.0 0.0 -1.0 -1.0 -1.0 0.0 0.3055685799738215 0.34577911332357714 0.3486523067026017
9 155.0 0.0 -1.0 -1.0 -1.0 0.0 0.3069674434303704 0.3372246739957388 0.3558078825738907
9 156.0 0.0 -1.0 -1.0 -1.0 0.0 0.3245991206000039 0.3415422368148711 0.333858642585125
9 157.0 0.0 -1.0 -1.0 -1.0 0.0 0.33436040914098014 0.3454813866089054 0.3201582042501146
9 158.0 0.0 -1.0 -1.0 -1.0 0.0 0.34945025714140393 0.3589490492669272 0.29160069359166885
9 159.0 0.0 -1.0 -1.0 -1.0 0.0 0.3341968346840959 0.3734509752863873 0.29235219002951657
9 160.0 0.0 -1.0 -1.0 -1.0 0.0 0.36528719847343416 0.3618463449263865 0.2728664566001795
9 161.0 0.0 -1.0 -1.0 -1.0 0.0 0.35014821858673933 0.363629915532342 0.2862218658809186
9 162.0 0.0 -1.0 -1.0 -1.0 0.0 0.34693914473108434 0.3680683584762145 0.28499249679270106
9 163.0 0.0 -1.0 -1.0 -1.0 0.0 0.3495560433592324 0.352961418411985 0.29748253822878284
9 164.0 0.0 -1.0 -1.0 -1.0 0.0 0.34040253623554584 0.3459648656934272 0.31363259807102695
9 165.0 0.0 -1.0 -1.0 -1.0 0.0 0.33062536955207006 0.31975110823865344 0.3496235222092764
9 166.0 0.0 -1.0 -1.0 -1.0 0.0 0.3313473948063286 0.3179862562494087 0.35066634894426285
9 167.0 0.0 -1.0 -1.0 -1.0 0.0 0.32187929850215413 0.3213405907103868 0.3567801107874594
9 168.0 0.0 -1.0 -1.0 -1.0 0.0 0.3190446060999499 0.3328237832999654 0.34813161060008446
9 169.0 0.0 -1.0 -1.0 -1.0 0.0 0.3355253165773525 0.3184319548780505 0.34604272854459717
9 170.0 0.0 -1.0 -1.0 -1.0 0.0 0.33575454861118037 0.3437394820211992 0.32050596936762027
9 171.0 0.0 -1.0 -1.0 -1.0 0.0 0.3419041051710066 0.33549401354011776 0.32260188128887557
9 172.0 0.0 -1.0 -1.0 -1.0 0.0 0.31923214581094655 0.3401334213327999 0.3406344328562539
9 173.0 0.0 -1.0 -1.0 -1.0 0.0 0.32233838919466024 0.33955436812067297 0.33810724268466685
9 174.0 0.0 -1.0 -1.0 -1.0 0.0 0.3488933152397615 0.3257143617546488 0.3253923230055893
9 175.0 0.0 -1.0 -1.0 -1.0 0.0 0.3633931197822858 0.3273705722483999 0.3092363079693143
9 176.0 0.0 -1.0 -1.0 -1.0 0.0 0.36427673266999855 0.29554354760470336 0.3401797197252982
9 177.0 0.0 -1.0 -1.0 -1.0 0.0 0.35423521956948656 0.32087015437152316 0.3248946260589902
9 178.0 0.0 -1.0 -1.0 -1.0 0.0 0.3501908102606238 0.3390402208006006 0.31076896893877565
9 179.0 0.0 -1.0 -1.0 -1.0 0.0 0.3362283287191824 0.3788055665039172 0.2849661047769004
9 180.0 0.0 -1.0 -1.0 -1.0 0.0 0.3368248322163299 0.3795295856645236 0.28364558211914664
9 181.0 0.0 -1.0 -1.0 -1.0 0.0 0.31933845801328203 0.3685018483929982 0.31215969359371964
9 182.0 0.0 -1.0 -1.0 -1.0 0.0 0.3334875133228971 0.3535923061221106 0.3129201805549923
9 183.0 0.0 -1.0 -1.0 -1.0 0.0 0.32740773625748276 0.34459721702404517 0.327995046718472
9 184.0 0.0 -1.0 -1.0 -1.0 0.0 0.31376272140653794 0.32901136338021403 0.35722591521324804
9 185.0 0.0 -1.0 -1.0 -1.0 0.0 0.30897301752641854 0.3300436269680012 0.36098335550558036
9 186.0 0.0 -1.0 -1.0 -1.0 0.0 0.2915801812027425 0.35947217543761567 0.3489476433596417
9 187.0 0.0 -1.0 -1.0 -1.0 0.0 0.30574350676759554 0.3621192669676861 0.3321372262647182
9 188.0 0.0 -1.0 -1.0 -1.0 0.0 0.32612459766443247 0.3354805836620989 0.33839481867346877
9 189.0 0.0 -1.0 -1.0 -1.0 0.0 0.32684927223620364 0.3542973250009575 0.3188534027628388
9 190.0 0.0 -1.0 -1.0 -1.0 0.0 0.32787396400543295 0.3526099171425219 0.3195161188520452
9 191.0 0.0 -1.0 -1.0 -1.0 0.0 0.3535518403225162 0.3227602609924024 0.3236878986850812
9 192.0 0.0 -1.0 -1.0 -1.0 0.0 0.3220862429029106 0.3282054748488335 0.34970828224825573
9 193.0 0.0 -1.0 -1.0 -1.0 0.0 0.33593548874808127 0.32839361366213204 0.33567089758978674
9 194.0 0.0 -1.0 -1.0 -1.0 0.0 0.3274249120076491 0.32151222995827256 0.3510628580340787
9 195.0 0.0 -1.0 -1.0 -1.0 0.0 0.33602966936499895 0.32087497462379405 0.343095356011207
9 196.0 0.0 -1.0 -1.0 -1.0 0.0 0.34797195266947745 0.3140200426850848 0.33800800464543757
9 197.0 0.0 -1.0 -1.0 -1.0 0.0 0.35108597620624865 0.30830807982323966 0.3406059439705115
9 198.0 0.0 -1.0 -1.0 -1.0 0.0 0.35075661844597505 0.32066710508236285 0.32857627647166204
9 199.0 0.0 -1.0 -1.0 -1.0 0.0 0.343338230094235 0.3263261578155281 0.33033561209023693
9 200.0 0.0 -1.0 -1.0 -1.0 0.0 0.3492098924437314 0.323557766739937 0.3272323408163317
9 201.0 0.0 -1.0 -1.0 -1.0 0.0 0.3346614775679212 0.37320513122140153 0.29213339121067705
9 202.0 0.0 -1.0 -1.0 -1.0 0.0 0.3429934421489026 0.37774030970907524 0.27926624814202194
9 203.0 0.0 -1.0 -1.0 -1.0 0.0 0.33982515561265747 0.33757456821462134 0.32260027617272125
9 204.0 0.0 -1.0 -1.0 -1.0 0.0 0.3315188685762196 0.3459611018834307 0.3225200295403496
9 205.0 0.0 -1.0 -1.0 -1.0 0.0 0.3150029084433358 0.3257682266081547 0.3592288649485098
9 206.0 0.0 -1.0 -1.0 -1.0 0.0 0.3017931231086705 0.3396640519300529 0.3585428249612768
9 207.0 0.0 -1.0 -1.0 -1.0 0.0 0.30169232778355226 0.3573368717410921 0.34097080047535533
9 208.0 0.0 -1.0 -1.0 -1.0 0.0 0.29538524365945173 0.35087916658625895 0.35373558975428937
9 209.0 0.0 -1.0 -1.0 -1.0 0.0 0.3003070106196057 0.3476096915681915 0.35208329781220266
9 210.0 0.0 -1.0 -1.0 -1.0 0.0 0.3135515052218987 0.3239110577276161 0.3625374370504854
9 211.0 0.0 -1.0 -1.0 -1.0 0.0 0.32817772223206937 0.3408767234064397 0.33094555436149087
9 212.0 0.0 -1.0 -1.0 -1.0 0.0 0.32999610300248583 0.33859728235509046 0.3314066146424235
9 213.0 0.0 -1.0 -1.0 -1.0 0.0 0.3419779361240672 0.34162535569338515 0.3163967081825473
9 214.0 0.0 -1.0 -1.0 -1.0 0.0 0.31683710665428794 0.3396665469499661 0.3434963463957462
9 215.0 0.0 -1.0 -1.0 -1.0 0.0 0.3365076490347758 0.3345327115774694 0.32895963938775474
9 216.0 0.0 -1.0 -1.0 -1.0 0.0 0.34561918702012806 0.30578237320477675 0.34859843977509514
9 217.0 0.0 -1.0 -1.0 -1.0 0.0 0.33182423142973755 0.3479959783607906 0.3201797902094718
9 218.0 0.0 -1.0 -1.0 -1.0 0.0 0.339691258359141 0.33178665422030307 0.32852208742055594
9 219.0 0.0 -1.0 -1.0 -1.0 0.0 0.3342813762486346 0.33162751820410713 0.33409110554725835
9 220.0 0.0 -1.0 -1.0 -1.0 0.0 0.3445310489002454 0.3220675412877974 0.33340140981195715
9 221.0 0.0 -1.0 -1.0 -1.0 0.0 0.31352396505978547 0.33014947699653036 0.3563265579436841
9 222.0 0.0 -1.0 -1.0 -1.0 0.0 0.31937876354949746 0.31045150711963543 0.37016972933086706
9 223.0 0.0 -1.0 -1.0 -1.0 0.0 0.31757251072522263 0.3256493243112856 0.3567781649634918
9 224.0 0.0 -1.0 -1.0 -1.0 0.0 0.3237414448526643 0.30853173601884976 0.3677268191284859
9 225.0 0.0 -1.0 -1.0 -1.0 0.0 0.29934851119873646 0.33450112916774183 0.36615035963352177
9 226.0 0.0 -1.0 -1.0 -1.0 0.0 0.3026594237431322 0.3308882078471384 0.36645236840972933
9 227.0 0.0 -1.0 -1.0 -1.0 0.0 0.2953124597597666 0.3517653375644719 0.3529222026757617
9 228.0 0.0 -1.0 -1.0 -1.0 0.0 0.3227988842363237 0.3514812495124571 0.32571986625121907
9 229.0 0.0 -1.0 -1.0 -1.0 0.0 0.3189111833952191 0.3402407869104618 0.34084802969431927
9 230.0 0.0 -1.0 -1.0 -1.0 0.0 0.3282614735193948 0.3204130055492764 0.351325520931329
9 231.0 0.0 -1.0 -1.0 -1.0 0.0 0.30114080400727367 0.3379972059669638 0.3608619900257624
9 232.0 0.0 -1.0 -1.0 -1.0 0.0 0.30778903876403624 0.3450651196531569 0.3471458415828069
9 233.0 0.0 -1.0 -1.0 -1.0 0.0 0.30859556188200565 0.3447963115463634 0.346608126571631
9 234.0 0.0 -1.0 -1.0 -1.0 0.0 0.3207509534004844 0.3315683871417942 0.3476806594577212
9 235.0 0.0 -1.0 -1.0 -1.0 0.0 0.3209229181750641 0.34809420896110127 0.3309828728638348
9 236.0 0.0 -1.0 -1.0 -1.0 0.0 0.34931417956777866 0.29155911278908625 0.3591267076431352
9 237.0 0.0 -1.0 -1.0 -1.0 0.0 0.33820438930955776 0.2902904654240345 0.37150514526640754
9 238.0 0.0 -1.0 -1.0 -1.0 0.0 0.3428597013827533 0.2623458638313902 0.39479443478585624
9 239.0 0.0 -1.0 -1.0 -1.0 0.0 0.34443746944205117 0.2669426601647222 0.38861987039322693
9 240.0 0.0 -1.0 -1.0 -1.0 0.0 0.3330998644531648 0.28730488008568533 0.3795952554611498
9 241.0 0.0 -1.0 -1.0 -1.0 0.0 0.3158314749107723 0.30018579649995586 0.383982728589272
9 242.0 0.0 -1.0 -1.0 -1.0 0.0 0.3051324929576642 0.3338504408830393 0.3610170661592968
9 243.0 0.0 -1.0 -1.0 -1.0 0.0 0.3247879414019539 0.3245304033598469 0.3506816552381993
9 244.0 0.0 -1.0 -1.0 -1.0 0.0 0.32960411055445205 0.32735006436404246 0.3430458250815054
9 245.0 0.0 -1.0 -1.0 -1.0 0.0 0.33471240250327616 0.31455741735481857 0.3507301801419051
9 246.0 0.0 -1.0 -1.0 -1.0 0.0 0.3540165416681227 0.28241604488278904 0.3635674134490882
9 247.0 0.0 -1.0 -1.0 -1.0 0.0 0.33090253268462333 0.29245826139040293 0.37663920592497363
9 248.0 0.0 -1.0 -1.0 -1.0 0.0 0.3282186359063532 0.298682835319202 0.3730985287744446
9 249.0 0.0 -1.0 -1.0 -1.0 0.0 0.3339392680410501 0.30718313684933357 0.3588775951096163
9 250.0 0.0 -1.0 -1.0 -1.0 0.0 0.36407789775224514 0.2919220906103314 0.3440000116374234
9 251.0 0.0 -1.0 -1.0 -1.0 0.0 0.3442459791068952 0.27937866925653027 0.3763753516365744
9 252.0 0.0 -1.0 -1.0 -1.0 0.0 0.33758127060318044 0.28187087824255114 0.38054785115426826
9 253.0 0.0 -1.0 -1.0 -1.0 0.0 0.37231065731657315 0.25737512346578567 0.3703142192176412
9 254.0 0.0 -1.0 -1.0 -1.0 0.0 0.37403833241356177 0.25379486449880007 0.37216680308763833
9 255.0 0.0 -1.0 -1.0 -1.0 0.0 0.36983638133557734 0.26548464732659083 0.36467897133783184
9 256.0 0.0 -1.0 -1.0 -1.0 0.0 0.3420368203715484 0.2973305404384821 0.3606326391899694
9 257.0 0.0 -1.0 -1.0 -1.0 0.0 0.3186805106008251 0.3274828048848537 0.35383668451432115
9 258.0 0.0 -1.0 -1.0 -1.0 0.0 0.3350884025720343 0.3175125202701159 0.3473990771578498
9 259.0 0.0 -1.0 -1.0 -1.0 0.0 0.30218190017477736 0.33295650574234076 0.36486159408288205
9 260.0 0.0 -1.0 -1.0 -1.0 0.0 0.3191251816461889 0.30134991151300067 0.37952490684081036
9 261.0 0.0 -1.0 -1.0 -1.0 0.0 0.3206570137400247 0.315654191678655 0.36368879458132036
9 262.0 0.0 -1.0 -1.0 -1.0 0.0 0.36434050632277776 0.2743268652895032 0.36133262838771896
9 263.0 0.0 -1.0 -1.0 -1.0 0.0 0.3745843092455878 0.27886920695080825 0.34654648380360387
9 264.0 0.0 -1.0 -1.0 -1.0 0.0 0.35431700967918206 0.29197334595891894 0.3537096443618989
9 265.0 0.0 -1.0 -1.0 -1.0 0.0 0.3679300317778988 0.3018593761235231 0.33021059209857817
9 266.0 0.0 -1.0 -1.0 -1.0 0.0 0.36006150246667107 0.2899848535163362 0.3499536440169927
9 267.0 0.0 -1.0 -1.0 -1.0 0.0 0.34568205671719904 0.3100127626906065 0.3443051805921944
9 268.0 0.0 -1.0 -1.0 -1.0 0.0 0.3675304972170606 0.2895249278130001 0.3429445749699395
9 269.0 0.0 -1.0 -1.0 -1.0 0.0 0.33324506943266435 0.31467128281277945 0.35208364775455614
9 270.0 0.0 -1.0 -1.0 -1.0 0.0 0.33867618307592556 0.31377900486049876 0.34754481206357574
9 271.0 0.0 -1.0 -1.0 -1.0 0.0 0.3286265225228723 0.3171060424810886 0.3542674349960393
9 272.0 0.0 -1.0 -1.0 -1.0 0.0 0.3155694076542026 0.32952958278948336 0.35490100955631376
9 273.0 0.0 -1.0 -1.0 -1.0 0.0 0.30638478038916434 0.35349011365265853 0.340125105958177
9 274.0 0.0 -1.0 -1.0 -1.0 0.0 0.2855235391754157 0.3699103541044568 0.3445661067201272
9 275.0 0.0 -1.0 -1.0 -1.0 0.0 0.3000668732848478 0.35865911864486527 0.3412740080702871
9 276.0 0.0 -1.0 -1.0 -1.0 0.0 0.29363822595387984 0.3695821010947062 0.3367796729514137
9 277.0 0.0 -1.0 -1.0 -1.0 0.0 0.276675539163911 0.37784284446985994 0.3454816163662293
9 278.0 0.0 -1.0 -1.0 -1.0 0.0 0.3098862682677873 0.34499754105548525 0.3451161906767275
9 279.0 0.0 -1.0 -1.0 -1.0 0.0 0.31757254929001427 0.3233546329337325 0.35907281777625294
9 280.0 0.0 -1.0 -1.0 -1.0 0.0 0.32778832822375675 0.31630639191877735 0.35590527985746584
9 281.0 0.0 -1.0 -1.0 -1.0 0.0 0.3083502338214932 0.3167447996090829 0.3749049665694237
9 282.0 0.0 -1.0 -1.0 -1.0 0.0 0.2942595137842106 0.30829515842506905 0.3974453277907205
9 283.0 0.0 -1.0 -1.0 -1.0 0.0 0.25731605500817284 0.35088435232704623 0.39179959266478087
9 284.0 0.0 -1.0 -1.0 -1.0 0.0 0.27780445174921686 0.33464628773000604 0.3875492605207772
9 285.0 0.0 -1.0 -1.0 -1.0 0.0 0.28494461443203184 0.35936123827184685 0.35569414729612125
9 286.0 0.0 -1.0 -1.0 -1.0 0.0 0.30158001427329933 0.35133223860867036 0.34708774711803014
9 287.0 0.0 -1.0 -1.0 -1.0 0.0 0.29577588204785465 0.339028773110662 0.36519534484148347
9 288.0 0.0 -1.0 -1.0 -1.0 0.0 0.2963859988490009 0.34100580729235863 0.3626081938586406
9 289.0 0.0 -1.0 -1.0 -1.0 0.0 0.30091939455696226 0.33352069034043497 0.3655599151026026
9 290.0 0.0 -1.0 -1.0 -1.0 0.0 0.3289696591633217 0.327212177675813 0.34381816316086544
9 291.0 0.0 -1.0 -1.0 -1.0 0.0 0.33577702969760054 0.3205585854275837 0.34366438487481576
9 292.0 0.0 -1.0 -1.0 -1.0 0.0 0.3119350079678935 0.35425857860079746 0.33380641343130896
9 293.0 0.0 -1.0 -1.0 -1.0 0.0 0.3260581968970412 0.3248484065388844 0.34909339656407434
9 294.0 0.0 -1.0 -1.0 -1.0 0.0 0.33053040308499004 0.302094278186617 0.36737531872839285
9 295.0 0.0 -1.0 -1.0 -1.0 0.0 0.33772897927900636 0.28997572135125466 0.3722952993697388
9 296.0 0.0 -1.0 -1.0 -1.0 0.0 0.33220450116877287 0.3032260499056786 0.3645694489255487
9 297.0 0.0 -1.0 -1.0 -1.0 0.0 0.34256016098914527 0.30650823473556826 0.3509316042752863
9 298.0 0.0 -1.0 -1.0 -1.0 0.0 0.3245010262476925 0.34448513377990714 0.3310138399724003
9 299.0 0.0 -1.0 -1.0 -1.0 0.0 0.33396107590127355 0.3462105700059956 0.3198283540927308
9 300.0 0.0 -1.0 -1.0 -1.0 0.0 0.3388822398842115 0.3325026225694095 0.3286151375463789
9 301.0 0.0 -1.0 -1.0 -1.0 0.0 0.3291396405776579 0.31355147791124677 0.3573088815110953
9 302.0 0.0 -1.0 -1.0 -1.0 0.0 0.3182997747269962 0.33145024357110825 0.3502499817018955
9 303.0 0.0 -1.0 -1.0 -1.0 0.0 0.32960744933403474 0.3140474004631052 0.35634515020285995
9 304.0 0.0 -1.0 -1.0 -1.0 0.0 0.32326113586934246 0.32065895531132255 0.3560799088193351
9 305.0 0.0 -1.0 -1.0 -1.0 0.0 0.3159810662161122 0.3266483509571053 0.35737058282678236
9 306.0 0.0 -1.0 -1.0 -1.0 0.0 0.30167685738040284 0.34502285474857947 0.3533002878710175
9 307.0 0.0 -1.0 -1.0 -1.0 0.0 0.31025891384163456 0.3657619475334397 0.323979138624926
9 308.0 0.0 -1.0 -1.0 -1.0 0.0 0.29288050971806084 0.3676738272892907 0.3394456629926482
9 309.0 0.0 -1.0 -1.0 -1.0 0.0 0.3002329465430376 0.3417159420684541 0.3580511113885081
9 310.0 0.0 -1.0 -1.0 -1.0 0.0 0.3199095094556908 0.304337737482181 0.3757527530621282
9 311.0 0.0 -1.0 -1.0 -1.0 0.0 0.3334632852086905 0.3115387581785953 0.35499795661271405
9 312.0 0.0 -1.0 -1.0 -1.0 0.0 0.3297585502952494 0.30740989878157365 0.3628315509231769
9 313.0 0.0 -1.0 -1.0 -1.0 0.0 0.30942916141295673 0.35007015071332964 0.34050068787371357
9 314.0 0.0 -1.0 -1.0 -1.0 0.0 0.3165678087789783 0.35915903164044827 0.32427315958057357
9 315.0 0.0 -1.0 -1.0 -1.0 0.0 0.3268312968022994 0.37576313429631564 0.297405568901385
9 316.0 0.0 -1.0 -1.0 -1.0 0.0 0.3383342359323763 0.3635957470808834 0.29807001698674046
9 317.0 0.0 -1.0 -1.0 -1.0 0.0 0.34383753236578896 0.3385301324210424 0.3176323352131685
9 318.0 0.0 -1.0 -1.0 -1.0 0.0 0.35188958736003484 0.31941812161343247 0.3286922910265326
9 319.0 0.0 -1.0 -1.0 -1.0 0.0 0.3429077190133274 0.319708757676161 0.3373835233105119
9 320.0 0.0 -1.0 -1.0 -1.0 0.0 0.35186264557864805 0.3271288308204528 0.32100852360089904
9 321.0 0.0 -1.0 -1.0 -1.0 0.0 0.3337441692690938 0.33429547312347524 0.3319603576074311
9 322.0 0.0 -1.0 -1.0 -1.0 0.0 0.3290948031248759 0.353226980889581 0.3176782159855431
9 323.0 0.0 -1.0 -1.0 -1.0 0.0 0.33500153586243286 0.3565732830585322 0.3084251810790349
9 324.0 0.0 -1.0 -1.0 -1.0 0.0 0.293550888895902 0.3967352983449251 0.309713812759173
9 325.0 0.0 -1.0 -1.0 -1.0 0.0 0.30303737960443117 0.40025488681972327 0.29670773357584557
9 326.0 0.0 -1.0 -1.0 -1.0 0.0 0.2973907936431868 0.3900651346472807 0.31254407170953263
9 327.0 0.0 -1.0 -1.0 -1.0 0.0 0.3161933472980292 0.3411095901059298 0.342697062596041
9 328.0 0.0 -1.0 -1.0 -1.0 0.0 0.33340915127552756 0.3385468909669671 0.3280439577575053
9 329.0 0.0 -1.0 -1.0 -1.0 0.0 0.36329267427535583 0.3390468931344287 0.2976604325902153
9 330.0 0.0 -1.0 -1.0 -1.0 0.0 0.3710612357065282 0.35086076707169517 0.2780779972217765
9 331.0 0.0 -1.0 -1.0 -1.0 0.0 0.35398026511724917 0.33492402875929267 0.31109570612345827
9 332.0 0.0 -1.0 -1.0 -1.0 0.0 0.37739899959726003 0.34242482117536716 0.2801761792273727
9 333.0 0.0 -1.0 -1.0 -1.0 0.0 0.3817034776061549 0.3366772788028836 0.2816192435909615
9 334.0 0.0 -1.0 -1.0 -1.0 0.0 0.36685444511954574 0.3346621670624666 0.2984833878179878
9 335.0 0.0 -1.0 -1.0 -1.0 0.0 0.3558366788372353 0.3368390001181957 0.307324321044569
9 336.0 0.0 -1.0 -1.0 -1.0 0.0 0.36147331063482524 0.3365491571326139 0.3019775322325607
9 337.0 0.0 -1.0 -1.0 -1.0 0.0 0.3618860229253981 0.3093396701005345 0.3287743069740677
9 338.0 0.0 -1.0 -1.0 -1.0 0.0 0.3645675078926729 0.3261266498885487 0.3093058422187785
9 339.0 0.0 -1.0 -1.0 -1.0 0.0 0.35488345049211417 0.34589874390663305 0.29921780560125244
9 340.0 0.0 -1.0 -1.0 -1.0 0.0 0.3651497495983393 0.3265948400123321 0.3082554103893288
9 341.0 0.0 -1.0 -1.0 -1.0 0.0 0.3406716724372899 0.32469685937895787 0.33463146818375206
9 342.0 0.0 -1.0 -1.0 -1.0 0.0 0.348973215615215 0.35230001629615076 0.29872676808863413
9 343.0 0.0 -1.0 -1.0 -1.0 0.0 0.3706479741511235 0.3287408905561452 0.30061113529273115
9 344.0 0.0 -1.0 -1.0 -1.0 0.0 0.3530048779196962 0.33441230625902546 0.3125828158212784
9 345.0 0.0 -1.0 -1.0 -1.0 0.0 0.3712589836849123 0.32530340006785535 0.3034376162472322
9 346.0 0.0 -1.0 -1.0 -1.0 0.0 0.3375269736834457 0.3419082993487897 0.3205647269677644
9 347.0 0.0 -1.0 -1.0 -1.0 0.0 0.3313944976624837 0.32729979622796795 0.3413057061095482
9 348.0 0.0 -1.0 -1.0 -1.0 0.0 0.32250517640559484 0.35376105874066094 0.3237337648537442
9 349.0 0.0 -1.0 -1.0 -1.0 0.0 0.33799278734770183 0.33735199513578357 0.32465521751651444
9 350.0 0.0 -1.0 -1.0 -1.0 0.0 0.33463728675385723 0.3474911418612522 0.3178715713848903
9 351.0 0.0 -1.0 -1.0 -1.0 0.0 0.340429462311009 0.33709620150748576 0.3224743361815051
9 352.0 0.0 -1.0 -1.0 -1.0 0.0 0.3216931020769301 0.33804572176056685 0.3402611761625031
9 353.0 0.0 -1.0 -1.0 -1.0 0.0 0.3381649912301307 0.31711734096859184 0.3447176678012772
9 354.0 0.0 -1.0 -1.0 -1.0 0.0 0.3252127989042792 0.3247332626125399 0.35005393848318067
9 355.0 0.0 -1.0 -1.0 -1.0 0.0 0.3358176166253513 0.3446108519538803 0.31957153142076866
9 356.0 0.0 -1.0 -1.0 -1.0 0.0 0.3365323425269201 0.333356161271698 0.33011149620138175
9 357.0 0.0 -1.0 -1.0 -1.0 0.0 0.32582026502773487 0.34033113184134195 0.3338486031309231
9 358.0 0.0 -1.0 -1.0 -1.0 0.0 0.3261127991241723 0.3380617446651588 0.335825456210669
9 359.0 0.0 -1.0 -1.0 -1.0 0.0 0.3113437187245912 0.3453172700863712 0.34333901118903754
9 360.0 0.0 -1.0 -1.0 -1.0 0.0 0.31423747276735 0.3286959097230693 0.3570666175095807
9 361.0 0.0 -1.0 -1.0 -1.0 0.0 0.32020024962595495 0.30155297367829637 0.37824677669574874
9 362.0 0.0 -1.0 -1.0 -1.0 0.0 0.3386948806734239 0.3222941949968953 0.33901092432968083
9 363.0 0.0 -1.0 -1.0 -1.0 0.0 0.3375743458987836 0.3178778109491816 0.3445478431520347
9 364.0 0.0 -1.0 -1.0 -1.0 0.0 0.34597767053016865 0.3107183007847651 0.34330402868506593
9 365.0 0.0 -1.0 -1.0 -1.0 0.0 0.30794105974827535 0.32372919866719924 0.3683297415845253
9 366.0 0.0 -1.0 -1.0 -1.0 0.0 0.28781506379852895 0.3188109533258816 0.3933739828755894
9 367.0 0.0 -1.0 -1.0 -1.0 0.0 0.3173105800602706 0.31705200760306834 0.3656374123366611
9 368.0 0.0 -1.0 -1.0 -1.0 0.0 0.3268904350711658 0.3128716502457312 0.36023791468310307
9 369.0 0.0 -1.0 -1.0 -1.0 0.0 0.3187699613711415 0.350909040856796 0.33032099777206264
9 370.0 0.0 -1.0 -1.0 -1.0 0.0 0.34258234089223355 0.32623509439684306 0.3311825647109233
9 371.0 0.0 -1.0 -1.0 -1.0 0.0 0.320644534589775 0.3381689606776143 0.3411865047326106
9 372.0 0.0 -1.0 -1.0 -1.0 0.0 0.3197551099304372 0.3654057942832528 0.3148390957863101
9 373.0 0.0 -1.0 -1.0 -1.0 0.0 0.33143698658778153 0.35055960977243833 0.3180034036397802
9 374.0 0.0 -1.0 -1.0 -1.0 0.0 0.34126733552606175 0.3750936331935597 0.2836390312803781
9 375.0 0.0 -1.0 -1.0 -1.0 0.0 0.3444523389209893 0.36310951760044996 0.29243814347856084
9 376.0 0.0 -1.0 -1.0 -1.0 0.0 0.32810150708947966 0.35685755843844547 0.315040934472075
9 377.0 0.0 -1.0 -1.0 -1.0 0.0 0.3435962172307162 0.3501791286148861 0.30622465415439787
9 378.0 0.0 -1.0 -1.0 -1.0 0.0 0.34580437322424645 0.34688743308412556 0.30730819369162776
9 379.0 0.0 -1.0 -1.0 -1.0 0.0 0.3473773452821024 0.31817077986579423 0.3344518748521033
9 380.0 0.0 -1.0 -1.0 -1.0 0.0 0.3851049771743304 0.2811727787528657 0.3337222440728037
9 381.0 0.0 -1.0 -1.0 -1.0 0.0 0.38509389116639176 0.28780948420477426 0.32709662462883415
9 382.0 0.0 -1.0 -1.0 -1.0 0.0 0.3885422863809629 0.28175273909335163 0.3297049745256857
9 383.0 0.0 -1.0 -1.0 -1.0 0.0 0.3837346058370067 0.2774452338815015 0.33882016028149164
9 384.0 0.0 -1.0 -1.0 -1.0 0.0 0.3782386665036681 0.28258323844902283 0.33917809504730917
9 385.0 0.0 -1.0 -1.0 -1.0 0.0 0.34604408611559623 0.29187885492788435 0.36207705895651954
9 386.0 0.0 -1.0 -1.0 -1.0 0.0 0.3352248784615849 0.302666654519873 0.3621084670185419
9 387.0 0.0 -1.0 -1.0 -1.0 0.0 0.3321409388094995 0.3059985220807556 0.3618605391097449
9 388.0 0.0 -1.0 -1.0 -1.0 0.0 0.348016944933551 0.3068656064947523 0.34511744857169674
9 389.0 0.0 -1.0 -1.0 -1.0 0.0 0.35927242139817744 0.3155750495734089 0.32515252902841363
9 390.0 0.0 -1.0 -1.0 -1.0 0.0 0.33771109666338 0.31640013442055653 0.3458887689160635
9 391.0 0.0 -1.0 -1.0 -1.0 0.0 0.34659938281526254 0.3406145395430017 0.31278607764173566
9 392.0 0.0 -1.0 -1.0 -1.0 0.0 0.33891589416052936 0.3517800562973944 0.30930404954207574
9 393.0 0.0 -1.0 -1.0 -1.0 0.0 0.35284669200720503 0.3520183147401662 0.29513499325262854
9 394.0 0.0 -1.0 -1.0 -1.0 0.0 0.3517243383291546 0.3432685527745181 0.3050071088963272
9 395.0 0.0 -1.0 -1.0 -1.0 0.0 0.3513468788330199 0.33560532542717375 0.3130477957398064
9 396.0 0.0 -1.0 -1.0 -1.0 0.0 0.3467712735001996 0.3530416983656691 0.30018702813413123
9 397.0 0.0 -1.0 -1.0 -1.0 0.0 0.36227893924538307 0.3677235920964728 0.26999746865814417
9 398.0 0.0 -1.0 -1.0 -1.0 0.0 0.35863855409689227 0.35095999107061376 0.29040145483249385
9 399.0 0.0 -1.0 -1.0 -1.0 0.0 0.3391523362177593 0.3591214232639392 0.3017262405183015
9 400.0 0.0 -1.0 -1.0 -1.0 0.0 0.327871949420726 0.36061513526449573 0.3115129153147784
9 401.0 0.0 -1.0 -1.0 -1.0 0.0 0.3134173952330179 0.37563086940864593 0.310951735358336
9 402.0 0.0 -1.0 -1.0 -1.0 0.0 0.29703325162989463 0.37316341279224935 0.3298033355778559
9 403.0 0.0 -1.0 -1.0 -1.0 0.0 0.2874876717987364 0.37460007664356637 0.3379122515576972
9 404.0 0.0 -1.0 -1.0 -1.0 0.0 0.32678944480022226 0.31611261909029575 0.3570979361094819
9 405.0 0.0 -1.0 -1.0 -1.0 0.0 0.3502944390088939 0.2826942647577806 0.36701129623332546
9 406.0 0.0 -1.0 -1.0 -1.0 0.0 0.3600436352974625 0.29895570874467703 0.3410006559578605
9 407.0 0.0 -1.0 -1.0 -1.0 0.0 0.34902446918494895 0.32869017981021575 0.3222853510048354
9 408.0 0.0 -1.0 -1.0 -1.0 0.0 0.3399637128360768 0.3145339381872477 0.34550234897667587
9 409.0 0.0 -1.0 -1.0 -1.0 0.0 0.35357262043491594 0.3237324903783807 0.32269488918670325
9 410.0 0.0 -1.0 -1.0 -1.0 0.0 0.343004595369521 0.3454851917508009 0.31151021287967806
9 411.0 0.0 -1.0 -1.0 -1.0 0.0 0.3323074942630362 0.33864125365557585 0.3290512520813881
9 412.0 0.0 -1.0 -1.0 -1.0 0.0 0.34113294472175665 0.3127327957177179 0.3461342595605254
9 413.0 0.0 -1.0 -1.0 -1.0 0.0 0.34969671331058655 0.3335901521049529 0.31671313458446027
9 414.0 0.0 -1.0 -1.0 -1.0 0.0 0.3353253305253442 0.3592196617184523 0.30545500775620354
9 415.0 0.0 -1.0 -1.0 -1.0 0.0 0.35296951118828096 0.34559697754908164 0.3014335112626373
9 416.0 0.0 -1.0 -1.0 -1.0 0.0 0.3751751487382975 0.32231715240321124 0.3025076988584916
9 417.0 0.0 -1.0 -1.0 -1.0 0.0 0.35100435785575335 0.33670351168544493 0.3122921304588019
9 418.0 0.0 -1.0 -1.0 -1.0 0.0 0.33235341003857366 0.35997809348788534 0.30766849647354105
9 419.0 0.0 -1.0 -1.0 -1.0 0.0 0.3504689788827744 0.3259527926344046 0.32357822848282103
9 420.0 0.0 -1.0 -1.0 -1.0 0.0 0.33518209572707713 0.3431161320865717 0.3217017721863513
9 421.0 0.0 -1.0 -1.0 -1.0 0.0 0.32883895765748805 0.370018814523536 0.3011422278189759
9 422.0 0.0 -1.0 -1.0 -1.0 0.0 0.340202127341144 0.3581962423751981 0.3016016302836577
9 423.0 0.0 -1.0 -1.0 -1.0 0.0 0.36089381442739715 0.33265670747468684 0.30644947809791584
9 424.0 0.0 -1.0 -1.0 -1.0 0.0 0.34974550688525985 0.33146941791381607 0.3187850752009241
9 425.0 0.0 -1.0 -1.0 -1.0 0.0 0.32310562976050683 0.36035408585550377 0.3165402843839893
9 426.0 0.0 -1.0 -1.0 -1.0 0.0 0.3314236326103284 0.35015775511126235 0.31841861227840895
9 427.0 0.0 -1.0 -1.0 -1.0 0.0 0.341796607466841 0.29017303806599437 0.36803035446716464
9 428.0 0.0 -1.0 -1.0 -1.0 0.0 0.34889839119118266 0.3039166495287082 0.347184959280109
9 429.0 0.0 -1.0 -1.0 -1.0 0.0 0.3389163827217346 0.31605502094607363 0.3450285963321915
9 430.0 0.0 -1.0 -1.0 -1.0 0.0 0.3469627020386449 0.31151016961297073 0.3415271283483843
9 431.0 0.0 -1.0 -1.0 -1.0 0.0 0.3239530603068534 0.31897460815150147 0.35707233154164497
9 432.0 0.0 -1.0 -1.0 -1.0 0.0 0.32592444027066203 0.32667893417154203 0.34739662555779605
9 433.0 0.0 -1.0 -1.0 -1.0 0.0 0.33499045526152016 0.33999397325717085 0.325015571481309
9 434.0 0.0 -1.0 -1.0 -1.0 0.0 0.323634349850816 0.3513504051813184 0.3250152449678658
9 435.0 0.0 -1.0 -1.0 -1.0 0.0 0.3138933775023338 0.3407327280435694 0.34537389445409666
9 436.0 0.0 -1.0 -1.0 -1.0 0.0 0.30422303352515934 0.37438301690886155 0.321393949565979
9 437.0 0.0 -1.0 -1.0 -1.0 0.0 0.325180808455317 0.36186050572479644 0.31295868581988684
9 438.0 0.0 -1.0 -1.0 -1.0 0.0 0.33203072551405166 0.34785508710309665 0.32011418738285174
9 439.0 0.0 -1.0 -1.0 -1.0 0.0 0.33329727611946275 0.35830732905172036 0.30839539482881684
9 440.0 0.0 -1.0 -1.0 -1.0 0.0 0.3376055413083463 0.3576259679511648 0.30476849074048895
9 441.0 0.0 -1.0 -1.0 -1.0 0.0 0.352140040609873 0.3624447107034045 0.28541524868672247
9 442.0 0.0 -1.0 -1.0 -1.0 0.0 0.3484272630018927 0.37140143322587976 0.2801713037722275
9 443.0 0.0 -1.0 -1.0 -1.0 0.0 0.3615624372720739 0.3657555237137835 0.2726820390141426
9 444.0 0.0 -1.0 -1.0 -1.0 0.0 0.3353658512187236 0.3975144801553085 0.2671196686259679
9 445.0 0.0 -1.0 -1.0 -1.0 0.0 0.3469678221696044 0.3736127148400675 0.279419462990328
9 446.0 0.0 -1.0 -1.0 -1.0 0.0 0.34769001510052383 0.37924646384492744 0.2730635210545489
9 447.0 0.0 -1.0 -1.0 -1.0 0.0 0.3191827787631433 0.3821261149167002 0.2986911063201567
9 448.0 0.0 -1.0 -1.0 -1.0 0.0 0.3332309059708301 0.3390341234588064 0.32773497057036316
9 449.0 0.0 -1.0 -1.0 -1.0 0.0 0.34293087519261617 0.33501604496883636 0.3220530798385475
9 450.0 0.0 -1.0 -1.0 -1.0 0.0 0.3604585074219944 0.3260291575286779 0.3135123350493277
9 451.0 0.0 -1.0 -1.0 -1.0 0.0 0.32788416361269584 0.34925418882638376 0.32286164756092056
9 452.0 0.0 -1.0 -1.0 -1.0 0.0 0.29804701798571115 0.3475544312132399 0.35439855080104876
9 453.0 0.0 -1.0 -1.0 -1.0 0.0 0.2951045115865382 0.3723197565104486 0.332575731903013
9 454.0 0.0 -1.0 -1.0 -1.0 0.0 0.3174647673470372 0.3613729227262641 0.32116230992669864
9 455.0 0.0 -1.0 -1.0 -1.0 0.0 0.31513296402891533 0.3656273196423572 0.3192397163287273
9 456.0 0.0 -1.0 -1.0 -1.0 0.0 0.32009140733844194 0.3501494137905894 0.3297591788709688
9 457.0 0.0 -1.0 -1.0 -1.0 0.0 0.32656864803592905 0.327320509039598 0.346110842924473
9 458.0 0.0 -1.0 -1.0 -1.0 0.0 0.31661625196261983 0.3395555668755746 0.34382818116180575
9 459.0 0.0 -1.0 -1.0 -1.0 0.0 0.32016149893830176 0.3259459262819531 0.35389257477974534
9 460.0 0.0 -1.0 -1.0 -1.0 0.0 0.30680100679655514 0.3302669966299149 0.36293199657352987
9 461.0 0.0 -1.0 -1.0 -1.0 0.0 0.3048093307959091 0.3211908162732084 0.3739998529308827
9 462.0 0.0 -1.0 -1.0 -1.0 0.0 0.3141167877548497 0.3241024167608187 0.36178079548433173
9 463.0 0.0 -1.0 -1.0 -1.0 0.0 0.353029308710096 0.3110610172687155 0.33590967402118854
9 464.0 0.0 -1.0 -1.0 -1.0 0.0 0.36207802593855604 0.3250348115665148 0.31288716249492926
9 465.0 0.0 -1.0 -1.0 -1.0 0.0 0.3468537270333918 0.33211046272847233 0.32103581023813627
9 466.0 0.0 -1.0 -1.0 -1.0 0.0 0.35970608661300146 0.34900288379661504 0.29129102959038333
9 467.0 0.0 -1.0 -1.0 -1.0 0.0 0.34871774880063255 0.3680638248847414 0.28321842631462596
9 468.0 0.0 -1.0 -1.0 -1.0 0.0 0.35381510055522114 0.3606833001998956 0.28550159924488316
9 469.0 0.0 -1.0 -1.0 -1.0 0.0 0.3297634571290463 0.3864987750111488 0.28373776785980487
9 470.0 0.0 -1.0 -1.0 -1.0 0.0 0.3426696987495724 0.3732215366501536 0.284108764600274
9 471.0 0.0 -1.0 -1.0 -1.0 0.0 0.3290537847956641 0.36852885687829967 0.302417358326036
9 472.0 0.0 -1.0 -1.0 -1.0 0.0 0.30551814350138673 0.3658639244456723 0.3286179320529412
9 473.0 0.0 -1.0 -1.0 -1.0 0.0 0.31711215559026157 0.36172741061716013 0.3211604337925781
9 474.0 0.0 -1.0 -1.0 -1.0 0.0 0.32077408483369896 0.3548024716943127 0.3244234434719883
9 475.0 0.0 -1.0 -1.0 -1.0 0.0 0.33608211857532305 0.33834112725254245 0.3255767541721347
9 476.0 0.0 -1.0 -1.0 -1.0 0.0 0.33437961762129575 0.3597216294455866 0.30589875293311763
9 477.0 0.0 -1.0 -1.0 -1.0 0.0 0.3092304599296055 0.38987691657105045 0.3008926234993441
9 478.0 0.0 -1.0 -1.0 -1.0 0.0 0.3108114939991867 0.380104382737075 0.3090841232637384
9 479.0 0.0 -1.0 -1.0 -1.0 0.0 0.3166475249068827 0.3641134730654379 0.3192390020276795
9 480.0 0.0 -1.0 -1.0 -1.0 0.0 0.32772243531773404 0.3504971642921275 0.3217804003901384
9 481.0 0.0 -1.0 -1.0 -1.0 0.0 0.3229880805332638 0.3407900999705846 0.3362218194961519
9 482.0 0.0 -1.0 -1.0 -1.0 0.0 0.3465760731642375 0.3172984974763539 0.3361254293594084
9 483.0 0.0 -1.0 -1.0 -1.0 0.0 0.35800039137681927 0.32844197222980037 0.31355763639338047
9 484.0 0.0 -1.0 -1.0 -1.0 0.0 0.3150594477295722 0.35973280294228976 0.32520774932813806
9 485.0 0.0 -1.0 -1.0 -1.0 0.0 0.2862804965647568 0.35255003834495385 0.3611694650902897
9 486.0 0.0 -1.0 -1.0 -1.0 0.0 0.28915070487248723 0.36418974222199113 0.34665955290552175
9 487.0 0.0 -1.0 -1.0 -1.0 0.0 0.3042745258870975 0.3675406028143668 0.32818487129853546
9 488.0 0.0 -1.0 -1.0 -1.0 0.0 0.3248890023411915 0.3469718313948396 0.32813916626396866
9 489.0 0.0 -1.0 -1.0 -1.0 0.0 0.31830718159483135 0.35882714178101466 0.3228656766241542
9 490.0 0.0 -1.0 -1.0 -1.0 0.0 0.3521653886732357 0.33003302057217665 0.31780159075458764
9 491.0 0.0 -1.0 -1.0 -1.0 0.0 0.3501490234103805 0.3410748034398728 0.3087761731497469
9 492.0 0.0 -1.0 -1.0 -1.0 0.0 0.3296686900399013 0.3380701064341012 0.33226120352599753
9 493.0 0.0 -1.0 -1.0 -1.0 0.0 0.33805311393660586 0.31127808897521125 0.350668797088183
9 494.0 0.0 -1.0 -1.0 -1.0 0.0 0.32933140017839235 0.3358136592787172 0.3348549405428902
9 495.0 0.0 -1.0 -1.0 -1.0 0.0 0.35517689832233434 0.33305750835603987 0.31176559332162584
9 496.0 0.0 -1.0 -1.0 -1.0 0.0 0.367110962152956 0.32593894633114123 0.30695009151590236
9 497.0 0.0 -1.0 -1.0 -1.0 0.0 0.3640545965536064 0.3400320037174566 0.29591339972893704
9 498.0 0.0 -1.0 -1.0 -1.0 0.0 0.3278795857804076 0.3450509695183026 0.32706944470129
9 499.0 0.0 -1.0 -1.0 -1.0 0.0 0.31646051245148593 0.33683958109490925 0.34669990645360516
9 500.0 0.0 -1.0 -1.0 -1.0 0.0 0.3161438791075662 0.30493047632446524 0.3789256445679686
9 501.0 0.0 -1.0 -1.0 -1.0 0.0 0.31621433959608597 0.3085933231330831 0.3751923372708309
9 502.0 0.0 -1.0 -1.0 -1.0 0.0 0.3113664848993406 0.3314669745747262 0.3571665405259335
9 503.0 0.0 -1.0 -1.0 -1.0 0.0 0.3020814413127 0.3496223787257334 0.34829617996156664
9 504.0 0.0 -1.0 -1.0 -1.0 0.0 0.29037752094253355 0.3535383087786211 0.3560841702788455
9 505.0 0.0 -1.0 -1.0 -1.0 0.0 0.28367390600765297 0.37885096166805066 0.3374751323242964
9 506.0 0.0 -1.0 -1.0 -1.0 0.0 0.28038050200890974 0.3777660935081769 0.3418534044829133
9 507.0 0.0 -1.0 -1.0 -1.0 0.0 0.30568262711064004 0.37516498561352657 0.3191523872758332
9 508.0 0.0 -1.0 -1.0 -1.0 0.0 0.32485340096387283 0.3641983176250621 0.3109482814110651
9 509.0 0.0 -1.0 -1.0 -1.0 0.0 0.32572052542526664 0.35767738650013053 0.3166020880746031
9 510.0 0.0 -1.0 -1.0 -1.0 0.0 0.32368957567122303 0.3340672276191452 0.34224319670963155
9 511.0 0.0 -1.0 -1.0 -1.0 0.0 0.3368522223980463 0.3146237718313709 0.34852400577058307
9 512.0 0.0 -1.0 -1.0 -1.0 0.0 0.3469266859424782 0.302673345303354 0.35039996875416785
9 513.0 0.0 -1.0 -1.0 -1.0 0.0 0.3424986870733764 0.3117715642742519 0.3457297486523715
9 514.0 0.0 -1.0 -1.0 -1.0 0.0 0.36017019753846424 0.3152473697476726 0.3245824327138633
9 515.0 0.0 -1.0 -1.0 -1.0 0.0 0.32804818781407313 0.32306884743821157 0.34888296474771535
9 516.0 0.0 -1.0 -1.0 -1.0 0.0 0.32075775156713754 0.3131077027038197 0.3661345457290427
9 517.0 0.0 -1.0 -1.0 -1.0 0.0 0.2995124574742489 0.3452655971018739 0.35522194542387736
9 518.0 0.0 -1.0 -1.0 -1.0 0.0 0.3362792825453611 0.32232826594992486 0.3413924515047142
9 519.0 0.0 -1.0 -1.0 -1.0 0.0 0.3557496261855704 0.3316802540511082 0.31257011976332144
9 520.0 0.0 -1.0 -1.0 -1.0 0.0 0.3900046413546399 0.310349579531322 0.2996457791140383
9 521.0 0.0 -1.0 -1.0 -1.0 0.0 0.3865756264912342 0.3051122439313716 0.3083121295773941
9 522.0 0.0 -1.0 -1.0 -1.0 0.0 0.4249697321264287 0.28808980711023474 0.2869404607633364
9 523.0 0.0 -1.0 -1.0 -1.0 0.0 0.43640112054697333 0.2992633279481747 0.2643355515048518
9 524.0 0.0 -1.0 -1.0 -1.0 0.0 0.4099773611485062 0.3036722979929171 0.286350340858577
9 525.0 0.0 -1.0 -1.0 -1.0 0.0 0.41277829118289916 0.2892225844363762 0.29799912438072457
9 526.0 0.0 -1.0 -1.0 -1.0 0.0 0.37434574574026586 0.32176880912589745 0.3038854451338367
9 527.0 0.0 -1.0 -1.0 -1.0 0.0 0.3709290784250704 0.32200842933805823 0.3070624922368712
9 528.0 0.0 -1.0 -1.0 -1.0 0.0 0.3654165558546845 0.31527692218392156 0.31930652196139364
9 529.0 0.0 -1.0 -1.0 -1.0 0.0 0.3574729729455062 0.35437723089908957 0.2881497961554042
9 530.0 0.0 -1.0 -1.0 -1.0 0.0 0.35809085674920316 0.3413389126282222 0.3005702306225746
9 531.0 0.0 -1.0 -1.0 -1.0 0.0 0.30538129293311944 0.35427140944857527 0.3403472976183051
9 532.0 0.0 -1.0 -1.0 -1.0 0.0 0.31545701418311106 0.3318601286083966 0.3526828572084922
9 533.0 0.0 -1.0 -1.0 -1.0 0.0 0.3240473179649432 0.30650816963131544 0.36944451240374127
9 534.0 0.0 -1.0 -1.0 -1.0 0.0 0.32239827383948316 0.31548840783329063 0.36211331832722604
9 535.0 0.0 -1.0 -1.0 -1.0 0.0 0.333722342861801 0.31251359449255756 0.35376406264564153
9 536.0 0.0 -1.0 -1.0 -1.0 0.0 0.32458223005901354 0.29860421542160287 0.3768135545193839
9 537.0 0.0 -1.0 -1.0 -1.0 0.0 0.3175797834178693 0.3009386914693834 0.38148152511274747
9 538.0 0.0 -1.0 -1.0 -1.0 0.0 0.2985479231288869 0.31155555970818727 0.3898965171629261
9 539.0 0.0 -1.0 -1.0 -1.0 0.0 0.3061739878999264 0.31043706950238986 0.38338894259768386
9 540.0 0.0 -1.0 -1.0 -1.0 0.0 0.2948317285078634 0.3511486256844544 0.3540196458076824
9 541.0 0.0 -1.0 -1.0 -1.0 0.0 0.2850164398299075 0.3687740115367896 0.3462095486333028
9 542.0 0.0 -1.0 -1.0 -1.0 0.0 0.2951502099137262 0.3617248181096421 0.3431249719766316
9 543.0 0.0 -1.0 -1.0 -1.0 0.0 0.27119848763283894 0.3566183092874048 0.37218320307975633
9 544.0 0.0 -1.0 -1.0 -1.0 0.0 0.29757272485221065 0.34518001825838013 0.35724725688940934
9 545.0 0.0 -1.0 -1.0 -1.0 0.0 0.324629815780905 0.3327254008997753 0.34264478331931963
9 546.0 0.0 -1.0 -1.0 -1.0 0.0 0.29218642677563145 0.3492414655607108 0.35857210766365755
9 547.0 0.0 -1.0 -1.0 -1.0 0.0 0.2771994599079133 0.3652282905046031 0.3575722495874835
9 548.0 0.0 -1.0 -1.0 -1.0 0.0 0.2863091866572447 0.35992900021979496 0.35376181312296034
9 549.0 0.0 -1.0 -1.0 -1.0 0.0 0.2687847225641423 0.3480158577510892 0.3831994196847686
9 550.0 0.0 -1.0 -1.0 -1.0 0.0 0.27817812667089625 0.34861159810350356 0.37321027522560024
9 551.0 0.0 -1.0 -1.0 -1.0 0.0 0.27681808081415776 0.3461588671578019 0.3770230520280402
9 552.0 0.0 -1.0 -1.0 -1.0 0.0 0.2959536047127921 0.34102082018069735 0.36302557510651057
9 553.0 0.0 -1.0 -1.0 -1.0 0.0 0.29362999586087385 0.34054455531411754 0.3658254488250086
9 554.0 0.0 -1.0 -1.0 -1.0 0.0 0.29152412995076665 0.3426226934944508 0.3658531765547826
9 555.0 0.0 -1.0 -1.0 -1.0 0.0 0.31418606169959296 0.3291995014637908 0.35661443683661614
9 556.0 0.0 -1.0 -1.0 -1.0 0.0 0.32024079910921893 0.31804829343175883 0.3617109074590221
9 557.0 0.0 -1.0 -1.0 -1.0 0.0 0.32144599962493486 0.32202372570619964 0.3565302746688652
9 558.0 0.0 -1.0 -1.0 -1.0 0.0 0.3275495890943974 0.32858192186000984 0.3438684890455926
9 559.0 0.0 -1.0 -1.0 -1.0 0.0 0.3109838833496824 0.35285433455796067 0.33616178209235675
9 560.0 0.0 -1.0 -1.0 -1.0 0.0 0.3162396206240707 0.3434673922317225 0.3402929871442067
9 561.0 0.0 -1.0 -1.0 -1.0 0.0 0.3056566878172493 0.3312302925888943 0.36311301959385633
9 562.0 0.0 -1.0 -1.0 -1.0 0.0 0.29238754339736395 0.3552788885396502 0.3523335680629861
9 563.0 0.0 -1.0 -1.0 -1.0 0.0 0.3087292807824285 0.3580064123555639 0.33326430686200753
9 564.0 0.0 -1.0 -1.0 -1.0 0.0 0.29720819776809254 0.3486879183792411 0.3541038838526658
9 565.0 0.0 -1.0 -1.0 -1.0 0.0 0.30659275165056504 0.36657090044545027 0.32683634790398486
9 566.0 0.0 -1.0 -1.0 -1.0 0.0 0.3235847197956155 0.33918065510646495 0.33723462509791946
9 567.0 0.0 -1.0 -1.0 -1.0 0.0 0.35419262658880185 0.3185293833696209 0.32727799004157726
9 568.0 0.0 -1.0 -1.0 -1.0 0.0 0.33609157567365044 0.34173508418998727 0.3221733401363624
9 569.0 0.0 -1.0 -1.0 -1.0 0.0 0.31930236053007777 0.3443991423518477 0.3362984971180747
9 570.0 0.0 -1.0 -1.0 -1.0 0.0 0.31182875466878596 0.3176495563827202 0.37052168894849397
9 571.0 0.0 -1.0 -1.0 -1.0 0.0 0.3322589088352702 0.31660972273228155 0.3511313684324482
9 572.0 0.0 -1.0 -1.0 -1.0 0.0 0.32517553467948107 0.31630521283321783 0.3585192524873012
9 573.0 0.0 -1.0 -1.0 -1.0 0.0 0.31674456015484304 0.3193561408698202 0.36389929897533696
9 574.0 0.0 -1.0 -1.0 -1.0 0.0 0.29739582683423793 0.3142580416865622 0.3883461314791997
9 575.0 0.0 -1.0 -1.0 -1.0 0.0 0.3343078997986603 0.28594015332272554 0.37975194687861413
9 576.0 0.0 -1.0 -1.0 -1.0 0.0 0.3301010915311355 0.29962731969515755 0.37027158877370697
9 577.0 0.0 -1.0 -1.0 -1.0 0.0 0.33047392527471897 0.3081523598670837 0.36137371485819725
9 578.0 0.0 -1.0 -1.0 -1.0 0.0 0.3417814486789086 0.32593088236033646 0.332287668960755
9 579.0 0.0 -1.0 -1.0 -1.0 0.0 0.3479879391522405 0.3316647771683007 0.32034728367945897
9 580.0 0.0 -1.0 -1.0 -1.0 0.0 0.3646145081094561 0.35218534353523756 0.28320014835530627
9 581.0 0.0 -1.0 -1.0 -1.0 0.0 0.3594935056206154 0.3589369866032628 0.2815695077761221
9 582.0 0.0 -1.0 -1.0 -1.0 0.0 0.3316753820671302 0.36763599750072495 0.3006886204321448
9 583.0 0.0 -1.0 -1.0 -1.0 0.0 0.3390242895979993 0.3538600334817625 0.3071156769202381
9 584.0 0.0 -1.0 -1.0 -1.0 0.0 0.3174024279489576 0.3478349063726904 0.3347626656783518
9 585.0 0.0 -1.0 -1.0 -1.0 0.0 0.3169385925213004 0.3565788246317841 0.32648258284691534
9 586.0 0.0 -1.0 -1.0 -1.0 0.0 0.3018809292999581 0.3728961944796296 0.3252228762204124
9 587.0 0.0 -1.0 -1.0 -1.0 0.0 0.3256407182466188 0.3483442198604368 0.3260150618929448
9 588.0 0.0 -1.0 -1.0 -1.0 0.0 0.3367510357927953 0.33747594067887215 0.32577302352833265
9 589.0 0.0 -1.0 -1.0 -1.0 0.0 0.33871313671360886 0.3024491825588689 0.3588376807275219
9 590.0 0.0 -1.0 -1.0 -1.0 0.0 0.33247582216294475 0.32041441324203745 0.347109764595018
9 591.0 0.0 -1.0 -1.0 -1.0 0.0 0.34443957265768366 0.32938871322946617 0.32617171411284995
9 592.0 0.0 -1.0 -1.0 -1.0 0.0 0.3023194452268088 0.36557785866645026 0.3321026961067413
9 593.0 0.0 -1.0 -1.0 -1.0 0.0 0.324740624368893 0.3459359813019637 0.3293233943291433
9 594.0 0.0 -1.0 -1.0 -1.0 0.0 0.31809698059888425 0.36784342091948347 0.3140595984816324
9 595.0 0.0 -1.0 -1.0 -1.0 0.0 0.3432813156525215 0.34470501617789984 0.31201366816957876
9 596.0 0.0 -1.0 -1.0 -1.0 0.0 0.3286026424816658 0.33693083842224675 0.33446651909608754
9 597.0 0.0 -1.0 -1.0 -1.0 0.0 0.30926687270005926 0.3345396441978304 0.3561934831021101
9 598.0 0.0 -1.0 -1.0 -1.0 0.0 0.328378327878469 0.3392380612330181 0.33238361088851276
9 599.0 0.0 -1.0 -1.0 -1.0 0.0 0.32295478134389427 0.3325847365831307 0.3444604820729748
9 600.0 0.0 -1.0 -1.0 -1.0 0.0 0.29645684587793614 0.3585319417695229 0.34501121235254084
9 601.0 0.0 -1.0 -1.0 -1.0 0.0 0.3097943941802152 0.3337255764616435 0.3564800293581414
9 602.0 0.0 -1.0 -1.0 -1.0 0.0 0.3061563494255173 0.3267761163206432 0.3670675342538394
9 603.0 0.0 -1.0 -1.0 -1.0 0.0 0.32983253439782323 0.32414227099142473 0.34602519461075226
9 604.0 0.0 -1.0 -1.0 -1.0 0.0 0.32740965113319936 0.32439170270447987 0.3481986461623209
9 605.0 0.0 -1.0 -1.0 -1.0 0.0 0.3360727384382949 0.30428887962403234 0.3596383819376727
9 606.0 0.0 -1.0 -1.0 -1.0 0.0 0.3452709911708537 0.2841938340038731 0.37053517482527343
9 607.0 0.0 -1.0 -1.0 -1.0 0.0 0.36654369356878247 0.2702598843192995 0.36319642211191794
9 608.0 0.0 -1.0 -1.0 -1.0 0.0 0.34923939105672486 0.29096665681936107 0.35979395212391396
9 609.0 0.0 -1.0 -1.0 -1.0 0.0 0.33021369506042253 0.3184004455500993 0.35138585938947825
9 610.0 0.0 -1.0 -1.0 -1.0 0.0 0.3296292029963741 0.32676018721856315 0.3436106097850628
9 611.0 0.0 -1.0 -1.0 -1.0 0.0 0.3062917025991021 0.34301852674725536 0.3506897706536428
9 612.0 0.0 -1.0 -1.0 -1.0 0.0 0.31807615375038617 0.30696608011336046 0.3749577661362533
9 613.0 0.0 -1.0 -1.0 -1.0 0.0 0.326668930535917 0.29420209262811736 0.37912897683596597
9 614.0 0.0 -1.0 -1.0 -1.0 0.0 0.32870556373599835 0.3123912844935058 0.3589031517704959
9 615.0 0.0 -1.0 -1.0 -1.0 0.0 0.3210677727891711 0.31302520066920336 0.36590702654162555
9 616.0 0.0 -1.0 -1.0 -1.0 0.0 0.32441733070911755 0.3146743903146502 0.36090827897623207
9 617.0 0.0 -1.0 -1.0 -1.0 0.0 0.3026547596914806 0.33265474244768406 0.3646904978608357
9 618.0 0.0 -1.0 -1.0 -1.0 0.0 0.3275907040732841 0.29343082659463926 0.3789784693320767
9 619.0 0.0 -1.0 -1.0 -1.0 0.0 0.3255810874333234 0.31846983969395415 0.3559490728727222
9 620.0 0.0 -1.0 -1.0 -1.0 0.0 0.3301191127449174 0.3180644973571381 0.3518163898979445
9 621.0 0.0 -1.0 -1.0 -1.0 0.0 0.3528110542902273 0.31916827955107185 0.3280206661587009
9 622.0 0.0 -1.0 -1.0 -1.0 0.0 0.3410647878300074 0.334013095785286 0.3249221163847067
9 623.0 0.0 -1.0 -1.0 -1.0 0.0 0.316998910299333 0.34812558157192036 0.33487550812874645
9 624.0 0.0 -1.0 -1.0 -1.0 0.0 0.30723046482873356 0.37198100426927544 0.3207885309019909
9 625.0 0.0 -1.0 -1.0 -1.0 0.0 0.34259554949957904 0.36907793613834317 0.2883265143620779
9 626.0 0.0 -1.0 -1.0 -1.0 0.0 0.34606322875492707 0.34705880648431764 0.3068779647607553
9 627.0 0.0 -1.0 -1.0 -1.0 0.0 0.3418428040816101 0.32232066941001014 0.3358365265083795
9 628.0 0.0 -1.0 -1.0 -1.0 0.0 0.34100518923807166 0.2869308521706247 0.3720639585913037
9 629.0 0.0 -1.0 -1.0 -1.0 0.0 0.3136292844149221 0.2927204473486733 0.3936502682364049
9 630.0 0.0 -1.0 -1.0 -1.0 0.0 0.30370617878476713 0.3137132333318044 0.38258058788342864
9 631.0 0.0 -1.0 -1.0 -1.0 0.0 0.3016014047499389 0.33511344868404314 0.3632851465660179
9 632.0 0.0 -1.0 -1.0 -1.0 0.0 0.3034239552804561 0.3634320631376204 0.3331439815819234
9 633.0 0.0 -1.0 -1.0 -1.0 0.0 0.3117695545924257 0.34705480572758907 0.3411756396799854
9 634.0 0.0 -1.0 -1.0 -1.0 0.0 0.311721862051274 0.3392955280295807 0.3489826099191452
9 635.0 0.0 -1.0 -1.0 -1.0 0.0 0.3265651594072796 0.33054161456059866 0.34289322603212163
9 636.0 0.0 -1.0 -1.0 -1.0 0.0 0.30354343436607495 0.33302556483925755 0.3634310007946675
9 637.0 0.0 -1.0 -1.0 -1.0 0.0 0.3425115938102293 0.3360348586050261 0.3214535475847447
9 638.0 0.0 -1.0 -1.0 -1.0 0.0 0.32461038892199523 0.3584369012788395 0.3169527097991655
9 639.0 0.0 -1.0 -1.0 -1.0 0.0 0.3244778803062022 0.33771931455890547 0.33780280513489225
9 640.0 0.0 -1.0 -1.0 -1.0 0.0 0.3118653381405451 0.33385703890017465 0.3542776229592801
9 641.0 0.0 -1.0 -1.0 -1.0 0.0 0.3051379215259576 0.33233442440846084 0.3625276540655815
9 642.0 0.0 -1.0 -1.0 -1.0 0.0 0.3237340478430068 0.3460378260629857 0.33022812609400765
9 643.0 0.0 -1.0 -1.0 -1.0 0.0 0.3458840229097798 0.3115858322877357 0.3425301448024846
9 644.0 0.0 -1.0 -1.0 -1.0 0.0 0.316713667912474 0.3455681238817197 0.337718208205806
9 645.0 0.0 -1.0 -1.0 -1.0 0.0 0.30225491935429627 0.3709132543515237 0.3268318262941802
9 646.0 0.0 -1.0 -1.0 -1.0 0.0 0.32575657890795257 0.34408434533037346 0.3301590757616741
9 647.0 0.0 -1.0 -1.0 -1.0 0.0 0.33691695038135167 0.3247940907757922 0.3382889588428562
9 648.0 0.0 -1.0 -1.0 -1.0 0.0 0.33635202872734055 0.31063281009028354 0.3530151611823759
9 649.0 0.0 -1.0 -1.0 -1.0 0.0 0.3636517413185065 0.29072057907815724 0.3456276796033362
9 650.0 0.0 -1.0 -1.0 -1.0 0.0 0.3585545713541585 0.30427409206227785 0.3371713365835637
9 651.0 0.0 -1.0 -1.0 -1.0 0.0 0.35471495227403355 0.307717203638045 0.3375678440879215
9 652.0 0.0 -1.0 -1.0 -1.0 0.0 0.3233717973068495 0.33969317841072294 0.3369350242824275
9 653.0 0.0 -1.0 -1.0 -1.0 0.0 0.29727893756074925 0.34830086957501777 0.3544201928642328
9 654.0 0.0 -1.0 -1.0 -1.0 0.0 0.3196750650297775 0.341226352507987 0.3390985824622356
9 655.0 0.0 -1.0 -1.0 -1.0 0.0 0.3316626330942217 0.33733230720213436 0.3310050597036438
9 656.0 0.0 -1.0 -1.0 -1.0 0.0 0.3300182651578567 0.3230595378679007 0.34692219697424237
9 657.0 0.0 -1.0 -1.0 -1.0 0.0 0.34714885164959447 0.32670226389362456 0.32614888445678114
9 658.0 0.0 -1.0 -1.0 -1.0 0.0 0.35435307245492537 0.30409979163742107 0.3415471359076534
9 659.0 0.0 -1.0 -1.0 -1.0 0.0 0.3588746094119142 0.3203127398741817 0.32081265071390414
9 660.0 0.0 -1.0 -1.0 -1.0 0.0 0.33040980816801435 0.3266382522544293 0.3429519395775561
9 661.0 0.0 -1.0 -1.0 -1.0 0.0 0.34881103341377107 0.3348001425028692 0.31638882408335955
9 662.0 0.0 -1.0 -1.0 -1.0 0.0 0.3605694221634834 0.3262395602361437 0.31319101760037293
9 663.0 0.0 -1.0 -1.0 -1.0 0.0 0.3616503464050067 0.3590384347936 0.2793112188013934
9 664.0 0.0 -1.0 -1.0 -1.0 0.0 0.347347620857586 0.3485023777810439 0.30415000136136994
9 665.0 0.0 -1.0 -1.0 -1.0 0.0 0.33322195078913175 0.3323120203096671 0.3344660289012012
9 666.0 0.0 -1.0 -1.0 -1.0 0.0 0.3302420507988641 0.35411319356439175 0.3156447556367439
9 667.0 0.0 -1.0 -1.0 -1.0 0.0 0.32462997674479405 0.35246036613759185 0.3229096571176141
9 668.0 0.0 -1.0 -1.0 -1.0 0.0 0.30052125164260735 0.36048790066417213 0.3389908476932205
9 669.0 0.0 -1.0 -1.0 -1.0 0.0 0.3078337455326434 0.3436036960118151 0.3485625584555415
9 670.0 0.0 -1.0 -1.0 -1.0 0.0 0.3081825096601643 0.34663085761244844 0.34518663272738714
9 671.0 0.0 -1.0 -1.0 -1.0 0.0 0.3146215989948646 0.33489731886008206 0.35048108214505336
9 672.0 0.0 -1.0 -1.0 -1.0 0.0 0.29339168216393197 0.3311976355135198 0.3754106823225483
9 673.0 0.0 -1.0 -1.0 -1.0 0.0 0.3045315807481007 0.31922204114033076 0.37624637811156836
9 674.0 0.0 -1.0 -1.0 -1.0 0.0 0.3126252313554392 0.31941156447266666 0.36796320417189415
9 675.0 0.0 -1.0 -1.0 -1.0 0.0 0.30513300184581754 0.333900981111302 0.36096601704288034
9 676.0 0.0 -1.0 -1.0 -1.0 0.0 0.2958570904282978 0.34086207047179684 0.3632808390999054
9 677.0 0.0 -1.0 -1.0 -1.0 0.0 0.28587263858127976 0.3498738506602485 0.3642535107584714
9 678.0 0.0 -1.0 -1.0 -1.0 0.0 0.28293560437151766 0.32193904237118187 0.3951253532573007
9 679.0 0.0 -1.0 -1.0 -1.0 0.0 0.2805672970784151 0.3394314362807113 0.3800012666408735
9 680.0 0.0 -1.0 -1.0 -1.0 0.0 0.29412938299390745 0.32231748581016384 0.38355313119592876
9 681.0 0.0 -1.0 -1.0 -1.0 0.0 0.2721731154250836 0.31167858786920505 0.41614829670571135
9 682.0 0.0 -1.0 -1.0 -1.0 0.0 0.28106589429117745 0.33753478379427626 0.38139932191454606
9 683.0 0.0 -1.0 -1.0 -1.0 0.0 0.3137866910932905 0.33303977832983456 0.35317353057687506
9 684.0 0.0 -1.0 -1.0 -1.0 0.0 0.3299956079828916 0.3522773903059408 0.3177270017111677
9 685.0 0.0 -1.0 -1.0 -1.0 0.0 0.34047887094954327 0.3284968349583465 0.3310242940921103
9 686.0 0.0 -1.0 -1.0 -1.0 0.0 0.30881857551517217 0.35323601476030747 0.3379454097245203
9 687.0 0.0 -1.0 -1.0 -1.0 0.0 0.280031354361871 0.3545934797162575 0.36537516592187147
9 688.0 0.0 -1.0 -1.0 -1.0 0.0 0.2752888546806227 0.3750558663168889 0.3496552790024882
9 689.0 0.0 -1.0 -1.0 -1.0 0.0 0.3062853290246173 0.34431957632810223 0.34939509464728047
9 690.0 0.0 -1.0 -1.0 -1.0 0.0 0.3020235817434034 0.32883712952162275 0.36913928873497404
9 691.0 0.0 -1.0 -1.0 -1.0 0.0 0.31850862401148605 0.31936600965845996 0.36212536633005393
9 692.0 0.0 -1.0 -1.0 -1.0 0.0 0.31028922190595076 0.3450160897814608 0.3446946883125886
9 693.0 0.0 -1.0 -1.0 -1.0 0.0 0.32609886161454343 0.31820274347781863 0.3556983949076382
9 694.0 0.0 -1.0 -1.0 -1.0 0.0 0.3096390302037286 0.3245850467124303 0.36577592308384105
9 695.0 0.0 -1.0 -1.0 -1.0 0.0 0.33293759200562006 0.3063014921532095 0.3607609158411704
9 696.0 0.0 -1.0 -1.0 -1.0 0.0 0.34306418677911815 0.3081309098812013 0.34880490333968067
9 697.0 0.0 -1.0 -1.0 -1.0 0.0 0.3359992970100293 0.32209622507035335 0.34190447791961714
9 698.0 0.0 -1.0 -1.0 -1.0 0.0 0.3426929613535153 0.3153298933644779 0.3419771452820068
9 699.0 0.0 -1.0 -1.0 -1.0 0.0 0.3639197049005603 0.31066455523502445 0.3254157398644152
9 700.0 0.0 -1.0 -1.0 -1.0 0.0 0.3864221582293951 0.304596942780689 0.30898089898991593
9 701.0 0.0 -1.0 -1.0 -1.0 0.0 0.38528036128258675 0.31212033312683113 0.30259930559058235
9 702.0 0.0 -1.0 -1.0 -1.0 0.0 0.348378257327798 0.3325612085831793 0.3190605340890227
9 703.0 0.0 -1.0 -1.0 -1.0 0.0 0.31516395770260924 0.32458650410165485 0.36024953819573596
9 704.0 0.0 -1.0 -1.0 -1.0 0.0 0.32862508097935256 0.32699533269294084 0.3443795863277068
9 705.0 0.0 -1.0 -1.0 -1.0 0.0 0.32134627881786526 0.32519181103033945 0.35346191015179557
9 706.0 0.0 -1.0 -1.0 -1.0 0.0 0.30624080932941095 0.31996626536205136 0.3737929253085376
9 707.0 0.0 -1.0 -1.0 -1.0 0.0 0.29176948581849227 0.3461451521000102 0.3620853620814976
9 708.0 0.0 -1.0 -1.0 -1.0 0.0 0.3047871374228103 0.3279292378661786 0.3672836247110112
9 709.0 0.0 -1.0 -1.0 -1.0 0.0 0.3120236141412386 0.29313746309828603 0.39483892276047483
9 710.0 0.0 -1.0 -1.0 -1.0 0.0 0.31587159913275087 0.30082440821267503 0.3833039926545744
9 711.0 0.0 -1.0 -1.0 -1.0 0.0 0.3448570919027943 0.3188087196818175 0.33633418841538826
9 712.0 0.0 -1.0 -1.0 -1.0 0.0 0.33248592625651696 0.32039647512830527 0.34711759861517777
9 713.0 0.0 -1.0 -1.0 -1.0 0.0 0.31959339372824774 0.3535985603641081 0.3268080459076441
9 714.0 0.0 -1.0 -1.0 -1.0 0.0 0.28539253568195827 0.381553632034109 0.33305383228393276
9 715.0 0.0 -1.0 -1.0 -1.0 0.0 0.291995993862747 0.33909120452662955 0.3689128016106237
9 716.0 0.0 -1.0 -1.0 -1.0 0.0 0.3129074592636398 0.33637078078815336 0.35072175994820676
9 717.0 0.0 -1.0 -1.0 -1.0 0.0 0.3142216292211111 0.3576451429560105 0.3281332278228784
9 718.0 0.0 -1.0 -1.0 -1.0 0.0 0.2976738987016461 0.35138942195886697 0.3509366793394866
9 719.0 0.0 -1.0 -1.0 -1.0 0.0 0.3315864808525961 0.3413246056702295 0.32708891347717445
9 720.0 0.0 -1.0 -1.0 -1.0 0.0 0.30051217489390847 0.365443621568439 0.33404420353765224
9 721.0 0.0 -1.0 -1.0 -1.0 0.0 0.3035757731523422 0.35045313414932955 0.3459710926983285
9 722.0 0.0 -1.0 -1.0 -1.0 0.0 0.29592993149354885 0.3544656125374329 0.349604455969018
9 723.0 0.0 -1.0 -1.0 -1.0 0.0 0.2818851224160878 0.35458232771131626 0.36353254987259603
9 724.0 0.0 -1.0 -1.0 -1.0 0.0 0.29161215844068755 0.36806804869836435 0.34031979286094777
9 725.0 0.0 -1.0 -1.0 -1.0 0.0 0.29876006632060503 0.34210078064438565 0.35913915303500943
9 726.0 0.0 -1.0 -1.0 -1.0 0.0 0.3193795470563042 0.36139677933905645 0.3192236736046393
9 727.0 0.0 -1.0 -1.0 -1.0 0.0 0.3228462664860543 0.3292129070245424 0.34794082648940305
9 728.0 0.0 -1.0 -1.0 -1.0 0.0 0.3291273765335703 0.33082036868207537 0.3400522547843543
9 729.0 0.0 -1.0 -1.0 -1.0 0.0 0.3261282877406394 0.3334229438388954 0.3404487684204651
9 730.0 0.0 -1.0 -1.0 -1.0 0.0 0.31763898045664574 0.304471109100269 0.3778899104430852
9 731.0 0.0 -1.0 -1.0 -1.0 0.0 0.3135630968868368 0.28680711520020297 0.39962978791296017
9 732.0 0.0 -1.0 -1.0 -1.0 0.0 0.3621422530745979 0.2930257712054368 0.3448319757199652
9 733.0 0.0 -1.0 -1.0 -1.0 0.0 0.38236053115734187 0.2835897095707571 0.334049759271901
9 734.0 0.0 -1.0 -1.0 -1.0 0.0 0.354501568325718 0.31329179901881543 0.33220663265546646
9 735.0 0.0 -1.0 -1.0 -1.0 0.0 0.36067414694108657 0.29731760305890303 0.34200825000001045
9 736.0 0.0 -1.0 -1.0 -1.0 0.0 0.35072558960227385 0.303141829155042 0.34613258124268387
9 737.0 0.0 -1.0 -1.0 -1.0 0.0 0.3489669068366398 0.3037932457967401 0.34723984736661995
9 738.0 0.0 -1.0 -1.0 -1.0 0.0 0.3751122098348017 0.28227715777221535 0.3426106323929828
9 739.0 0.0 -1.0 -1.0 -1.0 0.0 0.34959329320461385 0.31605482938586243 0.3343518774095235
9 740.0 0.0 -1.0 -1.0 -1.0 0.0 0.3348576045064704 0.313592707586732 0.3515496879067978
9 741.0 0.0 -1.0 -1.0 -1.0 0.0 0.3326141704810708 0.3182023825014952 0.3491834470174338
9 742.0 0.0 -1.0 -1.0 -1.0 0.0 0.3358276840702635 0.3454758900709296 0.3186964258588068
9 743.0 0.0 -1.0 -1.0 -1.0 0.0 0.3402762887211042 0.33536735636740084 0.3243563549114949
9 744.0 0.0 -1.0 -1.0 -1.0 0.0 0.33352367668899646 0.31791462976007057 0.3485616935509329
9 745.0 0.0 -1.0 -1.0 -1.0 0.0 0.3327981880166263 0.30288952572667893 0.3643122862566946
9 746.0 0.0 -1.0 -1.0 -1.0 0.0 0.33171070109038214 0.31642216649515154 0.3518671324144663
9 747.0 0.0 -1.0 -1.0 -1.0 0.0 0.324793922059915 0.31251329288566454 0.36269278505442054
9 748.0 0.0 -1.0 -1.0 -1.0 0.0 0.3357247717475442 0.30194132259219675 0.36233390566025925
9 749.0 0.0 -1.0 -1.0 -1.0 0.0 0.3501229653571816 0.3100919102232931 0.3397851244195254
9 750.0 0.0 -1.0 -1.0 -1.0 0.0 0.3226502094361482 0.30288837947303743 0.3744614110908146
9 751.0 0.0 -1.0 -1.0 -1.0 0.0 0.3169465253541863 0.3052789686922692 0.3777745059535443
9 752.0 0.0 -1.0 -1.0 -1.0 0.0 0.30380895254267815 0.3087734112977189 0.3874176361596028
9 753.0 0.0 -1.0 -1.0 -1.0 0.0 0.3031402899808805 0.30730557550696597 0.3895541345121536
9 754.0 0.0 -1.0 -1.0 -1.0 0.0 0.31391081494064926 0.3075777842787352 0.37851140078061535
9 755.0 0.0 -1.0 -1.0 -1.0 0.0 0.3187977784874899 0.29962372953189326 0.38157849198061683
9 756.0 0.0 -1.0 -1.0 -1.0 0.0 0.3081800460147274 0.32666746503379196 0.3651524889514806
9 757.0 0.0 -1.0 -1.0 -1.0 0.0 0.33794792838972726 0.3465478599962391 0.3155042116140337
9 758.0 0.0 -1.0 -1.0 -1.0 0.0 0.3542609543640264 0.3316105085641962 0.31412853707177746
9 759.0 0.0 -1.0 -1.0 -1.0 0.0 0.3398922265368547 0.33573812293645583 0.3243696505266896
9 760.0 0.0 -1.0 -1.0 -1.0 0.0 0.34776811242990896 0.3310963866297179 0.32113550094037313
9 761.0 0.0 -1.0 -1.0 -1.0 0.0 0.309648459152432 0.3327663804780419 0.35758516036952614
9 762.0 0.0 -1.0 -1.0 -1.0 0.0 0.31556421887141123 0.3422936915443068 0.34214208958428194
9 763.0 0.0 -1.0 -1.0 -1.0 0.0 0.3273330173819587 0.31345777455877727 0.35920920805926426
9 764.0 0.0 -1.0 -1.0 -1.0 0.0 0.32765261806562956 0.30931350893229337 0.363033873002077
9 765.0 0.0 -1.0 -1.0 -1.0 0.0 0.3214158475656634 0.33426181590588766 0.3443223365284489
9 766.0 0.0 -1.0 -1.0 -1.0 0.0 0.34324071368011944 0.3262957846062689 0.33046350171361155
9 767.0 0.0 -1.0 -1.0 -1.0 0.0 0.35910974863544004 0.2801074836922188 0.36078276767234096
9 768.0 0.0 -1.0 -1.0 -1.0 0.0 0.3619464305212474 0.303907815643182 0.3341457538355705
9 769.0 0.0 -1.0 -1.0 -1.0 0.0 0.3435680625232455 0.33078560160474013 0.3256463358720143
9 770.0 0.0 -1.0 -1.0 -1.0 0.0 0.339999092009815 0.3189888421657411 0.3410120658244442
9 771.0 0.0 -1.0 -1.0 -1.0 0.0 0.33653668574403056 0.3192165061076115 0.344246808148358
9 772.0 0.0 -1.0 -1.0 -1.0 0.0 0.34910006616853356 0.3171235905386297 0.3337763432928365
9 773.0 0.0 -1.0 -1.0 -1.0 0.0 0.33618382892234616 0.3052227006619953 0.35859347041565875
9 774.0 0.0 -1.0 -1.0 -1.0 0.0 0.36840922538597576 0.3206547381198996 0.3109360364941246
9 775.0 0.0 -1.0 -1.0 -1.0 0.0 0.37712704540364905 0.29724893136162917 0.3256240232347216
9 776.0 0.0 -1.0 -1.0 -1.0 0.0 0.340082019611977 0.32068820523387076 0.33922977515415226
9 777.0 0.0 -1.0 -1.0 -1.0 0.0 0.33299179883897034 0.32694759742004176 0.34006060374098823
9 778.0 0.0 -1.0 -1.0 -1.0 0.0 0.35143222598354823 0.3238498463581956 0.32471792765825613
9 779.0 0.0 -1.0 -1.0 -1.0 0.0 0.34059530948271216 0.3195327758435591 0.3398719146737288
9 780.0 0.0 -1.0 -1.0 -1.0 0.0 0.3477230374133027 0.3230954228689263 0.32918153971777103
9 781.0 0.0 -1.0 -1.0 -1.0 0.0 0.35759858190265925 0.32503549244560903 0.3173659256517318
9 782.0 0.0 -1.0 -1.0 -1.0 0.0 0.35267797568916426 0.3365646095056629 0.31075741480517294
9 783.0 0.0 -1.0 -1.0 -1.0 0.0 0.35120850274496207 0.34822022782174245 0.30057126943329526
9 784.0 0.0 -1.0 -1.0 -1.0 0.0 0.3461069842177607 0.380303811014127 0.27358920476811227
9 785.0 0.0 -1.0 -1.0 -1.0 0.0 0.33872675516127176 0.36756095297526026 0.29371229186346814
9 786.0 0.0 -1.0 -1.0 -1.0 0.0 0.3255601695927633 0.35493731701013376 0.3195025133971029
9 787.0 0.0 -1.0 -1.0 -1.0 0.0 0.30950970806267164 0.34715372448406007 0.34333656745326835
9 788.0 0.0 -1.0 -1.0 -1.0 0.0 0.3072080314795703 0.34873028985503174 0.3440616786653979
9 789.0 0.0 -1.0 -1.0 -1.0 0.0 0.3089299623891594 0.34147802752330736 0.34959201008753316
9 790.0 0.0 -1.0 -1.0 -1.0 0.0 0.3204188382165159 0.3506910434084521 0.32889011837503185
9 791.0 0.0 -1.0 -1.0 -1.0 0.0 0.32400068357754014 0.3270457315237785 0.34895358489868145
9 792.0 0.0 -1.0 -1.0 -1.0 0.0 0.3434796152652046 0.3189668816390146 0.3375535030957809
9 793.0 0.0 -1.0 -1.0 -1.0 0.0 0.34273816225819126 0.30631974579899934 0.35094209194280945
9 794.0 0.0 -1.0 -1.0 -1.0 0.0 0.3411963562422116 0.3142900753758767 0.34451356838191166
9 795.0 0.0 -1.0 -1.0 -1.0 0.0 0.34078707197756414 0.33001275355529236 0.32920017446714334
9 796.0 0.0 -1.0 -1.0 -1.0 0.0 0.34311201343532455 0.3402415705580409 0.3166464160066347
9 797.0 0.0 -1.0 -1.0 -1.0 0.0 0.3136352805877636 0.35794994996721363 0.32841476944502324
9 798.0 0.0 -1.0 -1.0 -1.0 0.0 0.3151536820615976 0.35105215359956127 0.33379416433884096
9 799.0 0.0 -1.0 -1.0 -1.0 0.0 0.31268197368333583 0.35778118800895287 0.3295368383077111
9 800.0 0.0 -1.0 -1.0 -1.0 0.0 0.3217189707138064 0.36318309809437727 0.3150979311918163
9 801.0 0.0 -1.0 -1.0 -1.0 0.0 0.34359332237844037 0.3529982988429237 0.30340837877863575
9 802.0 0.0 -1.0 -1.0 -1.0 0.0 0.3398228476565427 0.3662877234523323 0.29388942889112535
9 803.0 0.0 -1.0 -1.0 -1.0 0.0 0.33127382291935376 0.37596249922348357 0.2927636778571625
9 804.0 0.0 -1.0 -1.0 -1.0 0.0 0.33989463082489624 0.4001855928003943 0.25991977637470964
9 805.0 0.0 -1.0 -1.0 -1.0 0.0 0.3462177417865644 0.3717732430456108 0.2820090151678248
9 806.0 0.0 -1.0 -1.0 -1.0 0.0 0.3580065664013679 0.34365534444275364 0.29833808915587845
9 807.0 0.0 -1.0 -1.0 -1.0 0.0 0.34662728977162804 0.35816951859842633 0.2952031916299455
9 808.0 0.0 -1.0 -1.0 -1.0 0.0 0.3235334740019457 0.3725116341915248 0.30395489180652935
9 809.0 0.0 -1.0 -1.0 -1.0 0.0 0.3305057981756478 0.36338039236029873 0.3061138094640537
9 810.0 0.0 -1.0 -1.0 -1.0 0.0 0.3237615457757181 0.3348124418748295 0.34142601234945247
9 811.0 0.0 -1.0 -1.0 -1.0 0.0 0.3191765806091534 0.32827570560000446 0.3525477137908421
9 812.0 0.0 -1.0 -1.0 -1.0 0.0 0.3159374348275012 0.3204733026922429 0.363589262480256
9 813.0 0.0 -1.0 -1.0 -1.0 0.0 0.29488693357277485 0.35661812766544077 0.3484949387617843
9 814.0 0.0 -1.0 -1.0 -1.0 0.0 0.30662059278413945 0.3476936887521008 0.3456857184637594
9 815.0 0.0 -1.0 -1.0 -1.0 0.0 0.3052702691818254 0.33591637836282645 0.35881335245534834
9 816.0 0.0 -1.0 -1.0 -1.0 0.0 0.33698753482703575 0.31578099814186056 0.34723146703110364
9 817.0 0.0 -1.0 -1.0 -1.0 0.0 0.31872965550055143 0.3202822802430947 0.36098806425635394
9 818.0 0.0 -1.0 -1.0 -1.0 0.0 0.33008238867662454 0.31361336893123765 0.35630424239213804
9 819.0 0.0 -1.0 -1.0 -1.0 0.0 0.3365393296558419 0.2965886586619398 0.36687201168221834
9 820.0 0.0 -1.0 -1.0 -1.0 0.0 0.33895559304617895 0.2771331759151373 0.3839112310386837
9 821.0 0.0 -1.0 -1.0 -1.0 0.0 0.35879819318739564 0.27253694040833404 0.36866486640427043
9 822.0 0.0 -1.0 -1.0 -1.0 0.0 0.37128910566588325 0.2439077335709449 0.384803160763172
9 823.0 0.0 -1.0 -1.0 -1.0 0.0 0.346467090802375 0.25868644551640807 0.39484646368121695
9 824.0 0.0 -1.0 -1.0 -1.0 0.0 0.3163707525833607 0.2989447893650771 0.3846844580515621
9 825.0 0.0 -1.0 -1.0 -1.0 0.0 0.30169464882877983 0.30360856157417865 0.3946967895970414
9 826.0 0.0 -1.0 -1.0 -1.0 0.0 0.32440420552397725 0.30427263845876323 0.3713231560172595
9 827.0 0.0 -1.0 -1.0 -1.0 0.0 0.3445988767892424 0.29892629223292494 0.35647483097783245
9 828.0 0.0 -1.0 -1.0 -1.0 0.0 0.33905144032729334 0.3182170762368268 0.3427314834358798
9 829.0 0.0 -1.0 -1.0 -1.0 0.0 0.32454341824840327 0.3259807944096036 0.34947578734199314
9 830.0 0.0 -1.0 -1.0 -1.0 0.0 0.320808891384233 0.34787400451328154 0.3313171041024853
9 831.0 0.0 -1.0 -1.0 -1.0 0.0 0.3266728572938641 0.3387179873262472 0.33460915537988845
9 832.0 0.0 -1.0 -1.0 -1.0 0.0 0.3123700499208558 0.34058825390159275 0.34704169617755154
9 833.0 0.0 -1.0 -1.0 -1.0 0.0 0.29670387659951425 0.3420853648941168 0.36121075850636897
9 834.0 0.0 -1.0 -1.0 -1.0 0.0 0.3096530892286393 0.3489393394276947 0.3414075713436662
9 835.0 0.0 -1.0 -1.0 -1.0 0.0 0.30337564752546475 0.35037499373582986 0.34624935873870555
9 836.0 0.0 -1.0 -1.0 -1.0 0.0 0.3131742050370787 0.325063014373147 0.36176278058977424
9 837.0 0.0 -1.0 -1.0 -1.0 0.0 0.31195757122328016 0.3423563367488714 0.3456860920278483
9 838.0 0.0 -1.0 -1.0 -1.0 0.0 0.3194719234685072 0.33070160021632794 0.3498264763151648
9 839.0 0.0 -1.0 -1.0 -1.0 0.0 0.3089841095372448 0.34972591646323187 0.34128997399952304
9 840.0 0.0 -1.0 -1.0 -1.0 0.0 0.29435802771920627 0.32420029862212935 0.3814416736586643
9 841.0 0.0 -1.0 -1.0 -1.0 0.0 0.2993893808428426 0.3113041284571031 0.38930649070005413
9 842.0 0.0 -1.0 -1.0 -1.0 0.0 0.3061071464906697 0.3642627210268752 0.32963013248245504
9 843.0 0.0 -1.0 -1.0 -1.0 0.0 0.3114340019916183 0.36693313799600175 0.32163286001238006
9 844.0 0.0 -1.0 -1.0 -1.0 0.0 0.35805356774244984 0.3112456770716113 0.33070075518593867
9 845.0 0.0 -1.0 -1.0 -1.0 0.0 0.2982712236211599 0.3474657857172586 0.35426299066158135
9 846.0 0.0 -1.0 -1.0 -1.0 0.0 0.29056494224531526 0.36038899844782835 0.34904605930685606
9 847.0 0.0 -1.0 -1.0 -1.0 0.0 0.3165833101127821 0.3711117835489318 0.3123049063382862
9 848.0 0.0 -1.0 -1.0 -1.0 0.0 0.33731761034911917 0.3606578031858721 0.30202458646500857
9 849.0 0.0 -1.0 -1.0 -1.0 0.0 0.3545493657596762 0.3489563376153356 0.29649429662498816
9 850.0 0.0 -1.0 -1.0 -1.0 0.0 0.36719193301857544 0.33639700762355645 0.29641105935786805
9 851.0 0.0 -1.0 -1.0 -1.0 0.0 0.3648676691324678 0.3446639790350863 0.2904683518324458
9 852.0 0.0 -1.0 -1.0 -1.0 0.0 0.35032879716242343 0.3539512948025208 0.2957199080350558
9 853.0 0.0 -1.0 -1.0 -1.0 0.0 0.32982808940561337 0.3783379797734014 0.29183393082098524
9 854.0 0.0 -1.0 -1.0 -1.0 0.0 0.3163352143363495 0.3653610712532367 0.318303714410414
9 855.0 0.0 -1.0 -1.0 -1.0 0.0 0.2993389989732834 0.3613045287013077 0.33935647232540894
9 856.0 0.0 -1.0 -1.0 -1.0 0.0 0.28683243862364505 0.37891729442610234 0.3342502669502525
9 857.0 0.0 -1.0 -1.0 -1.0 0.0 0.28777939463679525 0.38308465093863925 0.3291359544245653
9 858.0 0.0 -1.0 -1.0 -1.0 0.0 0.2782916118112425 0.41535529223345263 0.30635309595530485
9 859.0 0.0 -1.0 -1.0 -1.0 0.0 0.27349580151936126 0.4165468363831941 0.3099573620974445
9 860.0 0.0 -1.0 -1.0 -1.0 0.0 0.2862369440101181 0.41976051262175756 0.2940025433681242
9 861.0 0.0 -1.0 -1.0 -1.0 0.0 0.3024390848377342 0.3794434241640968 0.3181174909981692
9 862.0 0.0 -1.0 -1.0 -1.0 0.0 0.2884032373306848 0.37586280977694886 0.33573395289236624
9 863.0 0.0 -1.0 -1.0 -1.0 0.0 0.2625618078198371 0.3757926784581295 0.3616455137220333
9 864.0 0.0 -1.0 -1.0 -1.0 0.0 0.2632380429145651 0.3750873004506354 0.3616746566347995
9 865.0 0.0 -1.0 -1.0 -1.0 0.0 0.2714402428984986 0.3531104142692296 0.37544934283227166
9 866.0 0.0 -1.0 -1.0 -1.0 0.0 0.2937869879344757 0.3590171776323842 0.34719583443314
9 867.0 0.0 -1.0 -1.0 -1.0 0.0 0.27533261603499837 0.37631065306013545 0.348356730904866
9 868.0 0.0 -1.0 -1.0 -1.0 0.0 0.3069407919646317 0.368613713775162 0.3244454942602063
9 869.0 0.0 -1.0 -1.0 -1.0 0.0 0.3232464791148723 0.3180161569157056 0.3587373639694222
9 870.0 0.0 -1.0 -1.0 -1.0 0.0 0.2964865504166724 0.33213577269805583 0.37137767688527185
9 871.0 0.0 -1.0 -1.0 -1.0 0.0 0.3102140034282368 0.33537211837187464 0.3544138781998886
9 872.0 0.0 -1.0 -1.0 -1.0 0.0 0.32346177365184126 0.3244948385078944 0.35204338784026423
9 873.0 0.0 -1.0 -1.0 -1.0 0.0 0.34481386109892964 0.30023528475968825 0.35495085414138194
9 874.0 0.0 -1.0 -1.0 -1.0 0.0 0.3547277900882176 0.33296171973739885 0.3123104901743837
9 875.0 0.0 -1.0 -1.0 -1.0 0.0 0.36034623259631743 0.3128107305560572 0.3268430368476254
9 876.0 0.0 -1.0 -1.0 -1.0 0.0 0.3557511564401348 0.327343171138074 0.31690567242179113
9 877.0 0.0 -1.0 -1.0 -1.0 0.0 0.37816056857823915 0.31616288343589305 0.30567654798586774
9 878.0 0.0 -1.0 -1.0 -1.0 0.0 0.3720792954473307 0.3156469595264397 0.31227374502622995
9 879.0 0.0 -1.0 -1.0 -1.0 0.0 0.3442738717082048 0.3181910377511066 0.3375350905406886
9 880.0 0.0 -1.0 -1.0 -1.0 0.0 0.32269128807750325 0.33597671522552536 0.34133199669697156
9 881.0 0.0 -1.0 -1.0 -1.0 0.0 0.30742097965750914 0.32514300486888487 0.3674360154736061
9 882.0 0.0 -1.0 -1.0 -1.0 0.0 0.3141576931237701 0.31442057981260274 0.371421727063627
9 883.0 0.0 -1.0 -1.0 -1.0 0.0 0.3322430726261667 0.29779124120435624 0.3699656861694768
9 884.0 0.0 -1.0 -1.0 -1.0 0.0 0.35399425700691145 0.30220703698441437 0.3437987060086742
9 885.0 0.0 -1.0 -1.0 -1.0 0.0 0.3312949033247227 0.32118227168626895 0.34752282498900805
9 886.0 0.0 -1.0 -1.0 -1.0 0.0 0.329687039744962 0.32670367883598417 0.34360928141905384
9 887.0 0.0 -1.0 -1.0 -1.0 0.0 0.3087948095105953 0.35190281690924524 0.3393023735801591
9 888.0 0.0 -1.0 -1.0 -1.0 0.0 0.3310813826311165 0.34578159691584837 0.32313702045303505
9 889.0 0.0 -1.0 -1.0 -1.0 0.0 0.3146254487081445 0.34281769801177875 0.34255685328007696
9 890.0 0.0 -1.0 -1.0 -1.0 0.0 0.3305491456043816 0.3383401769557451 0.33111067743987355
9 891.0 0.0 -1.0 -1.0 -1.0 0.0 0.30855988433072423 0.34629268278585806 0.34514743288341765
9 892.0 0.0 -1.0 -1.0 -1.0 0.0 0.34160196414208494 0.34611978579909514 0.31227825005881976
9 893.0 0.0 -1.0 -1.0 -1.0 0.0 0.34360329298274395 0.33481568209200513 0.3215810249252511
9 894.0 0.0 -1.0 -1.0 -1.0 0.0 0.33186840154325203 0.3447902052267671 0.32334139322998096
9 895.0 0.0 -1.0 -1.0 -1.0 0.0 0.2992754041105864 0.37634417109952956 0.3243804247898842
9 896.0 0.0 -1.0 -1.0 -1.0 0.0 0.3178597846443485 0.36755464188500625 0.31458557347064536
9 897.0 0.0 -1.0 -1.0 -1.0 0.0 0.33633542274983264 0.33907150939673647 0.3245930678534311
9 898.0 0.0 -1.0 -1.0 -1.0 0.0 0.35376215619293844 0.32789395528242343 0.318343888524638
9 899.0 0.0 -1.0 -1.0 -1.0 0.0 0.34543223551041996 0.33688983917967363 0.31767792530990624
9 900.0 0.0 -1.0 -1.0 -1.0 0.0 0.34856228879284357 0.3249662849236644 0.326471426283492
9 901.0 0.0 -1.0 -1.0 -1.0 0.0 0.3407624949161925 0.312407659551627 0.34682984553218044
9 902.0 0.0 -1.0 -1.0 -1.0 0.0 0.3128703557763944 0.32687193466880915 0.3602577095547964
9 903.0 0.0 -1.0 -1.0 -1.0 0.0 0.3168399521276016 0.3232740552721547 0.35988599260024384
9 904.0 0.0 -1.0 -1.0 -1.0 0.0 0.31155517848388925 0.330206101533851 0.3582387199822596
9 905.0 0.0 -1.0 -1.0 -1.0 0.0 0.3231311371874385 0.329552538672501 0.34731632414006053
9 906.0 0.0 -1.0 -1.0 -1.0 0.0 0.32013113339222476 0.33574642163157087 0.3441224449762045
9 907.0 0.0 -1.0 -1.0 -1.0 0.0 0.3243255030418048 0.3371753161095157 0.33849918084867947
9 908.0 0.0 -1.0 -1.0 -1.0 0.0 0.31989433684716145 0.35864646480262 0.3214591983502187
9 909.0 0.0 -1.0 -1.0 -1.0 0.0 0.3394045641686595 0.3403638922721724 0.3202315435591681
9 910.0 0.0 -1.0 -1.0 -1.0 0.0 0.3447731585229669 0.3462459028142825 0.30898093866275067
9 911.0 0.0 -1.0 -1.0 -1.0 0.0 0.3483835224064516 0.3370795211514487 0.31453695644209956
9 912.0 0.0 -1.0 -1.0 -1.0 0.0 0.3371736268585618 0.3554457697019596 0.3073806034394785
9 913.0 0.0 -1.0 -1.0 -1.0 0.0 0.31842394835735766 0.3669611035149514 0.3146149481276911
9 914.0 0.0 -1.0 -1.0 -1.0 0.0 0.3162757116262122 0.3404330993577043 0.3432911890160835
9 915.0 0.0 -1.0 -1.0 -1.0 0.0 0.304819921908476 0.35229153015901404 0.34288854793251017
9 916.0 0.0 -1.0 -1.0 -1.0 0.0 0.3112400800856412 0.35968813570619784 0.329071784208161
9 917.0 0.0 -1.0 -1.0 -1.0 0.0 0.3041252654080489 0.3590575213174158 0.33681721327453507
9 918.0 0.0 -1.0 -1.0 -1.0 0.0 0.3197862211385385 0.33287812710463266 0.34733565175682896
9 919.0 0.0 -1.0 -1.0 -1.0 0.0 0.3412133412331883 0.3347546371788749 0.3240320215879367
9 920.0 0.0 -1.0 -1.0 -1.0 0.0 0.3549511506813773 0.30830967048530217 0.3367391788333205
9 921.0 0.0 -1.0 -1.0 -1.0 0.0 0.3409239564732572 0.3196506543686929 0.3394253891580499
9 922.0 0.0 -1.0 -1.0 -1.0 0.0 0.35883742306492145 0.28246879095880595 0.35869378597627233
9 923.0 0.0 -1.0 -1.0 -1.0 0.0 0.36546818329509967 0.29275359246328997 0.3417782242416102
9 924.0 0.0 -1.0 -1.0 -1.0 0.0 0.36796716302465404 0.28744804383029066 0.3445847931450555
9 925.0 0.0 -1.0 -1.0 -1.0 0.0 0.3332088753895897 0.2836244101326407 0.3831667144777696
9 926.0 0.0 -1.0 -1.0 -1.0 0.0 0.3437521506242212 0.29081108061467353 0.3654367687611051
9 927.0 0.0 -1.0 -1.0 -1.0 0.0 0.334863149594735 0.3191204830419692 0.3460163673632956
9 928.0 0.0 -1.0 -1.0 -1.0 0.0 0.3264248356469388 0.3172253607714446 0.3563498035816165
9 929.0 0.0 -1.0 -1.0 -1.0 0.0 0.3399311524833557 0.3243528675270483 0.3357159799895959
9 930.0 0.0 -1.0 -1.0 -1.0 0.0 0.32910204042207986 0.3249042312705482 0.3459937283073718
9 931.0 0.0 -1.0 -1.0 -1.0 0.0 0.332653372827622 0.31930115511946683 0.3480454720529113
9 932.0 0.0 -1.0 -1.0 -1.0 0.0 0.3425225933817939 0.2927175429986877 0.36475986361951857
9 933.0 0.0 -1.0 -1.0 -1.0 0.0 0.3381743659054117 0.30240108844188623 0.35942454565270227
9 934.0 0.0 -1.0 -1.0 -1.0 0.0 0.34311955870146577 0.3214091526892495 0.33547128860928466
9 935.0 0.0 -1.0 -1.0 -1.0 0.0 0.34892185438046697 0.3280725387686884 0.3230056068508447
9 936.0 0.0 -1.0 -1.0 -1.0 0.0 0.3512538848837164 0.3306240449674849 0.3181220701487988
9 937.0 0.0 -1.0 -1.0 -1.0 0.0 0.34934246795289203 0.34342800594227596 0.307229526104832
9 938.0 0.0 -1.0 -1.0 -1.0 0.0 0.32004505939167976 0.34861948331544107 0.3313354572928791
9 939.0 0.0 -1.0 -1.0 -1.0 0.0 0.3189540394326153 0.34235727728117693 0.33868868328620766
9 940.0 0.0 -1.0 -1.0 -1.0 0.0 0.31629632265422 0.360494206185453 0.3232094711603269
9 941.0 0.0 -1.0 -1.0 -1.0 0.0 0.3070837608483459 0.3682494925014681 0.32466674665018586
9 942.0 0.0 -1.0 -1.0 -1.0 0.0 0.3298469244659343 0.33926418882506015 0.33088888670900557
9 943.0 0.0 -1.0 -1.0 -1.0 0.0 0.3530556516611195 0.33308394410524905 0.3138604042336313
9 944.0 0.0 -1.0 -1.0 -1.0 0.0 0.3424598232282144 0.34303196618469306 0.3145082105870921
9 945.0 0.0 -1.0 -1.0 -1.0 0.0 0.3352650720928618 0.35709029268274184 0.3076446352243965
9 946.0 0.0 -1.0 -1.0 -1.0 0.0 0.33645215121934785 0.35863819222139653 0.3049096565592554
9 947.0 0.0 -1.0 -1.0 -1.0 0.0 0.3541055451744185 0.3389433476996785 0.30695110712590273
9 948.0 0.0 -1.0 -1.0 -1.0 0.0 0.3471692189110041 0.36657777192912433 0.28625300915987156
9 949.0 0.0 -1.0 -1.0 -1.0 0.0 0.3344566779453406 0.37777504073694784 0.28776828131771137
9 950.0 0.0 -1.0 -1.0 -1.0 0.0 0.33451077409357716 0.3827188181790989 0.28277040772732365
9 951.0 0.0 -1.0 -1.0 -1.0 0.0 0.33473399809130056 0.37066809246826643 0.29459790944043324
9 952.0 0.0 -1.0 -1.0 -1.0 0.0 0.3113982590685274 0.3768784398849459 0.3117233010465267
9 953.0 0.0 -1.0 -1.0 -1.0 0.0 0.3215796875660629 0.36566021060360754 0.31276010183032943
9 954.0 0.0 -1.0 -1.0 -1.0 0.0 0.2944578467285638 0.3681129726287833 0.33742918064265304
9 955.0 0.0 -1.0 -1.0 -1.0 0.0 0.3338470693419244 0.32237823084687434 0.3437746998112013
9 956.0 0.0 -1.0 -1.0 -1.0 0.0 0.3303693909627922 0.324848304795871 0.34478230424133677
9 957.0 0.0 -1.0 -1.0 -1.0 0.0 0.31889973248495107 0.3291142713921037 0.35198599612294523
9 958.0 0.0 -1.0 -1.0 -1.0 0.0 0.3223716686449929 0.32202682893726375 0.35560150241774346
9 959.0 0.0 -1.0 -1.0 -1.0 0.0 0.3282424283911328 0.3271433664926112 0.3446142051162559
9 960.0 0.0 -1.0 -1.0 -1.0 0.0 0.34636303169400046 0.3115879342831161 0.34204903402288317
9 961.0 0.0 -1.0 -1.0 -1.0 0.0 0.32910634326496024 0.30762754869347486 0.363266108041565
9 962.0 0.0 -1.0 -1.0 -1.0 0.0 0.30241215272782507 0.32101765546627925 0.37657019180589557
9 963.0 0.0 -1.0 -1.0 -1.0 0.0 0.3228360933116231 0.33012533508631814 0.34703857160205887
9 964.0 0.0 -1.0 -1.0 -1.0 0.0 0.2932094702233537 0.35860705664352294 0.3481834731331233
9 965.0 0.0 -1.0 -1.0 -1.0 0.0 0.30168558361622494 0.38637815757554705 0.3119362588082282
9 966.0 0.0 -1.0 -1.0 -1.0 0.0 0.2877605421272103 0.37015342080024605 0.3420860370725438
9 967.0 0.0 -1.0 -1.0 -1.0 0.0 0.279851610514548 0.39008354379212107 0.3300648456933309
9 968.0 0.0 -1.0 -1.0 -1.0 0.0 0.30909977095965163 0.34977475223485327 0.3411254768054952
9 969.0 0.0 -1.0 -1.0 -1.0 0.0 0.2888212718719969 0.3797628648136421 0.3314158633143609
9 970.0 0.0 -1.0 -1.0 -1.0 0.0 0.30171875098695944 0.36915668346511377 0.3291245655479267
9 971.0 0.0 -1.0 -1.0 -1.0 0.0 0.34065806963031775 0.34446441881698725 0.31487751155269533
9 972.0 0.0 -1.0 -1.0 -1.0 0.0 0.3505607202823975 0.3456884076718363 0.3037508720457662
9 973.0 0.0 -1.0 -1.0 -1.0 0.0 0.36972372792984226 0.3207862240939281 0.30949004797622987
9 974.0 0.0 -1.0 -1.0 -1.0 0.0 0.35213803973048163 0.34512034871962327 0.302741611549895
9 975.0 0.0 -1.0 -1.0 -1.0 0.0 0.35502322964490857 0.3701618782953342 0.27481489205975695
9 976.0 0.0 -1.0 -1.0 -1.0 0.0 0.3581629689365943 0.37431103048262004 0.26752600058078563
9 977.0 0.0 -1.0 -1.0 -1.0 0.0 0.37844591196930283 0.3225611019153282 0.29899298611536906
9 978.0 0.0 -1.0 -1.0 -1.0 0.0 0.32929464032675765 0.34807632751782636 0.322629032155416
9 979.0 0.0 -1.0 -1.0 -1.0 0.0 0.3054028507535659 0.3545984234129347 0.33999872583349955
9 980.0 0.0 -1.0 -1.0 -1.0 0.0 0.3282777247734725 0.3341427273903759 0.3375795478361517
9 981.0 0.0 -1.0 -1.0 -1.0 0.0 0.32086071759934126 0.34482080739325804 0.3343184750074007
9 982.0 0.0 -1.0 -1.0 -1.0 0.0 0.3310260326307173 0.34027925028220957 0.32869471708707304
9 983.0 0.0 -1.0 -1.0 -1.0 0.0 0.3153280982319656 0.3534690283940234 0.3312028733740112
9 984.0 0.0 -1.0 -1.0 -1.0 0.0 0.3261264784875329 0.35805231672538695 0.31582120478708003
9 985.0 0.0 -1.0 -1.0 -1.0 0.0 0.3461681186766801 0.3530004160921898 0.30083146523113014
9 986.0 0.0 -1.0 -1.0 -1.0 0.0 0.33470620861964745 0.33794785095324253 0.32734594042710996
9 987.0 0.0 -1.0 -1.0 -1.0 0.0 0.33068404499273113 0.32639530778454434 0.3429206472227245
9 988.0 0.0 -1.0 -1.0 -1.0 0.0 0.32867594014950013 0.32639558141758107 0.34492847843291896
9 989.0 0.0 -1.0 -1.0 -1.0 0.0 0.3364416775635013 0.3412878411303215 0.3222704813061772
9 990.0 0.0 -1.0 -1.0 -1.0 0.0 0.3529582667735498 0.34233411107654854 0.30470762214990155
9 991.0 0.0 -1.0 -1.0 -1.0 0.0 0.35913210308150345 0.34309950288174984 0.2977683940367469
9 992.0 0.0 -1.0 -1.0 -1.0 0.0 0.3291673766033042 0.3666704931262255 0.3041621302704702
9 993.0 0.0 -1.0 -1.0 -1.0 0.0 0.30323276994908993 0.3785275295859091 0.3182397004650012
9 994.0 0.0 -1.0 -1.0 -1.0 0.0 0.30456997452588047 0.3530448245530988 0.34238520092102076
9 995.0 0.0 -1.0 -1.0 -1.0 0.0 0.3002870300346962 0.36588076487800975 0.3338322050872939
9 996.0 0.0 -1.0 -1.0 -1.0 0.0 0.2906938474811958 0.38419804163879784 0.32510811088000624
9 997.0 0.0 -1.0 -1.0 -1.0 0.0 0.30163889810566286 0.3876476541022285 0.3107134477921087
9 998.0 0.0 -1.0 -1.0 -1.0 0.0 0.2874448508680041 0.39693118295509044 0.315623966176905
9 999.0 0.0 -1.0 -1.0 -1.0 0.0 0.29879401859735444 0.3978713539778927 0.30333462742475303
9 1000.0 0.0 -1.0 -1.0 -1.0 0.0 0.3080690107532938 0.3772996324522655 0.3146313567944407
1000000000000000000000000000000000000000000000000000000000000000000000000000000000000000000000000000
-1.0
solo con 1: -100.0
