9 0.0 55.0 -39.0 -162.0 -97.38 49.556982812259115 0.3333333333333333 0.3333333333333333 0.3333333333333333
9 1.0 45.0 -38.0 -162.0 -79.88 46.27263955856822 0.2921505137679723 0.2992926091079707 0.40855687712405675
9 2.0 45.0 -38.0 -156.0 -67.83 40.616226791614686 0.25886881899852776 0.259462590628507 0.4816685903729651
9 3.0 9.0 -38.0 -156.0 -59.25 35.80259428555084 0.2421666379870536 0.21366532398206015 0.5441680380308864
9 4.0 85.0 -34.0 -156.0 -51.79 29.380916984129048 0.21473105246325477 0.20522640321727906 0.5800425443194662
9 5.0 4.0 -32.0 -156.0 -48.09 28.276804571373987 0.20892118823858902 0.16947214858998844 0.6216066631714225
9 6.0 22.0 -30.0 -154.0 -44.64 26.68011781961779 0.18526319564022334 0.16656336584297904 0.6481734385167977
9 7.0 52.0 -28.0 -154.0 -39.46 20.136112591635715 0.17232565597432434 0.15352308012261104 0.6741512639030645
9 8.0 34.0 -27.0 -147.0 -35.52 16.742542437536994 0.15543454697901354 0.1303630606527844 0.7142023923682023
9 9.0 4.0 -25.0 -147.0 -33.02 17.11929621889589 0.14157829189764995 0.11488785928231922 0.7435338488200309
9 10.0 70.0 -20.0 -55.0 -28.38 5.987832781077091 0.137215755779418 0.10408037393332456 0.758703870287257
9 11.0 4.0 -20.0 -55.0 -26.31 6.255010113113449 0.12679593822572996 0.09367124029507158 0.7795328214791987
9 12.0 33.0 -16.0 -55.0 -23.6 6.3181636508713455 0.10979195926288085 0.09034371237461203 0.799864328362507
9 13.0 10.0 -15.0 -55.0 -21.38 6.119648765256142 0.1111669009423802 0.08137277138786406 0.8074603276697561
9 14.0 15.0 -14.0 -55.0 -19.02 6.159463442459083 0.11218900093600642 0.07716423305727327 0.8106467660067199
9 15.0 97.0 -12.0 -55.0 -17.17 6.200448012487127 0.11380153540167325 0.0758864402297266 0.8103120243686004
9 16.0 56.0 -11.0 -55.0 -15.6 6.381792281739725 0.09869057654981665 0.07826658797440275 0.8230428354757804
9 17.0 26.0 -10.0 -55.0 -14.39 6.6086796309585525 0.11227940969242237 0.08143766605703867 0.8062829242505388
9 18.0 97.0 -9.0 -55.0 -12.74 5.809466325739308 0.11094801064633698 0.07678518790875051 0.8122668014449121
9 19.0 75.0 -8.0 -55.0 -11.42 5.981756777186292 0.09993924879033642 0.06935092787336516 0.8307098233362986
9 20.0 1.0 -7.0 -55.0 -10.08 6.145837057009659 0.09190002237664534 0.07798038550558939 0.8301195921177654
9 21.0 1.0 -6.0 -55.0 -8.79 6.339383075487534 0.09220008731823962 0.07765896598938304 0.8301409466923773
9 22.0 65.0 -3.0 -49.0 -7.29 4.793292872927395 0.08735413773895606 0.06970627446147747 0.8429395877995668
9 23.0 65.0 -3.0 -14.0 -5.76 1.4150704019320883 0.09373083372415827 0.07009204373691993 0.836177122538922
9 24.0 43.0 -3.0 -9.0 -4.77 0.8510836823388374 0.09271823351406215 0.08484359636018998 0.8224381701257478
9 25.0 48.0 -2.0 -7.0 -4.07 0.8791065253018445 0.11445290944973711 0.09483483959872538 0.7907122509515377
9 26.0 1.0 -2.0 -5.0 -3.41 0.7925792188682588 0.12450761891385781 0.0982001154035737 0.777292265682568
9 27.0 0.0 -2.0 -5.0 -2.74 0.7865022940753946 0.12331564159761844 0.11089338391052 0.7657909744918615
9 28.0 0.0 -2.0 -5.0 -2.3 0.6590473688161079 0.1629140934903288 0.11881616543110059 0.7182697410785706
9 29.0 0.0 -2.0 -5.0 -2.16 0.5811865258054236 0.19279422704690866 0.15573845005122075 0.6514673229018706
9 30.0 7.0 -1.0 -4.0 -2.04 0.31526804372460465 0.22975133800384667 0.19513763162737519 0.5751110303687781
9 31.0 7.0 -1.0 -4.0 -1.92 0.4187523556393861 0.246459450535719 0.20589506319668033 0.5476454862676006
9 32.0 3.0 -1.0 -4.0 -1.72 0.5519478821831497 0.24189652962047126 0.20468229591043818 0.5534211744690907
9 33.0 1.0 -1.0 -4.0 -1.44 0.5741924500522188 0.23039317822360808 0.1903637798988095 0.5792430418775827
9 34.0 1.0 -1.0 -3.0 -1.29 0.4776838056516234 0.2532674556209918 0.20808365554047725 0.5386488888385311
9 35.0 1.0 -1.0 -2.0 -1.14 0.34873508801977704 0.2790349882348888 0.22570399708635866 0.4952610146787528
9 36.0 0.0 -1.0 -2.0 -1.06 0.2386832565759419 0.2594473010098001 0.2654586972702074 0.47509400171999266
9 37.0 0.0 -1.0 -2.0 -1.04 0.1969463855669323 0.31219034659462125 0.2776448533547844 0.41016480005059436
9 38.0 0.0 -1.0 -2.0 -1.03 0.1714466079977653 0.31447409185471925 0.30507875611820334 0.3804471520270776
9 39.0 0.0 -1.0 -2.0 -1.03 0.1714466079977653 0.34200875195575514 0.3021063878942142 0.3558848601500306
9 40.0 0.0 -1.0 -2.0 -1.02 0.14070529413628963 0.3352315776082687 0.3282628057572996 0.3365056166344316
9 41.0 0.0 -1.0 -2.0 -1.02 0.14070529413628963 0.3310512357065899 0.3284085536134239 0.34054021067998613
9 42.0 0.0 -1.0 -2.0 -1.02 0.14070529413628963 0.32577130282700684 0.3216414195510808 0.3525872776219123
9 43.0 0.0 -1.0 -2.0 -1.02 0.14070529413628963 0.36315660187351556 0.30405582784883306 0.33278757027765155
9 44.0 0.0 -1.0 -2.0 -1.02 0.14070529413628963 0.34668813488061795 0.3150925758388068 0.33821928928057543
9 45.0 0.0 -1.0 -1.0 -1.0 0.0 0.3272163474903331 0.33568462768075435 0.3370990248289126
9 46.0 0.0 -1.0 -1.0 -1.0 0.0 0.31944059039849665 0.337361307643881 0.3431981019576223
9 47.0 0.0 -1.0 -1.0 -1.0 0.0 0.31107974526006177 0.35454780756595045 0.33437244717398795
9 48.0 0.0 -1.0 -1.0 -1.0 0.0 0.36299455175032896 0.31130755726947346 0.32569789098019747
9 49.0 0.0 -1.0 -1.0 -1.0 0.0 0.353496022772687 0.34585310462042623 0.3006508726068866
9 50.0 0.0 -1.0 -1.0 -1.0 0.0 0.32754577995431133 0.32513049595494026 0.3473237240907486
9 51.0 0.0 -1.0 -1.0 -1.0 0.0 0.3229973321433875 0.3353199369291861 0.3416827309274267
9 52.0 0.0 -1.0 -1.0 -1.0 0.0 0.3178175865000358 0.31624379961208254 0.3659386138878815
9 53.0 0.0 -1.0 -1.0 -1.0 0.0 0.3360658319604143 0.30076418394536136 0.3631699840942242
9 54.0 0.0 -1.0 -1.0 -1.0 0.0 0.3051955025359311 0.3211597500541693 0.37364474740989984
9 55.0 0.0 -1.0 -1.0 -1.0 0.0 0.3076238961592979 0.32839291500020124 0.36398318884050085
9 56.0 0.0 -1.0 -1.0 -1.0 0.0 0.29708572216470513 0.34426750623693975 0.3586467715983552
9 57.0 0.0 -1.0 -1.0 -1.0 0.0 0.2961631500754266 0.3619172131879286 0.34191963673664477
9 58.0 0.0 -1.0 -1.0 -1.0 0.0 0.29472279400953144 0.3306123618835939 0.37466484410687445
9 59.0 0.0 -1.0 -1.0 -1.0 0.0 0.2970701147115217 0.3560080066019278 0.34692187868655056
9 60.0 0.0 -1.0 -1.0 -1.0 0.0 0.31271869070687347 0.33586717962016704 0.3514141296729595
9 61.0 0.0 -1.0 -1.0 -1.0 0.0 0.2980807092384468 0.3743650696489256 0.32755422111262733
9 62.0 0.0 -1.0 -1.0 -1.0 0.0 0.31343010012674877 0.36532614002743274 0.32124375984581816
9 63.0 0.0 -1.0 -1.0 -1.0 0.0 0.3278270152940375 0.35908229989893764 0.313090684807025
9 64.0 0.0 -1.0 -1.0 -1.0 0.0 0.33937077935721033 0.3577426977980013 0.3028865228447881
9 65.0 0.0 -1.0 -1.0 -1.0 0.0 0.3697527353845372 0.30523865600303407 0.32500860861242875
9 66.0 0.0 -1.0 -1.0 -1.0 0.0 0.3561114723659933 0.30365626681525404 0.34023226081875285
9 67.0 0.0 -1.0 -1.0 -1.0 0.0 0.31977359287622953 0.33267175971449214 0.34755464740927833
9 68.0 0.0 -1.0 -1.0 -1.0 0.0 0.30177633626503475 0.3428270328415588 0.3553966308934063
9 69.0 0.0 -1.0 -1.0 -1.0 0.0 0.3409557925282139 0.2928452907102413 0.3661989167615449
9 70.0 0.0 -1.0 -1.0 -1.0 0.0 0.3409798308593712 0.30358032055201956 0.35543984858860916
9 71.0 0.0 -1.0 -1.0 -1.0 0.0 0.32903647195262037 0.3010743518610396 0.36988917618633993
9 72.0 0.0 -1.0 -1.0 -1.0 0.0 0.345664781141316 0.30171009564803497 0.3526251232106488
9 73.0 0.0 -1.0 -1.0 -1.0 0.0 0.34381606886981025 0.3047748753260076 0.35140905580418225
9 74.0 0.0 -1.0 -1.0 -1.0 0.0 0.3349092515082123 0.3182140416932433 0.34687670679854427
9 75.0 0.0 -1.0 -1.0 -1.0 0.0 0.3317771585303248 0.3148302410602023 0.35339260040947273
9 76.0 0.0 -1.0 -1.0 -1.0 0.0 0.31435746305390405 0.3432583452666104 0.34238419167948536
9 77.0 0.0 -1.0 -1.0 -1.0 0.0 0.30566438705666066 0.3475980360426402 0.34673757690069934
9 78.0 0.0 -1.0 -1.0 -1.0 0.0 0.3080827413461912 0.332828965076657 0.35908829357715183
9 79.0 0.0 -1.0 -1.0 -1.0 0.0 0.32170163490390236 0.3272994881118341 0.350998876984263
9 80.0 0.0 -1.0 -1.0 -1.0 0.0 0.3450361248151431 0.3164025820312931 0.3385612931535638
9 81.0 0.0 -1.0 -1.0 -1.0 0.0 0.3529883069975041 0.31596480474362953 0.3310468882588664
9 82.0 0.0 -1.0 -1.0 -1.0 0.0 0.31738049317697165 0.36708925475105963 0.3155302520719689
9 83.0 0.0 -1.0 -1.0 -1.0 0.0 0.3251500639719769 0.3589219773467622 0.3159279586812609
9 84.0 0.0 -1.0 -1.0 -1.0 0.0 0.3122856097560882 0.3367379695931744 0.3509764206507373
9 85.0 0.0 -1.0 -1.0 -1.0 0.0 0.30108257959085 0.3562381521799176 0.34267926822923234
9 86.0 0.0 -1.0 -1.0 -1.0 0.0 0.3231457638765359 0.3428754099909553 0.33397882613250884
9 87.0 0.0 -1.0 -1.0 -1.0 0.0 0.3108156509047307 0.34211102108478736 0.3470733280104819
9 88.0 0.0 -1.0 -1.0 -1.0 0.0 0.3097237025606772 0.3379917887840064 0.3522845086553164
9 89.0 0.0 -1.0 -1.0 -1.0 0.0 0.31112422498795433 0.3365144475930918 0.35236132741895415
9 90.0 0.0 -1.0 -1.0 -1.0 0.0 0.3062655607801605 0.33880806259860213 0.35492637662123727
9 91.0 0.0 -1.0 -1.0 -1.0 0.0 0.3092738765621933 0.33572936405706794 0.35499675938073877
9 92.0 0.0 -1.0 -1.0 -1.0 0.0 0.33636436279613185 0.3159368053388216 0.34769883186504635
9 93.0 0.0 -1.0 -1.0 -1.0 0.0 0.3425402977782902 0.32497181274299236 0.33248788947871744
9 94.0 0.0 -1.0 -1.0 -1.0 0.0 0.3038449770774615 0.3437376944902417 0.35241732843229684
9 95.0 0.0 -1.0 -1.0 -1.0 0.0 0.33255215962135176 0.3323519262912776 0.3350959140873706
9 96.0 0.0 -1.0 -1.0 -1.0 0.0 0.336215747129267 0.32427662126915385 0.3395076316015791
9 97.0 0.0 -1.0 -1.0 -1.0 0.0 0.3250689438596974 0.3356479269892183 0.3392831291510842
9 98.0 0.0 -1.0 -1.0 -1.0 0.0 0.3318984487597947 0.34843710526259075 0.3196644459776147
9 99.0 0.0 -1.0 -1.0 -1.0 0.0 0.32524401502916417 0.3486834818682456 0.3260725031025901
9 100.0 0.0 -1.0 -1.0 -1.0 0.0 0.34560524822943434 0.3425106843977336 0.31188406737283203
9 101.0 0.0 -1.0 -1.0 -1.0 0.0 0.33183259703543366 0.341941852112626 0.32622555085194
9 102.0 0.0 -1.0 -1.0 -1.0 0.0 0.35579816875698056 0.3174729903861418 0.32672884085687753
9 103.0 0.0 -1.0 -1.0 -1.0 0.0 0.33694251414950815 0.31403736956157347 0.34902011628891827
9 104.0 0.0 -1.0 -1.0 -1.0 0.0 0.3330880504438184 0.3282414524396956 0.3386704971164859
9 105.0 0.0 -1.0 -1.0 -1.0 0.0 0.32261069763781436 0.30704262613827493 0.3703466762239106
9 106.0 0.0 -1.0 -1.0 -1.0 0.0 0.3180298125693924 0.3557323835383368 0.3262378038922707
9 107.0 0.0 -1.0 -1.0 -1.0 0.0 0.3119320824728552 0.34740431122198906 0.3406636063051554
9 108.0 0.0 -1.0 -1.0 -1.0 0.0 0.3042534349572362 0.3466002413794809 0.34914632366328296
9 109.0 0.0 -1.0 -1.0 -1.0 0.0 0.30878603585419023 0.3395698116823088 0.3516441524635009
9 110.0 0.0 -1.0 -1.0 -1.0 0.0 0.2959942783319087 0.3507617224832594 0.3532439991848318
9 111.0 0.0 -1.0 -1.0 -1.0 0.0 0.28983561246450207 0.35046345267590107 0.35970093485959675
9 112.0 0.0 -1.0 -1.0 -1.0 0.0 0.2878621011923644 0.33256738385314427 0.3795705149544913
9 113.0 0.0 -1.0 -1.0 -1.0 0.0 0.29420600055839674 0.33486662121488636 0.37092737822671706
9 114.0 0.0 -1.0 -1.0 -1.0 0.0 0.33424679342277225 0.32253374766659915 0.34321945891062855
9 115.0 0.0 -1.0 -1.0 -1.0 0.0 0.31473764124921577 0.3559234856922886 0.3293388730584955
9 116.0 0.0 -1.0 -1.0 -1.0 0.0 0.30543151418386394 0.35961895699482954 0.3349495288213064
9 117.0 0.0 -1.0 -1.0 -1.0 0.0 0.3373697031590139 0.3578324619692622 0.3047978348717242
9 118.0 0.0 -1.0 -1.0 -1.0 0.0 0.3409918210238492 0.33609210449795796 0.32291607447819287
9 119.0 0.0 -1.0 -1.0 -1.0 0.0 0.3401959465491119 0.353839339808604 0.3059647136422841
9 120.0 0.0 -1.0 -1.0 -1.0 0.0 0.36893888902482913 0.3076763628056704 0.32338474816950064
9 121.0 0.0 -1.0 -1.0 -1.0 0.0 0.3766195980274953 0.3217053165208125 0.30167508545169225
9 122.0 0.0 -1.0 -1.0 -1.0 0.0 0.38452166147097067 0.3259130655527301 0.2895652729762991
9 123.0 0.0 -1.0 -1.0 -1.0 0.0 0.40104866855893223 0.31265156871898825 0.28629976272207924
9 124.0 0.0 -1.0 -1.0 -1.0 0.0 0.3773491116182223 0.32707383913734317 0.2955770492444345
9 125.0 0.0 -1.0 -1.0 -1.0 0.0 0.35444227047976645 0.35890240730231215 0.28665532221792156
9 126.0 0.0 -1.0 -1.0 -1.0 0.0 0.33635396037373577 0.37261412996414195 0.2910319096621222
9 127.0 0.0 -1.0 -1.0 -1.0 0.0 0.335135084193688 0.36763664823839187 0.2972282675679199
9 128.0 0.0 -1.0 -1.0 -1.0 0.0 0.3409412610292607 0.33886984333840964 0.32018889563232966
9 129.0 0.0 -1.0 -1.0 -1.0 0.0 0.33879184057626305 0.3286467560598784 0.3325614033638587
9 130.0 0.0 -1.0 -1.0 -1.0 0.0 0.330926960830551 0.33564844838787183 0.3334245907815771
9 131.0 0.0 -1.0 -1.0 -1.0 0.0 0.31620153922910155 0.3420322749274669 0.34176618584343155
9 132.0 0.0 -1.0 -1.0 -1.0 0.0 0.3254880001028529 0.3505221085554453 0.32398989134170203
9 133.0 0.0 -1.0 -1.0 -1.0 0.0 0.3365125580490577 0.33411560884630764 0.32937183310463447
9 134.0 0.0 -1.0 -1.0 -1.0 0.0 0.3325116194530928 0.3412674719913571 0.3262209085555501
9 135.0 0.0 -1.0 -1.0 -1.0 0.0 0.32611600577651323 0.3488509307928991 0.3250330634305878
9 136.0 0.0 -1.0 -1.0 -1.0 0.0 0.3230068889793661 0.3285436132085299 0.3484494978121039
9 137.0 0.0 -1.0 -1.0 -1.0 0.0 0.33985983678851817 0.3334217615095507 0.32671840170193106
9 138.0 0.0 -1.0 -1.0 -1.0 0.0 0.35265332011642303 0.33062964579740944 0.3167170340861675
9 139.0 0.0 -1.0 -1.0 -1.0 0.0 0.3513189439077084 0.33645264294997473 0.31222841314231675
9 140.0 0.0 -1.0 -1.0 -1.0 0.0 0.3511546020275043 0.32895331133204736 0.3198920866404481
9 141.0 0.0 -1.0 -1.0 -1.0 0.0 0.3158745313046902 0.32695761587304417 0.3571678528222654
9 142.0 0.0 -1.0 -1.0 -1.0 0.0 0.3185603777217313 0.3313699430701408 0.350069679208128
9 143.0 0.0 -1.0 -1.0 -1.0 0.0 0.3263535873251089 0.3447631100829202 0.3288833025919709
9 144.0 0.0 -1.0 -1.0 -1.0 0.0 0.3171115525349771 0.3141878458325442 0.36870060163247875
9 145.0 0.0 -1.0 -1.0 -1.0 0.0 0.3379058889787756 0.28529466651602287 0.3767994445052016
9 146.0 0.0 -1.0 -1.0 -1.0 0.0 0.3354960281580841 0.3058095829775487 0.35869438886436733
9 147.0 0.0 -1.0 -1.0 -1.0 0.0 0.32187767370687986 0.32355163701273226 0.3545706892803878
9 148.0 0.0 -1.0 -1.0 -1.0 0.0 0.31714792307600864 0.3459158421858738 0.3369362347381176
9 149.0 0.0 -1.0 -1.0 -1.0 0.0 0.3208905111332422 0.3247313941192009 0.35437809474755694
9 150.0 0.0 -1.0 -1.0 -1.0 0.0 0.3226817059280381 0.32941059893725594 0.34790769513470593
9 151.0 0.0 -1.0 -1.0 -1.0 0.0 0.33362416243056253 0.3149902828207143 0.35138555474872324
9 152.0 0.0 -1.0 -1.0 -1.0 0.0 0.32342870659233713 0.3165368113891336 0.36003448201852933
9 153.0 0.0 -1.0 -1.0 -1.0 0.0 0.3294250995667176 0.32068213300685555 0.349892767426427
9 154.0 0.0 -1.0 -1.0 -1.0 0.0 0.3247004101563229 0.32597516658739345 0.3493244232562836
9 155.0 0.0 -1.0 -1.0 -1.0 0.0 0.32755234667714683 0.3530886112123983 0.31935904211045496
9 156.0 0.0 -1.0 -1.0 -1.0 0.0 0.35574965516434126 0.33170252471345507 0.31254782012220383
9 157.0 0.0 -1.0 -1.0 -1.0 0.0 0.3711357519337903 0.2997992296651361 0.32906501840107366
9 158.0 0.0 -1.0 -1.0 -1.0 0.0 0.3805690481986078 0.3009275689462521 0.3185033828551398
9 159.0 0.0 -1.0 -1.0 -1.0 0.0 0.33243619973431165 0.33028554669045174 0.3372782535752367
9 160.0 0.0 -1.0 -1.0 -1.0 0.0 0.33832634167800235 0.33228607938817134 0.3293875789338261
9 161.0 0.0 -1.0 -1.0 -1.0 0.0 0.32821967866727403 0.3452700210254927 0.3265103003072335
9 162.0 0.0 -1.0 -1.0 -1.0 0.0 0.30639835156319345 0.3638616307935928 0.32974001764321387
9 163.0 0.0 -1.0 -1.0 -1.0 0.0 0.312310036374344 0.3662450351200537 0.3214449285056024
9 164.0 0.0 -1.0 -1.0 -1.0 0.0 0.35338200982922563 0.36785741067509325 0.27876057949568084
9 165.0 0.0 -1.0 -1.0 -1.0 0.0 0.3435096755383231 0.35956421592465354 0.29692610853702317
9 166.0 0.0 -1.0 -1.0 -1.0 0.0 0.3394508524776235 0.3382906855189478 0.32225846200342895
9 167.0 0.0 -1.0 -1.0 -1.0 0.0 0.36818773366539836 0.3410505174034808 0.29076174893112067
9 168.0 0.0 -1.0 -1.0 -1.0 0.0 0.3471375593447192 0.3308962186747564 0.3219662219805244
9 169.0 0.0 -1.0 -1.0 -1.0 0.0 0.33746746719269427 0.35722156767474145 0.30531096513256434
9 170.0 0.0 -1.0 -1.0 -1.0 0.0 0.3382902563150776 0.3587016734048836 0.3030080702800386
9 171.0 0.0 -1.0 -1.0 -1.0 0.0 0.34340767390215793 0.3680190877724286 0.2885732383254136
9 172.0 0.0 -1.0 -1.0 -1.0 0.0 0.3469243490071948 0.3599913495253431 0.29308430146746234
9 173.0 0.0 -1.0 -1.0 -1.0 0.0 0.3697197320562902 0.34367201868783054 0.2866082492558795
9 174.0 0.0 -1.0 -1.0 -1.0 0.0 0.3421182351341219 0.34544842354470623 0.3124333413211718
9 175.0 0.0 -1.0 -1.0 -1.0 0.0 0.34437160235456593 0.34612670669013623 0.3095016909552979
9 176.0 0.0 -1.0 -1.0 -1.0 0.0 0.3461732577718821 0.3497471321040459 0.30407961012407214
9 177.0 0.0 -1.0 -1.0 -1.0 0.0 0.3288285688394313 0.36409483497357065 0.30707659618699806
9 178.0 0.0 -1.0 -1.0 -1.0 0.0 0.3092958859092494 0.3563755478447444 0.33432856624600615
9 179.0 0.0 -1.0 -1.0 -1.0 0.0 0.3252006077958906 0.36595835858189496 0.30884103362221416
9 180.0 0.0 -1.0 -1.0 -1.0 0.0 0.34442714896670684 0.3138921736907697 0.34168067734252344
9 181.0 0.0 -1.0 -1.0 -1.0 0.0 0.3307901804030389 0.3495024562257989 0.3197073633711623
9 182.0 0.0 -1.0 -1.0 -1.0 0.0 0.3186860594890301 0.36025025010497463 0.32106369040599525
9 183.0 0.0 -1.0 -1.0 -1.0 0.0 0.3176159402887366 0.3617548087226543 0.32062925098860906
9 184.0 0.0 -1.0 -1.0 -1.0 0.0 0.3260802379033272 0.35529709644639157 0.31862266565028147
9 185.0 0.0 -1.0 -1.0 -1.0 0.0 0.3390762252721327 0.32429651340022203 0.3366272613276452
9 186.0 0.0 -1.0 -1.0 -1.0 0.0 0.3176566806485059 0.3570408351434006 0.32530248420809366
9 187.0 0.0 -1.0 -1.0 -1.0 0.0 0.3283700297228516 0.35994574106611 0.3116842292110383
9 188.0 0.0 -1.0 -1.0 -1.0 0.0 0.33287903220050735 0.3415425347487704 0.3255784330507226
9 189.0 0.0 -1.0 -1.0 -1.0 0.0 0.3578752128751235 0.3312266432627425 0.31089814386213416
9 190.0 0.0 -1.0 -1.0 -1.0 0.0 0.3522210171919684 0.33466830349822324 0.3131106793098085
9 191.0 0.0 -1.0 -1.0 -1.0 0.0 0.33049707211331686 0.3311522656215736 0.33835066226510946
9 192.0 0.0 -1.0 -1.0 -1.0 0.0 0.3570781714659275 0.3167284719738755 0.326193356560197
9 193.0 0.0 -1.0 -1.0 -1.0 0.0 0.3492795476949668 0.3189079104899818 0.3318125418150516
9 194.0 0.0 -1.0 -1.0 -1.0 0.0 0.34999155724130254 0.322205505500253 0.32780293725844456
9 195.0 0.0 -1.0 -1.0 -1.0 0.0 0.3461051503595357 0.3323246513510234 0.32157019828944117
9 196.0 0.0 -1.0 -1.0 -1.0 0.0 0.3535988038986696 0.3193324555074247 0.327068740593906
9 197.0 0.0 -1.0 -1.0 -1.0 0.0 0.3512854989459439 0.33988298561720853 0.30883151543684734
9 198.0 0.0 -1.0 -1.0 -1.0 0.0 0.3375410346411425 0.33840467445767664 0.3240542909011805
9 199.0 0.0 -1.0 -1.0 -1.0 0.0 0.3326713347735806 0.3419278983514782 0.325400766874941
9 200.0 0.0 -1.0 -1.0 -1.0 0.0 0.34641257651003343 0.34571590700762345 0.3078715164823433
9 201.0 0.0 -1.0 -1.0 -1.0 0.0 0.32568077809358037 0.35656773252114354 0.31775148938527625
9 202.0 0.0 -1.0 -1.0 -1.0 0.0 0.2999070256680896 0.3947221537091783 0.3053708206227324
9 203.0 0.0 -1.0 -1.0 -1.0 0.0 0.306587157248487 0.36089564408615193 0.33251719866536095
9 204.0 0.0 -1.0 -1.0 -1.0 0.0 0.3110414287580418 0.3703503841309282 0.3186081871110299
9 205.0 0.0 -1.0 -1.0 -1.0 0.0 0.30712026759009636 0.35589793442623274 0.33698179798367106
9 206.0 0.0 -1.0 -1.0 -1.0 0.0 0.31086306584100293 0.35150621102955226 0.3376307231294448
9 207.0 0.0 -1.0 -1.0 -1.0 0.0 0.3140392725999996 0.3598386959406498 0.32612203145935065
9 208.0 0.0 -1.0 -1.0 -1.0 0.0 0.32383240640672134 0.3468314316975988 0.3293361618956797
9 209.0 0.0 -1.0 -1.0 -1.0 0.0 0.2923508908322644 0.35211515119085207 0.3555339579768833
9 210.0 0.0 -1.0 -1.0 -1.0 0.0 0.29772673457577 0.3351348715759313 0.3671383938482986
9 211.0 0.0 -1.0 -1.0 -1.0 0.0 0.3216305857625132 0.33137449912516737 0.34699491511231906
9 212.0 0.0 -1.0 -1.0 -1.0 0.0 0.3262516513236233 0.34105274552407716 0.3326956031522997
9 213.0 0.0 -1.0 -1.0 -1.0 0.0 0.3209343048623048 0.34093177344452585 0.3381339216931694
9 214.0 0.0 -1.0 -1.0 -1.0 0.0 0.31763494266394915 0.3200082922815519 0.3623567650544991
9 215.0 0.0 -1.0 -1.0 -1.0 0.0 0.3038254312801126 0.33933863142757437 0.3568359372923129
9 216.0 0.0 -1.0 -1.0 -1.0 0.0 0.32301936388103625 0.31472937288898334 0.3622512632299803
9 217.0 0.0 -1.0 -1.0 -1.0 0.0 0.3342291723525719 0.317044147434807 0.34872668021262115
9 218.0 0.0 -1.0 -1.0 -1.0 0.0 0.3245041965507962 0.33825868120105257 0.337237122248151
9 219.0 0.0 -1.0 -1.0 -1.0 0.0 0.32089554329497544 0.3426629695657342 0.3364414871392903
9 220.0 0.0 -1.0 -1.0 -1.0 0.0 0.33603336437412373 0.3319588638103812 0.33200777181549496
9 221.0 0.0 -1.0 -1.0 -1.0 0.0 0.2956842971712604 0.36077022526126057 0.34354547756747905
9 222.0 0.0 -1.0 -1.0 -1.0 0.0 0.34596830261245154 0.3602662763350623 0.2937654210524859
9 223.0 0.0 -1.0 -1.0 -1.0 0.0 0.36312983901959944 0.32576453908529307 0.3111056218951074
9 224.0 0.0 -1.0 -1.0 -1.0 0.0 0.3624971404065813 0.32954223178864295 0.30796062780477595
9 225.0 0.0 -1.0 -1.0 -1.0 0.0 0.3439138505819547 0.3215910943437622 0.33449505507428307
9 226.0 0.0 -1.0 -1.0 -1.0 0.0 0.3319967201029692 0.30916312103822785 0.35884015885880305
9 227.0 0.0 -1.0 -1.0 -1.0 0.0 0.3316659266369018 0.30987981296299894 0.3584542604000992
9 228.0 0.0 -1.0 -1.0 -1.0 0.0 0.3269757280247076 0.3169565857631664 0.35606768621212626
9 229.0 0.0 -1.0 -1.0 -1.0 0.0 0.32404551721149005 0.32183088396456333 0.35412359882394645
9 230.0 0.0 -1.0 -1.0 -1.0 0.0 0.3187281177679666 0.3342140520936865 0.34705783013834673
9 231.0 0.0 -1.0 -1.0 -1.0 0.0 0.2900157222233861 0.38270020566676477 0.3272840721098491
9 232.0 0.0 -1.0 -1.0 -1.0 0.0 0.30131781307197614 0.39803929341073785 0.30064289351728596
9 233.0 0.0 -1.0 -1.0 -1.0 0.0 0.28351802975174367 0.39070191330595777 0.3257800569422986
9 234.0 0.0 -1.0 -1.0 -1.0 0.0 0.30583525512276993 0.32953465012056216 0.3646300947566681
9 235.0 0.0 -1.0 -1.0 -1.0 0.0 0.33759213372419944 0.3296923891268095 0.3327154771489911
9 236.0 0.0 -1.0 -1.0 -1.0 0.0 0.3504922383689903 0.30321358335219006 0.34629417827881953
9 237.0 0.0 -1.0 -1.0 -1.0 0.0 0.3497313130643638 0.3133049397996569 0.33696374713597926
9 238.0 0.0 -1.0 -1.0 -1.0 0.0 0.3439103859951364 0.32701209718531893 0.3290775168195448
9 239.0 0.0 -1.0 -1.0 -1.0 0.0 0.33486918021895307 0.32399546971066107 0.3411353500703857
9 240.0 0.0 -1.0 -1.0 -1.0 0.0 0.35173020406108846 0.33815453111899807 0.3101152648199134
9 241.0 0.0 -1.0 -1.0 -1.0 0.0 0.3319315253482246 0.32801489746632234 0.34005357718545326
9 242.0 0.0 -1.0 -1.0 -1.0 0.0 0.3360577133796916 0.3196090466010576 0.34433324001925064
9 243.0 0.0 -1.0 -1.0 -1.0 0.0 0.3430409381409889 0.290801121646439 0.36615794021257214
9 244.0 0.0 -1.0 -1.0 -1.0 0.0 0.36243384938937545 0.2906264767342275 0.3469396738763972
9 245.0 0.0 -1.0 -1.0 -1.0 0.0 0.36321119017250025 0.30780815194527156 0.32898065788222797
9 246.0 0.0 -1.0 -1.0 -1.0 0.0 0.3629879615722666 0.29430316876169554 0.3427088696660374
9 247.0 0.0 -1.0 -1.0 -1.0 0.0 0.3515252036933976 0.3122732051949473 0.336201591111655
9 248.0 0.0 -1.0 -1.0 -1.0 0.0 0.35127515316608493 0.32822994143787576 0.32049490539603953
9 249.0 0.0 -1.0 -1.0 -1.0 0.0 0.3404531135455639 0.3162739270610715 0.3432729593933646
9 250.0 0.0 -1.0 -1.0 -1.0 0.0 0.32586869615012803 0.33004464307217757 0.34408666077769445
9 251.0 0.0 -1.0 -1.0 -1.0 0.0 0.3436296741999631 0.306970868916424 0.3493994568836128
9 252.0 0.0 -1.0 -1.0 -1.0 0.0 0.31346232152224823 0.3033525081006155 0.3831851703771363
9 253.0 0.0 -1.0 -1.0 -1.0 0.0 0.3325350533180826 0.30930232712399136 0.3581626195579265
9 254.0 0.0 -1.0 -1.0 -1.0 0.0 0.30878979395551764 0.3286930277245851 0.3625171783198971
9 255.0 0.0 -1.0 -1.0 -1.0 0.0 0.2882706463587247 0.3253120574154274 0.38641729622584775
9 256.0 0.0 -1.0 -1.0 -1.0 0.0 0.3049256141826823 0.30543297519649426 0.3896414106208235
9 257.0 0.0 -1.0 -1.0 -1.0 0.0 0.32622243700478876 0.32016554708855144 0.3536120159066599
9 258.0 0.0 -1.0 -1.0 -1.0 0.0 0.34399916838768535 0.32480142189924743 0.3311994097130669
9 259.0 0.0 -1.0 -1.0 -1.0 0.0 0.3245038174912671 0.32698034596308007 0.34851583654565294
9 260.0 0.0 -1.0 -1.0 -1.0 0.0 0.3228927319461401 0.34148673548807856 0.3356205325657814
9 261.0 0.0 -1.0 -1.0 -1.0 0.0 0.31821457784808393 0.33747570992500975 0.34430971222690643
9 262.0 0.0 -1.0 -1.0 -1.0 0.0 0.32851454012834 0.33546429211103507 0.33602116776062524
9 263.0 0.0 -1.0 -1.0 -1.0 0.0 0.33104169850870646 0.3448473127938116 0.324110988697482
9 264.0 0.0 -1.0 -1.0 -1.0 0.0 0.36277433940560205 0.30665526390998205 0.3305703966844159
9 265.0 0.0 -1.0 -1.0 -1.0 0.0 0.36723017596632673 0.30623729702900904 0.326532527004664
9 266.0 0.0 -1.0 -1.0 -1.0 0.0 0.3748853633328194 0.32232554363010857 0.3027890930370719
9 267.0 0.0 -1.0 -1.0 -1.0 0.0 0.3822144280329083 0.30787813141454806 0.30990744055254377
9 268.0 0.0 -1.0 -1.0 -1.0 0.0 0.37101282763296856 0.34364818453879176 0.28533898782823963
9 269.0 0.0 -1.0 -1.0 -1.0 0.0 0.37806674950638075 0.34301123753789314 0.278922012955726
9 270.0 0.0 -1.0 -1.0 -1.0 0.0 0.3383934575194403 0.32832615612315735 0.33328038635740237
9 271.0 0.0 -1.0 -1.0 -1.0 0.0 0.3483073013464879 0.31559360223923716 0.33609909641427493
9 272.0 0.0 -1.0 -1.0 -1.0 0.0 0.36249539124431457 0.30699819415041046 0.33050641460527513
9 273.0 0.0 -1.0 -1.0 -1.0 0.0 0.35205534790922643 0.3141076794145391 0.3338369726762347
9 274.0 0.0 -1.0 -1.0 -1.0 0.0 0.33953207799743745 0.323553523954184 0.33691439804837847
9 275.0 0.0 -1.0 -1.0 -1.0 0.0 0.3252491735444837 0.34103352337529347 0.3337173030802226
9 276.0 0.0 -1.0 -1.0 -1.0 0.0 0.3000162328148434 0.36467355224819586 0.33531021493696067
9 277.0 0.0 -1.0 -1.0 -1.0 0.0 0.2947119603183671 0.33727854569436994 0.3680094939872631
9 278.0 0.0 -1.0 -1.0 -1.0 0.0 0.33239702236922336 0.3029315724667832 0.36467140516399366
9 279.0 0.0 -1.0 -1.0 -1.0 0.0 0.3086507727408052 0.3210765125574669 0.370272714701728
9 280.0 0.0 -1.0 -1.0 -1.0 0.0 0.31209548662478714 0.29746342544621873 0.39044108792899435
9 281.0 0.0 -1.0 -1.0 -1.0 0.0 0.3088045940346361 0.31152279898654894 0.37967260697881505
9 282.0 0.0 -1.0 -1.0 -1.0 0.0 0.32315164598850465 0.34949101400856053 0.3273573400029348
9 283.0 0.0 -1.0 -1.0 -1.0 0.0 0.3166099474625147 0.35803958699011124 0.32535046554737385
9 284.0 0.0 -1.0 -1.0 -1.0 0.0 0.31321357674012645 0.34225224621022354 0.3445341770496501
9 285.0 0.0 -1.0 -1.0 -1.0 0.0 0.3238995565606389 0.3415743706237141 0.33452607281564717
9 286.0 0.0 -1.0 -1.0 -1.0 0.0 0.297862090479688 0.3358090492027293 0.36632886031758277
9 287.0 0.0 -1.0 -1.0 -1.0 0.0 0.3005138158114235 0.36572569807570704 0.33376048611286957
9 288.0 0.0 -1.0 -1.0 -1.0 0.0 0.2773618926093596 0.388269890854919 0.3343682165357214
9 289.0 0.0 -1.0 -1.0 -1.0 0.0 0.31877838084694 0.3438300942860048 0.33739152486705515
9 290.0 0.0 -1.0 -1.0 -1.0 0.0 0.3160872631178173 0.34216320725170013 0.3417495296304821
9 291.0 0.0 -1.0 -1.0 -1.0 0.0 0.301528013523291 0.3353804458607824 0.36309154061592686
9 292.0 0.0 -1.0 -1.0 -1.0 0.0 0.2803938526359676 0.3696462791864129 0.34995986817761926
9 293.0 0.0 -1.0 -1.0 -1.0 0.0 0.30829020787911277 0.36154647678027985 0.33016331534060755
9 294.0 0.0 -1.0 -1.0 -1.0 0.0 0.32929550678376573 0.36855172530613933 0.30215276791009504
9 295.0 0.0 -1.0 -1.0 -1.0 0.0 0.3215261744911741 0.3755715572458241 0.30290226826300204
9 296.0 0.0 -1.0 -1.0 -1.0 0.0 0.3359938886784588 0.37171158920850694 0.29229452211303414
9 297.0 0.0 -1.0 -1.0 -1.0 0.0 0.38268736938523473 0.34786578175190735 0.26944684886285786
9 298.0 0.0 -1.0 -1.0 -1.0 0.0 0.3885673615714631 0.3638316023144836 0.2476010361140535
9 299.0 0.0 -1.0 -1.0 -1.0 0.0 0.4109296105411965 0.31824154365051394 0.2708288458082892
9 300.0 0.0 -1.0 -1.0 -1.0 0.0 0.406095505995446 0.3201416950354357 0.2737627989691181
9 301.0 0.0 -1.0 -1.0 -1.0 0.0 0.3931838938430861 0.31477360587847086 0.2920425002784429
9 302.0 0.0 -1.0 -1.0 -1.0 0.0 0.37363093812922515 0.3524071809459079 0.273961880924867
9 303.0 0.0 -1.0 -1.0 -1.0 0.0 0.40534668376664684 0.32211444213217244 0.2725388741011808
9 304.0 0.0 -1.0 -1.0 -1.0 0.0 0.39387372650792757 0.3083993403208294 0.2977269331712429
9 305.0 0.0 -1.0 -1.0 -1.0 0.0 0.3747489075230728 0.3179068672329347 0.3073442252439924
9 306.0 0.0 -1.0 -1.0 -1.0 0.0 0.3692417094453988 0.3022251121555518 0.32853317839904955
9 307.0 0.0 -1.0 -1.0 -1.0 0.0 0.3499874189710742 0.3193021634303455 0.3307104175985802
9 308.0 0.0 -1.0 -1.0 -1.0 0.0 0.2886183747406098 0.36802009022509624 0.3433615350342938
9 309.0 0.0 -1.0 -1.0 -1.0 0.0 0.30230758293970045 0.35014541187294257 0.34754700518735726
9 310.0 0.0 -1.0 -1.0 -1.0 0.0 0.3223288072845137 0.3682984249472333 0.30937276776825295
9 311.0 0.0 -1.0 -1.0 -1.0 0.0 0.33838508827799 0.34938799772202445 0.31222691399998537
9 312.0 0.0 -1.0 -1.0 -1.0 0.0 0.36226335646979974 0.35562614629745404 0.282110497232746
9 313.0 0.0 -1.0 -1.0 -1.0 0.0 0.35399276797912627 0.34431417646309936 0.3016930555577745
9 314.0 0.0 -1.0 -1.0 -1.0 0.0 0.35510832525718433 0.34471183547833734 0.30017983926447833
9 315.0 0.0 -1.0 -1.0 -1.0 0.0 0.33835092795639854 0.3615740987311414 0.30007497331246036
9 316.0 0.0 -1.0 -1.0 -1.0 0.0 0.3197808280054996 0.34875333578240786 0.33146583621209275
9 317.0 0.0 -1.0 -1.0 -1.0 0.0 0.30011360826018857 0.35846528731964106 0.3414211044201704
9 318.0 0.0 -1.0 -1.0 -1.0 0.0 0.31600060537605484 0.3422157805400616 0.3417836140838837
9 319.0 0.0 -1.0 -1.0 -1.0 0.0 0.35780038872264563 0.32596790933127245 0.3162317019460819
9 320.0 0.0 -1.0 -1.0 -1.0 0.0 0.3562655964961231 0.32676550095928547 0.3169689025445913
9 321.0 0.0 -1.0 -1.0 -1.0 0.0 0.3603742334700598 0.3325865388457533 0.30703922768418684
9 322.0 0.0 -1.0 -1.0 -1.0 0.0 0.32806301583273273 0.3367179912867133 0.3352189928805538
9 323.0 0.0 -1.0 -1.0 -1.0 0.0 0.34424127727532067 0.32729394928337885 0.3284647734413004
9 324.0 0.0 -1.0 -1.0 -1.0 0.0 0.3453003960333899 0.3411931898234897 0.3135064141431206
9 325.0 0.0 -1.0 -1.0 -1.0 0.0 0.3171930351998626 0.32725353236073684 0.3555534324394005
9 326.0 0.0 -1.0 -1.0 -1.0 0.0 0.3428979390233723 0.3099250816025692 0.34717697937405845
9 327.0 0.0 -1.0 -1.0 -1.0 0.0 0.33697637960907373 0.33830437058572527 0.32471924980520095
9 328.0 0.0 -1.0 -1.0 -1.0 0.0 0.30873241990354894 0.37156695258179745 0.3197006275146533
9 329.0 0.0 -1.0 -1.0 -1.0 0.0 0.3131351424323547 0.3351666641230775 0.3516981934445683
9 330.0 0.0 -1.0 -1.0 -1.0 0.0 0.3423708880280836 0.2941243672290724 0.36350474474284383
9 331.0 0.0 -1.0 -1.0 -1.0 0.0 0.35724946048621187 0.29386361412104267 0.34888692539274546
9 332.0 0.0 -1.0 -1.0 -1.0 0.0 0.3636080650795695 0.30333113923987054 0.3330607956805598
9 333.0 0.0 -1.0 -1.0 -1.0 0.0 0.35966338547486115 0.32661423563457204 0.31372237889056653
9 334.0 0.0 -1.0 -1.0 -1.0 0.0 0.375761446744894 0.31877187315973965 0.30546668009536654
9 335.0 0.0 -1.0 -1.0 -1.0 0.0 0.40353160225507084 0.2945770920764985 0.3018913056684309
9 336.0 0.0 -1.0 -1.0 -1.0 0.0 0.3732123048008769 0.30980351093170116 0.3169841842674219
9 337.0 0.0 -1.0 -1.0 -1.0 0.0 0.36637833768462064 0.3306228149822641 0.30299884733311533
9 338.0 0.0 -1.0 -1.0 -1.0 0.0 0.36710436711024413 0.3480809513277984 0.2848146815619572
9 339.0 0.0 -1.0 -1.0 -1.0 0.0 0.33949745313176133 0.37813070261501897 0.2823718442532201
9 340.0 0.0 -1.0 -1.0 -1.0 0.0 0.32802299707658256 0.38448520136766695 0.28749180155575066
9 341.0 0.0 -1.0 -1.0 -1.0 0.0 0.34213464252042586 0.35759629119874314 0.30026906628083094
9 342.0 0.0 -1.0 -1.0 -1.0 0.0 0.30815291902669356 0.36897822751298187 0.3228688534603246
9 343.0 0.0 -1.0 -1.0 -1.0 0.0 0.3099867376596324 0.3570977290286321 0.3329155333117353
9 344.0 0.0 -1.0 -1.0 -1.0 0.0 0.30117313724736566 0.38241298801065327 0.31641387474198096
9 345.0 0.0 -1.0 -1.0 -1.0 0.0 0.30354636001339597 0.38459331322615264 0.31186032676045145
9 346.0 0.0 -1.0 -1.0 -1.0 0.0 0.3314997714088872 0.35318992298386476 0.31531030560724826
9 347.0 0.0 -1.0 -1.0 -1.0 0.0 0.32888431389605005 0.3819042199767519 0.28921146612719806
9 348.0 0.0 -1.0 -1.0 -1.0 0.0 0.33139299368889685 0.36499153849378485 0.30361546781731813
9 349.0 0.0 -1.0 -1.0 -1.0 0.0 0.3198354808954849 0.3472735094453108 0.3328910096592044
9 350.0 0.0 -1.0 -1.0 -1.0 0.0 0.33149560663424876 0.3456736796702504 0.3228307136955011
9 351.0 0.0 -1.0 -1.0 -1.0 0.0 0.2895945721264022 0.3483880582022511 0.3620173696713466
9 352.0 0.0 -1.0 -1.0 -1.0 0.0 0.2942389002866246 0.32516096608236444 0.3806001336310111
9 353.0 0.0 -1.0 -1.0 -1.0 0.0 0.31169104644208573 0.3101732715893759 0.3781356819685381
9 354.0 0.0 -1.0 -1.0 -1.0 0.0 0.3333569104980796 0.32306144250711705 0.34358164699480365
9 355.0 0.0 -1.0 -1.0 -1.0 0.0 0.335514052338442 0.34219006377847483 0.3222958838830833
9 356.0 0.0 -1.0 -1.0 -1.0 0.0 0.35585491708398465 0.3358853429944378 0.30825973992157735
9 357.0 0.0 -1.0 -1.0 -1.0 0.0 0.34429617174806654 0.3393184823177846 0.316385345934149
9 358.0 0.0 -1.0 -1.0 -1.0 0.0 0.3365383289946675 0.34327559129566654 0.3201860797096659
9 359.0 0.0 -1.0 -1.0 -1.0 0.0 0.3298698855858475 0.3519118189142759 0.3182182954998768
9 360.0 0.0 -1.0 -1.0 -1.0 0.0 0.33595701586290533 0.3336671213189339 0.33037586281816095
9 361.0 0.0 -1.0 -1.0 -1.0 0.0 0.3255740169968921 0.34274039868155093 0.3316855843215569
9 362.0 0.0 -1.0 -1.0 -1.0 0.0 0.33469028807287876 0.32876777685831504 0.33654193506880625
9 363.0 0.0 -1.0 -1.0 -1.0 0.0 0.3457825719479876 0.31625456095320176 0.33796286709881057
9 364.0 0.0 -1.0 -1.0 -1.0 0.0 0.3263894066021208 0.33050877903853243 0.3431018143593467
9 365.0 0.0 -1.0 -1.0 -1.0 0.0 0.3341913482131573 0.32061561933487176 0.345193032451971
9 366.0 0.0 -1.0 -1.0 -1.0 0.0 0.31699255794990994 0.3110509869163119 0.3719564551337782
9 367.0 0.0 -1.0 -1.0 -1.0 0.0 0.3057395845126126 0.34915731792423266 0.34510309756315477
9 368.0 0.0 -1.0 -1.0 -1.0 0.0 0.3269652326222892 0.3413602959982553 0.3316744713794555
9 369.0 0.0 -1.0 -1.0 -1.0 0.0 0.3353602697819724 0.35000339611344783 0.31463633410458
9 370.0 0.0 -1.0 -1.0 -1.0 0.0 0.34789980590314223 0.3398797455908171 0.31222044850604064
9 371.0 0.0 -1.0 -1.0 -1.0 0.0 0.3443480716082315 0.32505005671631104 0.3306018716754575
9 372.0 0.0 -1.0 -1.0 -1.0 0.0 0.36301970825941027 0.33931913425634797 0.29766115748424143
9 373.0 0.0 -1.0 -1.0 -1.0 0.0 0.35589324430187597 0.34610655645780886 0.298000199240315
9 374.0 0.0 -1.0 -1.0 -1.0 0.0 0.3875437836130348 0.3335179172304652 0.27893829915649976
9 375.0 0.0 -1.0 -1.0 -1.0 0.0 0.393150307900375 0.31433760468252786 0.2925120874170972
9 376.0 0.0 -1.0 -1.0 -1.0 0.0 0.38207110079859613 0.32847434374148393 0.2894545554599198
9 377.0 0.0 -1.0 -1.0 -1.0 0.0 0.3654812193844769 0.3305312253324872 0.3039875552830357
9 378.0 0.0 -1.0 -1.0 -1.0 0.0 0.35773683411248236 0.33740863064674964 0.3048545352407681
9 379.0 0.0 -1.0 -1.0 -1.0 0.0 0.34118069996631273 0.33711130063305383 0.3217079994006336
9 380.0 0.0 -1.0 -1.0 -1.0 0.0 0.3527198087736061 0.3249492110483244 0.3223309801780694
9 381.0 0.0 -1.0 -1.0 -1.0 0.0 0.33756508444435235 0.3459499445373162 0.3164849710183316
9 382.0 0.0 -1.0 -1.0 -1.0 0.0 0.3206896401016886 0.35817247490128024 0.3211378849970313
9 383.0 0.0 -1.0 -1.0 -1.0 0.0 0.3109895690805084 0.3647549841993639 0.32425544672012774
9 384.0 0.0 -1.0 -1.0 -1.0 0.0 0.28256380901567335 0.3832025102863386 0.3342336806979882
9 385.0 0.0 -1.0 -1.0 -1.0 0.0 0.301675749388064 0.3615652634115208 0.336758987200415
9 386.0 0.0 -1.0 -1.0 -1.0 0.0 0.2950078936163314 0.3760318127121881 0.3289602936714804
9 387.0 0.0 -1.0 -1.0 -1.0 0.0 0.303274732102712 0.3414195582351973 0.35530570966209063
9 388.0 0.0 -1.0 -1.0 -1.0 0.0 0.3006781356114947 0.3498618348423209 0.34946002954618444
9 389.0 0.0 -1.0 -1.0 -1.0 0.0 0.33444578386317225 0.3430936118467088 0.32246060429011897
9 390.0 0.0 -1.0 -1.0 -1.0 0.0 0.3137479541918076 0.34780006097993327 0.3384519848282593
9 391.0 0.0 -1.0 -1.0 -1.0 0.0 0.30271390229963535 0.33835999152030105 0.3589261061800634
9 392.0 0.0 -1.0 -1.0 -1.0 0.0 0.306737272106821 0.3371443920112872 0.3561183358818916
9 393.0 0.0 -1.0 -1.0 -1.0 0.0 0.3179700131973792 0.33712625074804303 0.3449037360545777
9 394.0 0.0 -1.0 -1.0 -1.0 0.0 0.3039098751856372 0.344388854748251 0.35170127006611196
9 395.0 0.0 -1.0 -1.0 -1.0 0.0 0.29267741440021977 0.3509921204418103 0.35633046515797007
9 396.0 0.0 -1.0 -1.0 -1.0 0.0 0.2989365219606812 0.35015901385486553 0.35090446418445326
9 397.0 0.0 -1.0 -1.0 -1.0 0.0 0.2933880824962185 0.3609331181080955 0.3456787993956859
9 398.0 0.0 -1.0 -1.0 -1.0 0.0 0.31735709624220243 0.3683328438313722 0.3143100599264255
9 399.0 0.0 -1.0 -1.0 -1.0 0.0 0.33303921093471955 0.3580274507288938 0.3089333383363867
9 400.0 0.0 -1.0 -1.0 -1.0 0.0 0.3278498288586939 0.35051094409033395 0.3216392270509719
9 401.0 0.0 -1.0 -1.0 -1.0 0.0 0.29900423285712385 0.35279520169990664 0.34820056544296935
9 402.0 0.0 -1.0 -1.0 -1.0 0.0 0.30278884249847965 0.36534899975626167 0.3318621577452586
9 403.0 0.0 -1.0 -1.0 -1.0 0.0 0.3013338336369975 0.38267050410564785 0.3159956622573548
9 404.0 0.0 -1.0 -1.0 -1.0 0.0 0.3024847907810221 0.3667407920582441 0.33077441716073386
9 405.0 0.0 -1.0 -1.0 -1.0 0.0 0.28322175269205224 0.38525580608706744 0.3315224412208802
9 406.0 0.0 -1.0 -1.0 -1.0 0.0 0.28592677193960137 0.37673369510750143 0.33733953295289715
9 407.0 0.0 -1.0 -1.0 -1.0 0.0 0.29003997342293636 0.37034156026573684 0.3396184663113269
9 408.0 0.0 -1.0 -1.0 -1.0 0.0 0.3093275191353476 0.3719417287807463 0.31873075208390583
9 409.0 0.0 -1.0 -1.0 -1.0 0.0 0.3239173224050691 0.3285596622241897 0.34752301537074115
9 410.0 0.0 -1.0 -1.0 -1.0 0.0 0.3203428012351861 0.3284106417636592 0.3512465570011544
9 411.0 0.0 -1.0 -1.0 -1.0 0.0 0.32028208448451806 0.3345465033839873 0.34517141213149477
9 412.0 0.0 -1.0 -1.0 -1.0 0.0 0.319905169401587 0.3469991118028571 0.333095718795556
9 413.0 0.0 -1.0 -1.0 -1.0 0.0 0.32259608489117086 0.33018296656050433 0.3472209485483249
9 414.0 0.0 -1.0 -1.0 -1.0 0.0 0.3222610538798748 0.30959092369067137 0.3681480224294535
9 415.0 0.0 -1.0 -1.0 -1.0 0.0 0.32514481744560997 0.3262431679464944 0.34861201460789537
9 416.0 0.0 -1.0 -1.0 -1.0 0.0 0.34324683763586594 0.32872358688855 0.3280295754755841
9 417.0 0.0 -1.0 -1.0 -1.0 0.0 0.32627566917946355 0.34150120777382803 0.33222312304670853
9 418.0 0.0 -1.0 -1.0 -1.0 0.0 0.3601324973289607 0.31915977288372926 0.32070772978730994
9 419.0 0.0 -1.0 -1.0 -1.0 0.0 0.3733237376966144 0.3189256392573804 0.30775062304600476
9 420.0 0.0 -1.0 -1.0 -1.0 0.0 0.35669167800907486 0.31077953739642644 0.3325287845944986
9 421.0 0.0 -1.0 -1.0 -1.0 0.0 0.3378964666955989 0.3106439334910232 0.351459599813378
9 422.0 0.0 -1.0 -1.0 -1.0 0.0 0.34826436585548426 0.2923794236132115 0.3593562105313041
9 423.0 0.0 -1.0 -1.0 -1.0 0.0 0.340921760497316 0.32072782265931615 0.3383504168433679
9 424.0 0.0 -1.0 -1.0 -1.0 0.0 0.32715468983536655 0.31866675465350225 0.3541785555111312
9 425.0 0.0 -1.0 -1.0 -1.0 0.0 0.3525721833557883 0.29550575340670193 0.35192206323750985
9 426.0 0.0 -1.0 -1.0 -1.0 0.0 0.31961364580503315 0.29895131614516435 0.3814350380498022
9 427.0 0.0 -1.0 -1.0 -1.0 0.0 0.33863447607645514 0.295278352357915 0.3660871715656298
9 428.0 0.0 -1.0 -1.0 -1.0 0.0 0.35517207103004333 0.3001143697875045 0.3447135591824523
9 429.0 0.0 -1.0 -1.0 -1.0 0.0 0.34601214053752444 0.3114319931570262 0.34255586630544954
9 430.0 0.0 -1.0 -1.0 -1.0 0.0 0.36331118787476635 0.3426933348869957 0.2939954772382381
9 431.0 0.0 -1.0 -1.0 -1.0 0.0 0.35780937063328044 0.3435094486177257 0.29868118074899364
9 432.0 0.0 -1.0 -1.0 -1.0 0.0 0.34075936768167314 0.3450398792316627 0.3142007530866642
9 433.0 0.0 -1.0 -1.0 -1.0 0.0 0.3387538625523099 0.31632988982188354 0.34491624762580647
9 434.0 0.0 -1.0 -1.0 -1.0 0.0 0.3282823701441533 0.32041481254215076 0.35130281731369595
9 435.0 0.0 -1.0 -1.0 -1.0 0.0 0.329516171170754 0.3171668149369821 0.3533170138922636
9 436.0 0.0 -1.0 -1.0 -1.0 0.0 0.3332843477882841 0.3346768588136272 0.3320387933980886
9 437.0 0.0 -1.0 -1.0 -1.0 0.0 0.3450610916696158 0.3118330123784947 0.34310589595188934
9 438.0 0.0 -1.0 -1.0 -1.0 0.0 0.3501651855672682 0.30166519555079657 0.34816961888193504
9 439.0 0.0 -1.0 -1.0 -1.0 0.0 0.3506873657621072 0.3223740557865491 0.32693857845134383
9 440.0 0.0 -1.0 -1.0 -1.0 0.0 0.3568387290497095 0.345641930041986 0.29751934090830445
9 441.0 0.0 -1.0 -1.0 -1.0 0.0 0.3573222131695802 0.3291269427342847 0.31355084409613476
9 442.0 0.0 -1.0 -1.0 -1.0 0.0 0.3203728769236384 0.3560651509818106 0.32356197209455123
9 443.0 0.0 -1.0 -1.0 -1.0 0.0 0.3028541887495546 0.3613695132372596 0.3357762980131856
9 444.0 0.0 -1.0 -1.0 -1.0 0.0 0.2905430445242848 0.34970888882771684 0.35974806664799835
9 445.0 0.0 -1.0 -1.0 -1.0 0.0 0.29837878877267904 0.3589973286585576 0.34262388256876347
9 446.0 0.0 -1.0 -1.0 -1.0 0.0 0.30101704401453655 0.33968967296211816 0.3592932830233452
9 447.0 0.0 -1.0 -1.0 -1.0 0.0 0.3094333411232713 0.3541104465555496 0.33645621232117895
9 448.0 0.0 -1.0 -1.0 -1.0 0.0 0.3128809089933478 0.3561848848825392 0.33093420612411295
9 449.0 0.0 -1.0 -1.0 -1.0 0.0 0.3287517738894226 0.35043750209891233 0.32081072401166516
9 450.0 0.0 -1.0 -1.0 -1.0 0.0 0.3526038607534296 0.32987550471624216 0.317520634530328
9 451.0 0.0 -1.0 -1.0 -1.0 0.0 0.3553001929240817 0.3115332558412469 0.3331665512346715
9 452.0 0.0 -1.0 -1.0 -1.0 0.0 0.36527439835137643 0.2913268340467862 0.3433987676018374
9 453.0 0.0 -1.0 -1.0 -1.0 0.0 0.3520904267819811 0.3146303427830851 0.3332792304349338
9 454.0 0.0 -1.0 -1.0 -1.0 0.0 0.3841102000461389 0.3261045769050245 0.2897852230488367
9 455.0 0.0 -1.0 -1.0 -1.0 0.0 0.38592559146512767 0.33521311628459843 0.2788612922502737
9 456.0 0.0 -1.0 -1.0 -1.0 0.0 0.3767747192397237 0.3094807198396087 0.3137445609206675
9 457.0 0.0 -1.0 -1.0 -1.0 0.0 0.3872861550664499 0.2568677292633102 0.3558461156702398
9 458.0 0.0 -1.0 -1.0 -1.0 0.0 0.34868702294450427 0.27984912799322537 0.37146384906227026
9 459.0 0.0 -1.0 -1.0 -1.0 0.0 0.32978275378071914 0.2892670169309756 0.38095022928830535
9 460.0 0.0 -1.0 -1.0 -1.0 0.0 0.325767402354074 0.3100012314138527 0.36423136623207325
9 461.0 0.0 -1.0 -1.0 -1.0 0.0 0.32865118834353746 0.31438657044701823 0.35696224120944464
9 462.0 0.0 -1.0 -1.0 -1.0 0.0 0.3723625498290041 0.28613005081221543 0.34150739935878066
9 463.0 0.0 -1.0 -1.0 -1.0 0.0 0.36470569786233603 0.29812242367513936 0.33717187846252444
9 464.0 0.0 -1.0 -1.0 -1.0 0.0 0.3412104392844486 0.30883207264698787 0.34995748806856347
9 465.0 0.0 -1.0 -1.0 -1.0 0.0 0.35699618555604956 0.29960306942598325 0.3434007450179672
9 466.0 0.0 -1.0 -1.0 -1.0 0.0 0.342119193731213 0.3041732019538977 0.35370760431488935
9 467.0 0.0 -1.0 -1.0 -1.0 0.0 0.33285807018477476 0.3083206062685948 0.35882132354663065
9 468.0 0.0 -1.0 -1.0 -1.0 0.0 0.3330967959728159 0.3136685266265338 0.35323467740065034
9 469.0 0.0 -1.0 -1.0 -1.0 0.0 0.3334528295775401 0.3383750680766617 0.3281721023457985
9 470.0 0.0 -1.0 -1.0 -1.0 0.0 0.32874242608659676 0.3282340126975455 0.3430235612158575
9 471.0 0.0 -1.0 -1.0 -1.0 0.0 0.3232248267168138 0.32610233109170794 0.3506728421914785
9 472.0 0.0 -1.0 -1.0 -1.0 0.0 0.34297032695879004 0.3065426337598316 0.3504870392813783
9 473.0 0.0 -1.0 -1.0 -1.0 0.0 0.3557433690229835 0.3087054769803773 0.3355511539966392
9 474.0 0.0 -1.0 -1.0 -1.0 0.0 0.3667846676451248 0.31982486772801194 0.3133904646268634
9 475.0 0.0 -1.0 -1.0 -1.0 0.0 0.3651218898723918 0.3300189532216503 0.3048591569059578
9 476.0 0.0 -1.0 -1.0 -1.0 0.0 0.33657632750187993 0.33566786924857156 0.3277558032495486
9 477.0 0.0 -1.0 -1.0 -1.0 0.0 0.3314937085675833 0.3228549549686235 0.34565133646379353
9 478.0 0.0 -1.0 -1.0 -1.0 0.0 0.31820563210081304 0.3064334719583541 0.37536089594083305
9 479.0 0.0 -1.0 -1.0 -1.0 0.0 0.3023168729299176 0.2993336724802408 0.39834945458984167
9 480.0 0.0 -1.0 -1.0 -1.0 0.0 0.3104426357158995 0.30258720357254476 0.3869701607115558
9 481.0 0.0 -1.0 -1.0 -1.0 0.0 0.3372947210171217 0.3075017640444181 0.35520351493846003
9 482.0 0.0 -1.0 -1.0 -1.0 0.0 0.34188442340278935 0.3195668204246002 0.33854875617261043
9 483.0 0.0 -1.0 -1.0 -1.0 0.0 0.3411136421430122 0.31871013906457385 0.34017621879241405
9 484.0 0.0 -1.0 -1.0 -1.0 0.0 0.33694103776002376 0.32700792801351575 0.33605103422646043
9 485.0 0.0 -1.0 -1.0 -1.0 0.0 0.34544540621828623 0.3264043810863367 0.328150212695377
9 486.0 0.0 -1.0 -1.0 -1.0 0.0 0.36547618960224276 0.297442186347673 0.33708162405008435
9 487.0 0.0 -1.0 -1.0 -1.0 0.0 0.34222545076805333 0.2956965823298983 0.3620779669020486
9 488.0 0.0 -1.0 -1.0 -1.0 0.0 0.3346953355789474 0.319655172685933 0.3456494917351193
9 489.0 0.0 -1.0 -1.0 -1.0 0.0 0.3633077631520074 0.3169479966002239 0.3197442402477688
9 490.0 0.0 -1.0 -1.0 -1.0 0.0 0.3366916820618336 0.3328718808687321 0.33043643706943426
9 491.0 0.0 -1.0 -1.0 -1.0 0.0 0.3619763817497347 0.32227415663672404 0.3157494616135414
9 492.0 0.0 -1.0 -1.0 -1.0 0.0 0.3363278332334527 0.3181197908879322 0.34555237587861526
9 493.0 0.0 -1.0 -1.0 -1.0 0.0 0.3189259866020334 0.34635840027550785 0.33471561312245846
9 494.0 0.0 -1.0 -1.0 -1.0 0.0 0.3154933312891425 0.3422574664368049 0.3422492022740526
9 495.0 0.0 -1.0 -1.0 -1.0 0.0 0.3215886658907357 0.3261719604661505 0.35223937364311375
9 496.0 0.0 -1.0 -1.0 -1.0 0.0 0.34461721865527173 0.3289311168380437 0.3264516645066844
9 497.0 0.0 -1.0 -1.0 -1.0 0.0 0.3379564203087504 0.34632510018059903 0.3157184795106505
9 498.0 0.0 -1.0 -1.0 -1.0 0.0 0.3191139435692624 0.35825355404931536 0.3226325023814221
9 499.0 0.0 -1.0 -1.0 -1.0 0.0 0.3016661653899904 0.3468495399320553 0.3514842946779545
9 500.0 0.0 -1.0 -1.0 -1.0 0.0 0.2926435894666243 0.3536900584316553 0.35366635210172076
9 501.0 0.0 -1.0 -1.0 -1.0 0.0 0.3162298264550593 0.34972703023731244 0.33404314330762824
9 502.0 0.0 -1.0 -1.0 -1.0 0.0 0.32558441677146377 0.3204692004907043 0.3539463827378316
9 503.0 0.0 -1.0 -1.0 -1.0 0.0 0.3430474962461584 0.3228055071022093 0.33414699665163233
9 504.0 0.0 -1.0 -1.0 -1.0 0.0 0.35527760730468716 0.3058170839336351 0.33890530876167807
9 505.0 0.0 -1.0 -1.0 -1.0 0.0 0.35039019007968597 0.3087191637827071 0.3408906461376069
9 506.0 0.0 -1.0 -1.0 -1.0 0.0 0.3632630487629932 0.30732659684223795 0.3294103543947686
9 507.0 0.0 -1.0 -1.0 -1.0 0.0 0.3737512262770523 0.3036511310962569 0.3225976426266908
9 508.0 0.0 -1.0 -1.0 -1.0 0.0 0.3642840347791343 0.29381603298978287 0.3418999322310827
9 509.0 0.0 -1.0 -1.0 -1.0 0.0 0.3574754142169829 0.28357381064372633 0.35895077513929075
9 510.0 0.0 -1.0 -1.0 -1.0 0.0 0.3548994714575508 0.28516074899140553 0.3599397795510437
9 511.0 0.0 -1.0 -1.0 -1.0 0.0 0.33337201741772127 0.31797526501833273 0.34865271756394606
9 512.0 0.0 -1.0 -1.0 -1.0 0.0 0.34567819825977475 0.30906306668369565 0.34525873505652954
9 513.0 0.0 -1.0 -1.0 -1.0 0.0 0.34982829176640584 0.30394795384479817 0.346223754388796
9 514.0 0.0 -1.0 -1.0 -1.0 0.0 0.335207831344384 0.3249101011577808 0.33988206749783545
9 515.0 0.0 -1.0 -1.0 -1.0 0.0 0.36490130354218925 0.3034942640869886 0.33160443237082193
9 516.0 0.0 -1.0 -1.0 -1.0 0.0 0.3729057938489218 0.3138232929374059 0.3132709132136722
9 517.0 0.0 -1.0 -1.0 -1.0 0.0 0.3887992888482686 0.3092225870033024 0.301978124148429
9 518.0 0.0 -1.0 -1.0 -1.0 0.0 0.39086901478386193 0.31604205879132263 0.29308892642481527
9 519.0 0.0 -1.0 -1.0 -1.0 0.0 0.38586878123912316 0.3073267477241853 0.30680447103669156
9 520.0 0.0 -1.0 -1.0 -1.0 0.0 0.3762607194972707 0.3120494132535974 0.31168986724913184
9 521.0 0.0 -1.0 -1.0 -1.0 0.0 0.37448363118348077 0.3108685325391647 0.3146478362773545
9 522.0 0.0 -1.0 -1.0 -1.0 0.0 0.4003391000410217 0.2958691598344218 0.3037917401245568
9 523.0 0.0 -1.0 -1.0 -1.0 0.0 0.37202550735947193 0.30696796416775884 0.32100652847276906
9 524.0 0.0 -1.0 -1.0 -1.0 0.0 0.32729507829483034 0.32766063358263237 0.3450442881225375
9 525.0 0.0 -1.0 -1.0 -1.0 0.0 0.3346837313357509 0.328642538582627 0.3366737300816221
9 526.0 0.0 -1.0 -1.0 -1.0 0.0 0.33439209006980264 0.30728183891532324 0.35832607101487407
9 527.0 0.0 -1.0 -1.0 -1.0 0.0 0.3468652616466483 0.3280874347822862 0.3250473035710653
9 528.0 0.0 -1.0 -1.0 -1.0 0.0 0.3573780593450813 0.340951832629526 0.3016701080253927
9 529.0 0.0 -1.0 -1.0 -1.0 0.0 0.3710316913456188 0.32355139678490213 0.30541691186947895
9 530.0 0.0 -1.0 -1.0 -1.0 0.0 0.35078930857236396 0.3648881684171171 0.2843225230105189
9 531.0 0.0 -1.0 -1.0 -1.0 0.0 0.33203080272661656 0.34910839627702905 0.31886080099635444
9 532.0 0.0 -1.0 -1.0 -1.0 0.0 0.35064256877530275 0.32759590169073816 0.3217615295339591
9 533.0 0.0 -1.0 -1.0 -1.0 0.0 0.3454139618958408 0.3352233035593312 0.3193627345448282
9 534.0 0.0 -1.0 -1.0 -1.0 0.0 0.34412431472463334 0.3236343925734193 0.3322412927019475
9 535.0 0.0 -1.0 -1.0 -1.0 0.0 0.3651058592007773 0.2918532919650948 0.343040848834128
9 536.0 0.0 -1.0 -1.0 -1.0 0.0 0.374799646353186 0.28466605944309464 0.34053429420371906
9 537.0 0.0 -1.0 -1.0 -1.0 0.0 0.393786096091167 0.2778513500631291 0.32836255384570395
9 538.0 0.0 -1.0 -1.0 -1.0 0.0 0.39441450219002355 0.2984683414213698 0.30711715638860676
9 539.0 0.0 -1.0 -1.0 -1.0 0.0 0.3492720388039807 0.3178832889311283 0.332844672264891
9 540.0 0.0 -1.0 -1.0 -1.0 0.0 0.3171863908816191 0.30900380492716867 0.37380980419121207
9 541.0 0.0 -1.0 -1.0 -1.0 0.0 0.33310694105525007 0.3067665710779752 0.36012648786677465
9 542.0 0.0 -1.0 -1.0 -1.0 0.0 0.3208680567640652 0.3310280369437831 0.3481039062921517
9 543.0 0.0 -1.0 -1.0 -1.0 0.0 0.3348546079225152 0.3285483048000809 0.3365970872774039
9 544.0 0.0 -1.0 -1.0 -1.0 0.0 0.33220911593951685 0.35141417908925393 0.31637670497122916
9 545.0 0.0 -1.0 -1.0 -1.0 0.0 0.3286676726301977 0.3443879845455774 0.32694434282422513
9 546.0 0.0 -1.0 -1.0 -1.0 0.0 0.33210401245532156 0.3467790271847472 0.3211169603599312
9 547.0 0.0 -1.0 -1.0 -1.0 0.0 0.3325683514320092 0.3496614619663393 0.3177701866016514
9 548.0 0.0 -1.0 -1.0 -1.0 0.0 0.36820597204060823 0.3147466501161403 0.3170473778432514
9 549.0 0.0 -1.0 -1.0 -1.0 0.0 0.3435999024508055 0.32557208767501367 0.330828009874181
9 550.0 0.0 -1.0 -1.0 -1.0 0.0 0.33539560826502246 0.3250715155325922 0.33953287620238526
9 551.0 0.0 -1.0 -1.0 -1.0 0.0 0.3348967800079567 0.33138684475465924 0.3337163752373843
9 552.0 0.0 -1.0 -1.0 -1.0 0.0 0.3279994532768616 0.33546083580601727 0.3365397109171209
9 553.0 0.0 -1.0 -1.0 -1.0 0.0 0.3226112902210999 0.3527880760944241 0.3246006336844761
9 554.0 0.0 -1.0 -1.0 -1.0 0.0 0.3249608089593311 0.3549952167391325 0.3200439743015363
9 555.0 0.0 -1.0 -1.0 -1.0 0.0 0.36198539947062947 0.3348988425189781 0.3031157580103925
9 556.0 0.0 -1.0 -1.0 -1.0 0.0 0.33678929767957394 0.34472081058032644 0.3184898917400995
9 557.0 0.0 -1.0 -1.0 -1.0 0.0 0.3363587466638957 0.3491734989851555 0.31446775435094887
9 558.0 0.0 -1.0 -1.0 -1.0 0.0 0.3330430801822146 0.3562436749324476 0.3107132448853379
9 559.0 0.0 -1.0 -1.0 -1.0 0.0 0.3320581565936899 0.3625093957610195 0.30543244764529065
9 560.0 0.0 -1.0 -1.0 -1.0 0.0 0.31901502208949506 0.34147119282223976 0.3395137850882651
9 561.0 0.0 -1.0 -1.0 -1.0 0.0 0.3123766675676018 0.3301041114321352 0.35751922100026307
9 562.0 0.0 -1.0 -1.0 -1.0 0.0 0.3141973389277463 0.335775718636563 0.35002694243569066
9 563.0 0.0 -1.0 -1.0 -1.0 0.0 0.30169187336855036 0.3713210180600842 0.32698710857136526
9 564.0 0.0 -1.0 -1.0 -1.0 0.0 0.3016239217804728 0.36408018604562575 0.3342958921739011
9 565.0 0.0 -1.0 -1.0 -1.0 0.0 0.29943047079088425 0.36888169897572337 0.33168783023339243
9 566.0 0.0 -1.0 -1.0 -1.0 0.0 0.3012975918113173 0.37037274931505415 0.32832965887362847
9 567.0 0.0 -1.0 -1.0 -1.0 0.0 0.32009792946194016 0.3398919171510657 0.34001015338699436
9 568.0 0.0 -1.0 -1.0 -1.0 0.0 0.3092593499941948 0.3417428497859152 0.3489978002198902
9 569.0 0.0 -1.0 -1.0 -1.0 0.0 0.3391918941455708 0.3098198203667989 0.3509882854876302
9 570.0 0.0 -1.0 -1.0 -1.0 0.0 0.31804550612026417 0.32163480804774125 0.3603196858319944
9 571.0 0.0 -1.0 -1.0 -1.0 0.0 0.32627468962726974 0.32583920176671843 0.34788610860601177
9 572.0 0.0 -1.0 -1.0 -1.0 0.0 0.29811245375305856 0.3358588880419904 0.36602865820495095
9 573.0 0.0 -1.0 -1.0 -1.0 0.0 0.30908431243013795 0.33536130291709726 0.3555543846527649
9 574.0 0.0 -1.0 -1.0 -1.0 0.0 0.3127682526018825 0.32435820835184564 0.36287353904627184
9 575.0 0.0 -1.0 -1.0 -1.0 0.0 0.32530126155542083 0.32031661949663337 0.35438211894794575
9 576.0 0.0 -1.0 -1.0 -1.0 0.0 0.3357449358645088 0.30495472825354897 0.35930033588194255
9 577.0 0.0 -1.0 -1.0 -1.0 0.0 0.3271206215354168 0.3054682753885234 0.36741110307605956
9 578.0 0.0 -1.0 -1.0 -1.0 0.0 0.3045020467479717 0.3320025355340579 0.36349541771797034
9 579.0 0.0 -1.0 -1.0 -1.0 0.0 0.322187028962952 0.35884502028406584 0.31896795075298223
9 580.0 0.0 -1.0 -1.0 -1.0 0.0 0.33752668987087076 0.35745492815021607 0.3050183819789132
9 581.0 0.0 -1.0 -1.0 -1.0 0.0 0.34116717971031496 0.3505578790075974 0.30827494128208743
9 582.0 0.0 -1.0 -1.0 -1.0 0.0 0.34324909848278345 0.3467708358223932 0.30998006569482317
9 583.0 0.0 -1.0 -1.0 -1.0 0.0 0.34880955488467036 0.35733935527241606 0.2938510898429137
9 584.0 0.0 -1.0 -1.0 -1.0 0.0 0.32678441061938945 0.33068863873587157 0.342526950644739
9 585.0 0.0 -1.0 -1.0 -1.0 0.0 0.3103648159928859 0.34202876483157013 0.34760641917554397
9 586.0 0.0 -1.0 -1.0 -1.0 0.0 0.31191303595427283 0.3445911996809323 0.3434957643647951
9 587.0 0.0 -1.0 -1.0 -1.0 0.0 0.3446284592477095 0.3449687830372975 0.31040275771499304
9 588.0 0.0 -1.0 -1.0 -1.0 0.0 0.33245705110051993 0.33518696622704774 0.3323559826724325
9 589.0 0.0 -1.0 -1.0 -1.0 0.0 0.35427251683742883 0.31800213479507555 0.32772534836749556
9 590.0 0.0 -1.0 -1.0 -1.0 0.0 0.32439667242006015 0.353381161802052 0.32222216577788787
9 591.0 0.0 -1.0 -1.0 -1.0 0.0 0.35088259285639917 0.3132296667083234 0.3358877404352773
9 592.0 0.0 -1.0 -1.0 -1.0 0.0 0.3518654151125827 0.3323395926527191 0.3157949922346981
9 593.0 0.0 -1.0 -1.0 -1.0 0.0 0.330990354674773 0.35295607236122106 0.3160535729640061
9 594.0 0.0 -1.0 -1.0 -1.0 0.0 0.314391795714328 0.34838910102726073 0.3372191032584109
9 595.0 0.0 -1.0 -1.0 -1.0 0.0 0.321498474210129 0.35538344320437787 0.32311808258549307
9 596.0 0.0 -1.0 -1.0 -1.0 0.0 0.2997565822148979 0.34871183139514067 0.351531586389961
9 597.0 0.0 -1.0 -1.0 -1.0 0.0 0.26132197259915657 0.3804874892528343 0.3581905381480091
9 598.0 0.0 -1.0 -1.0 -1.0 0.0 0.26176558275046513 0.3900284779376165 0.3482059393119183
9 599.0 0.0 -1.0 -1.0 -1.0 0.0 0.2888219478813395 0.36134962302857465 0.3498284290900858
9 600.0 0.0 -1.0 -1.0 -1.0 0.0 0.2791870107304495 0.349401915301874 0.37141107396767636
9 601.0 0.0 -1.0 -1.0 -1.0 0.0 0.2851014874748323 0.35008587216428905 0.3648126403608783
9 602.0 0.0 -1.0 -1.0 -1.0 0.0 0.2976544360396811 0.3390703074384469 0.36327525652187176
9 603.0 0.0 -1.0 -1.0 -1.0 0.0 0.2997746903815522 0.36250337157185214 0.3377219380465957
9 604.0 0.0 -1.0 -1.0 -1.0 0.0 0.3070376515593083 0.3370282581535134 0.35593409028717815
9 605.0 0.0 -1.0 -1.0 -1.0 0.0 0.3344054752631436 0.33323732309194926 0.3323572016449072
9 606.0 0.0 -1.0 -1.0 -1.0 0.0 0.33685845070235587 0.32986991963996526 0.3332716296576787
9 607.0 0.0 -1.0 -1.0 -1.0 0.0 0.3269849006641649 0.3157817615777092 0.35723333775812577
9 608.0 0.0 -1.0 -1.0 -1.0 0.0 0.31991610706172635 0.3093680240678848 0.3707158688703888
9 609.0 0.0 -1.0 -1.0 -1.0 0.0 0.33999605730207677 0.3099191918243248 0.35008475087359875
9 610.0 0.0 -1.0 -1.0 -1.0 0.0 0.33147114558844926 0.30992002914861294 0.3586088252629377
9 611.0 0.0 -1.0 -1.0 -1.0 0.0 0.35894969406137056 0.32677858572407253 0.31427172021455707
9 612.0 0.0 -1.0 -1.0 -1.0 0.0 0.34072695942158077 0.3522805083002823 0.30699253227813694
9 613.0 0.0 -1.0 -1.0 -1.0 0.0 0.3240709123033269 0.33407216893893865 0.3418569187577345
9 614.0 0.0 -1.0 -1.0 -1.0 0.0 0.3520152077632055 0.330806685376629 0.3171781068601653
9 615.0 0.0 -1.0 -1.0 -1.0 0.0 0.34233552506814147 0.3522447117291732 0.30541976320268516
9 616.0 0.0 -1.0 -1.0 -1.0 0.0 0.3457752108542818 0.3600695422324837 0.2941552469132344
9 617.0 0.0 -1.0 -1.0 -1.0 0.0 0.33184716663374125 0.341694324280152 0.32645850908610696
9 618.0 0.0 -1.0 -1.0 -1.0 0.0 0.3196098621149118 0.3701094312081567 0.3102807066769315
9 619.0 0.0 -1.0 -1.0 -1.0 0.0 0.28402113244872745 0.3912994942786572 0.32467937327261526
9 620.0 0.0 -1.0 -1.0 -1.0 0.0 0.29117268799703766 0.3811006459356027 0.3277266660673596
9 621.0 0.0 -1.0 -1.0 -1.0 0.0 0.3152903860474392 0.3517744634222443 0.3329351505303167
9 622.0 0.0 -1.0 -1.0 -1.0 0.0 0.29143890858972127 0.3464747947965768 0.3620862966137021
9 623.0 0.0 -1.0 -1.0 -1.0 0.0 0.28312658221278075 0.34262765131211326 0.3742457664751062
9 624.0 0.0 -1.0 -1.0 -1.0 0.0 0.26142706055715803 0.35415038322769604 0.384422556215146
9 625.0 0.0 -1.0 -1.0 -1.0 0.0 0.26555667463828253 0.3614235217397721 0.37301980362194537
9 626.0 0.0 -1.0 -1.0 -1.0 0.0 0.2741434684232793 0.3759245692568845 0.34993196231983603
9 627.0 0.0 -1.0 -1.0 -1.0 0.0 0.29155163709485293 0.3550049675965009 0.3534433953086463
9 628.0 0.0 -1.0 -1.0 -1.0 0.0 0.3334645384908789 0.3222548791584927 0.3442805823506286
9 629.0 0.0 -1.0 -1.0 -1.0 0.0 0.3199701508762883 0.3413150440252382 0.33871480509847357
9 630.0 0.0 -1.0 -1.0 -1.0 0.0 0.3329783139019319 0.3252321593013867 0.34178952679668134
9 631.0 0.0 -1.0 -1.0 -1.0 0.0 0.3498158450576665 0.3231030860637685 0.327081068878565
9 632.0 0.0 -1.0 -1.0 -1.0 0.0 0.3527833367790085 0.31205376827186304 0.33516289494912826
9 633.0 0.0 -1.0 -1.0 -1.0 0.0 0.36925102419987754 0.29830757805720576 0.3324413977429166
9 634.0 0.0 -1.0 -1.0 -1.0 0.0 0.36251193335096316 0.2986364850688876 0.33885158158014933
9 635.0 0.0 -1.0 -1.0 -1.0 0.0 0.35450941268240804 0.3217798649729323 0.32371072234465986
9 636.0 0.0 -1.0 -1.0 -1.0 0.0 0.3424241666988144 0.3307634493014395 0.3268123839997459
9 637.0 0.0 -1.0 -1.0 -1.0 0.0 0.33095360583230327 0.339527693780397 0.32951870038729963
9 638.0 0.0 -1.0 -1.0 -1.0 0.0 0.34439035338470303 0.31431973716921247 0.3412899094460847
9 639.0 0.0 -1.0 -1.0 -1.0 0.0 0.3560975654309679 0.31658300242972187 0.32731943213931053
9 640.0 0.0 -1.0 -1.0 -1.0 0.0 0.35873669507435546 0.34187554770170403 0.29938775722394056
9 641.0 0.0 -1.0 -1.0 -1.0 0.0 0.3594391352823639 0.34231745326595586 0.2982434114516803
9 642.0 0.0 -1.0 -1.0 -1.0 0.0 0.3707266916235827 0.33991135280969403 0.28936195556672367
9 643.0 0.0 -1.0 -1.0 -1.0 0.0 0.3651230946312001 0.35389384293395787 0.2809830624348422
9 644.0 0.0 -1.0 -1.0 -1.0 0.0 0.34268806028510207 0.33518897813771154 0.3221229615771863
9 645.0 0.0 -1.0 -1.0 -1.0 0.0 0.3348112549820252 0.3568758474978723 0.30831289752010255
9 646.0 0.0 -1.0 -1.0 -1.0 0.0 0.32721622273020556 0.3758018462841347 0.29698193098565967
9 647.0 0.0 -1.0 -1.0 -1.0 0.0 0.34380402507649516 0.3210407307642423 0.33515524415926273
9 648.0 0.0 -1.0 -1.0 -1.0 0.0 0.3586416678055486 0.30710509053271423 0.3342532416617376
9 649.0 0.0 -1.0 -1.0 -1.0 0.0 0.37902995842863363 0.28351133132796 0.3374587102434067
9 650.0 0.0 -1.0 -1.0 -1.0 0.0 0.3768271073357466 0.3185223425991339 0.3046505500651194
9 651.0 0.0 -1.0 -1.0 -1.0 0.0 0.36992171325056006 0.3326321731276237 0.2974461136218161
9 652.0 0.0 -1.0 -1.0 -1.0 0.0 0.3675737624748412 0.33002141562341997 0.3024048219017386
9 653.0 0.0 -1.0 -1.0 -1.0 0.0 0.38939508323186933 0.3190842836449726 0.29152063312315835
9 654.0 0.0 -1.0 -1.0 -1.0 0.0 0.38310060223287606 0.3156566301964107 0.3012427675707132
9 655.0 0.0 -1.0 -1.0 -1.0 0.0 0.3685893907852617 0.3181627190042107 0.31324789021052735
9 656.0 0.0 -1.0 -1.0 -1.0 0.0 0.34707739403078214 0.33674230080144374 0.31618030516777407
9 657.0 0.0 -1.0 -1.0 -1.0 0.0 0.33359730138649446 0.3363553035792926 0.330047395034213
9 658.0 0.0 -1.0 -1.0 -1.0 0.0 0.35066969268326886 0.341701295292803 0.3076290120239281
9 659.0 0.0 -1.0 -1.0 -1.0 0.0 0.3931069303406407 0.3129726941413801 0.2939203755179788
9 660.0 0.0 -1.0 -1.0 -1.0 0.0 0.37973422677881785 0.3089711659719034 0.31129460724927854
9 661.0 0.0 -1.0 -1.0 -1.0 0.0 0.37104908450873886 0.3204744536638401 0.30847646182742083
9 662.0 0.0 -1.0 -1.0 -1.0 0.0 0.34535287057167013 0.3171896921870248 0.3374574372413049
9 663.0 0.0 -1.0 -1.0 -1.0 0.0 0.32809812075544287 0.3295216964900351 0.34238018275452187
9 664.0 0.0 -1.0 -1.0 -1.0 0.0 0.3255671115813291 0.3145741381177222 0.35985875030094855
9 665.0 0.0 -1.0 -1.0 -1.0 0.0 0.3475639548511507 0.323166208968827 0.32926983618002237
9 666.0 0.0 -1.0 -1.0 -1.0 0.0 0.34438272540575837 0.36259014055725713 0.2930271340369848
9 667.0 0.0 -1.0 -1.0 -1.0 0.0 0.3690855603095897 0.34058458227654365 0.29032985741386674
9 668.0 0.0 -1.0 -1.0 -1.0 0.0 0.36934674391493494 0.3342990340371137 0.29635422204795137
9 669.0 0.0 -1.0 -1.0 -1.0 0.0 0.3593951300967663 0.35275113900749416 0.28785373089573946
9 670.0 0.0 -1.0 -1.0 -1.0 0.0 0.3622771861589031 0.37718817720199427 0.2605346366391027
9 671.0 0.0 -1.0 -1.0 -1.0 0.0 0.35964585159521517 0.3422191935426597 0.298134954862125
9 672.0 0.0 -1.0 -1.0 -1.0 0.0 0.33746902556953123 0.36987372577222416 0.2926572486582447
9 673.0 0.0 -1.0 -1.0 -1.0 0.0 0.3137519986720438 0.3507720440096319 0.3354759573183243
9 674.0 0.0 -1.0 -1.0 -1.0 0.0 0.308851892213046 0.3553823711594557 0.3357657366274983
9 675.0 0.0 -1.0 -1.0 -1.0 0.0 0.3198818770265211 0.3702346171454598 0.309883505828019
9 676.0 0.0 -1.0 -1.0 -1.0 0.0 0.3200536350241742 0.36556715841129533 0.3143792065645304
9 677.0 0.0 -1.0 -1.0 -1.0 0.0 0.3022161663238953 0.37886375198131467 0.31892008169478997
9 678.0 0.0 -1.0 -1.0 -1.0 0.0 0.33884131508078696 0.36775116019208964 0.2934075247271231
9 679.0 0.0 -1.0 -1.0 -1.0 0.0 0.3262681326408093 0.35651166847715937 0.3172201988820311
9 680.0 0.0 -1.0 -1.0 -1.0 0.0 0.2994806307231244 0.34910143442758257 0.3514179348492929
9 681.0 0.0 -1.0 -1.0 -1.0 0.0 0.2991462674078556 0.3583936909821428 0.34246004161000165
9 682.0 0.0 -1.0 -1.0 -1.0 0.0 0.3023420206081096 0.35117887121784463 0.3464791081740459
9 683.0 0.0 -1.0 -1.0 -1.0 0.0 0.3003175353365549 0.3402954113907082 0.359387053272737
9 684.0 0.0 -1.0 -1.0 -1.0 0.0 0.3029477182579662 0.35746648609629794 0.339585795645736
9 685.0 0.0 -1.0 -1.0 -1.0 0.0 0.3044323048898289 0.3734229462541399 0.32214474885603117
9 686.0 0.0 -1.0 -1.0 -1.0 0.0 0.31960739384594994 0.34625460550103976 0.33413800065301025
9 687.0 0.0 -1.0 -1.0 -1.0 0.0 0.3147983394606461 0.32302777650720343 0.3621738840321504
9 688.0 0.0 -1.0 -1.0 -1.0 0.0 0.3016260496213722 0.35045998456447514 0.34791396581415257
9 689.0 0.0 -1.0 -1.0 -1.0 0.0 0.3449242172788086 0.3450247316347497 0.3100510510864418
9 690.0 0.0 -1.0 -1.0 -1.0 0.0 0.3640049597136838 0.32396828016570545 0.3120267601206108
9 691.0 0.0 -1.0 -1.0 -1.0 0.0 0.36091598520365736 0.3175232125399244 0.32156080225641814
9 692.0 0.0 -1.0 -1.0 -1.0 0.0 0.3549012420375114 0.3237893536258892 0.3213094043365994
9 693.0 0.0 -1.0 -1.0 -1.0 0.0 0.3330004485135708 0.3273703979536281 0.33962915353280093
9 694.0 0.0 -1.0 -1.0 -1.0 0.0 0.32323737832847566 0.3227146523400624 0.3540479693314619
9 695.0 0.0 -1.0 -1.0 -1.0 0.0 0.3032491651416101 0.32272242720266925 0.3740284076557204
9 696.0 0.0 -1.0 -1.0 -1.0 0.0 0.3247650951110827 0.3021041274172464 0.37313077747167106
9 697.0 0.0 -1.0 -1.0 -1.0 0.0 0.31082628362809706 0.3211502553935289 0.36802346097837424
9 698.0 0.0 -1.0 -1.0 -1.0 0.0 0.30219057077131467 0.3151290414818064 0.38268038774687896
9 699.0 0.0 -1.0 -1.0 -1.0 0.0 0.3074604957674208 0.3186538862993805 0.37388561793319874
9 700.0 0.0 -1.0 -1.0 -1.0 0.0 0.3263854884642743 0.3377948638543705 0.33581964768135497
9 701.0 0.0 -1.0 -1.0 -1.0 0.0 0.34713923245838463 0.30364208199272974 0.3492186855488854
9 702.0 0.0 -1.0 -1.0 -1.0 0.0 0.3356324152871004 0.3138639501870271 0.3505036345258727
9 703.0 0.0 -1.0 -1.0 -1.0 0.0 0.31974232379016165 0.3188269334156107 0.3614307427942276
9 704.0 0.0 -1.0 -1.0 -1.0 0.0 0.3585738173159793 0.3017899232284302 0.3396362594555906
9 705.0 0.0 -1.0 -1.0 -1.0 0.0 0.33156391502201915 0.3181223756282267 0.3503137093497541
9 706.0 0.0 -1.0 -1.0 -1.0 0.0 0.3290308170986915 0.30653444469556435 0.364434738205744
9 707.0 0.0 -1.0 -1.0 -1.0 0.0 0.35881049498447537 0.2764586573548291 0.3647308476606955
9 708.0 0.0 -1.0 -1.0 -1.0 0.0 0.3377071931226684 0.2917237311903355 0.3705690756869961
9 709.0 0.0 -1.0 -1.0 -1.0 0.0 0.324141759595027 0.3117333247292755 0.3641249156756976
9 710.0 0.0 -1.0 -1.0 -1.0 0.0 0.3239956342717975 0.3184223325200107 0.35758203320819176
9 711.0 0.0 -1.0 -1.0 -1.0 0.0 0.33372932118797577 0.3136948476333711 0.3525758311786536
9 712.0 0.0 -1.0 -1.0 -1.0 0.0 0.34469321046214424 0.29588087406719926 0.3594259154706566
9 713.0 0.0 -1.0 -1.0 -1.0 0.0 0.32306286138981755 0.3004710250836194 0.37646611352656306
9 714.0 0.0 -1.0 -1.0 -1.0 0.0 0.33148552103695517 0.3142917821869898 0.3542226967760551
9 715.0 0.0 -1.0 -1.0 -1.0 0.0 0.33470295401217115 0.31147173354861446 0.3538253124392146
9 716.0 0.0 -1.0 -1.0 -1.0 0.0 0.3428225396446938 0.3194423260485266 0.3377351343067794
9 717.0 0.0 -1.0 -1.0 -1.0 0.0 0.3642640301763562 0.2983072323874282 0.3374287374362156
9 718.0 0.0 -1.0 -1.0 -1.0 0.0 0.3697429109205112 0.3100966287952699 0.32016046028421896
9 719.0 0.0 -1.0 -1.0 -1.0 0.0 0.3742943798960778 0.3116423431263746 0.3140632769775476
9 720.0 0.0 -1.0 -1.0 -1.0 0.0 0.36187648178947496 0.3180546786697984 0.3200688395407265
9 721.0 0.0 -1.0 -1.0 -1.0 0.0 0.34651838372265564 0.3209693831924289 0.33251223308491545
9 722.0 0.0 -1.0 -1.0 -1.0 0.0 0.34270580059190503 0.34578412600658753 0.31151007340150727
9 723.0 0.0 -1.0 -1.0 -1.0 0.0 0.3431397878667913 0.3424467874890384 0.3144134246441702
9 724.0 0.0 -1.0 -1.0 -1.0 0.0 0.3509939414306675 0.35306378162727264 0.2959422769420602
9 725.0 0.0 -1.0 -1.0 -1.0 0.0 0.34584289545073615 0.3385524596895507 0.31560464485971307
9 726.0 0.0 -1.0 -1.0 -1.0 0.0 0.350996584777796 0.3355488462842435 0.31345456893796064
9 727.0 0.0 -1.0 -1.0 -1.0 0.0 0.3663367306538808 0.32906201599380375 0.3046012533523154
9 728.0 0.0 -1.0 -1.0 -1.0 0.0 0.3463291077853851 0.3273837985622883 0.3262870936523268
9 729.0 0.0 -1.0 -1.0 -1.0 0.0 0.3688677663126857 0.31666249713718825 0.31446973655012583
9 730.0 0.0 -1.0 -1.0 -1.0 0.0 0.35904531715422694 0.3280520318966822 0.31290265094909103
9 731.0 0.0 -1.0 -1.0 -1.0 0.0 0.3502369761292073 0.3182329824168297 0.331530041453963
9 732.0 0.0 -1.0 -1.0 -1.0 0.0 0.3360882615909702 0.3099941075622249 0.35391763084680505
9 733.0 0.0 -1.0 -1.0 -1.0 0.0 0.3219839192390755 0.3292272856665291 0.3487887950943954
9 734.0 0.0 -1.0 -1.0 -1.0 0.0 0.34135978695244595 0.325619263966149 0.33302094908140495
9 735.0 0.0 -1.0 -1.0 -1.0 0.0 0.32745058070722793 0.32751387273134563 0.34503554656142654
9 736.0 0.0 -1.0 -1.0 -1.0 0.0 0.31570492615809653 0.3318018767623834 0.35249319707952
9 737.0 0.0 -1.0 -1.0 -1.0 0.0 0.33234682354247747 0.33726872771390876 0.33038444874361367
9 738.0 0.0 -1.0 -1.0 -1.0 0.0 0.3497080801561221 0.3337366019987085 0.31655531784516944
9 739.0 0.0 -1.0 -1.0 -1.0 0.0 0.38170490512358346 0.3185157554772585 0.2997793393991582
9 740.0 0.0 -1.0 -1.0 -1.0 0.0 0.4005490843308489 0.31731807366050363 0.28213284200864747
9 741.0 0.0 -1.0 -1.0 -1.0 0.0 0.38796435599278517 0.31647502408180245 0.29556061992541255
9 742.0 0.0 -1.0 -1.0 -1.0 0.0 0.36573172985993885 0.3297492633460169 0.3045190067940447
9 743.0 0.0 -1.0 -1.0 -1.0 0.0 0.37664398258183346 0.3196231637410429 0.3037328536771238
9 744.0 0.0 -1.0 -1.0 -1.0 0.0 0.3629138770120235 0.31801460239306445 0.3190715205949121
9 745.0 0.0 -1.0 -1.0 -1.0 0.0 0.3529978143936181 0.33828826492251424 0.30871392068386766
9 746.0 0.0 -1.0 -1.0 -1.0 0.0 0.35442520866475574 0.31628570005074547 0.3292890912844985
9 747.0 0.0 -1.0 -1.0 -1.0 0.0 0.35758175433833167 0.32529575163993946 0.3171224940217287
9 748.0 0.0 -1.0 -1.0 -1.0 0.0 0.3653898153580207 0.3458710781514036 0.28873910649057594
9 749.0 0.0 -1.0 -1.0 -1.0 0.0 0.33388820072884057 0.3691615980026324 0.2969502012685272
9 750.0 0.0 -1.0 -1.0 -1.0 0.0 0.33410675408312274 0.3420920715517413 0.3238011743651359
9 751.0 0.0 -1.0 -1.0 -1.0 0.0 0.3290443967425956 0.3745607634065472 0.29639483985085713
9 752.0 0.0 -1.0 -1.0 -1.0 0.0 0.3438474282935084 0.34288637267204963 0.3132661990344419
9 753.0 0.0 -1.0 -1.0 -1.0 0.0 0.3384281174053153 0.31685111870272786 0.344720763891957
9 754.0 0.0 -1.0 -1.0 -1.0 0.0 0.3366358485448707 0.323224751281944 0.34013940017318545
9 755.0 0.0 -1.0 -1.0 -1.0 0.0 0.34891805947894466 0.34476270008449994 0.30631924043655556
9 756.0 0.0 -1.0 -1.0 -1.0 0.0 0.3437476987376694 0.3558108760799695 0.30044142518236083
9 757.0 0.0 -1.0 -1.0 -1.0 0.0 0.3188301873409658 0.36355073758411705 0.31761907507491705
9 758.0 0.0 -1.0 -1.0 -1.0 0.0 0.32074288544987295 0.3212890029242324 0.3579681116258945
9 759.0 0.0 -1.0 -1.0 -1.0 0.0 0.31651423979010457 0.3377906465177097 0.34569511369218575
9 760.0 0.0 -1.0 -1.0 -1.0 0.0 0.3146184055043106 0.3222036239975827 0.363177970498107
9 761.0 0.0 -1.0 -1.0 -1.0 0.0 0.3088484324059505 0.32046401546480185 0.3706875521292477
9 762.0 0.0 -1.0 -1.0 -1.0 0.0 0.310719529770791 0.3295286092490128 0.3597518609801963
9 763.0 0.0 -1.0 -1.0 -1.0 0.0 0.30608386082322525 0.35655625507887573 0.3373598840978992
9 764.0 0.0 -1.0 -1.0 -1.0 0.0 0.28719156561671966 0.3540581036775023 0.35875033070577833
9 765.0 0.0 -1.0 -1.0 -1.0 0.0 0.2975953643609415 0.3837217423460884 0.31868289329297
9 766.0 0.0 -1.0 -1.0 -1.0 0.0 0.29234687938358705 0.4025127614129834 0.30514035920342936
9 767.0 0.0 -1.0 -1.0 -1.0 0.0 0.2973763990111919 0.3566126688147918 0.34601093217401624
9 768.0 0.0 -1.0 -1.0 -1.0 0.0 0.329378545743103 0.3254005625810504 0.3452208916758471
9 769.0 0.0 -1.0 -1.0 -1.0 0.0 0.3184907028341728 0.33451344914814674 0.3469958480176804
9 770.0 0.0 -1.0 -1.0 -1.0 0.0 0.34062134262091354 0.30548963666074813 0.3538890207183384
9 771.0 0.0 -1.0 -1.0 -1.0 0.0 0.3493474043320836 0.3018090750413261 0.34884352062659046
9 772.0 0.0 -1.0 -1.0 -1.0 0.0 0.3533892402456882 0.2992840905675611 0.3473266691867507
9 773.0 0.0 -1.0 -1.0 -1.0 0.0 0.3563093425573765 0.3071337357563931 0.33655692168623036
9 774.0 0.0 -1.0 -1.0 -1.0 0.0 0.3864582970889102 0.29722646487437004 0.3163152380367196
9 775.0 0.0 -1.0 -1.0 -1.0 0.0 0.37587839644091015 0.30642519854078165 0.3176964050183082
9 776.0 0.0 -1.0 -1.0 -1.0 0.0 0.3767873516055629 0.30656516696291436 0.31664748143152294
9 777.0 0.0 -1.0 -1.0 -1.0 0.0 0.3662653054340549 0.3135752267056374 0.32015946786030797
9 778.0 0.0 -1.0 -1.0 -1.0 0.0 0.35754205635310965 0.31627214658070707 0.3261857970661832
9 779.0 0.0 -1.0 -1.0 -1.0 0.0 0.3273461646430807 0.35251609588188365 0.3201377394750356
9 780.0 0.0 -1.0 -1.0 -1.0 0.0 0.3644765116692181 0.2987685970238333 0.33675489130694847
9 781.0 0.0 -1.0 -1.0 -1.0 0.0 0.3546996394532755 0.2931112520164497 0.3521891085302746
9 782.0 0.0 -1.0 -1.0 -1.0 0.0 0.34493700664463794 0.29413499209839733 0.36092800125696434
9 783.0 0.0 -1.0 -1.0 -1.0 0.0 0.3278835438650337 0.34010613694505365 0.33201031918991286
9 784.0 0.0 -1.0 -1.0 -1.0 0.0 0.34663785553432286 0.31021830736357864 0.34314383710209867
9 785.0 0.0 -1.0 -1.0 -1.0 0.0 0.33862722771342324 0.3085628003824925 0.3528099719040842
9 786.0 0.0 -1.0 -1.0 -1.0 0.0 0.34294091956512157 0.29782528045351553 0.35923379998136284
9 787.0 0.0 -1.0 -1.0 -1.0 0.0 0.32972141440101616 0.2996662197607718 0.370612365838212
9 788.0 0.0 -1.0 -1.0 -1.0 0.0 0.3206115746755762 0.3205892332817419 0.3587991920426818
9 789.0 0.0 -1.0 -1.0 -1.0 0.0 0.30481687534482793 0.31909268640170857 0.3760904382534636
9 790.0 0.0 -1.0 -1.0 -1.0 0.0 0.30282840241357417 0.33433108018875357 0.36284051739767215
9 791.0 0.0 -1.0 -1.0 -1.0 0.0 0.2824338148755415 0.34870619296130934 0.3688599921631491
9 792.0 0.0 -1.0 -1.0 -1.0 0.0 0.28651542065960084 0.3472487340150442 0.3662358453253549
9 793.0 0.0 -1.0 -1.0 -1.0 0.0 0.2929102363532735 0.34842088276094246 0.3586688808857841
9 794.0 0.0 -1.0 -1.0 -1.0 0.0 0.27025890118013984 0.37709937677293753 0.35264172204692246
9 795.0 0.0 -1.0 -1.0 -1.0 0.0 0.2876326435972301 0.34295424083218895 0.36941311557058065
9 796.0 0.0 -1.0 -1.0 -1.0 0.0 0.32227004118374586 0.34120187379381434 0.3365280850224398
9 797.0 0.0 -1.0 -1.0 -1.0 0.0 0.33123943784148013 0.3627321226400987 0.30602843951842124
9 798.0 0.0 -1.0 -1.0 -1.0 0.0 0.32797617904011284 0.3642577860405806 0.3077660349193065
9 799.0 0.0 -1.0 -1.0 -1.0 0.0 0.3338616971088345 0.33194842479314984 0.33418987809801587
9 800.0 0.0 -1.0 -1.0 -1.0 0.0 0.3106337353469788 0.3454427763010781 0.34392348835194303
9 801.0 0.0 -1.0 -1.0 -1.0 0.0 0.3335566503820811 0.35514630987531065 0.3112970397426082
9 802.0 0.0 -1.0 -1.0 -1.0 0.0 0.3500749989278548 0.3531956633990668 0.2967293376730784
9 803.0 0.0 -1.0 -1.0 -1.0 0.0 0.33983739810367297 0.3323257120200602 0.327836889876267
9 804.0 0.0 -1.0 -1.0 -1.0 0.0 0.3328264722176179 0.3329062528291441 0.33426727495323805
9 805.0 0.0 -1.0 -1.0 -1.0 0.0 0.31205775456544993 0.3359760456882931 0.3519661997462569
9 806.0 0.0 -1.0 -1.0 -1.0 0.0 0.3039445139426416 0.3212864328186488 0.3747690532387097
9 807.0 0.0 -1.0 -1.0 -1.0 0.0 0.29901355957277476 0.3386306333497422 0.36235580707748327
9 808.0 0.0 -1.0 -1.0 -1.0 0.0 0.3205242953728859 0.3333964388866093 0.3460792657405045
9 809.0 0.0 -1.0 -1.0 -1.0 0.0 0.31271141720804474 0.3517926993068037 0.3354958834851514
9 810.0 0.0 -1.0 -1.0 -1.0 0.0 0.296257529433415 0.3639198426939599 0.33982262787262507
9 811.0 0.0 -1.0 -1.0 -1.0 0.0 0.30166398546172307 0.37192409023527323 0.3264119243030037
9 812.0 0.0 -1.0 -1.0 -1.0 0.0 0.3187164366548229 0.36018177287289 0.32110179047228704
9 813.0 0.0 -1.0 -1.0 -1.0 0.0 0.3387635791960533 0.31948014095673405 0.3417562798472125
9 814.0 0.0 -1.0 -1.0 -1.0 0.0 0.3370589089628776 0.33871402801527756 0.32422706302184473
9 815.0 0.0 -1.0 -1.0 -1.0 0.0 0.3293877801006856 0.3122694916728949 0.35834272822641944
9 816.0 0.0 -1.0 -1.0 -1.0 0.0 0.3140495099657363 0.34700726873123755 0.3389432213030262
9 817.0 0.0 -1.0 -1.0 -1.0 0.0 0.29385749077054707 0.3716961061188628 0.3344464031105903
9 818.0 0.0 -1.0 -1.0 -1.0 0.0 0.31636723024581725 0.345769419418451 0.3378633503357319
9 819.0 0.0 -1.0 -1.0 -1.0 0.0 0.32233058766493444 0.3363038730409877 0.34136553929407804
9 820.0 0.0 -1.0 -1.0 -1.0 0.0 0.33750282393388503 0.3351032679985162 0.327393908067599
9 821.0 0.0 -1.0 -1.0 -1.0 0.0 0.32640029895699896 0.3460321394924547 0.3275675615505464
9 822.0 0.0 -1.0 -1.0 -1.0 0.0 0.31717077825928736 0.3539021024547661 0.32892711928594665
9 823.0 0.0 -1.0 -1.0 -1.0 0.0 0.3387969204423919 0.3367489594930369 0.32445412006457097
9 824.0 0.0 -1.0 -1.0 -1.0 0.0 0.336024566477689 0.3387144576953549 0.32526097582695607
9 825.0 0.0 -1.0 -1.0 -1.0 0.0 0.3294327847577028 0.3488090119315952 0.32175820331070204
9 826.0 0.0 -1.0 -1.0 -1.0 0.0 0.32428835341459467 0.35386753056809817 0.3218441160173073
9 827.0 0.0 -1.0 -1.0 -1.0 0.0 0.3202704642846475 0.34735687020653594 0.3323726655088166
9 828.0 0.0 -1.0 -1.0 -1.0 0.0 0.3176644734041112 0.3475497420262863 0.33478578456960256
9 829.0 0.0 -1.0 -1.0 -1.0 0.0 0.3093606709505247 0.34226592989388765 0.3483733991555878
9 830.0 0.0 -1.0 -1.0 -1.0 0.0 0.3049846891750035 0.35325610425447607 0.3417592065705204
9 831.0 0.0 -1.0 -1.0 -1.0 0.0 0.30611426461447655 0.3459657266298071 0.34792000875571644
9 832.0 0.0 -1.0 -1.0 -1.0 0.0 0.3078086433078701 0.34741490875950354 0.3447764479326263
9 833.0 0.0 -1.0 -1.0 -1.0 0.0 0.31079830802524605 0.35005759205930986 0.3391440999154441
9 834.0 0.0 -1.0 -1.0 -1.0 0.0 0.3258270704256153 0.34757224606870146 0.3266006835056832
9 835.0 0.0 -1.0 -1.0 -1.0 0.0 0.3373044930278748 0.3296245311689065 0.3330709758032188
9 836.0 0.0 -1.0 -1.0 -1.0 0.0 0.325590701188601 0.35595948912742187 0.31844980968397724
9 837.0 0.0 -1.0 -1.0 -1.0 0.0 0.321045693418866 0.35741422103127063 0.32154008554986335
9 838.0 0.0 -1.0 -1.0 -1.0 0.0 0.3209260143986365 0.33732905684593867 0.34174492875542484
9 839.0 0.0 -1.0 -1.0 -1.0 0.0 0.3057133798033566 0.3400878781738379 0.35419874202280555
9 840.0 0.0 -1.0 -1.0 -1.0 0.0 0.30974619411861104 0.34130718304016966 0.3489466228412196
9 841.0 0.0 -1.0 -1.0 -1.0 0.0 0.3158947795969869 0.31736257869068235 0.36674264171233095
9 842.0 0.0 -1.0 -1.0 -1.0 0.0 0.29726886702297367 0.32343379122892485 0.3792973417481014
9 843.0 0.0 -1.0 -1.0 -1.0 0.0 0.31440611769331556 0.3554691137782893 0.33012476852839506
9 844.0 0.0 -1.0 -1.0 -1.0 0.0 0.32461491936713144 0.35839678527006597 0.3169882953628027
9 845.0 0.0 -1.0 -1.0 -1.0 0.0 0.32184745069567017 0.31983943954403926 0.3583131097602908
9 846.0 0.0 -1.0 -1.0 -1.0 0.0 0.32351689282445917 0.33210209808238406 0.3443810090931567
9 847.0 0.0 -1.0 -1.0 -1.0 0.0 0.3221446910925112 0.33703307981537656 0.34082222909211235
9 848.0 0.0 -1.0 -1.0 -1.0 0.0 0.35511821517606096 0.3309806333582204 0.31390115146571856
9 849.0 0.0 -1.0 -1.0 -1.0 0.0 0.3808888580557259 0.30798539925458873 0.31112574268968546
9 850.0 0.0 -1.0 -1.0 -1.0 0.0 0.35853888575939435 0.30798267611461133 0.3334784381259943
9 851.0 0.0 -1.0 -1.0 -1.0 0.0 0.3701552580013252 0.32690239363830464 0.30294234836037004
9 852.0 0.0 -1.0 -1.0 -1.0 0.0 0.3519121479962859 0.3002077043402046 0.3478801476635093
9 853.0 0.0 -1.0 -1.0 -1.0 0.0 0.36244285545047383 0.29475718260525613 0.3427999619442701
9 854.0 0.0 -1.0 -1.0 -1.0 0.0 0.38940786058832094 0.2907935459588812 0.31979859345279793
9 855.0 0.0 -1.0 -1.0 -1.0 0.0 0.3652155053735627 0.30727110944603325 0.32751338518040407
9 856.0 0.0 -1.0 -1.0 -1.0 0.0 0.35543183361677166 0.3092365359778418 0.33533163040538655
9 857.0 0.0 -1.0 -1.0 -1.0 0.0 0.3526475516373746 0.29587241299337647 0.35148003536924866
9 858.0 0.0 -1.0 -1.0 -1.0 0.0 0.32764005081002756 0.31779232049259754 0.35456762869737496
9 859.0 0.0 -1.0 -1.0 -1.0 0.0 0.33615698580994413 0.3151800054016079 0.3486630087884478
9 860.0 0.0 -1.0 -1.0 -1.0 0.0 0.3385777216599668 0.3021919252680791 0.359230353071954
9 861.0 0.0 -1.0 -1.0 -1.0 0.0 0.33134023657929135 0.3100138114203346 0.3586459520003743
9 862.0 0.0 -1.0 -1.0 -1.0 0.0 0.33987661278498615 0.28862749021624606 0.3714958969987677
9 863.0 0.0 -1.0 -1.0 -1.0 0.0 0.34251150506646616 0.30744299823665555 0.3500454966968784
9 864.0 0.0 -1.0 -1.0 -1.0 0.0 0.3537413996002508 0.29581573594424354 0.3504428644555057
9 865.0 0.0 -1.0 -1.0 -1.0 0.0 0.3563373984817867 0.2956174120343186 0.34804518948389473
9 866.0 0.0 -1.0 -1.0 -1.0 0.0 0.35122084443334606 0.30535760145535334 0.3434215541113006
9 867.0 0.0 -1.0 -1.0 -1.0 0.0 0.35146088608525183 0.3000405328117195 0.3484985811030286
9 868.0 0.0 -1.0 -1.0 -1.0 0.0 0.3261620293014173 0.32958397177852033 0.3442539989200623
9 869.0 0.0 -1.0 -1.0 -1.0 0.0 0.3484269390653995 0.3225594187962184 0.329013642138382
9 870.0 0.0 -1.0 -1.0 -1.0 0.0 0.34429980130563315 0.3180716277369924 0.3376285709573743
9 871.0 0.0 -1.0 -1.0 -1.0 0.0 0.32355695530662104 0.33583389176219003 0.3406091529311886
9 872.0 0.0 -1.0 -1.0 -1.0 0.0 0.31045981531864636 0.32680692792721516 0.36273325675413853
9 873.0 0.0 -1.0 -1.0 -1.0 0.0 0.31543645528591036 0.33948022275096024 0.3450833219631293
9 874.0 0.0 -1.0 -1.0 -1.0 0.0 0.31939874176223504 0.33863091381007526 0.34197034442768953
9 875.0 0.0 -1.0 -1.0 -1.0 0.0 0.3271728798686069 0.315259462904781 0.3575676572266122
9 876.0 0.0 -1.0 -1.0 -1.0 0.0 0.3069132343632993 0.3407817556913638 0.35230500994533676
9 877.0 0.0 -1.0 -1.0 -1.0 0.0 0.3285469422865617 0.3514997904630476 0.31995326725039097
9 878.0 0.0 -1.0 -1.0 -1.0 0.0 0.34378929356330346 0.35452802454572113 0.3016826818909753
9 879.0 0.0 -1.0 -1.0 -1.0 0.0 0.3583420267076254 0.3374571716262851 0.3042008016660897
9 880.0 0.0 -1.0 -1.0 -1.0 0.0 0.32495769113920436 0.3434212887981468 0.3316210200626488
9 881.0 0.0 -1.0 -1.0 -1.0 0.0 0.3237512732206305 0.31699372765212513 0.35925499912724446
9 882.0 0.0 -1.0 -1.0 -1.0 0.0 0.32783355992937774 0.3251203816181112 0.34704605845251124
9 883.0 0.0 -1.0 -1.0 -1.0 0.0 0.3130780964991235 0.3060847112679076 0.38083719223296897
9 884.0 0.0 -1.0 -1.0 -1.0 0.0 0.31132022262968173 0.3466489031900557 0.34203087418026223
9 885.0 0.0 -1.0 -1.0 -1.0 0.0 0.32052994087092485 0.3413876793235227 0.3380823798055525
9 886.0 0.0 -1.0 -1.0 -1.0 0.0 0.3085212461637142 0.3384863707580798 0.3529923830782061
9 887.0 0.0 -1.0 -1.0 -1.0 0.0 0.3058358751674856 0.35370720915386533 0.340456915678649
9 888.0 0.0 -1.0 -1.0 -1.0 0.0 0.3309791449505849 0.34876823908350263 0.3202526159659124
9 889.0 0.0 -1.0 -1.0 -1.0 0.0 0.31504905756716317 0.3579597901751013 0.32699115225773556
9 890.0 0.0 -1.0 -1.0 -1.0 0.0 0.3205690381465637 0.3593044877361639 0.32012647411727246
9 891.0 0.0 -1.0 -1.0 -1.0 0.0 0.35588215730737643 0.33714059392437173 0.30697724876825183
9 892.0 0.0 -1.0 -1.0 -1.0 0.0 0.32163391884245024 0.3771726025529771 0.3011934786045726
9 893.0 0.0 -1.0 -1.0 -1.0 0.0 0.3402145368187661 0.3689736851586883 0.2908117780225457
9 894.0 0.0 -1.0 -1.0 -1.0 0.0 0.3236421177584352 0.37782016986425093 0.29853771237731386
9 895.0 0.0 -1.0 -1.0 -1.0 0.0 0.3482047324969341 0.366982070072493 0.2848131974305728
9 896.0 0.0 -1.0 -1.0 -1.0 0.0 0.35624944577803463 0.3616665320393419 0.2820840221826234
9 897.0 0.0 -1.0 -1.0 -1.0 0.0 0.36753413237546106 0.32405910757086126 0.30840676005367773
9 898.0 0.0 -1.0 -1.0 -1.0 0.0 0.3769331775588221 0.3456467395635245 0.27742008287765363
9 899.0 0.0 -1.0 -1.0 -1.0 0.0 0.36018633173069203 0.3639395987657629 0.27587406950354526
9 900.0 0.0 -1.0 -1.0 -1.0 0.0 0.3451404448794236 0.37627711684554627 0.27858243827503015
9 901.0 0.0 -1.0 -1.0 -1.0 0.0 0.3562149721918748 0.3659148010122431 0.27787022679588197
9 902.0 0.0 -1.0 -1.0 -1.0 0.0 0.3524752310161516 0.37762000777007715 0.26990476121377105
9 903.0 0.0 -1.0 -1.0 -1.0 0.0 0.3508528137032658 0.3357852949775164 0.31336189131921804
9 904.0 0.0 -1.0 -1.0 -1.0 0.0 0.32536035939648306 0.36153994259803035 0.3130996980054863
9 905.0 0.0 -1.0 -1.0 -1.0 0.0 0.3480226902834863 0.33944186780942426 0.3125354419070893
9 906.0 0.0 -1.0 -1.0 -1.0 0.0 0.34122124360938294 0.3421971221209458 0.3165816342696712
9 907.0 0.0 -1.0 -1.0 -1.0 0.0 0.34279907241502355 0.33538408714996976 0.32181684043500647
9 908.0 0.0 -1.0 -1.0 -1.0 0.0 0.3392171081453541 0.3459146524413271 0.31486823941331876
9 909.0 0.0 -1.0 -1.0 -1.0 0.0 0.33347247889930626 0.3532801214397911 0.31324739966090265
9 910.0 0.0 -1.0 -1.0 -1.0 0.0 0.31704890842915273 0.3496073581390391 0.33334373343180806
9 911.0 0.0 -1.0 -1.0 -1.0 0.0 0.3246207129887398 0.35849203527967627 0.3168872517315841
9 912.0 0.0 -1.0 -1.0 -1.0 0.0 0.34708219594813694 0.34191043472280924 0.311007369329054
9 913.0 0.0 -1.0 -1.0 -1.0 0.0 0.3453830555891202 0.3247132749012035 0.3299036695096764
9 914.0 0.0 -1.0 -1.0 -1.0 0.0 0.3529445756344941 0.29847599456491436 0.34857942980059137
9 915.0 0.0 -1.0 -1.0 -1.0 0.0 0.31661507190039984 0.33296618989232374 0.35041873820727637
9 916.0 0.0 -1.0 -1.0 -1.0 0.0 0.31757948616964915 0.3563060624335894 0.3261144513967614
9 917.0 0.0 -1.0 -1.0 -1.0 0.0 0.3225690139189434 0.3500959624225766 0.32733502365848
9 918.0 0.0 -1.0 -1.0 -1.0 0.0 0.3274846072021503 0.32948761026305134 0.3430277825347982
9 919.0 0.0 -1.0 -1.0 -1.0 0.0 0.3281059916017694 0.37273061797670887 0.2991633904215217
9 920.0 0.0 -1.0 -1.0 -1.0 0.0 0.3335226218478942 0.3541288933836313 0.31234848476847465
9 921.0 0.0 -1.0 -1.0 -1.0 0.0 0.33807115832403367 0.32895494915517726 0.3329738925207893
9 922.0 0.0 -1.0 -1.0 -1.0 0.0 0.3450137407779473 0.3425511684864437 0.312435090735609
9 923.0 0.0 -1.0 -1.0 -1.0 0.0 0.3588443068485555 0.3205557992219908 0.32059989392945376
9 924.0 0.0 -1.0 -1.0 -1.0 0.0 0.33197892930436923 0.328734099282018 0.33928697141361236
9 925.0 0.0 -1.0 -1.0 -1.0 0.0 0.34480034527354386 0.3200859294399178 0.3351137252865386
9 926.0 0.0 -1.0 -1.0 -1.0 0.0 0.3310343826690872 0.321615062299216 0.3473505550316969
9 927.0 0.0 -1.0 -1.0 -1.0 0.0 0.32810676754360185 0.3302229362975326 0.34167029615886546
9 928.0 0.0 -1.0 -1.0 -1.0 0.0 0.335491525508763 0.3256226410382657 0.3388858334529713
9 929.0 0.0 -1.0 -1.0 -1.0 0.0 0.32406173011630807 0.32402341330351414 0.35191485658017785
9 930.0 0.0 -1.0 -1.0 -1.0 0.0 0.3201453784854692 0.3479070669624331 0.3319475545520978
9 931.0 0.0 -1.0 -1.0 -1.0 0.0 0.33438127470028944 0.3488337361433691 0.3167849891563415
9 932.0 0.0 -1.0 -1.0 -1.0 0.0 0.32679419777951213 0.3743803191172574 0.29882548310323076
9 933.0 0.0 -1.0 -1.0 -1.0 0.0 0.2876712201191993 0.3893141087888739 0.32301467109192683
9 934.0 0.0 -1.0 -1.0 -1.0 0.0 0.3052282311798282 0.3687984189780258 0.3259733498421461
9 935.0 0.0 -1.0 -1.0 -1.0 0.0 0.306764091656517 0.34922746676917105 0.34400844157431215
9 936.0 0.0 -1.0 -1.0 -1.0 0.0 0.28878881016794145 0.3498662537756132 0.3613449360564451
9 937.0 0.0 -1.0 -1.0 -1.0 0.0 0.2960557365861728 0.3042684881790585 0.3996757752347688
9 938.0 0.0 -1.0 -1.0 -1.0 0.0 0.30185192505476477 0.3017547025259887 0.39639337241924616
9 939.0 0.0 -1.0 -1.0 -1.0 0.0 0.32699784413239785 0.32522505359568593 0.3477771022719161
9 940.0 0.0 -1.0 -1.0 -1.0 0.0 0.32934976507052754 0.3180948744773449 0.35255536045212743
9 941.0 0.0 -1.0 -1.0 -1.0 0.0 0.33531698190402276 0.3036241276037361 0.36105889049224094
9 942.0 0.0 -1.0 -1.0 -1.0 0.0 0.3569445665824897 0.31218662420253557 0.3308688092149748
9 943.0 0.0 -1.0 -1.0 -1.0 0.0 0.36221901091883824 0.30240786168438805 0.3353731273967739
9 944.0 0.0 -1.0 -1.0 -1.0 0.0 0.37897200739715964 0.28105492896722006 0.3399730636356202
9 945.0 0.0 -1.0 -1.0 -1.0 0.0 0.3559931959175399 0.3059610597695578 0.33804574431290235
9 946.0 0.0 -1.0 -1.0 -1.0 0.0 0.3525230121764416 0.29537374467656624 0.352103243146992
9 947.0 0.0 -1.0 -1.0 -1.0 0.0 0.36623607852984486 0.2737251760281223 0.3600387454420327
9 948.0 0.0 -1.0 -1.0 -1.0 0.0 0.3393193266754056 0.3062145629382055 0.354466110386389
9 949.0 0.0 -1.0 -1.0 -1.0 0.0 0.36589437671181335 0.2820240324251204 0.35208159086306623
9 950.0 0.0 -1.0 -1.0 -1.0 0.0 0.3582245490142328 0.31156271771706706 0.3302127332687004
9 951.0 0.0 -1.0 -1.0 -1.0 0.0 0.36330460603821374 0.2993780736605361 0.3373173203012502
9 952.0 0.0 -1.0 -1.0 -1.0 0.0 0.3467512159394299 0.3186237046189111 0.334625079441659
9 953.0 0.0 -1.0 -1.0 -1.0 0.0 0.3703609094990351 0.3126370574134513 0.31700203308751357
9 954.0 0.0 -1.0 -1.0 -1.0 0.0 0.35035152454157287 0.30039182586322244 0.34925664959520475
9 955.0 0.0 -1.0 -1.0 -1.0 0.0 0.33693621071107466 0.2964076823592976 0.36665610692962786
9 956.0 0.0 -1.0 -1.0 -1.0 0.0 0.32343853201304307 0.30371457326839774 0.37284689471855925
9 957.0 0.0 -1.0 -1.0 -1.0 0.0 0.31863183789143035 0.32400709954363954 0.35736106256493
9 958.0 0.0 -1.0 -1.0 -1.0 0.0 0.32963270693289615 0.30232618286696883 0.36804111020013514
9 959.0 0.0 -1.0 -1.0 -1.0 0.0 0.3360783886810148 0.30789841149028147 0.3560231998287038
9 960.0 0.0 -1.0 -1.0 -1.0 0.0 0.37508897152101484 0.2885525267141123 0.33635850176487286
9 961.0 0.0 -1.0 -1.0 -1.0 0.0 0.3731067664083348 0.2895089430730475 0.3373842905186178
9 962.0 0.0 -1.0 -1.0 -1.0 0.0 0.3656967605313406 0.3035616509738206 0.3307415884948386
9 963.0 0.0 -1.0 -1.0 -1.0 0.0 0.36760786283694685 0.2941825460033203 0.33820959115973287
9 964.0 0.0 -1.0 -1.0 -1.0 0.0 0.3742689635051519 0.28927655284747106 0.33645448364737723
9 965.0 0.0 -1.0 -1.0 -1.0 0.0 0.3684942363966677 0.3011759885070269 0.3303297750963052
9 966.0 0.0 -1.0 -1.0 -1.0 0.0 0.3457711599932718 0.34111313671404325 0.31311570329268473
9 967.0 0.0 -1.0 -1.0 -1.0 0.0 0.35531645093275893 0.33994032769340765 0.3047432213738335
9 968.0 0.0 -1.0 -1.0 -1.0 0.0 0.3657552915744198 0.34569986492332627 0.28854484350225384
9 969.0 0.0 -1.0 -1.0 -1.0 0.0 0.35456922130174484 0.33899357584692097 0.30643720285133447
9 970.0 0.0 -1.0 -1.0 -1.0 0.0 0.33275234246410995 0.34508181612182737 0.32216584141406274
9 971.0 0.0 -1.0 -1.0 -1.0 0.0 0.36408396097767853 0.3299975734224364 0.30591846559988506
9 972.0 0.0 -1.0 -1.0 -1.0 0.0 0.384288343333511 0.3384127948957808 0.2772988617707082
9 973.0 0.0 -1.0 -1.0 -1.0 0.0 0.37445828174930673 0.32844560543168205 0.29709611281901127
9 974.0 0.0 -1.0 -1.0 -1.0 0.0 0.36285465837139697 0.3323628691760627 0.3047824724525405
9 975.0 0.0 -1.0 -1.0 -1.0 0.0 0.37444865382927917 0.3138043217708521 0.3117470243998689
9 976.0 0.0 -1.0 -1.0 -1.0 0.0 0.37958073329433306 0.29946673141943175 0.3209525352862351
9 977.0 0.0 -1.0 -1.0 -1.0 0.0 0.34922919591794205 0.30573484521516914 0.3450359588668887
9 978.0 0.0 -1.0 -1.0 -1.0 0.0 0.37151078015188044 0.30800267046236113 0.3204865493857584
9 979.0 0.0 -1.0 -1.0 -1.0 0.0 0.33793899618267836 0.3100426354845243 0.3520183683327972
9 980.0 0.0 -1.0 -1.0 -1.0 0.0 0.3167656533721234 0.32906376741770577 0.3541705792101706
9 981.0 0.0 -1.0 -1.0 -1.0 0.0 0.34067733320963856 0.3071939650927127 0.35212870169764876
9 982.0 0.0 -1.0 -1.0 -1.0 0.0 0.3340945202038976 0.30957989624457466 0.35632558355152766
9 983.0 0.0 -1.0 -1.0 -1.0 0.0 0.3330638785694206 0.32169085637655215 0.34524526505402725
9 984.0 0.0 -1.0 -1.0 -1.0 0.0 0.30559188389834036 0.35600637793333356 0.3384017381683262
9 985.0 0.0 -1.0 -1.0 -1.0 0.0 0.33409359926967547 0.35309009194041624 0.31281630878990824
9 986.0 0.0 -1.0 -1.0 -1.0 0.0 0.33981853581910343 0.3573758405682688 0.30280562361262775
9 987.0 0.0 -1.0 -1.0 -1.0 0.0 0.3504039034633719 0.3663511183162879 0.28324497822034006
9 988.0 0.0 -1.0 -1.0 -1.0 0.0 0.3458196268806369 0.3802474602408609 0.27393291287850213
9 989.0 0.0 -1.0 -1.0 -1.0 0.0 0.34495353363590164 0.3734035912204461 0.2816428751436523
9 990.0 0.0 -1.0 -1.0 -1.0 0.0 0.3620174742228248 0.35325437226214373 0.2847281535150314
9 991.0 0.0 -1.0 -1.0 -1.0 0.0 0.37692709915475686 0.33464232434713737 0.28843057649810583
9 992.0 0.0 -1.0 -1.0 -1.0 0.0 0.3685128949154594 0.3387029249054712 0.29278418017906943
9 993.0 0.0 -1.0 -1.0 -1.0 0.0 0.3570016756726026 0.32048511581100575 0.32251320851639165
9 994.0 0.0 -1.0 -1.0 -1.0 0.0 0.3705179669172401 0.31752374313814496 0.31195828994461494
9 995.0 0.0 -1.0 -1.0 -1.0 0.0 0.36334390514749065 0.33032268678279253 0.30633340806971665
9 996.0 0.0 -1.0 -1.0 -1.0 0.0 0.318171514550534 0.33105913544780496 0.35076935000166093
9 997.0 0.0 -1.0 -1.0 -1.0 0.0 0.30545490122671803 0.3236515366644454 0.37089356210883667
9 998.0 0.0 -1.0 -1.0 -1.0 0.0 0.3255118199463029 0.3004764471040275 0.37401173294966983
9 999.0 0.0 -1.0 -1.0 -1.0 0.0 0.30716368921267206 0.331209662414199 0.3616266483731288
9 1000.0 0.0 -1.0 -1.0 -1.0 0.0 0.3146004843119534 0.32842593322740926 0.3569735824606374
1000000000000000000000000000000000000000000000000000000000000000000000000000000000000000000000000000
-1.0
solo con 1: -100.0
