9 0.0 1.0 -32.0 -158.0 -101.2 50.708316214732825 0.3333333333333333 0.3333333333333333 0.3333333333333333
9 1.0 1.0 -32.0 -158.0 -76.84 45.81709795094473 0.3276654171413883 0.2485904043500186 0.42374417850859336
9 2.0 1.0 -32.0 -155.0 -64.45 39.690818977581074 0.31891041977968543 0.20323775708986402 0.47785182313045055
9 3.0 64.0 -31.0 -152.0 -58.35 36.454032213823275 0.2817408330112705 0.19177496444799008 0.5264842025407394
9 4.0 64.0 -30.0 -152.0 -51.33 32.43830352150888 0.2588926338442843 0.16237132456026174 0.578736041595454
9 5.0 52.0 -30.0 -152.0 -44.21 26.164319524146165 0.2131550791959272 0.15175329634124435 0.6350916244628283
9 6.0 25.0 -23.0 -144.0 -38.98 21.761322375148787 0.19887152180139217 0.13698565323917442 0.6641428249594334
9 7.0 25.0 -23.0 -144.0 -35.82 22.2997848429173 0.19413438443250486 0.13220547577925726 0.673660139788238
9 8.0 19.0 -23.0 -144.0 -33.08 20.142763194033463 0.18530818287863393 0.12403309599530773 0.6906587211260586
9 9.0 25.0 -21.0 -143.0 -28.71 13.211026157010366 0.17719826532428964 0.10663184913192518 0.7161698855437848
9 10.0 0.0 -20.0 -58.0 -25.57 5.440690315677884 0.18138450748266602 0.09118674573260276 0.7274287467847312
9 11.0 88.0 -19.0 -58.0 -23.37 5.355361704861679 0.17568805720511416 0.08952180384445552 0.7347901389504304
9 12.0 3.0 -18.0 -39.0 -21.49 2.8194669601529188 0.17913856808438886 0.08891209494750331 0.7319493369681078
9 13.0 2.0 -17.0 -39.0 -20.46 3.02988481962632 0.17000648108540428 0.08762681759574514 0.7423667013188503
9 14.0 48.0 -15.0 -30.0 -18.72 1.8372135247035197 0.16520976844341143 0.07638120975080988 0.7584090218057785
9 15.0 15.0 -14.0 -30.0 -17.53 2.0471956674949494 0.16341922425896105 0.07783577856954482 0.7587449971714944
9 16.0 77.0 -12.0 -23.0 -16.04 1.8197568935204373 0.14039394695158522 0.08216552893332307 0.7774405241150917
9 17.0 95.0 -11.0 -23.0 -14.76 1.853852118365345 0.14079259162424862 0.08598242594684873 0.7732249824289029
9 18.0 24.0 -9.0 -23.0 -13.55 2.0069324297987152 0.1288705662167561 0.09117476198047378 0.7799546718027696
9 19.0 14.0 -9.0 -23.0 -12.19 2.033532032020278 0.11485712266469822 0.08648579798134358 0.7986570793539581
9 20.0 0.0 -7.0 -23.0 -10.73 2.196668735916623 0.13311361923581685 0.08440714879894101 0.7824792319652423
9 21.0 35.0 -6.0 -17.0 -9.2 1.752343308460722 0.13540170003205504 0.08581990020054142 0.7787783997674037
9 22.0 23.0 -5.0 -17.0 -7.91 1.712078304637999 0.12365186768878968 0.0814849137380933 0.7948632185731169
9 23.0 1.0 -4.0 -13.0 -6.68 1.5101006722745467 0.11618941756230161 0.07918637227157908 0.8046242101661193
9 24.0 1.0 -4.0 -13.0 -5.67 1.385749988382837 0.12413637806795073 0.08329118104206193 0.7925724408899875
9 25.0 15.0 -3.0 -13.0 -4.8 1.4284271211385038 0.1350743946743486 0.09251991584311105 0.7724056894825404
9 26.0 62.0 -2.0 -13.0 -4.24 1.319014018044532 0.13493658567183162 0.12513224820216653 0.7399311661260017
9 27.0 0.0 -2.0 -13.0 -3.67 1.2637526289075365 0.1329108685755416 0.1305473324839312 0.7365417989405272
9 28.0 52.0 -1.0 -5.0 -2.91 0.829932454352689 0.13004584778835518 0.13475364204212273 0.7352005101695219
9 29.0 29.0 -1.0 -5.0 -2.42 0.8062884162016778 0.1344787878603612 0.12416227490826433 0.7413589372313747
9 30.0 1.0 -1.0 -5.0 -2.02 0.7244642743769248 0.15090801593727038 0.14709339734982307 0.7019985867129064
9 31.0 1.0 -1.0 -5.0 -1.59 0.7120180453961107 0.1601432748127884 0.15306368591198272 0.6867930392752285
9 32.0 0.0 -1.0 -5.0 -1.25 0.6092717958449424 0.18336594343650403 0.17410029415937803 0.642533762404118
9 33.0 0.0 -1.0 -5.0 -1.2 0.586032715327688 0.19801315461951713 0.19520479850190756 0.6067820468785754
9 34.0 0.0 -1.0 -5.0 -1.09 0.47343575503062024 0.21346582274759207 0.2166167873696467 0.5699173898827612
9 35.0 0.0 -1.0 -5.0 -1.06 0.4221158824088681 0.26839048991213327 0.22870506202770266 0.5029044480601638
9 36.0 0.0 -1.0 -3.0 -1.03 0.2227015033536132 0.26583495822155395 0.23943102786928658 0.4947340139091594
9 37.0 0.0 -1.0 -1.0 -1.0 0.0 0.29332114089407807 0.2731708973509203 0.43350796175500184
9 38.0 0.0 -1.0 -1.0 -1.0 0.0 0.2932987312911601 0.28200471861382204 0.42469655009501805
9 39.0 0.0 -1.0 -1.0 -1.0 0.0 0.31992488860303014 0.2845045843805671 0.3955705270164027
9 40.0 0.0 -1.0 -1.0 -1.0 0.0 0.30270441131076253 0.31118932305908237 0.38610626563015493
9 41.0 0.0 -1.0 -1.0 -1.0 0.0 0.32706394793917704 0.32029975936682703 0.35263629269399616
9 42.0 0.0 -1.0 -1.0 -1.0 0.0 0.3394217711975766 0.3022069943901299 0.35837123441229374
9 43.0 0.0 -1.0 -1.0 -1.0 0.0 0.34455455618840375 0.3271252183139748 0.3283202254976215
9 44.0 0.0 -1.0 -1.0 -1.0 0.0 0.3448419910840713 0.3353177128872497 0.3198402960286792
9 45.0 0.0 -1.0 -1.0 -1.0 0.0 0.35071856795417794 0.3289422608761602 0.320339171169662
9 46.0 0.0 -1.0 -1.0 -1.0 0.0 0.3499364012057069 0.34142676472639816 0.3086368340678948
9 47.0 0.0 -1.0 -1.0 -1.0 0.0 0.33222768063287345 0.3473844576548825 0.3203878617122442
9 48.0 0.0 -1.0 -1.0 -1.0 0.0 0.3424952054042848 0.3498174419791735 0.30768735261654206
9 49.0 0.0 -1.0 -1.0 -1.0 0.0 0.3323287867088338 0.3317098833992462 0.33596132989191996
9 50.0 0.0 -1.0 -1.0 -1.0 0.0 0.3262141904327614 0.33646090171202464 0.337324907855214
9 51.0 0.0 -1.0 -1.0 -1.0 0.0 0.35285445563566953 0.31041960864676604 0.3367259357175645
9 52.0 0.0 -1.0 -1.0 -1.0 0.0 0.3642134895247229 0.3104027275174346 0.32538378295784254
9 53.0 0.0 -1.0 -1.0 -1.0 0.0 0.3464179978957606 0.2979532526505849 0.3556287494536544
9 54.0 0.0 -1.0 -1.0 -1.0 0.0 0.36420502796021653 0.3193572806849689 0.3164376913548145
9 55.0 0.0 -1.0 -1.0 -1.0 0.0 0.3289007969705214 0.3117137389799268 0.35938546404955174
9 56.0 0.0 -1.0 -1.0 -1.0 0.0 0.3297275528032449 0.31852657345184915 0.351745873744906
9 57.0 0.0 -1.0 -1.0 -1.0 0.0 0.3385909154051109 0.30775895449695595 0.353650130097933
9 58.0 0.0 -1.0 -1.0 -1.0 0.0 0.33045420997259145 0.30494494905429226 0.36460084097311635
9 59.0 0.0 -1.0 -1.0 -1.0 0.0 0.3449557280773554 0.3151360964403097 0.339908175482335
9 60.0 0.0 -1.0 -1.0 -1.0 0.0 0.3553335303374773 0.30333765979439453 0.3413288098681283
9 61.0 0.0 -1.0 -1.0 -1.0 0.0 0.3529016279793038 0.29846652117728195 0.34863185084341447
9 62.0 0.0 -1.0 -1.0 -1.0 0.0 0.3488826075064897 0.2956481291625965 0.3554692633309135
9 63.0 0.0 -1.0 -1.0 -1.0 0.0 0.3354820418503114 0.31330824848964584 0.35120970966004245
9 64.0 0.0 -1.0 -1.0 -1.0 0.0 0.34122393294157105 0.3031319426908076 0.3556441243676215
9 65.0 0.0 -1.0 -1.0 -1.0 0.0 0.3416299265217002 0.29735546451142963 0.36101460896687
9 66.0 0.0 -1.0 -1.0 -1.0 0.0 0.3545164090967682 0.31510799710020193 0.3303755938030298
9 67.0 0.0 -1.0 -1.0 -1.0 0.0 0.3245969119742387 0.3460601790298768 0.3293429089958843
9 68.0 0.0 -1.0 -1.0 -1.0 0.0 0.30577288638301736 0.3366141085934864 0.35761300502349586
9 69.0 0.0 -1.0 -1.0 -1.0 0.0 0.31047295732336466 0.3313837308429947 0.3581433118336404
9 70.0 0.0 -1.0 -1.0 -1.0 0.0 0.3032101926758573 0.3524343833377792 0.3443554239863633
9 71.0 0.0 -1.0 -1.0 -1.0 0.0 0.3246754939684105 0.35763076336286453 0.31769374266872513
9 72.0 0.0 -1.0 -1.0 -1.0 0.0 0.3395637914630767 0.3430025879069898 0.3174336206299337
9 73.0 0.0 -1.0 -1.0 -1.0 0.0 0.33798392517758585 0.34089926889882494 0.321116805923589
9 74.0 0.0 -1.0 -1.0 -1.0 0.0 0.33030378870916477 0.3319834359058244 0.33771277538501077
9 75.0 0.0 -1.0 -1.0 -1.0 0.0 0.3250787106738495 0.35215733623624706 0.3227639530899036
9 76.0 0.0 -1.0 -1.0 -1.0 0.0 0.3420657789049388 0.32565564640270017 0.3322785746923612
9 77.0 0.0 -1.0 -1.0 -1.0 0.0 0.33695316275788884 0.32671381705447855 0.3363330201876326
9 78.0 0.0 -1.0 -1.0 -1.0 0.0 0.3415585086060869 0.3242679252775349 0.3341735661163782
9 79.0 0.0 -1.0 -1.0 -1.0 0.0 0.3339682689964485 0.3405364216794616 0.32549530932408977
9 80.0 0.0 -1.0 -1.0 -1.0 0.0 0.33541168195179283 0.33930176881191726 0.32528654923628997
9 81.0 0.0 -1.0 -1.0 -1.0 0.0 0.3365131785170832 0.34002030457514015 0.32346651690777684
9 82.0 0.0 -1.0 -1.0 -1.0 0.0 0.3524326935983757 0.3238814772203228 0.3236858291813015
9 83.0 0.0 -1.0 -1.0 -1.0 0.0 0.32736282304240233 0.3425301786891911 0.3301069982684068
9 84.0 0.0 -1.0 -1.0 -1.0 0.0 0.3512982133462147 0.364383927736093 0.2843178589176923
9 85.0 0.0 -1.0 -1.0 -1.0 0.0 0.3531478883866492 0.34925598280867376 0.2975961288046769
9 86.0 0.0 -1.0 -1.0 -1.0 0.0 0.3690565991616876 0.3387438746525842 0.29219952618572825
9 87.0 0.0 -1.0 -1.0 -1.0 0.0 0.3561892373948687 0.35335093776492377 0.2904598248402074
9 88.0 0.0 -1.0 -1.0 -1.0 0.0 0.3579357675996189 0.36215813923073203 0.27990609316964893
9 89.0 0.0 -1.0 -1.0 -1.0 0.0 0.3571608983647554 0.32672485768804505 0.31611424394719984
9 90.0 0.0 -1.0 -1.0 -1.0 0.0 0.3671164913151634 0.3152166451291655 0.31766686355567136
9 91.0 0.0 -1.0 -1.0 -1.0 0.0 0.3533578566011964 0.3338566303858449 0.31278551301295865
9 92.0 0.0 -1.0 -1.0 -1.0 0.0 0.3287013900037413 0.33743304706419686 0.3338655629320618
9 93.0 0.0 -1.0 -1.0 -1.0 0.0 0.3245396776325581 0.34369965242110007 0.33176066994634196
9 94.0 0.0 -1.0 -1.0 -1.0 0.0 0.31425392934411794 0.35662643192556415 0.3291196387303178
9 95.0 0.0 -1.0 -1.0 -1.0 0.0 0.31939949692661984 0.3570065016141659 0.3235940014592142
9 96.0 0.0 -1.0 -1.0 -1.0 0.0 0.3070908253692114 0.37195111919977747 0.3209580554310113
9 97.0 0.0 -1.0 -1.0 -1.0 0.0 0.3157569044734477 0.3556198432130248 0.3286232523135276
9 98.0 0.0 -1.0 -1.0 -1.0 0.0 0.2836535560032428 0.34992987386526286 0.3664165701314943
9 99.0 0.0 -1.0 -1.0 -1.0 0.0 0.3148305946104788 0.35657219310439275 0.3285972122851286
9 100.0 0.0 -1.0 -1.0 -1.0 0.0 0.31690299656056065 0.3659300671101582 0.3171669363292811
9 101.0 0.0 -1.0 -1.0 -1.0 0.0 0.28570987406143594 0.3813589806792041 0.3329311452593601
9 102.0 0.0 -1.0 -1.0 -1.0 0.0 0.31598056902411864 0.32456869117762827 0.35945073979825304
9 103.0 0.0 -1.0 -1.0 -1.0 0.0 0.31796518399092877 0.2902546327314268 0.39178018327764447
9 104.0 0.0 -1.0 -1.0 -1.0 0.0 0.3492224992728584 0.29485165514356526 0.3559258455835763
9 105.0 0.0 -1.0 -1.0 -1.0 0.0 0.3624399009772325 0.2905131198645082 0.34704697915825927
9 106.0 0.0 -1.0 -1.0 -1.0 0.0 0.3768707817044464 0.27633348939566255 0.34679572889989096
9 107.0 0.0 -1.0 -1.0 -1.0 0.0 0.3622225134587731 0.27392220653863 0.36385528000259737
9 108.0 0.0 -1.0 -1.0 -1.0 0.0 0.3534465608948154 0.27684103811797606 0.3697124009872084
9 109.0 0.0 -1.0 -1.0 -1.0 0.0 0.36559846090862663 0.30051402254875287 0.3338875165426202
9 110.0 0.0 -1.0 -1.0 -1.0 0.0 0.36418014331267534 0.30495913715227935 0.3308607195350453
9 111.0 0.0 -1.0 -1.0 -1.0 0.0 0.36039968713154025 0.3029315772651362 0.3366687356033234
9 112.0 0.0 -1.0 -1.0 -1.0 0.0 0.36910654524831854 0.3226146877045635 0.3082787670471178
9 113.0 0.0 -1.0 -1.0 -1.0 0.0 0.3659495332085447 0.3185237161900699 0.31552675060138563
9 114.0 0.0 -1.0 -1.0 -1.0 0.0 0.3643194315399637 0.32361298389528037 0.312067584564756
9 115.0 0.0 -1.0 -1.0 -1.0 0.0 0.35789770198619253 0.33604257796753906 0.3060597200462684
9 116.0 0.0 -1.0 -1.0 -1.0 0.0 0.33580933890305753 0.34468038618262214 0.31951027491432027
9 117.0 0.0 -1.0 -1.0 -1.0 0.0 0.36717277257436387 0.3244933506648933 0.3083338767607427
9 118.0 0.0 -1.0 -1.0 -1.0 0.0 0.3351224345416914 0.32778623905525206 0.3370913264030566
9 119.0 0.0 -1.0 -1.0 -1.0 0.0 0.3302121816164339 0.31480058117317433 0.35498723721039177
9 120.0 0.0 -1.0 -1.0 -1.0 0.0 0.295589710419502 0.3568352050379607 0.3475750845425369
9 121.0 0.0 -1.0 -1.0 -1.0 0.0 0.30391467308477216 0.33608703554374364 0.3599982913714843
9 122.0 0.0 -1.0 -1.0 -1.0 0.0 0.30686377226740835 0.3268783641569466 0.3662578635756452
9 123.0 0.0 -1.0 -1.0 -1.0 0.0 0.34071464341231766 0.3346679672210435 0.3246173893666387
9 124.0 0.0 -1.0 -1.0 -1.0 0.0 0.3264662602710346 0.33340312606279576 0.3401306136661696
9 125.0 0.0 -1.0 -1.0 -1.0 0.0 0.32629276320786943 0.32032402048622877 0.35338321630590164
9 126.0 0.0 -1.0 -1.0 -1.0 0.0 0.34075277066701004 0.3256708958274244 0.3335763335055653
9 127.0 0.0 -1.0 -1.0 -1.0 0.0 0.32652954620099434 0.32603868373029804 0.34743177006870757
9 128.0 0.0 -1.0 -1.0 -1.0 0.0 0.3343380429242331 0.33309426283229376 0.332567694243473
9 129.0 0.0 -1.0 -1.0 -1.0 0.0 0.32081966546519874 0.351482831987813 0.3276975025469884
9 130.0 0.0 -1.0 -1.0 -1.0 0.0 0.3392007564497634 0.34323105548618515 0.31756818806405146
9 131.0 0.0 -1.0 -1.0 -1.0 0.0 0.3382152142288524 0.32302336069135024 0.3387614250797977
9 132.0 0.0 -1.0 -1.0 -1.0 0.0 0.3267825252904531 0.3105166413987718 0.362700833310775
9 133.0 0.0 -1.0 -1.0 -1.0 0.0 0.31640732583115455 0.3118615854111462 0.3717310887576993
9 134.0 0.0 -1.0 -1.0 -1.0 0.0 0.2764730800494778 0.3329780636238063 0.3905488563267162
9 135.0 0.0 -1.0 -1.0 -1.0 0.0 0.31739629063595365 0.33616722474028504 0.34643648462376136
9 136.0 0.0 -1.0 -1.0 -1.0 0.0 0.33258180591048564 0.3404411227326109 0.3269770713569033
9 137.0 0.0 -1.0 -1.0 -1.0 0.0 0.325158557033274 0.3617743728392678 0.31306707012745816
9 138.0 0.0 -1.0 -1.0 -1.0 0.0 0.3391535898007724 0.3384939215793827 0.32235248861984495
9 139.0 0.0 -1.0 -1.0 -1.0 0.0 0.37842818753462987 0.32952847935142715 0.2920433331139426
9 140.0 0.0 -1.0 -1.0 -1.0 0.0 0.3683401387511258 0.3418540664290424 0.28980579481983193
9 141.0 0.0 -1.0 -1.0 -1.0 0.0 0.3778714357970885 0.3219744060032206 0.3001541581996909
9 142.0 0.0 -1.0 -1.0 -1.0 0.0 0.3744552857983994 0.31611932883125965 0.3094253853703409
9 143.0 0.0 -1.0 -1.0 -1.0 0.0 0.36697016991638615 0.33551302707065567 0.2975168030129584
9 144.0 0.0 -1.0 -1.0 -1.0 0.0 0.3514920178765263 0.3354206694290058 0.31308731269446805
9 145.0 0.0 -1.0 -1.0 -1.0 0.0 0.38639831009982706 0.30471592971262007 0.3088857601875528
9 146.0 0.0 -1.0 -1.0 -1.0 0.0 0.38786011101344026 0.3028920020005528 0.309247886986007
9 147.0 0.0 -1.0 -1.0 -1.0 0.0 0.3938665708250011 0.2993417017054978 0.3067917274695012
9 148.0 0.0 -1.0 -1.0 -1.0 0.0 0.3626566039487545 0.32197808135935896 0.31536531469188644
9 149.0 0.0 -1.0 -1.0 -1.0 0.0 0.35130965979680895 0.32286265196543545 0.32582768823775576
9 150.0 0.0 -1.0 -1.0 -1.0 0.0 0.32358561373694866 0.33556796776222947 0.34084641850082187
9 151.0 0.0 -1.0 -1.0 -1.0 0.0 0.34511540775743355 0.3407876721358196 0.31409692010674667
9 152.0 0.0 -1.0 -1.0 -1.0 0.0 0.33858324884603486 0.34633370138934844 0.31508304976461665
9 153.0 0.0 -1.0 -1.0 -1.0 0.0 0.3398329506201608 0.3170206817767637 0.34314636760307543
9 154.0 0.0 -1.0 -1.0 -1.0 0.0 0.30971829159925796 0.3281899270156531 0.36209178138508913
9 155.0 0.0 -1.0 -1.0 -1.0 0.0 0.29832475106266076 0.33996964299112553 0.3617056059462134
9 156.0 0.0 -1.0 -1.0 -1.0 0.0 0.3060816105293731 0.33723323592616766 0.35668515354445923
9 157.0 0.0 -1.0 -1.0 -1.0 0.0 0.3113787035880265 0.31393989630392577 0.3746814001080478
9 158.0 0.0 -1.0 -1.0 -1.0 0.0 0.3166130112699228 0.32144222694888247 0.361944761781195
9 159.0 0.0 -1.0 -1.0 -1.0 0.0 0.2966466807944382 0.3294559907544351 0.37389732845112644
9 160.0 0.0 -1.0 -1.0 -1.0 0.0 0.30181791215660964 0.3112513145537185 0.38693077328967207
9 161.0 0.0 -1.0 -1.0 -1.0 0.0 0.30407010750359603 0.32937991878175477 0.36654997371464915
9 162.0 0.0 -1.0 -1.0 -1.0 0.0 0.3157246216437903 0.3327374048077575 0.3515379735484521
9 163.0 0.0 -1.0 -1.0 -1.0 0.0 0.3089778179281457 0.35968851128785473 0.33133367078399945
9 164.0 0.0 -1.0 -1.0 -1.0 0.0 0.2759131353557969 0.373877319229171 0.35020954541503163
9 165.0 0.0 -1.0 -1.0 -1.0 0.0 0.3124176638033031 0.3539553997056599 0.333626936491037
9 166.0 0.0 -1.0 -1.0 -1.0 0.0 0.30984370742719763 0.3694105959574464 0.3207456966153561
9 167.0 0.0 -1.0 -1.0 -1.0 0.0 0.3131412435202559 0.3508169614631777 0.3360417950165662
9 168.0 0.0 -1.0 -1.0 -1.0 0.0 0.3257290289744476 0.33457022968569283 0.3397007413398594
9 169.0 0.0 -1.0 -1.0 -1.0 0.0 0.34775036532172693 0.3098774504572473 0.3423721842210259
9 170.0 0.0 -1.0 -1.0 -1.0 0.0 0.3244697423234137 0.335009419642883 0.34052083803370325
9 171.0 0.0 -1.0 -1.0 -1.0 0.0 0.3173449088413036 0.3658197610047405 0.316835330153956
9 172.0 0.0 -1.0 -1.0 -1.0 0.0 0.34631644602755074 0.33391524860505567 0.3197683053673933
9 173.0 0.0 -1.0 -1.0 -1.0 0.0 0.34834854100589163 0.33560875227829084 0.31604270671581763
9 174.0 0.0 -1.0 -1.0 -1.0 0.0 0.3683369288766133 0.32504485192743204 0.3066182191959546
9 175.0 0.0 -1.0 -1.0 -1.0 0.0 0.34207222866004733 0.31355097626118383 0.34437679507876884
9 176.0 0.0 -1.0 -1.0 -1.0 0.0 0.3409408939945942 0.2928220502458299 0.36623705575957616
9 177.0 0.0 -1.0 -1.0 -1.0 0.0 0.3434072585398009 0.3113824018244233 0.34521033963577596
9 178.0 0.0 -1.0 -1.0 -1.0 0.0 0.3548376130000252 0.31063004601152117 0.33453234098845386
9 179.0 0.0 -1.0 -1.0 -1.0 0.0 0.34370113461973345 0.31637652797657934 0.3399223374036871
9 180.0 0.0 -1.0 -1.0 -1.0 0.0 0.3685270036839784 0.3126098000335265 0.31886319628249504
9 181.0 0.0 -1.0 -1.0 -1.0 0.0 0.3773458510252059 0.32873849186346893 0.29391565711132484
9 182.0 0.0 -1.0 -1.0 -1.0 0.0 0.3877837638309936 0.30713904819432414 0.3050771879746823
9 183.0 0.0 -1.0 -1.0 -1.0 0.0 0.35400117804462033 0.3140439134272881 0.3319549085280915
9 184.0 0.0 -1.0 -1.0 -1.0 0.0 0.3680824244451015 0.3161284216886747 0.3157891538662237
9 185.0 0.0 -1.0 -1.0 -1.0 0.0 0.3774253622271045 0.2969345612071886 0.3256400765657066
9 186.0 0.0 -1.0 -1.0 -1.0 0.0 0.36086235537707223 0.292985816964918 0.34615182765800967
9 187.0 0.0 -1.0 -1.0 -1.0 0.0 0.3671169153083242 0.27893433043303 0.35394875425864597
9 188.0 0.0 -1.0 -1.0 -1.0 0.0 0.3356617742851045 0.3014226842402926 0.36291554147460287
9 189.0 0.0 -1.0 -1.0 -1.0 0.0 0.3500168591470016 0.29337014987382487 0.35661299097917337
9 190.0 0.0 -1.0 -1.0 -1.0 0.0 0.3498549757645419 0.31325297334236757 0.3368920508930907
9 191.0 0.0 -1.0 -1.0 -1.0 0.0 0.35297561719719667 0.30413276041045145 0.34289162239235177
9 192.0 0.0 -1.0 -1.0 -1.0 0.0 0.37113105467927304 0.31254563806325686 0.3163233072574701
9 193.0 0.0 -1.0 -1.0 -1.0 0.0 0.3722214939591483 0.304013535015882 0.3237649710249697
9 194.0 0.0 -1.0 -1.0 -1.0 0.0 0.3603535611199319 0.3127605980021627 0.3268858408779054
9 195.0 0.0 -1.0 -1.0 -1.0 0.0 0.383889872768422 0.3059445550031359 0.3101655722284422
9 196.0 0.0 -1.0 -1.0 -1.0 0.0 0.42788822723682995 0.29853715877235065 0.27357461399081945
9 197.0 0.0 -1.0 -1.0 -1.0 0.0 0.41113314394516143 0.3128796141134627 0.27598724194137597
9 198.0 0.0 -1.0 -1.0 -1.0 0.0 0.40239151710973303 0.3123048040962081 0.28530367879405893
9 199.0 0.0 -1.0 -1.0 -1.0 0.0 0.40552797213739383 0.31502827423774726 0.279443753624859
9 200.0 0.0 -1.0 -1.0 -1.0 0.0 0.3882084681367804 0.33335155031271974 0.2784399815505
9 201.0 0.0 -1.0 -1.0 -1.0 0.0 0.39999277689484514 0.33680080963131515 0.26320641347383966
9 202.0 0.0 -1.0 -1.0 -1.0 0.0 0.40965699140100414 0.29951662426609227 0.29082638433290353
9 203.0 0.0 -1.0 -1.0 -1.0 0.0 0.38750833034599125 0.3090333581967533 0.30345831145725577
9 204.0 0.0 -1.0 -1.0 -1.0 0.0 0.3710896519973339 0.30004723021021074 0.3288631177924555
9 205.0 0.0 -1.0 -1.0 -1.0 0.0 0.35697879674417676 0.2988951344985795 0.3441260687572438
9 206.0 0.0 -1.0 -1.0 -1.0 0.0 0.34948894685129994 0.32135092916250146 0.32916012398619876
9 207.0 0.0 -1.0 -1.0 -1.0 0.0 0.3777646085943387 0.3075555699030847 0.3146798215025764
9 208.0 0.0 -1.0 -1.0 -1.0 0.0 0.40157483412046163 0.3248294243059586 0.27359574157357985
9 209.0 0.0 -1.0 -1.0 -1.0 0.0 0.3551151843703794 0.35694032794076186 0.2879444876888588
9 210.0 0.0 -1.0 -1.0 -1.0 0.0 0.3271896001944307 0.3571255323808873 0.315684867424682
9 211.0 0.0 -1.0 -1.0 -1.0 0.0 0.3208195175370825 0.3626079164365618 0.316572566026356
9 212.0 0.0 -1.0 -1.0 -1.0 0.0 0.31881958793496845 0.3606574779388293 0.32052293412620203
9 213.0 0.0 -1.0 -1.0 -1.0 0.0 0.3259253600592266 0.3435826917120918 0.33049194822868166
9 214.0 0.0 -1.0 -1.0 -1.0 0.0 0.31683794390035575 0.33502363091486986 0.3481384251847743
9 215.0 0.0 -1.0 -1.0 -1.0 0.0 0.29985303543104025 0.35829027298115007 0.34185669158780985
9 216.0 0.0 -1.0 -1.0 -1.0 0.0 0.293252939463547 0.3592154330474866 0.3475316274889662
9 217.0 0.0 -1.0 -1.0 -1.0 0.0 0.29075566076734577 0.343443088360671 0.3658012508719829
9 218.0 0.0 -1.0 -1.0 -1.0 0.0 0.3142843136600744 0.33001375108787767 0.35570193525204774
9 219.0 0.0 -1.0 -1.0 -1.0 0.0 0.327244129833669 0.3122341481842738 0.36052172198205734
9 220.0 0.0 -1.0 -1.0 -1.0 0.0 0.3254793254881123 0.3054318584678057 0.3690888160440817
9 221.0 0.0 -1.0 -1.0 -1.0 0.0 0.33287256367807905 0.33787087023946083 0.32925656608246007
9 222.0 0.0 -1.0 -1.0 -1.0 0.0 0.3344789592605067 0.3492771535480263 0.31624388719146684
9 223.0 0.0 -1.0 -1.0 -1.0 0.0 0.35167487072438924 0.3402470525482819 0.3080780767273289
9 224.0 0.0 -1.0 -1.0 -1.0 0.0 0.37069853358140004 0.30880663061174113 0.3204948358068589
9 225.0 0.0 -1.0 -1.0 -1.0 0.0 0.3458435094570993 0.32805410410400626 0.32610238643889455
9 226.0 0.0 -1.0 -1.0 -1.0 0.0 0.33279124592082865 0.32798356459733 0.3392251894818411
9 227.0 0.0 -1.0 -1.0 -1.0 0.0 0.31098909415879233 0.33932892377060353 0.3496819820706042
9 228.0 0.0 -1.0 -1.0 -1.0 0.0 0.32098904789432475 0.3403803409080775 0.33863061119759746
9 229.0 0.0 -1.0 -1.0 -1.0 0.0 0.30739430229469794 0.34743224200540446 0.34517345569989794
9 230.0 0.0 -1.0 -1.0 -1.0 0.0 0.3415215462614538 0.3477584756683857 0.31071997807016044
9 231.0 0.0 -1.0 -1.0 -1.0 0.0 0.32805354346317495 0.35531906683574355 0.31662738970108145
9 232.0 0.0 -1.0 -1.0 -1.0 0.0 0.3305983625898983 0.3327460820463257 0.33665555536377595
9 233.0 0.0 -1.0 -1.0 -1.0 0.0 0.35615410956694765 0.34861118954749715 0.29523470088555553
9 234.0 0.0 -1.0 -1.0 -1.0 0.0 0.32580840525270394 0.3741527294473743 0.3000388652999218
9 235.0 0.0 -1.0 -1.0 -1.0 0.0 0.3317529237545689 0.3620102066669273 0.3062368695785038
9 236.0 0.0 -1.0 -1.0 -1.0 0.0 0.33435941248557627 0.36550260821197866 0.3001379793024451
9 237.0 0.0 -1.0 -1.0 -1.0 0.0 0.34709200222040487 0.35312406054482415 0.2997839372347709
9 238.0 0.0 -1.0 -1.0 -1.0 0.0 0.3480725701504936 0.348441479056495 0.3034859507930113
9 239.0 0.0 -1.0 -1.0 -1.0 0.0 0.3460727496050172 0.3535201314275093 0.3004071189674735
9 240.0 0.0 -1.0 -1.0 -1.0 0.0 0.3175691948211593 0.3832968706211577 0.29913393455768317
9 241.0 0.0 -1.0 -1.0 -1.0 0.0 0.3018345025068249 0.3966842851723256 0.3014812123208497
9 242.0 0.0 -1.0 -1.0 -1.0 0.0 0.27547138072725597 0.39078193419899987 0.33374668507374394
9 243.0 0.0 -1.0 -1.0 -1.0 0.0 0.2710980570552882 0.38799583689078715 0.34090610605392496
9 244.0 0.0 -1.0 -1.0 -1.0 0.0 0.28745282743482503 0.3748641434209171 0.3376830291442581
9 245.0 0.0 -1.0 -1.0 -1.0 0.0 0.29480461158631927 0.38135392393786943 0.32384146447581125
9 246.0 0.0 -1.0 -1.0 -1.0 0.0 0.3063124257588543 0.3791585799612177 0.314528994279928
9 247.0 0.0 -1.0 -1.0 -1.0 0.0 0.3171307656234524 0.36189823799303406 0.3209709963835136
9 248.0 0.0 -1.0 -1.0 -1.0 0.0 0.3011194068457445 0.3610883107311168 0.3377922824231387
9 249.0 0.0 -1.0 -1.0 -1.0 0.0 0.3206208213692064 0.33958761525885867 0.3397915633719349
9 250.0 0.0 -1.0 -1.0 -1.0 0.0 0.31872701881641946 0.32752927141839455 0.35374370976518604
9 251.0 0.0 -1.0 -1.0 -1.0 0.0 0.36631820652280306 0.28604240833206124 0.3476393851451355
9 252.0 0.0 -1.0 -1.0 -1.0 0.0 0.35842720502260855 0.29128027282167096 0.3502925221557204
9 253.0 0.0 -1.0 -1.0 -1.0 0.0 0.3421073757336957 0.3007339105440297 0.3571587137222745
9 254.0 0.0 -1.0 -1.0 -1.0 0.0 0.33784823439112516 0.29945986662336815 0.3626918989855068
9 255.0 0.0 -1.0 -1.0 -1.0 0.0 0.32175189411546407 0.31143027455113836 0.3668178313333974
9 256.0 0.0 -1.0 -1.0 -1.0 0.0 0.3504985620446082 0.312846540574776 0.33665489738061594
9 257.0 0.0 -1.0 -1.0 -1.0 0.0 0.34705084454586016 0.3081368001744031 0.34481235527973675
9 258.0 0.0 -1.0 -1.0 -1.0 0.0 0.3364459746275511 0.3271544416149522 0.33639958375749657
9 259.0 0.0 -1.0 -1.0 -1.0 0.0 0.3527966657480647 0.32277664744261564 0.3244266868093196
9 260.0 0.0 -1.0 -1.0 -1.0 0.0 0.34443384788823517 0.3155264905701793 0.34003966154158527
9 261.0 0.0 -1.0 -1.0 -1.0 0.0 0.3252886165664996 0.3308023707539819 0.34390901267951846
9 262.0 0.0 -1.0 -1.0 -1.0 0.0 0.30208082728205643 0.3102309210284448 0.38768825168949883
9 263.0 0.0 -1.0 -1.0 -1.0 0.0 0.30730762205582157 0.3501745189829032 0.342517858961275
9 264.0 0.0 -1.0 -1.0 -1.0 0.0 0.3276457100663917 0.33448270266777447 0.3378715872658338
9 265.0 0.0 -1.0 -1.0 -1.0 0.0 0.3291058471119808 0.33681300483334475 0.3340811480546745
9 266.0 0.0 -1.0 -1.0 -1.0 0.0 0.3524468656291524 0.34013942090481364 0.30741371346603397
9 267.0 0.0 -1.0 -1.0 -1.0 0.0 0.3669315264246053 0.3429603012249656 0.29010817235042907
9 268.0 0.0 -1.0 -1.0 -1.0 0.0 0.3367347779431526 0.35145307788431784 0.3118121441725296
9 269.0 0.0 -1.0 -1.0 -1.0 0.0 0.3602137817100465 0.3493486725355227 0.290437545754431
9 270.0 0.0 -1.0 -1.0 -1.0 0.0 0.3378817807860583 0.3520458697611702 0.3100723494527713
9 271.0 0.0 -1.0 -1.0 -1.0 0.0 0.33218686021544536 0.3364619265348459 0.33135121324970884
9 272.0 0.0 -1.0 -1.0 -1.0 0.0 0.329390709681284 0.3474413264352378 0.32316796388347835
9 273.0 0.0 -1.0 -1.0 -1.0 0.0 0.3111191510462147 0.3527672321007498 0.33611361685303587
9 274.0 0.0 -1.0 -1.0 -1.0 0.0 0.35619678628589946 0.3318256897919712 0.31197752392212935
9 275.0 0.0 -1.0 -1.0 -1.0 0.0 0.3385107609025057 0.34124004591325524 0.32024919318423917
9 276.0 0.0 -1.0 -1.0 -1.0 0.0 0.33763812932279935 0.34978929789291874 0.31257257278428185
9 277.0 0.0 -1.0 -1.0 -1.0 0.0 0.3666469755052216 0.3353074291863608 0.298045595308418
9 278.0 0.0 -1.0 -1.0 -1.0 0.0 0.3388427083671816 0.3401684292253752 0.32098886240744356
9 279.0 0.0 -1.0 -1.0 -1.0 0.0 0.3328083542469588 0.3276886110422075 0.3395030347108336
9 280.0 0.0 -1.0 -1.0 -1.0 0.0 0.35123364151722924 0.30840361035763114 0.34036274812513945
9 281.0 0.0 -1.0 -1.0 -1.0 0.0 0.3553729971765121 0.319933752735537 0.3246932500879509
9 282.0 0.0 -1.0 -1.0 -1.0 0.0 0.346631015188566 0.3295797236036499 0.3237892612077841
9 283.0 0.0 -1.0 -1.0 -1.0 0.0 0.3330743468189565 0.3186206137988673 0.34830503938217633
9 284.0 0.0 -1.0 -1.0 -1.0 0.0 0.3339486544697601 0.31927411224206936 0.3467772332881705
9 285.0 0.0 -1.0 -1.0 -1.0 0.0 0.3277725418479846 0.3204091345539133 0.35181832359810217
9 286.0 0.0 -1.0 -1.0 -1.0 0.0 0.3215334934613482 0.32829946319201375 0.3501670433466378
9 287.0 0.0 -1.0 -1.0 -1.0 0.0 0.30968686441726195 0.32628726111559836 0.36402587446713985
9 288.0 0.0 -1.0 -1.0 -1.0 0.0 0.32614325509222447 0.3119107081393796 0.36194603676839604
9 289.0 0.0 -1.0 -1.0 -1.0 0.0 0.32677102858144835 0.3013033317672444 0.3719256396513073
9 290.0 0.0 -1.0 -1.0 -1.0 0.0 0.30253649863061144 0.33123085472772823 0.36623264664166055
9 291.0 0.0 -1.0 -1.0 -1.0 0.0 0.29769681374800006 0.3412508049983725 0.36105238125362715
9 292.0 0.0 -1.0 -1.0 -1.0 0.0 0.3120489734596005 0.32992278735876845 0.35802823918163107
9 293.0 0.0 -1.0 -1.0 -1.0 0.0 0.31514854268978243 0.3392429909317054 0.3456084663785124
9 294.0 0.0 -1.0 -1.0 -1.0 0.0 0.3402223863918781 0.33018491629207547 0.32959269731604623
9 295.0 0.0 -1.0 -1.0 -1.0 0.0 0.3492580035851905 0.34222721543696694 0.3085147809778423
9 296.0 0.0 -1.0 -1.0 -1.0 0.0 0.35146040542321133 0.3577715019538132 0.29076809262297576
9 297.0 0.0 -1.0 -1.0 -1.0 0.0 0.36052909377634357 0.3323556494577972 0.30711525676585877
9 298.0 0.0 -1.0 -1.0 -1.0 0.0 0.3438082573303435 0.35113956961754034 0.3050521730521163
9 299.0 0.0 -1.0 -1.0 -1.0 0.0 0.3513113841249136 0.34801848653328626 0.3006701293418
9 300.0 0.0 -1.0 -1.0 -1.0 0.0 0.3500877809523828 0.3483253817318466 0.3015868373157705
9 301.0 0.0 -1.0 -1.0 -1.0 0.0 0.3297306078987088 0.361224694164188 0.30904469793710326
9 302.0 0.0 -1.0 -1.0 -1.0 0.0 0.33478253125250573 0.3519568474492346 0.31326062129825966
9 303.0 0.0 -1.0 -1.0 -1.0 0.0 0.3387727477848519 0.3603830121007276 0.3008442401144203
9 304.0 0.0 -1.0 -1.0 -1.0 0.0 0.3185743125839642 0.3905938964564031 0.2908317909596325
9 305.0 0.0 -1.0 -1.0 -1.0 0.0 0.317317823104654 0.37672196402862496 0.305960212866721
9 306.0 0.0 -1.0 -1.0 -1.0 0.0 0.306426314510148 0.379229365325293 0.31434432016455915
9 307.0 0.0 -1.0 -1.0 -1.0 0.0 0.3070255218891408 0.39720124852078215 0.29577322959007696
9 308.0 0.0 -1.0 -1.0 -1.0 0.0 0.32933764729257026 0.3827235163689559 0.287938836338474
9 309.0 0.0 -1.0 -1.0 -1.0 0.0 0.35133908614750736 0.3691713733481802 0.27948954050431263
9 310.0 0.0 -1.0 -1.0 -1.0 0.0 0.3615202680991107 0.33384860618425777 0.3046311257166316
9 311.0 0.0 -1.0 -1.0 -1.0 0.0 0.3313606545237848 0.34030725820544844 0.32833208727076696
9 312.0 0.0 -1.0 -1.0 -1.0 0.0 0.328050543424159 0.34806561890795884 0.32388383766788204
9 313.0 0.0 -1.0 -1.0 -1.0 0.0 0.3295589923154141 0.32612099300999725 0.34432001467458867
9 314.0 0.0 -1.0 -1.0 -1.0 0.0 0.3373618344740255 0.3343971415598078 0.3282410239661667
9 315.0 0.0 -1.0 -1.0 -1.0 0.0 0.3510029700083514 0.309695173248743 0.33930185674290564
9 316.0 0.0 -1.0 -1.0 -1.0 0.0 0.3628671505569205 0.31965368597313976 0.3174791634699396
9 317.0 0.0 -1.0 -1.0 -1.0 0.0 0.34914990150725506 0.3081993787743836 0.3426507197183614
9 318.0 0.0 -1.0 -1.0 -1.0 0.0 0.345993945642167 0.30492879259405703 0.34907726176377607
9 319.0 0.0 -1.0 -1.0 -1.0 0.0 0.3725802073691338 0.2994006478199488 0.3280191448109174
9 320.0 0.0 -1.0 -1.0 -1.0 0.0 0.37230016081147727 0.29261635444717254 0.3350834847413504
9 321.0 0.0 -1.0 -1.0 -1.0 0.0 0.3628948998603974 0.3004812773972314 0.33662382274237096
9 322.0 0.0 -1.0 -1.0 -1.0 0.0 0.3718225282415306 0.3020952550218697 0.32608221673659976
9 323.0 0.0 -1.0 -1.0 -1.0 0.0 0.378762707858652 0.29936517476084007 0.32187211738050786
9 324.0 0.0 -1.0 -1.0 -1.0 0.0 0.366015337627489 0.31694881531486113 0.3170358470576501
9 325.0 0.0 -1.0 -1.0 -1.0 0.0 0.37177881062734164 0.3042113978170869 0.3240097915555713
9 326.0 0.0 -1.0 -1.0 -1.0 0.0 0.37742689304180765 0.29665930273495444 0.3259138042232378
9 327.0 0.0 -1.0 -1.0 -1.0 0.0 0.36070062747945203 0.28815200040052663 0.3511473721200214
9 328.0 0.0 -1.0 -1.0 -1.0 0.0 0.33512702553435636 0.31443961424976036 0.350433360215883
9 329.0 0.0 -1.0 -1.0 -1.0 0.0 0.3213301264798739 0.3225996646274084 0.3560702088927177
9 330.0 0.0 -1.0 -1.0 -1.0 0.0 0.3082402812230098 0.33227765156837735 0.3594820672086126
9 331.0 0.0 -1.0 -1.0 -1.0 0.0 0.30711674932391353 0.33277402341232576 0.360109227263761
9 332.0 0.0 -1.0 -1.0 -1.0 0.0 0.32592697782267516 0.3245176667135176 0.34955535546380717
9 333.0 0.0 -1.0 -1.0 -1.0 0.0 0.31779722092891977 0.335875598293511 0.34632718077756897
9 334.0 0.0 -1.0 -1.0 -1.0 0.0 0.35600705209285544 0.32637894040531085 0.3176140075018337
9 335.0 0.0 -1.0 -1.0 -1.0 0.0 0.34423056389849127 0.3204087561103816 0.3353606799911272
9 336.0 0.0 -1.0 -1.0 -1.0 0.0 0.34142540819111566 0.3466898589804256 0.31188473282845897
9 337.0 0.0 -1.0 -1.0 -1.0 0.0 0.342563203135111 0.3483622622899956 0.3090745345748933
9 338.0 0.0 -1.0 -1.0 -1.0 0.0 0.3459138688054426 0.3256379554061513 0.3284481757884061
9 339.0 0.0 -1.0 -1.0 -1.0 0.0 0.3686230652647289 0.31795957320316953 0.31341736153210126
9 340.0 0.0 -1.0 -1.0 -1.0 0.0 0.36032233523577306 0.3435175227903505 0.2961601419738761
9 341.0 0.0 -1.0 -1.0 -1.0 0.0 0.3559647368284399 0.3370840734597469 0.30695118971181307
9 342.0 0.0 -1.0 -1.0 -1.0 0.0 0.3729964420313278 0.3331478520430182 0.29385570592565363
9 343.0 0.0 -1.0 -1.0 -1.0 0.0 0.35027031375293277 0.34842192692971885 0.30130775931734843
9 344.0 0.0 -1.0 -1.0 -1.0 0.0 0.367557766149523 0.3417094928507342 0.29073274099974283
9 345.0 0.0 -1.0 -1.0 -1.0 0.0 0.3657259290801634 0.32716175121253516 0.3071123197073015
9 346.0 0.0 -1.0 -1.0 -1.0 0.0 0.37361156396974704 0.3270830262247869 0.299305409805466
9 347.0 0.0 -1.0 -1.0 -1.0 0.0 0.3418943233150895 0.3261087244236848 0.33199695226122566
9 348.0 0.0 -1.0 -1.0 -1.0 0.0 0.33507154454397764 0.33077708814643686 0.33415136730958556
9 349.0 0.0 -1.0 -1.0 -1.0 0.0 0.3499946217796836 0.3212886372428704 0.328716740977446
9 350.0 0.0 -1.0 -1.0 -1.0 0.0 0.30391688090486335 0.3511804952737091 0.3449026238214275
9 351.0 0.0 -1.0 -1.0 -1.0 0.0 0.3042403062316288 0.3418086517906584 0.35395104197771277
9 352.0 0.0 -1.0 -1.0 -1.0 0.0 0.31034967710333605 0.34651892157239317 0.3431314013242707
9 353.0 0.0 -1.0 -1.0 -1.0 0.0 0.30737656936902186 0.3392891677080555 0.35333426292292275
9 354.0 0.0 -1.0 -1.0 -1.0 0.0 0.3310910904752231 0.349054721955705 0.3198541875690719
9 355.0 0.0 -1.0 -1.0 -1.0 0.0 0.3075326778793138 0.3447495002492415 0.34771782187144473
9 356.0 0.0 -1.0 -1.0 -1.0 0.0 0.3141140399293134 0.3283995875352968 0.3574863725353897
9 357.0 0.0 -1.0 -1.0 -1.0 0.0 0.3013432368561125 0.33713915069664196 0.36151761244724523
9 358.0 0.0 -1.0 -1.0 -1.0 0.0 0.32077385248972645 0.3436267636290458 0.3355993838812277
9 359.0 0.0 -1.0 -1.0 -1.0 0.0 0.3252674603321745 0.3639711303918816 0.3107614092759439
9 360.0 0.0 -1.0 -1.0 -1.0 0.0 0.3444813935751793 0.33284803299090965 0.32267057343391087
9 361.0 0.0 -1.0 -1.0 -1.0 0.0 0.332807775334545 0.34617383681389013 0.32101838785156483
9 362.0 0.0 -1.0 -1.0 -1.0 0.0 0.310602951958895 0.3400900350487726 0.3493070129923323
9 363.0 0.0 -1.0 -1.0 -1.0 0.0 0.330763045455146 0.3107122984276972 0.35852465611715667
9 364.0 0.0 -1.0 -1.0 -1.0 0.0 0.3519499978398472 0.29288344276117373 0.3551665593989792
9 365.0 0.0 -1.0 -1.0 -1.0 0.0 0.3568623464711965 0.2879143381090838 0.35522331541971985
9 366.0 0.0 -1.0 -1.0 -1.0 0.0 0.3708722935626217 0.3078751800392787 0.32125252639809937
9 367.0 0.0 -1.0 -1.0 -1.0 0.0 0.34954517703457993 0.33799429024517996 0.31246053272024
9 368.0 0.0 -1.0 -1.0 -1.0 0.0 0.3621110703977339 0.3037356370147035 0.3341532925875628
9 369.0 0.0 -1.0 -1.0 -1.0 0.0 0.3489960508769501 0.3072977394075755 0.34370620971547394
9 370.0 0.0 -1.0 -1.0 -1.0 0.0 0.33244770463283574 0.33231527228437874 0.3352370230827855
9 371.0 0.0 -1.0 -1.0 -1.0 0.0 0.3170909983023622 0.34111260719250325 0.34179639450513455
9 372.0 0.0 -1.0 -1.0 -1.0 0.0 0.3053268489788221 0.3592010859332978 0.33547206508788
9 373.0 0.0 -1.0 -1.0 -1.0 0.0 0.3073415941599379 0.32754491981194817 0.3651134860281139
9 374.0 0.0 -1.0 -1.0 -1.0 0.0 0.30144456815259735 0.3146141344617718 0.38394129738563104
9 375.0 0.0 -1.0 -1.0 -1.0 0.0 0.31500079172852674 0.31338078167207145 0.3716184265994019
9 376.0 0.0 -1.0 -1.0 -1.0 0.0 0.33794645532330675 0.2816843194393767 0.3803692252373164
9 377.0 0.0 -1.0 -1.0 -1.0 0.0 0.31920186834946623 0.31938447481574644 0.3614136568347874
9 378.0 0.0 -1.0 -1.0 -1.0 0.0 0.343301533112434 0.3094610346549306 0.3472374322326354
9 379.0 0.0 -1.0 -1.0 -1.0 0.0 0.3219961611612341 0.33096148004929626 0.34704235878946976
9 380.0 0.0 -1.0 -1.0 -1.0 0.0 0.33477705367902666 0.33600056810008283 0.3292223782208907
9 381.0 0.0 -1.0 -1.0 -1.0 0.0 0.3374293576622257 0.35530914296368876 0.30726149937408537
9 382.0 0.0 -1.0 -1.0 -1.0 0.0 0.35062336448745407 0.31574376792819686 0.33363286758434896
9 383.0 0.0 -1.0 -1.0 -1.0 0.0 0.3534976160328831 0.3514349486577212 0.29506743530939566
9 384.0 0.0 -1.0 -1.0 -1.0 0.0 0.354580109531848 0.35108405871691767 0.2943358317512341
9 385.0 0.0 -1.0 -1.0 -1.0 0.0 0.36224106914887627 0.32599484754715513 0.31176408330396865
9 386.0 0.0 -1.0 -1.0 -1.0 0.0 0.3713240453971296 0.31801108420410673 0.3106648703987635
9 387.0 0.0 -1.0 -1.0 -1.0 0.0 0.35836276481451335 0.3548360478507342 0.2868011873347526
9 388.0 0.0 -1.0 -1.0 -1.0 0.0 0.36723006413469433 0.3156467385541021 0.3171231973112036
9 389.0 0.0 -1.0 -1.0 -1.0 0.0 0.3733046551619368 0.31682864830102964 0.3098666965370335
9 390.0 0.0 -1.0 -1.0 -1.0 0.0 0.345195397270984 0.32995004897268937 0.32485455375632666
9 391.0 0.0 -1.0 -1.0 -1.0 0.0 0.33024182470800284 0.3487577162717697 0.3210004590202275
9 392.0 0.0 -1.0 -1.0 -1.0 0.0 0.31044825247371266 0.34546149342186433 0.34409025410442307
9 393.0 0.0 -1.0 -1.0 -1.0 0.0 0.31805596504096967 0.3205260580750251 0.3614179768840053
9 394.0 0.0 -1.0 -1.0 -1.0 0.0 0.34401489944747676 0.3207491338787803 0.3352359666737431
9 395.0 0.0 -1.0 -1.0 -1.0 0.0 0.3457234944271334 0.3246509294913851 0.3296255760814815
9 396.0 0.0 -1.0 -1.0 -1.0 0.0 0.30661879824999383 0.37506996557964095 0.31831123617036516
9 397.0 0.0 -1.0 -1.0 -1.0 0.0 0.3219717215088144 0.36236650527813 0.3156617732130558
9 398.0 0.0 -1.0 -1.0 -1.0 0.0 0.32564059405969803 0.3548973980539326 0.319462007886369
9 399.0 0.0 -1.0 -1.0 -1.0 0.0 0.3034308319905322 0.3652255394704346 0.331343628539033
9 400.0 0.0 -1.0 -1.0 -1.0 0.0 0.3148227405548769 0.35689370224456113 0.32828355720056207
9 401.0 0.0 -1.0 -1.0 -1.0 0.0 0.3502756730389494 0.31759049896689173 0.33213382799415897
9 402.0 0.0 -1.0 -1.0 -1.0 0.0 0.359836242427862 0.29896727378449034 0.3411964837876478
9 403.0 0.0 -1.0 -1.0 -1.0 0.0 0.33765732668953313 0.3181253361563384 0.34421733715412833
9 404.0 0.0 -1.0 -1.0 -1.0 0.0 0.33385731309092503 0.320759623376184 0.34538306353289094
9 405.0 0.0 -1.0 -1.0 -1.0 0.0 0.34983925678840755 0.33886545365441023 0.3112952895571824
9 406.0 0.0 -1.0 -1.0 -1.0 0.0 0.3516122171704227 0.335400345933108 0.31298743689646913
9 407.0 0.0 -1.0 -1.0 -1.0 0.0 0.32297816787719186 0.3459005571738284 0.3311212749489797
9 408.0 0.0 -1.0 -1.0 -1.0 0.0 0.32778785073717237 0.3344801621032946 0.33773198715953273
9 409.0 0.0 -1.0 -1.0 -1.0 0.0 0.3240759948796406 0.338333536717228 0.3375904684031312
9 410.0 0.0 -1.0 -1.0 -1.0 0.0 0.31708357038241186 0.3711695056311981 0.31174692398638976
9 411.0 0.0 -1.0 -1.0 -1.0 0.0 0.35298742285964296 0.33702738470327986 0.30998519243707734
9 412.0 0.0 -1.0 -1.0 -1.0 0.0 0.3619570519687146 0.33310337062320317 0.3049395774080823
9 413.0 0.0 -1.0 -1.0 -1.0 0.0 0.3608930887036463 0.31738849264599517 0.32171841865035866
9 414.0 0.0 -1.0 -1.0 -1.0 0.0 0.343764816531302 0.3349029726485386 0.32133221082015945
9 415.0 0.0 -1.0 -1.0 -1.0 0.0 0.34734092821642404 0.34465145544800385 0.30800761633557205
9 416.0 0.0 -1.0 -1.0 -1.0 0.0 0.33378835206562335 0.3597116474894942 0.30650000044488235
9 417.0 0.0 -1.0 -1.0 -1.0 0.0 0.32760581401729844 0.34783771620846143 0.3245564697742401
9 418.0 0.0 -1.0 -1.0 -1.0 0.0 0.33793671303532463 0.3486653098802278 0.3133979770844476
9 419.0 0.0 -1.0 -1.0 -1.0 0.0 0.33530936429686725 0.3529448202597872 0.3117458154433456
9 420.0 0.0 -1.0 -1.0 -1.0 0.0 0.36581890591428895 0.33338167086664117 0.3007994232190702
9 421.0 0.0 -1.0 -1.0 -1.0 0.0 0.3298827836679444 0.36966594831065036 0.3004512680214053
9 422.0 0.0 -1.0 -1.0 -1.0 0.0 0.3294390665322606 0.3583058892590206 0.3122550442087188
9 423.0 0.0 -1.0 -1.0 -1.0 0.0 0.31685272133489406 0.35609231419676446 0.32705496446834137
9 424.0 0.0 -1.0 -1.0 -1.0 0.0 0.3125925754341679 0.38009794711609873 0.30730947744973347
9 425.0 0.0 -1.0 -1.0 -1.0 0.0 0.3063684801231108 0.3704605393564455 0.32317098052044363
9 426.0 0.0 -1.0 -1.0 -1.0 0.0 0.3015907109589774 0.3545085774149317 0.343900711626091
9 427.0 0.0 -1.0 -1.0 -1.0 0.0 0.32560290917124896 0.35188867244847544 0.3225084183802754
9 428.0 0.0 -1.0 -1.0 -1.0 0.0 0.3226509027112174 0.333766837346088 0.3435822599426946
9 429.0 0.0 -1.0 -1.0 -1.0 0.0 0.3168550449465175 0.33808198521888727 0.3450629698345951
9 430.0 0.0 -1.0 -1.0 -1.0 0.0 0.3407132492575514 0.3155607194667269 0.3437260312757217
9 431.0 0.0 -1.0 -1.0 -1.0 0.0 0.3586570303424855 0.27337804940774635 0.36796492024976823
9 432.0 0.0 -1.0 -1.0 -1.0 0.0 0.35120512586480823 0.2868457756645745 0.36194909847061724
9 433.0 0.0 -1.0 -1.0 -1.0 0.0 0.3365461683531128 0.2935781088005053 0.36987572284638204
9 434.0 0.0 -1.0 -1.0 -1.0 0.0 0.3255561769342505 0.3109169618420182 0.3635268612237313
9 435.0 0.0 -1.0 -1.0 -1.0 0.0 0.33473006443631115 0.3128875528597963 0.35238238270389244
9 436.0 0.0 -1.0 -1.0 -1.0 0.0 0.3362486346804808 0.33148862784814137 0.3322627374713777
9 437.0 0.0 -1.0 -1.0 -1.0 0.0 0.297722921775639 0.3590603200036489 0.3432167582207121
9 438.0 0.0 -1.0 -1.0 -1.0 0.0 0.2926360129990326 0.357316571721049 0.3500474152799181
9 439.0 0.0 -1.0 -1.0 -1.0 0.0 0.30202117295075936 0.3484430836864575 0.3495357433627831
9 440.0 0.0 -1.0 -1.0 -1.0 0.0 0.297215901696932 0.3682521946963638 0.3345319036067041
9 441.0 0.0 -1.0 -1.0 -1.0 0.0 0.32051824259477785 0.3551601289832083 0.32432162842201384
9 442.0 0.0 -1.0 -1.0 -1.0 0.0 0.34361607201188343 0.3354881327485538 0.32089579523956274
9 443.0 0.0 -1.0 -1.0 -1.0 0.0 0.3413300486360027 0.3380244946716154 0.32064545669238187
9 444.0 0.0 -1.0 -1.0 -1.0 0.0 0.3488235654677545 0.3420430178963311 0.3091334166359143
9 445.0 0.0 -1.0 -1.0 -1.0 0.0 0.32488266568283547 0.3637473508990828 0.31136998341808203
9 446.0 0.0 -1.0 -1.0 -1.0 0.0 0.33232071646085903 0.36773994878635546 0.29993933475278545
9 447.0 0.0 -1.0 -1.0 -1.0 0.0 0.32468251670040277 0.35412389708885483 0.3211935862107424
9 448.0 0.0 -1.0 -1.0 -1.0 0.0 0.3456677113099975 0.3336799652278026 0.3206523234621998
9 449.0 0.0 -1.0 -1.0 -1.0 0.0 0.3483308962687832 0.32482975989066787 0.32683934384054913
9 450.0 0.0 -1.0 -1.0 -1.0 0.0 0.38204248316537376 0.31659092116864956 0.3013665956659769
9 451.0 0.0 -1.0 -1.0 -1.0 0.0 0.3876796376492769 0.31259856202429864 0.29972180032642487
9 452.0 0.0 -1.0 -1.0 -1.0 0.0 0.3770387126151039 0.3060358751648286 0.31692541222006726
9 453.0 0.0 -1.0 -1.0 -1.0 0.0 0.3682288185052329 0.3291356842787636 0.3026354972160035
9 454.0 0.0 -1.0 -1.0 -1.0 0.0 0.35374602181016274 0.3229559490685988 0.32329802912123834
9 455.0 0.0 -1.0 -1.0 -1.0 0.0 0.31995138644349086 0.32257873465781445 0.3574698788986948
9 456.0 0.0 -1.0 -1.0 -1.0 0.0 0.3554612220207582 0.31156142329823466 0.3329773546810073
9 457.0 0.0 -1.0 -1.0 -1.0 0.0 0.3595551647141715 0.30707026351183697 0.3333745717739916
9 458.0 0.0 -1.0 -1.0 -1.0 0.0 0.3626274728314899 0.3046727518597787 0.3326997753087313
9 459.0 0.0 -1.0 -1.0 -1.0 0.0 0.3455052163671219 0.31090763680780176 0.3435871468250764
9 460.0 0.0 -1.0 -1.0 -1.0 0.0 0.3328915776874186 0.3102530437329714 0.35685537857960975
9 461.0 0.0 -1.0 -1.0 -1.0 0.0 0.3044811889474354 0.3269548006007746 0.3685640104517901
9 462.0 0.0 -1.0 -1.0 -1.0 0.0 0.3230926135407264 0.28756973260236357 0.3893376538569099
9 463.0 0.0 -1.0 -1.0 -1.0 0.0 0.3527886343196292 0.3113890581187859 0.33582230756158504
9 464.0 0.0 -1.0 -1.0 -1.0 0.0 0.370201555577876 0.31079871879297516 0.3189997256291491
9 465.0 0.0 -1.0 -1.0 -1.0 0.0 0.3508814349629187 0.3097034479171947 0.33941511711988687
9 466.0 0.0 -1.0 -1.0 -1.0 0.0 0.35670967880169785 0.32381250190718014 0.319477819291122
9 467.0 0.0 -1.0 -1.0 -1.0 0.0 0.3392546569056423 0.31589386748678083 0.3448514756075769
9 468.0 0.0 -1.0 -1.0 -1.0 0.0 0.3324119750837356 0.3227913841407517 0.3447966407755129
9 469.0 0.0 -1.0 -1.0 -1.0 0.0 0.3389511839688092 0.34039818557037477 0.320650630460816
9 470.0 0.0 -1.0 -1.0 -1.0 0.0 0.35401604509685664 0.3300540461566283 0.3159299087465151
9 471.0 0.0 -1.0 -1.0 -1.0 0.0 0.3705759353211047 0.34201396827660857 0.2874100964022866
9 472.0 0.0 -1.0 -1.0 -1.0 0.0 0.34637755520927016 0.3448267216429845 0.30879572314774534
9 473.0 0.0 -1.0 -1.0 -1.0 0.0 0.333170509696027 0.35589782712528234 0.31093166317869075
9 474.0 0.0 -1.0 -1.0 -1.0 0.0 0.32094061584162964 0.3609927868943014 0.3180665972640686
9 475.0 0.0 -1.0 -1.0 -1.0 0.0 0.34401786146642543 0.3264324613014514 0.3295496772321232
9 476.0 0.0 -1.0 -1.0 -1.0 0.0 0.34205508626268594 0.32913676304043654 0.32880815069687735
9 477.0 0.0 -1.0 -1.0 -1.0 0.0 0.3355106867803969 0.34802727102355163 0.3164620421960514
9 478.0 0.0 -1.0 -1.0 -1.0 0.0 0.3349090196422489 0.3499619438860815 0.31512903647166973
9 479.0 0.0 -1.0 -1.0 -1.0 0.0 0.337329760916514 0.32469725433498775 0.3379729847484983
9 480.0 0.0 -1.0 -1.0 -1.0 0.0 0.329256014172337 0.31977728361152086 0.3509667022161421
9 481.0 0.0 -1.0 -1.0 -1.0 0.0 0.3167167256471754 0.31664933630207526 0.3666339380507494
9 482.0 0.0 -1.0 -1.0 -1.0 0.0 0.33748576425694937 0.3271204105053646 0.33539382523768585
9 483.0 0.0 -1.0 -1.0 -1.0 0.0 0.3195870277545376 0.3434306490268718 0.3369823232185905
9 484.0 0.0 -1.0 -1.0 -1.0 0.0 0.32762814608304114 0.33150831668155556 0.3408635372354037
9 485.0 0.0 -1.0 -1.0 -1.0 0.0 0.3329495310731566 0.31871135726311983 0.3483391116637236
9 486.0 0.0 -1.0 -1.0 -1.0 0.0 0.3163734919590871 0.3499831869661482 0.3336433210747648
9 487.0 0.0 -1.0 -1.0 -1.0 0.0 0.3280547727122354 0.3356308432671684 0.33631438402059616
9 488.0 0.0 -1.0 -1.0 -1.0 0.0 0.3408815344810469 0.3307706981042175 0.3283477674147357
9 489.0 0.0 -1.0 -1.0 -1.0 0.0 0.3571770879428422 0.31188830234783355 0.3309346097093245
9 490.0 0.0 -1.0 -1.0 -1.0 0.0 0.34844142723477023 0.3051282442015328 0.34643032856369715
9 491.0 0.0 -1.0 -1.0 -1.0 0.0 0.3405935894270127 0.3190735675794178 0.3403328429935694
9 492.0 0.0 -1.0 -1.0 -1.0 0.0 0.33039955384942515 0.3505992384684999 0.319001207682075
9 493.0 0.0 -1.0 -1.0 -1.0 0.0 0.3486905635319074 0.33263607519766936 0.31867336127042273
9 494.0 0.0 -1.0 -1.0 -1.0 0.0 0.3283438902670778 0.3468883341348778 0.3247677755980445
9 495.0 0.0 -1.0 -1.0 -1.0 0.0 0.34080530992300284 0.3336781604247171 0.32551652965228023
9 496.0 0.0 -1.0 -1.0 -1.0 0.0 0.3465273849803754 0.3527613978292664 0.30071121719035815
9 497.0 0.0 -1.0 -1.0 -1.0 0.0 0.3547978025208009 0.3308674900942386 0.3143347073849604
9 498.0 0.0 -1.0 -1.0 -1.0 0.0 0.32939020911045946 0.3436770487670086 0.3269327421225317
9 499.0 0.0 -1.0 -1.0 -1.0 0.0 0.3292428886372714 0.34701031568595775 0.3237467956767709
9 500.0 0.0 -1.0 -1.0 -1.0 0.0 0.3067149431749478 0.3497855855819023 0.3434994712431499
9 501.0 0.0 -1.0 -1.0 -1.0 0.0 0.3081831064034452 0.3655052826619764 0.3263116109345783
9 502.0 0.0 -1.0 -1.0 -1.0 0.0 0.34265265421582436 0.32658251199167504 0.3307648337925005
9 503.0 0.0 -1.0 -1.0 -1.0 0.0 0.3197047599881481 0.33618578371835184 0.34410945629350004
9 504.0 0.0 -1.0 -1.0 -1.0 0.0 0.3140892381467058 0.3555180858545508 0.33039267599874333
9 505.0 0.0 -1.0 -1.0 -1.0 0.0 0.3174191103499994 0.3634086721073433 0.31917221754265723
9 506.0 0.0 -1.0 -1.0 -1.0 0.0 0.34796175033284876 0.3491741199558072 0.3028641297113441
9 507.0 0.0 -1.0 -1.0 -1.0 0.0 0.3444616354291881 0.3365796220003922 0.3189587425704195
9 508.0 0.0 -1.0 -1.0 -1.0 0.0 0.35996454573127545 0.3249798592230627 0.31505559504566166
9 509.0 0.0 -1.0 -1.0 -1.0 0.0 0.349455175407656 0.32890185451265724 0.3216429700796866
9 510.0 0.0 -1.0 -1.0 -1.0 0.0 0.3645198234945145 0.3341702293963013 0.30130994710918424
9 511.0 0.0 -1.0 -1.0 -1.0 0.0 0.32192977127552025 0.36395118908905005 0.3141190396354294
9 512.0 0.0 -1.0 -1.0 -1.0 0.0 0.2954616312815441 0.3605701788915324 0.3439681898269235
9 513.0 0.0 -1.0 -1.0 -1.0 0.0 0.2726493061989904 0.36460792838928213 0.3627427654117271
9 514.0 0.0 -1.0 -1.0 -1.0 0.0 0.26781133686012554 0.3394880636467359 0.3927005994931385
9 515.0 0.0 -1.0 -1.0 -1.0 0.0 0.29732902036045794 0.3343033611761985 0.36836761846334354
9 516.0 0.0 -1.0 -1.0 -1.0 0.0 0.31893892036671956 0.3288979936068091 0.35216308602647123
9 517.0 0.0 -1.0 -1.0 -1.0 0.0 0.3214976331551753 0.3288993507918089 0.34960301605301597
9 518.0 0.0 -1.0 -1.0 -1.0 0.0 0.3239710291247659 0.34326533806405757 0.3327636328111763
9 519.0 0.0 -1.0 -1.0 -1.0 0.0 0.3129432204251008 0.35598473942381603 0.3310720401510833
9 520.0 0.0 -1.0 -1.0 -1.0 0.0 0.3302484895404772 0.3266330913944227 0.34311841906510027
9 521.0 0.0 -1.0 -1.0 -1.0 0.0 0.34910069628777995 0.3240192250274637 0.32688007868475644
9 522.0 0.0 -1.0 -1.0 -1.0 0.0 0.34898476349825513 0.3376423595837519 0.313372876917993
9 523.0 0.0 -1.0 -1.0 -1.0 0.0 0.3497692412349973 0.3251282855549357 0.32510247321006686
9 524.0 0.0 -1.0 -1.0 -1.0 0.0 0.35235175947674174 0.3364754766299273 0.31117276389333115
9 525.0 0.0 -1.0 -1.0 -1.0 0.0 0.3249341664803643 0.35545251424195023 0.3196133192776854
9 526.0 0.0 -1.0 -1.0 -1.0 0.0 0.34132591615903835 0.33747907345051914 0.32119501039044274
9 527.0 0.0 -1.0 -1.0 -1.0 0.0 0.3217825075178148 0.34161584113229876 0.3366016513498866
9 528.0 0.0 -1.0 -1.0 -1.0 0.0 0.3241277916872406 0.34343805102549096 0.3324341572872686
9 529.0 0.0 -1.0 -1.0 -1.0 0.0 0.33837527843305115 0.3347963621469243 0.32682835942002425
9 530.0 0.0 -1.0 -1.0 -1.0 0.0 0.3184665580833561 0.3709410420429303 0.3105923998737136
9 531.0 0.0 -1.0 -1.0 -1.0 0.0 0.3272091301889408 0.36737578232018187 0.3054150874908771
9 532.0 0.0 -1.0 -1.0 -1.0 0.0 0.30992614368926374 0.3563575954497042 0.3337162608610319
9 533.0 0.0 -1.0 -1.0 -1.0 0.0 0.321900532644786 0.34137190493413117 0.3367275624210827
9 534.0 0.0 -1.0 -1.0 -1.0 0.0 0.3219697480005915 0.31692753106616073 0.3611027209332477
9 535.0 0.0 -1.0 -1.0 -1.0 0.0 0.3376320596525443 0.32507006243788483 0.337297877909571
9 536.0 0.0 -1.0 -1.0 -1.0 0.0 0.334740064559421 0.3252896258332726 0.33997030960730645
9 537.0 0.0 -1.0 -1.0 -1.0 0.0 0.3373236516460599 0.3546438268890848 0.3080325214648554
9 538.0 0.0 -1.0 -1.0 -1.0 0.0 0.36838992629695655 0.32844158829938896 0.30316848540365454
9 539.0 0.0 -1.0 -1.0 -1.0 0.0 0.37737926848210196 0.3138939472371235 0.3087267842807745
9 540.0 0.0 -1.0 -1.0 -1.0 0.0 0.3665955863116196 0.30953982697627164 0.32386458671210905
9 541.0 0.0 -1.0 -1.0 -1.0 0.0 0.35638824154437054 0.3173281565109727 0.326283601944657
9 542.0 0.0 -1.0 -1.0 -1.0 0.0 0.34412737039218144 0.30883013216421357 0.34704249744360516
9 543.0 0.0 -1.0 -1.0 -1.0 0.0 0.3597880071599407 0.30240634045075887 0.33780565238930044
9 544.0 0.0 -1.0 -1.0 -1.0 0.0 0.3411433734675787 0.29600648363797666 0.36285014289444467
9 545.0 0.0 -1.0 -1.0 -1.0 0.0 0.3368293465657839 0.31237915077347056 0.35079150266074555
9 546.0 0.0 -1.0 -1.0 -1.0 0.0 0.33441387975248094 0.3283899327613623 0.33719618748615693
9 547.0 0.0 -1.0 -1.0 -1.0 0.0 0.3600179903534795 0.3333603417383565 0.306621667908164
9 548.0 0.0 -1.0 -1.0 -1.0 0.0 0.36994224324775926 0.33222949373369604 0.29782826301854465
9 549.0 0.0 -1.0 -1.0 -1.0 0.0 0.36738928887617095 0.3382472765319893 0.2943634345918398
9 550.0 0.0 -1.0 -1.0 -1.0 0.0 0.3491798508288605 0.3338188940699204 0.31700125510121924
9 551.0 0.0 -1.0 -1.0 -1.0 0.0 0.3360879038647981 0.34181177704107557 0.3221003190941263
9 552.0 0.0 -1.0 -1.0 -1.0 0.0 0.3239279767510974 0.37156726417469266 0.3045047590742097
9 553.0 0.0 -1.0 -1.0 -1.0 0.0 0.3418977334411155 0.34589798755123347 0.31220427900765096
9 554.0 0.0 -1.0 -1.0 -1.0 0.0 0.32868773986117866 0.3618164958923367 0.3094957642464848
9 555.0 0.0 -1.0 -1.0 -1.0 0.0 0.33276976742383346 0.34867077612091696 0.3185594564552494
9 556.0 0.0 -1.0 -1.0 -1.0 0.0 0.3389836805293614 0.36831742173396465 0.292698897736674
9 557.0 0.0 -1.0 -1.0 -1.0 0.0 0.33259082778447646 0.3755775545845665 0.29183161763095733
9 558.0 0.0 -1.0 -1.0 -1.0 0.0 0.37507507097917253 0.33025144345027935 0.2946734855705481
9 559.0 0.0 -1.0 -1.0 -1.0 0.0 0.37867590205745366 0.31359195555342473 0.3077321423891217
9 560.0 0.0 -1.0 -1.0 -1.0 0.0 0.3714761888933929 0.314003183938128 0.31452062716847917
9 561.0 0.0 -1.0 -1.0 -1.0 0.0 0.3493029506167024 0.30230440708406503 0.3483926422992323
9 562.0 0.0 -1.0 -1.0 -1.0 0.0 0.35590785693926286 0.2669633435089143 0.37712879955182294
9 563.0 0.0 -1.0 -1.0 -1.0 0.0 0.3752823274690574 0.298631895239493 0.32608577729144955
9 564.0 0.0 -1.0 -1.0 -1.0 0.0 0.36997042438753014 0.32721980896162756 0.3028097666508424
9 565.0 0.0 -1.0 -1.0 -1.0 0.0 0.3613373051328107 0.3351991286724555 0.3034635661947335
9 566.0 0.0 -1.0 -1.0 -1.0 0.0 0.3762092135344882 0.331318097372027 0.2924726890934846
9 567.0 0.0 -1.0 -1.0 -1.0 0.0 0.3432243928887925 0.33599179135262086 0.320783815758587
9 568.0 0.0 -1.0 -1.0 -1.0 0.0 0.3508111437542022 0.33913310992705653 0.3100557463187412
9 569.0 0.0 -1.0 -1.0 -1.0 0.0 0.3490554968278577 0.32379198333647596 0.3271525198356662
9 570.0 0.0 -1.0 -1.0 -1.0 0.0 0.3276113956204987 0.33803216652021567 0.3343564378592857
9 571.0 0.0 -1.0 -1.0 -1.0 0.0 0.3480567861602979 0.3532636519367808 0.2986795619029215
9 572.0 0.0 -1.0 -1.0 -1.0 0.0 0.3489264269697276 0.32522926202397834 0.32584431100629435
9 573.0 0.0 -1.0 -1.0 -1.0 0.0 0.34036327782777165 0.33712538026849415 0.32251134190373437
9 574.0 0.0 -1.0 -1.0 -1.0 0.0 0.3477653512631549 0.3232217918003509 0.3290128569364943
9 575.0 0.0 -1.0 -1.0 -1.0 0.0 0.3334875201041353 0.3419276051561165 0.32458487473974806
9 576.0 0.0 -1.0 -1.0 -1.0 0.0 0.3464909414910638 0.3413777842271759 0.31213127428176024
9 577.0 0.0 -1.0 -1.0 -1.0 0.0 0.3145886225683994 0.370556899615361 0.3148544778162395
9 578.0 0.0 -1.0 -1.0 -1.0 0.0 0.3255503859796379 0.3594147644304666 0.31503484958989514
9 579.0 0.0 -1.0 -1.0 -1.0 0.0 0.3237721004236449 0.38300280377491575 0.2932250958014392
9 580.0 0.0 -1.0 -1.0 -1.0 0.0 0.3341433297332106 0.34526062274303526 0.3205960475237542
9 581.0 0.0 -1.0 -1.0 -1.0 0.0 0.3250960808814176 0.33994593646028043 0.334957982658302
9 582.0 0.0 -1.0 -1.0 -1.0 0.0 0.31996223842003646 0.32541622653924646 0.3546215350407172
9 583.0 0.0 -1.0 -1.0 -1.0 0.0 0.32184407034970197 0.3566683973722551 0.32148753227804294
9 584.0 0.0 -1.0 -1.0 -1.0 0.0 0.3435251136443761 0.3613912695278292 0.2950836168277947
9 585.0 0.0 -1.0 -1.0 -1.0 0.0 0.32164525651876796 0.3873754737587176 0.2909792697225143
9 586.0 0.0 -1.0 -1.0 -1.0 0.0 0.335008416886572 0.327411892927257 0.33757969018617096
9 587.0 0.0 -1.0 -1.0 -1.0 0.0 0.3338340946360111 0.32429676860500506 0.3418691367589837
9 588.0 0.0 -1.0 -1.0 -1.0 0.0 0.3605053946038961 0.3226378768317793 0.3168567285643244
9 589.0 0.0 -1.0 -1.0 -1.0 0.0 0.3574712248758694 0.3136575343807991 0.32887124074333146
9 590.0 0.0 -1.0 -1.0 -1.0 0.0 0.3379661997639509 0.29584500792092366 0.36618879231512547
9 591.0 0.0 -1.0 -1.0 -1.0 0.0 0.309754905511012 0.30795645867352545 0.3822886358154627
9 592.0 0.0 -1.0 -1.0 -1.0 0.0 0.31472050445356914 0.3179351081269507 0.3673443874194804
9 593.0 0.0 -1.0 -1.0 -1.0 0.0 0.3189126663630286 0.31665756445380955 0.3644297691831619
9 594.0 0.0 -1.0 -1.0 -1.0 0.0 0.31647888845062405 0.3301575591674052 0.35336355238197065
9 595.0 0.0 -1.0 -1.0 -1.0 0.0 0.3293887619697739 0.3123236490438069 0.35828758898641894
9 596.0 0.0 -1.0 -1.0 -1.0 0.0 0.31583133983472694 0.3427584350747159 0.34141022509055724
9 597.0 0.0 -1.0 -1.0 -1.0 0.0 0.3175839991026651 0.3314037853050442 0.3510122155922909
9 598.0 0.0 -1.0 -1.0 -1.0 0.0 0.34305385587082193 0.33628415775975135 0.3206619863694267
9 599.0 0.0 -1.0 -1.0 -1.0 0.0 0.3249251763860144 0.3335108104845774 0.341564013129408
9 600.0 0.0 -1.0 -1.0 -1.0 0.0 0.344338027968452 0.33472237553541345 0.32093959649613446
9 601.0 0.0 -1.0 -1.0 -1.0 0.0 0.3234223639664068 0.34093854875644225 0.335639087277151
9 602.0 0.0 -1.0 -1.0 -1.0 0.0 0.3197153411555749 0.3452405172855284 0.3350441415588966
9 603.0 0.0 -1.0 -1.0 -1.0 0.0 0.338343788515344 0.32287206197790036 0.3387841495067558
9 604.0 0.0 -1.0 -1.0 -1.0 0.0 0.35125798266991287 0.315379880914153 0.33336213641593404
9 605.0 0.0 -1.0 -1.0 -1.0 0.0 0.3356964051556761 0.31748787137946344 0.3468157234648603
9 606.0 0.0 -1.0 -1.0 -1.0 0.0 0.33772960294557086 0.3198953425788053 0.34237505447562383
9 607.0 0.0 -1.0 -1.0 -1.0 0.0 0.33322222376688665 0.32954001509223035 0.3372377611408832
9 608.0 0.0 -1.0 -1.0 -1.0 0.0 0.34298119036669206 0.3013974709947188 0.35562133863858925
9 609.0 0.0 -1.0 -1.0 -1.0 0.0 0.36045436885703636 0.26799002609432576 0.3715556050486377
9 610.0 0.0 -1.0 -1.0 -1.0 0.0 0.35704117496336174 0.28874759987279003 0.3542112251638483
9 611.0 0.0 -1.0 -1.0 -1.0 0.0 0.33520990630205993 0.31034045087943246 0.35444964281850766
9 612.0 0.0 -1.0 -1.0 -1.0 0.0 0.31296800037016514 0.31187205598856943 0.37515994364126565
9 613.0 0.0 -1.0 -1.0 -1.0 0.0 0.31810657270747117 0.3121138257462984 0.3697796015462302
9 614.0 0.0 -1.0 -1.0 -1.0 0.0 0.30130392351484614 0.29027493143360616 0.4084211450515477
9 615.0 0.0 -1.0 -1.0 -1.0 0.0 0.30221924024892893 0.3104805940406652 0.38730016571040593
9 616.0 0.0 -1.0 -1.0 -1.0 0.0 0.3061746577845284 0.3045036361269713 0.3893217060885003
9 617.0 0.0 -1.0 -1.0 -1.0 0.0 0.2888517194128893 0.307722356177601 0.4034259244095098
9 618.0 0.0 -1.0 -1.0 -1.0 0.0 0.30094705209457123 0.3144124352072962 0.3846405126981324
9 619.0 0.0 -1.0 -1.0 -1.0 0.0 0.3227259137763729 0.2937686490108175 0.38350543721280955
9 620.0 0.0 -1.0 -1.0 -1.0 0.0 0.3193779043842107 0.30690029032145366 0.37372180529433535
9 621.0 0.0 -1.0 -1.0 -1.0 0.0 0.31353923225708485 0.3131450766398838 0.3733156911030313
9 622.0 0.0 -1.0 -1.0 -1.0 0.0 0.29321627093165686 0.3189459756169721 0.3878377534513712
9 623.0 0.0 -1.0 -1.0 -1.0 0.0 0.29345764647181477 0.3077008158636676 0.3988415376645178
9 624.0 0.0 -1.0 -1.0 -1.0 0.0 0.3104505932357697 0.3013547713765461 0.3881946353876844
9 625.0 0.0 -1.0 -1.0 -1.0 0.0 0.29853225294694996 0.31053219722685743 0.3909355498261927
9 626.0 0.0 -1.0 -1.0 -1.0 0.0 0.31330744221275775 0.3548248314535148 0.3318677263337272
9 627.0 0.0 -1.0 -1.0 -1.0 0.0 0.33841795960697263 0.33889585254517857 0.3226861878478489
9 628.0 0.0 -1.0 -1.0 -1.0 0.0 0.3232711275170132 0.3377325730780863 0.3389962994049004
9 629.0 0.0 -1.0 -1.0 -1.0 0.0 0.33590196956919505 0.34640228764748116 0.3176957427833237
9 630.0 0.0 -1.0 -1.0 -1.0 0.0 0.3331960577960935 0.3593996773401262 0.30740426486378036
9 631.0 0.0 -1.0 -1.0 -1.0 0.0 0.3103971472481869 0.3643730095685365 0.3252298431832766
9 632.0 0.0 -1.0 -1.0 -1.0 0.0 0.32719422002577475 0.36447548950463404 0.3083302904695913
9 633.0 0.0 -1.0 -1.0 -1.0 0.0 0.3454847587706076 0.34516386627878404 0.30935137495060827
9 634.0 0.0 -1.0 -1.0 -1.0 0.0 0.3071390526312115 0.36821815615828785 0.3246427912105006
9 635.0 0.0 -1.0 -1.0 -1.0 0.0 0.3433572538717717 0.34600139086862414 0.3106413552596042
9 636.0 0.0 -1.0 -1.0 -1.0 0.0 0.3349533625503374 0.3500397045180599 0.3150069329316027
9 637.0 0.0 -1.0 -1.0 -1.0 0.0 0.3272471447916384 0.3672858907057877 0.30546696450257377
9 638.0 0.0 -1.0 -1.0 -1.0 0.0 0.33743114525569873 0.35376799028732747 0.30880086445697386
9 639.0 0.0 -1.0 -1.0 -1.0 0.0 0.355913182324473 0.34211895666137193 0.301967861014155
9 640.0 0.0 -1.0 -1.0 -1.0 0.0 0.3604753504322339 0.3374266630552989 0.30209798651246755
9 641.0 0.0 -1.0 -1.0 -1.0 0.0 0.3408344631425234 0.3526457555614354 0.3065197812960413
9 642.0 0.0 -1.0 -1.0 -1.0 0.0 0.35037312256653086 0.3292469671898109 0.3203799102436584
9 643.0 0.0 -1.0 -1.0 -1.0 0.0 0.3574473801078093 0.3149878586819927 0.327564761210198
9 644.0 0.0 -1.0 -1.0 -1.0 0.0 0.3651125869275023 0.32945216147850187 0.3054352515939954
9 645.0 0.0 -1.0 -1.0 -1.0 0.0 0.35348541514679865 0.3189892313302062 0.32752535352299533
9 646.0 0.0 -1.0 -1.0 -1.0 0.0 0.34330697734418086 0.30235276878278666 0.3543402538730327
9 647.0 0.0 -1.0 -1.0 -1.0 0.0 0.3449480485132087 0.2935381504770845 0.361513801009707
9 648.0 0.0 -1.0 -1.0 -1.0 0.0 0.3476666060400662 0.3083096370205967 0.3440237569393371
9 649.0 0.0 -1.0 -1.0 -1.0 0.0 0.3429913927422539 0.32716148802286926 0.32984711923487714
9 650.0 0.0 -1.0 -1.0 -1.0 0.0 0.3647661026796027 0.3292782769353011 0.305955620385096
9 651.0 0.0 -1.0 -1.0 -1.0 0.0 0.37784423381333093 0.3042881343001277 0.3178676318865414
9 652.0 0.0 -1.0 -1.0 -1.0 0.0 0.351596018858044 0.3032948455066597 0.3451091356352961
9 653.0 0.0 -1.0 -1.0 -1.0 0.0 0.32672184331843424 0.3143351009571542 0.35894305572441154
9 654.0 0.0 -1.0 -1.0 -1.0 0.0 0.34650975553490115 0.3462153031952163 0.30727494126988264
9 655.0 0.0 -1.0 -1.0 -1.0 0.0 0.3768302142376349 0.30065935331804616 0.3225104324443187
9 656.0 0.0 -1.0 -1.0 -1.0 0.0 0.36540719556318135 0.3006612863243462 0.3339315181124725
9 657.0 0.0 -1.0 -1.0 -1.0 0.0 0.33324574737316814 0.3098125159174449 0.3569417367093872
9 658.0 0.0 -1.0 -1.0 -1.0 0.0 0.3253743761360041 0.3362018925512617 0.3384237313127342
9 659.0 0.0 -1.0 -1.0 -1.0 0.0 0.3330123003794469 0.33110265275806694 0.33588504686248605
9 660.0 0.0 -1.0 -1.0 -1.0 0.0 0.3208767988339782 0.337354604215137 0.341768596950885
9 661.0 0.0 -1.0 -1.0 -1.0 0.0 0.330305286608972 0.30611909632398976 0.3635756170670383
9 662.0 0.0 -1.0 -1.0 -1.0 0.0 0.29161592965776983 0.3362356702817354 0.37214840006049477
9 663.0 0.0 -1.0 -1.0 -1.0 0.0 0.2955926995015316 0.3066275835356 0.39777971696286846
9 664.0 0.0 -1.0 -1.0 -1.0 0.0 0.29990903569054483 0.31727221804664685 0.3828187462628081
9 665.0 0.0 -1.0 -1.0 -1.0 0.0 0.3039300373196162 0.3091669182199106 0.386903044460473
9 666.0 0.0 -1.0 -1.0 -1.0 0.0 0.2933790240836707 0.3213173156488169 0.38530366026751234
9 667.0 0.0 -1.0 -1.0 -1.0 0.0 0.33124606556871683 0.33898184307764095 0.3297720913536423
9 668.0 0.0 -1.0 -1.0 -1.0 0.0 0.30741946017180344 0.35147504270399965 0.34110549712419697
9 669.0 0.0 -1.0 -1.0 -1.0 0.0 0.3133249277212208 0.3282312715439776 0.3584438007348016
9 670.0 0.0 -1.0 -1.0 -1.0 0.0 0.3139895328760111 0.33664296739763166 0.3493674997263572
9 671.0 0.0 -1.0 -1.0 -1.0 0.0 0.3142546104901133 0.3278764185870783 0.3578689709228084
9 672.0 0.0 -1.0 -1.0 -1.0 0.0 0.328824119599253 0.281756113952313 0.3894197664484338
9 673.0 0.0 -1.0 -1.0 -1.0 0.0 0.3556642614458565 0.30075614534956197 0.3435795932045815
9 674.0 0.0 -1.0 -1.0 -1.0 0.0 0.3360074986824907 0.3093874688938939 0.35460503242361563
9 675.0 0.0 -1.0 -1.0 -1.0 0.0 0.33538908332420747 0.3244054418642245 0.3402054748115677
9 676.0 0.0 -1.0 -1.0 -1.0 0.0 0.33302816116074346 0.3358154296492909 0.3311564091899657
9 677.0 0.0 -1.0 -1.0 -1.0 0.0 0.3366987433344785 0.32687672311024407 0.33642453355527757
9 678.0 0.0 -1.0 -1.0 -1.0 0.0 0.30719167018994586 0.3483108279382875 0.34449750187176653
9 679.0 0.0 -1.0 -1.0 -1.0 0.0 0.3456478169997447 0.3191860127790601 0.33516617022119505
9 680.0 0.0 -1.0 -1.0 -1.0 0.0 0.3218027180465043 0.33656127159488425 0.3416360103586112
9 681.0 0.0 -1.0 -1.0 -1.0 0.0 0.31123215312844005 0.3580044386182126 0.3307634082533474
9 682.0 0.0 -1.0 -1.0 -1.0 0.0 0.3203049089629292 0.33080609390427684 0.348888997132794
9 683.0 0.0 -1.0 -1.0 -1.0 0.0 0.323811117578596 0.33749876636204995 0.33869011605935406
9 684.0 0.0 -1.0 -1.0 -1.0 0.0 0.3180492568250839 0.35069548079533935 0.3312552623795768
9 685.0 0.0 -1.0 -1.0 -1.0 0.0 0.3136127525483235 0.3354975674037479 0.3508896800479286
9 686.0 0.0 -1.0 -1.0 -1.0 0.0 0.3187088665098606 0.3517514469615307 0.3295396865286088
9 687.0 0.0 -1.0 -1.0 -1.0 0.0 0.3042943416725826 0.37447329374986543 0.32123236457755205
9 688.0 0.0 -1.0 -1.0 -1.0 0.0 0.3073523125970738 0.37644034547759203 0.31620734192533406
9 689.0 0.0 -1.0 -1.0 -1.0 0.0 0.3229080074150654 0.35875721851148545 0.3183347740734493
9 690.0 0.0 -1.0 -1.0 -1.0 0.0 0.3136493054772813 0.35994382066929603 0.3264068738534225
9 691.0 0.0 -1.0 -1.0 -1.0 0.0 0.28891586034800015 0.35515543866283233 0.35592870098916735
9 692.0 0.0 -1.0 -1.0 -1.0 0.0 0.2942136884047822 0.36527088969671007 0.3405154218985078
9 693.0 0.0 -1.0 -1.0 -1.0 0.0 0.31633256366102125 0.3493601047325335 0.3343073316064451
9 694.0 0.0 -1.0 -1.0 -1.0 0.0 0.3371359434761568 0.33284093632746337 0.33002312019637986
9 695.0 0.0 -1.0 -1.0 -1.0 0.0 0.3208438557490582 0.32117215030890905 0.35798399394203273
9 696.0 0.0 -1.0 -1.0 -1.0 0.0 0.33414860307204725 0.312019260256256 0.3538321366716968
9 697.0 0.0 -1.0 -1.0 -1.0 0.0 0.29250772183576046 0.3354227544606818 0.3720695237035575
9 698.0 0.0 -1.0 -1.0 -1.0 0.0 0.2879027943503267 0.3596506592063499 0.3524465464433234
9 699.0 0.0 -1.0 -1.0 -1.0 0.0 0.29367085886670347 0.3383978209201494 0.36793132021314734
9 700.0 0.0 -1.0 -1.0 -1.0 0.0 0.3221194654771702 0.3491815042396591 0.3286990302831707
9 701.0 0.0 -1.0 -1.0 -1.0 0.0 0.3069786064502319 0.3678242206431523 0.32519717290661565
9 702.0 0.0 -1.0 -1.0 -1.0 0.0 0.3215477016125238 0.36832980855517794 0.31012248983229856
9 703.0 0.0 -1.0 -1.0 -1.0 0.0 0.320239555847213 0.3513818043218012 0.32837863983098586
9 704.0 0.0 -1.0 -1.0 -1.0 0.0 0.3130531516838621 0.3709961745514153 0.3159506737647224
9 705.0 0.0 -1.0 -1.0 -1.0 0.0 0.31069345545153526 0.3928079843010901 0.2964985602473748
9 706.0 0.0 -1.0 -1.0 -1.0 0.0 0.3142012203949015 0.37835422294965654 0.30744455665544207
9 707.0 0.0 -1.0 -1.0 -1.0 0.0 0.3131039407251226 0.3841159855791681 0.3027800736957093
9 708.0 0.0 -1.0 -1.0 -1.0 0.0 0.32003461542177575 0.3673339981044477 0.3126313864737764
9 709.0 0.0 -1.0 -1.0 -1.0 0.0 0.3404518449368996 0.36798823963139315 0.29155991543170745
9 710.0 0.0 -1.0 -1.0 -1.0 0.0 0.33113820153400053 0.3737913684867983 0.2950704299792017
9 711.0 0.0 -1.0 -1.0 -1.0 0.0 0.3330301566055445 0.35415420455290186 0.3128156388415536
9 712.0 0.0 -1.0 -1.0 -1.0 0.0 0.3142952066654306 0.36934604405150817 0.3163587492830613
9 713.0 0.0 -1.0 -1.0 -1.0 0.0 0.3090081684085842 0.3274997037659207 0.36349212782549495
9 714.0 0.0 -1.0 -1.0 -1.0 0.0 0.2998578599961475 0.3263077847065818 0.3738343552972709
9 715.0 0.0 -1.0 -1.0 -1.0 0.0 0.3396815972109991 0.335182543625561 0.32513585916343984
9 716.0 0.0 -1.0 -1.0 -1.0 0.0 0.3165247555921432 0.34540083422211454 0.3380744101857422
9 717.0 0.0 -1.0 -1.0 -1.0 0.0 0.3074380672442809 0.34436530427843876 0.34819662847728006
9 718.0 0.0 -1.0 -1.0 -1.0 0.0 0.32700742062147425 0.3616433469386135 0.3113492324399121
9 719.0 0.0 -1.0 -1.0 -1.0 0.0 0.3410305978571535 0.3313460914050887 0.32762331073775774
9 720.0 0.0 -1.0 -1.0 -1.0 0.0 0.3312615210016554 0.33695721465531014 0.3317812643430348
9 721.0 0.0 -1.0 -1.0 -1.0 0.0 0.3464421022295417 0.3617094140828817 0.29184848368757704
9 722.0 0.0 -1.0 -1.0 -1.0 0.0 0.3294989657142108 0.36538870456551237 0.30511232972027696
9 723.0 0.0 -1.0 -1.0 -1.0 0.0 0.31356480391226355 0.3748240927482624 0.3116111033394738
9 724.0 0.0 -1.0 -1.0 -1.0 0.0 0.3117467855732403 0.3754115830030622 0.3128416314236975
9 725.0 0.0 -1.0 -1.0 -1.0 0.0 0.3407576385168405 0.3573150512211191 0.3019273102620404
9 726.0 0.0 -1.0 -1.0 -1.0 0.0 0.3373621501412799 0.3664785119284262 0.2961593379302941
9 727.0 0.0 -1.0 -1.0 -1.0 0.0 0.34854482864818925 0.33802775148068165 0.31342741987112893
9 728.0 0.0 -1.0 -1.0 -1.0 0.0 0.33151796522496874 0.35164367306432043 0.3168383617107106
9 729.0 0.0 -1.0 -1.0 -1.0 0.0 0.35282505506056444 0.29842210614932135 0.34875283879011443
9 730.0 0.0 -1.0 -1.0 -1.0 0.0 0.34356404009541636 0.30991802151251924 0.3465179383920644
9 731.0 0.0 -1.0 -1.0 -1.0 0.0 0.3227112222268353 0.3295260764768393 0.3477627012963253
9 732.0 0.0 -1.0 -1.0 -1.0 0.0 0.3304862566322931 0.3598301423895552 0.30968360097815156
9 733.0 0.0 -1.0 -1.0 -1.0 0.0 0.3421545455119336 0.34899885641667716 0.30884659807138903
9 734.0 0.0 -1.0 -1.0 -1.0 0.0 0.3513743644841996 0.34831307270073725 0.30031256281506313
9 735.0 0.0 -1.0 -1.0 -1.0 0.0 0.34102851665068057 0.3365525596779089 0.3224189236714104
9 736.0 0.0 -1.0 -1.0 -1.0 0.0 0.35046221421710216 0.34501701652478295 0.3045207692581149
9 737.0 0.0 -1.0 -1.0 -1.0 0.0 0.33715669256616193 0.36067526604780065 0.3021680413860374
9 738.0 0.0 -1.0 -1.0 -1.0 0.0 0.34084471432564717 0.34926933117615827 0.30988595449819445
9 739.0 0.0 -1.0 -1.0 -1.0 0.0 0.3480680915147362 0.3218264997103407 0.33010540877492334
9 740.0 0.0 -1.0 -1.0 -1.0 0.0 0.3330129944056317 0.3536045276369989 0.3133824779573691
9 741.0 0.0 -1.0 -1.0 -1.0 0.0 0.3403082361005906 0.33823015059520123 0.3214616133042082
9 742.0 0.0 -1.0 -1.0 -1.0 0.0 0.3251973896254387 0.3438833325644744 0.33091927781008684
9 743.0 0.0 -1.0 -1.0 -1.0 0.0 0.32874719017840925 0.3351944580210634 0.33605835180052723
9 744.0 0.0 -1.0 -1.0 -1.0 0.0 0.3279246009568249 0.35261866586135987 0.31945673318181533
9 745.0 0.0 -1.0 -1.0 -1.0 0.0 0.3157793570104335 0.33274958617410616 0.35147105681546037
9 746.0 0.0 -1.0 -1.0 -1.0 0.0 0.32315305003460687 0.33522381465297285 0.34162313531242033
9 747.0 0.0 -1.0 -1.0 -1.0 0.0 0.2968051136383211 0.35446343591844937 0.3487314504432297
9 748.0 0.0 -1.0 -1.0 -1.0 0.0 0.3024255911568687 0.34559176969090977 0.3519826391522217
9 749.0 0.0 -1.0 -1.0 -1.0 0.0 0.3147266875995087 0.33248738340295325 0.352785928997538
9 750.0 0.0 -1.0 -1.0 -1.0 0.0 0.32407633295866684 0.3105414364583835 0.3653822305829499
9 751.0 0.0 -1.0 -1.0 -1.0 0.0 0.3040310537488727 0.3217815032963809 0.37418744295474665
9 752.0 0.0 -1.0 -1.0 -1.0 0.0 0.3099560161831829 0.3324413576810194 0.3576026261357977
9 753.0 0.0 -1.0 -1.0 -1.0 0.0 0.3304854808381981 0.35335290279955084 0.31616161636225104
9 754.0 0.0 -1.0 -1.0 -1.0 0.0 0.34952946421535536 0.3593452465406849 0.29112528924395975
9 755.0 0.0 -1.0 -1.0 -1.0 0.0 0.324319556702611 0.34895990159176554 0.3267205417056235
9 756.0 0.0 -1.0 -1.0 -1.0 0.0 0.2855180251472106 0.34648133475241666 0.3680006401003728
9 757.0 0.0 -1.0 -1.0 -1.0 0.0 0.29980418326098046 0.3365954493677535 0.36360036737126594
9 758.0 0.0 -1.0 -1.0 -1.0 0.0 0.32883428274900156 0.3180292881871708 0.35313642906382775
9 759.0 0.0 -1.0 -1.0 -1.0 0.0 0.3156037206772499 0.3040890112043106 0.38030726811843946
9 760.0 0.0 -1.0 -1.0 -1.0 0.0 0.301377552514516 0.30308287630171815 0.3955395711837661
9 761.0 0.0 -1.0 -1.0 -1.0 0.0 0.3044836382176755 0.301878136871068 0.39363822491125644
9 762.0 0.0 -1.0 -1.0 -1.0 0.0 0.30797841182402297 0.2967914665490191 0.3952301216269576
9 763.0 0.0 -1.0 -1.0 -1.0 0.0 0.32195855530565853 0.30796330425690394 0.37007814043743764
9 764.0 0.0 -1.0 -1.0 -1.0 0.0 0.3298956753071519 0.3030350994848893 0.36706922520795876
9 765.0 0.0 -1.0 -1.0 -1.0 0.0 0.3212082241030172 0.34050469615931545 0.3382870797376672
9 766.0 0.0 -1.0 -1.0 -1.0 0.0 0.3497701403654838 0.3099674737529719 0.34026238588154406
9 767.0 0.0 -1.0 -1.0 -1.0 0.0 0.3664154153741317 0.31570098411317576 0.3178836005126926
9 768.0 0.0 -1.0 -1.0 -1.0 0.0 0.3757763606354752 0.3065879106488821 0.31763572871564266
9 769.0 0.0 -1.0 -1.0 -1.0 0.0 0.3747281820709143 0.32285712557275464 0.3024146923563311
9 770.0 0.0 -1.0 -1.0 -1.0 0.0 0.34849031229974103 0.3516633931153976 0.29984629458486134
9 771.0 0.0 -1.0 -1.0 -1.0 0.0 0.34538896196111346 0.3280647000460097 0.32654633799287686
9 772.0 0.0 -1.0 -1.0 -1.0 0.0 0.33923843346418975 0.32167073415791414 0.3390908323778962
9 773.0 0.0 -1.0 -1.0 -1.0 0.0 0.34694664401282 0.3067292084439884 0.34632414754319174
9 774.0 0.0 -1.0 -1.0 -1.0 0.0 0.3693189403560291 0.27775250543507074 0.35292855420890035
9 775.0 0.0 -1.0 -1.0 -1.0 0.0 0.37672132470681474 0.30709692252199494 0.3161817527711901
9 776.0 0.0 -1.0 -1.0 -1.0 0.0 0.39166282453618095 0.2953629283917565 0.31297424707206256
9 777.0 0.0 -1.0 -1.0 -1.0 0.0 0.37395225007785066 0.30722006204488334 0.3188276878772657
9 778.0 0.0 -1.0 -1.0 -1.0 0.0 0.3538469000749959 0.3310448805397905 0.3151082193852136
9 779.0 0.0 -1.0 -1.0 -1.0 0.0 0.3447115874199057 0.3627344281189692 0.2925539844611251
9 780.0 0.0 -1.0 -1.0 -1.0 0.0 0.3332411201279066 0.3388308617996196 0.3279280180724736
9 781.0 0.0 -1.0 -1.0 -1.0 0.0 0.3302651995541775 0.32526049260240314 0.3444743078434191
9 782.0 0.0 -1.0 -1.0 -1.0 0.0 0.3196597718701924 0.3191762670427747 0.36116396108703286
9 783.0 0.0 -1.0 -1.0 -1.0 0.0 0.32847244544779486 0.33087984273012205 0.3406477118220831
9 784.0 0.0 -1.0 -1.0 -1.0 0.0 0.354010449178448 0.333190523969291 0.31279902685226096
9 785.0 0.0 -1.0 -1.0 -1.0 0.0 0.3596257461317746 0.32479793561558373 0.31557631825264176
9 786.0 0.0 -1.0 -1.0 -1.0 0.0 0.3438807231796596 0.31435963581335585 0.3417596410069846
9 787.0 0.0 -1.0 -1.0 -1.0 0.0 0.34117151985677957 0.30494411177785063 0.35388436836536985
9 788.0 0.0 -1.0 -1.0 -1.0 0.0 0.3568831168986354 0.2956863220785095 0.3474305610228551
9 789.0 0.0 -1.0 -1.0 -1.0 0.0 0.3361802462322035 0.31113695153552606 0.3526828022322704
9 790.0 0.0 -1.0 -1.0 -1.0 0.0 0.3323962542539077 0.31991704431792634 0.34768670142816605
9 791.0 0.0 -1.0 -1.0 -1.0 0.0 0.33598352230163103 0.3186689849680269 0.3453474927303422
9 792.0 0.0 -1.0 -1.0 -1.0 0.0 0.3411229729225581 0.3143212935852244 0.3445557334922173
9 793.0 0.0 -1.0 -1.0 -1.0 0.0 0.3350973093220824 0.3518396804155206 0.31306301026239713
9 794.0 0.0 -1.0 -1.0 -1.0 0.0 0.352685495287236 0.32293661706769905 0.3243778876450649
9 795.0 0.0 -1.0 -1.0 -1.0 0.0 0.35781556611082566 0.32454155212729785 0.3176428817618764
9 796.0 0.0 -1.0 -1.0 -1.0 0.0 0.3682339119473063 0.3051309681017865 0.32663511995090744
9 797.0 0.0 -1.0 -1.0 -1.0 0.0 0.3720435241088071 0.30970889764418996 0.3182475782470029
9 798.0 0.0 -1.0 -1.0 -1.0 0.0 0.3871951659021085 0.2765374627172564 0.3362673713806351
9 799.0 0.0 -1.0 -1.0 -1.0 0.0 0.37274035779780573 0.25997292861365745 0.36728671358853693
9 800.0 0.0 -1.0 -1.0 -1.0 0.0 0.34096022317965824 0.2956050806303083 0.3634346961900332
9 801.0 0.0 -1.0 -1.0 -1.0 0.0 0.30131357955205645 0.312145400520925 0.38654101992701856
9 802.0 0.0 -1.0 -1.0 -1.0 0.0 0.3037389986741965 0.3039214536593678 0.3923395476664354
9 803.0 0.0 -1.0 -1.0 -1.0 0.0 0.2848995220599307 0.31792794525716506 0.39717253268290437
9 804.0 0.0 -1.0 -1.0 -1.0 0.0 0.31922538019686636 0.2987732815806094 0.3820013382225239
9 805.0 0.0 -1.0 -1.0 -1.0 0.0 0.3115006576169977 0.31322887317891707 0.3752704692040851
9 806.0 0.0 -1.0 -1.0 -1.0 0.0 0.33089221118428985 0.31969568889148514 0.3494120999242252
9 807.0 0.0 -1.0 -1.0 -1.0 0.0 0.3136154662411273 0.3326421628227616 0.3537423709361109
9 808.0 0.0 -1.0 -1.0 -1.0 0.0 0.34444403745932356 0.3084099293823404 0.3471460331583358
9 809.0 0.0 -1.0 -1.0 -1.0 0.0 0.3673485527194344 0.3243522822066564 0.3082991650739092
9 810.0 0.0 -1.0 -1.0 -1.0 0.0 0.38128933718998764 0.28539176650193737 0.3333188963080751
9 811.0 0.0 -1.0 -1.0 -1.0 0.0 0.34333701278151535 0.3071942868846339 0.34946870033385075
9 812.0 0.0 -1.0 -1.0 -1.0 0.0 0.3488760781913757 0.3094281018579916 0.3416958199506327
9 813.0 0.0 -1.0 -1.0 -1.0 0.0 0.3467042442370851 0.29628624400053405 0.35700951176238055
9 814.0 0.0 -1.0 -1.0 -1.0 0.0 0.3140121784278041 0.321647494035538 0.3643403275366577
9 815.0 0.0 -1.0 -1.0 -1.0 0.0 0.31684938658338335 0.3552631985230944 0.32788741489352224
9 816.0 0.0 -1.0 -1.0 -1.0 0.0 0.3388329021727159 0.3375427727474131 0.323624325079871
9 817.0 0.0 -1.0 -1.0 -1.0 0.0 0.34037019969075294 0.3265807370368197 0.33304906327242717
9 818.0 0.0 -1.0 -1.0 -1.0 0.0 0.31598522489052905 0.3503646729481211 0.33365010216134977
9 819.0 0.0 -1.0 -1.0 -1.0 0.0 0.3195540114854378 0.3274992863630953 0.3529467021514672
9 820.0 0.0 -1.0 -1.0 -1.0 0.0 0.31693537930789206 0.3324588983741508 0.3506057223179571
9 821.0 0.0 -1.0 -1.0 -1.0 0.0 0.2895525363200733 0.3384876727013838 0.371959790978543
9 822.0 0.0 -1.0 -1.0 -1.0 0.0 0.3121999215735669 0.332330197826181 0.355469880600252
9 823.0 0.0 -1.0 -1.0 -1.0 0.0 0.3177190677612581 0.33547127016355 0.34680966207519176
9 824.0 0.0 -1.0 -1.0 -1.0 0.0 0.3555216708601703 0.3141732613280214 0.33030506781180846
9 825.0 0.0 -1.0 -1.0 -1.0 0.0 0.3720574475251416 0.3254195233444289 0.30252302913042955
9 826.0 0.0 -1.0 -1.0 -1.0 0.0 0.3674859301915724 0.31675245169116634 0.3157616181172613
9 827.0 0.0 -1.0 -1.0 -1.0 0.0 0.35354942641032266 0.3254804106736529 0.3209701629160246
9 828.0 0.0 -1.0 -1.0 -1.0 0.0 0.33918528478645205 0.3261590005423171 0.3346557146712309
9 829.0 0.0 -1.0 -1.0 -1.0 0.0 0.33818825020846455 0.3434290866518947 0.3183826631396406
9 830.0 0.0 -1.0 -1.0 -1.0 0.0 0.3420861432146898 0.3468125794811614 0.3111012773041488
9 831.0 0.0 -1.0 -1.0 -1.0 0.0 0.34139466385084477 0.33656206843837216 0.32204326771078307
9 832.0 0.0 -1.0 -1.0 -1.0 0.0 0.33526405056089315 0.3319787822570148 0.332757167182092
9 833.0 0.0 -1.0 -1.0 -1.0 0.0 0.35321875916280737 0.3375462920931379 0.3092349487440546
9 834.0 0.0 -1.0 -1.0 -1.0 0.0 0.3412952478483908 0.31488332097261773 0.34382143117899133
9 835.0 0.0 -1.0 -1.0 -1.0 0.0 0.3676685944679067 0.3150066902405786 0.31732471529151474
9 836.0 0.0 -1.0 -1.0 -1.0 0.0 0.3668964722702389 0.3044743068652803 0.3286292208644808
9 837.0 0.0 -1.0 -1.0 -1.0 0.0 0.3588466607130034 0.3059577118566651 0.33519562743033154
9 838.0 0.0 -1.0 -1.0 -1.0 0.0 0.3357759734871513 0.3229545575248091 0.3412694689880395
9 839.0 0.0 -1.0 -1.0 -1.0 0.0 0.3496856476528396 0.33603813767371293 0.3142762146734476
9 840.0 0.0 -1.0 -1.0 -1.0 0.0 0.33305637926020737 0.3448083150771494 0.3221353056626433
9 841.0 0.0 -1.0 -1.0 -1.0 0.0 0.32497021591793035 0.33943468661091025 0.33559509747115934
9 842.0 0.0 -1.0 -1.0 -1.0 0.0 0.34109642940471885 0.3372528676867628 0.3216507029085182
9 843.0 0.0 -1.0 -1.0 -1.0 0.0 0.343123335420062 0.3424698937395936 0.31440677084034463
9 844.0 0.0 -1.0 -1.0 -1.0 0.0 0.3527199093719207 0.32107677805619766 0.32620331257188195
9 845.0 0.0 -1.0 -1.0 -1.0 0.0 0.37418142503647256 0.3400073955333553 0.28581117943017204
9 846.0 0.0 -1.0 -1.0 -1.0 0.0 0.36405069913966037 0.3371942995976458 0.2987550012626938
9 847.0 0.0 -1.0 -1.0 -1.0 0.0 0.370087352251573 0.3174293932549361 0.312483254493491
9 848.0 0.0 -1.0 -1.0 -1.0 0.0 0.37826004899842863 0.33410281628535293 0.28763713471621827
9 849.0 0.0 -1.0 -1.0 -1.0 0.0 0.3549207272738443 0.3373730261516539 0.3077062465745016
9 850.0 0.0 -1.0 -1.0 -1.0 0.0 0.3455150617666442 0.353808890097148 0.3006760481362077
9 851.0 0.0 -1.0 -1.0 -1.0 0.0 0.3101678970381393 0.3583698627610136 0.33146224020084697
9 852.0 0.0 -1.0 -1.0 -1.0 0.0 0.32362795242931114 0.3378827848412248 0.33848926272946406
9 853.0 0.0 -1.0 -1.0 -1.0 0.0 0.3079963161247756 0.34543174647352 0.3465719374017042
9 854.0 0.0 -1.0 -1.0 -1.0 0.0 0.32805902106289453 0.3217773092692444 0.3501636696678613
9 855.0 0.0 -1.0 -1.0 -1.0 0.0 0.33147541205231823 0.3398424687596412 0.32868211918804063
9 856.0 0.0 -1.0 -1.0 -1.0 0.0 0.31927714740562535 0.3654487273574182 0.31527412523695636
9 857.0 0.0 -1.0 -1.0 -1.0 0.0 0.31833350949783634 0.35539726655105774 0.3262692239511062
9 858.0 0.0 -1.0 -1.0 -1.0 0.0 0.3205240921138606 0.3421843298162957 0.33729157806984367
9 859.0 0.0 -1.0 -1.0 -1.0 0.0 0.3393573192632386 0.33707929813628945 0.32356338260047196
9 860.0 0.0 -1.0 -1.0 -1.0 0.0 0.3256374442370912 0.3366955954838929 0.3376669602790159
9 861.0 0.0 -1.0 -1.0 -1.0 0.0 0.34330063935353183 0.35270511548095085 0.3039942451655172
9 862.0 0.0 -1.0 -1.0 -1.0 0.0 0.35776079008226686 0.3456895281862827 0.2965496817314504
9 863.0 0.0 -1.0 -1.0 -1.0 0.0 0.3577583775512324 0.330228063088164 0.3120135593606038
9 864.0 0.0 -1.0 -1.0 -1.0 0.0 0.3269514754565846 0.36032076255761114 0.31272776198580426
9 865.0 0.0 -1.0 -1.0 -1.0 0.0 0.3098507838589087 0.3570816589634307 0.33306755717766073
9 866.0 0.0 -1.0 -1.0 -1.0 0.0 0.3459002409715557 0.3456914810881061 0.3084082779403384
9 867.0 0.0 -1.0 -1.0 -1.0 0.0 0.37108520129143996 0.3474873286813465 0.2814274700272134
9 868.0 0.0 -1.0 -1.0 -1.0 0.0 0.3487486364639757 0.31991523548140005 0.33133612805462415
9 869.0 0.0 -1.0 -1.0 -1.0 0.0 0.31442317103223116 0.35561460612591367 0.32996222284185506
9 870.0 0.0 -1.0 -1.0 -1.0 0.0 0.3217631192246395 0.3360715669756995 0.34216531379966114
9 871.0 0.0 -1.0 -1.0 -1.0 0.0 0.35306815971540095 0.3350971181794388 0.3118347221051603
9 872.0 0.0 -1.0 -1.0 -1.0 0.0 0.3647121935763726 0.3009888658950678 0.3342989405285595
9 873.0 0.0 -1.0 -1.0 -1.0 0.0 0.33911186185734826 0.3413261647355173 0.3195619734071343
9 874.0 0.0 -1.0 -1.0 -1.0 0.0 0.32581771258908243 0.33477003872827643 0.33941224868264136
9 875.0 0.0 -1.0 -1.0 -1.0 0.0 0.32449953677880194 0.31012823327239825 0.3653722299487997
9 876.0 0.0 -1.0 -1.0 -1.0 0.0 0.3179211054714157 0.31436322273019196 0.36771567179839254
9 877.0 0.0 -1.0 -1.0 -1.0 0.0 0.31909882693414515 0.35156599200269395 0.32933518106316084
9 878.0 0.0 -1.0 -1.0 -1.0 0.0 0.3345009559421467 0.34936812298808434 0.31613092106976914
9 879.0 0.0 -1.0 -1.0 -1.0 0.0 0.3310266608382841 0.34626860165542916 0.3227047375062866
9 880.0 0.0 -1.0 -1.0 -1.0 0.0 0.35430071895288223 0.3222055130702766 0.3234937679768412
9 881.0 0.0 -1.0 -1.0 -1.0 0.0 0.3637279949307581 0.30809410847836616 0.32817789659087565
9 882.0 0.0 -1.0 -1.0 -1.0 0.0 0.34074391910270996 0.3328806105642621 0.32637547033302794
9 883.0 0.0 -1.0 -1.0 -1.0 0.0 0.34674258553185344 0.3318070095547229 0.32145040491342364
9 884.0 0.0 -1.0 -1.0 -1.0 0.0 0.35114309577197467 0.3400947344593009 0.30876216976872434
9 885.0 0.0 -1.0 -1.0 -1.0 0.0 0.35627156449334263 0.33233692071091203 0.31139151479574534
9 886.0 0.0 -1.0 -1.0 -1.0 0.0 0.3648231364849884 0.33362003825862907 0.3015568252563824
9 887.0 0.0 -1.0 -1.0 -1.0 0.0 0.3616922202225339 0.3376441388439184 0.3006636409335478
9 888.0 0.0 -1.0 -1.0 -1.0 0.0 0.3508338584449619 0.33076160251960124 0.3184045390354366
9 889.0 0.0 -1.0 -1.0 -1.0 0.0 0.33431628623415094 0.31621494407601675 0.3494687696898324
9 890.0 0.0 -1.0 -1.0 -1.0 0.0 0.33136457509397865 0.32643277056269226 0.342202654343329
9 891.0 0.0 -1.0 -1.0 -1.0 0.0 0.3233551440828108 0.3258345580567476 0.35081029786044177
9 892.0 0.0 -1.0 -1.0 -1.0 0.0 0.3247357618088532 0.347378572813051 0.3278856653780957
9 893.0 0.0 -1.0 -1.0 -1.0 0.0 0.31642429112497444 0.3568392724302114 0.3267364364448144
9 894.0 0.0 -1.0 -1.0 -1.0 0.0 0.3424043107430071 0.3432213905886949 0.31437429866829797
9 895.0 0.0 -1.0 -1.0 -1.0 0.0 0.31358095043762246 0.34562610143031136 0.34079294813206606
9 896.0 0.0 -1.0 -1.0 -1.0 0.0 0.33880252317508197 0.3424890287558805 0.3187084480690374
9 897.0 0.0 -1.0 -1.0 -1.0 0.0 0.33813160028945044 0.34353970292768 0.31832869678286924
9 898.0 0.0 -1.0 -1.0 -1.0 0.0 0.3482011898889381 0.3224350453676945 0.3293637647433671
9 899.0 0.0 -1.0 -1.0 -1.0 0.0 0.3802904219983113 0.29778293226112723 0.3219266457405614
9 900.0 0.0 -1.0 -1.0 -1.0 0.0 0.35836455383484656 0.2993264893924882 0.34230895677266526
9 901.0 0.0 -1.0 -1.0 -1.0 0.0 0.3622793935666407 0.3039046818109899 0.3338159246223695
9 902.0 0.0 -1.0 -1.0 -1.0 0.0 0.363569857128503 0.2993703017636386 0.33705984110785847
9 903.0 0.0 -1.0 -1.0 -1.0 0.0 0.3403023763477635 0.3076888539243657 0.3520087697278709
9 904.0 0.0 -1.0 -1.0 -1.0 0.0 0.34553463511837385 0.31749658519188434 0.33696877968974165
9 905.0 0.0 -1.0 -1.0 -1.0 0.0 0.34743034270310885 0.3358042312574495 0.3167654260394419
9 906.0 0.0 -1.0 -1.0 -1.0 0.0 0.3428602138180212 0.3172351297614043 0.33990465642057466
9 907.0 0.0 -1.0 -1.0 -1.0 0.0 0.3375715748621918 0.3136969890805819 0.34873143605722623
9 908.0 0.0 -1.0 -1.0 -1.0 0.0 0.3273338011286927 0.3269823859863368 0.34568381288497063
9 909.0 0.0 -1.0 -1.0 -1.0 0.0 0.3274349014509823 0.3216119546012785 0.35095314394773913
9 910.0 0.0 -1.0 -1.0 -1.0 0.0 0.33391841066474415 0.3165841150205677 0.34949747431468803
9 911.0 0.0 -1.0 -1.0 -1.0 0.0 0.3215719228094754 0.3193122069811669 0.3591158702093579
9 912.0 0.0 -1.0 -1.0 -1.0 0.0 0.30715416049185806 0.32806926808681963 0.3647765714213221
9 913.0 0.0 -1.0 -1.0 -1.0 0.0 0.34078463647047 0.3321104535494666 0.32710490998006336
9 914.0 0.0 -1.0 -1.0 -1.0 0.0 0.33445938674055975 0.3158931407899025 0.34964747246953787
9 915.0 0.0 -1.0 -1.0 -1.0 0.0 0.3315841662989953 0.32710064564591357 0.341315188055091
9 916.0 0.0 -1.0 -1.0 -1.0 0.0 0.34393445809460693 0.3396063940396467 0.31645914786574647
9 917.0 0.0 -1.0 -1.0 -1.0 0.0 0.3583853645709688 0.32673788926236574 0.31487674616666533
9 918.0 0.0 -1.0 -1.0 -1.0 0.0 0.3544204203329837 0.3002058065647917 0.34537377310222483
9 919.0 0.0 -1.0 -1.0 -1.0 0.0 0.37002113193446634 0.30642839699755237 0.323550471067981
9 920.0 0.0 -1.0 -1.0 -1.0 0.0 0.3820699333621389 0.2851753936940465 0.33275467294381494
9 921.0 0.0 -1.0 -1.0 -1.0 0.0 0.3580561415065521 0.28341131768331085 0.3585325408101371
9 922.0 0.0 -1.0 -1.0 -1.0 0.0 0.36924476259103206 0.29550615036340866 0.335249087045559
9 923.0 0.0 -1.0 -1.0 -1.0 0.0 0.3626684559894357 0.29630913569124845 0.34102240831931574
9 924.0 0.0 -1.0 -1.0 -1.0 0.0 0.38393650851552974 0.2901340516701017 0.32592943981436867
9 925.0 0.0 -1.0 -1.0 -1.0 0.0 0.34179194820960523 0.31393056024198335 0.3442774915484116
9 926.0 0.0 -1.0 -1.0 -1.0 0.0 0.31294960126235793 0.3188931173650602 0.3681572813725819
9 927.0 0.0 -1.0 -1.0 -1.0 0.0 0.30332827726511735 0.3130759757915144 0.38359574694336834
9 928.0 0.0 -1.0 -1.0 -1.0 0.0 0.3099286871392913 0.32190461233837053 0.36816670052233796
9 929.0 0.0 -1.0 -1.0 -1.0 0.0 0.33866004484837575 0.32920529231512297 0.33213466283650134
9 930.0 0.0 -1.0 -1.0 -1.0 0.0 0.3358369694717321 0.3442473747165797 0.31991565581168835
9 931.0 0.0 -1.0 -1.0 -1.0 0.0 0.3490477790390678 0.348940889980216 0.30201133098071653
9 932.0 0.0 -1.0 -1.0 -1.0 0.0 0.34359317712850085 0.3386406200765169 0.3177662027949824
9 933.0 0.0 -1.0 -1.0 -1.0 0.0 0.326389595593974 0.3550576506843371 0.31855275372168884
9 934.0 0.0 -1.0 -1.0 -1.0 0.0 0.35736689479130257 0.3280221734162138 0.31461093179248356
9 935.0 0.0 -1.0 -1.0 -1.0 0.0 0.3768585945090413 0.306884747815783 0.3162566576751754
9 936.0 0.0 -1.0 -1.0 -1.0 0.0 0.37225560711598127 0.2915167300097589 0.33622766287425987
9 937.0 0.0 -1.0 -1.0 -1.0 0.0 0.3712626994838888 0.29886891725459586 0.3298683832615153
9 938.0 0.0 -1.0 -1.0 -1.0 0.0 0.3821743023432644 0.32502981299261874 0.29279588466411705
9 939.0 0.0 -1.0 -1.0 -1.0 0.0 0.3801940745987946 0.3393455622661058 0.28046036313509937
9 940.0 0.0 -1.0 -1.0 -1.0 0.0 0.36745301969751876 0.34600935568842756 0.2865376246140538
9 941.0 0.0 -1.0 -1.0 -1.0 0.0 0.36323340549031463 0.3302451460134457 0.3065214484962399
9 942.0 0.0 -1.0 -1.0 -1.0 0.0 0.3591575011106849 0.34997771806810585 0.2908647808212092
9 943.0 0.0 -1.0 -1.0 -1.0 0.0 0.3467209868269482 0.3403433195672844 0.31293569360576745
9 944.0 0.0 -1.0 -1.0 -1.0 0.0 0.3545074241481286 0.32716374905547807 0.31832882679639357
9 945.0 0.0 -1.0 -1.0 -1.0 0.0 0.34201609931479837 0.3432648917408842 0.3147190089443175
9 946.0 0.0 -1.0 -1.0 -1.0 0.0 0.32293720200530457 0.34847273705409376 0.32859006094060156
9 947.0 0.0 -1.0 -1.0 -1.0 0.0 0.3169899327643526 0.37800227416423515 0.3050077930714122
9 948.0 0.0 -1.0 -1.0 -1.0 0.0 0.3110870181029012 0.3741720436296426 0.3147409382674564
9 949.0 0.0 -1.0 -1.0 -1.0 0.0 0.3143160080907235 0.3487959610208648 0.3368880308884119
9 950.0 0.0 -1.0 -1.0 -1.0 0.0 0.3130882064288088 0.35916422433717093 0.32774756923402004
9 951.0 0.0 -1.0 -1.0 -1.0 0.0 0.2986533300226704 0.37288426031867933 0.3284624096586503
9 952.0 0.0 -1.0 -1.0 -1.0 0.0 0.3180487711929921 0.3544147043037965 0.3275365245032114
9 953.0 0.0 -1.0 -1.0 -1.0 0.0 0.34190607490511155 0.3310901363574246 0.32700378873746394
9 954.0 0.0 -1.0 -1.0 -1.0 0.0 0.33551900137036605 0.3333997846933424 0.33108121393629164
9 955.0 0.0 -1.0 -1.0 -1.0 0.0 0.32773994670814816 0.3321989937910281 0.3400610595008237
9 956.0 0.0 -1.0 -1.0 -1.0 0.0 0.3205197499368408 0.348376599623384 0.33110365043977535
9 957.0 0.0 -1.0 -1.0 -1.0 0.0 0.34455837689505087 0.3356888400640255 0.3197527830409236
9 958.0 0.0 -1.0 -1.0 -1.0 0.0 0.3127877053412461 0.34997834646010256 0.3372339481986515
9 959.0 0.0 -1.0 -1.0 -1.0 0.0 0.3257608451549893 0.32896177005540217 0.3452773847896085
9 960.0 0.0 -1.0 -1.0 -1.0 0.0 0.3367391856527916 0.3483141917072855 0.3149466226399229
9 961.0 0.0 -1.0 -1.0 -1.0 0.0 0.36281696351447584 0.3395872166263028 0.2975958198592215
9 962.0 0.0 -1.0 -1.0 -1.0 0.0 0.35253701070886834 0.332433542527414 0.3150294467637176
9 963.0 0.0 -1.0 -1.0 -1.0 0.0 0.3620514337988842 0.321030907908197 0.31691765829291857
9 964.0 0.0 -1.0 -1.0 -1.0 0.0 0.36084061096661446 0.3298203506626695 0.3093390383707163
9 965.0 0.0 -1.0 -1.0 -1.0 0.0 0.3608640411699923 0.34468637151141346 0.29444958731859433
9 966.0 0.0 -1.0 -1.0 -1.0 0.0 0.34890909373014334 0.33640720195584484 0.3146837043140121
9 967.0 0.0 -1.0 -1.0 -1.0 0.0 0.3402146387423157 0.3210658338535757 0.33871952740410854
9 968.0 0.0 -1.0 -1.0 -1.0 0.0 0.29940299968171763 0.34648840305184747 0.354108597266435
9 969.0 0.0 -1.0 -1.0 -1.0 0.0 0.3080492262190219 0.3477944378468827 0.3441563359340956
9 970.0 0.0 -1.0 -1.0 -1.0 0.0 0.3047730627108581 0.33710575227590567 0.3581211850132363
9 971.0 0.0 -1.0 -1.0 -1.0 0.0 0.2974020655205057 0.37116817588771445 0.33142975859177987
9 972.0 0.0 -1.0 -1.0 -1.0 0.0 0.28713247459090485 0.3957856562909295 0.3170818691181658
9 973.0 0.0 -1.0 -1.0 -1.0 0.0 0.29626036703271436 0.3575771873433968 0.34616244562388887
9 974.0 0.0 -1.0 -1.0 -1.0 0.0 0.32741486863157926 0.3086968456537213 0.36388828571469917
9 975.0 0.0 -1.0 -1.0 -1.0 0.0 0.3502018538172556 0.2921006850784958 0.3576974611042485
9 976.0 0.0 -1.0 -1.0 -1.0 0.0 0.3479830488280784 0.32835772210414704 0.3236592290677746
9 977.0 0.0 -1.0 -1.0 -1.0 0.0 0.35216098915408894 0.32333480811512333 0.32450420273078767
9 978.0 0.0 -1.0 -1.0 -1.0 0.0 0.3572097592827624 0.3382725427346513 0.3045176979825864
9 979.0 0.0 -1.0 -1.0 -1.0 0.0 0.3508714274114241 0.33131414468831166 0.31781442790026415
9 980.0 0.0 -1.0 -1.0 -1.0 0.0 0.3465747368581461 0.340755392684384 0.31266987045746975
9 981.0 0.0 -1.0 -1.0 -1.0 0.0 0.33540233049915974 0.3296266645490191 0.334971004951821
9 982.0 0.0 -1.0 -1.0 -1.0 0.0 0.3450366690631865 0.32225878490743787 0.3327045460293757
9 983.0 0.0 -1.0 -1.0 -1.0 0.0 0.35011826580118083 0.3373256468553864 0.31255608734343243
9 984.0 0.0 -1.0 -1.0 -1.0 0.0 0.3779108629906169 0.33994168694219346 0.28214745006718966
9 985.0 0.0 -1.0 -1.0 -1.0 0.0 0.35238841863744236 0.34956280099249276 0.298048780370065
9 986.0 0.0 -1.0 -1.0 -1.0 0.0 0.3335193682103096 0.362505903595452 0.3039747281942384
9 987.0 0.0 -1.0 -1.0 -1.0 0.0 0.3375041439446588 0.36176968421636163 0.30072617183897976
9 988.0 0.0 -1.0 -1.0 -1.0 0.0 0.36341858066774213 0.3773967027878819 0.25918471654437597
9 989.0 0.0 -1.0 -1.0 -1.0 0.0 0.36037916974048056 0.3750815889388348 0.2645392413206846
9 990.0 0.0 -1.0 -1.0 -1.0 0.0 0.3416163241781928 0.34738091095860907 0.3110027648631981
9 991.0 0.0 -1.0 -1.0 -1.0 0.0 0.34559415635557594 0.34099605466268107 0.31340978898174293
9 992.0 0.0 -1.0 -1.0 -1.0 0.0 0.3137824262822808 0.3215519732857553 0.364665600431964
9 993.0 0.0 -1.0 -1.0 -1.0 0.0 0.3247960678252217 0.3308472349198338 0.3443566972549445
9 994.0 0.0 -1.0 -1.0 -1.0 0.0 0.31156929359614244 0.3370258202167789 0.35140488618707866
9 995.0 0.0 -1.0 -1.0 -1.0 0.0 0.30376872434321117 0.3309299321738518 0.36530134348293736
9 996.0 0.0 -1.0 -1.0 -1.0 0.0 0.31377311189064383 0.33255474335864726 0.3536721447507089
9 997.0 0.0 -1.0 -1.0 -1.0 0.0 0.3013799508032676 0.35426773475692286 0.3443523144398095
9 998.0 0.0 -1.0 -1.0 -1.0 0.0 0.2896622779443156 0.34317687290126025 0.36716084915442404
9 999.0 0.0 -1.0 -1.0 -1.0 0.0 0.31285384018902457 0.330879574285072 0.3562665855259034
9 1000.0 0.0 -1.0 -1.0 -1.0 0.0 0.3140763854482882 0.32783008916901657 0.35809352538269523
1000000000000000000000000000000000000000000000000000000000000000000000000000000000000000000000000000
-1.0
solo con 1: -100.0
