9 0.0 80.0 -39.0 -160.0 -96.24 49.85354713173538 0.3333333333333333 0.3333333333333333 0.3333333333333333
9 1.0 49.0 -38.0 -160.0 -77.76 46.30468266129935 0.30371152697141013 0.26807609585130243 0.4282123771772877
9 2.0 15.0 -36.0 -160.0 -67.7 42.7814507146792 0.2820484588092306 0.21750029346272132 0.500451247728048
9 3.0 55.0 -33.0 -157.0 -54.89 33.64907881429304 0.24631928960565433 0.18122227924574774 0.5724584311485981
9 4.0 40.0 -32.0 -157.0 -50.73 31.709175614982776 0.22336761743040204 0.16028679193510137 0.6163455906344966
9 5.0 15.0 -31.0 -157.0 -44.23 25.31412948365303 0.19993379005322442 0.14538612346557347 0.654680086481202
9 6.0 44.0 -28.0 -157.0 -39.01 20.417607275797202 0.1812975788376644 0.1361742654695325 0.6825281556928029
9 7.0 10.0 -27.0 -157.0 -34.13 12.903413533173334 0.16172492579664277 0.14324560152679455 0.695029472676563
9 8.0 48.0 -25.0 -157.0 -32.05 13.020865151476281 0.15406967029952187 0.13440624627124992 0.711524083429228
9 9.0 9.0 -24.0 -157.0 -29.69 13.212096538759273 0.14057224038335137 0.10888657704252225 0.7505411825741264
9 10.0 69.0 -20.0 -157.0 -27.49 13.3601964238872 0.1373042994587385 0.11140612974695427 0.751289570794307
9 11.0 52.0 -20.0 -157.0 -25.55 13.458784822148282 0.14820643698025257 0.09584653065677992 0.7559470323629672
9 12.0 91.0 -16.0 -157.0 -23.57 13.721070576954908 0.14203977429707762 0.08379295382336195 0.7741672718795608
9 13.0 52.0 -14.0 -30.0 -19.71 2.625804350070371 0.1329804307242208 0.08898530734927465 0.7780342619265045
9 14.0 71.0 -12.0 -30.0 -17.06 2.751748755268405 0.13837147947085554 0.08578211876497593 0.7758464017641686
9 15.0 71.0 -11.0 -25.0 -15.04 2.246973272847029 0.12119531152941328 0.08934641664574432 0.7894582718248422
9 16.0 9.0 -9.0 -21.0 -13.42 2.010979961123533 0.12818417444194555 0.09760822014267656 0.7742076054153776
9 17.0 9.0 -9.0 -20.0 -12.07 1.7189085096788794 0.11976343272381454 0.10383011628724141 0.776406450988944
9 18.0 9.0 -7.0 -20.0 -10.97 1.817173963086972 0.12083449206063655 0.10543835996267024 0.7737271479766931
9 19.0 9.0 -7.0 -17.0 -9.69 1.6978596151411556 0.11728581121184063 0.10237467137041577 0.7803395174177435
9 20.0 0.0 -7.0 -17.0 -8.55 1.647618422040268 0.12660773303785863 0.09789883180339354 0.7754934351587478
9 21.0 9.0 -6.0 -15.0 -7.69 1.2608719125263994 0.14244334638814465 0.10351829588322455 0.7540383577286309
9 22.0 3.0 -5.0 -12.0 -6.97 0.9791255632894433 0.15166065614655636 0.1247317533293072 0.7236075905241364
9 23.0 0.0 -5.0 -9.0 -6.32 0.9937176397119802 0.14628549433027369 0.133400479250009 0.7203140264197176
9 24.0 0.0 -4.0 -9.0 -5.57 0.9561602502940726 0.1559773922766695 0.13430227650572976 0.7097203312176006
9 25.0 45.0 -3.0 -9.0 -5.01 1.0492421507493361 0.1465830459458266 0.14602571971046646 0.7073912343437071
9 26.0 0.0 -3.0 -9.0 -4.37 1.0603506185896405 0.13943545320752837 0.1493195272652093 0.7112450195272625
9 27.0 68.0 -2.0 -9.0 -3.8 1.05409255338946 0.14138591194711547 0.14766409786180984 0.7109499901910745
9 28.0 17.0 -2.0 -9.0 -3.27 0.8859737552261324 0.15078456333893292 0.11848460112188473 0.7307308355391828
9 29.0 4.0 -1.0 -4.0 -2.6 0.7106690545187011 0.14702317384585734 0.1238107747059164 0.729166051448226
9 30.0 0.0 -1.0 -4.0 -2.13 0.7338152686370382 0.14069835854940968 0.13001215805219268 0.7292894833983979
9 31.0 0.0 -1.0 -4.0 -1.57 0.6705191716841205 0.15965756852884821 0.1185925652938864 0.7217498661772654
9 32.0 0.0 -1.0 -3.0 -1.22 0.504124403437697 0.170732275771968 0.13189605935331025 0.6973716648747215
9 33.0 0.0 -1.0 -3.0 -1.12 0.4089898865164362 0.22048825660647947 0.16557901732997723 0.6139327260635435
9 34.0 0.0 -1.0 -3.0 -1.08 0.33874396636320314 0.24293478999856735 0.20855006362249295 0.5485151463789394
9 35.0 0.0 -1.0 -3.0 -1.06 0.27779797906341414 0.2665690772707529 0.23194506618492028 0.501485856544327
9 36.0 0.0 -1.0 -3.0 -1.06 0.27779797906341414 0.27286862260835304 0.24376824334728067 0.4833631340443663
9 37.0 0.0 -1.0 -2.0 -1.04 0.1969463855669323 0.28804641199938624 0.2552236376581384 0.45672995034247554
9 38.0 0.0 -1.0 -2.0 -1.01 0.09999999999999998 0.2933331144514106 0.2709869926254082 0.43567989292318104
9 39.0 0.0 -1.0 -1.0 -1.0 0.0 0.2902597870957731 0.29989389195966626 0.4098463209445605
9 40.0 0.0 -1.0 -1.0 -1.0 0.0 0.3000149713652595 0.2982994506460555 0.401685577988685
9 41.0 0.0 -1.0 -1.0 -1.0 0.0 0.30629804830918295 0.3092240911508063 0.3844778605400109
9 42.0 0.0 -1.0 -1.0 -1.0 0.0 0.3243673753388077 0.2939427347748816 0.3816898898863107
9 43.0 0.0 -1.0 -1.0 -1.0 0.0 0.341367235075592 0.29611891877824226 0.3625138461461656
9 44.0 0.0 -1.0 -1.0 -1.0 0.0 0.3403431316392912 0.31375081638262164 0.3459060519780872
9 45.0 0.0 -1.0 -1.0 -1.0 0.0 0.3541292183194374 0.3277708236455264 0.31809995803503616
9 46.0 0.0 -1.0 -1.0 -1.0 0.0 0.3466858205725434 0.3192763438190283 0.334037835608428
9 47.0 0.0 -1.0 -1.0 -1.0 0.0 0.3479980213237113 0.3023998617191936 0.3496021169570952
9 48.0 0.0 -1.0 -1.0 -1.0 0.0 0.3604719415023525 0.31105343439043687 0.32847462410721073
9 49.0 0.0 -1.0 -1.0 -1.0 0.0 0.3524896076990371 0.3242117059465319 0.32329868635443093
9 50.0 0.0 -1.0 -1.0 -1.0 0.0 0.3316484433531138 0.3485498252818669 0.31980173136501944
9 51.0 0.0 -1.0 -1.0 -1.0 0.0 0.32523087910220466 0.3438351381675854 0.3309339827302097
9 52.0 0.0 -1.0 -1.0 -1.0 0.0 0.35514246877899636 0.34154667006593653 0.30331086115506745
9 53.0 0.0 -1.0 -1.0 -1.0 0.0 0.3402588148373249 0.33806116191456503 0.3216800232481099
9 54.0 0.0 -1.0 -1.0 -1.0 0.0 0.34635964086478005 0.32414688623935445 0.32949347289586534
9 55.0 0.0 -1.0 -1.0 -1.0 0.0 0.3593751980387955 0.29942049890965056 0.341204303051554
9 56.0 0.0 -1.0 -1.0 -1.0 0.0 0.3251381884211788 0.31410257319247814 0.3607592383863429
9 57.0 0.0 -1.0 -1.0 -1.0 0.0 0.33438632075861585 0.3470289949601986 0.3185846842811857
9 58.0 0.0 -1.0 -1.0 -1.0 0.0 0.30782093704229363 0.3625036811840562 0.3296753817736501
9 59.0 0.0 -1.0 -1.0 -1.0 0.0 0.31712662909542894 0.37380265930405215 0.30907071160051897
9 60.0 0.0 -1.0 -1.0 -1.0 0.0 0.320616230282457 0.359560767765705 0.31982300195183794
9 61.0 0.0 -1.0 -1.0 -1.0 0.0 0.32835739266771363 0.3440284269492829 0.32761418038300383
9 62.0 0.0 -1.0 -1.0 -1.0 0.0 0.29336857077545947 0.3365750634781291 0.3700563657464113
9 63.0 0.0 -1.0 -1.0 -1.0 0.0 0.2974457132181663 0.37759864865244613 0.32495563812938727
9 64.0 0.0 -1.0 -1.0 -1.0 0.0 0.30600821855799704 0.36477733140789576 0.3292144500341071
9 65.0 0.0 -1.0 -1.0 -1.0 0.0 0.2971575908667747 0.3596969131299895 0.3431454960032358
9 66.0 0.0 -1.0 -1.0 -1.0 0.0 0.3223863042500135 0.3613766380437307 0.3162370577062558
9 67.0 0.0 -1.0 -1.0 -1.0 0.0 0.27895015790218985 0.3716202979681512 0.349429544129659
9 68.0 0.0 -1.0 -1.0 -1.0 0.0 0.280671195661143 0.38126359763387474 0.33806520670498236
9 69.0 0.0 -1.0 -1.0 -1.0 0.0 0.2864953079659111 0.36258502454938984 0.3509196674846994
9 70.0 0.0 -1.0 -1.0 -1.0 0.0 0.27130780223984796 0.371828194485635 0.35686400327451684
9 71.0 0.0 -1.0 -1.0 -1.0 0.0 0.2802004322839397 0.3631757205189396 0.35662384719712104
9 72.0 0.0 -1.0 -1.0 -1.0 0.0 0.2879037359268705 0.34177363714484266 0.3703226269282871
9 73.0 0.0 -1.0 -1.0 -1.0 0.0 0.2950069752755923 0.33446116188641895 0.3705318628379889
9 74.0 0.0 -1.0 -1.0 -1.0 0.0 0.31073458643880286 0.3109759952920309 0.37828941826916607
9 75.0 0.0 -1.0 -1.0 -1.0 0.0 0.3120232888302764 0.33265733938234504 0.3553193717873787
9 76.0 0.0 -1.0 -1.0 -1.0 0.0 0.33507435823170634 0.3329462244183883 0.33197941734990555
9 77.0 0.0 -1.0 -1.0 -1.0 0.0 0.3481523722490667 0.32802791876710585 0.3238197089838273
9 78.0 0.0 -1.0 -1.0 -1.0 0.0 0.3379862231075559 0.3419711595404476 0.3200426173519967
9 79.0 0.0 -1.0 -1.0 -1.0 0.0 0.32972135747890347 0.344444601863177 0.3258340406579196
9 80.0 0.0 -1.0 -1.0 -1.0 0.0 0.33904704251616175 0.33527396301723267 0.32567899446660575
9 81.0 0.0 -1.0 -1.0 -1.0 0.0 0.33396071660309545 0.34025137746767536 0.3257879059292294
9 82.0 0.0 -1.0 -1.0 -1.0 0.0 0.3149312989051943 0.3610612895861852 0.32400741150862045
9 83.0 0.0 -1.0 -1.0 -1.0 0.0 0.3249823357729004 0.34086381831929896 0.3341538459078008
9 84.0 0.0 -1.0 -1.0 -1.0 0.0 0.3300626370179423 0.3262269476880131 0.3437104152940448
9 85.0 0.0 -1.0 -1.0 -1.0 0.0 0.3224601508494216 0.3246276048225784 0.35291224432800006
9 86.0 0.0 -1.0 -1.0 -1.0 0.0 0.3130087758040291 0.33285978903012053 0.35413143516585033
9 87.0 0.0 -1.0 -1.0 -1.0 0.0 0.3168972859394242 0.3454028975466968 0.3376998165138791
9 88.0 0.0 -1.0 -1.0 -1.0 0.0 0.33649006095670514 0.326119373007727 0.337390566035568
9 89.0 0.0 -1.0 -1.0 -1.0 0.0 0.32510138788542037 0.3639395583871822 0.31095905372739735
9 90.0 0.0 -1.0 -1.0 -1.0 0.0 0.31754861154812963 0.36146116907346043 0.32099021937840994
9 91.0 0.0 -1.0 -1.0 -1.0 0.0 0.33128715676769255 0.3446177373113699 0.32409510592093765
9 92.0 0.0 -1.0 -1.0 -1.0 0.0 0.3292285802456341 0.31239845556372403 0.3583729641906418
9 93.0 0.0 -1.0 -1.0 -1.0 0.0 0.31213519672350903 0.31020111440979115 0.3776636888666998
9 94.0 0.0 -1.0 -1.0 -1.0 0.0 0.3358712116438491 0.3004499115123339 0.36367887684381695
9 95.0 0.0 -1.0 -1.0 -1.0 0.0 0.34519810074498053 0.3101322889343712 0.34466961032064836
9 96.0 0.0 -1.0 -1.0 -1.0 0.0 0.3438273915895613 0.30153270558971 0.3546399028207287
9 97.0 0.0 -1.0 -1.0 -1.0 0.0 0.36209010906831857 0.31243759895146583 0.3254722919802154
9 98.0 0.0 -1.0 -1.0 -1.0 0.0 0.3311819373463751 0.3319990745707896 0.3368189880828352
9 99.0 0.0 -1.0 -1.0 -1.0 0.0 0.31233834569394514 0.3358430066075567 0.3518186476984983
9 100.0 0.0 -1.0 -1.0 -1.0 0.0 0.3472937062977938 0.31258478592563915 0.340121507776567
9 101.0 0.0 -1.0 -1.0 -1.0 0.0 0.32488492563743365 0.3349746094839545 0.340140464878612
9 102.0 0.0 -1.0 -1.0 -1.0 0.0 0.3175127268235139 0.34509023879349776 0.33739703438298824
9 103.0 0.0 -1.0 -1.0 -1.0 0.0 0.2996781673800279 0.34403679748001514 0.35628503513995713
9 104.0 0.0 -1.0 -1.0 -1.0 0.0 0.32104722800862295 0.3437312732164384 0.3352214987749385
9 105.0 0.0 -1.0 -1.0 -1.0 0.0 0.3476999147793417 0.3290420805640805 0.32325800465657806
9 106.0 0.0 -1.0 -1.0 -1.0 0.0 0.36362112473003266 0.31580685795883306 0.32057201731113416
9 107.0 0.0 -1.0 -1.0 -1.0 0.0 0.3408076381934472 0.32836458084918746 0.33082778095736537
9 108.0 0.0 -1.0 -1.0 -1.0 0.0 0.3132688399180491 0.3543094219096754 0.3324217381722754
9 109.0 0.0 -1.0 -1.0 -1.0 0.0 0.32578879085663326 0.33815682939594116 0.3360543797474257
9 110.0 0.0 -1.0 -1.0 -1.0 0.0 0.3178068695812132 0.3389345941552794 0.34325853626350744
9 111.0 0.0 -1.0 -1.0 -1.0 0.0 0.3221546734047644 0.3379590672022066 0.33988625939302897
9 112.0 0.0 -1.0 -1.0 -1.0 0.0 0.3287086857042454 0.32512267550870894 0.3461686387870458
9 113.0 0.0 -1.0 -1.0 -1.0 0.0 0.34106281534420974 0.34522121826486774 0.3137159663909227
9 114.0 0.0 -1.0 -1.0 -1.0 0.0 0.3374120698260781 0.3565426087401205 0.30604532143380103
9 115.0 0.0 -1.0 -1.0 -1.0 0.0 0.3317692282957059 0.3604411476864536 0.3077896240178404
9 116.0 0.0 -1.0 -1.0 -1.0 0.0 0.3202356674224219 0.34685354613233427 0.33291078644524374
9 117.0 0.0 -1.0 -1.0 -1.0 0.0 0.32649195117097063 0.3576334452892319 0.3158746035397975
9 118.0 0.0 -1.0 -1.0 -1.0 0.0 0.32103532839608057 0.36280805117115633 0.31615662043276305
9 119.0 0.0 -1.0 -1.0 -1.0 0.0 0.3345044606019308 0.3266243948623574 0.33887114453571193
9 120.0 0.0 -1.0 -1.0 -1.0 0.0 0.3101494301168459 0.35886981734988344 0.3309807525332706
9 121.0 0.0 -1.0 -1.0 -1.0 0.0 0.3091239892665482 0.3548499481359341 0.3360260625975178
9 122.0 0.0 -1.0 -1.0 -1.0 0.0 0.3002790770740163 0.3292474376060939 0.3704734853198901
9 123.0 0.0 -1.0 -1.0 -1.0 0.0 0.30582266047150747 0.31561047497679345 0.3785668645516991
9 124.0 0.0 -1.0 -1.0 -1.0 0.0 0.29197278129630905 0.3210374927425632 0.38698972596112763
9 125.0 0.0 -1.0 -1.0 -1.0 0.0 0.3164871665562159 0.3383436105727599 0.3451692228710242
9 126.0 0.0 -1.0 -1.0 -1.0 0.0 0.3475301642425467 0.3303368109750528 0.3221330247824007
9 127.0 0.0 -1.0 -1.0 -1.0 0.0 0.3208522512267347 0.3679163844925823 0.31123136428068277
9 128.0 0.0 -1.0 -1.0 -1.0 0.0 0.3155947873258176 0.35037556286726895 0.3340296498069135
9 129.0 0.0 -1.0 -1.0 -1.0 0.0 0.3302499398066125 0.34785146195957295 0.32189859823381467
9 130.0 0.0 -1.0 -1.0 -1.0 0.0 0.31990749992462086 0.3678585957101521 0.31223390436522713
9 131.0 0.0 -1.0 -1.0 -1.0 0.0 0.32738130339585597 0.3624763432269838 0.31014235337716034
9 132.0 0.0 -1.0 -1.0 -1.0 0.0 0.3037284629863535 0.3822333049114361 0.31403823210221044
9 133.0 0.0 -1.0 -1.0 -1.0 0.0 0.3023108841344436 0.3563644815411285 0.3413246343244278
9 134.0 0.0 -1.0 -1.0 -1.0 0.0 0.30873662223540843 0.33060980170256626 0.36065357606202525
9 135.0 0.0 -1.0 -1.0 -1.0 0.0 0.3200971971476406 0.33429504170304936 0.34560776114930997
9 136.0 0.0 -1.0 -1.0 -1.0 0.0 0.3219098994561759 0.3284314597845153 0.349658640759309
9 137.0 0.0 -1.0 -1.0 -1.0 0.0 0.2998782566202541 0.35221506057102586 0.34790668280872006
9 138.0 0.0 -1.0 -1.0 -1.0 0.0 0.2985592071416242 0.33987551943884997 0.36156527341952605
9 139.0 0.0 -1.0 -1.0 -1.0 0.0 0.28588769963893074 0.36127012827765653 0.3528421720834126
9 140.0 0.0 -1.0 -1.0 -1.0 0.0 0.2882232957616769 0.34292194008669485 0.3688547641516285
9 141.0 0.0 -1.0 -1.0 -1.0 0.0 0.31938410497566055 0.3287853206404442 0.3518305743838953
9 142.0 0.0 -1.0 -1.0 -1.0 0.0 0.31788536775917253 0.3235523495116923 0.35856228272913526
9 143.0 0.0 -1.0 -1.0 -1.0 0.0 0.30714182626878533 0.3103850650265411 0.38247310870467355
9 144.0 0.0 -1.0 -1.0 -1.0 0.0 0.32307474718666873 0.3076855606350078 0.3692396921783233
9 145.0 0.0 -1.0 -1.0 -1.0 0.0 0.3307254412862218 0.3077795919701859 0.3614949667435921
9 146.0 0.0 -1.0 -1.0 -1.0 0.0 0.3378817548377051 0.30966848060230456 0.3524497645599901
9 147.0 0.0 -1.0 -1.0 -1.0 0.0 0.3057168074166562 0.34726511202499083 0.3470180805583527
9 148.0 0.0 -1.0 -1.0 -1.0 0.0 0.29998875976969036 0.35668954655255647 0.34332169367775306
9 149.0 0.0 -1.0 -1.0 -1.0 0.0 0.31146095466415386 0.3552015622447411 0.33333748309110495
9 150.0 0.0 -1.0 -1.0 -1.0 0.0 0.305046878193743 0.35421097083214925 0.34074215097410776
9 151.0 0.0 -1.0 -1.0 -1.0 0.0 0.3203823485759406 0.3339557053087666 0.34566194611529283
9 152.0 0.0 -1.0 -1.0 -1.0 0.0 0.3193394954916426 0.3313508711994946 0.3493096333088627
9 153.0 0.0 -1.0 -1.0 -1.0 0.0 0.2881840300672127 0.344451882134652 0.3673640877981353
9 154.0 0.0 -1.0 -1.0 -1.0 0.0 0.3302440567711178 0.3084966653261091 0.361259277902773
9 155.0 0.0 -1.0 -1.0 -1.0 0.0 0.31009623220035254 0.335643822351586 0.3542599454480613
9 156.0 0.0 -1.0 -1.0 -1.0 0.0 0.33010157257481426 0.3184184071026278 0.35148002032255804
9 157.0 0.0 -1.0 -1.0 -1.0 0.0 0.36015170088998616 0.3115856747328553 0.3282626243771585
9 158.0 0.0 -1.0 -1.0 -1.0 0.0 0.35322636225815635 0.3187033257446085 0.32807031199723524
9 159.0 0.0 -1.0 -1.0 -1.0 0.0 0.3455060836162815 0.32895915250706004 0.32553476387665853
9 160.0 0.0 -1.0 -1.0 -1.0 0.0 0.3268392410373593 0.35622747127871596 0.3169332876839247
9 161.0 0.0 -1.0 -1.0 -1.0 0.0 0.354005221905987 0.32032792327812953 0.32566685481588303
9 162.0 0.0 -1.0 -1.0 -1.0 0.0 0.34141152516969714 0.3288687657605992 0.3297197090697036
9 163.0 0.0 -1.0 -1.0 -1.0 0.0 0.336037742992684 0.3156167160416105 0.3483455409657057
9 164.0 0.0 -1.0 -1.0 -1.0 0.0 0.3191107519178513 0.33272216006813105 0.34816708801401774
9 165.0 0.0 -1.0 -1.0 -1.0 0.0 0.3455718346117307 0.3444335139199989 0.3099946514682703
9 166.0 0.0 -1.0 -1.0 -1.0 0.0 0.3339193150447653 0.34154936291868837 0.3245313220365464
9 167.0 0.0 -1.0 -1.0 -1.0 0.0 0.35030903790425716 0.3473058066574455 0.30238515543829747
9 168.0 0.0 -1.0 -1.0 -1.0 0.0 0.34130627728627905 0.34336949233401 0.31532423037971086
9 169.0 0.0 -1.0 -1.0 -1.0 0.0 0.33515448871202685 0.35864861058283865 0.3061969007051342
9 170.0 0.0 -1.0 -1.0 -1.0 0.0 0.30814772355199826 0.3696333166388898 0.32221895980911186
9 171.0 0.0 -1.0 -1.0 -1.0 0.0 0.2969944202635382 0.3743230852521338 0.328682494484328
9 172.0 0.0 -1.0 -1.0 -1.0 0.0 0.31865434878424875 0.355741352483482 0.3256042987322692
9 173.0 0.0 -1.0 -1.0 -1.0 0.0 0.3686827441314475 0.3260729485540937 0.30524430731445845
9 174.0 0.0 -1.0 -1.0 -1.0 0.0 0.36104537698720146 0.30818114563350896 0.3307734773792896
9 175.0 0.0 -1.0 -1.0 -1.0 0.0 0.36071638626968894 0.29321382902616866 0.34606978470414196
9 176.0 0.0 -1.0 -1.0 -1.0 0.0 0.35881708363986303 0.29632431809694837 0.3448585982631886
9 177.0 0.0 -1.0 -1.0 -1.0 0.0 0.3434514778427037 0.3307383946718556 0.32581012748544075
9 178.0 0.0 -1.0 -1.0 -1.0 0.0 0.33582771045409304 0.31422190514167636 0.34995038440423043
9 179.0 0.0 -1.0 -1.0 -1.0 0.0 0.31097958913156853 0.3409970391207555 0.3480233717476758
9 180.0 0.0 -1.0 -1.0 -1.0 0.0 0.29686260695671857 0.33187543761972804 0.37126195542355317
9 181.0 0.0 -1.0 -1.0 -1.0 0.0 0.2860149186650576 0.31520595029940224 0.3987791310355399
9 182.0 0.0 -1.0 -1.0 -1.0 0.0 0.294035375335417 0.33959942489906 0.36636519976552295
9 183.0 0.0 -1.0 -1.0 -1.0 0.0 0.31198471963710434 0.33522344182051994 0.35279183854237567
9 184.0 0.0 -1.0 -1.0 -1.0 0.0 0.31634128952134793 0.3134644649168188 0.3701942455618331
9 185.0 0.0 -1.0 -1.0 -1.0 0.0 0.34111882526253384 0.314978229680618 0.3439029450568482
9 186.0 0.0 -1.0 -1.0 -1.0 0.0 0.32902665393027825 0.3394636871048069 0.33150965896491513
9 187.0 0.0 -1.0 -1.0 -1.0 0.0 0.32520770341701577 0.3553025771940596 0.31948971938892434
9 188.0 0.0 -1.0 -1.0 -1.0 0.0 0.34047613236011576 0.34263294877701045 0.3168909188628739
9 189.0 0.0 -1.0 -1.0 -1.0 0.0 0.33612141260440576 0.3427897104713862 0.3210888769242082
9 190.0 0.0 -1.0 -1.0 -1.0 0.0 0.3144413516789984 0.3546859664016962 0.33087268191930563
9 191.0 0.0 -1.0 -1.0 -1.0 0.0 0.3229169599710024 0.345372562468324 0.3317104775606737
9 192.0 0.0 -1.0 -1.0 -1.0 0.0 0.34396666507858226 0.34650087022083864 0.3095324647005791
9 193.0 0.0 -1.0 -1.0 -1.0 0.0 0.34025108435233015 0.33151281595006593 0.3282360996976039
9 194.0 0.0 -1.0 -1.0 -1.0 0.0 0.3361760267554583 0.3158089441390172 0.3480150291055246
9 195.0 0.0 -1.0 -1.0 -1.0 0.0 0.3077349656821818 0.29636389844697414 0.395901135870844
9 196.0 0.0 -1.0 -1.0 -1.0 0.0 0.3155265930805122 0.29862166903626797 0.3858517378832197
9 197.0 0.0 -1.0 -1.0 -1.0 0.0 0.3429759409175432 0.3062501297614649 0.3507739293209919
9 198.0 0.0 -1.0 -1.0 -1.0 0.0 0.3265904367367737 0.31085477906754494 0.36255478419568143
9 199.0 0.0 -1.0 -1.0 -1.0 0.0 0.3279903304490108 0.31024035193780247 0.3617693176131869
9 200.0 0.0 -1.0 -1.0 -1.0 0.0 0.32297589051658454 0.33667078073790163 0.340353328745514
9 201.0 0.0 -1.0 -1.0 -1.0 0.0 0.3364936904847529 0.35374691599720476 0.3097593935180421
9 202.0 0.0 -1.0 -1.0 -1.0 0.0 0.348616288698026 0.35209234798792344 0.2992913633140505
9 203.0 0.0 -1.0 -1.0 -1.0 0.0 0.3827362480850104 0.31913437127931704 0.2981293806356722
9 204.0 0.0 -1.0 -1.0 -1.0 0.0 0.37142255512567623 0.3134034843195868 0.315173960554737
9 205.0 0.0 -1.0 -1.0 -1.0 0.0 0.41071864700954364 0.29305185818927265 0.29622949480118377
9 206.0 0.0 -1.0 -1.0 -1.0 0.0 0.40364618950906417 0.2767953124163021 0.3195584980746337
9 207.0 0.0 -1.0 -1.0 -1.0 0.0 0.38614876043458096 0.2708426487018919 0.343008590863527
9 208.0 0.0 -1.0 -1.0 -1.0 0.0 0.3752344795915084 0.27579076778829653 0.34897475262019517
9 209.0 0.0 -1.0 -1.0 -1.0 0.0 0.3531832287245614 0.2917751140488815 0.3550416572265571
9 210.0 0.0 -1.0 -1.0 -1.0 0.0 0.34337476505828507 0.29679997383286183 0.3598252611088534
9 211.0 0.0 -1.0 -1.0 -1.0 0.0 0.3772545311826792 0.273189396565535 0.3495560722517856
9 212.0 0.0 -1.0 -1.0 -1.0 0.0 0.35641175757297466 0.3100133004907004 0.333574941936325
9 213.0 0.0 -1.0 -1.0 -1.0 0.0 0.3422686639665647 0.30797620770084716 0.3497551283325881
9 214.0 0.0 -1.0 -1.0 -1.0 0.0 0.3489430008939315 0.2821935123925253 0.36886348671354297
9 215.0 0.0 -1.0 -1.0 -1.0 0.0 0.33367877043160915 0.28575062669894513 0.3805706028694459
9 216.0 0.0 -1.0 -1.0 -1.0 0.0 0.339300944739418 0.2757805638414033 0.38491849141917844
9 217.0 0.0 -1.0 -1.0 -1.0 0.0 0.32703957285800844 0.29180597305751727 0.38115445408447435
9 218.0 0.0 -1.0 -1.0 -1.0 0.0 0.31438007858344597 0.3115643945388684 0.37405552687768606
9 219.0 0.0 -1.0 -1.0 -1.0 0.0 0.3296239051002534 0.30623984974814134 0.3641362451516052
9 220.0 0.0 -1.0 -1.0 -1.0 0.0 0.2871079811164677 0.3174139271650318 0.3954780917185008
9 221.0 0.0 -1.0 -1.0 -1.0 0.0 0.30184286128720095 0.33774363734361307 0.36041350136918604
9 222.0 0.0 -1.0 -1.0 -1.0 0.0 0.31727737972355885 0.3047035403930767 0.3780190798833645
9 223.0 0.0 -1.0 -1.0 -1.0 0.0 0.32775020071956945 0.3086951052310155 0.3635546940494149
9 224.0 0.0 -1.0 -1.0 -1.0 0.0 0.3533773156322656 0.31415677392305186 0.3324659104446825
9 225.0 0.0 -1.0 -1.0 -1.0 0.0 0.33890681615096485 0.33095532910029235 0.3301378547487425
9 226.0 0.0 -1.0 -1.0 -1.0 0.0 0.34576861923902624 0.3138589910279808 0.34037238973299266
9 227.0 0.0 -1.0 -1.0 -1.0 0.0 0.3052817022976887 0.3254163575135754 0.3693019401887358
9 228.0 0.0 -1.0 -1.0 -1.0 0.0 0.3042361769134625 0.3163741939537996 0.3793896291327378
9 229.0 0.0 -1.0 -1.0 -1.0 0.0 0.3293731470227824 0.3050495251777101 0.3655773277995078
9 230.0 0.0 -1.0 -1.0 -1.0 0.0 0.3211584820787117 0.3156679423643791 0.3631735755569089
9 231.0 0.0 -1.0 -1.0 -1.0 0.0 0.32289124776120004 0.339029676117495 0.33807907612130494
9 232.0 0.0 -1.0 -1.0 -1.0 0.0 0.3405531608832972 0.32398909548937743 0.33545774362732544
9 233.0 0.0 -1.0 -1.0 -1.0 0.0 0.34268640959725777 0.3150046449341402 0.34230894546860186
9 234.0 0.0 -1.0 -1.0 -1.0 0.0 0.33559849505219236 0.31525270400005845 0.34914880094774914
9 235.0 0.0 -1.0 -1.0 -1.0 0.0 0.3308840702108939 0.29746195074955833 0.3716539790395475
9 236.0 0.0 -1.0 -1.0 -1.0 0.0 0.3417982745488258 0.28920384173691854 0.36899788371425574
9 237.0 0.0 -1.0 -1.0 -1.0 0.0 0.3169217036195541 0.3156988641413132 0.3673794322391327
9 238.0 0.0 -1.0 -1.0 -1.0 0.0 0.30408094733194724 0.3170483528485408 0.3788706998195119
9 239.0 0.0 -1.0 -1.0 -1.0 0.0 0.3069098201121065 0.32485487117804446 0.36823530870984894
9 240.0 0.0 -1.0 -1.0 -1.0 0.0 0.3240058382213825 0.34039869974333975 0.3355954620352775
9 241.0 0.0 -1.0 -1.0 -1.0 0.0 0.3339780369263282 0.3581294337803173 0.30789252929335487
9 242.0 0.0 -1.0 -1.0 -1.0 0.0 0.3364348021268022 0.3414732190043782 0.3220919788688193
9 243.0 0.0 -1.0 -1.0 -1.0 0.0 0.30674895725774953 0.37449394555496424 0.3187570971872862
9 244.0 0.0 -1.0 -1.0 -1.0 0.0 0.3039393222345666 0.3844397744130385 0.31162090335239506
9 245.0 0.0 -1.0 -1.0 -1.0 0.0 0.29864475292783255 0.3724367721792338 0.32891847489293363
9 246.0 0.0 -1.0 -1.0 -1.0 0.0 0.29763934197913694 0.35036277317104775 0.3519978848498151
9 247.0 0.0 -1.0 -1.0 -1.0 0.0 0.29433770140125554 0.3589843778081266 0.34667792079061777
9 248.0 0.0 -1.0 -1.0 -1.0 0.0 0.3086041289681236 0.349095349900492 0.3423005211313845
9 249.0 0.0 -1.0 -1.0 -1.0 0.0 0.3285736526510278 0.3198723830541333 0.35155396429483915
9 250.0 0.0 -1.0 -1.0 -1.0 0.0 0.307732012223283 0.32266770446244986 0.36960028331426725
9 251.0 0.0 -1.0 -1.0 -1.0 0.0 0.28802630298735865 0.34369492214780806 0.3682787748648334
9 252.0 0.0 -1.0 -1.0 -1.0 0.0 0.30809766980173026 0.33168961952041154 0.3602127106778583
9 253.0 0.0 -1.0 -1.0 -1.0 0.0 0.33864824204120775 0.30773255039078773 0.35361920756800463
9 254.0 0.0 -1.0 -1.0 -1.0 0.0 0.33849953366296803 0.3053522689936633 0.35614819734336856
9 255.0 0.0 -1.0 -1.0 -1.0 0.0 0.3532137241967327 0.3169398772180023 0.32984639858526493
9 256.0 0.0 -1.0 -1.0 -1.0 0.0 0.3550649644300104 0.2945327538021947 0.3504022817677946
9 257.0 0.0 -1.0 -1.0 -1.0 0.0 0.3342735401203187 0.29373486152620776 0.3719915983534735
9 258.0 0.0 -1.0 -1.0 -1.0 0.0 0.3256460361291061 0.29563780520131144 0.37871615866958225
9 259.0 0.0 -1.0 -1.0 -1.0 0.0 0.3411583809701195 0.2975328233209929 0.3613087957088875
9 260.0 0.0 -1.0 -1.0 -1.0 0.0 0.30324345656597584 0.3263619408422558 0.37039460259176826
9 261.0 0.0 -1.0 -1.0 -1.0 0.0 0.33290214192879924 0.3190358686743815 0.34806198939681915
9 262.0 0.0 -1.0 -1.0 -1.0 0.0 0.3349665928584177 0.3285108666563973 0.33652254048518493
9 263.0 0.0 -1.0 -1.0 -1.0 0.0 0.3125190879000527 0.32756807734744564 0.35991283475250163
9 264.0 0.0 -1.0 -1.0 -1.0 0.0 0.31799597219270015 0.324200076026419 0.3578039517808809
9 265.0 0.0 -1.0 -1.0 -1.0 0.0 0.3341861220034232 0.3293183959715676 0.3364954820250091
9 266.0 0.0 -1.0 -1.0 -1.0 0.0 0.32962174914913156 0.31693478444308854 0.3534434664077797
9 267.0 0.0 -1.0 -1.0 -1.0 0.0 0.3191856553122842 0.31918350691703085 0.3616308377706849
9 268.0 0.0 -1.0 -1.0 -1.0 0.0 0.3140451602052277 0.3382004598912076 0.34775437990356467
9 269.0 0.0 -1.0 -1.0 -1.0 0.0 0.3287429353421484 0.31606728734899564 0.3551897773088559
9 270.0 0.0 -1.0 -1.0 -1.0 0.0 0.3794752975481316 0.3186918107773424 0.30183289167452604
9 271.0 0.0 -1.0 -1.0 -1.0 0.0 0.3982542613515037 0.31597368220571126 0.2857720564427849
9 272.0 0.0 -1.0 -1.0 -1.0 0.0 0.4010613970296996 0.2875595799794799 0.3113790229908204
9 273.0 0.0 -1.0 -1.0 -1.0 0.0 0.39054258651035345 0.2818192910329549 0.3276381224566915
9 274.0 0.0 -1.0 -1.0 -1.0 0.0 0.3877694782597541 0.28664913205855985 0.32558138968168593
9 275.0 0.0 -1.0 -1.0 -1.0 0.0 0.3534650588011579 0.2985400778893254 0.34799486330951657
9 276.0 0.0 -1.0 -1.0 -1.0 0.0 0.3202652696495302 0.334788896271718 0.34494583407875185
9 277.0 0.0 -1.0 -1.0 -1.0 0.0 0.30417446167266854 0.3531542950041059 0.3426712433232254
9 278.0 0.0 -1.0 -1.0 -1.0 0.0 0.3322085069273546 0.34436641251772654 0.3234250805549189
9 279.0 0.0 -1.0 -1.0 -1.0 0.0 0.34062163319273614 0.31466724499992216 0.3447111218073416
9 280.0 0.0 -1.0 -1.0 -1.0 0.0 0.34679200877058286 0.32333616936313364 0.3298718218662835
9 281.0 0.0 -1.0 -1.0 -1.0 0.0 0.3166166344225674 0.3412612718565126 0.34212209372092006
9 282.0 0.0 -1.0 -1.0 -1.0 0.0 0.326608791621164 0.34016465488201986 0.3332265534968161
9 283.0 0.0 -1.0 -1.0 -1.0 0.0 0.33611324346485494 0.3258216559421522 0.3380651005929928
9 284.0 0.0 -1.0 -1.0 -1.0 0.0 0.3278020134142014 0.3331407964485983 0.33905719013720037
9 285.0 0.0 -1.0 -1.0 -1.0 0.0 0.3239366647716843 0.339581790819222 0.33648154440909367
9 286.0 0.0 -1.0 -1.0 -1.0 0.0 0.3205733668792143 0.3537602247967255 0.32566640832406013
9 287.0 0.0 -1.0 -1.0 -1.0 0.0 0.30845083735261986 0.3446097707521231 0.3469393918952571
9 288.0 0.0 -1.0 -1.0 -1.0 0.0 0.32636856934425684 0.31515074453022207 0.35848068612552075
9 289.0 0.0 -1.0 -1.0 -1.0 0.0 0.3341912406542809 0.2919606647804681 0.37384809456525103
9 290.0 0.0 -1.0 -1.0 -1.0 0.0 0.35928439933880485 0.2917353715373052 0.34898022912389004
9 291.0 0.0 -1.0 -1.0 -1.0 0.0 0.3636109209107209 0.2904037514169545 0.34598532767232465
9 292.0 0.0 -1.0 -1.0 -1.0 0.0 0.36727133337803286 0.2958176848482307 0.33691098177373635
9 293.0 0.0 -1.0 -1.0 -1.0 0.0 0.33330242388393044 0.31387066363664556 0.3528269124794241
9 294.0 0.0 -1.0 -1.0 -1.0 0.0 0.34236661952571784 0.31187595399750656 0.34575742647677576
9 295.0 0.0 -1.0 -1.0 -1.0 0.0 0.34326646879060235 0.3066516420794925 0.3500818891299051
9 296.0 0.0 -1.0 -1.0 -1.0 0.0 0.3464501308219623 0.3137853102432149 0.33976455893482305
9 297.0 0.0 -1.0 -1.0 -1.0 0.0 0.3531575035187264 0.3413468470643741 0.30549564941689933
9 298.0 0.0 -1.0 -1.0 -1.0 0.0 0.3191910974615239 0.3591184584078654 0.3216904441306106
9 299.0 0.0 -1.0 -1.0 -1.0 0.0 0.3175426261174157 0.3598910669088356 0.32256630697374844
9 300.0 0.0 -1.0 -1.0 -1.0 0.0 0.3155232918039397 0.33566199828013105 0.3488147099159293
9 301.0 0.0 -1.0 -1.0 -1.0 0.0 0.3226112579288846 0.34324211067266996 0.3341466313984456
9 302.0 0.0 -1.0 -1.0 -1.0 0.0 0.30957570223972675 0.34270515873886814 0.34771913902140505
9 303.0 0.0 -1.0 -1.0 -1.0 0.0 0.3182820849961786 0.33871521008723804 0.34300270491658347
9 304.0 0.0 -1.0 -1.0 -1.0 0.0 0.30714885384599083 0.3126551583893211 0.38019598776468805
9 305.0 0.0 -1.0 -1.0 -1.0 0.0 0.32834086044129407 0.3355472276195092 0.3361119119391968
9 306.0 0.0 -1.0 -1.0 -1.0 0.0 0.3590226941369858 0.3217366753691149 0.3192406304938995
9 307.0 0.0 -1.0 -1.0 -1.0 0.0 0.38310925127843914 0.30841881598098825 0.30847193274057244
9 308.0 0.0 -1.0 -1.0 -1.0 0.0 0.3614589221734732 0.3343737764186681 0.3041673014078584
9 309.0 0.0 -1.0 -1.0 -1.0 0.0 0.34582014912804004 0.3343162506568552 0.3198636002151046
9 310.0 0.0 -1.0 -1.0 -1.0 0.0 0.3585968018016307 0.3072533871330614 0.33414981106530767
9 311.0 0.0 -1.0 -1.0 -1.0 0.0 0.36620370918204054 0.32190488174039267 0.3118914090775667
9 312.0 0.0 -1.0 -1.0 -1.0 0.0 0.3315016011700059 0.3255003440004441 0.34299805482954987
9 313.0 0.0 -1.0 -1.0 -1.0 0.0 0.3531306060356125 0.3133090540679914 0.3335603398963962
9 314.0 0.0 -1.0 -1.0 -1.0 0.0 0.36573165904464155 0.3088752734503405 0.32539306750501784
9 315.0 0.0 -1.0 -1.0 -1.0 0.0 0.35931763672996625 0.3058111662112693 0.3348711970587644
9 316.0 0.0 -1.0 -1.0 -1.0 0.0 0.36370097151769754 0.3017675807052888 0.3345314477770138
9 317.0 0.0 -1.0 -1.0 -1.0 0.0 0.34722403294974424 0.31585478594550354 0.33692118110475233
9 318.0 0.0 -1.0 -1.0 -1.0 0.0 0.3375623933702545 0.33221307684141854 0.33022452978832695
9 319.0 0.0 -1.0 -1.0 -1.0 0.0 0.34465388698937455 0.3248846429579133 0.3304614700527118
9 320.0 0.0 -1.0 -1.0 -1.0 0.0 0.36264709705678283 0.29960401117779306 0.3377488917654239
9 321.0 0.0 -1.0 -1.0 -1.0 0.0 0.3668228199543864 0.32507598117215664 0.30810119887345694
9 322.0 0.0 -1.0 -1.0 -1.0 0.0 0.3608142495629461 0.31914605494477544 0.32003969549227856
9 323.0 0.0 -1.0 -1.0 -1.0 0.0 0.3584512787839963 0.2981602774128739 0.34338844380312955
9 324.0 0.0 -1.0 -1.0 -1.0 0.0 0.3574267424307073 0.32350042190403416 0.3190728356652587
9 325.0 0.0 -1.0 -1.0 -1.0 0.0 0.33718568465029203 0.3391889315818875 0.3236253837678206
9 326.0 0.0 -1.0 -1.0 -1.0 0.0 0.3347549571086082 0.32591934941040157 0.33932569348099023
9 327.0 0.0 -1.0 -1.0 -1.0 0.0 0.35067137892623296 0.313216933119817 0.3361116879539501
9 328.0 0.0 -1.0 -1.0 -1.0 0.0 0.3248599136359703 0.32902657765284454 0.34611350871118524
9 329.0 0.0 -1.0 -1.0 -1.0 0.0 0.3365559182951421 0.33260582760984264 0.33083825409501527
9 330.0 0.0 -1.0 -1.0 -1.0 0.0 0.3212745608846273 0.36244342644429145 0.3162820126710811
9 331.0 0.0 -1.0 -1.0 -1.0 0.0 0.3325284726392504 0.3455624554160394 0.32190907194470986
9 332.0 0.0 -1.0 -1.0 -1.0 0.0 0.3412789750168889 0.3261293905171645 0.33259163446594653
9 333.0 0.0 -1.0 -1.0 -1.0 0.0 0.3332715907335636 0.3338915815250864 0.33283682774135015
9 334.0 0.0 -1.0 -1.0 -1.0 0.0 0.31942855161551986 0.32266612614262224 0.35790532224185795
9 335.0 0.0 -1.0 -1.0 -1.0 0.0 0.2986057591384101 0.35481533897420825 0.3465789018873819
9 336.0 0.0 -1.0 -1.0 -1.0 0.0 0.31235493348255416 0.3440565110387677 0.3435885554786781
9 337.0 0.0 -1.0 -1.0 -1.0 0.0 0.29407644474169575 0.35090595920178463 0.35501759605651984
9 338.0 0.0 -1.0 -1.0 -1.0 0.0 0.2973361027708979 0.3551675407203262 0.347496356508776
9 339.0 0.0 -1.0 -1.0 -1.0 0.0 0.30474481691846406 0.3342445222860443 0.36101066079549154
9 340.0 0.0 -1.0 -1.0 -1.0 0.0 0.34353660836041017 0.31415962840016876 0.3423037632394209
9 341.0 0.0 -1.0 -1.0 -1.0 0.0 0.3571189265568927 0.31078727278693885 0.3320938006561685
9 342.0 0.0 -1.0 -1.0 -1.0 0.0 0.3813423262462941 0.31163314746679427 0.3070245262869115
9 343.0 0.0 -1.0 -1.0 -1.0 0.0 0.39082639025400795 0.2653400629249918 0.3438335468210003
9 344.0 0.0 -1.0 -1.0 -1.0 0.0 0.38897412379259955 0.2830516591850878 0.3279742170223126
9 345.0 0.0 -1.0 -1.0 -1.0 0.0 0.3769512984099697 0.29192000352098535 0.33112869806904505
9 346.0 0.0 -1.0 -1.0 -1.0 0.0 0.35558470373891937 0.30075513515719626 0.3436601611038841
9 347.0 0.0 -1.0 -1.0 -1.0 0.0 0.3381453607012015 0.30996216908200797 0.3518924702167904
9 348.0 0.0 -1.0 -1.0 -1.0 0.0 0.33596610390146203 0.30310156842486324 0.3609323276736746
9 349.0 0.0 -1.0 -1.0 -1.0 0.0 0.35969513360305005 0.2900576640126495 0.3502472023843003
9 350.0 0.0 -1.0 -1.0 -1.0 0.0 0.3636387881511364 0.29386761403381334 0.3424935978150503
9 351.0 0.0 -1.0 -1.0 -1.0 0.0 0.3670819889729405 0.2811557501746187 0.3517622608524407
9 352.0 0.0 -1.0 -1.0 -1.0 0.0 0.32771911365625966 0.3150743378410092 0.35720654850273137
9 353.0 0.0 -1.0 -1.0 -1.0 0.0 0.3372030036424987 0.31419186179509534 0.3486051345624058
9 354.0 0.0 -1.0 -1.0 -1.0 0.0 0.31408532439182574 0.32608241133387983 0.35983226427429443
9 355.0 0.0 -1.0 -1.0 -1.0 0.0 0.3293680183595859 0.33015268706805917 0.3404792945723551
9 356.0 0.0 -1.0 -1.0 -1.0 0.0 0.3299896871305597 0.31254318652084206 0.35746712634859823
9 357.0 0.0 -1.0 -1.0 -1.0 0.0 0.31816629108924865 0.31567637266971316 0.366157336241038
9 358.0 0.0 -1.0 -1.0 -1.0 0.0 0.3246571423038449 0.32703861598287176 0.3483042417132831
9 359.0 0.0 -1.0 -1.0 -1.0 0.0 0.32732273194221484 0.3252076724606629 0.3474695955971224
9 360.0 0.0 -1.0 -1.0 -1.0 0.0 0.34674943250681173 0.31400087123498927 0.3392496962581992
9 361.0 0.0 -1.0 -1.0 -1.0 0.0 0.36583596561237824 0.30956314400813 0.3246008903794918
9 362.0 0.0 -1.0 -1.0 -1.0 0.0 0.3627744613729284 0.2909335706211858 0.34629196800588574
9 363.0 0.0 -1.0 -1.0 -1.0 0.0 0.34662995830628135 0.29962767343145086 0.3537423682622675
9 364.0 0.0 -1.0 -1.0 -1.0 0.0 0.3497431336890929 0.29275944050207064 0.35749742580883653
9 365.0 0.0 -1.0 -1.0 -1.0 0.0 0.339607349223037 0.30445348962118574 0.35593916115577706
9 366.0 0.0 -1.0 -1.0 -1.0 0.0 0.3159541855551586 0.3178795244064747 0.3661662900383665
9 367.0 0.0 -1.0 -1.0 -1.0 0.0 0.31609276073557724 0.3252829285545872 0.35862431070983564
9 368.0 0.0 -1.0 -1.0 -1.0 0.0 0.34984044244073886 0.3099044973418225 0.34025506021743873
9 369.0 0.0 -1.0 -1.0 -1.0 0.0 0.3319347833662427 0.300884040883332 0.36718117575042525
9 370.0 0.0 -1.0 -1.0 -1.0 0.0 0.3127504930943549 0.31570597897034597 0.3715435279352992
9 371.0 0.0 -1.0 -1.0 -1.0 0.0 0.3161770613637829 0.31240041073746266 0.3714225278987546
9 372.0 0.0 -1.0 -1.0 -1.0 0.0 0.316616357553401 0.31590780695813814 0.36747583548846097
9 373.0 0.0 -1.0 -1.0 -1.0 0.0 0.3369103710848242 0.3154313289792368 0.3476582999359388
9 374.0 0.0 -1.0 -1.0 -1.0 0.0 0.338458565604476 0.31832938321176046 0.3432120511837639
9 375.0 0.0 -1.0 -1.0 -1.0 0.0 0.34853208870427355 0.31543275711042496 0.33603515418530144
9 376.0 0.0 -1.0 -1.0 -1.0 0.0 0.3372902429667636 0.31825876801907244 0.34445098901416393
9 377.0 0.0 -1.0 -1.0 -1.0 0.0 0.3278734104073587 0.33479125032782925 0.33733533926481196
9 378.0 0.0 -1.0 -1.0 -1.0 0.0 0.31936901393751893 0.3457162566337938 0.33491472942868716
9 379.0 0.0 -1.0 -1.0 -1.0 0.0 0.3329259410553984 0.35334777367394904 0.3137262852706524
9 380.0 0.0 -1.0 -1.0 -1.0 0.0 0.3433479616267002 0.3356087620922999 0.3210432762809999
9 381.0 0.0 -1.0 -1.0 -1.0 0.0 0.33319601923759345 0.33821913646101237 0.3285848443013942
9 382.0 0.0 -1.0 -1.0 -1.0 0.0 0.33928222264249475 0.34692247005044025 0.313795307307065
9 383.0 0.0 -1.0 -1.0 -1.0 0.0 0.32631210267940813 0.36846956885723137 0.30521832846336067
9 384.0 0.0 -1.0 -1.0 -1.0 0.0 0.31562137399465356 0.3441617699117501 0.3402168560935962
9 385.0 0.0 -1.0 -1.0 -1.0 0.0 0.32678557219961163 0.3288764656164846 0.3443379621839034
9 386.0 0.0 -1.0 -1.0 -1.0 0.0 0.3243315227011167 0.31863908356246134 0.3570293937364219
9 387.0 0.0 -1.0 -1.0 -1.0 0.0 0.32228173453105285 0.32691639925702254 0.3508018662119246
9 388.0 0.0 -1.0 -1.0 -1.0 0.0 0.34639096761769744 0.29840409115025557 0.355204941232047
9 389.0 0.0 -1.0 -1.0 -1.0 0.0 0.34812413664951497 0.29268428276263214 0.35919158058785283
9 390.0 0.0 -1.0 -1.0 -1.0 0.0 0.31053242164165484 0.32597232585861385 0.36349525249973136
9 391.0 0.0 -1.0 -1.0 -1.0 0.0 0.31722311047347784 0.36245461507838733 0.32032227444813477
9 392.0 0.0 -1.0 -1.0 -1.0 0.0 0.34351164015473906 0.3611387778096518 0.29534958203560907
9 393.0 0.0 -1.0 -1.0 -1.0 0.0 0.35794336244098185 0.3507533094754079 0.29130332808361
9 394.0 0.0 -1.0 -1.0 -1.0 0.0 0.34537411489752473 0.3473908981498851 0.30723498695258994
9 395.0 0.0 -1.0 -1.0 -1.0 0.0 0.31626723853492894 0.36340651729283235 0.3203262441722385
9 396.0 0.0 -1.0 -1.0 -1.0 0.0 0.35138504450699465 0.3227720465271037 0.32584290896590157
9 397.0 0.0 -1.0 -1.0 -1.0 0.0 0.35994498425338733 0.2998854692631945 0.34016954648341824
9 398.0 0.0 -1.0 -1.0 -1.0 0.0 0.3627354459748436 0.29658445159358304 0.3406801024315734
9 399.0 0.0 -1.0 -1.0 -1.0 0.0 0.3316355114430493 0.3070303556851848 0.361334132871766
9 400.0 0.0 -1.0 -1.0 -1.0 0.0 0.32959410481209717 0.3182301447690374 0.3521757504188653
9 401.0 0.0 -1.0 -1.0 -1.0 0.0 0.3304591868183852 0.33829977568649894 0.3312410374951159
9 402.0 0.0 -1.0 -1.0 -1.0 0.0 0.3078961639931891 0.34534819273627343 0.34675564327053754
9 403.0 0.0 -1.0 -1.0 -1.0 0.0 0.3109326645294469 0.3789292393726862 0.3101380960978671
9 404.0 0.0 -1.0 -1.0 -1.0 0.0 0.33340123079555767 0.3602831855730422 0.30631558363140027
9 405.0 0.0 -1.0 -1.0 -1.0 0.0 0.3313271520204649 0.3497487769596022 0.3189240710199326
9 406.0 0.0 -1.0 -1.0 -1.0 0.0 0.3435931210795957 0.3044692945804642 0.35193758433994016
9 407.0 0.0 -1.0 -1.0 -1.0 0.0 0.3552316075686904 0.29664763007413786 0.3481207623571716
9 408.0 0.0 -1.0 -1.0 -1.0 0.0 0.34870828534853443 0.3165457413536323 0.33474597329783345
9 409.0 0.0 -1.0 -1.0 -1.0 0.0 0.3539610845185311 0.3338350112909157 0.31220390419055316
9 410.0 0.0 -1.0 -1.0 -1.0 0.0 0.35252538152410695 0.3320718601518216 0.31540275832407155
9 411.0 0.0 -1.0 -1.0 -1.0 0.0 0.34853510729135684 0.32856060702505224 0.322904285683591
9 412.0 0.0 -1.0 -1.0 -1.0 0.0 0.31531833362867234 0.32984511487726953 0.35483655149405796
9 413.0 0.0 -1.0 -1.0 -1.0 0.0 0.3078283875107316 0.3499227731858252 0.34224883930344335
9 414.0 0.0 -1.0 -1.0 -1.0 0.0 0.2960415582203406 0.35418268066179187 0.3497757611178674
9 415.0 0.0 -1.0 -1.0 -1.0 0.0 0.3081789506467355 0.33932955604641657 0.3524914933068482
9 416.0 0.0 -1.0 -1.0 -1.0 0.0 0.29807728681848306 0.3450367096368736 0.3568860035446432
9 417.0 0.0 -1.0 -1.0 -1.0 0.0 0.3076391550682053 0.3780817516873387 0.3142790932444562
9 418.0 0.0 -1.0 -1.0 -1.0 0.0 0.3471193205591338 0.31946218824675204 0.33341849119411393
9 419.0 0.0 -1.0 -1.0 -1.0 0.0 0.3368641132619352 0.3399652130634179 0.323170673674647
9 420.0 0.0 -1.0 -1.0 -1.0 0.0 0.3453380606219797 0.3219212075531571 0.33274073182486313
9 421.0 0.0 -1.0 -1.0 -1.0 0.0 0.3413141753706463 0.31624178866192504 0.34244403596742873
9 422.0 0.0 -1.0 -1.0 -1.0 0.0 0.3532241355017435 0.29529608657250517 0.35147977792575147
9 423.0 0.0 -1.0 -1.0 -1.0 0.0 0.33046759370720885 0.32257429199833787 0.3469581142944533
9 424.0 0.0 -1.0 -1.0 -1.0 0.0 0.31557206217171296 0.3254534697153853 0.35897446811290146
9 425.0 0.0 -1.0 -1.0 -1.0 0.0 0.33323167976111046 0.2995402157014723 0.3672281045374174
9 426.0 0.0 -1.0 -1.0 -1.0 0.0 0.32907056730002343 0.3290127812275878 0.34191665147238903
9 427.0 0.0 -1.0 -1.0 -1.0 0.0 0.31405048888439135 0.3573217114187426 0.328627799696866
9 428.0 0.0 -1.0 -1.0 -1.0 0.0 0.3317748991488102 0.35272042067660053 0.3155046801745893
9 429.0 0.0 -1.0 -1.0 -1.0 0.0 0.3181853403650548 0.33123976313523246 0.350574896499713
9 430.0 0.0 -1.0 -1.0 -1.0 0.0 0.31800347330434675 0.35093348174880057 0.3310630449468527
9 431.0 0.0 -1.0 -1.0 -1.0 0.0 0.3223444256507949 0.33353428208215447 0.34412129226705057
9 432.0 0.0 -1.0 -1.0 -1.0 0.0 0.3346352345794883 0.3208212474710173 0.3445435179494944
9 433.0 0.0 -1.0 -1.0 -1.0 0.0 0.34194607616304784 0.3060411615524764 0.3520127622844757
9 434.0 0.0 -1.0 -1.0 -1.0 0.0 0.30351026929278485 0.32464679845876704 0.3718429322484482
9 435.0 0.0 -1.0 -1.0 -1.0 0.0 0.3005647695824718 0.336990403498635 0.36244482691889296
9 436.0 0.0 -1.0 -1.0 -1.0 0.0 0.32343129552503586 0.32386419048644605 0.3527045139885182
9 437.0 0.0 -1.0 -1.0 -1.0 0.0 0.3340437622864446 0.3278208106756477 0.3381354270379079
9 438.0 0.0 -1.0 -1.0 -1.0 0.0 0.3233795902547984 0.3530125884867567 0.3236078212584448
9 439.0 0.0 -1.0 -1.0 -1.0 0.0 0.33462805497481135 0.31882887995918113 0.3465430650660074
9 440.0 0.0 -1.0 -1.0 -1.0 0.0 0.3539262455222548 0.31249303270766526 0.3335807217700797
9 441.0 0.0 -1.0 -1.0 -1.0 0.0 0.3677908680504327 0.35898748341291237 0.273221648536655
9 442.0 0.0 -1.0 -1.0 -1.0 0.0 0.36459520772147885 0.3475564366277416 0.28784835565077993
9 443.0 0.0 -1.0 -1.0 -1.0 0.0 0.3799066853637193 0.3338199542025064 0.28627336043377427
9 444.0 0.0 -1.0 -1.0 -1.0 0.0 0.3524978920952955 0.3333114919784861 0.31419061592621855
9 445.0 0.0 -1.0 -1.0 -1.0 0.0 0.35510281949619116 0.3398872282889204 0.3050099522148888
9 446.0 0.0 -1.0 -1.0 -1.0 0.0 0.3940839636634445 0.31635832481080883 0.28955771152574655
9 447.0 0.0 -1.0 -1.0 -1.0 0.0 0.39875541671492515 0.32684628528450127 0.2743982980005737
9 448.0 0.0 -1.0 -1.0 -1.0 0.0 0.39819162134707076 0.32476631157921204 0.2770420670737171
9 449.0 0.0 -1.0 -1.0 -1.0 0.0 0.4122804141251241 0.2962542395488829 0.2914653463259931
9 450.0 0.0 -1.0 -1.0 -1.0 0.0 0.3840094929277501 0.2922668712837423 0.3237236357885077
9 451.0 0.0 -1.0 -1.0 -1.0 0.0 0.3760184643667066 0.2806088704811549 0.34337266515213855
9 452.0 0.0 -1.0 -1.0 -1.0 0.0 0.38342969661611453 0.29069767171288097 0.32587263167100455
9 453.0 0.0 -1.0 -1.0 -1.0 0.0 0.36752017730870706 0.2905544542651708 0.341925368426122
9 454.0 0.0 -1.0 -1.0 -1.0 0.0 0.3358113714178908 0.2980933042639682 0.36609532431814074
9 455.0 0.0 -1.0 -1.0 -1.0 0.0 0.34138947266546865 0.30469153543972544 0.3539189918948058
9 456.0 0.0 -1.0 -1.0 -1.0 0.0 0.36727082171742254 0.30778922715449764 0.3249399511280797
9 457.0 0.0 -1.0 -1.0 -1.0 0.0 0.30683543660613716 0.355763115230392 0.3374014481634707
9 458.0 0.0 -1.0 -1.0 -1.0 0.0 0.3158924739245837 0.362215950086237 0.3218915759891792
9 459.0 0.0 -1.0 -1.0 -1.0 0.0 0.3107934807573532 0.3435049696269617 0.34570154961568506
9 460.0 0.0 -1.0 -1.0 -1.0 0.0 0.2944028346712213 0.34334247671098533 0.3622546886177933
9 461.0 0.0 -1.0 -1.0 -1.0 0.0 0.32718587070213895 0.3336897243836387 0.3391244049142226
9 462.0 0.0 -1.0 -1.0 -1.0 0.0 0.35911275202712106 0.3482791340180096 0.29260811395486924
9 463.0 0.0 -1.0 -1.0 -1.0 0.0 0.35721786234151165 0.34161744014354606 0.3011646975149421
9 464.0 0.0 -1.0 -1.0 -1.0 0.0 0.38058135893092404 0.3154217597685143 0.30399688130056174
9 465.0 0.0 -1.0 -1.0 -1.0 0.0 0.37389651676220786 0.3072732299387252 0.31883025329906706
9 466.0 0.0 -1.0 -1.0 -1.0 0.0 0.34713508762076684 0.32133708078467293 0.33152783159456045
9 467.0 0.0 -1.0 -1.0 -1.0 0.0 0.3261908099812484 0.34164846347448724 0.33216072654426426
9 468.0 0.0 -1.0 -1.0 -1.0 0.0 0.3556639945382149 0.34253060982781547 0.30180539563396963
9 469.0 0.0 -1.0 -1.0 -1.0 0.0 0.3400727665405339 0.37623824133368866 0.2836889921257774
9 470.0 0.0 -1.0 -1.0 -1.0 0.0 0.34663785722682555 0.3869299786716798 0.2664321641014946
9 471.0 0.0 -1.0 -1.0 -1.0 0.0 0.3218647302867097 0.38631117356264755 0.29182409615064286
9 472.0 0.0 -1.0 -1.0 -1.0 0.0 0.3282241091180584 0.3857257401132803 0.28605015076866136
9 473.0 0.0 -1.0 -1.0 -1.0 0.0 0.3173544953848203 0.3755701217035239 0.3070753829116559
9 474.0 0.0 -1.0 -1.0 -1.0 0.0 0.3137779638801226 0.35499244132834507 0.33122959479153197
9 475.0 0.0 -1.0 -1.0 -1.0 0.0 0.28670559243726 0.35423274758353224 0.3590616599792078
9 476.0 0.0 -1.0 -1.0 -1.0 0.0 0.28052209900220915 0.3412327254455551 0.37824517555223564
9 477.0 0.0 -1.0 -1.0 -1.0 0.0 0.2910272520517423 0.3623450932277711 0.3466276547204867
9 478.0 0.0 -1.0 -1.0 -1.0 0.0 0.31037075858598884 0.3613439846918314 0.3282852567221796
9 479.0 0.0 -1.0 -1.0 -1.0 0.0 0.30905555339874785 0.3591613559687633 0.33178309063248884
9 480.0 0.0 -1.0 -1.0 -1.0 0.0 0.3060728335603427 0.3501914504530962 0.34373571598656094
9 481.0 0.0 -1.0 -1.0 -1.0 0.0 0.30284567524759237 0.361148467815504 0.33600585693690327
9 482.0 0.0 -1.0 -1.0 -1.0 0.0 0.3215523495158201 0.36790273936078743 0.31054491112339255
9 483.0 0.0 -1.0 -1.0 -1.0 0.0 0.29970187555537686 0.391554714606145 0.3087434098384782
9 484.0 0.0 -1.0 -1.0 -1.0 0.0 0.3149795695668972 0.37543101311973137 0.30958941731337136
9 485.0 0.0 -1.0 -1.0 -1.0 0.0 0.3327495312422968 0.36648293533977366 0.3007675334179299
9 486.0 0.0 -1.0 -1.0 -1.0 0.0 0.32373062197488495 0.36338338173086343 0.3128859962942515
9 487.0 0.0 -1.0 -1.0 -1.0 0.0 0.32024371871908586 0.3602392577057523 0.3195170235751621
9 488.0 0.0 -1.0 -1.0 -1.0 0.0 0.30771801168697016 0.3612414080538835 0.33104058025914646
9 489.0 0.0 -1.0 -1.0 -1.0 0.0 0.30730126074758135 0.358161413430137 0.3345373258222817
9 490.0 0.0 -1.0 -1.0 -1.0 0.0 0.3433734849965246 0.3411074529287388 0.3155190620747365
9 491.0 0.0 -1.0 -1.0 -1.0 0.0 0.3539249106304962 0.33100662846661605 0.31506846090288776
9 492.0 0.0 -1.0 -1.0 -1.0 0.0 0.3374413711657235 0.31344946903877935 0.34910915979549706
9 493.0 0.0 -1.0 -1.0 -1.0 0.0 0.3480405377483374 0.3331589900988528 0.31880047215280977
9 494.0 0.0 -1.0 -1.0 -1.0 0.0 0.32690651966288065 0.3622915814524199 0.31080189888469933
9 495.0 0.0 -1.0 -1.0 -1.0 0.0 0.31284165385760176 0.34113585386255957 0.34602249227983867
9 496.0 0.0 -1.0 -1.0 -1.0 0.0 0.32597466286383836 0.3401093527711053 0.3339159843650564
9 497.0 0.0 -1.0 -1.0 -1.0 0.0 0.352468511946871 0.3177357862591602 0.32979570179396844
9 498.0 0.0 -1.0 -1.0 -1.0 0.0 0.33652639000508844 0.3495979369065594 0.31387567308835224
9 499.0 0.0 -1.0 -1.0 -1.0 0.0 0.29381248128000836 0.37688967792339495 0.3292978407965964
9 500.0 0.0 -1.0 -1.0 -1.0 0.0 0.29767405891540333 0.3628589404779858 0.3394670006066107
9 501.0 0.0 -1.0 -1.0 -1.0 0.0 0.31101423314681714 0.3707659840660449 0.3182197827871379
9 502.0 0.0 -1.0 -1.0 -1.0 0.0 0.32321567752403396 0.3737272424600476 0.3030570800159187
9 503.0 0.0 -1.0 -1.0 -1.0 0.0 0.31198442427286627 0.3722848319908492 0.31573074373628446
9 504.0 0.0 -1.0 -1.0 -1.0 0.0 0.2962880950780375 0.35507590308500736 0.34863600183695526
9 505.0 0.0 -1.0 -1.0 -1.0 0.0 0.3097447107550258 0.3521442131929288 0.3381110760520453
9 506.0 0.0 -1.0 -1.0 -1.0 0.0 0.31208214918285476 0.3477065823883167 0.34021126842882843
9 507.0 0.0 -1.0 -1.0 -1.0 0.0 0.32159812312750946 0.3366226383026254 0.34177923856986486
9 508.0 0.0 -1.0 -1.0 -1.0 0.0 0.28521597595835924 0.3778455820617102 0.33693844197993045
9 509.0 0.0 -1.0 -1.0 -1.0 0.0 0.28322532697836866 0.3731527953848684 0.34362187763676305
9 510.0 0.0 -1.0 -1.0 -1.0 0.0 0.27331037341912834 0.37322722544390524 0.3534624011369665
9 511.0 0.0 -1.0 -1.0 -1.0 0.0 0.2537002184480762 0.38169390560561217 0.3646058759463118
9 512.0 0.0 -1.0 -1.0 -1.0 0.0 0.2598107158570333 0.39347228971566833 0.3467169944272981
9 513.0 0.0 -1.0 -1.0 -1.0 0.0 0.2793329440499073 0.3742550208311761 0.3464120351189166
9 514.0 0.0 -1.0 -1.0 -1.0 0.0 0.28594862675913063 0.3816636009693052 0.3323877722715642
9 515.0 0.0 -1.0 -1.0 -1.0 0.0 0.3013964310420088 0.37402506320980267 0.3245785057481887
9 516.0 0.0 -1.0 -1.0 -1.0 0.0 0.2899739679813499 0.37913683619594724 0.33088919582270265
9 517.0 0.0 -1.0 -1.0 -1.0 0.0 0.28911967970732144 0.3883807248086746 0.322499595484004
9 518.0 0.0 -1.0 -1.0 -1.0 0.0 0.3115009082803722 0.3591382208509302 0.32936087086869764
9 519.0 0.0 -1.0 -1.0 -1.0 0.0 0.2789852030923742 0.3591382294743839 0.3618765674332418
9 520.0 0.0 -1.0 -1.0 -1.0 0.0 0.3074256320543036 0.3583026351918932 0.33427173275380295
9 521.0 0.0 -1.0 -1.0 -1.0 0.0 0.31186986005914563 0.3708954140582029 0.31723472588265134
9 522.0 0.0 -1.0 -1.0 -1.0 0.0 0.31262633829492364 0.3723057981812465 0.3150678635238301
9 523.0 0.0 -1.0 -1.0 -1.0 0.0 0.33299577972447536 0.34347167446229626 0.3235325458132285
9 524.0 0.0 -1.0 -1.0 -1.0 0.0 0.33299015970280793 0.3363555607626481 0.3306542795345439
9 525.0 0.0 -1.0 -1.0 -1.0 0.0 0.31747359126791563 0.3532852250492004 0.32924118368288374
9 526.0 0.0 -1.0 -1.0 -1.0 0.0 0.35380730035634367 0.33216030972954674 0.31403238991410976
9 527.0 0.0 -1.0 -1.0 -1.0 0.0 0.3746954817627546 0.31583184692182187 0.3094726713154236
9 528.0 0.0 -1.0 -1.0 -1.0 0.0 0.36437132161456126 0.32271451688507113 0.31291416150036766
9 529.0 0.0 -1.0 -1.0 -1.0 0.0 0.34255044171714594 0.3168318583320996 0.34061769995075425
9 530.0 0.0 -1.0 -1.0 -1.0 0.0 0.3447953097030518 0.29746149055460713 0.3577431997423413
9 531.0 0.0 -1.0 -1.0 -1.0 0.0 0.34946069781494266 0.30244395324454826 0.34809534894050925
9 532.0 0.0 -1.0 -1.0 -1.0 0.0 0.35182600728791646 0.27974409188334554 0.3684299008287381
9 533.0 0.0 -1.0 -1.0 -1.0 0.0 0.3494547249498144 0.28078273850552427 0.3697625365446613
9 534.0 0.0 -1.0 -1.0 -1.0 0.0 0.3330551377884531 0.27418175519384747 0.39276310701769945
9 535.0 0.0 -1.0 -1.0 -1.0 0.0 0.3119264757604743 0.2905513316918834 0.39752219254764265
9 536.0 0.0 -1.0 -1.0 -1.0 0.0 0.31979641025895733 0.30314649306815034 0.3770570966728924
9 537.0 0.0 -1.0 -1.0 -1.0 0.0 0.34938652985601015 0.2954548870980131 0.3551585830459764
9 538.0 0.0 -1.0 -1.0 -1.0 0.0 0.3626254388499769 0.2987691098862719 0.3386054512637511
9 539.0 0.0 -1.0 -1.0 -1.0 0.0 0.3354343775025489 0.305483711319071 0.3590819111783803
9 540.0 0.0 -1.0 -1.0 -1.0 0.0 0.3702195016978978 0.2920492312780455 0.33773126702405654
9 541.0 0.0 -1.0 -1.0 -1.0 0.0 0.3662309109295831 0.28180503154860304 0.3519640575218139
9 542.0 0.0 -1.0 -1.0 -1.0 0.0 0.3520383364897002 0.29998737982749435 0.34797428368280525
9 543.0 0.0 -1.0 -1.0 -1.0 0.0 0.3259021672302721 0.31879082105053713 0.35530701171919105
9 544.0 0.0 -1.0 -1.0 -1.0 0.0 0.334545757023726 0.33530726416992174 0.3301469788063522
9 545.0 0.0 -1.0 -1.0 -1.0 0.0 0.34213560885960803 0.3301728112789373 0.3276915798614549
9 546.0 0.0 -1.0 -1.0 -1.0 0.0 0.34746779939422057 0.3206472583830983 0.3318849422226811
9 547.0 0.0 -1.0 -1.0 -1.0 0.0 0.34692996238113105 0.32262825020243263 0.33044178741643626
9 548.0 0.0 -1.0 -1.0 -1.0 0.0 0.35357781447017606 0.31330190272676495 0.3331202828030592
9 549.0 0.0 -1.0 -1.0 -1.0 0.0 0.35075626793616144 0.307416200659238 0.3418275314046003
9 550.0 0.0 -1.0 -1.0 -1.0 0.0 0.31851827936691185 0.32017326385673944 0.3613084567763486
9 551.0 0.0 -1.0 -1.0 -1.0 0.0 0.3245823054616026 0.33131989677108875 0.3440977977673087
9 552.0 0.0 -1.0 -1.0 -1.0 0.0 0.34118269005040347 0.33873275170224 0.3200845582473566
9 553.0 0.0 -1.0 -1.0 -1.0 0.0 0.3330434041060626 0.3382588498959438 0.32869774599799356
9 554.0 0.0 -1.0 -1.0 -1.0 0.0 0.3319877545381387 0.3691137865797416 0.29889845888211974
9 555.0 0.0 -1.0 -1.0 -1.0 0.0 0.3427545381111955 0.3853913866596305 0.27185407522917426
9 556.0 0.0 -1.0 -1.0 -1.0 0.0 0.359743586572508 0.3613039024383839 0.278952510989108
9 557.0 0.0 -1.0 -1.0 -1.0 0.0 0.3381076444319467 0.34057861095689806 0.3213137446111551
9 558.0 0.0 -1.0 -1.0 -1.0 0.0 0.3413952250402984 0.3567208136408088 0.3018839613188927
9 559.0 0.0 -1.0 -1.0 -1.0 0.0 0.3462978041103235 0.35328611881600946 0.30041607707366713
9 560.0 0.0 -1.0 -1.0 -1.0 0.0 0.3338127004548198 0.34644885011450444 0.31973844943067586
9 561.0 0.0 -1.0 -1.0 -1.0 0.0 0.3249691779708106 0.3321741458504843 0.342856676178705
9 562.0 0.0 -1.0 -1.0 -1.0 0.0 0.31358646756062497 0.36232767818926154 0.3240858542501133
9 563.0 0.0 -1.0 -1.0 -1.0 0.0 0.3180601950588484 0.36708670833456997 0.3148530966065816
9 564.0 0.0 -1.0 -1.0 -1.0 0.0 0.33288237711611024 0.32905099491178064 0.33806662797210896
9 565.0 0.0 -1.0 -1.0 -1.0 0.0 0.33718331947949487 0.32631031422576684 0.33650636629473835
9 566.0 0.0 -1.0 -1.0 -1.0 0.0 0.3650073152377207 0.3346133133708555 0.3003793713914238
9 567.0 0.0 -1.0 -1.0 -1.0 0.0 0.35516503326439186 0.32131928213146743 0.323515684604141
9 568.0 0.0 -1.0 -1.0 -1.0 0.0 0.34645737650461234 0.3445559032568875 0.30898672023850027
9 569.0 0.0 -1.0 -1.0 -1.0 0.0 0.342546290114234 0.3457305980497692 0.3117231118359966
9 570.0 0.0 -1.0 -1.0 -1.0 0.0 0.3261455109833399 0.34887169450434646 0.32498279451231377
9 571.0 0.0 -1.0 -1.0 -1.0 0.0 0.33940834966885197 0.34729848214651304 0.31329316818463515
9 572.0 0.0 -1.0 -1.0 -1.0 0.0 0.3297899827129532 0.3492509868892059 0.3209590303978412
9 573.0 0.0 -1.0 -1.0 -1.0 0.0 0.3346345654764618 0.3496229210065239 0.3157425135170143
9 574.0 0.0 -1.0 -1.0 -1.0 0.0 0.33958465421760037 0.33028485229052396 0.33013049349187573
9 575.0 0.0 -1.0 -1.0 -1.0 0.0 0.33696945317309757 0.34576109615687445 0.3172694506700279
9 576.0 0.0 -1.0 -1.0 -1.0 0.0 0.34404800122741064 0.34880307185291337 0.30714892691967616
9 577.0 0.0 -1.0 -1.0 -1.0 0.0 0.3506751724066249 0.32888678618341294 0.320438041409962
9 578.0 0.0 -1.0 -1.0 -1.0 0.0 0.3751570403923 0.3183217010195442 0.3065212585881556
9 579.0 0.0 -1.0 -1.0 -1.0 0.0 0.36978991026091085 0.309696114073926 0.320513975665163
9 580.0 0.0 -1.0 -1.0 -1.0 0.0 0.35992055875309537 0.3147422461027771 0.3253371951441275
9 581.0 0.0 -1.0 -1.0 -1.0 0.0 0.33477897532480383 0.3328633625829594 0.3323576620922367
9 582.0 0.0 -1.0 -1.0 -1.0 0.0 0.3107635198929508 0.32958306686443534 0.3596534132426134
9 583.0 0.0 -1.0 -1.0 -1.0 0.0 0.32321554025100513 0.32581608107415727 0.35096837867483754
9 584.0 0.0 -1.0 -1.0 -1.0 0.0 0.3240829966005671 0.31140401125879885 0.3645129921406341
9 585.0 0.0 -1.0 -1.0 -1.0 0.0 0.31492181073621717 0.3301583778185979 0.354919811445185
9 586.0 0.0 -1.0 -1.0 -1.0 0.0 0.3212712975819418 0.31657221848002404 0.3621564839380339
9 587.0 0.0 -1.0 -1.0 -1.0 0.0 0.3132458948573834 0.298291044168016 0.3884630609746005
9 588.0 0.0 -1.0 -1.0 -1.0 0.0 0.3094153432258476 0.30098028476176875 0.3896043720123837
9 589.0 0.0 -1.0 -1.0 -1.0 0.0 0.3213782185139121 0.3231541672588085 0.3554676142272792
9 590.0 0.0 -1.0 -1.0 -1.0 0.0 0.3130942044744485 0.3094623482649196 0.37744344726063184
9 591.0 0.0 -1.0 -1.0 -1.0 0.0 0.32287641353918367 0.31173932559748274 0.3653842608633336
9 592.0 0.0 -1.0 -1.0 -1.0 0.0 0.3227295467175392 0.3058848180320316 0.37138563525042934
9 593.0 0.0 -1.0 -1.0 -1.0 0.0 0.3091736883083025 0.32368062516282775 0.3671456865288697
9 594.0 0.0 -1.0 -1.0 -1.0 0.0 0.3130390849759862 0.3125128840816579 0.374448030942356
9 595.0 0.0 -1.0 -1.0 -1.0 0.0 0.30977186278622465 0.3061431442418651 0.3840849929719099
9 596.0 0.0 -1.0 -1.0 -1.0 0.0 0.3338749013038125 0.2961667224385388 0.36995837625764855
9 597.0 0.0 -1.0 -1.0 -1.0 0.0 0.302875406758437 0.3331367598858841 0.3639878333556789
9 598.0 0.0 -1.0 -1.0 -1.0 0.0 0.30940294796706913 0.3272446854855554 0.3633523665473751
9 599.0 0.0 -1.0 -1.0 -1.0 0.0 0.31628532984317664 0.36034546764261544 0.3233692025142079
9 600.0 0.0 -1.0 -1.0 -1.0 0.0 0.32868658549540875 0.3637114419439066 0.3076019725606846
9 601.0 0.0 -1.0 -1.0 -1.0 0.0 0.34755202345665553 0.34742055951132644 0.305027417032018
9 602.0 0.0 -1.0 -1.0 -1.0 0.0 0.3519617317520855 0.34886394850697444 0.29917431974093994
9 603.0 0.0 -1.0 -1.0 -1.0 0.0 0.3618185320277346 0.34578667770048377 0.2923947902717816
9 604.0 0.0 -1.0 -1.0 -1.0 0.0 0.36845078810930987 0.3431625610072392 0.28838665088345083
9 605.0 0.0 -1.0 -1.0 -1.0 0.0 0.358860407789549 0.34497899974560875 0.2961605924648422
9 606.0 0.0 -1.0 -1.0 -1.0 0.0 0.3548713014093831 0.3184336091888673 0.32669508940174974
9 607.0 0.0 -1.0 -1.0 -1.0 0.0 0.355488319319869 0.3080159283137081 0.3364957523664227
9 608.0 0.0 -1.0 -1.0 -1.0 0.0 0.32868839226879326 0.32823903200345783 0.3430725757277491
9 609.0 0.0 -1.0 -1.0 -1.0 0.0 0.33278811853547746 0.3391202589122231 0.3280916225522996
9 610.0 0.0 -1.0 -1.0 -1.0 0.0 0.35156246278560155 0.3010568228046807 0.3473807144097178
9 611.0 0.0 -1.0 -1.0 -1.0 0.0 0.348367814720811 0.3232961839117876 0.32833600136740165
9 612.0 0.0 -1.0 -1.0 -1.0 0.0 0.3521803233710875 0.31512204879056627 0.33269762783834617
9 613.0 0.0 -1.0 -1.0 -1.0 0.0 0.34782541238421216 0.350562452350841 0.3016121352649468
9 614.0 0.0 -1.0 -1.0 -1.0 0.0 0.33957716814840233 0.3401976010362516 0.32022523081534593
9 615.0 0.0 -1.0 -1.0 -1.0 0.0 0.317481013278719 0.3453906490100126 0.33712833771126827
9 616.0 0.0 -1.0 -1.0 -1.0 0.0 0.356011844444665 0.32567295220023257 0.31831520335510244
9 617.0 0.0 -1.0 -1.0 -1.0 0.0 0.34783759262998415 0.32276967726301814 0.3293927301069976
9 618.0 0.0 -1.0 -1.0 -1.0 0.0 0.368246409673914 0.3113954029159033 0.3203581874101832
9 619.0 0.0 -1.0 -1.0 -1.0 0.0 0.367996821709873 0.3240355048902703 0.3079676733998567
9 620.0 0.0 -1.0 -1.0 -1.0 0.0 0.347558527884269 0.3475025412509876 0.3049389308647434
9 621.0 0.0 -1.0 -1.0 -1.0 0.0 0.3346271217337929 0.3515785575248645 0.31379432074134267
9 622.0 0.0 -1.0 -1.0 -1.0 0.0 0.3249132700765183 0.35353222796491546 0.32155450195856633
9 623.0 0.0 -1.0 -1.0 -1.0 0.0 0.2960823564460164 0.36501873897373416 0.3388989045802496
9 624.0 0.0 -1.0 -1.0 -1.0 0.0 0.292000479700853 0.3804997650361542 0.3274997552629926
9 625.0 0.0 -1.0 -1.0 -1.0 0.0 0.28770517611429464 0.38571860686371323 0.32657621702199185
9 626.0 0.0 -1.0 -1.0 -1.0 0.0 0.2958297032158807 0.3914467457277066 0.31272355105641275
9 627.0 0.0 -1.0 -1.0 -1.0 0.0 0.2929433997652944 0.3752617015386715 0.33179489869603385
9 628.0 0.0 -1.0 -1.0 -1.0 0.0 0.30378062292864255 0.36818146078135267 0.32803791629000495
9 629.0 0.0 -1.0 -1.0 -1.0 0.0 0.3024230028095117 0.37663208051971675 0.3209449166707716
9 630.0 0.0 -1.0 -1.0 -1.0 0.0 0.3104352162889698 0.3536101812316337 0.3359546024793966
9 631.0 0.0 -1.0 -1.0 -1.0 0.0 0.3231227754782104 0.31141320709771014 0.3654640174240795
9 632.0 0.0 -1.0 -1.0 -1.0 0.0 0.34099568813884545 0.2869208241311012 0.37208348773005356
9 633.0 0.0 -1.0 -1.0 -1.0 0.0 0.33400709617004004 0.3104973746440034 0.3554955291859564
9 634.0 0.0 -1.0 -1.0 -1.0 0.0 0.31532101455566697 0.31318430924695084 0.371494676197382
9 635.0 0.0 -1.0 -1.0 -1.0 0.0 0.34138853760954035 0.31570945799599714 0.3429020043944625
9 636.0 0.0 -1.0 -1.0 -1.0 0.0 0.3467598942224046 0.3073004048783359 0.3459397008992595
9 637.0 0.0 -1.0 -1.0 -1.0 0.0 0.330889913482819 0.298373892781603 0.37073619373557803
9 638.0 0.0 -1.0 -1.0 -1.0 0.0 0.350680188490319 0.30856121837125705 0.3407585931384237
9 639.0 0.0 -1.0 -1.0 -1.0 0.0 0.34648163953784783 0.3191099618466932 0.3344083986154591
9 640.0 0.0 -1.0 -1.0 -1.0 0.0 0.3486021605852401 0.31852751003653645 0.3328703293782235
9 641.0 0.0 -1.0 -1.0 -1.0 0.0 0.3580741663502247 0.28930073539497453 0.3526250982548009
9 642.0 0.0 -1.0 -1.0 -1.0 0.0 0.34405658834251085 0.28466852568380085 0.3712748859736883
9 643.0 0.0 -1.0 -1.0 -1.0 0.0 0.35918663296019804 0.28740730751731886 0.3534060595224831
9 644.0 0.0 -1.0 -1.0 -1.0 0.0 0.3440842341410167 0.27800829100091784 0.37790747485806553
9 645.0 0.0 -1.0 -1.0 -1.0 0.0 0.33904668706370933 0.28443114170340955 0.3765221712328811
9 646.0 0.0 -1.0 -1.0 -1.0 0.0 0.34399576825120265 0.2741463499928624 0.3818578817559351
9 647.0 0.0 -1.0 -1.0 -1.0 0.0 0.3226012788475783 0.2885914159236217 0.3888073052288
9 648.0 0.0 -1.0 -1.0 -1.0 0.0 0.3677377407279785 0.2896223058726768 0.34263995339934483
9 649.0 0.0 -1.0 -1.0 -1.0 0.0 0.3582773052274609 0.3068160141329937 0.33490668063954543
9 650.0 0.0 -1.0 -1.0 -1.0 0.0 0.393426877214805 0.30989963022943945 0.2966734925557558
9 651.0 0.0 -1.0 -1.0 -1.0 0.0 0.3566040040951626 0.329087277740043 0.3143087181647942
9 652.0 0.0 -1.0 -1.0 -1.0 0.0 0.3470313997821299 0.33993553807180166 0.3130330621460684
9 653.0 0.0 -1.0 -1.0 -1.0 0.0 0.3267240558936887 0.3397338884620727 0.33354205564423844
9 654.0 0.0 -1.0 -1.0 -1.0 0.0 0.3429602261284282 0.34219835519162717 0.31484141867994475
9 655.0 0.0 -1.0 -1.0 -1.0 0.0 0.3327921361965093 0.3591666719105341 0.30804119189295665
9 656.0 0.0 -1.0 -1.0 -1.0 0.0 0.3228291775645806 0.36523819706510485 0.3119326253703144
9 657.0 0.0 -1.0 -1.0 -1.0 0.0 0.34443087857410776 0.31692750634173555 0.33864161508415624
9 658.0 0.0 -1.0 -1.0 -1.0 0.0 0.3450455160192518 0.31226846201203984 0.34268602196870845
9 659.0 0.0 -1.0 -1.0 -1.0 0.0 0.3236853522737711 0.33789404606298284 0.33842060166324606
9 660.0 0.0 -1.0 -1.0 -1.0 0.0 0.31375542155824426 0.3122021908993584 0.3740423875423973
9 661.0 0.0 -1.0 -1.0 -1.0 0.0 0.31484616783803326 0.3216831854987299 0.3634706466632368
9 662.0 0.0 -1.0 -1.0 -1.0 0.0 0.3012605559544888 0.36035888553501416 0.33838055851049714
9 663.0 0.0 -1.0 -1.0 -1.0 0.0 0.33811772299120674 0.3516993997481563 0.3101828772606371
9 664.0 0.0 -1.0 -1.0 -1.0 0.0 0.31977595484160287 0.34358035219608335 0.33664369296231383
9 665.0 0.0 -1.0 -1.0 -1.0 0.0 0.3178592072348716 0.36028090668145174 0.3218598860836769
9 666.0 0.0 -1.0 -1.0 -1.0 0.0 0.3215047525634958 0.34687659095996826 0.33161865647653593
9 667.0 0.0 -1.0 -1.0 -1.0 0.0 0.34842659159659356 0.35027401984191725 0.30129938856148913
9 668.0 0.0 -1.0 -1.0 -1.0 0.0 0.34078268967518577 0.32717653796980367 0.3320407723550105
9 669.0 0.0 -1.0 -1.0 -1.0 0.0 0.36238412572637124 0.32941238144566914 0.3082034928279595
9 670.0 0.0 -1.0 -1.0 -1.0 0.0 0.3672740039479707 0.3347581972347007 0.2979677988173288
9 671.0 0.0 -1.0 -1.0 -1.0 0.0 0.3612686149725925 0.3436584340114828 0.2950729510159244
9 672.0 0.0 -1.0 -1.0 -1.0 0.0 0.35558932172748475 0.3486811751885343 0.2957295030839809
9 673.0 0.0 -1.0 -1.0 -1.0 0.0 0.3149441728530908 0.3702841680116846 0.3147716591352244
9 674.0 0.0 -1.0 -1.0 -1.0 0.0 0.30486349363976034 0.35886440097725997 0.3362721053829796
9 675.0 0.0 -1.0 -1.0 -1.0 0.0 0.32643305387909877 0.31961340291459267 0.35395354320630845
9 676.0 0.0 -1.0 -1.0 -1.0 0.0 0.3170919979581529 0.31401917061576606 0.36888883142608075
9 677.0 0.0 -1.0 -1.0 -1.0 0.0 0.3434482241238241 0.2986592991942824 0.35789247668189333
9 678.0 0.0 -1.0 -1.0 -1.0 0.0 0.3777214982550116 0.25225671303862424 0.37002178870636426
9 679.0 0.0 -1.0 -1.0 -1.0 0.0 0.4081317961606951 0.25518298360424163 0.33668522023506336
9 680.0 0.0 -1.0 -1.0 -1.0 0.0 0.3849445440281323 0.2671819299349045 0.3478735260369629
9 681.0 0.0 -1.0 -1.0 -1.0 0.0 0.3558721005973923 0.3024758076665625 0.3416520917360453
9 682.0 0.0 -1.0 -1.0 -1.0 0.0 0.3330964185323087 0.3089684666260228 0.3579351148416684
9 683.0 0.0 -1.0 -1.0 -1.0 0.0 0.33147657990258755 0.34158795266629155 0.326935467431121
9 684.0 0.0 -1.0 -1.0 -1.0 0.0 0.31705458872747394 0.3377858065088342 0.3451596047636919
9 685.0 0.0 -1.0 -1.0 -1.0 0.0 0.3226926249478399 0.3223253675345951 0.3549820075175651
9 686.0 0.0 -1.0 -1.0 -1.0 0.0 0.31765073385618686 0.3214147644941487 0.3609345016496644
9 687.0 0.0 -1.0 -1.0 -1.0 0.0 0.3154946211551631 0.3223327719873968 0.3621726068574398
9 688.0 0.0 -1.0 -1.0 -1.0 0.0 0.33075857637500566 0.3419508522256149 0.32729057139937945
9 689.0 0.0 -1.0 -1.0 -1.0 0.0 0.3398599273607158 0.3155575464824523 0.3445825261568319
9 690.0 0.0 -1.0 -1.0 -1.0 0.0 0.349146152298637 0.31212858207751415 0.33872526562384886
9 691.0 0.0 -1.0 -1.0 -1.0 0.0 0.3324617694949232 0.31734389798574564 0.35019433251933113
9 692.0 0.0 -1.0 -1.0 -1.0 0.0 0.34196721651256623 0.3136166053364046 0.3444161781510292
9 693.0 0.0 -1.0 -1.0 -1.0 0.0 0.32825134943135126 0.31755715234061177 0.3541914982280374
9 694.0 0.0 -1.0 -1.0 -1.0 0.0 0.33455523797681436 0.33068403136956936 0.33476073065361595
9 695.0 0.0 -1.0 -1.0 -1.0 0.0 0.314778037045871 0.3429064152449825 0.3423155477091464
9 696.0 0.0 -1.0 -1.0 -1.0 0.0 0.3299832454019452 0.35524615021018296 0.31477060438787186
9 697.0 0.0 -1.0 -1.0 -1.0 0.0 0.33261736938477754 0.363260923364894 0.3041217072503283
9 698.0 0.0 -1.0 -1.0 -1.0 0.0 0.3331587661662925 0.33866672678900644 0.32817450704470114
9 699.0 0.0 -1.0 -1.0 -1.0 0.0 0.33164471815738844 0.3543164403109116 0.31403884153169986
9 700.0 0.0 -1.0 -1.0 -1.0 0.0 0.3505099719278231 0.3422098561539157 0.3072801719182614
9 701.0 0.0 -1.0 -1.0 -1.0 0.0 0.34413114313683957 0.3564286638614277 0.2994401930017326
9 702.0 0.0 -1.0 -1.0 -1.0 0.0 0.3325245660429641 0.3551216421554419 0.3123537918015939
9 703.0 0.0 -1.0 -1.0 -1.0 0.0 0.3321896841461997 0.3504755845151832 0.31733473133861717
9 704.0 0.0 -1.0 -1.0 -1.0 0.0 0.3169713912926879 0.3569120873167937 0.3261165213905185
9 705.0 0.0 -1.0 -1.0 -1.0 0.0 0.3083490000498481 0.3500733744575657 0.3415776254925862
9 706.0 0.0 -1.0 -1.0 -1.0 0.0 0.31549035170841916 0.34905309602088347 0.33545655227069743
9 707.0 0.0 -1.0 -1.0 -1.0 0.0 0.34163934482937414 0.325127977470598 0.3332326777000278
9 708.0 0.0 -1.0 -1.0 -1.0 0.0 0.3670640864778263 0.32172757016338616 0.3112083433587876
9 709.0 0.0 -1.0 -1.0 -1.0 0.0 0.38217916379372097 0.3211191858666559 0.29670165033962315
9 710.0 0.0 -1.0 -1.0 -1.0 0.0 0.38064298824352877 0.32958426154563264 0.28977275021083837
9 711.0 0.0 -1.0 -1.0 -1.0 0.0 0.3749859553508482 0.3257198819811491 0.2992941626680028
9 712.0 0.0 -1.0 -1.0 -1.0 0.0 0.3843692273003446 0.2968647495291211 0.3187660231705341
9 713.0 0.0 -1.0 -1.0 -1.0 0.0 0.36292261785122276 0.31419163633124203 0.32288574581753543
9 714.0 0.0 -1.0 -1.0 -1.0 0.0 0.34015018668113745 0.3215492263559805 0.3383005869628819
9 715.0 0.0 -1.0 -1.0 -1.0 0.0 0.3504874615678169 0.310692636588388 0.3388199018437952
9 716.0 0.0 -1.0 -1.0 -1.0 0.0 0.38096816573819525 0.3197328220981405 0.29929901216366456
9 717.0 0.0 -1.0 -1.0 -1.0 0.0 0.36908944539161 0.3308787840651222 0.30003177054326785
9 718.0 0.0 -1.0 -1.0 -1.0 0.0 0.36396799948488673 0.31657291180840896 0.3194590887067044
9 719.0 0.0 -1.0 -1.0 -1.0 0.0 0.3437458693674631 0.33121596309808365 0.3250381675344531
9 720.0 0.0 -1.0 -1.0 -1.0 0.0 0.3538751256682098 0.2988052745793658 0.3473195997524244
9 721.0 0.0 -1.0 -1.0 -1.0 0.0 0.3495152411879179 0.30921735938491673 0.34126739942716533
9 722.0 0.0 -1.0 -1.0 -1.0 0.0 0.3334784795835023 0.3021364829291287 0.36438503748736906
9 723.0 0.0 -1.0 -1.0 -1.0 0.0 0.32459499521541507 0.3014885484900176 0.3739164562945675
9 724.0 0.0 -1.0 -1.0 -1.0 0.0 0.3003359139507106 0.3225511488723853 0.37711293717690436
9 725.0 0.0 -1.0 -1.0 -1.0 0.0 0.3197230379620387 0.32195285311026856 0.3583241089276927
9 726.0 0.0 -1.0 -1.0 -1.0 0.0 0.33145740408802515 0.31055276456351755 0.3579898313484574
9 727.0 0.0 -1.0 -1.0 -1.0 0.0 0.31669108401707147 0.34285030728547405 0.34045860869745426
9 728.0 0.0 -1.0 -1.0 -1.0 0.0 0.3222931446063308 0.3371080243607975 0.34059883103287164
9 729.0 0.0 -1.0 -1.0 -1.0 0.0 0.34136281084124626 0.3048030582036635 0.3538341309550905
9 730.0 0.0 -1.0 -1.0 -1.0 0.0 0.3445210327621185 0.28727109197951456 0.368207875258367
9 731.0 0.0 -1.0 -1.0 -1.0 0.0 0.34677449787534603 0.2976687121504084 0.3555567899742458
9 732.0 0.0 -1.0 -1.0 -1.0 0.0 0.3131117771654829 0.2976477139641116 0.38924050887040557
9 733.0 0.0 -1.0 -1.0 -1.0 0.0 0.3264353931855339 0.2925225350180445 0.38104207179642147
9 734.0 0.0 -1.0 -1.0 -1.0 0.0 0.3269960637336096 0.3039317077822028 0.36907222848418764
9 735.0 0.0 -1.0 -1.0 -1.0 0.0 0.344709097909622 0.30179971637513664 0.3534911857152413
9 736.0 0.0 -1.0 -1.0 -1.0 0.0 0.3501286177467434 0.2774102722782779 0.3724611099749782
9 737.0 0.0 -1.0 -1.0 -1.0 0.0 0.35925497922008864 0.2637463361437392 0.37699868463617237
9 738.0 0.0 -1.0 -1.0 -1.0 0.0 0.3457110467792212 0.2826963885952967 0.37159256462548235
9 739.0 0.0 -1.0 -1.0 -1.0 0.0 0.33657953909234406 0.27969244769134 0.3837280132163159
9 740.0 0.0 -1.0 -1.0 -1.0 0.0 0.31571385256453066 0.3146768385598832 0.3696093088755864
9 741.0 0.0 -1.0 -1.0 -1.0 0.0 0.33073658133640776 0.3243268224770965 0.3449365961864956
9 742.0 0.0 -1.0 -1.0 -1.0 0.0 0.36454006193392724 0.32710090016170573 0.308359037904367
9 743.0 0.0 -1.0 -1.0 -1.0 0.0 0.3299673798375413 0.3273722882692398 0.3426603318932188
9 744.0 0.0 -1.0 -1.0 -1.0 0.0 0.32470729550238586 0.3234441248749029 0.3518485796227111
9 745.0 0.0 -1.0 -1.0 -1.0 0.0 0.3478281485456726 0.2961040535166584 0.35606779793766924
9 746.0 0.0 -1.0 -1.0 -1.0 0.0 0.3395132806990898 0.341967960014847 0.3185187592860629
9 747.0 0.0 -1.0 -1.0 -1.0 0.0 0.34487249103320883 0.3190928978011584 0.33603461116563266
9 748.0 0.0 -1.0 -1.0 -1.0 0.0 0.3457285680500053 0.3213105984045378 0.33296083354545664
9 749.0 0.0 -1.0 -1.0 -1.0 0.0 0.36619889039562287 0.304159146502564 0.3296419631018132
9 750.0 0.0 -1.0 -1.0 -1.0 0.0 0.3746669713832197 0.3094587122854686 0.3158743163313118
9 751.0 0.0 -1.0 -1.0 -1.0 0.0 0.33796055030839767 0.31351672493580934 0.34852272475579277
9 752.0 0.0 -1.0 -1.0 -1.0 0.0 0.35762639175356753 0.29560414263728474 0.34676946560914745
9 753.0 0.0 -1.0 -1.0 -1.0 0.0 0.3377170420392747 0.3164494690748356 0.34583348888588944
9 754.0 0.0 -1.0 -1.0 -1.0 0.0 0.32915550994627146 0.3319809608217878 0.3388635292319407
9 755.0 0.0 -1.0 -1.0 -1.0 0.0 0.3542775771003297 0.3057436026115806 0.33997882028808957
9 756.0 0.0 -1.0 -1.0 -1.0 0.0 0.354814553433876 0.30468113376660766 0.3405043127995164
9 757.0 0.0 -1.0 -1.0 -1.0 0.0 0.346734819294895 0.29600193709809647 0.35726324360700884
9 758.0 0.0 -1.0 -1.0 -1.0 0.0 0.34204841733804436 0.3079334304832581 0.35001815217869736
9 759.0 0.0 -1.0 -1.0 -1.0 0.0 0.3359021280657216 0.31706574444335767 0.3470321274909209
9 760.0 0.0 -1.0 -1.0 -1.0 0.0 0.34901712833244486 0.3257140192763316 0.3252688523912233
9 761.0 0.0 -1.0 -1.0 -1.0 0.0 0.3402737626420478 0.32556151012993767 0.3341647272280146
9 762.0 0.0 -1.0 -1.0 -1.0 0.0 0.32191710128059475 0.319923590325845 0.3581593083935603
9 763.0 0.0 -1.0 -1.0 -1.0 0.0 0.3192932337240648 0.32566189979292653 0.3550448664830086
9 764.0 0.0 -1.0 -1.0 -1.0 0.0 0.31077469302731353 0.337575703140824 0.35164960383186217
9 765.0 0.0 -1.0 -1.0 -1.0 0.0 0.29411164764581144 0.3533992838776291 0.35248906847655953
9 766.0 0.0 -1.0 -1.0 -1.0 0.0 0.3181375953810628 0.34049268969470525 0.3413697149242318
9 767.0 0.0 -1.0 -1.0 -1.0 0.0 0.3357486557295967 0.3296511202693892 0.3346002240010141
9 768.0 0.0 -1.0 -1.0 -1.0 0.0 0.3260241562188094 0.35325602422819175 0.3207198195529989
9 769.0 0.0 -1.0 -1.0 -1.0 0.0 0.3453725475678642 0.3436645313923579 0.31096292103977785
9 770.0 0.0 -1.0 -1.0 -1.0 0.0 0.32241904013878375 0.36579566376126815 0.3117852960999481
9 771.0 0.0 -1.0 -1.0 -1.0 0.0 0.3436436052343377 0.367983652270362 0.2883727424953002
9 772.0 0.0 -1.0 -1.0 -1.0 0.0 0.38614962393842917 0.31893266119411373 0.2949177148674573
9 773.0 0.0 -1.0 -1.0 -1.0 0.0 0.3611368007569731 0.33443376340372455 0.30442943583930215
9 774.0 0.0 -1.0 -1.0 -1.0 0.0 0.32973452038367124 0.3102749119071281 0.3599905677092007
9 775.0 0.0 -1.0 -1.0 -1.0 0.0 0.32658843603562593 0.33659035300032597 0.3368212109640482
9 776.0 0.0 -1.0 -1.0 -1.0 0.0 0.33885177121915605 0.31181417304905257 0.34933405573179144
9 777.0 0.0 -1.0 -1.0 -1.0 0.0 0.38468089684352286 0.2792614198048952 0.336057683351582
9 778.0 0.0 -1.0 -1.0 -1.0 0.0 0.39592869898321253 0.2723346531803499 0.3317366478364375
9 779.0 0.0 -1.0 -1.0 -1.0 0.0 0.40311793044413363 0.26990385813590145 0.3269782114199648
9 780.0 0.0 -1.0 -1.0 -1.0 0.0 0.39592843411116185 0.28662157160147345 0.31744999428736453
9 781.0 0.0 -1.0 -1.0 -1.0 0.0 0.38469152341074087 0.2961836165939621 0.31912485999529705
9 782.0 0.0 -1.0 -1.0 -1.0 0.0 0.3560630402952502 0.2984585263008196 0.34547843340393025
9 783.0 0.0 -1.0 -1.0 -1.0 0.0 0.3557685202986313 0.2994948239493199 0.34473665575204854
9 784.0 0.0 -1.0 -1.0 -1.0 0.0 0.3699737670336764 0.30737272490028483 0.3226535080660387
9 785.0 0.0 -1.0 -1.0 -1.0 0.0 0.3643163827865784 0.30990052198743334 0.3257830952259883
9 786.0 0.0 -1.0 -1.0 -1.0 0.0 0.3910116099271291 0.30756011800834354 0.30142827206452727
9 787.0 0.0 -1.0 -1.0 -1.0 0.0 0.3812181256434647 0.32814359963551126 0.29063827472102427
9 788.0 0.0 -1.0 -1.0 -1.0 0.0 0.357372507212525 0.34260621124335827 0.3000212815441166
9 789.0 0.0 -1.0 -1.0 -1.0 0.0 0.35790915189742273 0.3291712461899541 0.3129196019126232
9 790.0 0.0 -1.0 -1.0 -1.0 0.0 0.37305501412222064 0.29956725734133394 0.3273777285364452
9 791.0 0.0 -1.0 -1.0 -1.0 0.0 0.34869403092998996 0.3171079258518031 0.3341980432182068
9 792.0 0.0 -1.0 -1.0 -1.0 0.0 0.34442641057543066 0.2874845401265962 0.3680890492979731
9 793.0 0.0 -1.0 -1.0 -1.0 0.0 0.3754617491719533 0.28437768314189804 0.34016056768614866
9 794.0 0.0 -1.0 -1.0 -1.0 0.0 0.3652896910812399 0.293120345681297 0.341589963237463
9 795.0 0.0 -1.0 -1.0 -1.0 0.0 0.34740873463571953 0.319314213268271 0.33327705209600933
9 796.0 0.0 -1.0 -1.0 -1.0 0.0 0.30585507576133675 0.34312938537221216 0.35101553886645115
9 797.0 0.0 -1.0 -1.0 -1.0 0.0 0.31457593737616657 0.33509627330165886 0.35032778932217434
9 798.0 0.0 -1.0 -1.0 -1.0 0.0 0.3449938699164333 0.32108524762475793 0.3339208824588087
9 799.0 0.0 -1.0 -1.0 -1.0 0.0 0.32564557848854625 0.31012351707492597 0.36423090443652767
9 800.0 0.0 -1.0 -1.0 -1.0 0.0 0.3327515581444962 0.3243181629895879 0.34293027886591604
9 801.0 0.0 -1.0 -1.0 -1.0 0.0 0.3355481062435789 0.3323854740348922 0.33206641972152906
9 802.0 0.0 -1.0 -1.0 -1.0 0.0 0.3331559529152628 0.31821496693973933 0.3486290801449977
9 803.0 0.0 -1.0 -1.0 -1.0 0.0 0.3451415560401678 0.32566560253385535 0.32919284142597677
9 804.0 0.0 -1.0 -1.0 -1.0 0.0 0.3417328730449158 0.31745470677165843 0.3408124201834257
9 805.0 0.0 -1.0 -1.0 -1.0 0.0 0.31894521120941277 0.3183466749484084 0.36270811384217877
9 806.0 0.0 -1.0 -1.0 -1.0 0.0 0.32893089324695923 0.3365781024826107 0.3344910042704302
9 807.0 0.0 -1.0 -1.0 -1.0 0.0 0.3181742148013998 0.3758270215738388 0.30599876362476186
9 808.0 0.0 -1.0 -1.0 -1.0 0.0 0.31786878301946425 0.3960725916224936 0.2860586253580422
9 809.0 0.0 -1.0 -1.0 -1.0 0.0 0.3110892360493477 0.38559520305773004 0.3033155608929222
9 810.0 0.0 -1.0 -1.0 -1.0 0.0 0.31438569440052233 0.37425839269230343 0.3113559129071743
9 811.0 0.0 -1.0 -1.0 -1.0 0.0 0.3297178944226281 0.35201563287007187 0.3182664727072999
9 812.0 0.0 -1.0 -1.0 -1.0 0.0 0.3216537840645642 0.3608483280725578 0.31749788786287814
9 813.0 0.0 -1.0 -1.0 -1.0 0.0 0.34692314715592426 0.3495141344751759 0.3035627183688999
9 814.0 0.0 -1.0 -1.0 -1.0 0.0 0.3325512428777359 0.35846840983348083 0.30898034728878343
9 815.0 0.0 -1.0 -1.0 -1.0 0.0 0.3415281623601608 0.3424990424045744 0.3159727952352648
9 816.0 0.0 -1.0 -1.0 -1.0 0.0 0.34284104519690556 0.3410214872239955 0.3161374675790987
9 817.0 0.0 -1.0 -1.0 -1.0 0.0 0.3302028672892655 0.3459320983669312 0.3238650343438034
9 818.0 0.0 -1.0 -1.0 -1.0 0.0 0.33237518608755034 0.3403173174114681 0.3273074965009816
9 819.0 0.0 -1.0 -1.0 -1.0 0.0 0.3449488830991934 0.32553026736877017 0.32952084953203653
9 820.0 0.0 -1.0 -1.0 -1.0 0.0 0.3736424031802338 0.32112198889799987 0.3052356079217664
9 821.0 0.0 -1.0 -1.0 -1.0 0.0 0.35161980731505954 0.332039167894545 0.31634102479039544
9 822.0 0.0 -1.0 -1.0 -1.0 0.0 0.33240050751078537 0.3380911823618851 0.3295083101273298
9 823.0 0.0 -1.0 -1.0 -1.0 0.0 0.33697968658286453 0.3288816071686506 0.334138706248485
9 824.0 0.0 -1.0 -1.0 -1.0 0.0 0.32049397779866007 0.32564957893482505 0.3538564432665148
9 825.0 0.0 -1.0 -1.0 -1.0 0.0 0.33053250455747346 0.3252487179489328 0.3442187774935935
9 826.0 0.0 -1.0 -1.0 -1.0 0.0 0.34075645398818144 0.3333379871633991 0.32590555884841954
9 827.0 0.0 -1.0 -1.0 -1.0 0.0 0.3351158905246922 0.31753490934572687 0.34734920012958115
9 828.0 0.0 -1.0 -1.0 -1.0 0.0 0.3344411541283363 0.31842886847798696 0.34712997739367635
9 829.0 0.0 -1.0 -1.0 -1.0 0.0 0.3118564472670933 0.3225387657948415 0.36560478693806514
9 830.0 0.0 -1.0 -1.0 -1.0 0.0 0.32880017179995596 0.2835833049612165 0.38761652323882734
9 831.0 0.0 -1.0 -1.0 -1.0 0.0 0.3525187739165832 0.28381345815001713 0.3636677679333995
9 832.0 0.0 -1.0 -1.0 -1.0 0.0 0.3202188203240705 0.3082145082515494 0.37156667142438055
9 833.0 0.0 -1.0 -1.0 -1.0 0.0 0.31753852476481337 0.32014716473133764 0.36231431050384905
9 834.0 0.0 -1.0 -1.0 -1.0 0.0 0.3238412341672523 0.33030928454066477 0.3458494812920829
9 835.0 0.0 -1.0 -1.0 -1.0 0.0 0.3116410074945518 0.35439680854663363 0.3339621839588147
9 836.0 0.0 -1.0 -1.0 -1.0 0.0 0.2972669660468993 0.34189326495922145 0.36083976899387915
9 837.0 0.0 -1.0 -1.0 -1.0 0.0 0.2812858512625656 0.3735726933669737 0.34514145537046076
9 838.0 0.0 -1.0 -1.0 -1.0 0.0 0.28885785032466205 0.3689031884587277 0.3422389612166102
9 839.0 0.0 -1.0 -1.0 -1.0 0.0 0.29515137580918127 0.33800161134884327 0.36684701284197535
9 840.0 0.0 -1.0 -1.0 -1.0 0.0 0.32262852155661376 0.3488451542284628 0.3285263242149233
9 841.0 0.0 -1.0 -1.0 -1.0 0.0 0.33266796599025134 0.3447761290577599 0.32255590495198855
9 842.0 0.0 -1.0 -1.0 -1.0 0.0 0.3375217599804002 0.3478562287488201 0.3146220112707796
9 843.0 0.0 -1.0 -1.0 -1.0 0.0 0.31512186414634585 0.35800271164291914 0.326875424210735
9 844.0 0.0 -1.0 -1.0 -1.0 0.0 0.32844400552991393 0.34254892169758533 0.32900707277250085
9 845.0 0.0 -1.0 -1.0 -1.0 0.0 0.30303895016356613 0.36887525620849926 0.32808579362793444
9 846.0 0.0 -1.0 -1.0 -1.0 0.0 0.2957058958851818 0.3592865120763146 0.34500759203850345
9 847.0 0.0 -1.0 -1.0 -1.0 0.0 0.30093980898639267 0.35087536696441946 0.348184824049188
9 848.0 0.0 -1.0 -1.0 -1.0 0.0 0.29593956300837804 0.3588917650871553 0.34516867190446654
9 849.0 0.0 -1.0 -1.0 -1.0 0.0 0.3230601505276418 0.33163100762408865 0.3453088418482696
9 850.0 0.0 -1.0 -1.0 -1.0 0.0 0.3116459177104767 0.34259371775329805 0.3457603645362252
9 851.0 0.0 -1.0 -1.0 -1.0 0.0 0.33501508524348017 0.3212632749979168 0.34372163975860287
9 852.0 0.0 -1.0 -1.0 -1.0 0.0 0.32312643170103306 0.3237139375288594 0.3531596307701074
9 853.0 0.0 -1.0 -1.0 -1.0 0.0 0.3363354818530372 0.3270373074493066 0.336627210697656
9 854.0 0.0 -1.0 -1.0 -1.0 0.0 0.3181183229323866 0.33007816193063333 0.35180351513698
9 855.0 0.0 -1.0 -1.0 -1.0 0.0 0.30294892538117196 0.3449073425191767 0.3521437320996514
9 856.0 0.0 -1.0 -1.0 -1.0 0.0 0.3307952776366947 0.3200854651811543 0.3491192571821511
9 857.0 0.0 -1.0 -1.0 -1.0 0.0 0.33256986977371517 0.3323314304270696 0.335098699799215
9 858.0 0.0 -1.0 -1.0 -1.0 0.0 0.3601178624915903 0.2997772267103979 0.34010491079801175
9 859.0 0.0 -1.0 -1.0 -1.0 0.0 0.3490985933609814 0.32064239397744565 0.330259012661573
9 860.0 0.0 -1.0 -1.0 -1.0 0.0 0.3484394582023119 0.3302667404029773 0.3212938013947108
9 861.0 0.0 -1.0 -1.0 -1.0 0.0 0.36542684686393556 0.3204410534154664 0.3141320997205979
9 862.0 0.0 -1.0 -1.0 -1.0 0.0 0.34093487836129843 0.3375393234548478 0.32152579818385374
9 863.0 0.0 -1.0 -1.0 -1.0 0.0 0.3484897959652551 0.3287233227046062 0.3227868813301385
9 864.0 0.0 -1.0 -1.0 -1.0 0.0 0.32877589972741367 0.37839607210023646 0.2928280281723497
9 865.0 0.0 -1.0 -1.0 -1.0 0.0 0.3299085898818281 0.36160998737676053 0.3084814227414114
9 866.0 0.0 -1.0 -1.0 -1.0 0.0 0.34331966046052365 0.3644269609048792 0.29225337863459705
9 867.0 0.0 -1.0 -1.0 -1.0 0.0 0.3401560156551431 0.3728153299356235 0.28702865440923325
9 868.0 0.0 -1.0 -1.0 -1.0 0.0 0.3226190454618856 0.38192395004215096 0.2954570044959635
9 869.0 0.0 -1.0 -1.0 -1.0 0.0 0.33073768900983397 0.36174624840892 0.30751606258124636
9 870.0 0.0 -1.0 -1.0 -1.0 0.0 0.31643917358345885 0.35757273605252016 0.3259880903640211
9 871.0 0.0 -1.0 -1.0 -1.0 0.0 0.31228659861791674 0.3532777353861174 0.3344356659959659
9 872.0 0.0 -1.0 -1.0 -1.0 0.0 0.3156596132670485 0.33796328176936963 0.34637710496358187
9 873.0 0.0 -1.0 -1.0 -1.0 0.0 0.3390664044422227 0.35601069882962294 0.3049228967281543
9 874.0 0.0 -1.0 -1.0 -1.0 0.0 0.33825695332865585 0.3517001796634062 0.3100428670079379
9 875.0 0.0 -1.0 -1.0 -1.0 0.0 0.35524501779659173 0.3437862553021542 0.30096872690125404
9 876.0 0.0 -1.0 -1.0 -1.0 0.0 0.3677924636967933 0.33524369209390686 0.2969638442092995
9 877.0 0.0 -1.0 -1.0 -1.0 0.0 0.3350444506750688 0.34693136621757753 0.3180241831073538
9 878.0 0.0 -1.0 -1.0 -1.0 0.0 0.3376280140849321 0.35746995910408075 0.30490202681098705
9 879.0 0.0 -1.0 -1.0 -1.0 0.0 0.3336554983598365 0.34930433292288754 0.31704016871727597
9 880.0 0.0 -1.0 -1.0 -1.0 0.0 0.3314951457392082 0.35086880688569494 0.3176360473750969
9 881.0 0.0 -1.0 -1.0 -1.0 0.0 0.29947984661942106 0.33983364084215056 0.36068651253842837
9 882.0 0.0 -1.0 -1.0 -1.0 0.0 0.33043511155758615 0.3156013470854019 0.35396354135701186
9 883.0 0.0 -1.0 -1.0 -1.0 0.0 0.31093318753060123 0.3214390481475185 0.3676277643218802
9 884.0 0.0 -1.0 -1.0 -1.0 0.0 0.3004631315453525 0.3247952819834199 0.37474158647122785
9 885.0 0.0 -1.0 -1.0 -1.0 0.0 0.31059580567769446 0.3596090850857835 0.329795109236522
9 886.0 0.0 -1.0 -1.0 -1.0 0.0 0.3124659911765963 0.34200799509680485 0.34552601372659875
9 887.0 0.0 -1.0 -1.0 -1.0 0.0 0.32946250407228456 0.3570236200253251 0.31351387590239044
9 888.0 0.0 -1.0 -1.0 -1.0 0.0 0.3403829798170446 0.339985872017829 0.3196311481651262
9 889.0 0.0 -1.0 -1.0 -1.0 0.0 0.33445877453165457 0.36233688213488224 0.3032043433334633
9 890.0 0.0 -1.0 -1.0 -1.0 0.0 0.3088395841126414 0.38574178604746784 0.3054186298398907
9 891.0 0.0 -1.0 -1.0 -1.0 0.0 0.3124251748654083 0.34827184261612865 0.3393029825184632
9 892.0 0.0 -1.0 -1.0 -1.0 0.0 0.3065557716858438 0.363763415591673 0.3296808127224834
9 893.0 0.0 -1.0 -1.0 -1.0 0.0 0.29345512176182026 0.3873011032409562 0.31924377499722356
9 894.0 0.0 -1.0 -1.0 -1.0 0.0 0.300346530099166 0.3857041185364384 0.3139493513643955
9 895.0 0.0 -1.0 -1.0 -1.0 0.0 0.31371266782453294 0.3607333491369211 0.3255539830385458
9 896.0 0.0 -1.0 -1.0 -1.0 0.0 0.3009158822220742 0.3592415769543583 0.3398425408235674
9 897.0 0.0 -1.0 -1.0 -1.0 0.0 0.3198730027933551 0.3437775843507627 0.33634941285588205
9 898.0 0.0 -1.0 -1.0 -1.0 0.0 0.32326129904242307 0.3377742668417264 0.33896443411585075
9 899.0 0.0 -1.0 -1.0 -1.0 0.0 0.33248028566766136 0.3430872811559631 0.32443243317637543
9 900.0 0.0 -1.0 -1.0 -1.0 0.0 0.3555285541740195 0.3137916139977546 0.33067983182822575
9 901.0 0.0 -1.0 -1.0 -1.0 0.0 0.3538130932565492 0.32886836471332304 0.3173185420301278
9 902.0 0.0 -1.0 -1.0 -1.0 0.0 0.3576238134131982 0.3300893154711386 0.31228687111566344
9 903.0 0.0 -1.0 -1.0 -1.0 0.0 0.35746250354781467 0.3310459817674837 0.31149151468470176
9 904.0 0.0 -1.0 -1.0 -1.0 0.0 0.3675346582127949 0.3426487421342477 0.2898165996529574
9 905.0 0.0 -1.0 -1.0 -1.0 0.0 0.3820853456763885 0.33963467136032655 0.2782799829632852
9 906.0 0.0 -1.0 -1.0 -1.0 0.0 0.37119728244258904 0.33609830439555305 0.29270441316185775
9 907.0 0.0 -1.0 -1.0 -1.0 0.0 0.3763230218878472 0.3278600801166408 0.29581689799551214
9 908.0 0.0 -1.0 -1.0 -1.0 0.0 0.37681292660340454 0.33824201361498923 0.28494505978160606
9 909.0 0.0 -1.0 -1.0 -1.0 0.0 0.3772344492939215 0.3175208579918044 0.30524469271427407
9 910.0 0.0 -1.0 -1.0 -1.0 0.0 0.3354490030895459 0.3468124342418611 0.31773856266859307
9 911.0 0.0 -1.0 -1.0 -1.0 0.0 0.32133611404043483 0.33071680742000176 0.34794707853956325
9 912.0 0.0 -1.0 -1.0 -1.0 0.0 0.32582702183804196 0.351513564155073 0.3226594140068848
9 913.0 0.0 -1.0 -1.0 -1.0 0.0 0.3102832571942144 0.34945227063971224 0.34026447216607353
9 914.0 0.0 -1.0 -1.0 -1.0 0.0 0.34936236045346947 0.3219852441515737 0.3286523953949568
9 915.0 0.0 -1.0 -1.0 -1.0 0.0 0.35213767760826853 0.3237337846770808 0.3241285377146506
9 916.0 0.0 -1.0 -1.0 -1.0 0.0 0.33770325253722333 0.31546522380329467 0.34683152365948167
9 917.0 0.0 -1.0 -1.0 -1.0 0.0 0.33212239008214745 0.323803887755623 0.3440737221622296
9 918.0 0.0 -1.0 -1.0 -1.0 0.0 0.3588685709823149 0.3065859041826139 0.3345455248350713
9 919.0 0.0 -1.0 -1.0 -1.0 0.0 0.34406010944411364 0.3120042892713831 0.34393560128450323
9 920.0 0.0 -1.0 -1.0 -1.0 0.0 0.31703343161687303 0.3153159280943855 0.36765064028874145
9 921.0 0.0 -1.0 -1.0 -1.0 0.0 0.3119974150351536 0.29746872644591227 0.390533858518934
9 922.0 0.0 -1.0 -1.0 -1.0 0.0 0.31867474347382546 0.32919393007662306 0.35213132644955114
9 923.0 0.0 -1.0 -1.0 -1.0 0.0 0.30999980034190344 0.33640920975151034 0.3535909899065862
9 924.0 0.0 -1.0 -1.0 -1.0 0.0 0.3115286760931826 0.338181220575451 0.35029010333136634
9 925.0 0.0 -1.0 -1.0 -1.0 0.0 0.3349607987850048 0.327789112646633 0.33725008856836214
9 926.0 0.0 -1.0 -1.0 -1.0 0.0 0.36078574751438786 0.3109670324905222 0.32824721999509004
9 927.0 0.0 -1.0 -1.0 -1.0 0.0 0.3482952860427558 0.340958509815046 0.31074620414219856
9 928.0 0.0 -1.0 -1.0 -1.0 0.0 0.3666449832114493 0.34307377357622393 0.2902812432123268
9 929.0 0.0 -1.0 -1.0 -1.0 0.0 0.3659456950528752 0.3407227809310258 0.29333152401609897
9 930.0 0.0 -1.0 -1.0 -1.0 0.0 0.3695866050353571 0.3551552349333607 0.2752581600312825
9 931.0 0.0 -1.0 -1.0 -1.0 0.0 0.348309478727706 0.35449022313883966 0.2972002981334542
9 932.0 0.0 -1.0 -1.0 -1.0 0.0 0.35693704430810647 0.3579517795554515 0.285111176136442
9 933.0 0.0 -1.0 -1.0 -1.0 0.0 0.3600831145555 0.34963488235659923 0.29028200308790075
9 934.0 0.0 -1.0 -1.0 -1.0 0.0 0.3423235112590812 0.34846741944560333 0.3092090692953154
9 935.0 0.0 -1.0 -1.0 -1.0 0.0 0.34481814740815236 0.31655467955759337 0.3386271730342541
9 936.0 0.0 -1.0 -1.0 -1.0 0.0 0.3437594586400233 0.31888600354411234 0.33735453781586444
9 937.0 0.0 -1.0 -1.0 -1.0 0.0 0.33136701369628696 0.3372147577581675 0.3314182285455455
9 938.0 0.0 -1.0 -1.0 -1.0 0.0 0.3389318514893153 0.32059144366374875 0.340476704846936
9 939.0 0.0 -1.0 -1.0 -1.0 0.0 0.327470807145083 0.3373636628969279 0.3351655299579891
9 940.0 0.0 -1.0 -1.0 -1.0 0.0 0.34031045068470883 0.33992349442186054 0.3197660548934308
9 941.0 0.0 -1.0 -1.0 -1.0 0.0 0.3488686306755545 0.32276573744308273 0.3283656318813626
9 942.0 0.0 -1.0 -1.0 -1.0 0.0 0.3524781225720369 0.32037000989189807 0.327151867536065
9 943.0 0.0 -1.0 -1.0 -1.0 0.0 0.3492012272011226 0.33791100472591185 0.31288776807296553
9 944.0 0.0 -1.0 -1.0 -1.0 0.0 0.3441493451147622 0.3426353587693994 0.31321529611583815
9 945.0 0.0 -1.0 -1.0 -1.0 0.0 0.3331838199529721 0.34692806004446597 0.31988812000256184
9 946.0 0.0 -1.0 -1.0 -1.0 0.0 0.3299417055429564 0.35248438410645183 0.31757391035059185
9 947.0 0.0 -1.0 -1.0 -1.0 0.0 0.3351777529141011 0.3579853520752348 0.3068368950106641
9 948.0 0.0 -1.0 -1.0 -1.0 0.0 0.3128583643634617 0.3626815552436733 0.3244600803928651
9 949.0 0.0 -1.0 -1.0 -1.0 0.0 0.3035758120855387 0.3415416622416293 0.35488252567283196
9 950.0 0.0 -1.0 -1.0 -1.0 0.0 0.33299367198154506 0.33778581144439945 0.3292205165740555
9 951.0 0.0 -1.0 -1.0 -1.0 0.0 0.3537276054177626 0.3159657402865851 0.3303066542956522
9 952.0 0.0 -1.0 -1.0 -1.0 0.0 0.35678026945796987 0.3057977146207642 0.33742201592126614
9 953.0 0.0 -1.0 -1.0 -1.0 0.0 0.34498775442182905 0.31004993598501857 0.3449623095931526
9 954.0 0.0 -1.0 -1.0 -1.0 0.0 0.34228582400723623 0.3119360601879777 0.34577811580478596
9 955.0 0.0 -1.0 -1.0 -1.0 0.0 0.3630916573826667 0.3155137224842251 0.3213946201331081
9 956.0 0.0 -1.0 -1.0 -1.0 0.0 0.35625297061394456 0.3127583626847103 0.33098866670134497
9 957.0 0.0 -1.0 -1.0 -1.0 0.0 0.34115296319180793 0.2986447259525934 0.36020231085559873
9 958.0 0.0 -1.0 -1.0 -1.0 0.0 0.3379590458803981 0.283554478567845 0.3784864755517566
9 959.0 0.0 -1.0 -1.0 -1.0 0.0 0.3365571877719532 0.2733025461073932 0.39014026612065394
9 960.0 0.0 -1.0 -1.0 -1.0 0.0 0.3215493863581223 0.2844555630593678 0.39399505058251016
9 961.0 0.0 -1.0 -1.0 -1.0 0.0 0.33549462625267823 0.28058425745974397 0.3839211162875778
9 962.0 0.0 -1.0 -1.0 -1.0 0.0 0.3342894729027855 0.3126485531699822 0.35306197392723226
9 963.0 0.0 -1.0 -1.0 -1.0 0.0 0.32709698494425105 0.3392442461765956 0.3336587688791534
9 964.0 0.0 -1.0 -1.0 -1.0 0.0 0.31826798930996264 0.34068702132840534 0.3410449893616322
9 965.0 0.0 -1.0 -1.0 -1.0 0.0 0.317264069335034 0.34962210625743906 0.33311382440752724
9 966.0 0.0 -1.0 -1.0 -1.0 0.0 0.33425062728422544 0.34626717478025065 0.31948219793552396
9 967.0 0.0 -1.0 -1.0 -1.0 0.0 0.3307576021912575 0.35964867593084393 0.30959372187789863
9 968.0 0.0 -1.0 -1.0 -1.0 0.0 0.3292025666649352 0.3497183678804639 0.3210790654546009
9 969.0 0.0 -1.0 -1.0 -1.0 0.0 0.3394490954835645 0.3295949030138034 0.33095600150263205
9 970.0 0.0 -1.0 -1.0 -1.0 0.0 0.345988798433545 0.3226687512551878 0.3313424503112672
9 971.0 0.0 -1.0 -1.0 -1.0 0.0 0.36290872436657096 0.32118115912200546 0.31591011651142364
9 972.0 0.0 -1.0 -1.0 -1.0 0.0 0.34435685118556875 0.33766426931009474 0.3179788795043366
9 973.0 0.0 -1.0 -1.0 -1.0 0.0 0.3299323099117195 0.3466774229674954 0.32339026712078484
9 974.0 0.0 -1.0 -1.0 -1.0 0.0 0.31985646631289505 0.3515478062278642 0.328595727459241
9 975.0 0.0 -1.0 -1.0 -1.0 0.0 0.35138279485061197 0.2963907549267806 0.3522264502226076
9 976.0 0.0 -1.0 -1.0 -1.0 0.0 0.3366003837066529 0.2878185133300747 0.3755811029632725
9 977.0 0.0 -1.0 -1.0 -1.0 0.0 0.3600601220388968 0.2943681914278759 0.3455716865332271
9 978.0 0.0 -1.0 -1.0 -1.0 0.0 0.36650051405623996 0.29262310496699145 0.34087638097676864
9 979.0 0.0 -1.0 -1.0 -1.0 0.0 0.370017188772133 0.28569605418989164 0.34428675703797523
9 980.0 0.0 -1.0 -1.0 -1.0 0.0 0.3630931917473383 0.30696610918829936 0.3299406990643626
9 981.0 0.0 -1.0 -1.0 -1.0 0.0 0.3412322247881988 0.3312170087406743 0.32755076647112685
9 982.0 0.0 -1.0 -1.0 -1.0 0.0 0.3485200716844527 0.3312448495986011 0.3202350787169461
9 983.0 0.0 -1.0 -1.0 -1.0 0.0 0.3736564989489847 0.3006317355165645 0.3257117655344508
9 984.0 0.0 -1.0 -1.0 -1.0 0.0 0.376139773818906 0.2953928467748176 0.32846737940627657
9 985.0 0.0 -1.0 -1.0 -1.0 0.0 0.3720930203436159 0.268613883979375 0.35929309567700907
9 986.0 0.0 -1.0 -1.0 -1.0 0.0 0.3531394601802556 0.28612294666317956 0.36073759315656484
9 987.0 0.0 -1.0 -1.0 -1.0 0.0 0.3367326652493142 0.3146312617309895 0.348636073019696
9 988.0 0.0 -1.0 -1.0 -1.0 0.0 0.3749903799215362 0.3197964903931426 0.30521312968532144
9 989.0 0.0 -1.0 -1.0 -1.0 0.0 0.3473888142641961 0.3217990181269195 0.3308121676088846
9 990.0 0.0 -1.0 -1.0 -1.0 0.0 0.3331356357371726 0.3215951250903801 0.34526923917244745
9 991.0 0.0 -1.0 -1.0 -1.0 0.0 0.3189130119925294 0.328665879601693 0.35242110840577745
9 992.0 0.0 -1.0 -1.0 -1.0 0.0 0.29559140861249067 0.332507344285344 0.3719012471021649
9 993.0 0.0 -1.0 -1.0 -1.0 0.0 0.30934361732750343 0.31441007127248344 0.37624631140001347
9 994.0 0.0 -1.0 -1.0 -1.0 0.0 0.3230233260055711 0.31351993940190864 0.36345673459252054
9 995.0 0.0 -1.0 -1.0 -1.0 0.0 0.32829713914596936 0.3043338408960671 0.3673690199579634
9 996.0 0.0 -1.0 -1.0 -1.0 0.0 0.3359094875033098 0.31898905390553345 0.3451014585911569
9 997.0 0.0 -1.0 -1.0 -1.0 0.0 0.34028595062283473 0.3077406825887464 0.3519733667884191
9 998.0 0.0 -1.0 -1.0 -1.0 0.0 0.3594474145875682 0.2967682676596512 0.3437843177527806
9 999.0 0.0 -1.0 -1.0 -1.0 0.0 0.3742841067361916 0.2815863279964297 0.34412956526737865
9 1000.0 0.0 -1.0 -1.0 -1.0 0.0 0.35588355673145977 0.27520778520973316 0.36890865805880696
1000000000000000000000000000000000000000000000000000000000000000000000000000000000000000000000000000
-1.0
solo con 1: -100.0
