9 0.0 4.0 -37.0 -160.0 -106.06 49.27511306609827 0.3333333333333333 0.3333333333333333 0.3333333333333333
9 1.0 4.0 -37.0 -160.0 -96.21 50.265013838271415 0.30871625470971736 0.2736953665564087 0.41758837873387405
9 2.0 4.0 -37.0 -160.0 -75.93 46.01520499692565 0.27293006107712015 0.23099433081017387 0.4960756081127058
9 3.0 66.0 -34.0 -156.0 -60.99 37.528304469608486 0.2443945581022278 0.20284811885579251 0.5527573230419794
9 4.0 66.0 -30.0 -156.0 -54.27 34.18926968532908 0.22295550769342726 0.17615802341022868 0.6008864688963443
9 5.0 4.0 -29.0 -156.0 -48.83 30.94114811161096 0.20780268913172167 0.14849033387945065 0.643706976988828
9 6.0 4.0 -29.0 -156.0 -43.67 28.01913307334505 0.18924709366501802 0.1535023245254047 0.6572505818095773
9 7.0 28.0 -27.0 -154.0 -36.86 17.148207197867954 0.17681829299868682 0.15616737066714437 0.6670143363341687
9 8.0 51.0 -26.0 -154.0 -34.45 17.112447475035786 0.17236480717720062 0.1643380515411594 0.6632971412816402
9 9.0 83.0 -24.0 -145.0 -31.39 12.042764708246269 0.1640806052053818 0.1618067427228837 0.6741126520717343
9 10.0 79.0 -24.0 -53.0 -29.01 4.0985215368323695 0.15998015323003711 0.1376010860799374 0.7024187606900257
9 11.0 92.0 -21.0 -45.0 -27.17 3.2908044517099384 0.16519298288284912 0.12955730137510954 0.7052497157420414
9 12.0 13.0 -21.0 -43.0 -25.56 3.066007834367686 0.1520772741448337 0.11894589720063582 0.728976828654531
9 13.0 85.0 -19.0 -38.0 -23.69 2.5964038844742783 0.1463881767804674 0.11899478606422846 0.734617037155304
9 14.0 5.0 -18.0 -32.0 -22.05 2.2978909961751954 0.1635607675063649 0.11225142946311223 0.7241878030305228
9 15.0 56.0 -14.0 -32.0 -20.62 2.360362923643976 0.15500501441116132 0.1050833210280485 0.7399116645607898
9 16.0 11.0 -14.0 -32.0 -19.08 2.4728015437449633 0.1439995312169514 0.10092333788476085 0.7550771308982874
9 17.0 54.0 -13.0 -32.0 -17.42 2.578778976589701 0.1379100834887753 0.10269997712864778 0.7593899393825769
9 18.0 17.0 -12.0 -31.0 -15.62 2.61996992811796 0.13606148779875296 0.09909582946577424 0.7648426827354728
9 19.0 45.0 -11.0 -30.0 -14.19 2.6080489243722407 0.1361901805147806 0.10163734295182081 0.7621724765333984
9 20.0 37.0 -10.0 -30.0 -13.14 2.4864074931962032 0.134630064932513 0.1121869811007804 0.7531829539667063
9 21.0 0.0 -10.0 -30.0 -12.08 2.6118610571426206 0.1377059765785024 0.11906999288202268 0.7432240305394751
9 22.0 48.0 -9.0 -30.0 -11.54 2.7170245163086433 0.12666828279601566 0.12872115303008308 0.7446105641739013
9 23.0 71.0 -8.0 -26.0 -10.54 2.022200022078165 0.13478673365088972 0.1304205255920541 0.7347927407570564
9 24.0 2.0 -8.0 -17.0 -9.56 1.3205447299650184 0.12867043577262577 0.12730214269990717 0.7440274215274674
9 25.0 50.0 -7.0 -15.0 -8.95 1.104398917826783 0.11725354665266347 0.12667082706669805 0.7560756262806388
9 26.0 1.0 -7.0 -12.0 -8.3 0.9587449708822049 0.12790120791030468 0.1280300723157126 0.7440687197739824
9 27.0 71.0 -6.0 -11.0 -7.67 0.8882510337679876 0.1418384385849153 0.14672100765528936 0.7114405537597959
9 28.0 73.0 -5.0 -10.0 -7.21 0.6403124237432849 0.1512578173832131 0.1877347998162556 0.6610073828005315
9 29.0 40.0 -5.0 -10.0 -6.84 0.8130252769810423 0.1582661739739402 0.18647045451349967 0.6552633715125603
9 30.0 2.0 -5.0 -8.0 -6.27 0.8628704737939837 0.16794542572123586 0.17083357782124245 0.6612209964575217
9 31.0 7.0 -4.0 -8.0 -5.58 0.9447355463436591 0.1592706910945575 0.1638680167299652 0.6768612921754773
9 32.0 32.0 -3.0 -8.0 -4.89 0.8977525248973661 0.1391320231508921 0.17273671678124766 0.6881312600678605
9 33.0 2.0 -3.0 -7.0 -4.31 0.9607972278953097 0.14980625498248665 0.18414722528213873 0.6660465197353745
9 34.0 32.0 -2.0 -7.0 -3.73 0.8859737552261323 0.1610029017661651 0.17314951142281068 0.6658475868110242
9 35.0 4.0 -2.0 -7.0 -3.31 0.9712534856222317 0.16317691583719185 0.1750049802159609 0.661818103946847
9 36.0 4.0 -1.0 -7.0 -2.7 0.9795896894087646 0.15737003253456897 0.17011055052276375 0.6725194169426676
9 37.0 4.0 -1.0 -7.0 -2.14 1.0349449797506673 0.15331488866205392 0.1637836773812402 0.682901433956706
9 38.0 0.0 -1.0 -7.0 -1.63 0.9914279060674525 0.148392063586549 0.1680043497679824 0.6836035866454684
9 39.0 0.0 -1.0 -7.0 -1.37 0.917341349506905 0.16187306417386677 0.19843675027377852 0.6396901855523545
9 40.0 0.0 -1.0 -4.0 -1.24 0.6375457995035705 0.20169051007808586 0.22488518101912514 0.5734243089027892
9 41.0 0.0 -1.0 -4.0 -1.11 0.44710064851103726 0.2332224526046634 0.2327952577202976 0.533982289675039
9 42.0 0.0 -1.0 -4.0 -1.06 0.3711842908553351 0.2610668132323523 0.2586490636125063 0.4802841231551412
9 43.0 0.0 -1.0 -4.0 -1.06 0.3711842908553351 0.25712119626158575 0.28391660102432364 0.4589622027140905
9 44.0 0.0 -1.0 -3.0 -1.03 0.22270150335361338 0.2750521630052467 0.2970892827825834 0.42785855421217006
9 45.0 0.0 -1.0 -2.0 -1.01 0.09999999999999996 0.3085064975858671 0.29960115227130846 0.39189235014282425
9 46.0 0.0 -1.0 -2.0 -1.01 0.09999999999999996 0.3091110775809473 0.3252062395957469 0.365682682823306
9 47.0 0.0 -1.0 -1.0 -1.0 0.0 0.318457065664413 0.29630700216670536 0.38523593216888163
9 48.0 0.0 -1.0 -1.0 -1.0 0.0 0.34945631113898057 0.3004533866739683 0.35009030218705106
9 49.0 0.0 -1.0 -1.0 -1.0 0.0 0.33844570795239265 0.3260624711125109 0.3354918209350963
9 50.0 0.0 -1.0 -1.0 -1.0 0.0 0.3269930623878727 0.3236552688229444 0.34935166878918317
9 51.0 0.0 -1.0 -1.0 -1.0 0.0 0.32962269026505964 0.31669153662703514 0.35368577310790544
9 52.0 0.0 -1.0 -1.0 -1.0 0.0 0.354344284371424 0.31203227856611754 0.33362343706245823
9 53.0 0.0 -1.0 -1.0 -1.0 0.0 0.3545362739864023 0.30702072667047803 0.3384429993431195
9 54.0 0.0 -1.0 -1.0 -1.0 0.0 0.33610392672158196 0.318763487581275 0.3451325856971431
9 55.0 0.0 -1.0 -1.0 -1.0 0.0 0.3613843481052498 0.30192261840391393 0.3366930334908364
9 56.0 0.0 -1.0 -1.0 -1.0 0.0 0.3329245061687727 0.3151179424217129 0.35195755140951446
9 57.0 0.0 -1.0 -1.0 -1.0 0.0 0.33465581828292396 0.3097519514609777 0.35559223025609826
9 58.0 0.0 -1.0 -1.0 -1.0 0.0 0.333120078393005 0.3270875743129073 0.33979234729408786
9 59.0 0.0 -1.0 -1.0 -1.0 0.0 0.3424485338593836 0.33295455276080316 0.3245969133798131
9 60.0 0.0 -1.0 -1.0 -1.0 0.0 0.356805038402889 0.3241385968735518 0.31905636472355925
9 61.0 0.0 -1.0 -1.0 -1.0 0.0 0.33111486775569454 0.34061106303430927 0.3282740692099963
9 62.0 0.0 -1.0 -1.0 -1.0 0.0 0.30592311918453413 0.3655822943595948 0.32849458645587115
9 63.0 0.0 -1.0 -1.0 -1.0 0.0 0.3260956136843317 0.3463184204688703 0.3275859658467982
9 64.0 0.0 -1.0 -1.0 -1.0 0.0 0.35272527563439693 0.32891868291065657 0.3183560414549467
9 65.0 0.0 -1.0 -1.0 -1.0 0.0 0.3417101242959577 0.3598473867356619 0.2984424889683804
9 66.0 0.0 -1.0 -1.0 -1.0 0.0 0.3514966754091333 0.34615428568141354 0.3023490389094533
9 67.0 0.0 -1.0 -1.0 -1.0 0.0 0.3186861852038151 0.3565308306506871 0.3247829841454978
9 68.0 0.0 -1.0 -1.0 -1.0 0.0 0.34638690133372885 0.3310454756962505 0.32256762297002056
9 69.0 0.0 -1.0 -1.0 -1.0 0.0 0.3615255750553091 0.30579768329290213 0.33267674165178873
9 70.0 0.0 -1.0 -1.0 -1.0 0.0 0.34367582401730273 0.34327988294553596 0.31304429303716125
9 71.0 0.0 -1.0 -1.0 -1.0 0.0 0.33299179364118553 0.3464706363302188 0.3205375700285956
9 72.0 0.0 -1.0 -1.0 -1.0 0.0 0.2971248698379699 0.34621334960882844 0.35666178055320186
9 73.0 0.0 -1.0 -1.0 -1.0 0.0 0.30741327299531007 0.33646585805607493 0.3561208689486151
9 74.0 0.0 -1.0 -1.0 -1.0 0.0 0.3189845487020441 0.32773256623704866 0.35328288506090716
9 75.0 0.0 -1.0 -1.0 -1.0 0.0 0.3293053338609149 0.32149343740657543 0.3492012287325097
9 76.0 0.0 -1.0 -1.0 -1.0 0.0 0.34644116754174675 0.33239215694692326 0.32116667551133
9 77.0 0.0 -1.0 -1.0 -1.0 0.0 0.35178423943124654 0.31686445661330376 0.3313513039554497
9 78.0 0.0 -1.0 -1.0 -1.0 0.0 0.3437993021199592 0.3218646405628079 0.3343360573172328
9 79.0 0.0 -1.0 -1.0 -1.0 0.0 0.3589960593363893 0.3376511979290288 0.3033527427345819
9 80.0 0.0 -1.0 -1.0 -1.0 0.0 0.33834733014467794 0.32385399911325086 0.33779867074207126
9 81.0 0.0 -1.0 -1.0 -1.0 0.0 0.32657228795594956 0.3475584138192709 0.32586929822477984
9 82.0 0.0 -1.0 -1.0 -1.0 0.0 0.3487904046114927 0.3459131649243208 0.3052964304641865
9 83.0 0.0 -1.0 -1.0 -1.0 0.0 0.37780125793809005 0.32162580051825584 0.30057294154365427
9 84.0 0.0 -1.0 -1.0 -1.0 0.0 0.33547766728738354 0.3662698143553015 0.29825251835731503
9 85.0 0.0 -1.0 -1.0 -1.0 0.0 0.33937596393799785 0.3525201519968368 0.30810388406516537
9 86.0 0.0 -1.0 -1.0 -1.0 0.0 0.3470496671952278 0.3389039228207143 0.3140464099840576
9 87.0 0.0 -1.0 -1.0 -1.0 0.0 0.31358589325964803 0.34079330253218826 0.34562080420816366
9 88.0 0.0 -1.0 -1.0 -1.0 0.0 0.3389539635969572 0.3180899584075661 0.34295607799547667
9 89.0 0.0 -1.0 -1.0 -1.0 0.0 0.33645005673632705 0.3156748416262726 0.3478751016374004
9 90.0 0.0 -1.0 -1.0 -1.0 0.0 0.33156015031254205 0.33849153823866884 0.3299483114487891
9 91.0 0.0 -1.0 -1.0 -1.0 0.0 0.33023410895274785 0.344935643934348 0.3248302471129042
9 92.0 0.0 -1.0 -1.0 -1.0 0.0 0.30669965676670996 0.34304734934284165 0.35025299389044867
9 93.0 0.0 -1.0 -1.0 -1.0 0.0 0.30798283922307296 0.3607023131824479 0.3313148475944794
9 94.0 0.0 -1.0 -1.0 -1.0 0.0 0.30571524781832793 0.37070250748570943 0.32358224469596286
9 95.0 0.0 -1.0 -1.0 -1.0 0.0 0.324897791538562 0.3313054705438063 0.3437967379176314
9 96.0 0.0 -1.0 -1.0 -1.0 0.0 0.3479483485949064 0.33175092343246243 0.32030072797263126
9 97.0 0.0 -1.0 -1.0 -1.0 0.0 0.3384290779727375 0.33365658631301387 0.3279143357142486
9 98.0 0.0 -1.0 -1.0 -1.0 0.0 0.3463850330058181 0.34205470466465854 0.31156026232952305
9 99.0 0.0 -1.0 -1.0 -1.0 0.0 0.33388553579967584 0.3543444258982962 0.3117700383020281
9 100.0 0.0 -1.0 -1.0 -1.0 0.0 0.3274412555774203 0.3468246611699864 0.32573408325259345
9 101.0 0.0 -1.0 -1.0 -1.0 0.0 0.3265492890546188 0.34587180611314183 0.3275789048322395
9 102.0 0.0 -1.0 -1.0 -1.0 0.0 0.3319667669098241 0.3396507753693338 0.3283824577208419
9 103.0 0.0 -1.0 -1.0 -1.0 0.0 0.3192062045397962 0.3280514647926708 0.3527423306675332
9 104.0 0.0 -1.0 -1.0 -1.0 0.0 0.34518697718184804 0.3067607554897369 0.348052267328415
9 105.0 0.0 -1.0 -1.0 -1.0 0.0 0.32831115825671975 0.32251393309466564 0.3491749086486147
9 106.0 0.0 -1.0 -1.0 -1.0 0.0 0.331668734819945 0.3169703879244095 0.35136087725564524
9 107.0 0.0 -1.0 -1.0 -1.0 0.0 0.32434712210500316 0.31136060082372924 0.36429227707126743
9 108.0 0.0 -1.0 -1.0 -1.0 0.0 0.3595454940747772 0.2978274559552995 0.3426270499699235
9 109.0 0.0 -1.0 -1.0 -1.0 0.0 0.37759723002666873 0.27969276786136327 0.3427100021119681
9 110.0 0.0 -1.0 -1.0 -1.0 0.0 0.3744363106702423 0.27751702517403654 0.3480466641557214
9 111.0 0.0 -1.0 -1.0 -1.0 0.0 0.3740401097517021 0.27684953749113317 0.34911035275716473
9 112.0 0.0 -1.0 -1.0 -1.0 0.0 0.3584299984092427 0.31048872256948695 0.3310812790212703
9 113.0 0.0 -1.0 -1.0 -1.0 0.0 0.381064928428126 0.3025582377088241 0.31637683386304966
9 114.0 0.0 -1.0 -1.0 -1.0 0.0 0.36727101862325645 0.314347806680774 0.31838117469596955
9 115.0 0.0 -1.0 -1.0 -1.0 0.0 0.3619143781023915 0.31927121521642204 0.3188144066811865
9 116.0 0.0 -1.0 -1.0 -1.0 0.0 0.37521473791373977 0.3247859928920557 0.2999992691942049
9 117.0 0.0 -1.0 -1.0 -1.0 0.0 0.36714891637611474 0.3277178586067627 0.3051332250171225
9 118.0 0.0 -1.0 -1.0 -1.0 0.0 0.3614071359776585 0.3515676837511733 0.2870251802711684
9 119.0 0.0 -1.0 -1.0 -1.0 0.0 0.38390602480540686 0.34368517595527626 0.2724087992393166
9 120.0 0.0 -1.0 -1.0 -1.0 0.0 0.37708449512458175 0.3441768027809685 0.27873870209444973
9 121.0 0.0 -1.0 -1.0 -1.0 0.0 0.3583812665239061 0.34329793084635113 0.29832080262974275
9 122.0 0.0 -1.0 -1.0 -1.0 0.0 0.3423674337023224 0.356039081795074 0.30159348450260365
9 123.0 0.0 -1.0 -1.0 -1.0 0.0 0.33735025666653246 0.3731090288389281 0.28954071449453955
9 124.0 0.0 -1.0 -1.0 -1.0 0.0 0.319268049095628 0.3673392095992169 0.31339274130515504
9 125.0 0.0 -1.0 -1.0 -1.0 0.0 0.33360295425868797 0.36065211313122736 0.30574493261008473
9 126.0 0.0 -1.0 -1.0 -1.0 0.0 0.3289977248358995 0.37279148077688595 0.2982107943872146
9 127.0 0.0 -1.0 -1.0 -1.0 0.0 0.3675299724467835 0.36275284326036766 0.26971718429284885
9 128.0 0.0 -1.0 -1.0 -1.0 0.0 0.3393246703734054 0.3861250944096155 0.2745502352169789
9 129.0 0.0 -1.0 -1.0 -1.0 0.0 0.38488633557689206 0.3582942670409299 0.256819397382178
9 130.0 0.0 -1.0 -1.0 -1.0 0.0 0.36779838828661426 0.3662750501410866 0.26592656157229927
9 131.0 0.0 -1.0 -1.0 -1.0 0.0 0.3500888880407317 0.3735113337590319 0.2763997782002365
9 132.0 0.0 -1.0 -1.0 -1.0 0.0 0.33093531076190535 0.37851489295126617 0.2905497962868285
9 133.0 0.0 -1.0 -1.0 -1.0 0.0 0.3613639034787737 0.3500795069423187 0.28855658957890734
9 134.0 0.0 -1.0 -1.0 -1.0 0.0 0.3567814546395907 0.3375154825050072 0.30570306285540216
9 135.0 0.0 -1.0 -1.0 -1.0 0.0 0.3321828955492234 0.3627701777939417 0.30504692665683497
9 136.0 0.0 -1.0 -1.0 -1.0 0.0 0.31223549403434225 0.3731545970846848 0.31460990888097295
9 137.0 0.0 -1.0 -1.0 -1.0 0.0 0.3228747545229881 0.35350606265804774 0.32361918281896423
9 138.0 0.0 -1.0 -1.0 -1.0 0.0 0.3154569889333865 0.33819283010332446 0.3463501809632892
9 139.0 0.0 -1.0 -1.0 -1.0 0.0 0.3340282851488298 0.3601964733428021 0.30577524150836805
9 140.0 0.0 -1.0 -1.0 -1.0 0.0 0.33588487839845627 0.34927557842424856 0.3148395431772954
9 141.0 0.0 -1.0 -1.0 -1.0 0.0 0.33022965911920077 0.35650954178636163 0.31326079909443777
9 142.0 0.0 -1.0 -1.0 -1.0 0.0 0.3067366661191875 0.3474841236252109 0.3457792102556015
9 143.0 0.0 -1.0 -1.0 -1.0 0.0 0.301465831543692 0.3516137053298662 0.3469204631264418
9 144.0 0.0 -1.0 -1.0 -1.0 0.0 0.28100210890771454 0.3498817406515224 0.3691161504407634
9 145.0 0.0 -1.0 -1.0 -1.0 0.0 0.31722475859453303 0.3391006978542861 0.34367454355118054
9 146.0 0.0 -1.0 -1.0 -1.0 0.0 0.31864966432544195 0.33167188757203475 0.3496784481025235
9 147.0 0.0 -1.0 -1.0 -1.0 0.0 0.34143421061775314 0.2977624602107254 0.3608033291715214
9 148.0 0.0 -1.0 -1.0 -1.0 0.0 0.35092999520368745 0.29200716076168254 0.3570628440346299
9 149.0 0.0 -1.0 -1.0 -1.0 0.0 0.33339997798759113 0.2998558311814786 0.3667441908309303
9 150.0 0.0 -1.0 -1.0 -1.0 0.0 0.36313528280730284 0.2868684048429594 0.349996312349738
9 151.0 0.0 -1.0 -1.0 -1.0 0.0 0.3704964448659072 0.29624689549048006 0.333256659643613
9 152.0 0.0 -1.0 -1.0 -1.0 0.0 0.3809431261488054 0.29817166504546516 0.3208852088057293
9 153.0 0.0 -1.0 -1.0 -1.0 0.0 0.3368173617151216 0.32112258626872686 0.34206005201615136
9 154.0 0.0 -1.0 -1.0 -1.0 0.0 0.33959259739201514 0.323108101320657 0.337299301287328
9 155.0 0.0 -1.0 -1.0 -1.0 0.0 0.3242666993839285 0.3312391779065106 0.3444941227095608
9 156.0 0.0 -1.0 -1.0 -1.0 0.0 0.353676364829427 0.3160202147028193 0.3303034204677537
9 157.0 0.0 -1.0 -1.0 -1.0 0.0 0.34723175999092887 0.3093664714489201 0.34340176856015114
9 158.0 0.0 -1.0 -1.0 -1.0 0.0 0.33566276404279605 0.2962930327295782 0.36804420322762565
9 159.0 0.0 -1.0 -1.0 -1.0 0.0 0.3243153565343437 0.30844618271575597 0.36723846074990035
9 160.0 0.0 -1.0 -1.0 -1.0 0.0 0.3502008471058152 0.29880924597456077 0.350989906919624
9 161.0 0.0 -1.0 -1.0 -1.0 0.0 0.3515897087524224 0.29586103777454587 0.3525492534730319
9 162.0 0.0 -1.0 -1.0 -1.0 0.0 0.3762032412409955 0.29392771542646173 0.32986904333254274
9 163.0 0.0 -1.0 -1.0 -1.0 0.0 0.3664845878803116 0.3114420018237329 0.32207341029595554
9 164.0 0.0 -1.0 -1.0 -1.0 0.0 0.35199842150058863 0.33785923559461933 0.31014234290479215
9 165.0 0.0 -1.0 -1.0 -1.0 0.0 0.37838130101543604 0.3213971829664893 0.3002215160180745
9 166.0 0.0 -1.0 -1.0 -1.0 0.0 0.34355926859417246 0.33315882568001803 0.3232819057258094
9 167.0 0.0 -1.0 -1.0 -1.0 0.0 0.3344173974489943 0.32673719343525964 0.33884540911574595
9 168.0 0.0 -1.0 -1.0 -1.0 0.0 0.3286452478654686 0.32007794108272397 0.3512768110518074
9 169.0 0.0 -1.0 -1.0 -1.0 0.0 0.3434853760256738 0.3074052686672815 0.34910935530704457
9 170.0 0.0 -1.0 -1.0 -1.0 0.0 0.3532722169499114 0.31198254440789225 0.3347452386421962
9 171.0 0.0 -1.0 -1.0 -1.0 0.0 0.3359203545839653 0.32892386358129194 0.335155781834743
9 172.0 0.0 -1.0 -1.0 -1.0 0.0 0.33692732934609393 0.3457352003651317 0.31733747028877424
9 173.0 0.0 -1.0 -1.0 -1.0 0.0 0.34595030782848185 0.34294791975373573 0.31110177241778253
9 174.0 0.0 -1.0 -1.0 -1.0 0.0 0.3333521535069478 0.3201924854758599 0.3464553610171923
9 175.0 0.0 -1.0 -1.0 -1.0 0.0 0.33297226262609486 0.3240531950511052 0.3429745423227997
9 176.0 0.0 -1.0 -1.0 -1.0 0.0 0.33156187239429313 0.3139210190565534 0.3545171085491532
9 177.0 0.0 -1.0 -1.0 -1.0 0.0 0.32522679795428777 0.34108917587161874 0.3336840261740934
9 178.0 0.0 -1.0 -1.0 -1.0 0.0 0.3338506579009087 0.32191982065222846 0.3442295214468631
9 179.0 0.0 -1.0 -1.0 -1.0 0.0 0.33101898033661814 0.30693520083811354 0.3620458188252683
9 180.0 0.0 -1.0 -1.0 -1.0 0.0 0.33446093048879677 0.3296047637385096 0.3359343057726937
9 181.0 0.0 -1.0 -1.0 -1.0 0.0 0.3165161234687257 0.3192377328529524 0.3642461436783217
9 182.0 0.0 -1.0 -1.0 -1.0 0.0 0.32312335686481203 0.3206744784798894 0.35620216465529864
9 183.0 0.0 -1.0 -1.0 -1.0 0.0 0.3165381314998684 0.33890528738791903 0.3445565811122125
9 184.0 0.0 -1.0 -1.0 -1.0 0.0 0.3230517042665786 0.3371116862738171 0.3398366094596044
9 185.0 0.0 -1.0 -1.0 -1.0 0.0 0.3212019026856624 0.3262375269831479 0.35256057033118965
9 186.0 0.0 -1.0 -1.0 -1.0 0.0 0.32677443606801615 0.33545949480359627 0.33776606912838764
9 187.0 0.0 -1.0 -1.0 -1.0 0.0 0.3487801043548874 0.3014432909305981 0.34977660471451477
9 188.0 0.0 -1.0 -1.0 -1.0 0.0 0.3419214931410752 0.3292782026440185 0.32880030421490647
9 189.0 0.0 -1.0 -1.0 -1.0 0.0 0.33973038190485916 0.3052641519145191 0.3550054661806219
9 190.0 0.0 -1.0 -1.0 -1.0 0.0 0.3282496993339523 0.30385720745386297 0.3678930932121846
9 191.0 0.0 -1.0 -1.0 -1.0 0.0 0.3501955242336035 0.3081915686783725 0.3416129070880239
9 192.0 0.0 -1.0 -1.0 -1.0 0.0 0.3446775574743319 0.3004409836634511 0.3548814588622172
9 193.0 0.0 -1.0 -1.0 -1.0 0.0 0.3760874999506853 0.31185333904501444 0.31205916100430026
9 194.0 0.0 -1.0 -1.0 -1.0 0.0 0.3713519989354358 0.3209100833096173 0.3077379177549469
9 195.0 0.0 -1.0 -1.0 -1.0 0.0 0.35869388080523046 0.32523799774522183 0.3160681214495478
9 196.0 0.0 -1.0 -1.0 -1.0 0.0 0.3573646423221954 0.32133089576196494 0.3213044619158395
9 197.0 0.0 -1.0 -1.0 -1.0 0.0 0.38778642598862456 0.2833957886078093 0.32881778540356615
9 198.0 0.0 -1.0 -1.0 -1.0 0.0 0.36115625386923533 0.30657018130506264 0.33227356482570203
9 199.0 0.0 -1.0 -1.0 -1.0 0.0 0.36352997123307346 0.34101014276928204 0.2954598859976442
9 200.0 0.0 -1.0 -1.0 -1.0 0.0 0.31778057528848197 0.3445377861242769 0.33768163858724115
9 201.0 0.0 -1.0 -1.0 -1.0 0.0 0.30692977063621696 0.3305950507109487 0.36247517865283413
9 202.0 0.0 -1.0 -1.0 -1.0 0.0 0.3058100318155033 0.3224938606306305 0.37169610755386623
9 203.0 0.0 -1.0 -1.0 -1.0 0.0 0.34255653759968296 0.3280016117242883 0.3294418506760288
9 204.0 0.0 -1.0 -1.0 -1.0 0.0 0.3276877211314984 0.34634659150012725 0.32596568736837433
9 205.0 0.0 -1.0 -1.0 -1.0 0.0 0.36395126156342605 0.34041068514269 0.2956380532938841
9 206.0 0.0 -1.0 -1.0 -1.0 0.0 0.3763675012777049 0.32539076106580295 0.29824173765649215
9 207.0 0.0 -1.0 -1.0 -1.0 0.0 0.3691240444719854 0.32726155704233045 0.30361439848568417
9 208.0 0.0 -1.0 -1.0 -1.0 0.0 0.3784418770064342 0.328536515176502 0.29302160781706377
9 209.0 0.0 -1.0 -1.0 -1.0 0.0 0.3593269578226135 0.3318090674879704 0.3088639746894161
9 210.0 0.0 -1.0 -1.0 -1.0 0.0 0.36248659220063295 0.3401910752400567 0.29732233255931045
9 211.0 0.0 -1.0 -1.0 -1.0 0.0 0.3571998469479466 0.3425588378223751 0.3002413152296781
9 212.0 0.0 -1.0 -1.0 -1.0 0.0 0.3523298420002594 0.33900680581192816 0.30866335218781255
9 213.0 0.0 -1.0 -1.0 -1.0 0.0 0.3610027597493169 0.34974844229395674 0.2892487979567264
9 214.0 0.0 -1.0 -1.0 -1.0 0.0 0.36726465320784996 0.31733568819602204 0.31539965859612823
9 215.0 0.0 -1.0 -1.0 -1.0 0.0 0.3630123723520783 0.3183979260068782 0.3185897016410436
9 216.0 0.0 -1.0 -1.0 -1.0 0.0 0.37782475141076055 0.3113103866800102 0.31086486190922913
9 217.0 0.0 -1.0 -1.0 -1.0 0.0 0.3767590366258306 0.32949225129442894 0.2937487120797403
9 218.0 0.0 -1.0 -1.0 -1.0 0.0 0.3688355045131214 0.32498676939114673 0.306177726095732
9 219.0 0.0 -1.0 -1.0 -1.0 0.0 0.33506113374560814 0.3375973221801917 0.3273415440742003
9 220.0 0.0 -1.0 -1.0 -1.0 0.0 0.3273833176755739 0.35233005602059314 0.32028662630383287
9 221.0 0.0 -1.0 -1.0 -1.0 0.0 0.33470271158983533 0.3543382989345513 0.3109589894756135
9 222.0 0.0 -1.0 -1.0 -1.0 0.0 0.31098417300278136 0.3684927732190545 0.32052305377816415
9 223.0 0.0 -1.0 -1.0 -1.0 0.0 0.3397781848190197 0.32668839730389954 0.33353341787708046
9 224.0 0.0 -1.0 -1.0 -1.0 0.0 0.3380645601926821 0.34381507781988696 0.3181203619874308
9 225.0 0.0 -1.0 -1.0 -1.0 0.0 0.3133397449736093 0.3784952440688533 0.30816501095753757
9 226.0 0.0 -1.0 -1.0 -1.0 0.0 0.3012870829186151 0.36486089222229756 0.333852024859087
9 227.0 0.0 -1.0 -1.0 -1.0 0.0 0.3356472884112564 0.34144638519813825 0.32290632639060524
9 228.0 0.0 -1.0 -1.0 -1.0 0.0 0.35273081854940186 0.33034703183611314 0.31692214961448484
9 229.0 0.0 -1.0 -1.0 -1.0 0.0 0.37518754433158724 0.30654470113188687 0.318267754536526
9 230.0 0.0 -1.0 -1.0 -1.0 0.0 0.36376349465047725 0.3131620927830592 0.32307441256646335
9 231.0 0.0 -1.0 -1.0 -1.0 0.0 0.3512249854930562 0.35260796351234525 0.29616705099459883
9 232.0 0.0 -1.0 -1.0 -1.0 0.0 0.35725840292245253 0.33246747921636355 0.31027411786118386
9 233.0 0.0 -1.0 -1.0 -1.0 0.0 0.35030590970602565 0.31760269648961087 0.33209139380436326
9 234.0 0.0 -1.0 -1.0 -1.0 0.0 0.3401261109532229 0.32693245944236443 0.3329414296044124
9 235.0 0.0 -1.0 -1.0 -1.0 0.0 0.3087040850671345 0.33565412997706867 0.35564178495579685
9 236.0 0.0 -1.0 -1.0 -1.0 0.0 0.29494767122883087 0.3176013776498786 0.38745095112129063
9 237.0 0.0 -1.0 -1.0 -1.0 0.0 0.3053343197621637 0.30846418606452647 0.3862014941733099
9 238.0 0.0 -1.0 -1.0 -1.0 0.0 0.3026792378698719 0.3094736133897337 0.3878471487403943
9 239.0 0.0 -1.0 -1.0 -1.0 0.0 0.2908568226329775 0.32247180559584365 0.38667137177117894
9 240.0 0.0 -1.0 -1.0 -1.0 0.0 0.31131955134843736 0.3246231562830228 0.3640572923685395
9 241.0 0.0 -1.0 -1.0 -1.0 0.0 0.32266560288404583 0.3183423928603647 0.3589920042555893
9 242.0 0.0 -1.0 -1.0 -1.0 0.0 0.3001939939493215 0.3279227614521878 0.3718832445984905
9 243.0 0.0 -1.0 -1.0 -1.0 0.0 0.3173734691225084 0.32048308719578406 0.36214344368170764
9 244.0 0.0 -1.0 -1.0 -1.0 0.0 0.34704206933327386 0.3129703294484217 0.33998760121830457
9 245.0 0.0 -1.0 -1.0 -1.0 0.0 0.3329610098242727 0.34040057749776914 0.32663841267795823
9 246.0 0.0 -1.0 -1.0 -1.0 0.0 0.30337910865310536 0.34804709640300374 0.34857379494389096
9 247.0 0.0 -1.0 -1.0 -1.0 0.0 0.3036083028266782 0.326870256323817 0.3695214408495043
9 248.0 0.0 -1.0 -1.0 -1.0 0.0 0.3201592631846191 0.3231891939676634 0.3566515428477174
9 249.0 0.0 -1.0 -1.0 -1.0 0.0 0.35005502471793826 0.3126136868639517 0.33733128841811016
9 250.0 0.0 -1.0 -1.0 -1.0 0.0 0.3516198808332049 0.3231480319611604 0.3252320872056349
9 251.0 0.0 -1.0 -1.0 -1.0 0.0 0.34826109001687683 0.3178764530023381 0.3338624569807851
9 252.0 0.0 -1.0 -1.0 -1.0 0.0 0.35780794852365766 0.31427484577379755 0.3279172057025448
9 253.0 0.0 -1.0 -1.0 -1.0 0.0 0.3717655060023112 0.3145388339995408 0.313695659998148
9 254.0 0.0 -1.0 -1.0 -1.0 0.0 0.3488580132582625 0.33500959022737686 0.31613239651436065
9 255.0 0.0 -1.0 -1.0 -1.0 0.0 0.3323103941274583 0.33004094470565887 0.3376486611668829
9 256.0 0.0 -1.0 -1.0 -1.0 0.0 0.3311135571002252 0.32970612035282343 0.3391803225469513
9 257.0 0.0 -1.0 -1.0 -1.0 0.0 0.3202172708719274 0.33412935253331805 0.3456533765947545
9 258.0 0.0 -1.0 -1.0 -1.0 0.0 0.3368863321986724 0.3463851340345753 0.31672853376675225
9 259.0 0.0 -1.0 -1.0 -1.0 0.0 0.33439828320495946 0.3336932299276725 0.3319084868673679
9 260.0 0.0 -1.0 -1.0 -1.0 0.0 0.3048041458414944 0.37612392616686185 0.31907192799164363
9 261.0 0.0 -1.0 -1.0 -1.0 0.0 0.3302928005800527 0.3758328895105882 0.2938743099093591
9 262.0 0.0 -1.0 -1.0 -1.0 0.0 0.3439615189801783 0.3781644006405177 0.2778740803793042
9 263.0 0.0 -1.0 -1.0 -1.0 0.0 0.32335729979199435 0.38348179949350775 0.2931609007144975
9 264.0 0.0 -1.0 -1.0 -1.0 0.0 0.3424543567010296 0.3714469963813914 0.2860986469175793
9 265.0 0.0 -1.0 -1.0 -1.0 0.0 0.3436672271660776 0.348736701664371 0.30759607116955134
9 266.0 0.0 -1.0 -1.0 -1.0 0.0 0.33997002182236236 0.353137512563384 0.30689246561425376
9 267.0 0.0 -1.0 -1.0 -1.0 0.0 0.3356826509101861 0.37256891829660566 0.2917484307932081
9 268.0 0.0 -1.0 -1.0 -1.0 0.0 0.329878069803141 0.38207782032083903 0.28804410987602014
9 269.0 0.0 -1.0 -1.0 -1.0 0.0 0.3212830625686855 0.37179403110658626 0.3069229063247282
9 270.0 0.0 -1.0 -1.0 -1.0 0.0 0.3447513346207255 0.36827363955437314 0.2869750258249015
9 271.0 0.0 -1.0 -1.0 -1.0 0.0 0.32773926704922696 0.36321001628224636 0.3090507166685268
9 272.0 0.0 -1.0 -1.0 -1.0 0.0 0.33083729861859573 0.34271735917747326 0.32644534220393095
9 273.0 0.0 -1.0 -1.0 -1.0 0.0 0.33059538461375626 0.3303991852760549 0.3390054301101887
9 274.0 0.0 -1.0 -1.0 -1.0 0.0 0.35083381724262575 0.28944915499467655 0.35971702776269787
9 275.0 0.0 -1.0 -1.0 -1.0 0.0 0.3370634062951671 0.3087973050615094 0.35413928864332356
9 276.0 0.0 -1.0 -1.0 -1.0 0.0 0.3146079206754426 0.3398781516201846 0.34551392770437256
9 277.0 0.0 -1.0 -1.0 -1.0 0.0 0.3293397365902308 0.3462441950779941 0.324416068331775
9 278.0 0.0 -1.0 -1.0 -1.0 0.0 0.337043057877214 0.35295217558578235 0.31000476653700354
9 279.0 0.0 -1.0 -1.0 -1.0 0.0 0.33832088974895086 0.34968374600547464 0.3119953642455743
9 280.0 0.0 -1.0 -1.0 -1.0 0.0 0.3139755655318001 0.34957826511066664 0.3364461693575331
9 281.0 0.0 -1.0 -1.0 -1.0 0.0 0.3211900987765485 0.3368082192053077 0.3420016820181436
9 282.0 0.0 -1.0 -1.0 -1.0 0.0 0.33310972524876553 0.32664936453868587 0.3402409102125487
9 283.0 0.0 -1.0 -1.0 -1.0 0.0 0.33573397778808933 0.3366838362227502 0.3275821859891602
9 284.0 0.0 -1.0 -1.0 -1.0 0.0 0.3136936269575018 0.36411778801570216 0.32218858502679565
9 285.0 0.0 -1.0 -1.0 -1.0 0.0 0.297312792541694 0.34141432561046814 0.36127288184783796
9 286.0 0.0 -1.0 -1.0 -1.0 0.0 0.314300936522382 0.34153121535236886 0.344167848125249
9 287.0 0.0 -1.0 -1.0 -1.0 0.0 0.32651432435059496 0.34307958343609 0.33040609221331485
9 288.0 0.0 -1.0 -1.0 -1.0 0.0 0.3125449797903479 0.3572279369646379 0.3302270832450144
9 289.0 0.0 -1.0 -1.0 -1.0 0.0 0.31793525897056574 0.3571912242493027 0.32487351678013193
9 290.0 0.0 -1.0 -1.0 -1.0 0.0 0.3121581786663725 0.36061018783209614 0.32723163350153117
9 291.0 0.0 -1.0 -1.0 -1.0 0.0 0.31163519062702294 0.3412105390975166 0.3471542702754604
9 292.0 0.0 -1.0 -1.0 -1.0 0.0 0.3224179639130939 0.3350763049692974 0.34250573111760857
9 293.0 0.0 -1.0 -1.0 -1.0 0.0 0.3318601018084897 0.3235788285757718 0.34456106961573857
9 294.0 0.0 -1.0 -1.0 -1.0 0.0 0.3512239682400922 0.30873273689551567 0.3400432948643919
9 295.0 0.0 -1.0 -1.0 -1.0 0.0 0.3490907509885981 0.29085115817384055 0.3600580908375614
9 296.0 0.0 -1.0 -1.0 -1.0 0.0 0.34445807198077266 0.29240620776173143 0.3631357202574959
9 297.0 0.0 -1.0 -1.0 -1.0 0.0 0.3289802236355704 0.2989267806018416 0.3720929957625878
9 298.0 0.0 -1.0 -1.0 -1.0 0.0 0.3288897913898068 0.301741053048025 0.3693691555621683
9 299.0 0.0 -1.0 -1.0 -1.0 0.0 0.3175189121280259 0.3179815361006421 0.36449955177133153
9 300.0 0.0 -1.0 -1.0 -1.0 0.0 0.3213280778340502 0.30977658097835187 0.36889534118759776
9 301.0 0.0 -1.0 -1.0 -1.0 0.0 0.31853440515240544 0.30761668471206954 0.37384891013552496
9 302.0 0.0 -1.0 -1.0 -1.0 0.0 0.31399765607689634 0.32869907860127534 0.3573032653218282
9 303.0 0.0 -1.0 -1.0 -1.0 0.0 0.32663110998455325 0.3187069206652615 0.35466196935018496
9 304.0 0.0 -1.0 -1.0 -1.0 0.0 0.3217241707334558 0.3464171849305455 0.3318586443359985
9 305.0 0.0 -1.0 -1.0 -1.0 0.0 0.3316568566736502 0.3352202888322456 0.33312285449410417
9 306.0 0.0 -1.0 -1.0 -1.0 0.0 0.33798511462686875 0.35950428075352003 0.30251060461961105
9 307.0 0.0 -1.0 -1.0 -1.0 0.0 0.3525786095566841 0.35752522420594124 0.28989616623737463
9 308.0 0.0 -1.0 -1.0 -1.0 0.0 0.3308199385737727 0.35874592726762367 0.3104341341586037
9 309.0 0.0 -1.0 -1.0 -1.0 0.0 0.35477757514239966 0.3444378922327818 0.3007845326248184
9 310.0 0.0 -1.0 -1.0 -1.0 0.0 0.3684013274736007 0.31791010243841994 0.3136885700879794
9 311.0 0.0 -1.0 -1.0 -1.0 0.0 0.33999206192211234 0.32922879969106567 0.3307791383868217
9 312.0 0.0 -1.0 -1.0 -1.0 0.0 0.32799068044113044 0.341684941770848 0.3303243777880216
9 313.0 0.0 -1.0 -1.0 -1.0 0.0 0.33228833876677016 0.3476664072386153 0.3200452539946147
9 314.0 0.0 -1.0 -1.0 -1.0 0.0 0.3068746497791634 0.3617671010702377 0.3313582491505991
9 315.0 0.0 -1.0 -1.0 -1.0 0.0 0.2978281923764989 0.348235506803518 0.35393630081998334
9 316.0 0.0 -1.0 -1.0 -1.0 0.0 0.3122790519851764 0.35746384100616785 0.33025710700865546
9 317.0 0.0 -1.0 -1.0 -1.0 0.0 0.3319948795239 0.34690288769403455 0.3211022327820656
9 318.0 0.0 -1.0 -1.0 -1.0 0.0 0.32406357801711544 0.34469202181177777 0.33124440017110685
9 319.0 0.0 -1.0 -1.0 -1.0 0.0 0.31180268089601404 0.34180596207774316 0.3463913570262427
9 320.0 0.0 -1.0 -1.0 -1.0 0.0 0.31320969125336995 0.347105114019354 0.3396851947272757
9 321.0 0.0 -1.0 -1.0 -1.0 0.0 0.30108739557142034 0.34944267311480304 0.34946993131377657
9 322.0 0.0 -1.0 -1.0 -1.0 0.0 0.29201410146752665 0.34560027146078776 0.36238562707168553
9 323.0 0.0 -1.0 -1.0 -1.0 0.0 0.32308983180080425 0.33051750106050265 0.34639266713869304
9 324.0 0.0 -1.0 -1.0 -1.0 0.0 0.3255891816237483 0.35441627712442636 0.31999454125182525
9 325.0 0.0 -1.0 -1.0 -1.0 0.0 0.35273637527952095 0.35359603868647516 0.2936675860340038
9 326.0 0.0 -1.0 -1.0 -1.0 0.0 0.323451545694029 0.38135336296492206 0.2951950913410491
9 327.0 0.0 -1.0 -1.0 -1.0 0.0 0.35209952346897055 0.3423569050328257 0.30554357149820366
9 328.0 0.0 -1.0 -1.0 -1.0 0.0 0.3717236389459914 0.33798390704689196 0.2902924540071165
9 329.0 0.0 -1.0 -1.0 -1.0 0.0 0.3488194895106595 0.3201577463470164 0.33102276414232407
9 330.0 0.0 -1.0 -1.0 -1.0 0.0 0.3648159636970176 0.3075874351584889 0.3275966011444937
9 331.0 0.0 -1.0 -1.0 -1.0 0.0 0.3601563509198985 0.2872923789226004 0.3525512701575011
9 332.0 0.0 -1.0 -1.0 -1.0 0.0 0.37195111290792837 0.2914607120546469 0.33658817503742455
9 333.0 0.0 -1.0 -1.0 -1.0 0.0 0.39716320359491575 0.3022571696885238 0.30057962671656063
9 334.0 0.0 -1.0 -1.0 -1.0 0.0 0.36177444523177094 0.3236658259478096 0.3145597288204194
9 335.0 0.0 -1.0 -1.0 -1.0 0.0 0.37672424827089473 0.3221932769058272 0.3010824748232778
9 336.0 0.0 -1.0 -1.0 -1.0 0.0 0.37068444901145736 0.322373302129127 0.3069422488594157
9 337.0 0.0 -1.0 -1.0 -1.0 0.0 0.3479011344062091 0.3295946679936839 0.3225041976001068
9 338.0 0.0 -1.0 -1.0 -1.0 0.0 0.33308253743557953 0.30923591324119676 0.35768154932322377
9 339.0 0.0 -1.0 -1.0 -1.0 0.0 0.32065555935344264 0.3324525777724914 0.346891862874066
9 340.0 0.0 -1.0 -1.0 -1.0 0.0 0.30817969964583175 0.34832368757963544 0.3434966127745329
9 341.0 0.0 -1.0 -1.0 -1.0 0.0 0.2929549751436154 0.38287829787051414 0.32416672698587073
9 342.0 0.0 -1.0 -1.0 -1.0 0.0 0.31933366053410894 0.37711010513126497 0.3035562343346259
9 343.0 0.0 -1.0 -1.0 -1.0 0.0 0.3224288578254729 0.37163860685523065 0.3059325353192963
9 344.0 0.0 -1.0 -1.0 -1.0 0.0 0.32473096630848597 0.3456134497855476 0.3296555839059666
9 345.0 0.0 -1.0 -1.0 -1.0 0.0 0.3280180860032261 0.3285132047335512 0.34346870926322276
9 346.0 0.0 -1.0 -1.0 -1.0 0.0 0.33025490455706985 0.3326965506829632 0.3370485447599666
9 347.0 0.0 -1.0 -1.0 -1.0 0.0 0.329222865848849 0.33975745120180123 0.3310196829493497
9 348.0 0.0 -1.0 -1.0 -1.0 0.0 0.35672306611837684 0.3237139801327897 0.31956295374883376
9 349.0 0.0 -1.0 -1.0 -1.0 0.0 0.33448508069102123 0.3429408247744859 0.322574094534493
9 350.0 0.0 -1.0 -1.0 -1.0 0.0 0.3349932369984285 0.3561384687040901 0.3088682942974815
9 351.0 0.0 -1.0 -1.0 -1.0 0.0 0.34458222747344935 0.3313610612624578 0.32405671126409297
9 352.0 0.0 -1.0 -1.0 -1.0 0.0 0.3371351992928109 0.3336170226292674 0.3292477780779213
9 353.0 0.0 -1.0 -1.0 -1.0 0.0 0.35110102181207936 0.3167808882816412 0.3321180899062794
9 354.0 0.0 -1.0 -1.0 -1.0 0.0 0.3409870352348925 0.3246524975266476 0.33436046723845986
9 355.0 0.0 -1.0 -1.0 -1.0 0.0 0.344509069803066 0.31554213538385734 0.33994879481307694
9 356.0 0.0 -1.0 -1.0 -1.0 0.0 0.3299966685352597 0.3197871943296659 0.35021613713507427
9 357.0 0.0 -1.0 -1.0 -1.0 0.0 0.3219664873153432 0.33196490862772265 0.3460686040569342
9 358.0 0.0 -1.0 -1.0 -1.0 0.0 0.3485921457229653 0.3259996596525411 0.32540819462449333
9 359.0 0.0 -1.0 -1.0 -1.0 0.0 0.33549221269000606 0.3440896393534614 0.32041814795653273
9 360.0 0.0 -1.0 -1.0 -1.0 0.0 0.331057677190213 0.34642292872619485 0.32251939408359226
9 361.0 0.0 -1.0 -1.0 -1.0 0.0 0.33692226028210215 0.3256560617196645 0.3374216779982334
9 362.0 0.0 -1.0 -1.0 -1.0 0.0 0.3465733174564297 0.33390631961006373 0.3195203629335065
9 363.0 0.0 -1.0 -1.0 -1.0 0.0 0.3240628039607405 0.334523986195376 0.34141320984388357
9 364.0 0.0 -1.0 -1.0 -1.0 0.0 0.3386797658777855 0.3292916921512316 0.33202854197098275
9 365.0 0.0 -1.0 -1.0 -1.0 0.0 0.34914731357444906 0.3309758560054108 0.3198768304201403
9 366.0 0.0 -1.0 -1.0 -1.0 0.0 0.35030903149016895 0.3269280628528916 0.3227629056569393
9 367.0 0.0 -1.0 -1.0 -1.0 0.0 0.33743561821087836 0.33350847316829146 0.3290559086208304
9 368.0 0.0 -1.0 -1.0 -1.0 0.0 0.3403269739755062 0.35215670987268344 0.3075163161518101
9 369.0 0.0 -1.0 -1.0 -1.0 0.0 0.3400205344582883 0.34100748633186917 0.3189719792098423
9 370.0 0.0 -1.0 -1.0 -1.0 0.0 0.34292698287451523 0.3276285356265812 0.3294444814989038
9 371.0 0.0 -1.0 -1.0 -1.0 0.0 0.3254453160959107 0.3149038533006871 0.35965083060340214
9 372.0 0.0 -1.0 -1.0 -1.0 0.0 0.3129586834059013 0.33684031073613946 0.3502010058579592
9 373.0 0.0 -1.0 -1.0 -1.0 0.0 0.3450942758680921 0.3156299093164425 0.33927581481546537
9 374.0 0.0 -1.0 -1.0 -1.0 0.0 0.33660768746362785 0.3180089779416804 0.3453833345946915
9 375.0 0.0 -1.0 -1.0 -1.0 0.0 0.35221102784114827 0.31743114003620365 0.3303578321226478
9 376.0 0.0 -1.0 -1.0 -1.0 0.0 0.3466515332579451 0.3360126050648101 0.3173358616772447
9 377.0 0.0 -1.0 -1.0 -1.0 0.0 0.35470726315362905 0.314319761243442 0.33097297560292893
9 378.0 0.0 -1.0 -1.0 -1.0 0.0 0.3318246547153616 0.354223261024464 0.31395208426017396
9 379.0 0.0 -1.0 -1.0 -1.0 0.0 0.3474539296012788 0.3252880405069128 0.3272580298918086
9 380.0 0.0 -1.0 -1.0 -1.0 0.0 0.33820439698363947 0.35558940183753424 0.30620620117882624
9 381.0 0.0 -1.0 -1.0 -1.0 0.0 0.33698445063941856 0.35246344773081295 0.3105521016297686
9 382.0 0.0 -1.0 -1.0 -1.0 0.0 0.3269345591808719 0.33027580325425626 0.34278963756487213
9 383.0 0.0 -1.0 -1.0 -1.0 0.0 0.35008445688468937 0.3247623699277208 0.3251531731875897
9 384.0 0.0 -1.0 -1.0 -1.0 0.0 0.3340106225551826 0.34021329075638707 0.32577608668843033
9 385.0 0.0 -1.0 -1.0 -1.0 0.0 0.3522855513994084 0.3050534351010353 0.34266101349955647
9 386.0 0.0 -1.0 -1.0 -1.0 0.0 0.3574925078296014 0.29967884711445325 0.3428286450559453
9 387.0 0.0 -1.0 -1.0 -1.0 0.0 0.34630486527473997 0.329211111021983 0.3244840237032769
9 388.0 0.0 -1.0 -1.0 -1.0 0.0 0.34988071999017395 0.3271563847932583 0.3229628952165676
9 389.0 0.0 -1.0 -1.0 -1.0 0.0 0.33660287805081557 0.3449299953291878 0.31846712661999693
9 390.0 0.0 -1.0 -1.0 -1.0 0.0 0.32378067885943407 0.3513564403766001 0.3248628807639657
9 391.0 0.0 -1.0 -1.0 -1.0 0.0 0.294964189635936 0.37365403701235606 0.33138177335170804
9 392.0 0.0 -1.0 -1.0 -1.0 0.0 0.29819583518698417 0.36405876167331136 0.33774540313970486
9 393.0 0.0 -1.0 -1.0 -1.0 0.0 0.31201871786557983 0.36248149561554227 0.3254997865188781
9 394.0 0.0 -1.0 -1.0 -1.0 0.0 0.3169033631634443 0.34901550174986995 0.33408113508668547
9 395.0 0.0 -1.0 -1.0 -1.0 0.0 0.31637165802193457 0.34283003757839176 0.3407983043996735
9 396.0 0.0 -1.0 -1.0 -1.0 0.0 0.3357660297432807 0.31002760826096215 0.3542063619957569
9 397.0 0.0 -1.0 -1.0 -1.0 0.0 0.35881845967037745 0.3336055931173542 0.3075759472122685
9 398.0 0.0 -1.0 -1.0 -1.0 0.0 0.35562968871073003 0.34245430164317203 0.3019160096460981
9 399.0 0.0 -1.0 -1.0 -1.0 0.0 0.37695927449753586 0.3201150276675346 0.3029256978349297
9 400.0 0.0 -1.0 -1.0 -1.0 0.0 0.38979420073503573 0.32214978294747665 0.28805601631748756
9 401.0 0.0 -1.0 -1.0 -1.0 0.0 0.3743797484780192 0.3406094620734343 0.28501078944854663
9 402.0 0.0 -1.0 -1.0 -1.0 0.0 0.359112923685295 0.3253269505655364 0.31556012574916864
9 403.0 0.0 -1.0 -1.0 -1.0 0.0 0.36984584245243374 0.31919517773236905 0.31095897981519743
9 404.0 0.0 -1.0 -1.0 -1.0 0.0 0.36493708652759066 0.2977055705025499 0.33735734296985953
9 405.0 0.0 -1.0 -1.0 -1.0 0.0 0.34558617953088505 0.30197821645826795 0.35243560401084706
9 406.0 0.0 -1.0 -1.0 -1.0 0.0 0.36689238961402765 0.278712285288756 0.3543953250972163
9 407.0 0.0 -1.0 -1.0 -1.0 0.0 0.3492170506160462 0.28204975436222596 0.36873319502172797
9 408.0 0.0 -1.0 -1.0 -1.0 0.0 0.3570652106660726 0.27668970820043404 0.3662450811334933
9 409.0 0.0 -1.0 -1.0 -1.0 0.0 0.3742861985955688 0.2934847506087344 0.33222905079569665
9 410.0 0.0 -1.0 -1.0 -1.0 0.0 0.36191884361755405 0.296485622878204 0.3415955335042422
9 411.0 0.0 -1.0 -1.0 -1.0 0.0 0.34554606424477996 0.29593871839709907 0.3585152173581209
9 412.0 0.0 -1.0 -1.0 -1.0 0.0 0.3446118041276139 0.2865630109746044 0.36882518489778143
9 413.0 0.0 -1.0 -1.0 -1.0 0.0 0.33821169385869815 0.296806391513869 0.36498191462743274
9 414.0 0.0 -1.0 -1.0 -1.0 0.0 0.3487480242014125 0.28723226079959624 0.36401971499899133
9 415.0 0.0 -1.0 -1.0 -1.0 0.0 0.32657469543079687 0.3084222295806079 0.36500307498859536
9 416.0 0.0 -1.0 -1.0 -1.0 0.0 0.3396147536758069 0.3000116674428095 0.3603735788813834
9 417.0 0.0 -1.0 -1.0 -1.0 0.0 0.31110790031895175 0.3199278931634268 0.36896420651762135
9 418.0 0.0 -1.0 -1.0 -1.0 0.0 0.3213752712188207 0.3191879587419877 0.35943677003919156
9 419.0 0.0 -1.0 -1.0 -1.0 0.0 0.3460069314767803 0.31272540375144375 0.34126766477177595
9 420.0 0.0 -1.0 -1.0 -1.0 0.0 0.352608174390681 0.3344649727578685 0.31292685285145055
9 421.0 0.0 -1.0 -1.0 -1.0 0.0 0.3412248415377715 0.32605596603035486 0.33271919243187353
9 422.0 0.0 -1.0 -1.0 -1.0 0.0 0.37836668944650936 0.2902748197909355 0.3313584907625553
9 423.0 0.0 -1.0 -1.0 -1.0 0.0 0.3432598990774454 0.30349741158738175 0.3532426893351726
9 424.0 0.0 -1.0 -1.0 -1.0 0.0 0.306299577722501 0.3093256474181861 0.38437477485931315
9 425.0 0.0 -1.0 -1.0 -1.0 0.0 0.3086693875643365 0.31827641880942736 0.3730541936262361
9 426.0 0.0 -1.0 -1.0 -1.0 0.0 0.2976691632736119 0.3223936139884636 0.3799372227379246
9 427.0 0.0 -1.0 -1.0 -1.0 0.0 0.2918377600211856 0.32782624953104283 0.38033599044777133
9 428.0 0.0 -1.0 -1.0 -1.0 0.0 0.27485035114048223 0.34831732959192285 0.3768323192675948
9 429.0 0.0 -1.0 -1.0 -1.0 0.0 0.2762240611534047 0.3464280741902011 0.3773478646563941
9 430.0 0.0 -1.0 -1.0 -1.0 0.0 0.283637657460634 0.36716426178845135 0.3491980807509146
9 431.0 0.0 -1.0 -1.0 -1.0 0.0 0.32960799986079187 0.3374223088910168 0.33296969124819137
9 432.0 0.0 -1.0 -1.0 -1.0 0.0 0.32380675003958637 0.3238317745328427 0.35236147542757096
9 433.0 0.0 -1.0 -1.0 -1.0 0.0 0.30938627364324595 0.34781734660807545 0.34279637974867866
9 434.0 0.0 -1.0 -1.0 -1.0 0.0 0.31168751407602824 0.3350685297943024 0.3532439561296693
9 435.0 0.0 -1.0 -1.0 -1.0 0.0 0.3409154162194671 0.32619783703381006 0.3328867467467228
9 436.0 0.0 -1.0 -1.0 -1.0 0.0 0.318437960042565 0.3150545065045764 0.36650753345285847
9 437.0 0.0 -1.0 -1.0 -1.0 0.0 0.2873954026649763 0.33924811579131275 0.37335648154371076
9 438.0 0.0 -1.0 -1.0 -1.0 0.0 0.28627845555901643 0.3472241801149294 0.366497364326054
9 439.0 0.0 -1.0 -1.0 -1.0 0.0 0.31269605613539825 0.34262356464836125 0.34468037921624073
9 440.0 0.0 -1.0 -1.0 -1.0 0.0 0.31129771104685106 0.34468292667940487 0.3440193622737441
9 441.0 0.0 -1.0 -1.0 -1.0 0.0 0.33072452253949064 0.3244008183825537 0.34487465907795567
9 442.0 0.0 -1.0 -1.0 -1.0 0.0 0.3283414546572432 0.31728454536498985 0.35437399997776675
9 443.0 0.0 -1.0 -1.0 -1.0 0.0 0.32891879821884085 0.32497620149423795 0.3461050002869211
9 444.0 0.0 -1.0 -1.0 -1.0 0.0 0.35329572767894324 0.33457783084034104 0.3121264414807157
9 445.0 0.0 -1.0 -1.0 -1.0 0.0 0.3563841097138402 0.31565327174182356 0.3279626185443362
9 446.0 0.0 -1.0 -1.0 -1.0 0.0 0.37577186249182104 0.3374861129023664 0.2867420246058124
9 447.0 0.0 -1.0 -1.0 -1.0 0.0 0.3638750151833463 0.3341657518155762 0.30195923300107763
9 448.0 0.0 -1.0 -1.0 -1.0 0.0 0.33885759640545954 0.34311010186965846 0.3180323017248819
9 449.0 0.0 -1.0 -1.0 -1.0 0.0 0.32275966263510975 0.3280567662708584 0.349183571094032
9 450.0 0.0 -1.0 -1.0 -1.0 0.0 0.33840715173495606 0.32082083383666343 0.3407720144283805
9 451.0 0.0 -1.0 -1.0 -1.0 0.0 0.35492481436354756 0.31084503902765875 0.3342301466087937
9 452.0 0.0 -1.0 -1.0 -1.0 0.0 0.3485721137314877 0.30925019373860585 0.34217769252990643
9 453.0 0.0 -1.0 -1.0 -1.0 0.0 0.3457776964001006 0.3164423513234792 0.3377799522764202
9 454.0 0.0 -1.0 -1.0 -1.0 0.0 0.3263117277062378 0.3200599453815478 0.35362832691221435
9 455.0 0.0 -1.0 -1.0 -1.0 0.0 0.3512840392359442 0.2809989743827756 0.3677169863812803
9 456.0 0.0 -1.0 -1.0 -1.0 0.0 0.36064320600276223 0.2851128833695563 0.35424391062768157
9 457.0 0.0 -1.0 -1.0 -1.0 0.0 0.3723437254122583 0.2882592743953619 0.33939700019237967
9 458.0 0.0 -1.0 -1.0 -1.0 0.0 0.3737513678683644 0.3013548914086952 0.32489374072294064
9 459.0 0.0 -1.0 -1.0 -1.0 0.0 0.38790965739206024 0.307818580285029 0.30427176232291064
9 460.0 0.0 -1.0 -1.0 -1.0 0.0 0.40461293483493393 0.27539483210259513 0.31999223306247104
9 461.0 0.0 -1.0 -1.0 -1.0 0.0 0.39300159141725083 0.2880840370388891 0.3189143715438601
9 462.0 0.0 -1.0 -1.0 -1.0 0.0 0.4084342211338409 0.2932360500852998 0.29832972878085917
9 463.0 0.0 -1.0 -1.0 -1.0 0.0 0.3704799005203316 0.30291289761969536 0.32660720185997294
9 464.0 0.0 -1.0 -1.0 -1.0 0.0 0.34291950171178237 0.3134013712488501 0.3436791270393675
9 465.0 0.0 -1.0 -1.0 -1.0 0.0 0.3445099918289759 0.2997237501142559 0.3557662580567683
9 466.0 0.0 -1.0 -1.0 -1.0 0.0 0.3592910665167427 0.31100092860305856 0.32970800488019897
9 467.0 0.0 -1.0 -1.0 -1.0 0.0 0.33880518141686056 0.3341061849592075 0.32708863362393187
9 468.0 0.0 -1.0 -1.0 -1.0 0.0 0.3010505906022307 0.36689748406626654 0.3320519253315029
9 469.0 0.0 -1.0 -1.0 -1.0 0.0 0.3048205851118498 0.31336865318479395 0.381810761703356
9 470.0 0.0 -1.0 -1.0 -1.0 0.0 0.29595950611779104 0.3165261850762615 0.38751430880594745
9 471.0 0.0 -1.0 -1.0 -1.0 0.0 0.3071049068841177 0.34472267856177774 0.34817241455410447
9 472.0 0.0 -1.0 -1.0 -1.0 0.0 0.3020729403992549 0.34182231862603774 0.3561047409747075
9 473.0 0.0 -1.0 -1.0 -1.0 0.0 0.3109288308987305 0.3510839267637742 0.3379872423374952
9 474.0 0.0 -1.0 -1.0 -1.0 0.0 0.30345135521382954 0.3508373361959758 0.3457113085901944
9 475.0 0.0 -1.0 -1.0 -1.0 0.0 0.2805689408592882 0.35952344143844633 0.35990761770226576
9 476.0 0.0 -1.0 -1.0 -1.0 0.0 0.304542744108377 0.35239139557052296 0.3430658603211001
9 477.0 0.0 -1.0 -1.0 -1.0 0.0 0.31393473414506023 0.3320541228122354 0.35401114304270415
9 478.0 0.0 -1.0 -1.0 -1.0 0.0 0.3304704817202622 0.3070624165176311 0.3624671017621068
9 479.0 0.0 -1.0 -1.0 -1.0 0.0 0.36190765100970324 0.29867472185831767 0.3394176271319791
9 480.0 0.0 -1.0 -1.0 -1.0 0.0 0.3453985617358756 0.2852835869178911 0.3693178513462334
9 481.0 0.0 -1.0 -1.0 -1.0 0.0 0.3480267530098759 0.29040190899930557 0.36157133799081853
9 482.0 0.0 -1.0 -1.0 -1.0 0.0 0.3616951729332665 0.27285571461017616 0.36544911245655726
9 483.0 0.0 -1.0 -1.0 -1.0 0.0 0.3510426308383972 0.28484602469201975 0.364111344469583
9 484.0 0.0 -1.0 -1.0 -1.0 0.0 0.34001565124925065 0.3230472419619669 0.33693710678878264
9 485.0 0.0 -1.0 -1.0 -1.0 0.0 0.32757858784096894 0.34243326760730886 0.3299881445517224
9 486.0 0.0 -1.0 -1.0 -1.0 0.0 0.32823008400876896 0.34582106551532865 0.32594885047590244
9 487.0 0.0 -1.0 -1.0 -1.0 0.0 0.3439241029029047 0.3293480846855335 0.32672781241156207
9 488.0 0.0 -1.0 -1.0 -1.0 0.0 0.34708467442378593 0.3232621234301449 0.3296532021460692
9 489.0 0.0 -1.0 -1.0 -1.0 0.0 0.337917739850285 0.3269412839827342 0.33514097616698085
9 490.0 0.0 -1.0 -1.0 -1.0 0.0 0.32290023930155853 0.36603292986402103 0.3110668308344203
9 491.0 0.0 -1.0 -1.0 -1.0 0.0 0.3110177996851701 0.3532143424801002 0.3357678578347299
9 492.0 0.0 -1.0 -1.0 -1.0 0.0 0.30201238394638574 0.35221977070122745 0.3457678453523868
9 493.0 0.0 -1.0 -1.0 -1.0 0.0 0.294530406925717 0.3813402323618586 0.32412936071242443
9 494.0 0.0 -1.0 -1.0 -1.0 0.0 0.29267698609147497 0.36074890267073384 0.3465741112377911
9 495.0 0.0 -1.0 -1.0 -1.0 0.0 0.26207070675564875 0.3665972296404816 0.37133206360386994
9 496.0 0.0 -1.0 -1.0 -1.0 0.0 0.2716358700612835 0.35679032593788607 0.37157380400083023
9 497.0 0.0 -1.0 -1.0 -1.0 0.0 0.2738921778692506 0.37854630557114555 0.3475615165596038
9 498.0 0.0 -1.0 -1.0 -1.0 0.0 0.2795176007665041 0.32965140649247465 0.39083099274102123
9 499.0 0.0 -1.0 -1.0 -1.0 0.0 0.293074613765364 0.3289134039710141 0.37801198226362215
9 500.0 0.0 -1.0 -1.0 -1.0 0.0 0.30690310081829747 0.3315647682069512 0.361532130974751
9 501.0 0.0 -1.0 -1.0 -1.0 0.0 0.3405721540193688 0.30664367029324113 0.3527841756873899
9 502.0 0.0 -1.0 -1.0 -1.0 0.0 0.34125061707677057 0.3137490820673319 0.3450003008558977
9 503.0 0.0 -1.0 -1.0 -1.0 0.0 0.3558822457982675 0.30240252863811484 0.34171522556361766
9 504.0 0.0 -1.0 -1.0 -1.0 0.0 0.3532432572733717 0.31136412476943137 0.3353926179571968
9 505.0 0.0 -1.0 -1.0 -1.0 0.0 0.3479557314073726 0.31656295035012627 0.33548131824250116
9 506.0 0.0 -1.0 -1.0 -1.0 0.0 0.33642054048021414 0.30785712846736774 0.35572233105241813
9 507.0 0.0 -1.0 -1.0 -1.0 0.0 0.3293541429280382 0.34034658161427245 0.33029927545768945
9 508.0 0.0 -1.0 -1.0 -1.0 0.0 0.33175027600955 0.31759511980841687 0.35065460418203315
9 509.0 0.0 -1.0 -1.0 -1.0 0.0 0.33454767276615366 0.3187596706606963 0.3466926565731502
9 510.0 0.0 -1.0 -1.0 -1.0 0.0 0.3347121018674189 0.3387283649050007 0.32655953322758025
9 511.0 0.0 -1.0 -1.0 -1.0 0.0 0.32215450691427927 0.3373717329783269 0.3404737601073937
9 512.0 0.0 -1.0 -1.0 -1.0 0.0 0.32709430916516735 0.34043311052095127 0.33247258031388144
9 513.0 0.0 -1.0 -1.0 -1.0 0.0 0.35220447274831473 0.32216324777851424 0.325632279473171
9 514.0 0.0 -1.0 -1.0 -1.0 0.0 0.3273713490191913 0.3488079228781647 0.32382072810264395
9 515.0 0.0 -1.0 -1.0 -1.0 0.0 0.3470190775508708 0.34441920602564813 0.30856171642348085
9 516.0 0.0 -1.0 -1.0 -1.0 0.0 0.3452412374008357 0.35148984448965315 0.303268918109511
9 517.0 0.0 -1.0 -1.0 -1.0 0.0 0.3461744139442001 0.3585658375019161 0.2952597485538838
9 518.0 0.0 -1.0 -1.0 -1.0 0.0 0.34184452329534326 0.36331339021089 0.2948420864937666
9 519.0 0.0 -1.0 -1.0 -1.0 0.0 0.3197506185820986 0.3773945997304257 0.30285478168747576
9 520.0 0.0 -1.0 -1.0 -1.0 0.0 0.33157791469378695 0.37048699501770804 0.2979350902885051
9 521.0 0.0 -1.0 -1.0 -1.0 0.0 0.32292313614984025 0.3447057737757562 0.33237109007440374
9 522.0 0.0 -1.0 -1.0 -1.0 0.0 0.31651114184299145 0.34631683997718243 0.3371720181798258
9 523.0 0.0 -1.0 -1.0 -1.0 0.0 0.3336026073608358 0.3187932819089269 0.34760411073023734
9 524.0 0.0 -1.0 -1.0 -1.0 0.0 0.34960281259950093 0.32314705229433593 0.3272501351061632
9 525.0 0.0 -1.0 -1.0 -1.0 0.0 0.36810473334880506 0.3070644051132077 0.324830861537987
9 526.0 0.0 -1.0 -1.0 -1.0 0.0 0.3658149289232199 0.2962251722717423 0.33795989880503774
9 527.0 0.0 -1.0 -1.0 -1.0 0.0 0.3770649714700549 0.2885884017309061 0.3343466267990389
9 528.0 0.0 -1.0 -1.0 -1.0 0.0 0.41031280908298 0.2880834676200351 0.3016037232969847
9 529.0 0.0 -1.0 -1.0 -1.0 0.0 0.3824045840018649 0.2948634620311625 0.32273195396697246
9 530.0 0.0 -1.0 -1.0 -1.0 0.0 0.36326463902608375 0.2916612639776151 0.3450740969963008
9 531.0 0.0 -1.0 -1.0 -1.0 0.0 0.36406596972124494 0.2846355443762047 0.3512984859025503
9 532.0 0.0 -1.0 -1.0 -1.0 0.0 0.346904230722833 0.28906976734226314 0.36402600193490386
9 533.0 0.0 -1.0 -1.0 -1.0 0.0 0.3481336610718738 0.3005023811419756 0.35136395778615054
9 534.0 0.0 -1.0 -1.0 -1.0 0.0 0.36949490108223954 0.3052374231955519 0.32526767572220877
9 535.0 0.0 -1.0 -1.0 -1.0 0.0 0.3839635842153611 0.31537706303274704 0.3006593527518919
9 536.0 0.0 -1.0 -1.0 -1.0 0.0 0.386091668729614 0.3066335510216822 0.30727478024870375
9 537.0 0.0 -1.0 -1.0 -1.0 0.0 0.34488679209964646 0.3168208753744996 0.33829233252585394
9 538.0 0.0 -1.0 -1.0 -1.0 0.0 0.3426278984835118 0.32251508827301634 0.3348570132434718
9 539.0 0.0 -1.0 -1.0 -1.0 0.0 0.3474714123549093 0.3114515773345319 0.3410770103105588
9 540.0 0.0 -1.0 -1.0 -1.0 0.0 0.3221903980350889 0.33318615619691916 0.3446234457679919
9 541.0 0.0 -1.0 -1.0 -1.0 0.0 0.325549532913532 0.32235265969497134 0.35209780739149665
9 542.0 0.0 -1.0 -1.0 -1.0 0.0 0.3196713202973393 0.34539454344574255 0.33493413625691815
9 543.0 0.0 -1.0 -1.0 -1.0 0.0 0.3234898524869584 0.3600487840077239 0.3164613635053178
9 544.0 0.0 -1.0 -1.0 -1.0 0.0 0.3391785114393462 0.32273220760291843 0.3380892809577354
9 545.0 0.0 -1.0 -1.0 -1.0 0.0 0.3263887200568893 0.32990265237087607 0.3437086275722346
9 546.0 0.0 -1.0 -1.0 -1.0 0.0 0.34115858114937736 0.3029527483475516 0.3558886705030711
9 547.0 0.0 -1.0 -1.0 -1.0 0.0 0.358397892046046 0.288720576912435 0.35288153104151904
9 548.0 0.0 -1.0 -1.0 -1.0 0.0 0.3550086128980676 0.2958756418172269 0.34911574528470546
9 549.0 0.0 -1.0 -1.0 -1.0 0.0 0.36392104789252444 0.29867930164549916 0.33739965046197634
9 550.0 0.0 -1.0 -1.0 -1.0 0.0 0.3422782850273538 0.3016921015653176 0.35602961340732864
9 551.0 0.0 -1.0 -1.0 -1.0 0.0 0.35467689170443484 0.2894274073415622 0.3558957009540032
9 552.0 0.0 -1.0 -1.0 -1.0 0.0 0.33753689522532393 0.3064453527575436 0.3560177520171326
9 553.0 0.0 -1.0 -1.0 -1.0 0.0 0.3251462607479574 0.3389508913926484 0.33590284785939395
9 554.0 0.0 -1.0 -1.0 -1.0 0.0 0.3119145275330358 0.33684838411110063 0.3512370883558635
9 555.0 0.0 -1.0 -1.0 -1.0 0.0 0.3116336002355288 0.3364055928956152 0.35196080686885617
9 556.0 0.0 -1.0 -1.0 -1.0 0.0 0.3238057084292835 0.3358503409935842 0.3403439505771326
9 557.0 0.0 -1.0 -1.0 -1.0 0.0 0.3370028146806977 0.30519651980422074 0.3578006655150816
9 558.0 0.0 -1.0 -1.0 -1.0 0.0 0.33903070710128264 0.3277741956711238 0.3331950972275935
9 559.0 0.0 -1.0 -1.0 -1.0 0.0 0.3099370022960826 0.33557684727358056 0.354486150430337
9 560.0 0.0 -1.0 -1.0 -1.0 0.0 0.2983317589056656 0.34083798013058014 0.36083026096375426
9 561.0 0.0 -1.0 -1.0 -1.0 0.0 0.3035165183130393 0.3706399260859387 0.32584355560102213
9 562.0 0.0 -1.0 -1.0 -1.0 0.0 0.30925379133709446 0.3700789014091967 0.32066730725370896
9 563.0 0.0 -1.0 -1.0 -1.0 0.0 0.33325218557112535 0.34101684232620505 0.32573097210266966
9 564.0 0.0 -1.0 -1.0 -1.0 0.0 0.30919419520892943 0.34870331256233555 0.34210249222873496
9 565.0 0.0 -1.0 -1.0 -1.0 0.0 0.3093898405192231 0.35952323117533846 0.3310869283054385
9 566.0 0.0 -1.0 -1.0 -1.0 0.0 0.3427688160413353 0.3147864169110999 0.3424447670475649
9 567.0 0.0 -1.0 -1.0 -1.0 0.0 0.34974569901825975 0.33894554510692393 0.31130875587481643
9 568.0 0.0 -1.0 -1.0 -1.0 0.0 0.317095252400538 0.34646671979338994 0.33643802780607174
9 569.0 0.0 -1.0 -1.0 -1.0 0.0 0.3319715249183189 0.3662304342231022 0.3017980408585789
9 570.0 0.0 -1.0 -1.0 -1.0 0.0 0.34325148217013735 0.3637849129221902 0.29296360490767276
9 571.0 0.0 -1.0 -1.0 -1.0 0.0 0.33058236362311655 0.3660058368443532 0.30341179953253017
9 572.0 0.0 -1.0 -1.0 -1.0 0.0 0.3330618656418395 0.35204004827563923 0.3148980860825214
9 573.0 0.0 -1.0 -1.0 -1.0 0.0 0.34777329261117634 0.34704832651947404 0.30517838086934956
9 574.0 0.0 -1.0 -1.0 -1.0 0.0 0.3434385443002777 0.3435278983074885 0.3130335573922338
9 575.0 0.0 -1.0 -1.0 -1.0 0.0 0.3417434952587801 0.3217643767268533 0.33649212801436656
9 576.0 0.0 -1.0 -1.0 -1.0 0.0 0.3098206140137507 0.341265328918405 0.34891405706784445
9 577.0 0.0 -1.0 -1.0 -1.0 0.0 0.3176295736925473 0.2945442629264782 0.38782616338097475
9 578.0 0.0 -1.0 -1.0 -1.0 0.0 0.33565151434375756 0.3066142877349271 0.3577341979213151
9 579.0 0.0 -1.0 -1.0 -1.0 0.0 0.35586487086659413 0.2961533273853489 0.34798180174805715
9 580.0 0.0 -1.0 -1.0 -1.0 0.0 0.35705300499250714 0.3255446798212738 0.31740231518621914
9 581.0 0.0 -1.0 -1.0 -1.0 0.0 0.3873545274762334 0.30445559119120585 0.3081898813325605
9 582.0 0.0 -1.0 -1.0 -1.0 0.0 0.3758020796898757 0.2968938686066168 0.3273040517035075
9 583.0 0.0 -1.0 -1.0 -1.0 0.0 0.3423425590113679 0.31076709736837804 0.346890343620254
9 584.0 0.0 -1.0 -1.0 -1.0 0.0 0.31052231976168876 0.32807197850488246 0.3614057017334289
9 585.0 0.0 -1.0 -1.0 -1.0 0.0 0.29137647746674955 0.3526019765559291 0.35602154597732116
9 586.0 0.0 -1.0 -1.0 -1.0 0.0 0.2654773103225527 0.36889311520765183 0.3656295744697956
9 587.0 0.0 -1.0 -1.0 -1.0 0.0 0.29136361169212976 0.3508625656602577 0.3577738226476122
9 588.0 0.0 -1.0 -1.0 -1.0 0.0 0.3029383446505025 0.3163496259402347 0.3807120294092629
9 589.0 0.0 -1.0 -1.0 -1.0 0.0 0.30335082088179705 0.3082037052801242 0.38844547383807865
9 590.0 0.0 -1.0 -1.0 -1.0 0.0 0.30561296750503725 0.3012339631792167 0.39315306931574595
9 591.0 0.0 -1.0 -1.0 -1.0 0.0 0.2856042907117045 0.2947566548561305 0.41963905443216487
9 592.0 0.0 -1.0 -1.0 -1.0 0.0 0.3193843599850168 0.2803162064107773 0.40029943360420595
9 593.0 0.0 -1.0 -1.0 -1.0 0.0 0.33184608275024596 0.2929362982892952 0.37521761896045897
9 594.0 0.0 -1.0 -1.0 -1.0 0.0 0.3134312135922412 0.3117885731485804 0.37478021325917843
9 595.0 0.0 -1.0 -1.0 -1.0 0.0 0.32320565238227594 0.3190742714419288 0.3577200761757949
9 596.0 0.0 -1.0 -1.0 -1.0 0.0 0.3113764606426874 0.3438446163298191 0.34477892302749324
9 597.0 0.0 -1.0 -1.0 -1.0 0.0 0.3319515705953735 0.3425362822000663 0.3255121472045602
9 598.0 0.0 -1.0 -1.0 -1.0 0.0 0.3349305871091818 0.3358119107978639 0.32925750209295446
9 599.0 0.0 -1.0 -1.0 -1.0 0.0 0.33804500896962053 0.3400229960217194 0.32193199500866015
9 600.0 0.0 -1.0 -1.0 -1.0 0.0 0.34139119452332695 0.35932756047123493 0.2992812450054383
9 601.0 0.0 -1.0 -1.0 -1.0 0.0 0.31808894904165286 0.37914461931585486 0.3027664316424923
9 602.0 0.0 -1.0 -1.0 -1.0 0.0 0.32623520043402765 0.3687901519380086 0.3049746476279638
9 603.0 0.0 -1.0 -1.0 -1.0 0.0 0.3260483541541869 0.38659354102565685 0.2873581048201565
9 604.0 0.0 -1.0 -1.0 -1.0 0.0 0.3074599586033107 0.3987872564244212 0.29375278497226803
9 605.0 0.0 -1.0 -1.0 -1.0 0.0 0.2906832891387616 0.3842990792052323 0.3250176316560063
9 606.0 0.0 -1.0 -1.0 -1.0 0.0 0.33405486407207235 0.35587781255925727 0.3100673233686705
9 607.0 0.0 -1.0 -1.0 -1.0 0.0 0.36868842078652136 0.33479800517906727 0.29651357403441164
9 608.0 0.0 -1.0 -1.0 -1.0 0.0 0.34937554110737223 0.3633383036592314 0.2872861552333967
9 609.0 0.0 -1.0 -1.0 -1.0 0.0 0.3312701795310001 0.36820405008666 0.3005257703823399
9 610.0 0.0 -1.0 -1.0 -1.0 0.0 0.30619830341030857 0.39112320883188134 0.3026784877578104
9 611.0 0.0 -1.0 -1.0 -1.0 0.0 0.30001286377863 0.3893354462826203 0.31065168993874975
9 612.0 0.0 -1.0 -1.0 -1.0 0.0 0.3171002448227164 0.38295110235971946 0.29994865281756394
9 613.0 0.0 -1.0 -1.0 -1.0 0.0 0.2978744210505684 0.36609800626467587 0.3360275726847559
9 614.0 0.0 -1.0 -1.0 -1.0 0.0 0.28218224320793217 0.37218267730962545 0.3456350794824424
9 615.0 0.0 -1.0 -1.0 -1.0 0.0 0.3002446523236138 0.36634295756450597 0.3334123901118803
9 616.0 0.0 -1.0 -1.0 -1.0 0.0 0.2898073820111499 0.3727888915944749 0.3374037263943754
9 617.0 0.0 -1.0 -1.0 -1.0 0.0 0.303536224631485 0.35622115283253064 0.34024262253598436
9 618.0 0.0 -1.0 -1.0 -1.0 0.0 0.294433387064217 0.3597457852287756 0.3458208277070075
9 619.0 0.0 -1.0 -1.0 -1.0 0.0 0.3079578862559549 0.34446547231118174 0.3475766414328633
9 620.0 0.0 -1.0 -1.0 -1.0 0.0 0.3183725773085398 0.3601943188302111 0.32143310386124946
9 621.0 0.0 -1.0 -1.0 -1.0 0.0 0.32090865394273393 0.3484099363071939 0.3306814097500723
9 622.0 0.0 -1.0 -1.0 -1.0 0.0 0.3563785507151244 0.314555846122583 0.3290656031622924
9 623.0 0.0 -1.0 -1.0 -1.0 0.0 0.32094750601599775 0.3159240731174317 0.36312842086657054
9 624.0 0.0 -1.0 -1.0 -1.0 0.0 0.30767824741605154 0.31587550645627027 0.3764462461276781
9 625.0 0.0 -1.0 -1.0 -1.0 0.0 0.3212038134606604 0.34929761050297187 0.32949857603636784
9 626.0 0.0 -1.0 -1.0 -1.0 0.0 0.35541812128806244 0.3229183039983817 0.32166357471355617
9 627.0 0.0 -1.0 -1.0 -1.0 0.0 0.3617605307514794 0.3242287322342058 0.31401073701431487
9 628.0 0.0 -1.0 -1.0 -1.0 0.0 0.3474107926054769 0.3317897437119002 0.3207994636826227
9 629.0 0.0 -1.0 -1.0 -1.0 0.0 0.33593038303350453 0.3449036563848611 0.31916596058163427
9 630.0 0.0 -1.0 -1.0 -1.0 0.0 0.3429081598554925 0.3428884556361978 0.3142033845083096
9 631.0 0.0 -1.0 -1.0 -1.0 0.0 0.34250739518201995 0.3516815563042471 0.30581104851373303
9 632.0 0.0 -1.0 -1.0 -1.0 0.0 0.34512445123413515 0.33271948633510073 0.32215606243076406
9 633.0 0.0 -1.0 -1.0 -1.0 0.0 0.33108161588038165 0.3419441856711304 0.32697419844848774
9 634.0 0.0 -1.0 -1.0 -1.0 0.0 0.32687768462162015 0.3493024484382379 0.32381986694014225
9 635.0 0.0 -1.0 -1.0 -1.0 0.0 0.318627175151169 0.33298090026804233 0.3483919245807886
9 636.0 0.0 -1.0 -1.0 -1.0 0.0 0.31643689131398345 0.32308305332791526 0.36048005535810146
9 637.0 0.0 -1.0 -1.0 -1.0 0.0 0.3362402951654515 0.3184985603230608 0.3452611445114876
9 638.0 0.0 -1.0 -1.0 -1.0 0.0 0.31390279141138816 0.3380883366157628 0.34800887197284924
9 639.0 0.0 -1.0 -1.0 -1.0 0.0 0.31255638703067423 0.3299865276183066 0.35745708535101917
9 640.0 0.0 -1.0 -1.0 -1.0 0.0 0.2818502371960055 0.36547061317588586 0.35267914962810837
9 641.0 0.0 -1.0 -1.0 -1.0 0.0 0.2589974297974493 0.3788741113366994 0.3621284588658512
9 642.0 0.0 -1.0 -1.0 -1.0 0.0 0.26476969929043237 0.3626459877342772 0.3725843129752905
9 643.0 0.0 -1.0 -1.0 -1.0 0.0 0.2811359089825691 0.3617709571195046 0.35709313389792624
9 644.0 0.0 -1.0 -1.0 -1.0 0.0 0.2927092280711408 0.38159696624527634 0.3256938056835827
9 645.0 0.0 -1.0 -1.0 -1.0 0.0 0.2903402904503485 0.36107001374977715 0.3485896957998743
9 646.0 0.0 -1.0 -1.0 -1.0 0.0 0.2855688615484646 0.34896755994678486 0.3654635785047504
9 647.0 0.0 -1.0 -1.0 -1.0 0.0 0.3073362879635308 0.34618558990117704 0.3464781221352925
9 648.0 0.0 -1.0 -1.0 -1.0 0.0 0.3111641631477952 0.3387536111743048 0.3500822256778999
9 649.0 0.0 -1.0 -1.0 -1.0 0.0 0.3042162455506408 0.3466081117663724 0.3491756426829869
9 650.0 0.0 -1.0 -1.0 -1.0 0.0 0.300045061695702 0.33352090286208574 0.3664340354422123
9 651.0 0.0 -1.0 -1.0 -1.0 0.0 0.3164281172031869 0.3397654118257439 0.3438064709710693
9 652.0 0.0 -1.0 -1.0 -1.0 0.0 0.3326410026872726 0.3376204270055912 0.32973857030713616
9 653.0 0.0 -1.0 -1.0 -1.0 0.0 0.3494190150884521 0.3357609901472419 0.3148199947643061
9 654.0 0.0 -1.0 -1.0 -1.0 0.0 0.36407912731691416 0.32976682479348923 0.3061540478895965
9 655.0 0.0 -1.0 -1.0 -1.0 0.0 0.3510687016328367 0.3512077142990395 0.2977235840681236
9 656.0 0.0 -1.0 -1.0 -1.0 0.0 0.37556642189608397 0.3151561885387617 0.3092773895651543
9 657.0 0.0 -1.0 -1.0 -1.0 0.0 0.3850727041971306 0.3106403583660143 0.3042869374368552
9 658.0 0.0 -1.0 -1.0 -1.0 0.0 0.3896822966936644 0.3153857430782419 0.2949319602280937
9 659.0 0.0 -1.0 -1.0 -1.0 0.0 0.36602491872727994 0.3230331220469435 0.31094195922577655
9 660.0 0.0 -1.0 -1.0 -1.0 0.0 0.3589570246929688 0.3156962007563127 0.3253467745507186
9 661.0 0.0 -1.0 -1.0 -1.0 0.0 0.35811817133038043 0.3229474417411313 0.31893438692848813
9 662.0 0.0 -1.0 -1.0 -1.0 0.0 0.36454706026859546 0.3043445361475249 0.33110840358387983
9 663.0 0.0 -1.0 -1.0 -1.0 0.0 0.35302340904455276 0.2819990039733963 0.36497758698205096
9 664.0 0.0 -1.0 -1.0 -1.0 0.0 0.33871488193836 0.2987054327551132 0.36257968530652684
9 665.0 0.0 -1.0 -1.0 -1.0 0.0 0.3453135897040303 0.30186520806244743 0.35282120223352237
9 666.0 0.0 -1.0 -1.0 -1.0 0.0 0.3236754636414886 0.35103809569512073 0.32528644066339046
9 667.0 0.0 -1.0 -1.0 -1.0 0.0 0.3069916011207559 0.3792998397403328 0.3137085591389117
9 668.0 0.0 -1.0 -1.0 -1.0 0.0 0.30301575068506564 0.35656446767068994 0.3404197816442443
9 669.0 0.0 -1.0 -1.0 -1.0 0.0 0.3024026472932458 0.3403665095903664 0.3572308431163879
9 670.0 0.0 -1.0 -1.0 -1.0 0.0 0.3244406072350178 0.31156452508123367 0.36399486768374856
9 671.0 0.0 -1.0 -1.0 -1.0 0.0 0.31938970785447174 0.32026526750012996 0.36034502464539836
9 672.0 0.0 -1.0 -1.0 -1.0 0.0 0.3173231716138678 0.32586532651917754 0.3568115018669548
9 673.0 0.0 -1.0 -1.0 -1.0 0.0 0.32842633136246213 0.3186004273523296 0.35297324128520835
9 674.0 0.0 -1.0 -1.0 -1.0 0.0 0.3651468958669931 0.3273934199895308 0.30745968414347585
9 675.0 0.0 -1.0 -1.0 -1.0 0.0 0.3452087272127291 0.3043405816397116 0.35045069114755917
9 676.0 0.0 -1.0 -1.0 -1.0 0.0 0.3612666281670807 0.28599691615480294 0.3527364556781161
9 677.0 0.0 -1.0 -1.0 -1.0 0.0 0.3612119121106516 0.29408282656260293 0.3447052613267457
9 678.0 0.0 -1.0 -1.0 -1.0 0.0 0.34340023298095673 0.2981454206415345 0.3584543463775085
9 679.0 0.0 -1.0 -1.0 -1.0 0.0 0.31938345907504184 0.3140417630389613 0.3665747778859969
9 680.0 0.0 -1.0 -1.0 -1.0 0.0 0.3298168419925641 0.3323367618658369 0.33784639614159917
9 681.0 0.0 -1.0 -1.0 -1.0 0.0 0.34986811669065376 0.30177051168566665 0.34836137162367975
9 682.0 0.0 -1.0 -1.0 -1.0 0.0 0.3478960277659571 0.30978093214772146 0.34232304008632136
9 683.0 0.0 -1.0 -1.0 -1.0 0.0 0.3288178030724124 0.30366647598435537 0.3675157209432323
9 684.0 0.0 -1.0 -1.0 -1.0 0.0 0.33392608527971523 0.32368244721018213 0.3423914675101028
9 685.0 0.0 -1.0 -1.0 -1.0 0.0 0.33533031759283133 0.3203726802029228 0.3442970022042459
9 686.0 0.0 -1.0 -1.0 -1.0 0.0 0.34823513705396253 0.32655574545660576 0.32520911748943193
9 687.0 0.0 -1.0 -1.0 -1.0 0.0 0.35037285520880845 0.32254091907488863 0.32708622571630286
9 688.0 0.0 -1.0 -1.0 -1.0 0.0 0.33980378900783487 0.338673160937384 0.3215230500547812
9 689.0 0.0 -1.0 -1.0 -1.0 0.0 0.35952189226219183 0.3307988341535056 0.3096792735843026
9 690.0 0.0 -1.0 -1.0 -1.0 0.0 0.35910700663801154 0.3388576459850864 0.3020353473769021
9 691.0 0.0 -1.0 -1.0 -1.0 0.0 0.34344380255790513 0.32657372626702275 0.3299824711750722
9 692.0 0.0 -1.0 -1.0 -1.0 0.0 0.34373254639123807 0.3362625855416089 0.32000486806715306
9 693.0 0.0 -1.0 -1.0 -1.0 0.0 0.3244163578445151 0.35545339795445097 0.3201302442010339
9 694.0 0.0 -1.0 -1.0 -1.0 0.0 0.328621944388338 0.34262323403648076 0.3287548215751814
9 695.0 0.0 -1.0 -1.0 -1.0 0.0 0.33319576414798063 0.3284565865988293 0.33834764925319033
9 696.0 0.0 -1.0 -1.0 -1.0 0.0 0.33315147258208405 0.33329877374008243 0.3335497536778335
9 697.0 0.0 -1.0 -1.0 -1.0 0.0 0.3584180537481554 0.3452097210081552 0.2963722252436896
9 698.0 0.0 -1.0 -1.0 -1.0 0.0 0.3410102286392502 0.3361760825931261 0.32281368876762356
9 699.0 0.0 -1.0 -1.0 -1.0 0.0 0.32568859580082976 0.3403508375405895 0.3339605666585809
9 700.0 0.0 -1.0 -1.0 -1.0 0.0 0.33293262922205713 0.3280954394564442 0.3389719313214984
9 701.0 0.0 -1.0 -1.0 -1.0 0.0 0.3306053751264564 0.35029243334732035 0.3191021915262231
9 702.0 0.0 -1.0 -1.0 -1.0 0.0 0.3550231947160711 0.315137264697693 0.32983954058623577
9 703.0 0.0 -1.0 -1.0 -1.0 0.0 0.3502145329332105 0.3228901898638763 0.32689527720291345
9 704.0 0.0 -1.0 -1.0 -1.0 0.0 0.3735860073085276 0.3149186441724797 0.3114953485189927
9 705.0 0.0 -1.0 -1.0 -1.0 0.0 0.361058830846683 0.31299046048359036 0.32595070866972686
9 706.0 0.0 -1.0 -1.0 -1.0 0.0 0.3591480811914201 0.2944756663970119 0.3463762524115679
9 707.0 0.0 -1.0 -1.0 -1.0 0.0 0.3557021428672196 0.2946469103058943 0.34965094682688624
9 708.0 0.0 -1.0 -1.0 -1.0 0.0 0.34929876820401545 0.3093789597308815 0.34132227206510324
9 709.0 0.0 -1.0 -1.0 -1.0 0.0 0.3292326914228125 0.3239177866195959 0.34684952195759167
9 710.0 0.0 -1.0 -1.0 -1.0 0.0 0.32485860329252375 0.3432239583380216 0.3319174383694547
9 711.0 0.0 -1.0 -1.0 -1.0 0.0 0.3016764547618624 0.36620954034231123 0.3321140048958262
9 712.0 0.0 -1.0 -1.0 -1.0 0.0 0.29857431015952124 0.35445325564856295 0.3469724341919156
9 713.0 0.0 -1.0 -1.0 -1.0 0.0 0.30041856530146893 0.3557687455845986 0.34381268911393237
9 714.0 0.0 -1.0 -1.0 -1.0 0.0 0.3036795415279777 0.3388092134041012 0.35751124506792126
9 715.0 0.0 -1.0 -1.0 -1.0 0.0 0.302370823120493 0.3439588122800562 0.3536703645994509
9 716.0 0.0 -1.0 -1.0 -1.0 0.0 0.3293833877771056 0.33268354427376745 0.33793306794912703
9 717.0 0.0 -1.0 -1.0 -1.0 0.0 0.3386551157631553 0.3202986108507965 0.34104627338604815
9 718.0 0.0 -1.0 -1.0 -1.0 0.0 0.37889230385460415 0.2896535566583692 0.33145413948702684
9 719.0 0.0 -1.0 -1.0 -1.0 0.0 0.3683294663937736 0.3237176104988535 0.30795292310737304
9 720.0 0.0 -1.0 -1.0 -1.0 0.0 0.35133345331898946 0.34001568157228834 0.30865086510872236
9 721.0 0.0 -1.0 -1.0 -1.0 0.0 0.36233954572811977 0.33283065201272954 0.3048298022591508
9 722.0 0.0 -1.0 -1.0 -1.0 0.0 0.38220380477976634 0.31958476738921326 0.29821142783102017
9 723.0 0.0 -1.0 -1.0 -1.0 0.0 0.3948496039638576 0.3246078737674647 0.28054252226867776
9 724.0 0.0 -1.0 -1.0 -1.0 0.0 0.43952428298766644 0.30527731199384767 0.2551984050184859
9 725.0 0.0 -1.0 -1.0 -1.0 0.0 0.40184131589023275 0.3211286317140905 0.2770300523956768
9 726.0 0.0 -1.0 -1.0 -1.0 0.0 0.38681663796090904 0.33160226017033395 0.281581101868757
9 727.0 0.0 -1.0 -1.0 -1.0 0.0 0.3530302000230739 0.36771573957986 0.27925406039706613
9 728.0 0.0 -1.0 -1.0 -1.0 0.0 0.3547824057218812 0.3427431778875549 0.3024744163905641
9 729.0 0.0 -1.0 -1.0 -1.0 0.0 0.3754859600510385 0.3007724045377637 0.3237416354111975
9 730.0 0.0 -1.0 -1.0 -1.0 0.0 0.3687562556459341 0.33127997322562197 0.29996377112844363
9 731.0 0.0 -1.0 -1.0 -1.0 0.0 0.3650156078961384 0.3091893934490523 0.32579499865480943
9 732.0 0.0 -1.0 -1.0 -1.0 0.0 0.3591259290456905 0.30564835224206427 0.33522571871224505
9 733.0 0.0 -1.0 -1.0 -1.0 0.0 0.36802744511237395 0.2991766887620491 0.332795866125577
9 734.0 0.0 -1.0 -1.0 -1.0 0.0 0.37023793602559407 0.2963732971838872 0.33338876679051865
9 735.0 0.0 -1.0 -1.0 -1.0 0.0 0.3683223283682153 0.3270192026984789 0.30465846893330556
9 736.0 0.0 -1.0 -1.0 -1.0 0.0 0.35231193031118435 0.31133604162208056 0.33635202806673525
9 737.0 0.0 -1.0 -1.0 -1.0 0.0 0.3227936718347818 0.32426749765429697 0.35293883051092156
9 738.0 0.0 -1.0 -1.0 -1.0 0.0 0.3185974924214104 0.3261384697439309 0.35526403783465865
9 739.0 0.0 -1.0 -1.0 -1.0 0.0 0.30243816124143635 0.3241638357892397 0.373398002969324
9 740.0 0.0 -1.0 -1.0 -1.0 0.0 0.27901188685659933 0.34781723266520387 0.3731708804781966
9 741.0 0.0 -1.0 -1.0 -1.0 0.0 0.26081019050680987 0.35124121965537497 0.3879485898378151
9 742.0 0.0 -1.0 -1.0 -1.0 0.0 0.2934442871492877 0.35183728460195324 0.3547184282487592
9 743.0 0.0 -1.0 -1.0 -1.0 0.0 0.3096121276513211 0.350411477005485 0.33997639534319396
9 744.0 0.0 -1.0 -1.0 -1.0 0.0 0.29498678461205396 0.36664363261299804 0.3383695827749479
9 745.0 0.0 -1.0 -1.0 -1.0 0.0 0.32088431582101223 0.34532483710292405 0.33379084707606377
9 746.0 0.0 -1.0 -1.0 -1.0 0.0 0.3388422217254902 0.3261964879241488 0.33496129035036093
9 747.0 0.0 -1.0 -1.0 -1.0 0.0 0.3538289675643854 0.3555830505788953 0.29058798185671947
9 748.0 0.0 -1.0 -1.0 -1.0 0.0 0.3405932839127442 0.3513441226888841 0.3080625933983716
9 749.0 0.0 -1.0 -1.0 -1.0 0.0 0.3392447570356398 0.35111228971492137 0.309642953249439
9 750.0 0.0 -1.0 -1.0 -1.0 0.0 0.31938242838758396 0.3558914586305365 0.3247261129818796
9 751.0 0.0 -1.0 -1.0 -1.0 0.0 0.31948849352946307 0.35017467980294437 0.33033682666759256
9 752.0 0.0 -1.0 -1.0 -1.0 0.0 0.3536244139226271 0.3539646446043367 0.29241094147303626
9 753.0 0.0 -1.0 -1.0 -1.0 0.0 0.32760412216664164 0.3711121194066625 0.30128375842669575
9 754.0 0.0 -1.0 -1.0 -1.0 0.0 0.3422271769466081 0.34150358964953975 0.316269233403852
9 755.0 0.0 -1.0 -1.0 -1.0 0.0 0.3327470666158868 0.35366746563638995 0.31358546774772317
9 756.0 0.0 -1.0 -1.0 -1.0 0.0 0.32349074157043617 0.35356612675534577 0.32294313167421795
9 757.0 0.0 -1.0 -1.0 -1.0 0.0 0.3254437615119722 0.3433498954917232 0.3312063429963045
9 758.0 0.0 -1.0 -1.0 -1.0 0.0 0.3322811135277217 0.34270220621393643 0.3250166802583417
9 759.0 0.0 -1.0 -1.0 -1.0 0.0 0.3362763157052634 0.3586131553559118 0.30511052893882484
9 760.0 0.0 -1.0 -1.0 -1.0 0.0 0.3246991496807874 0.35540133570388244 0.3198995146153301
9 761.0 0.0 -1.0 -1.0 -1.0 0.0 0.3406327894620007 0.3332503443621486 0.32611686617585073
9 762.0 0.0 -1.0 -1.0 -1.0 0.0 0.33149235231062285 0.34933400729239816 0.31917364039697904
9 763.0 0.0 -1.0 -1.0 -1.0 0.0 0.3359759156415016 0.36013068345863075 0.3038934008998676
9 764.0 0.0 -1.0 -1.0 -1.0 0.0 0.3379979966003402 0.33216909812141765 0.3298329052782424
9 765.0 0.0 -1.0 -1.0 -1.0 0.0 0.3344436039973596 0.34050297667970075 0.32505341932294
9 766.0 0.0 -1.0 -1.0 -1.0 0.0 0.30019124318416784 0.372358925352992 0.32744983146284
9 767.0 0.0 -1.0 -1.0 -1.0 0.0 0.29254044235764126 0.3774801813840196 0.32997937625833906
9 768.0 0.0 -1.0 -1.0 -1.0 0.0 0.2917726239387292 0.3904088742334107 0.31781850182786026
9 769.0 0.0 -1.0 -1.0 -1.0 0.0 0.30332000376520163 0.40509258247343694 0.29158741376136144
9 770.0 0.0 -1.0 -1.0 -1.0 0.0 0.32555835292094537 0.40189904829859097 0.27254259878046366
9 771.0 0.0 -1.0 -1.0 -1.0 0.0 0.30654331443393856 0.4080740825234429 0.2853826030426184
9 772.0 0.0 -1.0 -1.0 -1.0 0.0 0.29940129599403603 0.40391614370041123 0.2966825603055527
9 773.0 0.0 -1.0 -1.0 -1.0 0.0 0.2864149110610629 0.38581225883489784 0.32777283010403935
9 774.0 0.0 -1.0 -1.0 -1.0 0.0 0.2960897639842823 0.3693957627908658 0.33451447322485195
9 775.0 0.0 -1.0 -1.0 -1.0 0.0 0.30967763884990557 0.33917231338799153 0.35115004776210307
9 776.0 0.0 -1.0 -1.0 -1.0 0.0 0.33308675178728175 0.30917879490849015 0.3577344533042286
9 777.0 0.0 -1.0 -1.0 -1.0 0.0 0.3247353716563014 0.2974296821510585 0.37783494619264013
9 778.0 0.0 -1.0 -1.0 -1.0 0.0 0.3181568196558746 0.3176551616709781 0.3641880186731472
9 779.0 0.0 -1.0 -1.0 -1.0 0.0 0.2812973567728454 0.3428301406175444 0.37587250260961014
9 780.0 0.0 -1.0 -1.0 -1.0 0.0 0.30999623044608043 0.32375788260600996 0.3662458869479092
9 781.0 0.0 -1.0 -1.0 -1.0 0.0 0.3143933314841896 0.3367781752736533 0.34882849324215726
9 782.0 0.0 -1.0 -1.0 -1.0 0.0 0.33268666557142723 0.3214798420730213 0.34583349235555133
9 783.0 0.0 -1.0 -1.0 -1.0 0.0 0.3353128106818882 0.33045641554674626 0.33423077377136584
9 784.0 0.0 -1.0 -1.0 -1.0 0.0 0.3162223139721285 0.3292584715190866 0.35451921450878465
9 785.0 0.0 -1.0 -1.0 -1.0 0.0 0.32784813951314207 0.3491002761478817 0.32305158433897646
9 786.0 0.0 -1.0 -1.0 -1.0 0.0 0.3436086726917074 0.31172830037469473 0.3446630269335976
9 787.0 0.0 -1.0 -1.0 -1.0 0.0 0.3438641921551653 0.30042511493618085 0.35571069290865365
9 788.0 0.0 -1.0 -1.0 -1.0 0.0 0.36151392335900817 0.30304489373137666 0.3354411829096152
9 789.0 0.0 -1.0 -1.0 -1.0 0.0 0.3723562790647293 0.278341149528903 0.3493025714063681
9 790.0 0.0 -1.0 -1.0 -1.0 0.0 0.356430965697422 0.2952618776589089 0.34830715664366957
9 791.0 0.0 -1.0 -1.0 -1.0 0.0 0.35980352976744756 0.3071480577325542 0.3330484124999982
9 792.0 0.0 -1.0 -1.0 -1.0 0.0 0.35535909775075714 0.31680384603475875 0.32783705621448406
9 793.0 0.0 -1.0 -1.0 -1.0 0.0 0.34139564834827046 0.3045109225821667 0.3540934290695627
9 794.0 0.0 -1.0 -1.0 -1.0 0.0 0.3473113759618772 0.305435303496965 0.347253320541158
9 795.0 0.0 -1.0 -1.0 -1.0 0.0 0.34399958741754694 0.311095503251006 0.34490490933144713
9 796.0 0.0 -1.0 -1.0 -1.0 0.0 0.3529878304847675 0.32029614644654636 0.3267160230686861
9 797.0 0.0 -1.0 -1.0 -1.0 0.0 0.37199404708114836 0.3201452585037004 0.3078606944151512
9 798.0 0.0 -1.0 -1.0 -1.0 0.0 0.38613898805230756 0.2948761636309574 0.31898484831673507
9 799.0 0.0 -1.0 -1.0 -1.0 0.0 0.3539517136535872 0.28444149085242226 0.36160679549399044
9 800.0 0.0 -1.0 -1.0 -1.0 0.0 0.3538315469229164 0.27899164564840684 0.36717680742867687
9 801.0 0.0 -1.0 -1.0 -1.0 0.0 0.3748479434088619 0.29308171362134966 0.3320703429697883
9 802.0 0.0 -1.0 -1.0 -1.0 0.0 0.3483694012384126 0.32243370210110933 0.3291968966604783
9 803.0 0.0 -1.0 -1.0 -1.0 0.0 0.35695179943049005 0.34576966077506777 0.29727853979444235
9 804.0 0.0 -1.0 -1.0 -1.0 0.0 0.32574612089036975 0.33386882642447996 0.34038505268514996
9 805.0 0.0 -1.0 -1.0 -1.0 0.0 0.31401189643495525 0.336670373022142 0.34931773054290266
9 806.0 0.0 -1.0 -1.0 -1.0 0.0 0.31788058074891373 0.33548111244795414 0.3466383068031322
9 807.0 0.0 -1.0 -1.0 -1.0 0.0 0.31979353533608174 0.3336410669210559 0.34656539774286266
9 808.0 0.0 -1.0 -1.0 -1.0 0.0 0.3252016933095209 0.31549260854713795 0.3593056981433409
9 809.0 0.0 -1.0 -1.0 -1.0 0.0 0.31881487002620207 0.3227458365541745 0.3584392934196232
9 810.0 0.0 -1.0 -1.0 -1.0 0.0 0.31135694090012145 0.32185492953057315 0.3667881295693053
9 811.0 0.0 -1.0 -1.0 -1.0 0.0 0.29873583071599824 0.3271863923364422 0.37407777694755945
9 812.0 0.0 -1.0 -1.0 -1.0 0.0 0.3020806380108241 0.34548739207933976 0.3524319699098363
9 813.0 0.0 -1.0 -1.0 -1.0 0.0 0.2963364214125951 0.3589378626011483 0.3447257159862565
9 814.0 0.0 -1.0 -1.0 -1.0 0.0 0.2957726471189705 0.34265304767542465 0.36157430520560474
9 815.0 0.0 -1.0 -1.0 -1.0 0.0 0.31325152126417216 0.3340084823942965 0.35273999634153147
9 816.0 0.0 -1.0 -1.0 -1.0 0.0 0.3258474224548717 0.31318209102286443 0.3609704865222637
9 817.0 0.0 -1.0 -1.0 -1.0 0.0 0.3098317879558446 0.3284385065721772 0.36172970547197814
9 818.0 0.0 -1.0 -1.0 -1.0 0.0 0.3384100918355811 0.32213656446065847 0.33945334370376046
9 819.0 0.0 -1.0 -1.0 -1.0 0.0 0.3230191358435481 0.33252727763041023 0.34445358652604163
9 820.0 0.0 -1.0 -1.0 -1.0 0.0 0.3131501185201324 0.3501433478288651 0.33670653365100267
9 821.0 0.0 -1.0 -1.0 -1.0 0.0 0.32150476253249827 0.33731777044030475 0.3411774670271969
9 822.0 0.0 -1.0 -1.0 -1.0 0.0 0.33465196968195343 0.3351784649366404 0.3301695653814061
9 823.0 0.0 -1.0 -1.0 -1.0 0.0 0.30914039718776604 0.3429003596321104 0.34795924318012333
9 824.0 0.0 -1.0 -1.0 -1.0 0.0 0.3065549620746917 0.32545838787236037 0.36798665005294806
9 825.0 0.0 -1.0 -1.0 -1.0 0.0 0.31183008169834797 0.33399683930058627 0.3541730790010655
9 826.0 0.0 -1.0 -1.0 -1.0 0.0 0.31673746772986683 0.3467459162444363 0.33651661602569677
9 827.0 0.0 -1.0 -1.0 -1.0 0.0 0.3658670617331206 0.2993966048298313 0.3347363334370483
9 828.0 0.0 -1.0 -1.0 -1.0 0.0 0.3805087735860727 0.30099457104802957 0.3184966553658979
9 829.0 0.0 -1.0 -1.0 -1.0 0.0 0.36691808884976573 0.3150942682573392 0.3179876428928952
9 830.0 0.0 -1.0 -1.0 -1.0 0.0 0.36549469413277824 0.31037951559866983 0.32412579026855176
9 831.0 0.0 -1.0 -1.0 -1.0 0.0 0.3473802891546999 0.34401612037954415 0.3086035904657562
9 832.0 0.0 -1.0 -1.0 -1.0 0.0 0.3385217471917628 0.3381222065815994 0.3233560462266379
9 833.0 0.0 -1.0 -1.0 -1.0 0.0 0.36199131751411007 0.31760126966949337 0.3204074128163967
9 834.0 0.0 -1.0 -1.0 -1.0 0.0 0.3838525160485564 0.3119447568616156 0.30420272708982804
9 835.0 0.0 -1.0 -1.0 -1.0 0.0 0.3902162781693891 0.3312849705867857 0.2784987512438252
9 836.0 0.0 -1.0 -1.0 -1.0 0.0 0.39190629354013323 0.30559446146533814 0.3024992449945286
9 837.0 0.0 -1.0 -1.0 -1.0 0.0 0.3713981688212398 0.32192425902040517 0.3066775721583549
9 838.0 0.0 -1.0 -1.0 -1.0 0.0 0.37347754276290734 0.3078014410146928 0.31872101622239984
9 839.0 0.0 -1.0 -1.0 -1.0 0.0 0.35624771042525244 0.3142944616578095 0.3294578279169382
9 840.0 0.0 -1.0 -1.0 -1.0 0.0 0.3811977148019496 0.29937570689051024 0.31942657830754034
9 841.0 0.0 -1.0 -1.0 -1.0 0.0 0.38315970574353786 0.30063328485164514 0.3162070094048169
9 842.0 0.0 -1.0 -1.0 -1.0 0.0 0.38340127544987823 0.30732502360054714 0.3092737009495748
9 843.0 0.0 -1.0 -1.0 -1.0 0.0 0.3902809170656061 0.32319302621988166 0.2865260567145124
9 844.0 0.0 -1.0 -1.0 -1.0 0.0 0.359375509042412 0.33023432036137323 0.3103901705962147
9 845.0 0.0 -1.0 -1.0 -1.0 0.0 0.35969705243326244 0.3206476705690949 0.3196552769976427
9 846.0 0.0 -1.0 -1.0 -1.0 0.0 0.3566043013887228 0.31731981382394897 0.3260758847873283
9 847.0 0.0 -1.0 -1.0 -1.0 0.0 0.325962404470727 0.3462170953434414 0.32782050018583175
9 848.0 0.0 -1.0 -1.0 -1.0 0.0 0.34923981759981176 0.35774233896868846 0.29301784343149956
9 849.0 0.0 -1.0 -1.0 -1.0 0.0 0.33917436996520756 0.35415326866519975 0.3066723613695924
9 850.0 0.0 -1.0 -1.0 -1.0 0.0 0.3389889591737021 0.35208590342164764 0.3089251374046502
9 851.0 0.0 -1.0 -1.0 -1.0 0.0 0.323595244465566 0.3426461401666823 0.33375861536775164
9 852.0 0.0 -1.0 -1.0 -1.0 0.0 0.3300174941658765 0.32815097610956273 0.34183152972456093
9 853.0 0.0 -1.0 -1.0 -1.0 0.0 0.3483294594136867 0.33049931028194707 0.32117123030436645
9 854.0 0.0 -1.0 -1.0 -1.0 0.0 0.326045810599607 0.34767652469133736 0.326277664709056
9 855.0 0.0 -1.0 -1.0 -1.0 0.0 0.34953670802911907 0.3644025348082555 0.28606075716262525
9 856.0 0.0 -1.0 -1.0 -1.0 0.0 0.3266541231321965 0.35609708538365986 0.31724879148414376
9 857.0 0.0 -1.0 -1.0 -1.0 0.0 0.33734616667227435 0.333094985117137 0.3295588482105887
9 858.0 0.0 -1.0 -1.0 -1.0 0.0 0.3159977190545495 0.3436319679082584 0.34037031303719223
9 859.0 0.0 -1.0 -1.0 -1.0 0.0 0.3508705155562136 0.3174202962931607 0.3317091881506256
9 860.0 0.0 -1.0 -1.0 -1.0 0.0 0.3443488933408437 0.34945737018869716 0.3061937364704593
9 861.0 0.0 -1.0 -1.0 -1.0 0.0 0.3309825504791518 0.33267888910401866 0.33633856041682964
9 862.0 0.0 -1.0 -1.0 -1.0 0.0 0.3350334800158884 0.33455538683531877 0.3304111331487929
9 863.0 0.0 -1.0 -1.0 -1.0 0.0 0.34404457085027323 0.31372213721455183 0.34223329193517493
9 864.0 0.0 -1.0 -1.0 -1.0 0.0 0.3518619893251074 0.30450227085753445 0.3436357398173582
9 865.0 0.0 -1.0 -1.0 -1.0 0.0 0.3802582067077166 0.3012103040278635 0.3185314892644199
9 866.0 0.0 -1.0 -1.0 -1.0 0.0 0.3516597324888442 0.3111162649678144 0.3372240025433414
9 867.0 0.0 -1.0 -1.0 -1.0 0.0 0.3472777559652224 0.326923771220616 0.3257984728141615
9 868.0 0.0 -1.0 -1.0 -1.0 0.0 0.32424253157547467 0.33501774519954786 0.3407397232249776
9 869.0 0.0 -1.0 -1.0 -1.0 0.0 0.3144160925050252 0.3389208700312103 0.3466630374637644
9 870.0 0.0 -1.0 -1.0 -1.0 0.0 0.32623767370616397 0.3294479377388912 0.34431438855494484
9 871.0 0.0 -1.0 -1.0 -1.0 0.0 0.32942390027483026 0.3322704232084147 0.33830567651675486
9 872.0 0.0 -1.0 -1.0 -1.0 0.0 0.31807722902610874 0.320002133519286 0.3619206374546052
9 873.0 0.0 -1.0 -1.0 -1.0 0.0 0.34611717689129795 0.2905826235170009 0.36330019959170123
9 874.0 0.0 -1.0 -1.0 -1.0 0.0 0.34012096086270105 0.28499133679933847 0.37488770233796037
9 875.0 0.0 -1.0 -1.0 -1.0 0.0 0.3389416838009556 0.3039970623995586 0.3570612537994859
9 876.0 0.0 -1.0 -1.0 -1.0 0.0 0.32157401936395985 0.30305339971248463 0.37537258092355563
9 877.0 0.0 -1.0 -1.0 -1.0 0.0 0.30528633145192907 0.32922684138175795 0.3654868271663127
9 878.0 0.0 -1.0 -1.0 -1.0 0.0 0.300169095474973 0.33054356818221575 0.36928733634281125
9 879.0 0.0 -1.0 -1.0 -1.0 0.0 0.3167366799673935 0.31978536078194275 0.3634779592506635
9 880.0 0.0 -1.0 -1.0 -1.0 0.0 0.30564175801244564 0.3317520682658893 0.3626061737216649
9 881.0 0.0 -1.0 -1.0 -1.0 0.0 0.31566650437710164 0.3384680472970206 0.34586544832587746
9 882.0 0.0 -1.0 -1.0 -1.0 0.0 0.3124924305045913 0.32467502537444337 0.3628325441209651
9 883.0 0.0 -1.0 -1.0 -1.0 0.0 0.31256759619837093 0.30943274397507053 0.37799965982655864
9 884.0 0.0 -1.0 -1.0 -1.0 0.0 0.3092611568037482 0.3071666598126556 0.383572183383596
9 885.0 0.0 -1.0 -1.0 -1.0 0.0 0.33395349736236896 0.2870440939746027 0.37900240866302815
9 886.0 0.0 -1.0 -1.0 -1.0 0.0 0.30919399456811303 0.29455521783764416 0.39625078759424265
9 887.0 0.0 -1.0 -1.0 -1.0 0.0 0.28526584948100836 0.30127525713916703 0.41345889337982444
9 888.0 0.0 -1.0 -1.0 -1.0 0.0 0.30320554022537183 0.29011202868405 0.4066824310905783
9 889.0 0.0 -1.0 -1.0 -1.0 0.0 0.27887104950774044 0.31651406945987004 0.40461488103238935
9 890.0 0.0 -1.0 -1.0 -1.0 0.0 0.3138052974750066 0.30351890738174164 0.38267579514325156
9 891.0 0.0 -1.0 -1.0 -1.0 0.0 0.34405478283654634 0.2642835419421299 0.3916616752213238
9 892.0 0.0 -1.0 -1.0 -1.0 0.0 0.34922193620813696 0.2777749673440477 0.37300309644781543
9 893.0 0.0 -1.0 -1.0 -1.0 0.0 0.3456980497254628 0.2886876681342146 0.3656142821403224
9 894.0 0.0 -1.0 -1.0 -1.0 0.0 0.33464670238758437 0.3051662673100611 0.36018703030235444
9 895.0 0.0 -1.0 -1.0 -1.0 0.0 0.3204565700793703 0.3399424989276614 0.3396009309929686
9 896.0 0.0 -1.0 -1.0 -1.0 0.0 0.34730900705608536 0.3092457134395735 0.3434452795043409
9 897.0 0.0 -1.0 -1.0 -1.0 0.0 0.3581213552216272 0.2949920407332272 0.3468866040451457
9 898.0 0.0 -1.0 -1.0 -1.0 0.0 0.3392942834423909 0.29208905079514647 0.36861666576246266
9 899.0 0.0 -1.0 -1.0 -1.0 0.0 0.3476390951836557 0.3003815605929751 0.3519793442233692
9 900.0 0.0 -1.0 -1.0 -1.0 0.0 0.36540877118152537 0.2898534677652562 0.3447377610532186
9 901.0 0.0 -1.0 -1.0 -1.0 0.0 0.3708475750923798 0.31484420960732007 0.3143082153003003
9 902.0 0.0 -1.0 -1.0 -1.0 0.0 0.37915538513181923 0.33203892816911257 0.2888056866990683
9 903.0 0.0 -1.0 -1.0 -1.0 0.0 0.351811014625645 0.31567013526572857 0.3325188501086264
9 904.0 0.0 -1.0 -1.0 -1.0 0.0 0.3576404970683398 0.3308478109452206 0.3115116919864396
9 905.0 0.0 -1.0 -1.0 -1.0 0.0 0.3482776449737829 0.3223902794072386 0.32933207561897854
9 906.0 0.0 -1.0 -1.0 -1.0 0.0 0.3370987455480359 0.3389363844419186 0.32396487001004554
9 907.0 0.0 -1.0 -1.0 -1.0 0.0 0.3339345378067592 0.33707717833303796 0.3289882838602029
9 908.0 0.0 -1.0 -1.0 -1.0 0.0 0.33458309707167727 0.31228632105866 0.3531305818696628
9 909.0 0.0 -1.0 -1.0 -1.0 0.0 0.3503286715042884 0.3199794695338293 0.32969185896188213
9 910.0 0.0 -1.0 -1.0 -1.0 0.0 0.3376088045961091 0.3267770141540776 0.33561418124981335
9 911.0 0.0 -1.0 -1.0 -1.0 0.0 0.3338854417032257 0.29771340191210455 0.36840115638466986
9 912.0 0.0 -1.0 -1.0 -1.0 0.0 0.34359368001793916 0.3102172212451741 0.3461890987368868
9 913.0 0.0 -1.0 -1.0 -1.0 0.0 0.33478133316123426 0.29488862370531843 0.3703300431334474
9 914.0 0.0 -1.0 -1.0 -1.0 0.0 0.3440781911090439 0.31112305741374463 0.3447987514772116
9 915.0 0.0 -1.0 -1.0 -1.0 0.0 0.3366649032217215 0.3053106223854801 0.3580244743927986
9 916.0 0.0 -1.0 -1.0 -1.0 0.0 0.3304490816214948 0.293488944680694 0.37606197369781147
9 917.0 0.0 -1.0 -1.0 -1.0 0.0 0.31809047763577847 0.3191128372419917 0.36279668512222984
9 918.0 0.0 -1.0 -1.0 -1.0 0.0 0.35395493227080527 0.3057554510459451 0.3402896166832495
9 919.0 0.0 -1.0 -1.0 -1.0 0.0 0.3399148966140976 0.32563489384884403 0.3344502095370586
9 920.0 0.0 -1.0 -1.0 -1.0 0.0 0.32741033018013127 0.3420186966009118 0.3305709732189567
9 921.0 0.0 -1.0 -1.0 -1.0 0.0 0.3614978093709818 0.3446460217699549 0.29385616885906324
9 922.0 0.0 -1.0 -1.0 -1.0 0.0 0.3540083500473928 0.3595401024091145 0.28645154754349267
9 923.0 0.0 -1.0 -1.0 -1.0 0.0 0.35723262022528596 0.3529107581565586 0.28985662161815584
9 924.0 0.0 -1.0 -1.0 -1.0 0.0 0.3312562832304367 0.36612667156956824 0.302617045199995
9 925.0 0.0 -1.0 -1.0 -1.0 0.0 0.33157407048616966 0.363956305654096 0.30446962385973453
9 926.0 0.0 -1.0 -1.0 -1.0 0.0 0.3273749967999607 0.33644804857910066 0.3361769546209385
9 927.0 0.0 -1.0 -1.0 -1.0 0.0 0.3016568864399486 0.3434393693385118 0.35490374422153936
9 928.0 0.0 -1.0 -1.0 -1.0 0.0 0.3199660257192404 0.33891473257118576 0.34111924170957386
9 929.0 0.0 -1.0 -1.0 -1.0 0.0 0.30107280276799764 0.3267400010362587 0.3721871961957438
9 930.0 0.0 -1.0 -1.0 -1.0 0.0 0.3084432852461389 0.3028640407921277 0.3886926739617333
9 931.0 0.0 -1.0 -1.0 -1.0 0.0 0.29464234524133404 0.31412102207477693 0.39123663268388903
9 932.0 0.0 -1.0 -1.0 -1.0 0.0 0.30257003273661015 0.31504939037895296 0.38238057688443683
9 933.0 0.0 -1.0 -1.0 -1.0 0.0 0.29965198778044544 0.31414141608111157 0.3862065961384429
9 934.0 0.0 -1.0 -1.0 -1.0 0.0 0.31515539412921467 0.34130854819478584 0.34353605767599943
9 935.0 0.0 -1.0 -1.0 -1.0 0.0 0.31115646160438715 0.35258151997147347 0.3362620184241394
9 936.0 0.0 -1.0 -1.0 -1.0 0.0 0.32492305684207745 0.35485623279561473 0.3202207103623079
9 937.0 0.0 -1.0 -1.0 -1.0 0.0 0.3454752614527611 0.3581695688875414 0.2963551696596973
9 938.0 0.0 -1.0 -1.0 -1.0 0.0 0.3811946923189828 0.34875230999162327 0.2700529976893939
9 939.0 0.0 -1.0 -1.0 -1.0 0.0 0.34700636631390497 0.3575272325301959 0.2954664011558993
9 940.0 0.0 -1.0 -1.0 -1.0 0.0 0.33528125294931127 0.36664738502693317 0.2980713620237556
9 941.0 0.0 -1.0 -1.0 -1.0 0.0 0.3445942595980008 0.36260820561218954 0.29279753478980963
9 942.0 0.0 -1.0 -1.0 -1.0 0.0 0.3410427175720459 0.3422183453404907 0.3167389370874635
9 943.0 0.0 -1.0 -1.0 -1.0 0.0 0.3417356675099084 0.3244703045059286 0.3337940279841634
9 944.0 0.0 -1.0 -1.0 -1.0 0.0 0.3552362976378243 0.28941062750297947 0.35535307485919654
9 945.0 0.0 -1.0 -1.0 -1.0 0.0 0.3264851671360019 0.2993696911690258 0.3741451416949721
9 946.0 0.0 -1.0 -1.0 -1.0 0.0 0.3167677584788201 0.3212519012551872 0.3619803402659928
9 947.0 0.0 -1.0 -1.0 -1.0 0.0 0.32523761287856007 0.32867626279042883 0.34608612433101144
9 948.0 0.0 -1.0 -1.0 -1.0 0.0 0.31116917307542 0.34890712874854407 0.33992369817603574
9 949.0 0.0 -1.0 -1.0 -1.0 0.0 0.2838260114386172 0.33574416703356086 0.380429821527822
9 950.0 0.0 -1.0 -1.0 -1.0 0.0 0.2915529518717928 0.3443336591450703 0.3641133889831368
9 951.0 0.0 -1.0 -1.0 -1.0 0.0 0.3001638727676208 0.33842120597042885 0.3614149212619504
9 952.0 0.0 -1.0 -1.0 -1.0 0.0 0.29978144915140875 0.37554265042403634 0.32467590042455446
9 953.0 0.0 -1.0 -1.0 -1.0 0.0 0.32309465132729864 0.3560888990962313 0.32081644957646993
9 954.0 0.0 -1.0 -1.0 -1.0 0.0 0.32488809661372714 0.36778380049691434 0.30732810288935863
9 955.0 0.0 -1.0 -1.0 -1.0 0.0 0.36699778879216166 0.32232685492792096 0.3106753562799173
9 956.0 0.0 -1.0 -1.0 -1.0 0.0 0.3668693912882449 0.31796716045188156 0.31516344825987375
9 957.0 0.0 -1.0 -1.0 -1.0 0.0 0.34824741559948325 0.32037545102277565 0.3313771333777411
9 958.0 0.0 -1.0 -1.0 -1.0 0.0 0.3400140806071387 0.31428102385920414 0.3457048955336569
9 959.0 0.0 -1.0 -1.0 -1.0 0.0 0.3508059103701038 0.33382098247027386 0.3153731071596223
9 960.0 0.0 -1.0 -1.0 -1.0 0.0 0.35468251306998316 0.30447352867922933 0.3408439582507873
9 961.0 0.0 -1.0 -1.0 -1.0 0.0 0.34049626607987543 0.3318668505521334 0.3276368833679913
9 962.0 0.0 -1.0 -1.0 -1.0 0.0 0.34771129601881356 0.33520388704542403 0.3170848169357621
9 963.0 0.0 -1.0 -1.0 -1.0 0.0 0.34528266779342515 0.3491044255391167 0.305612906667458
9 964.0 0.0 -1.0 -1.0 -1.0 0.0 0.3728406757003816 0.3428362031842177 0.28432312111540065
9 965.0 0.0 -1.0 -1.0 -1.0 0.0 0.33742277851109087 0.351130708495497 0.3114465129934123
9 966.0 0.0 -1.0 -1.0 -1.0 0.0 0.31084769946154855 0.3623550280931533 0.32679727244529827
9 967.0 0.0 -1.0 -1.0 -1.0 0.0 0.3381618887511247 0.3555359940102462 0.3063021172386291
9 968.0 0.0 -1.0 -1.0 -1.0 0.0 0.3473890122940049 0.3308543159286217 0.32175667177737316
9 969.0 0.0 -1.0 -1.0 -1.0 0.0 0.3559154955907926 0.3198605276660313 0.324223976743176
9 970.0 0.0 -1.0 -1.0 -1.0 0.0 0.35322340141768366 0.3199913598465994 0.3267852387357169
9 971.0 0.0 -1.0 -1.0 -1.0 0.0 0.33368780880579635 0.3406264919687125 0.3256856992254912
9 972.0 0.0 -1.0 -1.0 -1.0 0.0 0.3201253470651189 0.3532171922287011 0.3266574607061798
9 973.0 0.0 -1.0 -1.0 -1.0 0.0 0.3307154838764575 0.3676543091933487 0.30163020693019377
9 974.0 0.0 -1.0 -1.0 -1.0 0.0 0.3613471129231386 0.3501101996623532 0.288542687414508
9 975.0 0.0 -1.0 -1.0 -1.0 0.0 0.3736914830752237 0.3295839046150457 0.29672461230973046
9 976.0 0.0 -1.0 -1.0 -1.0 0.0 0.3712139493953035 0.3170055462281898 0.31178050437650673
9 977.0 0.0 -1.0 -1.0 -1.0 0.0 0.38552421925815716 0.31213698558070463 0.30233879516113826
9 978.0 0.0 -1.0 -1.0 -1.0 0.0 0.3590728576310422 0.3098001875487185 0.3311269548202393
9 979.0 0.0 -1.0 -1.0 -1.0 0.0 0.3754848583948306 0.2962021442396332 0.32831299736553626
9 980.0 0.0 -1.0 -1.0 -1.0 0.0 0.37463747262274727 0.30351242937557127 0.3218500980016813
9 981.0 0.0 -1.0 -1.0 -1.0 0.0 0.3368214928487206 0.3269123479333972 0.33626615921788217
9 982.0 0.0 -1.0 -1.0 -1.0 0.0 0.319695066127182 0.32857714698620755 0.35172778688661027
9 983.0 0.0 -1.0 -1.0 -1.0 0.0 0.3196495488664343 0.32712625340247997 0.35322419773108593
9 984.0 0.0 -1.0 -1.0 -1.0 0.0 0.2976969973468036 0.34270295013222646 0.3596000525209696
9 985.0 0.0 -1.0 -1.0 -1.0 0.0 0.31379082859768165 0.3460493116334608 0.3401598597688576
9 986.0 0.0 -1.0 -1.0 -1.0 0.0 0.3083081626756132 0.3488985576493257 0.3427932796750614
9 987.0 0.0 -1.0 -1.0 -1.0 0.0 0.2786575563763074 0.35943120644629883 0.3619112371773937
9 988.0 0.0 -1.0 -1.0 -1.0 0.0 0.2892309275243333 0.3697069593589706 0.34106211311669604
9 989.0 0.0 -1.0 -1.0 -1.0 0.0 0.2835706197746144 0.3962397244713822 0.3201896557540033
9 990.0 0.0 -1.0 -1.0 -1.0 0.0 0.30507013736218225 0.38103449819607194 0.31389536444174587
9 991.0 0.0 -1.0 -1.0 -1.0 0.0 0.3118667920509632 0.37493256384346807 0.3132006441055688
9 992.0 0.0 -1.0 -1.0 -1.0 0.0 0.3131172637341052 0.339029920102303 0.34785281616359176
9 993.0 0.0 -1.0 -1.0 -1.0 0.0 0.3478566895795637 0.32125987100012454 0.3308834394203118
9 994.0 0.0 -1.0 -1.0 -1.0 0.0 0.3435755718751065 0.3489449804556961 0.3074794476691975
9 995.0 0.0 -1.0 -1.0 -1.0 0.0 0.31356449131503755 0.35989447065388114 0.3265410380310812
9 996.0 0.0 -1.0 -1.0 -1.0 0.0 0.32626809431102727 0.3454417884853601 0.32829011720361234
9 997.0 0.0 -1.0 -1.0 -1.0 0.0 0.3360260629888186 0.344547831101259 0.31942610590992265
9 998.0 0.0 -1.0 -1.0 -1.0 0.0 0.3148807464774059 0.36239322200106144 0.32272603152153256
9 999.0 0.0 -1.0 -1.0 -1.0 0.0 0.2992413418203119 0.3501672218541591 0.3505914363255289
9 1000.0 0.0 -1.0 -1.0 -1.0 0.0 0.33800465394424656 0.3218123541007481 0.34018299195500545
1000000000000000000000000000000000000000000000000000000000000000000000000000000000000000000000000000
-1.0
solo con 1: -100.0
