9 0.0 70.0 -36.0 -161.0 -97.31 50.569423228434836 0.3333333333333333 0.3333333333333333 0.3333333333333333
9 1.0 70.0 -36.0 -161.0 -84.93 49.37881912093258 0.3369338513353549 0.29777665252171065 0.3652894961429344
9 2.0 18.0 -36.0 -161.0 -72.66 44.666942559075586 0.30740759860125605 0.2659314727769087 0.42666092862183497
9 3.0 48.0 -34.0 -158.0 -67.17 42.39140731494314 0.26887274620215523 0.23071911748709428 0.5004081363107502
9 4.0 5.0 -34.0 -158.0 -56.24 34.58209964940845 0.24850400996091995 0.21580666499282886 0.5356893250462513
9 5.0 48.0 -33.0 -158.0 -48.17 29.310616203386484 0.2089582459192514 0.19120052145139504 0.5998412326293534
9 6.0 48.0 -30.0 -158.0 -43.29 26.035831952417908 0.19597194773993817 0.1520410421479872 0.6519870101120746
9 7.0 96.0 -27.0 -156.0 -39.18 20.72639462963673 0.18748328948400506 0.1394483702084521 0.673068340307543
9 8.0 18.0 -24.0 -155.0 -36.43 21.06088096615873 0.17436286401931722 0.13721130136744272 0.6884258346132401
9 9.0 34.0 -23.0 -155.0 -32.79 17.611001497284985 0.16043558822587223 0.12709109512868585 0.712473316645442
9 10.0 85.0 -21.0 -146.0 -28.54 12.69726766121775 0.1304758089881527 0.13217382442819806 0.7373503665836492
9 11.0 8.0 -19.0 -146.0 -26.16 12.624907240383306 0.13704426309541123 0.12934218552741167 0.733613551377177
9 12.0 4.0 -17.0 -144.0 -24.0 12.701705922171767 0.1301472600593023 0.11004875747519689 0.7598039824655006
9 13.0 69.0 -16.0 -34.0 -20.86 3.247438773227078 0.12618251500797448 0.10460437154989989 0.7692131134421254
9 14.0 52.0 -15.0 -34.0 -18.96 2.85303311929567 0.11731679654785192 0.1073487786849549 0.7753344247671928
9 15.0 41.0 -14.0 -33.0 -17.46 2.924711848018432 0.11816950480355343 0.10654341633470085 0.775287078861746
9 16.0 19.0 -12.0 -32.0 -15.89 2.711349136760911 0.13526017394667003 0.10262132559025897 0.7621185004630714
9 17.0 0.0 -12.0 -19.0 -14.31 1.3310207217080297 0.12163111509806748 0.10289488207384327 0.7754740028280892
9 18.0 5.0 -8.0 -19.0 -12.94 1.4962579586381095 0.12248157254017338 0.09915445121570723 0.7783639762441191
9 19.0 56.0 -7.0 -19.0 -11.68 1.7458753701455345 0.11784570739630917 0.09622879655689141 0.7859254960467996
9 20.0 5.0 -7.0 -19.0 -10.29 2.0611607987694307 0.1133313841688497 0.09883011304865205 0.7878385027824987
9 21.0 36.0 -5.0 -19.0 -8.57 2.0756160093287543 0.11516166463140973 0.09967179502897107 0.7851665403396187
9 22.0 2.0 -5.0 -19.0 -7.13 2.2412793965352322 0.1166832046766266 0.10051190626739068 0.7828048890559829
9 23.0 41.0 -4.0 -19.0 -5.99 1.8118298134006041 0.12096636099009521 0.09805425702512548 0.7809793819847795
9 24.0 57.0 -3.0 -19.0 -5.32 1.6010097823662164 0.13736329395819996 0.1089621941387216 0.7536745119030784
9 25.0 30.0 -3.0 -19.0 -4.76 1.602523262882885 0.1414501951581664 0.1281475360886153 0.7304022687532182
9 26.0 0.0 -3.0 -10.0 -4.12 0.9350633317286232 0.14723385216167292 0.12762746615429738 0.7251386816840298
9 27.0 0.0 -3.0 -6.0 -3.54 0.6578200914591108 0.15563461976576232 0.13600663276467156 0.7083587474695665
9 28.0 0.0 -3.0 -6.0 -3.3 0.6113406364191524 0.16963653677438356 0.15230038520391598 0.6780630780217003
9 29.0 0.0 -2.0 -5.0 -3.09 0.42864597716224256 0.20866380916880242 0.20111764539737043 0.5902185454338268
9 30.0 0.0 -2.0 -5.0 -2.97 0.4595781992350395 0.24921024286490603 0.24067843327921756 0.5101113238558762
9 31.0 0.0 -2.0 -5.0 -2.88 0.5179602574356722 0.26428664194604246 0.2506516370146181 0.48506172103933964
9 32.0 17.0 -1.0 -5.0 -2.66 0.6547418336160209 0.24964559649081525 0.2530940423164618 0.4972603611927229
9 33.0 1.0 -1.0 -5.0 -2.35 0.7436600722307897 0.2628179677855562 0.25120000196271997 0.48598203025172365
9 34.0 1.0 -1.0 -5.0 -2.03 0.8221061889187953 0.25989214779373054 0.2314504271749416 0.5086574250313277
9 35.0 1.0 -1.0 -5.0 -1.67 0.8047209190618559 0.2416139662386772 0.2284406947645358 0.5299453389967872
9 36.0 1.0 -1.0 -3.0 -1.39 0.6947857747012907 0.23498068929651386 0.2221083383769648 0.5429109723265212
9 37.0 1.0 -1.0 -3.0 -1.21 0.5182526976156118 0.2473984359830213 0.25610122474041364 0.4965003392765652
9 38.0 0.0 -1.0 -3.0 -1.13 0.41814887880811624 0.2709962552796829 0.24963846920720864 0.47936527551310826
9 39.0 0.0 -1.0 -3.0 -1.08 0.3074824459143229 0.2979041957088625 0.22960977185957798 0.4724860324315596
9 40.0 0.0 -1.0 -3.0 -1.04 0.24287836253956183 0.29360142640885334 0.24065336016604572 0.46574521342510083
9 41.0 0.0 -1.0 -3.0 -1.04 0.24287836253956183 0.30666499342745596 0.264910104223179 0.428424902349365
9 42.0 0.0 -1.0 -2.0 -1.02 0.14070529413628954 0.3152302736346566 0.25258887762756543 0.4321808487377779
9 43.0 0.0 -1.0 -1.0 -1.0 0.0 0.33198842558424785 0.2563510228212019 0.4116605515945504
9 44.0 0.0 -1.0 -1.0 -1.0 0.0 0.33570155791799855 0.3037844194786349 0.3605140226033665
9 45.0 0.0 -1.0 -1.0 -1.0 0.0 0.3139447970771928 0.29866011609416904 0.387395086828638
9 46.0 0.0 -1.0 -1.0 -1.0 0.0 0.3327023437421821 0.3235484000407254 0.34374925621709257
9 47.0 0.0 -1.0 -1.0 -1.0 0.0 0.3134813214601346 0.33173914527399795 0.35477953326586736
9 48.0 0.0 -1.0 -1.0 -1.0 0.0 0.28282602301961524 0.3347878596284457 0.382386117351939
9 49.0 0.0 -1.0 -1.0 -1.0 0.0 0.2659237213405907 0.35888187200107097 0.37519440665833803
9 50.0 0.0 -1.0 -1.0 -1.0 0.0 0.2980896798660599 0.32631223829380773 0.3755980818401322
9 51.0 0.0 -1.0 -1.0 -1.0 0.0 0.35798605618865315 0.3127160922172315 0.3292978515941152
9 52.0 0.0 -1.0 -1.0 -1.0 0.0 0.34326329750660783 0.30399230097912455 0.35274440151426767
9 53.0 0.0 -1.0 -1.0 -1.0 0.0 0.34069846015740185 0.3043700222841552 0.3549315175584428
9 54.0 0.0 -1.0 -1.0 -1.0 0.0 0.3390256789617714 0.31112260130705227 0.3498517197311767
9 55.0 0.0 -1.0 -1.0 -1.0 0.0 0.3438557083931286 0.2927139437718313 0.36343034783503986
9 56.0 0.0 -1.0 -1.0 -1.0 0.0 0.3564308823001769 0.29469075614439944 0.34887836155542323
9 57.0 0.0 -1.0 -1.0 -1.0 0.0 0.3551101816509166 0.30964929420160364 0.33524052414747957
9 58.0 0.0 -1.0 -1.0 -1.0 0.0 0.34826986980726965 0.32992409110262394 0.3218060390901063
9 59.0 0.0 -1.0 -1.0 -1.0 0.0 0.3226149223530976 0.34716226780205106 0.3302228098448515
9 60.0 0.0 -1.0 -1.0 -1.0 0.0 0.3345535369330508 0.33620231759542285 0.32924414547152614
9 61.0 0.0 -1.0 -1.0 -1.0 0.0 0.3116145385561411 0.3425336677490791 0.34585179369478003
9 62.0 0.0 -1.0 -1.0 -1.0 0.0 0.28307007999651534 0.36388007468756073 0.35304984531592387
9 63.0 0.0 -1.0 -1.0 -1.0 0.0 0.31103184725968597 0.34944220727554487 0.3395259454647692
9 64.0 0.0 -1.0 -1.0 -1.0 0.0 0.3236449788179781 0.34589652178303226 0.3304584993989898
9 65.0 0.0 -1.0 -1.0 -1.0 0.0 0.33606548146545145 0.3210569726202445 0.34287754591430464
9 66.0 0.0 -1.0 -1.0 -1.0 0.0 0.3406073803209754 0.30037093132941645 0.3590216883496081
9 67.0 0.0 -1.0 -1.0 -1.0 0.0 0.3494709480213454 0.30942244916693956 0.3411066028117148
9 68.0 0.0 -1.0 -1.0 -1.0 0.0 0.3368303383629099 0.31722462803387913 0.3459450336032106
9 69.0 0.0 -1.0 -1.0 -1.0 0.0 0.3156601424694149 0.3231028053328601 0.36123705219772495
9 70.0 0.0 -1.0 -1.0 -1.0 0.0 0.29672199904303775 0.36304683103516994 0.3402311699217924
9 71.0 0.0 -1.0 -1.0 -1.0 0.0 0.28023244861633256 0.35531138091135445 0.3644561704723131
9 72.0 0.0 -1.0 -1.0 -1.0 0.0 0.31210749529119686 0.33702854839866025 0.3508639563101429
9 73.0 0.0 -1.0 -1.0 -1.0 0.0 0.31469081273023336 0.33415290100959033 0.3511562862601766
9 74.0 0.0 -1.0 -1.0 -1.0 0.0 0.32876252178519794 0.32445794548487794 0.34677953272992407
9 75.0 0.0 -1.0 -1.0 -1.0 0.0 0.3220302009593675 0.30099321244261945 0.3769765865980132
9 76.0 0.0 -1.0 -1.0 -1.0 0.0 0.33548269076647 0.3176927506076038 0.34682455862592604
9 77.0 0.0 -1.0 -1.0 -1.0 0.0 0.3184545686703336 0.3205350233857406 0.36101040794392575
9 78.0 0.0 -1.0 -1.0 -1.0 0.0 0.31637936856912585 0.2985683804922666 0.38505225093860745
9 79.0 0.0 -1.0 -1.0 -1.0 0.0 0.3032771868475076 0.3353436420098739 0.3613791711426185
9 80.0 0.0 -1.0 -1.0 -1.0 0.0 0.3134317310218471 0.3252349119699903 0.3613333570081626
9 81.0 0.0 -1.0 -1.0 -1.0 0.0 0.3231912368414483 0.3364812086584326 0.340327554500119
9 82.0 0.0 -1.0 -1.0 -1.0 0.0 0.2907887668940076 0.361376341964114 0.3478348911418781
9 83.0 0.0 -1.0 -1.0 -1.0 0.0 0.2786637881937194 0.36093833779455314 0.3603978740117277
9 84.0 0.0 -1.0 -1.0 -1.0 0.0 0.2972284646249498 0.36794804377264095 0.3348234916024091
9 85.0 0.0 -1.0 -1.0 -1.0 0.0 0.28844040974707563 0.37388778311690435 0.33767180713602
9 86.0 0.0 -1.0 -1.0 -1.0 0.0 0.2845095165599889 0.3542375664844456 0.3612529169555656
9 87.0 0.0 -1.0 -1.0 -1.0 0.0 0.2924874978865365 0.3660860232714361 0.3414264788420274
9 88.0 0.0 -1.0 -1.0 -1.0 0.0 0.3088692327644721 0.3431771834137319 0.3479535838217961
9 89.0 0.0 -1.0 -1.0 -1.0 0.0 0.31667609624707305 0.33470075466297916 0.34862314908994807
9 90.0 0.0 -1.0 -1.0 -1.0 0.0 0.342724341979537 0.33816080199702264 0.31911485602344064
9 91.0 0.0 -1.0 -1.0 -1.0 0.0 0.33666509679526124 0.3066633835341019 0.3566715196706369
9 92.0 0.0 -1.0 -1.0 -1.0 0.0 0.3349865833792613 0.29334730664096903 0.37166610997976973
9 93.0 0.0 -1.0 -1.0 -1.0 0.0 0.3529731709400831 0.3027614313778687 0.34426539768204806
9 94.0 0.0 -1.0 -1.0 -1.0 0.0 0.38660064129437743 0.31692471856883137 0.29647464013679126
9 95.0 0.0 -1.0 -1.0 -1.0 0.0 0.38531121992071976 0.30709063260743763 0.3075981474718421
9 96.0 0.0 -1.0 -1.0 -1.0 0.0 0.37651204140593725 0.31800782593437676 0.30548013265968615
9 97.0 0.0 -1.0 -1.0 -1.0 0.0 0.35117065982867723 0.32247188731539544 0.32635745285592727
9 98.0 0.0 -1.0 -1.0 -1.0 0.0 0.3542149571162122 0.3244724037305847 0.3213126391532032
9 99.0 0.0 -1.0 -1.0 -1.0 0.0 0.35324513443119854 0.3256676590533511 0.3210872065154504
9 100.0 0.0 -1.0 -1.0 -1.0 0.0 0.3512487454752668 0.3105403727918953 0.3382108817328382
9 101.0 0.0 -1.0 -1.0 -1.0 0.0 0.3635476061910354 0.30015848422559605 0.3362939095833688
9 102.0 0.0 -1.0 -1.0 -1.0 0.0 0.3578436058036788 0.2937232698684671 0.34843312432785417
9 103.0 0.0 -1.0 -1.0 -1.0 0.0 0.33416984476487976 0.3140447277809031 0.35178542745421715
9 104.0 0.0 -1.0 -1.0 -1.0 0.0 0.3247929429462482 0.33782305718889605 0.33738399986485584
9 105.0 0.0 -1.0 -1.0 -1.0 0.0 0.3365647810187967 0.3537786325333762 0.30965658644782723
9 106.0 0.0 -1.0 -1.0 -1.0 0.0 0.33835684683858136 0.33989844702322025 0.32174470613819844
9 107.0 0.0 -1.0 -1.0 -1.0 0.0 0.3188737104085389 0.33323926084019 0.347887028751271
9 108.0 0.0 -1.0 -1.0 -1.0 0.0 0.3066602905969143 0.3138710426279982 0.3794686667750877
9 109.0 0.0 -1.0 -1.0 -1.0 0.0 0.30182358207193954 0.3346987811497379 0.36347763677832257
9 110.0 0.0 -1.0 -1.0 -1.0 0.0 0.3118650837290824 0.3297258907080276 0.3584090255628901
9 111.0 0.0 -1.0 -1.0 -1.0 0.0 0.31720770217778316 0.32701790622148685 0.35577439160073004
9 112.0 0.0 -1.0 -1.0 -1.0 0.0 0.3098941794043039 0.3667758935028945 0.32332992709280156
9 113.0 0.0 -1.0 -1.0 -1.0 0.0 0.2760408866760221 0.3587618423887235 0.36519727093525456
9 114.0 0.0 -1.0 -1.0 -1.0 0.0 0.3169549248587368 0.3383708529131061 0.34467422222815713
9 115.0 0.0 -1.0 -1.0 -1.0 0.0 0.3280018015169105 0.3220480572561483 0.34995014122694124
9 116.0 0.0 -1.0 -1.0 -1.0 0.0 0.33676814655120174 0.32356358675382085 0.3396682666949774
9 117.0 0.0 -1.0 -1.0 -1.0 0.0 0.3576478621204733 0.34135270243580584 0.30099943544372104
9 118.0 0.0 -1.0 -1.0 -1.0 0.0 0.3681244520566643 0.3095483445880808 0.32232720335525467
9 119.0 0.0 -1.0 -1.0 -1.0 0.0 0.3828058853701972 0.32157169954028414 0.29562241508951864
9 120.0 0.0 -1.0 -1.0 -1.0 0.0 0.34276457078096634 0.35387822398334023 0.30335720523569343
9 121.0 0.0 -1.0 -1.0 -1.0 0.0 0.3786188421490717 0.34213808837086745 0.2792430694800606
9 122.0 0.0 -1.0 -1.0 -1.0 0.0 0.35336696847300675 0.3495563376350435 0.29707669389194963
9 123.0 0.0 -1.0 -1.0 -1.0 0.0 0.34437471295403604 0.33523112305839897 0.320394163987565
9 124.0 0.0 -1.0 -1.0 -1.0 0.0 0.3451650425135828 0.3438977680707632 0.310937189415654
9 125.0 0.0 -1.0 -1.0 -1.0 0.0 0.34287767005584024 0.3051547037180049 0.351967626226155
9 126.0 0.0 -1.0 -1.0 -1.0 0.0 0.32751060891486033 0.3313910215345697 0.3410983695505698
9 127.0 0.0 -1.0 -1.0 -1.0 0.0 0.33907402589416236 0.30225894658414054 0.3586670275216974
9 128.0 0.0 -1.0 -1.0 -1.0 0.0 0.35426315654964946 0.26679645346560815 0.37894038998474255
9 129.0 0.0 -1.0 -1.0 -1.0 0.0 0.3680689093955831 0.26116634908358527 0.37076474152083144
9 130.0 0.0 -1.0 -1.0 -1.0 0.0 0.3631425177859725 0.28921592312189853 0.347641559092129
9 131.0 0.0 -1.0 -1.0 -1.0 0.0 0.3601684558100589 0.29565053860825563 0.3441810055816854
9 132.0 0.0 -1.0 -1.0 -1.0 0.0 0.34575972876432703 0.29957789584012245 0.3546623753955507
9 133.0 0.0 -1.0 -1.0 -1.0 0.0 0.3306822532514555 0.32610420111925753 0.3432135456292869
9 134.0 0.0 -1.0 -1.0 -1.0 0.0 0.3227235093596164 0.32714813491284855 0.35012835572753503
9 135.0 0.0 -1.0 -1.0 -1.0 0.0 0.33449767959895693 0.3144493568449105 0.35105296355613264
9 136.0 0.0 -1.0 -1.0 -1.0 0.0 0.32400698365550995 0.3235858928167131 0.35240712352777687
9 137.0 0.0 -1.0 -1.0 -1.0 0.0 0.30182848294521436 0.3607011999474284 0.33747031710735714
9 138.0 0.0 -1.0 -1.0 -1.0 0.0 0.29466727782299146 0.355378808901812 0.34995391327519654
9 139.0 0.0 -1.0 -1.0 -1.0 0.0 0.29712243755414675 0.34115081085432636 0.361726751591527
9 140.0 0.0 -1.0 -1.0 -1.0 0.0 0.31220238474402545 0.3346339118675379 0.35316370338843656
9 141.0 0.0 -1.0 -1.0 -1.0 0.0 0.33389016263205873 0.32380433445105244 0.34230550291688866
9 142.0 0.0 -1.0 -1.0 -1.0 0.0 0.3267563659466666 0.33133817725951586 0.34190545679381723
9 143.0 0.0 -1.0 -1.0 -1.0 0.0 0.35638364450853965 0.2903134804220571 0.35330287506940317
9 144.0 0.0 -1.0 -1.0 -1.0 0.0 0.35017464275979476 0.2958076870778069 0.35401767016239843
9 145.0 0.0 -1.0 -1.0 -1.0 0.0 0.36644454745812055 0.31153193976865706 0.3220235127732222
9 146.0 0.0 -1.0 -1.0 -1.0 0.0 0.355975298339152 0.29901124598350715 0.34501345567734076
9 147.0 0.0 -1.0 -1.0 -1.0 0.0 0.35002050703838383 0.3144703226000349 0.33550917036158134
9 148.0 0.0 -1.0 -1.0 -1.0 0.0 0.333085020330588 0.3213173591888495 0.34559762048056236
9 149.0 0.0 -1.0 -1.0 -1.0 0.0 0.3363641323209145 0.33375514582002347 0.329880721859062
9 150.0 0.0 -1.0 -1.0 -1.0 0.0 0.3424003688557507 0.3435168020577718 0.31408282908647733
9 151.0 0.0 -1.0 -1.0 -1.0 0.0 0.33343487417213113 0.3377941422334987 0.32877098359437
9 152.0 0.0 -1.0 -1.0 -1.0 0.0 0.3393392567883011 0.33916989140319925 0.32149085180849934
9 153.0 0.0 -1.0 -1.0 -1.0 0.0 0.330127076877561 0.33112173829388775 0.33875118482855127
9 154.0 0.0 -1.0 -1.0 -1.0 0.0 0.32265707363310947 0.3520308452264513 0.32531208114043914
9 155.0 0.0 -1.0 -1.0 -1.0 0.0 0.32078218238925726 0.32708174303607324 0.3521360745746696
9 156.0 0.0 -1.0 -1.0 -1.0 0.0 0.34835634631635304 0.3203480604963294 0.3312955931873175
9 157.0 0.0 -1.0 -1.0 -1.0 0.0 0.36718457332890386 0.2997099826662834 0.3331054440048127
9 158.0 0.0 -1.0 -1.0 -1.0 0.0 0.34596436355190363 0.31381655562704086 0.3402190808210557
9 159.0 0.0 -1.0 -1.0 -1.0 0.0 0.3317428629298738 0.33954698457096044 0.32871015249916574
9 160.0 0.0 -1.0 -1.0 -1.0 0.0 0.3377112415436834 0.3414004065077966 0.32088835194851983
9 161.0 0.0 -1.0 -1.0 -1.0 0.0 0.3150548520786691 0.3707873621437022 0.31415778577762893
9 162.0 0.0 -1.0 -1.0 -1.0 0.0 0.2808136407104578 0.39209244213421973 0.32709391715532266
9 163.0 0.0 -1.0 -1.0 -1.0 0.0 0.28412015139222957 0.38887451225114406 0.3270053363566263
9 164.0 0.0 -1.0 -1.0 -1.0 0.0 0.29286085551724556 0.378472975887868 0.3286661685948865
9 165.0 0.0 -1.0 -1.0 -1.0 0.0 0.2982982487305399 0.3803185105938185 0.3213832406756416
9 166.0 0.0 -1.0 -1.0 -1.0 0.0 0.29627447463904805 0.37831619731370586 0.32540932804724565
9 167.0 0.0 -1.0 -1.0 -1.0 0.0 0.3005190482146175 0.36009865159487126 0.33938230019051124
9 168.0 0.0 -1.0 -1.0 -1.0 0.0 0.30570146024198847 0.3475148707458082 0.34678366901220303
9 169.0 0.0 -1.0 -1.0 -1.0 0.0 0.25853505318003833 0.4129530594606714 0.3285118873592902
9 170.0 0.0 -1.0 -1.0 -1.0 0.0 0.27725048420715237 0.38693502918701106 0.3358144866058366
9 171.0 0.0 -1.0 -1.0 -1.0 0.0 0.288850883042653 0.35709034634120285 0.35405877061614427
9 172.0 0.0 -1.0 -1.0 -1.0 0.0 0.3168383203492224 0.35635317621200235 0.3268085034387754
9 173.0 0.0 -1.0 -1.0 -1.0 0.0 0.33109072026704467 0.33373514961471223 0.3351741301182429
9 174.0 0.0 -1.0 -1.0 -1.0 0.0 0.32296405539769174 0.3421426573261512 0.3348932872761569
9 175.0 0.0 -1.0 -1.0 -1.0 0.0 0.2957670931140964 0.3641792067171664 0.3400537001687372
9 176.0 0.0 -1.0 -1.0 -1.0 0.0 0.309652830789478 0.36019997340783844 0.3301471958026835
9 177.0 0.0 -1.0 -1.0 -1.0 0.0 0.3069183497021654 0.3624215976556661 0.3306600526421686
9 178.0 0.0 -1.0 -1.0 -1.0 0.0 0.29414641925973745 0.3792795954858009 0.3265739852544616
9 179.0 0.0 -1.0 -1.0 -1.0 0.0 0.3082169165838756 0.37997054274453745 0.3118125406715869
9 180.0 0.0 -1.0 -1.0 -1.0 0.0 0.3360845043569962 0.33886994906332923 0.3250455465796743
9 181.0 0.0 -1.0 -1.0 -1.0 0.0 0.3195334770187803 0.34617149803759134 0.33429502494362834
9 182.0 0.0 -1.0 -1.0 -1.0 0.0 0.35707123643233707 0.33263745213432133 0.3102913114333418
9 183.0 0.0 -1.0 -1.0 -1.0 0.0 0.34936044270246414 0.3408989557804994 0.3097406015170367
9 184.0 0.0 -1.0 -1.0 -1.0 0.0 0.35195817695232795 0.3438665274311203 0.30417529561655166
9 185.0 0.0 -1.0 -1.0 -1.0 0.0 0.33751248807981127 0.34760369482270387 0.31488381709748514
9 186.0 0.0 -1.0 -1.0 -1.0 0.0 0.3659409609696845 0.3459942002846123 0.2880648387457034
9 187.0 0.0 -1.0 -1.0 -1.0 0.0 0.3639830915212064 0.33479206010850054 0.30122484837029323
9 188.0 0.0 -1.0 -1.0 -1.0 0.0 0.3584521618147082 0.33587800158431025 0.30566983660098146
9 189.0 0.0 -1.0 -1.0 -1.0 0.0 0.35223454700657975 0.32594594696340395 0.321819506030016
9 190.0 0.0 -1.0 -1.0 -1.0 0.0 0.3621732081192382 0.2964825985338145 0.3413441933469471
9 191.0 0.0 -1.0 -1.0 -1.0 0.0 0.3704914163460133 0.30565532064989254 0.3238532630040941
9 192.0 0.0 -1.0 -1.0 -1.0 0.0 0.37832145807980944 0.31629106342390984 0.3053874784962807
9 193.0 0.0 -1.0 -1.0 -1.0 0.0 0.36521402562326677 0.3143202994070307 0.32046567496970263
9 194.0 0.0 -1.0 -1.0 -1.0 0.0 0.36254860881729206 0.331691925433325 0.30575946574938284
9 195.0 0.0 -1.0 -1.0 -1.0 0.0 0.36484783961238604 0.3470733814963043 0.2880787788913096
9 196.0 0.0 -1.0 -1.0 -1.0 0.0 0.3537705641319483 0.3308037924715276 0.31542564339652407
9 197.0 0.0 -1.0 -1.0 -1.0 0.0 0.3488558048415735 0.31560457322745344 0.3355396219309729
9 198.0 0.0 -1.0 -1.0 -1.0 0.0 0.3540322730298531 0.2934907521308527 0.35247697483929435
9 199.0 0.0 -1.0 -1.0 -1.0 0.0 0.3487672587452573 0.2945399505102007 0.35669279074454197
9 200.0 0.0 -1.0 -1.0 -1.0 0.0 0.34101488664184065 0.3177062762437602 0.34127883711439916
9 201.0 0.0 -1.0 -1.0 -1.0 0.0 0.3207778427240926 0.31478328202378436 0.3644388752521229
9 202.0 0.0 -1.0 -1.0 -1.0 0.0 0.33191736605688177 0.2855620766175392 0.38252055732557905
9 203.0 0.0 -1.0 -1.0 -1.0 0.0 0.3375844925313027 0.3140024865659019 0.34841302090279536
9 204.0 0.0 -1.0 -1.0 -1.0 0.0 0.32670092884403373 0.3426355379624529 0.3306635331935134
9 205.0 0.0 -1.0 -1.0 -1.0 0.0 0.3265667713634055 0.33528039928526954 0.33815282935132485
9 206.0 0.0 -1.0 -1.0 -1.0 0.0 0.33407552596547874 0.320301096326275 0.3456233777082462
9 207.0 0.0 -1.0 -1.0 -1.0 0.0 0.3315859086534097 0.3390385639884908 0.3293755273580995
9 208.0 0.0 -1.0 -1.0 -1.0 0.0 0.3141864021086194 0.3447769652100823 0.3410366326812982
9 209.0 0.0 -1.0 -1.0 -1.0 0.0 0.3114316423702499 0.33644554981378294 0.35212280781596733
9 210.0 0.0 -1.0 -1.0 -1.0 0.0 0.3088893793482486 0.3280636777615596 0.36304694289019196
9 211.0 0.0 -1.0 -1.0 -1.0 0.0 0.3286699083388185 0.32493440905059073 0.34639568261059067
9 212.0 0.0 -1.0 -1.0 -1.0 0.0 0.33100634396428347 0.3398992262020991 0.3290944298336172
9 213.0 0.0 -1.0 -1.0 -1.0 0.0 0.36445049989101974 0.31739450500294414 0.31815499510603623
9 214.0 0.0 -1.0 -1.0 -1.0 0.0 0.3883792540628378 0.30526830111266656 0.3063524448244954
9 215.0 0.0 -1.0 -1.0 -1.0 0.0 0.3611335066149273 0.3312475910932829 0.30761890229178995
9 216.0 0.0 -1.0 -1.0 -1.0 0.0 0.3619193071792842 0.32112481549556315 0.3169558773251529
9 217.0 0.0 -1.0 -1.0 -1.0 0.0 0.36305617349306357 0.31503111724488553 0.3219127092620511
9 218.0 0.0 -1.0 -1.0 -1.0 0.0 0.3534996502993637 0.3125084070460573 0.33399194265457877
9 219.0 0.0 -1.0 -1.0 -1.0 0.0 0.3438156903949601 0.32155081826087195 0.33463349134416814
9 220.0 0.0 -1.0 -1.0 -1.0 0.0 0.34035073563778456 0.31369703844080365 0.3459522259214119
9 221.0 0.0 -1.0 -1.0 -1.0 0.0 0.35929957616541336 0.3054331747317812 0.33526724910280564
9 222.0 0.0 -1.0 -1.0 -1.0 0.0 0.35285610818510965 0.30546353527248943 0.3416803565424009
9 223.0 0.0 -1.0 -1.0 -1.0 0.0 0.31297942251543753 0.3105716178710658 0.3764489596134968
9 224.0 0.0 -1.0 -1.0 -1.0 0.0 0.3119065561944606 0.3353715619327782 0.3527218818727612
9 225.0 0.0 -1.0 -1.0 -1.0 0.0 0.330031636921352 0.3328935664310441 0.3370747966476037
9 226.0 0.0 -1.0 -1.0 -1.0 0.0 0.3213461299280595 0.3457299898405543 0.3329238802313864
9 227.0 0.0 -1.0 -1.0 -1.0 0.0 0.3525820108585689 0.31976990143588385 0.3276480877055472
9 228.0 0.0 -1.0 -1.0 -1.0 0.0 0.36472445155856775 0.32727137835771614 0.3080041700837162
9 229.0 0.0 -1.0 -1.0 -1.0 0.0 0.3684495342287667 0.3171414916378559 0.3144089741333777
9 230.0 0.0 -1.0 -1.0 -1.0 0.0 0.3456978340719838 0.3285420941322449 0.32576007179577127
9 231.0 0.0 -1.0 -1.0 -1.0 0.0 0.32659344364781284 0.3185811471384946 0.35482540921369277
9 232.0 0.0 -1.0 -1.0 -1.0 0.0 0.34695080171782544 0.3241585726046541 0.3288906256775205
9 233.0 0.0 -1.0 -1.0 -1.0 0.0 0.3891556747439251 0.30620945519447634 0.3046348700615986
9 234.0 0.0 -1.0 -1.0 -1.0 0.0 0.3852148055697674 0.3154466971063186 0.299338497323914
9 235.0 0.0 -1.0 -1.0 -1.0 0.0 0.35790703271003316 0.31972742712091845 0.32236554016904867
9 236.0 0.0 -1.0 -1.0 -1.0 0.0 0.3682516711964745 0.3104972198810489 0.3212511089224767
9 237.0 0.0 -1.0 -1.0 -1.0 0.0 0.3573336812928039 0.29768627155326843 0.34498004715392766
9 238.0 0.0 -1.0 -1.0 -1.0 0.0 0.3664059797466673 0.2917092500558089 0.34188477019752384
9 239.0 0.0 -1.0 -1.0 -1.0 0.0 0.3490116926570847 0.3147176203038974 0.33627068703901786
9 240.0 0.0 -1.0 -1.0 -1.0 0.0 0.3716544036550819 0.30915793459365287 0.31918766175126523
9 241.0 0.0 -1.0 -1.0 -1.0 0.0 0.39816802971287835 0.28136041078360435 0.32047155950351724
9 242.0 0.0 -1.0 -1.0 -1.0 0.0 0.38838164497698685 0.2714086916050813 0.34020966341793174
9 243.0 0.0 -1.0 -1.0 -1.0 0.0 0.3870598551900521 0.29317146902654223 0.3197686757834055
9 244.0 0.0 -1.0 -1.0 -1.0 0.0 0.36849958553902695 0.3012737480251083 0.3302266664358646
9 245.0 0.0 -1.0 -1.0 -1.0 0.0 0.35214916843133337 0.31940039002678394 0.32845044154188263
9 246.0 0.0 -1.0 -1.0 -1.0 0.0 0.3666974514575947 0.3132554383808469 0.32004711016155846
9 247.0 0.0 -1.0 -1.0 -1.0 0.0 0.3437002653156187 0.31681579025536494 0.3394839444290163
9 248.0 0.0 -1.0 -1.0 -1.0 0.0 0.3367229924686086 0.3188620075752183 0.3444149999561729
9 249.0 0.0 -1.0 -1.0 -1.0 0.0 0.31456705472489793 0.3296953626770726 0.35573758259802934
9 250.0 0.0 -1.0 -1.0 -1.0 0.0 0.34703202122300575 0.3120529195285133 0.3409150592484811
9 251.0 0.0 -1.0 -1.0 -1.0 0.0 0.34769456654169933 0.3141025866082829 0.33820284685001745
9 252.0 0.0 -1.0 -1.0 -1.0 0.0 0.3456605690297746 0.32019816712426064 0.33414126384596493
9 253.0 0.0 -1.0 -1.0 -1.0 0.0 0.3553275524824711 0.31848709277754206 0.32618535473998705
9 254.0 0.0 -1.0 -1.0 -1.0 0.0 0.33979031861343456 0.3247716673153532 0.3354380140712122
9 255.0 0.0 -1.0 -1.0 -1.0 0.0 0.3417229525681645 0.3297840481763833 0.3284929992554524
9 256.0 0.0 -1.0 -1.0 -1.0 0.0 0.35966096943248027 0.34464638833426586 0.2956926422332538
9 257.0 0.0 -1.0 -1.0 -1.0 0.0 0.3317927070857001 0.3310863101552882 0.3371209827590118
9 258.0 0.0 -1.0 -1.0 -1.0 0.0 0.34375321703262707 0.32357385579734166 0.3326729271700315
9 259.0 0.0 -1.0 -1.0 -1.0 0.0 0.33350618879168836 0.34187845660381966 0.32461535460449226
9 260.0 0.0 -1.0 -1.0 -1.0 0.0 0.33973292151576673 0.3233280636202145 0.3369390148640188
9 261.0 0.0 -1.0 -1.0 -1.0 0.0 0.31907686052276424 0.32634472247060103 0.3545784170066348
9 262.0 0.0 -1.0 -1.0 -1.0 0.0 0.34204503787716106 0.3324727195477276 0.3254822425751113
9 263.0 0.0 -1.0 -1.0 -1.0 0.0 0.33369336722391535 0.34138152690637064 0.3249251058697141
9 264.0 0.0 -1.0 -1.0 -1.0 0.0 0.32501247158997204 0.345428087684404 0.32955944072562393
9 265.0 0.0 -1.0 -1.0 -1.0 0.0 0.3128258237031265 0.3529647618687509 0.3342094144281227
9 266.0 0.0 -1.0 -1.0 -1.0 0.0 0.3180972359333632 0.32795661151913125 0.3539461525475056
9 267.0 0.0 -1.0 -1.0 -1.0 0.0 0.2957432484519844 0.3509374286417314 0.3533193229062843
9 268.0 0.0 -1.0 -1.0 -1.0 0.0 0.3055835418722376 0.35400636926473383 0.3404100888630287
9 269.0 0.0 -1.0 -1.0 -1.0 0.0 0.28490964994347956 0.33929854956137034 0.37579180049514965
9 270.0 0.0 -1.0 -1.0 -1.0 0.0 0.2930056150341539 0.31438049297515397 0.3926138919906919
9 271.0 0.0 -1.0 -1.0 -1.0 0.0 0.2810234504031877 0.3132982087540015 0.4056783408428105
9 272.0 0.0 -1.0 -1.0 -1.0 0.0 0.31170858115131517 0.30816616623830395 0.38012525261038116
9 273.0 0.0 -1.0 -1.0 -1.0 0.0 0.3444076919497883 0.3198078667083967 0.33578444134181495
9 274.0 0.0 -1.0 -1.0 -1.0 0.0 0.33609872252148604 0.32910789159538906 0.3347933858831248
9 275.0 0.0 -1.0 -1.0 -1.0 0.0 0.32525442598628124 0.3434551448760068 0.3312904291377119
9 276.0 0.0 -1.0 -1.0 -1.0 0.0 0.341557501387271 0.32760299182011726 0.3308395067926119
9 277.0 0.0 -1.0 -1.0 -1.0 0.0 0.3474952848710048 0.33976976193457153 0.3127349531944238
9 278.0 0.0 -1.0 -1.0 -1.0 0.0 0.30081930090457615 0.3324768090341606 0.36670389006126336
9 279.0 0.0 -1.0 -1.0 -1.0 0.0 0.2974755582311689 0.3489458829207731 0.35357855884805817
9 280.0 0.0 -1.0 -1.0 -1.0 0.0 0.29892547838519257 0.33953206713419143 0.36154245448061595
9 281.0 0.0 -1.0 -1.0 -1.0 0.0 0.29774083198873985 0.32680022065231706 0.37545894735894314
9 282.0 0.0 -1.0 -1.0 -1.0 0.0 0.30067408690860725 0.3352590936172892 0.36406681947410335
9 283.0 0.0 -1.0 -1.0 -1.0 0.0 0.3202582577524856 0.34835209049765525 0.33138965174985896
9 284.0 0.0 -1.0 -1.0 -1.0 0.0 0.32606126572729593 0.3390389481395649 0.33489978613313925
9 285.0 0.0 -1.0 -1.0 -1.0 0.0 0.32011225831849915 0.33437112845143185 0.34551661323006877
9 286.0 0.0 -1.0 -1.0 -1.0 0.0 0.33050055304040604 0.35195957286200313 0.3175398740975911
9 287.0 0.0 -1.0 -1.0 -1.0 0.0 0.33407226823417074 0.3629021164579656 0.30302561530786365
9 288.0 0.0 -1.0 -1.0 -1.0 0.0 0.33488497440612447 0.37573954302500423 0.28937548256887075
9 289.0 0.0 -1.0 -1.0 -1.0 0.0 0.32517875287265985 0.36997483239736056 0.3048464147299794
9 290.0 0.0 -1.0 -1.0 -1.0 0.0 0.3304338101486051 0.3634221884290747 0.30614400142231996
9 291.0 0.0 -1.0 -1.0 -1.0 0.0 0.3241702804751832 0.3476057328632794 0.3282239866615373
9 292.0 0.0 -1.0 -1.0 -1.0 0.0 0.3479378747974761 0.3230138643867093 0.32904826081581434
9 293.0 0.0 -1.0 -1.0 -1.0 0.0 0.3361306979203573 0.34725854944901463 0.3166107526306282
9 294.0 0.0 -1.0 -1.0 -1.0 0.0 0.32976701751758364 0.3551419659219965 0.31509101656042016
9 295.0 0.0 -1.0 -1.0 -1.0 0.0 0.3438547392493638 0.3280745052661699 0.3280707554844661
9 296.0 0.0 -1.0 -1.0 -1.0 0.0 0.3189407320653804 0.337850862668445 0.3432084052661748
9 297.0 0.0 -1.0 -1.0 -1.0 0.0 0.2918461403124182 0.3597397847122963 0.3484140749752857
9 298.0 0.0 -1.0 -1.0 -1.0 0.0 0.28611512423031277 0.35641030404161 0.3574745717280773
9 299.0 0.0 -1.0 -1.0 -1.0 0.0 0.29411736528086296 0.3355097404383068 0.37037289428083037
9 300.0 0.0 -1.0 -1.0 -1.0 0.0 0.31664951057946433 0.34734369300889495 0.33600679641164094
9 301.0 0.0 -1.0 -1.0 -1.0 0.0 0.3239203582801479 0.3204841014532434 0.35559554026660856
9 302.0 0.0 -1.0 -1.0 -1.0 0.0 0.3540767500624246 0.31945559473062146 0.3264676552069542
9 303.0 0.0 -1.0 -1.0 -1.0 0.0 0.36266429516541293 0.3113896907712437 0.325946014063343
9 304.0 0.0 -1.0 -1.0 -1.0 0.0 0.37776977731385714 0.3054134436032474 0.3168167790828954
9 305.0 0.0 -1.0 -1.0 -1.0 0.0 0.35004372821240765 0.325291092432567 0.32466517935502565
9 306.0 0.0 -1.0 -1.0 -1.0 0.0 0.3055421963477006 0.33990396251524735 0.3545538411370524
9 307.0 0.0 -1.0 -1.0 -1.0 0.0 0.3171639655230668 0.3448981180928261 0.33793791638410703
9 308.0 0.0 -1.0 -1.0 -1.0 0.0 0.32486109447851613 0.32029450024660683 0.354844405274877
9 309.0 0.0 -1.0 -1.0 -1.0 0.0 0.3470529481943856 0.2980936423705097 0.35485340943510485
9 310.0 0.0 -1.0 -1.0 -1.0 0.0 0.32980823061133835 0.3087131851495087 0.36147858423915297
9 311.0 0.0 -1.0 -1.0 -1.0 0.0 0.31116979049011684 0.31036174181346277 0.37846846769642056
9 312.0 0.0 -1.0 -1.0 -1.0 0.0 0.30460577517910836 0.3298315107657694 0.36556271405512225
9 313.0 0.0 -1.0 -1.0 -1.0 0.0 0.2986143133581839 0.3452235563719627 0.35616213026985355
9 314.0 0.0 -1.0 -1.0 -1.0 0.0 0.3153925654876779 0.3237366194852351 0.3608708150270871
9 315.0 0.0 -1.0 -1.0 -1.0 0.0 0.31678152345649435 0.32930974430992344 0.3539087322335821
9 316.0 0.0 -1.0 -1.0 -1.0 0.0 0.30943042787205705 0.3314157415934168 0.359153830534526
9 317.0 0.0 -1.0 -1.0 -1.0 0.0 0.3067833108185158 0.3386041370431228 0.3546125521383612
9 318.0 0.0 -1.0 -1.0 -1.0 0.0 0.2982538219268864 0.33130955951765906 0.37043661855545457
9 319.0 0.0 -1.0 -1.0 -1.0 0.0 0.33131238964189696 0.3175347391820408 0.3511528711760622
9 320.0 0.0 -1.0 -1.0 -1.0 0.0 0.3181851756806984 0.29334284188966525 0.38847198242963643
9 321.0 0.0 -1.0 -1.0 -1.0 0.0 0.31256970465236467 0.2970840331104424 0.3903462622371926
9 322.0 0.0 -1.0 -1.0 -1.0 0.0 0.3095217023584297 0.32245008244551676 0.3680282151960536
9 323.0 0.0 -1.0 -1.0 -1.0 0.0 0.2915455992037729 0.34530928468377653 0.3631451161124508
9 324.0 0.0 -1.0 -1.0 -1.0 0.0 0.2951024268322253 0.34526947219534176 0.3596281009724329
9 325.0 0.0 -1.0 -1.0 -1.0 0.0 0.2904872803856495 0.31842364384982474 0.3910890757645257
9 326.0 0.0 -1.0 -1.0 -1.0 0.0 0.3026459970134327 0.3567327013001571 0.34062130168640986
9 327.0 0.0 -1.0 -1.0 -1.0 0.0 0.3167149874574188 0.35847218953099036 0.32481282301159103
9 328.0 0.0 -1.0 -1.0 -1.0 0.0 0.3078501039292498 0.3597748816561339 0.3323750144146162
9 329.0 0.0 -1.0 -1.0 -1.0 0.0 0.31888423562039636 0.34177170730601936 0.3393440570735843
9 330.0 0.0 -1.0 -1.0 -1.0 0.0 0.33623484560377936 0.34486107052880827 0.3189040838674125
9 331.0 0.0 -1.0 -1.0 -1.0 0.0 0.3260672321970995 0.3397508853760741 0.3341818824268266
9 332.0 0.0 -1.0 -1.0 -1.0 0.0 0.31719015897014946 0.3145297544025462 0.3682800866273043
9 333.0 0.0 -1.0 -1.0 -1.0 0.0 0.34111712273702904 0.319766290346496 0.3391165869164747
9 334.0 0.0 -1.0 -1.0 -1.0 0.0 0.3451389256070882 0.3264015254936581 0.3284595488992536
9 335.0 0.0 -1.0 -1.0 -1.0 0.0 0.3391735165549926 0.3345886687537497 0.3262378146912577
9 336.0 0.0 -1.0 -1.0 -1.0 0.0 0.3222973754626681 0.35729561758160705 0.32040700695572505
9 337.0 0.0 -1.0 -1.0 -1.0 0.0 0.3056892985704056 0.37667289429008993 0.3176378071395045
9 338.0 0.0 -1.0 -1.0 -1.0 0.0 0.32681990117223464 0.3506557777609075 0.3225243210668578
9 339.0 0.0 -1.0 -1.0 -1.0 0.0 0.3139063416526001 0.34976867765627495 0.33632498069112493
9 340.0 0.0 -1.0 -1.0 -1.0 0.0 0.34445868609599567 0.33122243339128915 0.32431888051271507
9 341.0 0.0 -1.0 -1.0 -1.0 0.0 0.36397460636594586 0.32630529018864524 0.30972010344540885
9 342.0 0.0 -1.0 -1.0 -1.0 0.0 0.39816260116427976 0.30439006705968813 0.2974473317760321
9 343.0 0.0 -1.0 -1.0 -1.0 0.0 0.3865755327813572 0.2948073479683588 0.31861711925028396
9 344.0 0.0 -1.0 -1.0 -1.0 0.0 0.4058689791954682 0.303733136210372 0.29039788459415994
9 345.0 0.0 -1.0 -1.0 -1.0 0.0 0.4145952453995765 0.30599576209494844 0.2794089925054753
9 346.0 0.0 -1.0 -1.0 -1.0 0.0 0.3902797899442019 0.3419524759098341 0.2677677341459641
9 347.0 0.0 -1.0 -1.0 -1.0 0.0 0.3597662239509844 0.35645978710896226 0.283773988940053
9 348.0 0.0 -1.0 -1.0 -1.0 0.0 0.36688853499817514 0.34187247746301436 0.29123898753881095
9 349.0 0.0 -1.0 -1.0 -1.0 0.0 0.39103949778304214 0.3416554767593116 0.26730502545764645
9 350.0 0.0 -1.0 -1.0 -1.0 0.0 0.37907703883805305 0.330929588332703 0.2899933728292439
9 351.0 0.0 -1.0 -1.0 -1.0 0.0 0.3457966988879377 0.34594387109477454 0.30825943001728784
9 352.0 0.0 -1.0 -1.0 -1.0 0.0 0.3494939160461412 0.33405169543109986 0.31645438852275876
9 353.0 0.0 -1.0 -1.0 -1.0 0.0 0.3825563863853894 0.32562945120016523 0.2918141624144455
9 354.0 0.0 -1.0 -1.0 -1.0 0.0 0.3736085756700925 0.3433849638923028 0.28300646043760486
9 355.0 0.0 -1.0 -1.0 -1.0 0.0 0.3724027385639577 0.34135704665142197 0.2862402147846199
9 356.0 0.0 -1.0 -1.0 -1.0 0.0 0.3521523447162272 0.33839779693806527 0.3094498583457073
9 357.0 0.0 -1.0 -1.0 -1.0 0.0 0.32555522549862226 0.3425804322026485 0.33186434229872924
9 358.0 0.0 -1.0 -1.0 -1.0 0.0 0.31940225103432074 0.35672438005765456 0.3238733689080248
9 359.0 0.0 -1.0 -1.0 -1.0 0.0 0.32536536220249224 0.3259218742551662 0.34871276354234126
9 360.0 0.0 -1.0 -1.0 -1.0 0.0 0.31203386045601106 0.33198705266680234 0.3559790868771864
9 361.0 0.0 -1.0 -1.0 -1.0 0.0 0.3085244512201291 0.34193493762655586 0.34954061115331514
9 362.0 0.0 -1.0 -1.0 -1.0 0.0 0.3219952569415268 0.33381361008588994 0.3441911329725831
9 363.0 0.0 -1.0 -1.0 -1.0 0.0 0.3345449566479428 0.3295306063943149 0.3359244369577425
9 364.0 0.0 -1.0 -1.0 -1.0 0.0 0.3339980643405221 0.33088580367697956 0.3351161319824984
9 365.0 0.0 -1.0 -1.0 -1.0 0.0 0.31791730295561615 0.334398258912496 0.347684438131888
9 366.0 0.0 -1.0 -1.0 -1.0 0.0 0.3122841091344904 0.3381980236839123 0.34951786718159744
9 367.0 0.0 -1.0 -1.0 -1.0 0.0 0.306336358483579 0.34363246732283337 0.35003117419358776
9 368.0 0.0 -1.0 -1.0 -1.0 0.0 0.31750291321500185 0.3277888822568324 0.3547082045281656
9 369.0 0.0 -1.0 -1.0 -1.0 0.0 0.31323375251356944 0.33468537006385674 0.35208087742257377
9 370.0 0.0 -1.0 -1.0 -1.0 0.0 0.31951685567552596 0.3304063969803686 0.3500767473441051
9 371.0 0.0 -1.0 -1.0 -1.0 0.0 0.3025284883740298 0.3362071295255854 0.3612643821003849
9 372.0 0.0 -1.0 -1.0 -1.0 0.0 0.3232714143786588 0.3593189206492466 0.31740966497209444
9 373.0 0.0 -1.0 -1.0 -1.0 0.0 0.3104463227824906 0.37397899863991774 0.31557467857759164
9 374.0 0.0 -1.0 -1.0 -1.0 0.0 0.3187590373067602 0.3634771467453686 0.3177638159478713
9 375.0 0.0 -1.0 -1.0 -1.0 0.0 0.3241607190675682 0.3575306234140275 0.3183086575184044
9 376.0 0.0 -1.0 -1.0 -1.0 0.0 0.3092741518641254 0.36070089100643954 0.3300249571294352
9 377.0 0.0 -1.0 -1.0 -1.0 0.0 0.2950999477161805 0.3692132491582252 0.3356868031255945
9 378.0 0.0 -1.0 -1.0 -1.0 0.0 0.30865628884602286 0.36400163846171696 0.32734207269226046
9 379.0 0.0 -1.0 -1.0 -1.0 0.0 0.30276407860800636 0.36185151998828663 0.33538440140370684
9 380.0 0.0 -1.0 -1.0 -1.0 0.0 0.2964443643847612 0.36240810753722774 0.34114752807801096
9 381.0 0.0 -1.0 -1.0 -1.0 0.0 0.28597638295036076 0.3961274778162875 0.31789613923335186
9 382.0 0.0 -1.0 -1.0 -1.0 0.0 0.3009082236110245 0.3592635905367484 0.3398281858522272
9 383.0 0.0 -1.0 -1.0 -1.0 0.0 0.28654192439624526 0.3727125854230448 0.3407454901807103
9 384.0 0.0 -1.0 -1.0 -1.0 0.0 0.3205238883092338 0.34967349464781255 0.32980261704295366
9 385.0 0.0 -1.0 -1.0 -1.0 0.0 0.31290935624484323 0.36491377838246775 0.3221768653726892
9 386.0 0.0 -1.0 -1.0 -1.0 0.0 0.2922031412688462 0.35551929956277706 0.3522775591683766
9 387.0 0.0 -1.0 -1.0 -1.0 0.0 0.2941800223201281 0.36745078875508114 0.33836918892479095
9 388.0 0.0 -1.0 -1.0 -1.0 0.0 0.30932995421894954 0.3539832110669121 0.3366868347141384
9 389.0 0.0 -1.0 -1.0 -1.0 0.0 0.3234715830206422 0.33526036275634175 0.3412680542230159
9 390.0 0.0 -1.0 -1.0 -1.0 0.0 0.327072276049762 0.32136640046357234 0.3515613234866658
9 391.0 0.0 -1.0 -1.0 -1.0 0.0 0.33685847461162843 0.30214616424775176 0.3609953611406198
9 392.0 0.0 -1.0 -1.0 -1.0 0.0 0.30590087804326876 0.3297815383788485 0.364317583577883
9 393.0 0.0 -1.0 -1.0 -1.0 0.0 0.3082826615813445 0.3311581071270058 0.3605592312916497
9 394.0 0.0 -1.0 -1.0 -1.0 0.0 0.2996967451454509 0.3591432951261252 0.3411599597284242
9 395.0 0.0 -1.0 -1.0 -1.0 0.0 0.2897432007938601 0.3573986376608558 0.35285816154528427
9 396.0 0.0 -1.0 -1.0 -1.0 0.0 0.2784885091331414 0.35833548393107423 0.3631760069357844
9 397.0 0.0 -1.0 -1.0 -1.0 0.0 0.3260389080059568 0.3553720599644607 0.3185890320295826
9 398.0 0.0 -1.0 -1.0 -1.0 0.0 0.3214737844959996 0.34948946212044874 0.3290367533835516
9 399.0 0.0 -1.0 -1.0 -1.0 0.0 0.31632603216368227 0.31352191633263976 0.370152051503678
9 400.0 0.0 -1.0 -1.0 -1.0 0.0 0.3091283769975003 0.32422315876127167 0.366648464241228
9 401.0 0.0 -1.0 -1.0 -1.0 0.0 0.30270252385039365 0.32473276506348575 0.37256471108612066
9 402.0 0.0 -1.0 -1.0 -1.0 0.0 0.2797596900479578 0.34678594868266316 0.37345436126937903
9 403.0 0.0 -1.0 -1.0 -1.0 0.0 0.26759605627305194 0.3509720154037143 0.38143192832323386
9 404.0 0.0 -1.0 -1.0 -1.0 0.0 0.3008645313277173 0.33938702483119954 0.3597484438410834
9 405.0 0.0 -1.0 -1.0 -1.0 0.0 0.304325267315594 0.3557128552226041 0.3399618774618017
9 406.0 0.0 -1.0 -1.0 -1.0 0.0 0.3188379290163257 0.35028252921754793 0.3308795417661264
9 407.0 0.0 -1.0 -1.0 -1.0 0.0 0.33132300265084264 0.337214187532515 0.3314628098166424
9 408.0 0.0 -1.0 -1.0 -1.0 0.0 0.31398816222941034 0.3595264441363208 0.3264853936342689
9 409.0 0.0 -1.0 -1.0 -1.0 0.0 0.293752949023117 0.35042755707632894 0.3558194939005541
9 410.0 0.0 -1.0 -1.0 -1.0 0.0 0.3179041530400914 0.35453910571975433 0.3275567412401542
9 411.0 0.0 -1.0 -1.0 -1.0 0.0 0.317560043044939 0.350842191105451 0.3315977658496101
9 412.0 0.0 -1.0 -1.0 -1.0 0.0 0.3289487395068394 0.3383681349601829 0.3326831255329775
9 413.0 0.0 -1.0 -1.0 -1.0 0.0 0.3491953722940264 0.32921188881184416 0.32159273889412954
9 414.0 0.0 -1.0 -1.0 -1.0 0.0 0.3295941157783088 0.33497912461821416 0.33542675960347706
9 415.0 0.0 -1.0 -1.0 -1.0 0.0 0.3395882675938614 0.3223699225882239 0.3380418098179144
9 416.0 0.0 -1.0 -1.0 -1.0 0.0 0.3113091228513265 0.3519623545358575 0.3367285226128159
9 417.0 0.0 -1.0 -1.0 -1.0 0.0 0.3298580285853215 0.3519455141860114 0.3181964572286671
9 418.0 0.0 -1.0 -1.0 -1.0 0.0 0.3189945051328658 0.3506842740837001 0.3303212207834339
9 419.0 0.0 -1.0 -1.0 -1.0 0.0 0.3088829138380274 0.3541967284770042 0.3369203576849681
9 420.0 0.0 -1.0 -1.0 -1.0 0.0 0.2956684461191656 0.33885963301827415 0.3654719208625602
9 421.0 0.0 -1.0 -1.0 -1.0 0.0 0.30162851429139165 0.32187822282515205 0.37649326288345614
9 422.0 0.0 -1.0 -1.0 -1.0 0.0 0.3231464206607236 0.31678901982514734 0.3600645595141292
9 423.0 0.0 -1.0 -1.0 -1.0 0.0 0.2978018479646532 0.3327286446569348 0.36946950737841194
9 424.0 0.0 -1.0 -1.0 -1.0 0.0 0.2948502297910022 0.31569829882525097 0.3894514713837467
9 425.0 0.0 -1.0 -1.0 -1.0 0.0 0.30913820022136973 0.30948551208896824 0.3813762876896621
9 426.0 0.0 -1.0 -1.0 -1.0 0.0 0.33427505194164625 0.3100995937092157 0.3556253543491381
9 427.0 0.0 -1.0 -1.0 -1.0 0.0 0.3405430899970179 0.2943714725989857 0.3650854374039963
9 428.0 0.0 -1.0 -1.0 -1.0 0.0 0.3103123443990769 0.3224864276947927 0.3672012279061304
9 429.0 0.0 -1.0 -1.0 -1.0 0.0 0.3252533857138971 0.3070970841049009 0.3676495301812021
9 430.0 0.0 -1.0 -1.0 -1.0 0.0 0.3332279387747562 0.32526295981057873 0.34150910141466495
9 431.0 0.0 -1.0 -1.0 -1.0 0.0 0.3271535584328811 0.3336546993599441 0.3391917422071748
9 432.0 0.0 -1.0 -1.0 -1.0 0.0 0.35963775780618595 0.31733114826342973 0.32303109393038426
9 433.0 0.0 -1.0 -1.0 -1.0 0.0 0.3170419504432396 0.3456871399750404 0.33727090958172035
9 434.0 0.0 -1.0 -1.0 -1.0 0.0 0.31029781404748136 0.34186527216242474 0.3478369137900936
9 435.0 0.0 -1.0 -1.0 -1.0 0.0 0.3081228786799418 0.3609577152920882 0.3309194060279698
9 436.0 0.0 -1.0 -1.0 -1.0 0.0 0.30015970752200066 0.35468982703622715 0.345150465441772
9 437.0 0.0 -1.0 -1.0 -1.0 0.0 0.32315204237361683 0.349964505538512 0.32688345208787134
9 438.0 0.0 -1.0 -1.0 -1.0 0.0 0.3505877142114606 0.32978578579339723 0.31962649999514214
9 439.0 0.0 -1.0 -1.0 -1.0 0.0 0.3426062701418949 0.3065681279157175 0.3508256019423878
9 440.0 0.0 -1.0 -1.0 -1.0 0.0 0.3367045939409119 0.32194735870243024 0.34134804735665797
9 441.0 0.0 -1.0 -1.0 -1.0 0.0 0.32089989332848107 0.31765328317332275 0.3614468234981959
9 442.0 0.0 -1.0 -1.0 -1.0 0.0 0.3398206697699739 0.32127526247739097 0.3389040677526352
9 443.0 0.0 -1.0 -1.0 -1.0 0.0 0.340273866915256 0.30045511045534123 0.35927102262940236
9 444.0 0.0 -1.0 -1.0 -1.0 0.0 0.30171575868021816 0.3323372852101636 0.36594695610961814
9 445.0 0.0 -1.0 -1.0 -1.0 0.0 0.2834482256418698 0.34948417497388923 0.36706759938424105
9 446.0 0.0 -1.0 -1.0 -1.0 0.0 0.31317262267221685 0.3587688259361546 0.32805855139162854
9 447.0 0.0 -1.0 -1.0 -1.0 0.0 0.35043824778809574 0.3321693833849628 0.3173923688269415
9 448.0 0.0 -1.0 -1.0 -1.0 0.0 0.37851091806671605 0.3262898650727017 0.29519921686058215
9 449.0 0.0 -1.0 -1.0 -1.0 0.0 0.3675095367081157 0.33259346507852183 0.29989699821336213
9 450.0 0.0 -1.0 -1.0 -1.0 0.0 0.35733828463530076 0.33524785701436566 0.30741385835033364
9 451.0 0.0 -1.0 -1.0 -1.0 0.0 0.33457187129290766 0.3458900154509375 0.3195381132561547
9 452.0 0.0 -1.0 -1.0 -1.0 0.0 0.3395711310540462 0.339813907326899 0.3206149616190549
9 453.0 0.0 -1.0 -1.0 -1.0 0.0 0.37136153107254105 0.3119407491530659 0.31669771977439287
9 454.0 0.0 -1.0 -1.0 -1.0 0.0 0.3532234951447051 0.2875183493098683 0.3592581555454269
9 455.0 0.0 -1.0 -1.0 -1.0 0.0 0.3568268860098746 0.31194737311798637 0.3312257408721391
9 456.0 0.0 -1.0 -1.0 -1.0 0.0 0.3160128650019136 0.3077083300522997 0.37627880494578664
9 457.0 0.0 -1.0 -1.0 -1.0 0.0 0.30516969288896045 0.3149206555914942 0.3799096515195455
9 458.0 0.0 -1.0 -1.0 -1.0 0.0 0.3124595182057937 0.3257990983431131 0.3617413834510931
9 459.0 0.0 -1.0 -1.0 -1.0 0.0 0.28878973422709214 0.35530817089192324 0.3559020948809844
9 460.0 0.0 -1.0 -1.0 -1.0 0.0 0.2736365469578451 0.36884953070019577 0.35751392234195917
9 461.0 0.0 -1.0 -1.0 -1.0 0.0 0.2933490413318628 0.37184943163168305 0.3348015270364539
9 462.0 0.0 -1.0 -1.0 -1.0 0.0 0.30893551263549507 0.34511248354336665 0.34595200382113833
9 463.0 0.0 -1.0 -1.0 -1.0 0.0 0.2966011224716139 0.36661283082207113 0.33678604670631507
9 464.0 0.0 -1.0 -1.0 -1.0 0.0 0.30837620572334257 0.35400003619498444 0.3376237580816731
9 465.0 0.0 -1.0 -1.0 -1.0 0.0 0.3445205941060781 0.33383331129035027 0.3216460946035717
9 466.0 0.0 -1.0 -1.0 -1.0 0.0 0.31148389229897194 0.35620761811991175 0.3323084895811164
9 467.0 0.0 -1.0 -1.0 -1.0 0.0 0.33520276704932916 0.3275010661217741 0.3372961668288968
9 468.0 0.0 -1.0 -1.0 -1.0 0.0 0.3411080478502775 0.31929336854903245 0.33959858360069
9 469.0 0.0 -1.0 -1.0 -1.0 0.0 0.33910215036138647 0.32300349039625975 0.33789435924235356
9 470.0 0.0 -1.0 -1.0 -1.0 0.0 0.3592251715519295 0.3067159805395773 0.3340588479084933
9 471.0 0.0 -1.0 -1.0 -1.0 0.0 0.3342271998094228 0.30922634856131237 0.35654645162926485
9 472.0 0.0 -1.0 -1.0 -1.0 0.0 0.34473732116498723 0.2932184242930905 0.36204425454192224
9 473.0 0.0 -1.0 -1.0 -1.0 0.0 0.33291113212814266 0.30211912740493035 0.3649697404669267
9 474.0 0.0 -1.0 -1.0 -1.0 0.0 0.34060428293637857 0.31532922052588863 0.3440664965377331
9 475.0 0.0 -1.0 -1.0 -1.0 0.0 0.32501398029209605 0.333301560392513 0.3416844593153913
9 476.0 0.0 -1.0 -1.0 -1.0 0.0 0.3065675682958842 0.3602249920091095 0.3332074396950062
9 477.0 0.0 -1.0 -1.0 -1.0 0.0 0.3173286402480463 0.36493727921928715 0.31773408053266644
9 478.0 0.0 -1.0 -1.0 -1.0 0.0 0.30259087413122815 0.33796830014910684 0.3594408257196651
9 479.0 0.0 -1.0 -1.0 -1.0 0.0 0.29327067861038403 0.3539919135181851 0.3527374078714311
9 480.0 0.0 -1.0 -1.0 -1.0 0.0 0.30884779391693606 0.3503044816758063 0.3408477244072577
9 481.0 0.0 -1.0 -1.0 -1.0 0.0 0.3099593824217534 0.3194743204984391 0.37056629707980754
9 482.0 0.0 -1.0 -1.0 -1.0 0.0 0.3137973301227229 0.334806681340553 0.35139598853672405
9 483.0 0.0 -1.0 -1.0 -1.0 0.0 0.3185268132137653 0.32843862194928186 0.3530345648369528
9 484.0 0.0 -1.0 -1.0 -1.0 0.0 0.3530833771856671 0.3273994326458567 0.3195171901684761
9 485.0 0.0 -1.0 -1.0 -1.0 0.0 0.36946200884596914 0.32570491299457033 0.30483307815946065
9 486.0 0.0 -1.0 -1.0 -1.0 0.0 0.37828102884443554 0.3356744713412849 0.2860444998142795
9 487.0 0.0 -1.0 -1.0 -1.0 0.0 0.376564335061117 0.3416890026373437 0.28174666230153916
9 488.0 0.0 -1.0 -1.0 -1.0 0.0 0.34628157370148605 0.3300523006261726 0.32366612567234126
9 489.0 0.0 -1.0 -1.0 -1.0 0.0 0.3556321027126062 0.31347111756268153 0.3308967797247121
9 490.0 0.0 -1.0 -1.0 -1.0 0.0 0.3248756384601921 0.3392076666663491 0.3359166948734589
9 491.0 0.0 -1.0 -1.0 -1.0 0.0 0.3437207269085434 0.32257009660450336 0.33370917648695303
9 492.0 0.0 -1.0 -1.0 -1.0 0.0 0.3589009114722984 0.2942830313897601 0.3468160571379412
9 493.0 0.0 -1.0 -1.0 -1.0 0.0 0.3628375540098481 0.30458565416202804 0.3325767918281239
9 494.0 0.0 -1.0 -1.0 -1.0 0.0 0.34013933842353133 0.2988217348953281 0.3610389266811407
9 495.0 0.0 -1.0 -1.0 -1.0 0.0 0.3439407143082298 0.33284158475113784 0.32321770094063224
9 496.0 0.0 -1.0 -1.0 -1.0 0.0 0.33881789990850003 0.34552049187067735 0.31566160822082284
9 497.0 0.0 -1.0 -1.0 -1.0 0.0 0.3390187857632966 0.35907675749051376 0.3019044567461899
9 498.0 0.0 -1.0 -1.0 -1.0 0.0 0.3456162810121932 0.3561794958464646 0.2982042231413423
9 499.0 0.0 -1.0 -1.0 -1.0 0.0 0.33782155755961796 0.3182391535145541 0.3439392889258281
9 500.0 0.0 -1.0 -1.0 -1.0 0.0 0.34916795124175026 0.3148223966756285 0.3360096520826211
9 501.0 0.0 -1.0 -1.0 -1.0 0.0 0.3224317297648403 0.3591591290542897 0.31840914118087
9 502.0 0.0 -1.0 -1.0 -1.0 0.0 0.29941035206268707 0.3714984704445699 0.32909117749274275
9 503.0 0.0 -1.0 -1.0 -1.0 0.0 0.31144069096208044 0.348895147426945 0.33966416161097485
9 504.0 0.0 -1.0 -1.0 -1.0 0.0 0.32742559021447326 0.33426765363773137 0.3383067561477955
9 505.0 0.0 -1.0 -1.0 -1.0 0.0 0.32082142284190296 0.34589482341802014 0.3332837537400768
9 506.0 0.0 -1.0 -1.0 -1.0 0.0 0.3457763915861461 0.3403693737720404 0.31385423464181356
9 507.0 0.0 -1.0 -1.0 -1.0 0.0 0.33024269334653994 0.35664014727809834 0.3131171593753615
9 508.0 0.0 -1.0 -1.0 -1.0 0.0 0.3134083471040557 0.3673454136187118 0.3192462392772322
9 509.0 0.0 -1.0 -1.0 -1.0 0.0 0.31075012967825033 0.3593625644728153 0.32988730584893416
9 510.0 0.0 -1.0 -1.0 -1.0 0.0 0.3028639520744641 0.3684110356902012 0.3287250122353347
9 511.0 0.0 -1.0 -1.0 -1.0 0.0 0.31416655460108095 0.3612412913707169 0.32459215402820213
9 512.0 0.0 -1.0 -1.0 -1.0 0.0 0.3383490010649042 0.34398385006441784 0.3176671488706782
9 513.0 0.0 -1.0 -1.0 -1.0 0.0 0.3352877725447245 0.33970463527345374 0.32500759218182146
9 514.0 0.0 -1.0 -1.0 -1.0 0.0 0.30117521907411604 0.35516819103389863 0.3436565898919854
9 515.0 0.0 -1.0 -1.0 -1.0 0.0 0.2959247694098896 0.3565362865722684 0.34753894401784247
9 516.0 0.0 -1.0 -1.0 -1.0 0.0 0.30437203813712754 0.3525062635606567 0.34312169830221584
9 517.0 0.0 -1.0 -1.0 -1.0 0.0 0.29597988731012537 0.36432825967033916 0.33969185301953553
9 518.0 0.0 -1.0 -1.0 -1.0 0.0 0.2990343123660383 0.35917448073265434 0.34179120690130743
9 519.0 0.0 -1.0 -1.0 -1.0 0.0 0.286102089995983 0.3664316732206228 0.34746623678339433
9 520.0 0.0 -1.0 -1.0 -1.0 0.0 0.29450331396050133 0.3700876503011664 0.33540903573833203
9 521.0 0.0 -1.0 -1.0 -1.0 0.0 0.2800425788500996 0.36737168127777653 0.3525857398721239
9 522.0 0.0 -1.0 -1.0 -1.0 0.0 0.2874712267594223 0.3575751411667148 0.3549536320738626
9 523.0 0.0 -1.0 -1.0 -1.0 0.0 0.29822790248380804 0.35665764772301434 0.3451144497931777
9 524.0 0.0 -1.0 -1.0 -1.0 0.0 0.3137630695782809 0.3340841001979017 0.35215283022381777
9 525.0 0.0 -1.0 -1.0 -1.0 0.0 0.3384858610689128 0.3368920740512184 0.32462206487986883
9 526.0 0.0 -1.0 -1.0 -1.0 0.0 0.3515340354338623 0.32926121499477756 0.31920474957136
9 527.0 0.0 -1.0 -1.0 -1.0 0.0 0.34280382287830924 0.3313508692118809 0.3258453079098099
9 528.0 0.0 -1.0 -1.0 -1.0 0.0 0.34659009499492816 0.32734790835207206 0.32606199665300006
9 529.0 0.0 -1.0 -1.0 -1.0 0.0 0.357358022474531 0.29208350878300837 0.3505584687424607
9 530.0 0.0 -1.0 -1.0 -1.0 0.0 0.3700224662269257 0.3192268679101561 0.31075066586291816
9 531.0 0.0 -1.0 -1.0 -1.0 0.0 0.37660034065428205 0.3370966465509935 0.28630301279472475
9 532.0 0.0 -1.0 -1.0 -1.0 0.0 0.37183389806639305 0.3349271361302393 0.29323896580336745
9 533.0 0.0 -1.0 -1.0 -1.0 0.0 0.3805950936984022 0.3430507980392142 0.27635410826238366
9 534.0 0.0 -1.0 -1.0 -1.0 0.0 0.36114795343824135 0.33979413324085606 0.29905791332090265
9 535.0 0.0 -1.0 -1.0 -1.0 0.0 0.37397765491428003 0.34681278754276923 0.2792095575429506
9 536.0 0.0 -1.0 -1.0 -1.0 0.0 0.3495349110361206 0.37840477202905953 0.27206031693481963
9 537.0 0.0 -1.0 -1.0 -1.0 0.0 0.3367408895725182 0.3765330878470743 0.2867260225804077
9 538.0 0.0 -1.0 -1.0 -1.0 0.0 0.36613258369933 0.3576171993317648 0.2762502169689053
9 539.0 0.0 -1.0 -1.0 -1.0 0.0 0.3589938168838765 0.3606986345806453 0.2803075485354781
9 540.0 0.0 -1.0 -1.0 -1.0 0.0 0.35510013214788666 0.36625229343469884 0.27864757441741456
9 541.0 0.0 -1.0 -1.0 -1.0 0.0 0.3490077973917808 0.36785962422238017 0.2831325783858391
9 542.0 0.0 -1.0 -1.0 -1.0 0.0 0.3644299861840237 0.32747358822380646 0.3080964255921696
9 543.0 0.0 -1.0 -1.0 -1.0 0.0 0.3423123824013693 0.33171954173421164 0.3259680758644191
9 544.0 0.0 -1.0 -1.0 -1.0 0.0 0.3305997863026201 0.343082118592072 0.32631809510530785
9 545.0 0.0 -1.0 -1.0 -1.0 0.0 0.31946684731055974 0.32873386384693154 0.35179928884250894
9 546.0 0.0 -1.0 -1.0 -1.0 0.0 0.31633674913300586 0.33593152216272976 0.34773172870426433
9 547.0 0.0 -1.0 -1.0 -1.0 0.0 0.31511568152488456 0.34191792861946363 0.3429663898556518
9 548.0 0.0 -1.0 -1.0 -1.0 0.0 0.32662935790453335 0.3335011864383732 0.33986945565709353
9 549.0 0.0 -1.0 -1.0 -1.0 0.0 0.3587622993174858 0.3370783027040672 0.30415939797844727
9 550.0 0.0 -1.0 -1.0 -1.0 0.0 0.37114075518351863 0.3281374694264755 0.30072177539000583
9 551.0 0.0 -1.0 -1.0 -1.0 0.0 0.3413806570829213 0.335555275213747 0.3230640677033316
9 552.0 0.0 -1.0 -1.0 -1.0 0.0 0.3388444959677537 0.3327853953911294 0.3283701086411172
9 553.0 0.0 -1.0 -1.0 -1.0 0.0 0.3511118865410078 0.3173402985995657 0.3315478148594268
9 554.0 0.0 -1.0 -1.0 -1.0 0.0 0.3418338570991077 0.3375996396234949 0.32056650327739733
9 555.0 0.0 -1.0 -1.0 -1.0 0.0 0.3413473982297235 0.32650915486120136 0.3321434469090752
9 556.0 0.0 -1.0 -1.0 -1.0 0.0 0.3331793633359309 0.3145145971912606 0.35230603947280853
9 557.0 0.0 -1.0 -1.0 -1.0 0.0 0.33257323482883 0.32809299501398775 0.3393337701571822
9 558.0 0.0 -1.0 -1.0 -1.0 0.0 0.3504644743994861 0.31402717147247783 0.335508354128036
9 559.0 0.0 -1.0 -1.0 -1.0 0.0 0.3432239871096965 0.337878504379644 0.3188975085106597
9 560.0 0.0 -1.0 -1.0 -1.0 0.0 0.35462598358286046 0.32088175998794943 0.32449225642919005
9 561.0 0.0 -1.0 -1.0 -1.0 0.0 0.3643753865208555 0.3379854608324491 0.2976391526466953
9 562.0 0.0 -1.0 -1.0 -1.0 0.0 0.343926532128345 0.3404459426759445 0.3156275251957104
9 563.0 0.0 -1.0 -1.0 -1.0 0.0 0.3458101369098304 0.332956245430198 0.32123361765997155
9 564.0 0.0 -1.0 -1.0 -1.0 0.0 0.36303320619885915 0.3237746543478467 0.3131921394532941
9 565.0 0.0 -1.0 -1.0 -1.0 0.0 0.34415706988524275 0.3645091467448123 0.291333783369945
9 566.0 0.0 -1.0 -1.0 -1.0 0.0 0.3083826470878143 0.34590224315517054 0.3457151097570151
9 567.0 0.0 -1.0 -1.0 -1.0 0.0 0.30633720019438454 0.35817831269997513 0.3354844871056404
9 568.0 0.0 -1.0 -1.0 -1.0 0.0 0.3313896150522387 0.3497436105729617 0.3188667743747997
9 569.0 0.0 -1.0 -1.0 -1.0 0.0 0.3265153288544318 0.33106733188292 0.342417339262648
9 570.0 0.0 -1.0 -1.0 -1.0 0.0 0.3503077704036468 0.32101840203498466 0.3286738275613684
9 571.0 0.0 -1.0 -1.0 -1.0 0.0 0.36713530883427653 0.32922726033564464 0.30363743083007877
9 572.0 0.0 -1.0 -1.0 -1.0 0.0 0.3737280910547082 0.3113206873406578 0.3149512216046341
9 573.0 0.0 -1.0 -1.0 -1.0 0.0 0.363682313790138 0.3070207174595509 0.32929696875031106
9 574.0 0.0 -1.0 -1.0 -1.0 0.0 0.3574978191863979 0.3140009216286908 0.328501259184911
9 575.0 0.0 -1.0 -1.0 -1.0 0.0 0.34150298496967685 0.30530329774568626 0.35319371728463694
9 576.0 0.0 -1.0 -1.0 -1.0 0.0 0.34365522817468874 0.30076043570384303 0.3555843361214682
9 577.0 0.0 -1.0 -1.0 -1.0 0.0 0.3361242682500024 0.31565333846058125 0.3482223932894164
9 578.0 0.0 -1.0 -1.0 -1.0 0.0 0.3225399467415874 0.31555225358450356 0.36190779967390874
9 579.0 0.0 -1.0 -1.0 -1.0 0.0 0.2943897949173318 0.3432861624904399 0.36232404259222817
9 580.0 0.0 -1.0 -1.0 -1.0 0.0 0.32033150369337754 0.3438268065420796 0.33584168976454293
9 581.0 0.0 -1.0 -1.0 -1.0 0.0 0.330991103790929 0.34980128798422433 0.31920760822484673
9 582.0 0.0 -1.0 -1.0 -1.0 0.0 0.33678969671342945 0.33416483232630634 0.3290454709602642
9 583.0 0.0 -1.0 -1.0 -1.0 0.0 0.34187818610476767 0.340191375365805 0.3179304385294273
9 584.0 0.0 -1.0 -1.0 -1.0 0.0 0.3537412150554535 0.3397192494287868 0.30653953551575985
9 585.0 0.0 -1.0 -1.0 -1.0 0.0 0.3304864023309632 0.35558023259801247 0.3139333650710244
9 586.0 0.0 -1.0 -1.0 -1.0 0.0 0.3455724194718103 0.3180001997502927 0.3364273807778973
9 587.0 0.0 -1.0 -1.0 -1.0 0.0 0.337717476590285 0.3460272277868597 0.3162552956228552
9 588.0 0.0 -1.0 -1.0 -1.0 0.0 0.3467693385955322 0.340647645351498 0.3125830160529699
9 589.0 0.0 -1.0 -1.0 -1.0 0.0 0.36824325781546235 0.30503622738695263 0.32672051479758485
9 590.0 0.0 -1.0 -1.0 -1.0 0.0 0.35038527691460575 0.3022584372341575 0.34735628585123685
9 591.0 0.0 -1.0 -1.0 -1.0 0.0 0.3528805596573391 0.300242637186815 0.3468768031558458
9 592.0 0.0 -1.0 -1.0 -1.0 0.0 0.356314510705358 0.3113227156153975 0.3323627736792445
9 593.0 0.0 -1.0 -1.0 -1.0 0.0 0.3438285720100454 0.31686103366490587 0.33931039432504845
9 594.0 0.0 -1.0 -1.0 -1.0 0.0 0.3501555869322753 0.3047858160101501 0.34505859705757447
9 595.0 0.0 -1.0 -1.0 -1.0 0.0 0.32757098139028756 0.3288122623980291 0.34361675621168336
9 596.0 0.0 -1.0 -1.0 -1.0 0.0 0.3224486469322239 0.33889996350949353 0.3386513895582827
9 597.0 0.0 -1.0 -1.0 -1.0 0.0 0.3397954774674938 0.34358165648419264 0.31662286604831336
9 598.0 0.0 -1.0 -1.0 -1.0 0.0 0.33759804485952083 0.3464346407262395 0.31596731441423986
9 599.0 0.0 -1.0 -1.0 -1.0 0.0 0.36226375577068465 0.3220253071564455 0.31571093707286996
9 600.0 0.0 -1.0 -1.0 -1.0 0.0 0.38122789298109455 0.315567415669619 0.30320469134928646
9 601.0 0.0 -1.0 -1.0 -1.0 0.0 0.3547291953168529 0.3413831413515369 0.3038876633316102
9 602.0 0.0 -1.0 -1.0 -1.0 0.0 0.34361935886925715 0.33152814875876013 0.3248524923719829
9 603.0 0.0 -1.0 -1.0 -1.0 0.0 0.33524804586929713 0.3372443663339898 0.32750758779671324
9 604.0 0.0 -1.0 -1.0 -1.0 0.0 0.32119359242096907 0.3410603709195305 0.33774603665950037
9 605.0 0.0 -1.0 -1.0 -1.0 0.0 0.33021512165407324 0.33519721824654397 0.334587660099383
9 606.0 0.0 -1.0 -1.0 -1.0 0.0 0.3246496294789604 0.33179674045336394 0.34355363006767575
9 607.0 0.0 -1.0 -1.0 -1.0 0.0 0.29757189817083185 0.3434882015941386 0.35893990023502964
9 608.0 0.0 -1.0 -1.0 -1.0 0.0 0.3152548232289817 0.3453692845217777 0.33937589224924053
9 609.0 0.0 -1.0 -1.0 -1.0 0.0 0.3354390636454886 0.33066016340679705 0.33390077294771414
9 610.0 0.0 -1.0 -1.0 -1.0 0.0 0.3017798943444774 0.3522164847570922 0.34600362089843023
9 611.0 0.0 -1.0 -1.0 -1.0 0.0 0.30538109241740174 0.3675878629960494 0.32703104458654875
9 612.0 0.0 -1.0 -1.0 -1.0 0.0 0.29902307990724153 0.35990657947632704 0.34107034061643154
9 613.0 0.0 -1.0 -1.0 -1.0 0.0 0.29020191900285125 0.3416621139905485 0.36813596700660006
9 614.0 0.0 -1.0 -1.0 -1.0 0.0 0.28607674091123064 0.3304157320393843 0.38350752704938534
9 615.0 0.0 -1.0 -1.0 -1.0 0.0 0.3071020873401606 0.3285739712163639 0.3643239414434754
9 616.0 0.0 -1.0 -1.0 -1.0 0.0 0.34753333730159225 0.30975848913163995 0.34270817356676786
9 617.0 0.0 -1.0 -1.0 -1.0 0.0 0.3333197852271717 0.3213159041242041 0.345364310648624
9 618.0 0.0 -1.0 -1.0 -1.0 0.0 0.34039976192575816 0.320254219291863 0.3393460187823789
9 619.0 0.0 -1.0 -1.0 -1.0 0.0 0.34027950383029015 0.33110249479652887 0.32861800137318065
9 620.0 0.0 -1.0 -1.0 -1.0 0.0 0.3321608948908042 0.33038669551532307 0.33745240959387274
9 621.0 0.0 -1.0 -1.0 -1.0 0.0 0.31120240028321644 0.3419615895813836 0.34683601013539983
9 622.0 0.0 -1.0 -1.0 -1.0 0.0 0.3264067532721839 0.3511272602732016 0.32246598645461455
9 623.0 0.0 -1.0 -1.0 -1.0 0.0 0.33415510938541004 0.3345714828884745 0.3312734077261155
9 624.0 0.0 -1.0 -1.0 -1.0 0.0 0.3375579985993665 0.36354924049718434 0.29889276090344885
9 625.0 0.0 -1.0 -1.0 -1.0 0.0 0.3147860108338877 0.3765144911987358 0.30869949796737634
9 626.0 0.0 -1.0 -1.0 -1.0 0.0 0.3346473656139193 0.3569664063313241 0.30838622805475707
9 627.0 0.0 -1.0 -1.0 -1.0 0.0 0.3305867946649134 0.33461173195800664 0.33480147337708
9 628.0 0.0 -1.0 -1.0 -1.0 0.0 0.34147498241136953 0.3349653740304273 0.3235596435582032
9 629.0 0.0 -1.0 -1.0 -1.0 0.0 0.3410171533893854 0.3389179359237238 0.3200649106868906
9 630.0 0.0 -1.0 -1.0 -1.0 0.0 0.3196137161681686 0.35719877631688585 0.3231875075149457
9 631.0 0.0 -1.0 -1.0 -1.0 0.0 0.3187700770331407 0.3407192581876264 0.340510664779233
9 632.0 0.0 -1.0 -1.0 -1.0 0.0 0.29298341703029795 0.3525627023092908 0.3544538806604113
9 633.0 0.0 -1.0 -1.0 -1.0 0.0 0.35441327412081447 0.3016811885079303 0.34390553737125534
9 634.0 0.0 -1.0 -1.0 -1.0 0.0 0.3650575022036873 0.30200596184929757 0.33293653594701533
9 635.0 0.0 -1.0 -1.0 -1.0 0.0 0.35951438411757214 0.29498637181565457 0.3454992440667733
9 636.0 0.0 -1.0 -1.0 -1.0 0.0 0.3675645153179476 0.2856671583290115 0.34676832635304095
9 637.0 0.0 -1.0 -1.0 -1.0 0.0 0.35406434289204247 0.29378444903089035 0.3521512080770669
9 638.0 0.0 -1.0 -1.0 -1.0 0.0 0.3359335645710368 0.3241204875305915 0.3399459478983717
9 639.0 0.0 -1.0 -1.0 -1.0 0.0 0.3409018862266101 0.3271634750241945 0.33193463874919543
9 640.0 0.0 -1.0 -1.0 -1.0 0.0 0.35243612730790647 0.3166386972093564 0.33092517548273714
9 641.0 0.0 -1.0 -1.0 -1.0 0.0 0.3448339268769922 0.3069614539941934 0.3482046191288145
9 642.0 0.0 -1.0 -1.0 -1.0 0.0 0.36343278373668136 0.3135370862990723 0.32303012996424657
9 643.0 0.0 -1.0 -1.0 -1.0 0.0 0.3545227828297011 0.3332328116416951 0.3122444055286039
9 644.0 0.0 -1.0 -1.0 -1.0 0.0 0.3450323331590019 0.3432436593846005 0.3117240074563976
9 645.0 0.0 -1.0 -1.0 -1.0 0.0 0.34478918855663593 0.3628592252847261 0.292351586158638
9 646.0 0.0 -1.0 -1.0 -1.0 0.0 0.3485417645825364 0.3475305293441942 0.30392770607326924
9 647.0 0.0 -1.0 -1.0 -1.0 0.0 0.31766863906574583 0.373543173176183 0.3087881877580713
9 648.0 0.0 -1.0 -1.0 -1.0 0.0 0.3207973336482658 0.3653595093384445 0.3138431570132895
9 649.0 0.0 -1.0 -1.0 -1.0 0.0 0.323655645851747 0.3622734882548873 0.31407086589336575
9 650.0 0.0 -1.0 -1.0 -1.0 0.0 0.3181642511857953 0.3646842974186506 0.3171514513955541
9 651.0 0.0 -1.0 -1.0 -1.0 0.0 0.3305431851659315 0.36253082604465314 0.3069259887894155
9 652.0 0.0 -1.0 -1.0 -1.0 0.0 0.32297326575446006 0.3620909576859105 0.31493577655962973
9 653.0 0.0 -1.0 -1.0 -1.0 0.0 0.3243408292457472 0.3723584851127004 0.3033006856415526
9 654.0 0.0 -1.0 -1.0 -1.0 0.0 0.3334018257787945 0.35825384033212343 0.3083443338890823
9 655.0 0.0 -1.0 -1.0 -1.0 0.0 0.31520044997035707 0.3745142204027803 0.3102853296268627
9 656.0 0.0 -1.0 -1.0 -1.0 0.0 0.3284200911590483 0.35928424146033344 0.31229566738061826
9 657.0 0.0 -1.0 -1.0 -1.0 0.0 0.33874594479817177 0.35743100196653976 0.3038230532352887
9 658.0 0.0 -1.0 -1.0 -1.0 0.0 0.34754135420780385 0.35835651689164394 0.2941021289005522
9 659.0 0.0 -1.0 -1.0 -1.0 0.0 0.34376679536832305 0.34783496379324624 0.30839824083843065
9 660.0 0.0 -1.0 -1.0 -1.0 0.0 0.33300908098871446 0.37253222987740775 0.2944586891338779
9 661.0 0.0 -1.0 -1.0 -1.0 0.0 0.32456920321393334 0.37916342186637075 0.2962673749196958
9 662.0 0.0 -1.0 -1.0 -1.0 0.0 0.33205198877245223 0.388225944287756 0.2797220669397916
9 663.0 0.0 -1.0 -1.0 -1.0 0.0 0.32896777840400704 0.3938900608129472 0.2771421607830458
9 664.0 0.0 -1.0 -1.0 -1.0 0.0 0.34820516992696177 0.3553105919042263 0.2964842381688118
9 665.0 0.0 -1.0 -1.0 -1.0 0.0 0.33337611359351377 0.3605954032084923 0.30602848319799386
9 666.0 0.0 -1.0 -1.0 -1.0 0.0 0.33200360477847746 0.37499550742143023 0.2930008878000923
9 667.0 0.0 -1.0 -1.0 -1.0 0.0 0.3259862087632891 0.35810484841773266 0.3159089428189778
9 668.0 0.0 -1.0 -1.0 -1.0 0.0 0.32701933492841284 0.3513772464371713 0.32160341863441566
9 669.0 0.0 -1.0 -1.0 -1.0 0.0 0.31312237043959346 0.36095973124433217 0.3259178983160744
9 670.0 0.0 -1.0 -1.0 -1.0 0.0 0.3194375376892765 0.3470688026989044 0.3334936596118188
9 671.0 0.0 -1.0 -1.0 -1.0 0.0 0.2914143343810364 0.3610166429559179 0.3475690226630455
9 672.0 0.0 -1.0 -1.0 -1.0 0.0 0.29974375867948283 0.34265870782424734 0.35759753349627
9 673.0 0.0 -1.0 -1.0 -1.0 0.0 0.2998798853541299 0.36590838577739554 0.3342117288684745
9 674.0 0.0 -1.0 -1.0 -1.0 0.0 0.29633890515538536 0.3763217801636163 0.3273393146809985
9 675.0 0.0 -1.0 -1.0 -1.0 0.0 0.33518681151983537 0.3623530491628311 0.3024601393173334
9 676.0 0.0 -1.0 -1.0 -1.0 0.0 0.37125553364461716 0.3260859617413692 0.30265850461401356
9 677.0 0.0 -1.0 -1.0 -1.0 0.0 0.3488346303607765 0.3320394347027394 0.3191259349364841
9 678.0 0.0 -1.0 -1.0 -1.0 0.0 0.34528273120768305 0.3590356400693118 0.29568162872300524
9 679.0 0.0 -1.0 -1.0 -1.0 0.0 0.3466839037452367 0.34584643635970513 0.30746965989505803
9 680.0 0.0 -1.0 -1.0 -1.0 0.0 0.3413040174382931 0.3652002070275179 0.29349577553418915
9 681.0 0.0 -1.0 -1.0 -1.0 0.0 0.3246115389526739 0.354687582639512 0.3207008784078142
9 682.0 0.0 -1.0 -1.0 -1.0 0.0 0.3204244897742413 0.3563165778980361 0.3232589323277227
9 683.0 0.0 -1.0 -1.0 -1.0 0.0 0.33739200141126524 0.3234723946564679 0.3391356039322669
9 684.0 0.0 -1.0 -1.0 -1.0 0.0 0.3362373659632321 0.3353363746181611 0.32842625941860687
9 685.0 0.0 -1.0 -1.0 -1.0 0.0 0.3384935883081305 0.33093548122369204 0.33057093046817754
9 686.0 0.0 -1.0 -1.0 -1.0 0.0 0.306902139972745 0.3632574288110081 0.32984043121624695
9 687.0 0.0 -1.0 -1.0 -1.0 0.0 0.3278675758475258 0.3492924223406042 0.32284000181187006
9 688.0 0.0 -1.0 -1.0 -1.0 0.0 0.32216391780409076 0.3673039696897231 0.3105321125061859
9 689.0 0.0 -1.0 -1.0 -1.0 0.0 0.30761830459864065 0.36144934874833423 0.3309323466530252
9 690.0 0.0 -1.0 -1.0 -1.0 0.0 0.3072231381210916 0.36729223601060446 0.32548462586830423
9 691.0 0.0 -1.0 -1.0 -1.0 0.0 0.30009874226180505 0.38473795543660017 0.31516330230159495
9 692.0 0.0 -1.0 -1.0 -1.0 0.0 0.2904818908971368 0.38885838943570944 0.32065971966715395
9 693.0 0.0 -1.0 -1.0 -1.0 0.0 0.28814591116597194 0.3843299723880269 0.32752411644600116
9 694.0 0.0 -1.0 -1.0 -1.0 0.0 0.2959713192740736 0.3637861102413321 0.3402425704845943
9 695.0 0.0 -1.0 -1.0 -1.0 0.0 0.3317355614020172 0.32008052435010415 0.3481839142478789
9 696.0 0.0 -1.0 -1.0 -1.0 0.0 0.3445611349944418 0.28940037679958003 0.36603848820597806
9 697.0 0.0 -1.0 -1.0 -1.0 0.0 0.3525449982464836 0.3055377225952191 0.3419172791582973
9 698.0 0.0 -1.0 -1.0 -1.0 0.0 0.34208832074839957 0.3473897867533681 0.3105218924982324
9 699.0 0.0 -1.0 -1.0 -1.0 0.0 0.3415874411832657 0.32370336177883985 0.3347091970378945
9 700.0 0.0 -1.0 -1.0 -1.0 0.0 0.3616060118727684 0.3337703898309112 0.3046235982963203
9 701.0 0.0 -1.0 -1.0 -1.0 0.0 0.3622960562384978 0.3218474096415273 0.31585653411997533
9 702.0 0.0 -1.0 -1.0 -1.0 0.0 0.3349083662199813 0.3277934717075488 0.3372981620724698
9 703.0 0.0 -1.0 -1.0 -1.0 0.0 0.34393342538645766 0.3180950365936294 0.3379715380199129
9 704.0 0.0 -1.0 -1.0 -1.0 0.0 0.322129647464868 0.33775709853053654 0.3401132540045955
9 705.0 0.0 -1.0 -1.0 -1.0 0.0 0.28055998782779584 0.3908164847313704 0.3286235274408338
9 706.0 0.0 -1.0 -1.0 -1.0 0.0 0.3016995891069136 0.3667308432699949 0.3315695676230914
9 707.0 0.0 -1.0 -1.0 -1.0 0.0 0.3077632645507434 0.35996802508159076 0.3322687103676661
9 708.0 0.0 -1.0 -1.0 -1.0 0.0 0.3375202525423889 0.33339965751456185 0.3290800899430492
9 709.0 0.0 -1.0 -1.0 -1.0 0.0 0.3262001749927197 0.33800610470543013 0.3357937203018502
9 710.0 0.0 -1.0 -1.0 -1.0 0.0 0.3208669708030324 0.34336274932476685 0.33577027987220076
9 711.0 0.0 -1.0 -1.0 -1.0 0.0 0.3072854227741595 0.35727439059340727 0.33544018663243336
9 712.0 0.0 -1.0 -1.0 -1.0 0.0 0.288644423333443 0.34974577621969716 0.3616098004468597
9 713.0 0.0 -1.0 -1.0 -1.0 0.0 0.31856179606919677 0.34904391113852645 0.3323942927922767
9 714.0 0.0 -1.0 -1.0 -1.0 0.0 0.32667740862406464 0.3543598878288288 0.3189627035471067
9 715.0 0.0 -1.0 -1.0 -1.0 0.0 0.31616942657925895 0.35781054447711086 0.32602002894363025
9 716.0 0.0 -1.0 -1.0 -1.0 0.0 0.34799493081937266 0.30459901408084594 0.3474060550997813
9 717.0 0.0 -1.0 -1.0 -1.0 0.0 0.360259243868066 0.3052927888681673 0.3344479672637663
9 718.0 0.0 -1.0 -1.0 -1.0 0.0 0.36683262939044803 0.3140919675367277 0.31907540307282467
9 719.0 0.0 -1.0 -1.0 -1.0 0.0 0.3552240721023294 0.30758027431859003 0.33719565357908055
9 720.0 0.0 -1.0 -1.0 -1.0 0.0 0.3594631277029188 0.3131873063959389 0.32734956590114206
9 721.0 0.0 -1.0 -1.0 -1.0 0.0 0.3183728117818172 0.3621822555645931 0.3194449326535898
9 722.0 0.0 -1.0 -1.0 -1.0 0.0 0.3158858567273264 0.34093915194283914 0.3431749913298345
9 723.0 0.0 -1.0 -1.0 -1.0 0.0 0.3253900483008173 0.34075299867339626 0.33385695302578655
9 724.0 0.0 -1.0 -1.0 -1.0 0.0 0.3182183063234386 0.36564688438899123 0.31613480928757
9 725.0 0.0 -1.0 -1.0 -1.0 0.0 0.32644103403538643 0.34008477682640453 0.333474189138209
9 726.0 0.0 -1.0 -1.0 -1.0 0.0 0.32651705422521393 0.34792334613047027 0.32555959964431586
9 727.0 0.0 -1.0 -1.0 -1.0 0.0 0.3459688324133108 0.3276920844787725 0.3263390831079167
9 728.0 0.0 -1.0 -1.0 -1.0 0.0 0.35317822193206744 0.3156421003313462 0.33117967773658635
9 729.0 0.0 -1.0 -1.0 -1.0 0.0 0.34129638353632125 0.3107379945844348 0.347965621879244
9 730.0 0.0 -1.0 -1.0 -1.0 0.0 0.3364942257489988 0.29860354911398984 0.36490222513701126
9 731.0 0.0 -1.0 -1.0 -1.0 0.0 0.32319280593912547 0.29720867869726036 0.37959851536361433
9 732.0 0.0 -1.0 -1.0 -1.0 0.0 0.32237944384203937 0.2901961956074734 0.38742436055048707
9 733.0 0.0 -1.0 -1.0 -1.0 0.0 0.293232676555775 0.2996228675043448 0.4071444559398802
9 734.0 0.0 -1.0 -1.0 -1.0 0.0 0.30597927551976317 0.2903332957299203 0.40368742875031616
9 735.0 0.0 -1.0 -1.0 -1.0 0.0 0.3131168338581373 0.3071879556967653 0.37969521044509735
9 736.0 0.0 -1.0 -1.0 -1.0 0.0 0.32268452805202225 0.30731947474926335 0.3699959971987144
9 737.0 0.0 -1.0 -1.0 -1.0 0.0 0.29234887810246457 0.33649252854584843 0.37115859335168677
9 738.0 0.0 -1.0 -1.0 -1.0 0.0 0.31188561040288776 0.3339513614329085 0.35416302816420375
9 739.0 0.0 -1.0 -1.0 -1.0 0.0 0.3295443571462816 0.34861194574841314 0.3218436971053054
9 740.0 0.0 -1.0 -1.0 -1.0 0.0 0.3628274808180327 0.3169116088971547 0.3202609102848126
9 741.0 0.0 -1.0 -1.0 -1.0 0.0 0.34299020762396504 0.32627468556762296 0.33073510680841195
9 742.0 0.0 -1.0 -1.0 -1.0 0.0 0.34353926111431876 0.32401279749514494 0.3324479413905363
9 743.0 0.0 -1.0 -1.0 -1.0 0.0 0.30836513149342826 0.33499783360127333 0.3566370349052984
9 744.0 0.0 -1.0 -1.0 -1.0 0.0 0.3243353329314601 0.3392865703957231 0.3363780966728167
9 745.0 0.0 -1.0 -1.0 -1.0 0.0 0.3117391080115438 0.3175747687855065 0.37068612320295
9 746.0 0.0 -1.0 -1.0 -1.0 0.0 0.334142980220715 0.33024710642633065 0.3356099133529543
9 747.0 0.0 -1.0 -1.0 -1.0 0.0 0.3360421040279482 0.33073261289530725 0.33322528307674426
9 748.0 0.0 -1.0 -1.0 -1.0 0.0 0.32119235197719176 0.35553525328004204 0.32327239474276626
9 749.0 0.0 -1.0 -1.0 -1.0 0.0 0.3057540320548181 0.3570726569094533 0.3371733110357286
9 750.0 0.0 -1.0 -1.0 -1.0 0.0 0.297686117940224 0.34270136380385374 0.3596125182559222
9 751.0 0.0 -1.0 -1.0 -1.0 0.0 0.30682913496945147 0.3399648029022271 0.3532060621283215
9 752.0 0.0 -1.0 -1.0 -1.0 0.0 0.3054455736124366 0.33221571981092085 0.36233870657664263
9 753.0 0.0 -1.0 -1.0 -1.0 0.0 0.3100746763466678 0.3330661586737859 0.3568591649795463
9 754.0 0.0 -1.0 -1.0 -1.0 0.0 0.33585543401586276 0.3212370309909815 0.3429075349931555
9 755.0 0.0 -1.0 -1.0 -1.0 0.0 0.302571918459005 0.33883683509648455 0.35859124644451046
9 756.0 0.0 -1.0 -1.0 -1.0 0.0 0.32322883214809456 0.3447248214194196 0.332046346432486
9 757.0 0.0 -1.0 -1.0 -1.0 0.0 0.3218630159516861 0.33953810919839783 0.3385988748499161
9 758.0 0.0 -1.0 -1.0 -1.0 0.0 0.3284766062078863 0.3315776527300999 0.33994574106201375
9 759.0 0.0 -1.0 -1.0 -1.0 0.0 0.3188259877350149 0.349270353446308 0.3319036588186774
9 760.0 0.0 -1.0 -1.0 -1.0 0.0 0.3108741718097761 0.35496168762186625 0.33416414056835747
9 761.0 0.0 -1.0 -1.0 -1.0 0.0 0.34124106684726285 0.344613365242138 0.31414556791059883
9 762.0 0.0 -1.0 -1.0 -1.0 0.0 0.33979302422872515 0.35742486018625597 0.302782115585019
9 763.0 0.0 -1.0 -1.0 -1.0 0.0 0.3471332376552068 0.3142829220029395 0.3385838403418537
9 764.0 0.0 -1.0 -1.0 -1.0 0.0 0.32025590314431673 0.36905463889414347 0.3106894579615396
9 765.0 0.0 -1.0 -1.0 -1.0 0.0 0.3263850010927631 0.35360295537516384 0.320012043532073
9 766.0 0.0 -1.0 -1.0 -1.0 0.0 0.3323839713854946 0.35833079272153867 0.30928523589296664
9 767.0 0.0 -1.0 -1.0 -1.0 0.0 0.3127142257557806 0.369570522158973 0.3177152520852464
9 768.0 0.0 -1.0 -1.0 -1.0 0.0 0.3213629527366299 0.3391607889484643 0.33947625831490585
9 769.0 0.0 -1.0 -1.0 -1.0 0.0 0.31183421446826115 0.3564602649677836 0.33170552056395536
9 770.0 0.0 -1.0 -1.0 -1.0 0.0 0.3227148420220754 0.34194485880779624 0.3353402991701283
9 771.0 0.0 -1.0 -1.0 -1.0 0.0 0.3077469663736472 0.35121847483410124 0.34103455879225164
9 772.0 0.0 -1.0 -1.0 -1.0 0.0 0.32784072079224186 0.3508026795049113 0.32135659970284686
9 773.0 0.0 -1.0 -1.0 -1.0 0.0 0.3253857321971027 0.378565922654099 0.2960483451487982
9 774.0 0.0 -1.0 -1.0 -1.0 0.0 0.33780217965024684 0.3542485001521619 0.30794932019759147
9 775.0 0.0 -1.0 -1.0 -1.0 0.0 0.3216911152396184 0.33507692265783784 0.3432319621025436
9 776.0 0.0 -1.0 -1.0 -1.0 0.0 0.32341327514760626 0.33912297121263746 0.33746375363975645
9 777.0 0.0 -1.0 -1.0 -1.0 0.0 0.3483255520263733 0.326505046714629 0.32516940125899785
9 778.0 0.0 -1.0 -1.0 -1.0 0.0 0.33909752294331874 0.332912790612331 0.3279896864443505
9 779.0 0.0 -1.0 -1.0 -1.0 0.0 0.3323798696502022 0.36341935526995206 0.30420077507984566
9 780.0 0.0 -1.0 -1.0 -1.0 0.0 0.3418952032176818 0.351378752562582 0.30672604421973665
9 781.0 0.0 -1.0 -1.0 -1.0 0.0 0.3463942930224712 0.348042018509384 0.3055636884681448
9 782.0 0.0 -1.0 -1.0 -1.0 0.0 0.3384819130730118 0.3309551305488374 0.3305629563781508
9 783.0 0.0 -1.0 -1.0 -1.0 0.0 0.35324528616424333 0.30321580834527107 0.3435389054904854
9 784.0 0.0 -1.0 -1.0 -1.0 0.0 0.33626365045795636 0.32600578241513367 0.33773056712690974
9 785.0 0.0 -1.0 -1.0 -1.0 0.0 0.3229908560779768 0.3614750264514617 0.3155341174705613
9 786.0 0.0 -1.0 -1.0 -1.0 0.0 0.32329510375635123 0.3637459595279611 0.31295893671568736
9 787.0 0.0 -1.0 -1.0 -1.0 0.0 0.3111626699432952 0.3629259225451916 0.32591140751151326
9 788.0 0.0 -1.0 -1.0 -1.0 0.0 0.3453494584132657 0.3405715564161726 0.3140789851705616
9 789.0 0.0 -1.0 -1.0 -1.0 0.0 0.32604622353532275 0.3360134812502588 0.3379402952144184
9 790.0 0.0 -1.0 -1.0 -1.0 0.0 0.32710254958822965 0.3454116489172205 0.32748580149454987
9 791.0 0.0 -1.0 -1.0 -1.0 0.0 0.3626857596775196 0.3125349367028648 0.3247793036196154
9 792.0 0.0 -1.0 -1.0 -1.0 0.0 0.3698308322835254 0.3217091243796065 0.3084600433368682
9 793.0 0.0 -1.0 -1.0 -1.0 0.0 0.35954735614960565 0.32796192677995234 0.31249071707044196
9 794.0 0.0 -1.0 -1.0 -1.0 0.0 0.33309433129305527 0.339683592777521 0.3272220759294237
9 795.0 0.0 -1.0 -1.0 -1.0 0.0 0.3398650417467928 0.3381549871153988 0.3219799711378086
9 796.0 0.0 -1.0 -1.0 -1.0 0.0 0.3415320482918414 0.3315555881847545 0.3269123635234042
9 797.0 0.0 -1.0 -1.0 -1.0 0.0 0.34242992522886306 0.3255841816869794 0.3319858930841578
9 798.0 0.0 -1.0 -1.0 -1.0 0.0 0.314777498950143 0.3350679782811089 0.3501545227687481
9 799.0 0.0 -1.0 -1.0 -1.0 0.0 0.3126454468110941 0.3332010737523816 0.35415347943652425
9 800.0 0.0 -1.0 -1.0 -1.0 0.0 0.29729292813317204 0.3216297068900696 0.3810773649767584
9 801.0 0.0 -1.0 -1.0 -1.0 0.0 0.2983178088646454 0.32979591493389754 0.3718862762014571
9 802.0 0.0 -1.0 -1.0 -1.0 0.0 0.30949503403869844 0.353993747353948 0.33651121860735345
9 803.0 0.0 -1.0 -1.0 -1.0 0.0 0.32707563542979196 0.3455997155132232 0.3273246490569847
9 804.0 0.0 -1.0 -1.0 -1.0 0.0 0.3213060732459238 0.35141403300975943 0.3272798937443167
9 805.0 0.0 -1.0 -1.0 -1.0 0.0 0.30836130232594683 0.34670004236491503 0.34493865530913814
9 806.0 0.0 -1.0 -1.0 -1.0 0.0 0.282976066785318 0.37158629090203305 0.34543764231264906
9 807.0 0.0 -1.0 -1.0 -1.0 0.0 0.3083903785605191 0.3597259605431234 0.33188366089635735
9 808.0 0.0 -1.0 -1.0 -1.0 0.0 0.3132148445949841 0.3659352781966156 0.32084987720840025
9 809.0 0.0 -1.0 -1.0 -1.0 0.0 0.3535354286571087 0.33397600456236765 0.3124885667805237
9 810.0 0.0 -1.0 -1.0 -1.0 0.0 0.35311518115797375 0.3379359948174524 0.30894882402457363
9 811.0 0.0 -1.0 -1.0 -1.0 0.0 0.35260336127020564 0.33298687677989797 0.3144097619498965
9 812.0 0.0 -1.0 -1.0 -1.0 0.0 0.3433543238971238 0.31805960741629774 0.33858606868657815
9 813.0 0.0 -1.0 -1.0 -1.0 0.0 0.33864488064857573 0.33803150444274166 0.3233236149086827
9 814.0 0.0 -1.0 -1.0 -1.0 0.0 0.331989438290257 0.3432700912780496 0.3247404704316933
9 815.0 0.0 -1.0 -1.0 -1.0 0.0 0.32374485337423287 0.3249198717868263 0.3513352748389408
9 816.0 0.0 -1.0 -1.0 -1.0 0.0 0.3268625330905748 0.3215667079068343 0.3515707590025905
9 817.0 0.0 -1.0 -1.0 -1.0 0.0 0.3125117717594187 0.32657186626860324 0.36091636197197824
9 818.0 0.0 -1.0 -1.0 -1.0 0.0 0.3375175475234613 0.31220201709687184 0.3502804353796668
9 819.0 0.0 -1.0 -1.0 -1.0 0.0 0.3197037358204687 0.33009144200694124 0.3502048221725898
9 820.0 0.0 -1.0 -1.0 -1.0 0.0 0.31457321607244676 0.3690435645291327 0.3163832193984208
9 821.0 0.0 -1.0 -1.0 -1.0 0.0 0.33373041186617863 0.34303419481338665 0.3232353933204347
9 822.0 0.0 -1.0 -1.0 -1.0 0.0 0.32934905242405293 0.3390876197998448 0.33156332777610226
9 823.0 0.0 -1.0 -1.0 -1.0 0.0 0.3462661459768809 0.33952887733058146 0.3142049766925376
9 824.0 0.0 -1.0 -1.0 -1.0 0.0 0.3465622398055958 0.3340629166725526 0.3193748435218515
9 825.0 0.0 -1.0 -1.0 -1.0 0.0 0.35536713923544944 0.3773540420035111 0.2672788187610394
9 826.0 0.0 -1.0 -1.0 -1.0 0.0 0.3648538826531115 0.39262220726698593 0.24252391007990265
9 827.0 0.0 -1.0 -1.0 -1.0 0.0 0.38233880167863016 0.3440221983822292 0.2736389999391408
9 828.0 0.0 -1.0 -1.0 -1.0 0.0 0.3698655467452482 0.3267286159516327 0.3034058373031192
9 829.0 0.0 -1.0 -1.0 -1.0 0.0 0.3568302169241826 0.3414344345149977 0.3017353485608196
9 830.0 0.0 -1.0 -1.0 -1.0 0.0 0.35408069397874004 0.3358762132352862 0.31004309278597364
9 831.0 0.0 -1.0 -1.0 -1.0 0.0 0.39329527592178204 0.3113277196036828 0.2953770044745352
9 832.0 0.0 -1.0 -1.0 -1.0 0.0 0.3866951533035389 0.3388856338667187 0.2744192128297423
9 833.0 0.0 -1.0 -1.0 -1.0 0.0 0.39671612665596023 0.3119734604103128 0.29131041293372706
9 834.0 0.0 -1.0 -1.0 -1.0 0.0 0.3843805999488909 0.32270650417726315 0.29291289587384606
9 835.0 0.0 -1.0 -1.0 -1.0 0.0 0.36301201112198755 0.320926246741802 0.3160617421362104
9 836.0 0.0 -1.0 -1.0 -1.0 0.0 0.37863727772097067 0.29760618849521897 0.3237565337838105
9 837.0 0.0 -1.0 -1.0 -1.0 0.0 0.3306863327665281 0.3269061885757372 0.3424074786577346
9 838.0 0.0 -1.0 -1.0 -1.0 0.0 0.31928764990622205 0.31270285582510504 0.3680094942686726
9 839.0 0.0 -1.0 -1.0 -1.0 0.0 0.3257203937696446 0.32153012910891676 0.3527494771214388
9 840.0 0.0 -1.0 -1.0 -1.0 0.0 0.31923838008249755 0.3108390359258966 0.3699225839916057
9 841.0 0.0 -1.0 -1.0 -1.0 0.0 0.330663026174301 0.28761123719295745 0.3817257366327418
9 842.0 0.0 -1.0 -1.0 -1.0 0.0 0.33965845967888464 0.29186707053553634 0.36847446978557913
9 843.0 0.0 -1.0 -1.0 -1.0 0.0 0.3537904929806191 0.29075732099469365 0.35545218602468714
9 844.0 0.0 -1.0 -1.0 -1.0 0.0 0.3199092966750241 0.31824212912023625 0.3618485742047397
9 845.0 0.0 -1.0 -1.0 -1.0 0.0 0.30634974187863423 0.32992260228359976 0.36372765583776584
9 846.0 0.0 -1.0 -1.0 -1.0 0.0 0.31484585454671155 0.34545500917162236 0.33969913628166587
9 847.0 0.0 -1.0 -1.0 -1.0 0.0 0.30279940799382066 0.35107220777398906 0.34612838423219044
9 848.0 0.0 -1.0 -1.0 -1.0 0.0 0.3154516269064663 0.35199350516723293 0.33255486792630073
9 849.0 0.0 -1.0 -1.0 -1.0 0.0 0.3201443893374114 0.3358147953336348 0.3440408153289536
9 850.0 0.0 -1.0 -1.0 -1.0 0.0 0.3212645969727397 0.32882960245664344 0.3499058005706168
9 851.0 0.0 -1.0 -1.0 -1.0 0.0 0.31537254363548967 0.33504550281739753 0.34958195354711286
9 852.0 0.0 -1.0 -1.0 -1.0 0.0 0.29334280171304394 0.3639341305993339 0.34272306768762234
9 853.0 0.0 -1.0 -1.0 -1.0 0.0 0.31539006798801084 0.3391464022230166 0.3454635297889723
9 854.0 0.0 -1.0 -1.0 -1.0 0.0 0.29896447512817687 0.3474542826639249 0.35358124220789816
9 855.0 0.0 -1.0 -1.0 -1.0 0.0 0.3189886492380487 0.34651309494016713 0.3344982558217842
9 856.0 0.0 -1.0 -1.0 -1.0 0.0 0.31610380745498096 0.3460709917372544 0.3378252008077649
9 857.0 0.0 -1.0 -1.0 -1.0 0.0 0.3165843657625209 0.3649122330361518 0.318503401201327
9 858.0 0.0 -1.0 -1.0 -1.0 0.0 0.3068360423359731 0.3907195843534745 0.3024443733105525
9 859.0 0.0 -1.0 -1.0 -1.0 0.0 0.32709319970551837 0.3621576539217848 0.31074914637269674
9 860.0 0.0 -1.0 -1.0 -1.0 0.0 0.3118120894777625 0.35328940110149604 0.33489850942074173
9 861.0 0.0 -1.0 -1.0 -1.0 0.0 0.32596158368436795 0.3610607443270208 0.3129776719886111
9 862.0 0.0 -1.0 -1.0 -1.0 0.0 0.34692702356280763 0.3407816433965207 0.31229133304067147
9 863.0 0.0 -1.0 -1.0 -1.0 0.0 0.3262431993889685 0.3664126849218048 0.30734411568922637
9 864.0 0.0 -1.0 -1.0 -1.0 0.0 0.2944188539385384 0.3882993885254896 0.3172817575359721
9 865.0 0.0 -1.0 -1.0 -1.0 0.0 0.30335064527693073 0.3785389408302619 0.31811041389280736
9 866.0 0.0 -1.0 -1.0 -1.0 0.0 0.32753384623582804 0.3618115749542676 0.31065457880990427
9 867.0 0.0 -1.0 -1.0 -1.0 0.0 0.31455017367718335 0.33721481383687296 0.34823501248594346
9 868.0 0.0 -1.0 -1.0 -1.0 0.0 0.30929380953321817 0.33845501955963647 0.35225117090714536
9 869.0 0.0 -1.0 -1.0 -1.0 0.0 0.3156249781214409 0.34514446162796025 0.33923056025059917
9 870.0 0.0 -1.0 -1.0 -1.0 0.0 0.3183871478913549 0.36465077001003093 0.3169620820986141
9 871.0 0.0 -1.0 -1.0 -1.0 0.0 0.3316745697277051 0.3462349903777996 0.3220904398944957
9 872.0 0.0 -1.0 -1.0 -1.0 0.0 0.3530431952563321 0.3252703624588291 0.3216864422848389
9 873.0 0.0 -1.0 -1.0 -1.0 0.0 0.3549478358562149 0.3209840766302195 0.32406808751356553
9 874.0 0.0 -1.0 -1.0 -1.0 0.0 0.34628468398761375 0.31971345816325897 0.3340018578491272
9 875.0 0.0 -1.0 -1.0 -1.0 0.0 0.36999644861331693 0.2873565576826449 0.34264699370403817
9 876.0 0.0 -1.0 -1.0 -1.0 0.0 0.3687060556923912 0.2882207296349526 0.3430732146726567
9 877.0 0.0 -1.0 -1.0 -1.0 0.0 0.3513146458073803 0.29242158354953296 0.35626377064308656
9 878.0 0.0 -1.0 -1.0 -1.0 0.0 0.3449192300643393 0.30060738411062937 0.3544733858250314
9 879.0 0.0 -1.0 -1.0 -1.0 0.0 0.3236316455283786 0.32773026354222984 0.3486380909293915
9 880.0 0.0 -1.0 -1.0 -1.0 0.0 0.33564279343401077 0.314269048651773 0.3500881579142161
9 881.0 0.0 -1.0 -1.0 -1.0 0.0 0.33258721581013995 0.3595574906488163 0.30785529354104363
9 882.0 0.0 -1.0 -1.0 -1.0 0.0 0.30371084896244616 0.37590741903936764 0.32038173199818604
9 883.0 0.0 -1.0 -1.0 -1.0 0.0 0.2997344242254061 0.36377389061343707 0.33649168516115696
9 884.0 0.0 -1.0 -1.0 -1.0 0.0 0.2818443194824513 0.3684057796231347 0.34974990089441427
9 885.0 0.0 -1.0 -1.0 -1.0 0.0 0.27556151601788353 0.3566853355745912 0.3677531484075254
9 886.0 0.0 -1.0 -1.0 -1.0 0.0 0.2978243789708295 0.3611362648194107 0.3410393562097597
9 887.0 0.0 -1.0 -1.0 -1.0 0.0 0.27541572313114854 0.358960740682348 0.3656235361865036
9 888.0 0.0 -1.0 -1.0 -1.0 0.0 0.3116374620584643 0.3469622273150228 0.3414003106265128
9 889.0 0.0 -1.0 -1.0 -1.0 0.0 0.31575154439664826 0.32743142879558434 0.3568170268077675
9 890.0 0.0 -1.0 -1.0 -1.0 0.0 0.33714514265117573 0.30924574262205673 0.3536091147267675
9 891.0 0.0 -1.0 -1.0 -1.0 0.0 0.31897144273429573 0.33423533917425646 0.34679321809144786
9 892.0 0.0 -1.0 -1.0 -1.0 0.0 0.32597187032905517 0.31638739799274457 0.3576407316782002
9 893.0 0.0 -1.0 -1.0 -1.0 0.0 0.31838096160969154 0.32369860738049033 0.35792043100981835
9 894.0 0.0 -1.0 -1.0 -1.0 0.0 0.3085072210605353 0.3389053292417246 0.35258744969773986
9 895.0 0.0 -1.0 -1.0 -1.0 0.0 0.30490166747423314 0.3276331612141363 0.36746517131163065
9 896.0 0.0 -1.0 -1.0 -1.0 0.0 0.31634236602637283 0.3118510543168743 0.3718065796567529
9 897.0 0.0 -1.0 -1.0 -1.0 0.0 0.32073750057833594 0.3103795057852957 0.3688829936363686
9 898.0 0.0 -1.0 -1.0 -1.0 0.0 0.32295376529778763 0.3142119709069268 0.3628342637952855
9 899.0 0.0 -1.0 -1.0 -1.0 0.0 0.3299711663230276 0.3095071503955637 0.36052168328140866
9 900.0 0.0 -1.0 -1.0 -1.0 0.0 0.32854421305873893 0.3342948411104871 0.337160945830774
9 901.0 0.0 -1.0 -1.0 -1.0 0.0 0.3264049731139227 0.33883606786263876 0.33475895902343855
9 902.0 0.0 -1.0 -1.0 -1.0 0.0 0.34013783467514436 0.3384139839420259 0.32144818138283
9 903.0 0.0 -1.0 -1.0 -1.0 0.0 0.31185908466287154 0.3402495554313286 0.34789135990579995
9 904.0 0.0 -1.0 -1.0 -1.0 0.0 0.3215200006522171 0.33719087582182966 0.34128912352595314
9 905.0 0.0 -1.0 -1.0 -1.0 0.0 0.34656690124683004 0.30677630039799364 0.3466567983551761
9 906.0 0.0 -1.0 -1.0 -1.0 0.0 0.32304483137403794 0.3272825758637645 0.34967259276219775
9 907.0 0.0 -1.0 -1.0 -1.0 0.0 0.3050790434526671 0.3437741467386385 0.35114680980869456
9 908.0 0.0 -1.0 -1.0 -1.0 0.0 0.3265940339159484 0.34153258082668303 0.3318733852573687
9 909.0 0.0 -1.0 -1.0 -1.0 0.0 0.33667645334329066 0.33209890740154185 0.3312246392551676
9 910.0 0.0 -1.0 -1.0 -1.0 0.0 0.3621286455852137 0.32602908879925785 0.31184226561552836
9 911.0 0.0 -1.0 -1.0 -1.0 0.0 0.3729091762435464 0.3210926225823358 0.3059982011741178
9 912.0 0.0 -1.0 -1.0 -1.0 0.0 0.3696141969760332 0.33844410697691274 0.2919416960470543
9 913.0 0.0 -1.0 -1.0 -1.0 0.0 0.3443003683063474 0.34432707644518784 0.31137255524846447
9 914.0 0.0 -1.0 -1.0 -1.0 0.0 0.3286759538733483 0.3582146412335643 0.31310940489308736
9 915.0 0.0 -1.0 -1.0 -1.0 0.0 0.3453437647928044 0.34662081312187965 0.3080354220853161
9 916.0 0.0 -1.0 -1.0 -1.0 0.0 0.33781104013905794 0.34043590843938615 0.32175305142155586
9 917.0 0.0 -1.0 -1.0 -1.0 0.0 0.3240431264995218 0.3517131743146551 0.324243699185823
9 918.0 0.0 -1.0 -1.0 -1.0 0.0 0.3193722228951115 0.3642774935194163 0.31635028358547224
9 919.0 0.0 -1.0 -1.0 -1.0 0.0 0.35075739112038334 0.3276301794599344 0.3216124294196824
9 920.0 0.0 -1.0 -1.0 -1.0 0.0 0.33424794721289325 0.34660590577652894 0.3191461470105777
9 921.0 0.0 -1.0 -1.0 -1.0 0.0 0.3329091195962752 0.36284167815197144 0.30424920225175345
9 922.0 0.0 -1.0 -1.0 -1.0 0.0 0.3501222354044622 0.3497684863927521 0.3001092782027859
9 923.0 0.0 -1.0 -1.0 -1.0 0.0 0.3542864757905461 0.35353353957202993 0.2921799846374242
9 924.0 0.0 -1.0 -1.0 -1.0 0.0 0.32278762429976793 0.3679655777280113 0.30924679797222077
9 925.0 0.0 -1.0 -1.0 -1.0 0.0 0.3481407156583345 0.34797258382495705 0.3038867005167083
9 926.0 0.0 -1.0 -1.0 -1.0 0.0 0.3229019941400964 0.3498494422169665 0.32724856364293714
9 927.0 0.0 -1.0 -1.0 -1.0 0.0 0.3172910786338505 0.36441986283128963 0.31828905853485967
9 928.0 0.0 -1.0 -1.0 -1.0 0.0 0.33165230336151424 0.32586683828564733 0.34248085835283837
9 929.0 0.0 -1.0 -1.0 -1.0 0.0 0.34709950283514884 0.3209220279764899 0.33197846918836127
9 930.0 0.0 -1.0 -1.0 -1.0 0.0 0.3529465550816169 0.3145403994166939 0.3325130455016888
9 931.0 0.0 -1.0 -1.0 -1.0 0.0 0.34471714406611126 0.30315207048204157 0.352130785451847
9 932.0 0.0 -1.0 -1.0 -1.0 0.0 0.338759663925536 0.321199746621843 0.3400405894526209
9 933.0 0.0 -1.0 -1.0 -1.0 0.0 0.36217103969223535 0.3240983600215881 0.3137306002861765
9 934.0 0.0 -1.0 -1.0 -1.0 0.0 0.395621373619296 0.32094664633204795 0.28343198004865633
9 935.0 0.0 -1.0 -1.0 -1.0 0.0 0.40924529684282906 0.3157947649869123 0.2749599381702586
9 936.0 0.0 -1.0 -1.0 -1.0 0.0 0.39636465974390456 0.3212634568710246 0.2823718833850709
9 937.0 0.0 -1.0 -1.0 -1.0 0.0 0.3905462361402441 0.316074980129034 0.2933787837307218
9 938.0 0.0 -1.0 -1.0 -1.0 0.0 0.3482785539871774 0.3330086143490497 0.3187128316637728
9 939.0 0.0 -1.0 -1.0 -1.0 0.0 0.3661702750418052 0.32995487324257994 0.30387485171561485
9 940.0 0.0 -1.0 -1.0 -1.0 0.0 0.36691102598488456 0.317338504953588 0.31575046906152704
9 941.0 0.0 -1.0 -1.0 -1.0 0.0 0.3366095583361155 0.30535115977043525 0.35803928189344947
9 942.0 0.0 -1.0 -1.0 -1.0 0.0 0.32976488461911196 0.2790969668543242 0.39113814852656376
9 943.0 0.0 -1.0 -1.0 -1.0 0.0 0.33005856297423763 0.3222879608301735 0.3476534761955888
9 944.0 0.0 -1.0 -1.0 -1.0 0.0 0.32682251097967197 0.3235800815321294 0.34959740748819845
9 945.0 0.0 -1.0 -1.0 -1.0 0.0 0.31947308900434634 0.33386728990699305 0.3466596210886608
9 946.0 0.0 -1.0 -1.0 -1.0 0.0 0.3198611932979594 0.32629000995932744 0.353848796742713
9 947.0 0.0 -1.0 -1.0 -1.0 0.0 0.33013017279557916 0.3387514991813644 0.3311183280230565
9 948.0 0.0 -1.0 -1.0 -1.0 0.0 0.3248561818306752 0.3483676492517025 0.32677616891762207
9 949.0 0.0 -1.0 -1.0 -1.0 0.0 0.316243241164505 0.33031896811726386 0.3534377907182312
9 950.0 0.0 -1.0 -1.0 -1.0 0.0 0.29903301516130465 0.351475167903425 0.34949181693527037
9 951.0 0.0 -1.0 -1.0 -1.0 0.0 0.2937029414082005 0.35967131115048717 0.3466257474413126
9 952.0 0.0 -1.0 -1.0 -1.0 0.0 0.3171935219130285 0.33910999973281264 0.34369647835415873
9 953.0 0.0 -1.0 -1.0 -1.0 0.0 0.3463605084866289 0.2914111003675884 0.3622283911457826
9 954.0 0.0 -1.0 -1.0 -1.0 0.0 0.3584695305820531 0.308784262519584 0.332746206898363
9 955.0 0.0 -1.0 -1.0 -1.0 0.0 0.3438640453325472 0.3024984102154157 0.353637544452037
9 956.0 0.0 -1.0 -1.0 -1.0 0.0 0.34194811225069843 0.32689945931065184 0.33115242843864967
9 957.0 0.0 -1.0 -1.0 -1.0 0.0 0.3332050257863734 0.33217666482717917 0.33461830938644754
9 958.0 0.0 -1.0 -1.0 -1.0 0.0 0.34337279635292645 0.3355931436171691 0.3210340600299044
9 959.0 0.0 -1.0 -1.0 -1.0 0.0 0.35735530128144466 0.30685813290524383 0.3357865658133117
9 960.0 0.0 -1.0 -1.0 -1.0 0.0 0.3631763690591122 0.31478568194499973 0.3220379489958882
9 961.0 0.0 -1.0 -1.0 -1.0 0.0 0.3603825378162231 0.304758579773104 0.3348588824106728
9 962.0 0.0 -1.0 -1.0 -1.0 0.0 0.3370978075207016 0.3185137014488067 0.3443884910304918
9 963.0 0.0 -1.0 -1.0 -1.0 0.0 0.32443253462877897 0.33335966147570856 0.34220780389551253
9 964.0 0.0 -1.0 -1.0 -1.0 0.0 0.3159985826687648 0.3027422739816885 0.38125914334954664
9 965.0 0.0 -1.0 -1.0 -1.0 0.0 0.3210676058943685 0.3084158873572058 0.37051650674842557
9 966.0 0.0 -1.0 -1.0 -1.0 0.0 0.331391000482583 0.3139372711109239 0.3546717284064929
9 967.0 0.0 -1.0 -1.0 -1.0 0.0 0.3363406277125178 0.32558409771140234 0.3380752745760798
9 968.0 0.0 -1.0 -1.0 -1.0 0.0 0.34770820004560377 0.33646488636035504 0.31582691359404114
9 969.0 0.0 -1.0 -1.0 -1.0 0.0 0.3463219589685439 0.3263030515331477 0.32737498949830823
9 970.0 0.0 -1.0 -1.0 -1.0 0.0 0.3218917885042707 0.3440775235239302 0.3340306879717992
9 971.0 0.0 -1.0 -1.0 -1.0 0.0 0.3319594961500843 0.35104342749230844 0.31699707635760693
9 972.0 0.0 -1.0 -1.0 -1.0 0.0 0.3408052957524076 0.3372537727249836 0.3219409315226089
9 973.0 0.0 -1.0 -1.0 -1.0 0.0 0.34122085127311175 0.32629783045377686 0.3324813182731114
9 974.0 0.0 -1.0 -1.0 -1.0 0.0 0.326195630214156 0.3333248955002386 0.3404794742856055
9 975.0 0.0 -1.0 -1.0 -1.0 0.0 0.33184563737992706 0.3178155702069289 0.35033879241314414
9 976.0 0.0 -1.0 -1.0 -1.0 0.0 0.3087259092402732 0.32243693218273245 0.3688371585769943
9 977.0 0.0 -1.0 -1.0 -1.0 0.0 0.3115954871500896 0.31359444729286773 0.3748100655570427
9 978.0 0.0 -1.0 -1.0 -1.0 0.0 0.3372578057463253 0.3152868595198356 0.34745533473383916
9 979.0 0.0 -1.0 -1.0 -1.0 0.0 0.3451589357007165 0.32445302733281495 0.3303880369664685
9 980.0 0.0 -1.0 -1.0 -1.0 0.0 0.3461403438057429 0.3329127453233264 0.32094691087093075
9 981.0 0.0 -1.0 -1.0 -1.0 0.0 0.341102550389129 0.3147562391741202 0.34414121043675083
9 982.0 0.0 -1.0 -1.0 -1.0 0.0 0.3529852068673263 0.32347515134606897 0.3235396417866049
9 983.0 0.0 -1.0 -1.0 -1.0 0.0 0.3393942584040295 0.3527997141529103 0.3078060274430604
9 984.0 0.0 -1.0 -1.0 -1.0 0.0 0.3520030615022348 0.32162305860428836 0.32637387989347644
9 985.0 0.0 -1.0 -1.0 -1.0 0.0 0.36041830154980375 0.30651410763788667 0.33306759081230974
9 986.0 0.0 -1.0 -1.0 -1.0 0.0 0.3271915116518121 0.34110942953646295 0.3316990588117249
9 987.0 0.0 -1.0 -1.0 -1.0 0.0 0.35116809449109354 0.31659159712759694 0.33224030838130936
9 988.0 0.0 -1.0 -1.0 -1.0 0.0 0.3412768979518126 0.3250618848552289 0.3336612171929585
9 989.0 0.0 -1.0 -1.0 -1.0 0.0 0.36516993706674655 0.3484859717888298 0.2863440911444238
9 990.0 0.0 -1.0 -1.0 -1.0 0.0 0.35296563249586366 0.3777149388967748 0.2693194286073617
9 991.0 0.0 -1.0 -1.0 -1.0 0.0 0.35218657995869185 0.34472774264048556 0.30308567740082265
9 992.0 0.0 -1.0 -1.0 -1.0 0.0 0.3526632688825763 0.34871238535948124 0.2986243457579424
9 993.0 0.0 -1.0 -1.0 -1.0 0.0 0.343595471652774 0.32697990693698126 0.3294246214102446
9 994.0 0.0 -1.0 -1.0 -1.0 0.0 0.329391912449014 0.29419277734135746 0.3764153102096288
9 995.0 0.0 -1.0 -1.0 -1.0 0.0 0.316416871725185 0.3095911101506526 0.37399201812416244
9 996.0 0.0 -1.0 -1.0 -1.0 0.0 0.3277109349405128 0.3055193362436418 0.3667697288158455
9 997.0 0.0 -1.0 -1.0 -1.0 0.0 0.3249868096147441 0.2968856576820059 0.3781275327032499
9 998.0 0.0 -1.0 -1.0 -1.0 0.0 0.334751573678173 0.3017795490036583 0.3634688773181689
9 999.0 0.0 -1.0 -1.0 -1.0 0.0 0.3293972818027986 0.3044474861672489 0.36615523202995237
9 1000.0 0.0 -1.0 -1.0 -1.0 0.0 0.32784540696988784 0.3158042984409859 0.35635029458912615
1000000000000000000000000000000000000000000000000000000000000000000000000000000000000000000000000000
-1.0
solo con 1: -100.0
