9 0.0 12.0 -37.0 -162.0 -97.9 49.67114073808071 0.3333333333333333 0.3333333333333333 0.3333333333333333
9 1.0 15.0 -36.0 -162.0 -78.61 45.8559217065316 0.32614642144719747 0.2747252471909054 0.39912833136189696
9 2.0 15.0 -36.0 -162.0 -68.92 41.800555793511464 0.32825431915083814 0.2229428781866023 0.44880280266255945
9 3.0 46.0 -29.0 -157.0 -61.47 37.89204628569394 0.2945778336966963 0.19294673792539768 0.5124754283779059
9 4.0 46.0 -29.0 -152.0 -55.07 34.6291332361477 0.26891130291158555 0.18560559129763451 0.54548310579078
9 5.0 13.0 -28.0 -152.0 -49.64 33.262202894789475 0.25498448375845184 0.1507961838472377 0.5942193323943105
9 6.0 97.0 -23.0 -152.0 -45.6 32.7290684131388 0.23417990418608553 0.12802530839295484 0.6377947874209599
9 7.0 62.0 -23.0 -152.0 -37.18 23.750972335226336 0.19895896202141458 0.1272367562479593 0.6738042817306261
9 8.0 80.0 -22.0 -152.0 -31.68 18.088380108497688 0.18733276832437532 0.12481641264309833 0.6878508190325264
9 9.0 97.0 -21.0 -152.0 -28.71 13.841304749615079 0.18761782281785833 0.10930870374276026 0.7030734734393813
9 10.0 50.0 -19.0 -152.0 -25.92 13.408635842303818 0.15830750787752307 0.11337692709786013 0.7283155650246169
9 11.0 49.0 -18.0 -152.0 -23.94 13.5533513690649 0.14801888680871256 0.11227562962465852 0.7397054835666288
9 12.0 35.0 -16.0 -50.0 -21.19 4.734773575165004 0.1615080476471801 0.09736307527306332 0.7411288770797565
9 13.0 63.0 -15.0 -50.0 -19.85 4.8976906534992315 0.16693206878292943 0.09781029887649907 0.7352576323405713
9 14.0 63.0 -13.0 -49.0 -18.43 5.031727618649766 0.1526903978293337 0.10080753122742296 0.7465020709432436
9 15.0 7.0 -13.0 -49.0 -16.69 3.8103924875386435 0.14326726093800266 0.09961553006437114 0.7571172089976264
9 16.0 2.0 -12.0 -49.0 -15.58 3.9623990284430017 0.13343407134812074 0.11491193908293809 0.7516539895689411
9 17.0 73.0 -11.0 -31.0 -14.28 2.578387249441172 0.12955249016653062 0.11796492835717595 0.7524825814762935
9 18.0 30.0 -10.0 -21.0 -12.98 1.6876257902985516 0.12514144171010366 0.10867904025743201 0.7661795180324645
9 19.0 2.0 -10.0 -15.0 -11.67 1.1106008929558555 0.12836195831867658 0.11377126291776563 0.7578667787635577
9 20.0 38.0 -8.0 -14.0 -10.71 0.9877532918986239 0.12152505259495458 0.10843252800772564 0.77004241939732
9 21.0 6.0 -8.0 -14.0 -9.86 1.1372481406154644 0.12060815882768137 0.10956776915441775 0.7698240720179012
9 22.0 24.0 -7.0 -14.0 -8.89 1.2463684621468665 0.11196522786391325 0.11575932294266096 0.7722754491934264
9 23.0 4.0 -6.0 -14.0 -7.86 1.239256864317311 0.11685211184579541 0.11481151662634816 0.7683363715278564
9 24.0 7.0 -5.0 -14.0 -7.15 1.3880805728658825 0.12040343069297682 0.107810967037145 0.7717856022698778
9 25.0 0.0 -4.0 -13.0 -6.29 1.3580660640570603 0.13316711253522134 0.10462491809489663 0.7622079693698817
9 26.0 0.0 -4.0 -13.0 -5.44 1.3656685194623568 0.1253038133015506 0.1227272022198181 0.7519689844786314
9 27.0 1.0 -3.0 -13.0 -4.76 1.4007213149017907 0.12248733837902175 0.12254965153383017 0.754963010087148
9 28.0 1.0 -3.0 -13.0 -4.13 1.3973640408376988 0.1282606424503431 0.1341953354141736 0.7375440221354834
9 29.0 35.0 -2.0 -13.0 -3.5 1.2909944487358056 0.14564321220324497 0.13301144079148058 0.7213453470052745
9 30.0 2.0 -2.0 -6.0 -2.93 0.8196451560389907 0.14221331949070196 0.15554772401286635 0.7022389564964319
9 31.0 0.0 -2.0 -6.0 -2.5 0.8348471099367218 0.14501114905982868 0.157993466114282 0.6969953848258895
9 32.0 0.0 -2.0 -6.0 -2.2 0.6030226891555275 0.17029942435471285 0.20239002066763498 0.6273105549776523
9 33.0 0.0 -2.0 -6.0 -2.12 0.537107855541928 0.18135848841130964 0.23574342927540326 0.5828980823132871
9 34.0 9.0 -1.0 -5.0 -2.02 0.34757456870156783 0.2175896260556263 0.26856257848764054 0.5138477954567334
9 35.0 9.0 -1.0 -5.0 -1.97 0.38807996676723805 0.24071615390397355 0.2621290557098492 0.49715479038617716
9 36.0 1.0 -1.0 -5.0 -1.87 0.48523658709390954 0.27851832331937476 0.2909019409248197 0.4305797357558055
9 37.0 1.0 -1.0 -5.0 -1.65 0.5924610544247623 0.26020585465959256 0.2915090494603589 0.4482850958800486
9 38.0 0.0 -1.0 -5.0 -1.42 0.6060303022726893 0.2383517844139282 0.2658198381753294 0.49582837741074237
9 39.0 0.0 -1.0 -5.0 -1.32 0.5839607015973771 0.25585980235508954 0.26299465838737346 0.48114553925753695
9 40.0 0.0 -1.0 -2.0 -1.19 0.3942772444036623 0.23881885709739537 0.28480557815330626 0.4763755647492981
9 41.0 0.0 -1.0 -2.0 -1.13 0.33799766898963085 0.2748820750055935 0.2741840890328515 0.4509338359615549
9 42.0 0.0 -1.0 -2.0 -1.08 0.2726599243442909 0.301636311862409 0.26928021121275525 0.4290834769248359
9 43.0 0.0 -1.0 -2.0 -1.05 0.21904291355759026 0.30405089187959855 0.30823803341082545 0.3877110747095761
9 44.0 0.0 -1.0 -2.0 -1.03 0.17144660799776512 0.29593651078636724 0.3195664093194655 0.3844970798941674
9 45.0 0.0 -1.0 -2.0 -1.01 0.1 0.31542228520159343 0.2961251405864292 0.38845257421197743
9 46.0 0.0 -1.0 -2.0 -1.01 0.1 0.30957417379997204 0.30483686369500784 0.38558896250502
9 47.0 0.0 -1.0 -1.0 -1.0 0.0 0.320973492475509 0.31387102717703574 0.3651554803474554
9 48.0 0.0 -1.0 -1.0 -1.0 0.0 0.34018179900629386 0.2859366989463616 0.3738815020473445
9 49.0 0.0 -1.0 -1.0 -1.0 0.0 0.3450883778341528 0.311597439047891 0.34331418311795625
9 50.0 0.0 -1.0 -1.0 -1.0 0.0 0.3623518997905293 0.31418517279999514 0.3234629274094757
9 51.0 0.0 -1.0 -1.0 -1.0 0.0 0.343168099183711 0.3232310109610061 0.33360088985528286
9 52.0 0.0 -1.0 -1.0 -1.0 0.0 0.32998850707969113 0.31326371085894417 0.3567477820613648
9 53.0 0.0 -1.0 -1.0 -1.0 0.0 0.31047215063364403 0.31069496766063553 0.3788328817057204
9 54.0 0.0 -1.0 -1.0 -1.0 0.0 0.3166051272461232 0.3257536347669819 0.35764123798689496
9 55.0 0.0 -1.0 -1.0 -1.0 0.0 0.29708817473495086 0.3524163416990923 0.35049548356595694
9 56.0 0.0 -1.0 -1.0 -1.0 0.0 0.32795905607081793 0.3552418700651864 0.3167990738639956
9 57.0 0.0 -1.0 -1.0 -1.0 0.0 0.33435891892187586 0.3578737797474914 0.3077673013306329
9 58.0 0.0 -1.0 -1.0 -1.0 0.0 0.3308719369829285 0.3488506309432238 0.3202774320738474
9 59.0 0.0 -1.0 -1.0 -1.0 0.0 0.3263844724234313 0.33772180535280755 0.3358937222237613
9 60.0 0.0 -1.0 -1.0 -1.0 0.0 0.3386866244406201 0.3319920971578296 0.3293212784015499
9 61.0 0.0 -1.0 -1.0 -1.0 0.0 0.3402528350148672 0.36479762629084783 0.2949495386942852
9 62.0 0.0 -1.0 -1.0 -1.0 0.0 0.34271724754269306 0.37360283352036633 0.28367991893694106
9 63.0 0.0 -1.0 -1.0 -1.0 0.0 0.3413674690189767 0.34996091318073136 0.3086716178002922
9 64.0 0.0 -1.0 -1.0 -1.0 0.0 0.3481075216640022 0.3163567869049471 0.3355356914310508
9 65.0 0.0 -1.0 -1.0 -1.0 0.0 0.32986427419061604 0.3241804453873624 0.34595528042202134
9 66.0 0.0 -1.0 -1.0 -1.0 0.0 0.31325316002535286 0.33819114649929594 0.34855569347535137
9 67.0 0.0 -1.0 -1.0 -1.0 0.0 0.29553971907689097 0.3700598482277176 0.33440043269539155
9 68.0 0.0 -1.0 -1.0 -1.0 0.0 0.33078507741680246 0.33233580933479084 0.3368791132484067
9 69.0 0.0 -1.0 -1.0 -1.0 0.0 0.336744310855895 0.3433548187023127 0.3199008704417923
9 70.0 0.0 -1.0 -1.0 -1.0 0.0 0.34166663661863944 0.34436060034095706 0.3139727630404035
9 71.0 0.0 -1.0 -1.0 -1.0 0.0 0.33041273715617797 0.3506936887371294 0.31889357410669233
9 72.0 0.0 -1.0 -1.0 -1.0 0.0 0.3249483107893071 0.3513175875956205 0.32373410161507254
9 73.0 0.0 -1.0 -1.0 -1.0 0.0 0.33751248265070805 0.3360141912127454 0.32647332613654656
9 74.0 0.0 -1.0 -1.0 -1.0 0.0 0.3410917281764014 0.3238067215103729 0.3351015503132259
9 75.0 0.0 -1.0 -1.0 -1.0 0.0 0.33549590615296815 0.3459088739447917 0.31859521990223993
9 76.0 0.0 -1.0 -1.0 -1.0 0.0 0.3370154405879313 0.3308295842048556 0.33215497520721354
9 77.0 0.0 -1.0 -1.0 -1.0 0.0 0.3038829383159573 0.34476329601402256 0.3513537656700204
9 78.0 0.0 -1.0 -1.0 -1.0 0.0 0.31517543082334715 0.34617667629953813 0.33864789287711483
9 79.0 0.0 -1.0 -1.0 -1.0 0.0 0.3196851336754792 0.3416017201115533 0.33871314621296733
9 80.0 0.0 -1.0 -1.0 -1.0 0.0 0.33887618642481 0.3555288334474161 0.3055949801277738
9 81.0 0.0 -1.0 -1.0 -1.0 0.0 0.3248119024815444 0.350263295413119 0.3249248021053364
9 82.0 0.0 -1.0 -1.0 -1.0 0.0 0.3014545211645828 0.3643979733398274 0.3341475054955901
9 83.0 0.0 -1.0 -1.0 -1.0 0.0 0.33422288465626077 0.3681613753935064 0.2976157399502329
9 84.0 0.0 -1.0 -1.0 -1.0 0.0 0.36158774358794527 0.3501051286983484 0.28830712771370626
9 85.0 0.0 -1.0 -1.0 -1.0 0.0 0.36064193029610936 0.3425620107426951 0.2967960589611955
9 86.0 0.0 -1.0 -1.0 -1.0 0.0 0.30553403555562486 0.36979833330038114 0.3246676311439941
9 87.0 0.0 -1.0 -1.0 -1.0 0.0 0.29047446083356265 0.35685206197873903 0.3526734771876985
9 88.0 0.0 -1.0 -1.0 -1.0 0.0 0.30840926295894144 0.3454463863804472 0.3461443506606112
9 89.0 0.0 -1.0 -1.0 -1.0 0.0 0.3413215489162954 0.3558542707911898 0.30282418029251523
9 90.0 0.0 -1.0 -1.0 -1.0 0.0 0.3332825333241897 0.3739704613799798 0.2927470052958305
9 91.0 0.0 -1.0 -1.0 -1.0 0.0 0.35744764166401916 0.3667178390909979 0.27583451924498287
9 92.0 0.0 -1.0 -1.0 -1.0 0.0 0.3681849092529629 0.36650372735727543 0.2653113633897619
9 93.0 0.0 -1.0 -1.0 -1.0 0.0 0.35444735575060243 0.3559326481878278 0.28961999606156985
9 94.0 0.0 -1.0 -1.0 -1.0 0.0 0.3272304771742596 0.35223479742056407 0.3205347254051763
9 95.0 0.0 -1.0 -1.0 -1.0 0.0 0.29381032662730516 0.3746495708678543 0.33154010250484073
9 96.0 0.0 -1.0 -1.0 -1.0 0.0 0.3199432266979285 0.36338692585416615 0.31666984744790533
9 97.0 0.0 -1.0 -1.0 -1.0 0.0 0.3089731682550289 0.37735271692255457 0.31367411482241625
9 98.0 0.0 -1.0 -1.0 -1.0 0.0 0.33830687464811504 0.338021231506494 0.3236718938453912
9 99.0 0.0 -1.0 -1.0 -1.0 0.0 0.3557348027937382 0.3291766899707411 0.31508850723552073
9 100.0 0.0 -1.0 -1.0 -1.0 0.0 0.3426624733773636 0.34557350875769843 0.31176401786493807
9 101.0 0.0 -1.0 -1.0 -1.0 0.0 0.34478112969204117 0.3367084524776925 0.3185104178302667
9 102.0 0.0 -1.0 -1.0 -1.0 0.0 0.36227437894337783 0.3102468643909473 0.32747875666567494
9 103.0 0.0 -1.0 -1.0 -1.0 0.0 0.3551415011487892 0.2909828122813444 0.35387568656986673
9 104.0 0.0 -1.0 -1.0 -1.0 0.0 0.3104232675800903 0.31973786020328226 0.36983887221662753
9 105.0 0.0 -1.0 -1.0 -1.0 0.0 0.31372390295931885 0.35355577621193374 0.33272032082874736
9 106.0 0.0 -1.0 -1.0 -1.0 0.0 0.317790141542657 0.3227642130960564 0.35944564536128665
9 107.0 0.0 -1.0 -1.0 -1.0 0.0 0.34183000616645765 0.33433265795767675 0.32383733587586555
9 108.0 0.0 -1.0 -1.0 -1.0 0.0 0.31928583660307114 0.3342925985388874 0.34642156485804165
9 109.0 0.0 -1.0 -1.0 -1.0 0.0 0.33007007600604754 0.3199219001904647 0.3500080238034878
9 110.0 0.0 -1.0 -1.0 -1.0 0.0 0.34136571337709193 0.3156898693448771 0.34294441727803104
9 111.0 0.0 -1.0 -1.0 -1.0 0.0 0.31605384739235676 0.3185849876401307 0.36536116496751236
9 112.0 0.0 -1.0 -1.0 -1.0 0.0 0.31003666585978673 0.3236759942697841 0.36628733987042905
9 113.0 0.0 -1.0 -1.0 -1.0 0.0 0.3313896802163817 0.3178434693238992 0.35076685045971906
9 114.0 0.0 -1.0 -1.0 -1.0 0.0 0.3269055423376588 0.33828955209004746 0.33480490557229375
9 115.0 0.0 -1.0 -1.0 -1.0 0.0 0.33166840145254717 0.3459390496143434 0.3223925489331094
9 116.0 0.0 -1.0 -1.0 -1.0 0.0 0.31148542726845746 0.37381750723777607 0.3146970654937667
9 117.0 0.0 -1.0 -1.0 -1.0 0.0 0.3054561583742542 0.36828585989943996 0.32625798172630605
9 118.0 0.0 -1.0 -1.0 -1.0 0.0 0.31266697291116563 0.38100411199575007 0.30632891509308424
9 119.0 0.0 -1.0 -1.0 -1.0 0.0 0.3212819542894867 0.37461385809918324 0.30410418761133023
9 120.0 0.0 -1.0 -1.0 -1.0 0.0 0.3644190720441869 0.3552424978190232 0.2803384301367897
9 121.0 0.0 -1.0 -1.0 -1.0 0.0 0.3501235785003636 0.34760544514707314 0.3022709763525632
9 122.0 0.0 -1.0 -1.0 -1.0 0.0 0.33393153919759955 0.3642639654457082 0.30180449535669235
9 123.0 0.0 -1.0 -1.0 -1.0 0.0 0.3367537278086724 0.33828166177385377 0.32496461041747393
9 124.0 0.0 -1.0 -1.0 -1.0 0.0 0.358621121225662 0.32782831288832626 0.3135505658860116
9 125.0 0.0 -1.0 -1.0 -1.0 0.0 0.3251281418269161 0.3450090948512374 0.3298627633218467
9 126.0 0.0 -1.0 -1.0 -1.0 0.0 0.3309909811367979 0.3386014779240416 0.33040754093916036
9 127.0 0.0 -1.0 -1.0 -1.0 0.0 0.3340531776607012 0.33313792293526645 0.3328088994040323
9 128.0 0.0 -1.0 -1.0 -1.0 0.0 0.3516517861913986 0.3052451200391468 0.3431030937694547
9 129.0 0.0 -1.0 -1.0 -1.0 0.0 0.328452339432247 0.29533840527082095 0.3762092552969322
9 130.0 0.0 -1.0 -1.0 -1.0 0.0 0.31779865629180404 0.3215143154899347 0.3606870282182611
9 131.0 0.0 -1.0 -1.0 -1.0 0.0 0.30954608735726485 0.33999122606429283 0.35046268657844215
9 132.0 0.0 -1.0 -1.0 -1.0 0.0 0.29333450404500394 0.33433015574472363 0.3723353402102722
9 133.0 0.0 -1.0 -1.0 -1.0 0.0 0.3063497320296183 0.35898585773150976 0.33466441023887206
9 134.0 0.0 -1.0 -1.0 -1.0 0.0 0.30861528093817314 0.3358925950282496 0.3554921240335773
9 135.0 0.0 -1.0 -1.0 -1.0 0.0 0.3102762452468573 0.3194011044243384 0.3703226503288043
9 136.0 0.0 -1.0 -1.0 -1.0 0.0 0.3252625868711568 0.33386410639730024 0.34087330673154276
9 137.0 0.0 -1.0 -1.0 -1.0 0.0 0.31983610503976406 0.3310116528331446 0.34915224212709134
9 138.0 0.0 -1.0 -1.0 -1.0 0.0 0.33064057569788546 0.3171023886517532 0.3522570356503612
9 139.0 0.0 -1.0 -1.0 -1.0 0.0 0.3196791185702223 0.2921192689712571 0.38820161245852075
9 140.0 0.0 -1.0 -1.0 -1.0 0.0 0.3192439069648528 0.3237007466650488 0.3570553463700985
9 141.0 0.0 -1.0 -1.0 -1.0 0.0 0.32282998400729335 0.346571952598893 0.3305980633938136
9 142.0 0.0 -1.0 -1.0 -1.0 0.0 0.31289715853369937 0.3555113216949342 0.3315915197713663
9 143.0 0.0 -1.0 -1.0 -1.0 0.0 0.32671688051304004 0.351798223183648 0.32148489630331206
9 144.0 0.0 -1.0 -1.0 -1.0 0.0 0.3322715242287853 0.31967821592970974 0.34805025984150495
9 145.0 0.0 -1.0 -1.0 -1.0 0.0 0.3342811805392855 0.3089343512526911 0.35678446820802345
9 146.0 0.0 -1.0 -1.0 -1.0 0.0 0.34431670744917175 0.30983835793243086 0.3458449346183975
9 147.0 0.0 -1.0 -1.0 -1.0 0.0 0.3447954423950069 0.3050883223068437 0.3501162352981496
9 148.0 0.0 -1.0 -1.0 -1.0 0.0 0.35186812228875547 0.3241825151968046 0.32394936251443995
9 149.0 0.0 -1.0 -1.0 -1.0 0.0 0.3442495168662877 0.31454832938985 0.34120215374386215
9 150.0 0.0 -1.0 -1.0 -1.0 0.0 0.32750417425250544 0.31592239522652776 0.3565734305209666
9 151.0 0.0 -1.0 -1.0 -1.0 0.0 0.30541221270023905 0.3137145631465517 0.3808732241532093
9 152.0 0.0 -1.0 -1.0 -1.0 0.0 0.29209633338199725 0.3299070537786776 0.377996612839325
9 153.0 0.0 -1.0 -1.0 -1.0 0.0 0.28324326585806053 0.33801984011764474 0.37873689402429483
9 154.0 0.0 -1.0 -1.0 -1.0 0.0 0.294433605905563 0.3479864070901543 0.35757998700428295
9 155.0 0.0 -1.0 -1.0 -1.0 0.0 0.31706251028438737 0.324869059960947 0.3580684297546655
9 156.0 0.0 -1.0 -1.0 -1.0 0.0 0.33994472363207967 0.3157226278697785 0.34433264849814166
9 157.0 0.0 -1.0 -1.0 -1.0 0.0 0.32313469013187934 0.31522989274456 0.36163541712356073
9 158.0 0.0 -1.0 -1.0 -1.0 0.0 0.31688627476991926 0.2900081828548929 0.39310554237518763
9 159.0 0.0 -1.0 -1.0 -1.0 0.0 0.3258221310169331 0.3093865332561795 0.36479133572688754
9 160.0 0.0 -1.0 -1.0 -1.0 0.0 0.3552510225409172 0.2942990295961202 0.3504499478629626
9 161.0 0.0 -1.0 -1.0 -1.0 0.0 0.3676057594251293 0.28672609574297686 0.3456681448318939
9 162.0 0.0 -1.0 -1.0 -1.0 0.0 0.35919978111350537 0.30343374507209164 0.3373664738144027
9 163.0 0.0 -1.0 -1.0 -1.0 0.0 0.3168648453712336 0.33322338546395014 0.34991176916481626
9 164.0 0.0 -1.0 -1.0 -1.0 0.0 0.3387924764029602 0.3275807084801313 0.33362681511690845
9 165.0 0.0 -1.0 -1.0 -1.0 0.0 0.354246946787036 0.31597759543364207 0.32977545777932155
9 166.0 0.0 -1.0 -1.0 -1.0 0.0 0.35992228961336464 0.3146595404581318 0.3254181699285035
9 167.0 0.0 -1.0 -1.0 -1.0 0.0 0.3323141404243695 0.31764843140166676 0.3500374281739637
9 168.0 0.0 -1.0 -1.0 -1.0 0.0 0.33152766203515377 0.31481178335932775 0.3536605546055182
9 169.0 0.0 -1.0 -1.0 -1.0 0.0 0.33236100141833025 0.32171085754765494 0.3459281410340149
9 170.0 0.0 -1.0 -1.0 -1.0 0.0 0.3286907949259886 0.3440049295078479 0.3273042755661637
9 171.0 0.0 -1.0 -1.0 -1.0 0.0 0.33581221542479356 0.347376842142159 0.3168109424330473
9 172.0 0.0 -1.0 -1.0 -1.0 0.0 0.35705222651347207 0.31784312808578974 0.32510464540073797
9 173.0 0.0 -1.0 -1.0 -1.0 0.0 0.3569907563973326 0.32691107319284735 0.31609817040982036
9 174.0 0.0 -1.0 -1.0 -1.0 0.0 0.36903789065985315 0.325407340458861 0.30555476888128585
9 175.0 0.0 -1.0 -1.0 -1.0 0.0 0.369035177303683 0.3101300289146696 0.3208347937816473
9 176.0 0.0 -1.0 -1.0 -1.0 0.0 0.3729605028249129 0.29180027582404516 0.33523922135104184
9 177.0 0.0 -1.0 -1.0 -1.0 0.0 0.3480719895655611 0.2870568224611045 0.3648711879733344
9 178.0 0.0 -1.0 -1.0 -1.0 0.0 0.32936358355657375 0.28996313057007334 0.3806732858733528
9 179.0 0.0 -1.0 -1.0 -1.0 0.0 0.3492114956653868 0.2799074681099862 0.37088103622462704
9 180.0 0.0 -1.0 -1.0 -1.0 0.0 0.34910069821937945 0.3144882473956351 0.3364110543849856
9 181.0 0.0 -1.0 -1.0 -1.0 0.0 0.3561912477682865 0.32865091229643206 0.3151578399352819
9 182.0 0.0 -1.0 -1.0 -1.0 0.0 0.33239658824126406 0.3551096287965639 0.3124937829621719
9 183.0 0.0 -1.0 -1.0 -1.0 0.0 0.33696008693471297 0.3340014794346521 0.3290384336306349
9 184.0 0.0 -1.0 -1.0 -1.0 0.0 0.33250106085828707 0.34709113117968005 0.32040780796203305
9 185.0 0.0 -1.0 -1.0 -1.0 0.0 0.33232444969148356 0.3373626986793301 0.3303128516291863
9 186.0 0.0 -1.0 -1.0 -1.0 0.0 0.33276337532100664 0.3390203144885758 0.32821631019041786
9 187.0 0.0 -1.0 -1.0 -1.0 0.0 0.3418871475505387 0.34716499215089835 0.3109478602985629
9 188.0 0.0 -1.0 -1.0 -1.0 0.0 0.3371880102079604 0.33196165431079017 0.3308503354812497
9 189.0 0.0 -1.0 -1.0 -1.0 0.0 0.3413864606268384 0.33105831035556066 0.32755522901760115
9 190.0 0.0 -1.0 -1.0 -1.0 0.0 0.3310537142380565 0.3197148504569304 0.3492314353050132
9 191.0 0.0 -1.0 -1.0 -1.0 0.0 0.32234460594087494 0.3375460336176388 0.34010936044148643
9 192.0 0.0 -1.0 -1.0 -1.0 0.0 0.3054985815391692 0.3656752506402791 0.32882616782055174
9 193.0 0.0 -1.0 -1.0 -1.0 0.0 0.33932007202625053 0.31491573334407463 0.34576419462967484
9 194.0 0.0 -1.0 -1.0 -1.0 0.0 0.34035532644042504 0.3401919682711255 0.3194527052884497
9 195.0 0.0 -1.0 -1.0 -1.0 0.0 0.3489868767923535 0.3148585579769945 0.33615456523065207
9 196.0 0.0 -1.0 -1.0 -1.0 0.0 0.35918168957855656 0.3012571674099435 0.33956114301150003
9 197.0 0.0 -1.0 -1.0 -1.0 0.0 0.36260194993697586 0.30541750274590274 0.3319805473171216
9 198.0 0.0 -1.0 -1.0 -1.0 0.0 0.39015375947196224 0.29098969185268286 0.31885654867535496
9 199.0 0.0 -1.0 -1.0 -1.0 0.0 0.3498258435224853 0.31209467734718527 0.33807947913032954
9 200.0 0.0 -1.0 -1.0 -1.0 0.0 0.3386674383312213 0.3269925895532553 0.3343399721155232
9 201.0 0.0 -1.0 -1.0 -1.0 0.0 0.3177353936090215 0.34228793641748995 0.3399766699734885
9 202.0 0.0 -1.0 -1.0 -1.0 0.0 0.313855794537932 0.3631648634211975 0.32297934204087025
9 203.0 0.0 -1.0 -1.0 -1.0 0.0 0.26436265671481884 0.4029968885675821 0.3326404547175991
9 204.0 0.0 -1.0 -1.0 -1.0 0.0 0.2979315582759238 0.3322910931050292 0.3697773486190471
9 205.0 0.0 -1.0 -1.0 -1.0 0.0 0.28852507374144115 0.35200885767810147 0.35946606858045704
9 206.0 0.0 -1.0 -1.0 -1.0 0.0 0.3278259854795293 0.3297966292528571 0.3423773852676135
9 207.0 0.0 -1.0 -1.0 -1.0 0.0 0.32719211217221306 0.3153896620990072 0.3574182257287796
9 208.0 0.0 -1.0 -1.0 -1.0 0.0 0.3271654439694122 0.33202535818986073 0.3408091978407269
9 209.0 0.0 -1.0 -1.0 -1.0 0.0 0.3414629001143652 0.3420505860373346 0.31648651384830034
9 210.0 0.0 -1.0 -1.0 -1.0 0.0 0.3445696740465184 0.33009757939667345 0.325332746556808
9 211.0 0.0 -1.0 -1.0 -1.0 0.0 0.3397470995715162 0.32955200180215144 0.33070089862633234
9 212.0 0.0 -1.0 -1.0 -1.0 0.0 0.3519110318202201 0.31961300687530786 0.3284759613044721
9 213.0 0.0 -1.0 -1.0 -1.0 0.0 0.37502156141896803 0.3002469955398808 0.32473144304115104
9 214.0 0.0 -1.0 -1.0 -1.0 0.0 0.3707202148453453 0.2846426358275869 0.34463714932706757
9 215.0 0.0 -1.0 -1.0 -1.0 0.0 0.3476796073492709 0.31204113086957413 0.3402792617811547
9 216.0 0.0 -1.0 -1.0 -1.0 0.0 0.3210125255317864 0.34327082261810693 0.33571665185010685
9 217.0 0.0 -1.0 -1.0 -1.0 0.0 0.3477023882174871 0.3300767969067486 0.32222081487576415
9 218.0 0.0 -1.0 -1.0 -1.0 0.0 0.3245973651604867 0.3406881729527461 0.33471446188676723
9 219.0 0.0 -1.0 -1.0 -1.0 0.0 0.3475248867105087 0.31060980848626746 0.3418653048032237
9 220.0 0.0 -1.0 -1.0 -1.0 0.0 0.32762471244129593 0.3219788315673593 0.3503964559913447
9 221.0 0.0 -1.0 -1.0 -1.0 0.0 0.3304378849835386 0.3308472130047746 0.33871490201168675
9 222.0 0.0 -1.0 -1.0 -1.0 0.0 0.3259964258319244 0.32949766879671905 0.34450590537135656
9 223.0 0.0 -1.0 -1.0 -1.0 0.0 0.32169446142755115 0.3427072784326597 0.33559826013978933
9 224.0 0.0 -1.0 -1.0 -1.0 0.0 0.32324933210476514 0.348462537561746 0.32828813033348886
9 225.0 0.0 -1.0 -1.0 -1.0 0.0 0.3398778883114219 0.3325110754576703 0.327611036230908
9 226.0 0.0 -1.0 -1.0 -1.0 0.0 0.34937551726140437 0.33351554861010607 0.3171089341284897
9 227.0 0.0 -1.0 -1.0 -1.0 0.0 0.33077367024075477 0.3306354889737581 0.33859084078548696
9 228.0 0.0 -1.0 -1.0 -1.0 0.0 0.3383806719187573 0.33756299772309317 0.32405633035814985
9 229.0 0.0 -1.0 -1.0 -1.0 0.0 0.325580564419068 0.3307238560278871 0.34369557955304486
9 230.0 0.0 -1.0 -1.0 -1.0 0.0 0.3297656233554666 0.31654383470111686 0.3536905419434166
9 231.0 0.0 -1.0 -1.0 -1.0 0.0 0.3279474754787395 0.3260088328485052 0.3460436916727553
9 232.0 0.0 -1.0 -1.0 -1.0 0.0 0.35476167103389167 0.32673425141504475 0.31850407755106364
9 233.0 0.0 -1.0 -1.0 -1.0 0.0 0.37134404077377836 0.3192656048290644 0.3093903543971574
9 234.0 0.0 -1.0 -1.0 -1.0 0.0 0.326479614413075 0.34020298426482426 0.33331740132210064
9 235.0 0.0 -1.0 -1.0 -1.0 0.0 0.28830804123077575 0.3432685512066412 0.3684234075625833
9 236.0 0.0 -1.0 -1.0 -1.0 0.0 0.31540381888128477 0.32572496190729994 0.3588712192114154
9 237.0 0.0 -1.0 -1.0 -1.0 0.0 0.31197518007834535 0.3324908069504328 0.3555340129712217
9 238.0 0.0 -1.0 -1.0 -1.0 0.0 0.3253994017443129 0.33871427489773076 0.3358863233579562
9 239.0 0.0 -1.0 -1.0 -1.0 0.0 0.3508554477268081 0.3059391002101426 0.34320545206304914
9 240.0 0.0 -1.0 -1.0 -1.0 0.0 0.32566773602681237 0.3426744791708904 0.3316577848022975
9 241.0 0.0 -1.0 -1.0 -1.0 0.0 0.3405545302851831 0.3488160881858202 0.3106293815289964
9 242.0 0.0 -1.0 -1.0 -1.0 0.0 0.33070295115545456 0.360942213382475 0.3083548354620705
9 243.0 0.0 -1.0 -1.0 -1.0 0.0 0.326679743669497 0.3545548176136478 0.31876543871685536
9 244.0 0.0 -1.0 -1.0 -1.0 0.0 0.34356744533581174 0.36514927662574764 0.29128327803844073
9 245.0 0.0 -1.0 -1.0 -1.0 0.0 0.3394690399738745 0.3698425848228017 0.29068837520332386
9 246.0 0.0 -1.0 -1.0 -1.0 0.0 0.32197919765168137 0.3780735472628537 0.2999472550854654
9 247.0 0.0 -1.0 -1.0 -1.0 0.0 0.32704143190405466 0.3779681789637728 0.2949903891321725
9 248.0 0.0 -1.0 -1.0 -1.0 0.0 0.35525482326761254 0.34069620676813067 0.3040489699642568
9 249.0 0.0 -1.0 -1.0 -1.0 0.0 0.3464050824532403 0.3297621456275629 0.32383277191919696
9 250.0 0.0 -1.0 -1.0 -1.0 0.0 0.34774745693442227 0.3301422152354492 0.32211032783012833
9 251.0 0.0 -1.0 -1.0 -1.0 0.0 0.33175124217622726 0.34467734690237983 0.32357141092139324
9 252.0 0.0 -1.0 -1.0 -1.0 0.0 0.34101525061852045 0.3337566507842197 0.3252280985972595
9 253.0 0.0 -1.0 -1.0 -1.0 0.0 0.3165648360820169 0.3570123670032689 0.32642279691471443
9 254.0 0.0 -1.0 -1.0 -1.0 0.0 0.3133191164595063 0.35949378175224067 0.32718710178825305
9 255.0 0.0 -1.0 -1.0 -1.0 0.0 0.3091175056827402 0.3537097336962319 0.33717276062102797
9 256.0 0.0 -1.0 -1.0 -1.0 0.0 0.308210318514032 0.3545222044074081 0.33726747707855986
9 257.0 0.0 -1.0 -1.0 -1.0 0.0 0.32687996677509384 0.33868839533090833 0.334431637893998
9 258.0 0.0 -1.0 -1.0 -1.0 0.0 0.31263712006909583 0.36604228290674384 0.32132059702416027
9 259.0 0.0 -1.0 -1.0 -1.0 0.0 0.28877795578620963 0.38696667649039257 0.3242553677233979
9 260.0 0.0 -1.0 -1.0 -1.0 0.0 0.30242417143936695 0.37190193508301683 0.3256738934776161
9 261.0 0.0 -1.0 -1.0 -1.0 0.0 0.2870665349425779 0.37208793557201053 0.3408455294854115
9 262.0 0.0 -1.0 -1.0 -1.0 0.0 0.2855723569315815 0.35957197691966036 0.35485566614875813
9 263.0 0.0 -1.0 -1.0 -1.0 0.0 0.3237774841846817 0.3282806622442227 0.3479418535710955
9 264.0 0.0 -1.0 -1.0 -1.0 0.0 0.3389057522336633 0.3216052064343204 0.33948904133201624
9 265.0 0.0 -1.0 -1.0 -1.0 0.0 0.32558754750836383 0.3110580344899555 0.3633544180016809
9 266.0 0.0 -1.0 -1.0 -1.0 0.0 0.29447270566305156 0.33289322090967 0.3726340734272784
9 267.0 0.0 -1.0 -1.0 -1.0 0.0 0.3068033166817751 0.3171488088245805 0.3760478744936441
9 268.0 0.0 -1.0 -1.0 -1.0 0.0 0.3229856182728905 0.3139751146582286 0.3630392670688809
9 269.0 0.0 -1.0 -1.0 -1.0 0.0 0.32751839788135223 0.31497441770875695 0.3575071844098905
9 270.0 0.0 -1.0 -1.0 -1.0 0.0 0.30928398327691825 0.3231422164781451 0.36757380024493636
9 271.0 0.0 -1.0 -1.0 -1.0 0.0 0.3122411163528195 0.3332164625378734 0.354542421109307
9 272.0 0.0 -1.0 -1.0 -1.0 0.0 0.3351681585248989 0.29978045661905955 0.3650513848560413
9 273.0 0.0 -1.0 -1.0 -1.0 0.0 0.3289024041766485 0.3284693059233005 0.3426282899000509
9 274.0 0.0 -1.0 -1.0 -1.0 0.0 0.3535773039352186 0.3219762255486103 0.32444647051617104
9 275.0 0.0 -1.0 -1.0 -1.0 0.0 0.35780121882078175 0.3079000516190581 0.33429872956016005
9 276.0 0.0 -1.0 -1.0 -1.0 0.0 0.36808886925232254 0.32143934315264444 0.3104717875950331
9 277.0 0.0 -1.0 -1.0 -1.0 0.0 0.35185195034678984 0.3345656257147362 0.31358242393847396
9 278.0 0.0 -1.0 -1.0 -1.0 0.0 0.32159888726279057 0.3500421153179012 0.3283589974193078
9 279.0 0.0 -1.0 -1.0 -1.0 0.0 0.31470673055654313 0.341000269685929 0.34429299975752803
9 280.0 0.0 -1.0 -1.0 -1.0 0.0 0.3118528242428268 0.33755771183329747 0.3505894639238757
9 281.0 0.0 -1.0 -1.0 -1.0 0.0 0.30983964912320633 0.35314779114298284 0.3370125597338107
9 282.0 0.0 -1.0 -1.0 -1.0 0.0 0.3323528651021808 0.3466678733654805 0.3209792615323389
9 283.0 0.0 -1.0 -1.0 -1.0 0.0 0.31022701684838005 0.38351693386836133 0.3062560492832586
9 284.0 0.0 -1.0 -1.0 -1.0 0.0 0.31680324332781223 0.3762750334104779 0.30692172326170986
9 285.0 0.0 -1.0 -1.0 -1.0 0.0 0.31750493320880224 0.36654133733010796 0.31595372946108985
9 286.0 0.0 -1.0 -1.0 -1.0 0.0 0.35766138061934916 0.32596722380855203 0.31637139557209887
9 287.0 0.0 -1.0 -1.0 -1.0 0.0 0.33887104579782884 0.33614310767424327 0.32498584652792795
9 288.0 0.0 -1.0 -1.0 -1.0 0.0 0.32754494913742527 0.33988889367531927 0.33256615718725546
9 289.0 0.0 -1.0 -1.0 -1.0 0.0 0.3364173106754284 0.31285221092587917 0.35073047839869254
9 290.0 0.0 -1.0 -1.0 -1.0 0.0 0.33399132558296246 0.3368811662500889 0.3291275081669487
9 291.0 0.0 -1.0 -1.0 -1.0 0.0 0.369362131753624 0.32386394085085124 0.3067739273955248
9 292.0 0.0 -1.0 -1.0 -1.0 0.0 0.37975838852703425 0.3061943011620649 0.3140473103109008
9 293.0 0.0 -1.0 -1.0 -1.0 0.0 0.38206196373377244 0.31131321178372867 0.30662482448249884
9 294.0 0.0 -1.0 -1.0 -1.0 0.0 0.3662389623738777 0.3127657096466283 0.3209953279794942
9 295.0 0.0 -1.0 -1.0 -1.0 0.0 0.3744778161283337 0.3188773847936025 0.3066447990780638
9 296.0 0.0 -1.0 -1.0 -1.0 0.0 0.34725339165770647 0.3373333260482935 0.3154132822940003
9 297.0 0.0 -1.0 -1.0 -1.0 0.0 0.3404216802284425 0.3213956421698926 0.33818267760166487
9 298.0 0.0 -1.0 -1.0 -1.0 0.0 0.3182559703199042 0.3518710167294616 0.32987301295063426
9 299.0 0.0 -1.0 -1.0 -1.0 0.0 0.3277528063297232 0.3453631521901513 0.3268840414801255
9 300.0 0.0 -1.0 -1.0 -1.0 0.0 0.3202315776231422 0.31325801581796286 0.36651040655889494
9 301.0 0.0 -1.0 -1.0 -1.0 0.0 0.34112969997922604 0.31062380998540334 0.34824649003537045
9 302.0 0.0 -1.0 -1.0 -1.0 0.0 0.317824524285787 0.31499127566358515 0.3671842000506278
9 303.0 0.0 -1.0 -1.0 -1.0 0.0 0.31369538370754574 0.3096087432607771 0.3766958730316771
9 304.0 0.0 -1.0 -1.0 -1.0 0.0 0.34801570516682845 0.285403991866651 0.36658030296652044
9 305.0 0.0 -1.0 -1.0 -1.0 0.0 0.33848939274360257 0.28235002608441323 0.37916058117198403
9 306.0 0.0 -1.0 -1.0 -1.0 0.0 0.3465544214953786 0.299873796649608 0.35357178185501353
9 307.0 0.0 -1.0 -1.0 -1.0 0.0 0.36678575119584217 0.29557013303247726 0.33764411577168063
9 308.0 0.0 -1.0 -1.0 -1.0 0.0 0.3412146280223674 0.3018382605596971 0.35694711141793567
9 309.0 0.0 -1.0 -1.0 -1.0 0.0 0.3347798036571621 0.30412704728961093 0.3610931490532272
9 310.0 0.0 -1.0 -1.0 -1.0 0.0 0.3116566545608692 0.33640130259139733 0.3519420428477333
9 311.0 0.0 -1.0 -1.0 -1.0 0.0 0.34447530380396424 0.3276393528448359 0.3278853433511998
9 312.0 0.0 -1.0 -1.0 -1.0 0.0 0.34375536152908687 0.3243559843495125 0.33188865412140073
9 313.0 0.0 -1.0 -1.0 -1.0 0.0 0.3436451864275159 0.32340373858690447 0.33295107498557963
9 314.0 0.0 -1.0 -1.0 -1.0 0.0 0.3240017568003065 0.3254074593916219 0.3505907838080715
9 315.0 0.0 -1.0 -1.0 -1.0 0.0 0.3092399149325582 0.342830749947312 0.3479293351201298
9 316.0 0.0 -1.0 -1.0 -1.0 0.0 0.3170227133929717 0.34402007583042077 0.3389572107766077
9 317.0 0.0 -1.0 -1.0 -1.0 0.0 0.328792403051552 0.3470638938250826 0.32414370312336543
9 318.0 0.0 -1.0 -1.0 -1.0 0.0 0.3259955648568588 0.3433019520723994 0.33070248307074196
9 319.0 0.0 -1.0 -1.0 -1.0 0.0 0.3283656315197966 0.33097846756187993 0.3406559009183233
9 320.0 0.0 -1.0 -1.0 -1.0 0.0 0.33767195613340656 0.29259280015688655 0.36973524370970706
9 321.0 0.0 -1.0 -1.0 -1.0 0.0 0.3147575713240765 0.3254272332269688 0.35981519544895446
9 322.0 0.0 -1.0 -1.0 -1.0 0.0 0.30244265748557453 0.33966185653384895 0.35789548598057636
9 323.0 0.0 -1.0 -1.0 -1.0 0.0 0.3110424070068288 0.35273221531049964 0.3362253776826714
9 324.0 0.0 -1.0 -1.0 -1.0 0.0 0.34716263486436355 0.31898460442403737 0.33385276071159903
9 325.0 0.0 -1.0 -1.0 -1.0 0.0 0.367446748416706 0.3151626095773843 0.3173906420059097
9 326.0 0.0 -1.0 -1.0 -1.0 0.0 0.3816099383778957 0.3077928585251367 0.3105972030969677
9 327.0 0.0 -1.0 -1.0 -1.0 0.0 0.3908791021226876 0.2929131556435436 0.31620774223376896
9 328.0 0.0 -1.0 -1.0 -1.0 0.0 0.361025056031504 0.3087624576588827 0.33021248630961336
9 329.0 0.0 -1.0 -1.0 -1.0 0.0 0.3629349169690074 0.3102044147160891 0.32686066831490346
9 330.0 0.0 -1.0 -1.0 -1.0 0.0 0.36410842659242143 0.30995341445428015 0.32593815895329825
9 331.0 0.0 -1.0 -1.0 -1.0 0.0 0.35310743958793256 0.29838301997016303 0.34850954044190446
9 332.0 0.0 -1.0 -1.0 -1.0 0.0 0.3060510420890655 0.3268848701969857 0.3670640877139488
9 333.0 0.0 -1.0 -1.0 -1.0 0.0 0.3374332973872314 0.3302839302869946 0.3322827723257742
9 334.0 0.0 -1.0 -1.0 -1.0 0.0 0.3350565357708492 0.3365414384055226 0.32840202582362815
9 335.0 0.0 -1.0 -1.0 -1.0 0.0 0.3252943850828131 0.3497624228598334 0.3249431920573532
9 336.0 0.0 -1.0 -1.0 -1.0 0.0 0.31537398288077745 0.3353149865823087 0.34931103053691376
9 337.0 0.0 -1.0 -1.0 -1.0 0.0 0.3212848644400503 0.33928881408101963 0.3394263214789301
9 338.0 0.0 -1.0 -1.0 -1.0 0.0 0.3342187134230679 0.33124342852206895 0.33453785805486336
9 339.0 0.0 -1.0 -1.0 -1.0 0.0 0.32339835250006466 0.32801845774350746 0.3485831897564276
9 340.0 0.0 -1.0 -1.0 -1.0 0.0 0.31636664925376456 0.36506124253065303 0.31857210821558246
9 341.0 0.0 -1.0 -1.0 -1.0 0.0 0.33021251956252956 0.364499247139325 0.3052882332981452
9 342.0 0.0 -1.0 -1.0 -1.0 0.0 0.31911730113274756 0.3638024208375117 0.3170802780297409
9 343.0 0.0 -1.0 -1.0 -1.0 0.0 0.3298601804555065 0.3640504786300604 0.3060893409144332
9 344.0 0.0 -1.0 -1.0 -1.0 0.0 0.32970042929704385 0.3805595269240821 0.2897400437788741
9 345.0 0.0 -1.0 -1.0 -1.0 0.0 0.33612292606134864 0.34490233321129393 0.3189747407273573
9 346.0 0.0 -1.0 -1.0 -1.0 0.0 0.34611481239705033 0.3360956295566506 0.3177895580462988
9 347.0 0.0 -1.0 -1.0 -1.0 0.0 0.32590770117980017 0.34590303809636663 0.32818926072383336
9 348.0 0.0 -1.0 -1.0 -1.0 0.0 0.329307513335011 0.3401678230068296 0.33052466365815947
9 349.0 0.0 -1.0 -1.0 -1.0 0.0 0.336488518958812 0.33921485566722864 0.3242966253739595
9 350.0 0.0 -1.0 -1.0 -1.0 0.0 0.3728188158326482 0.3149085830589741 0.3122726011083777
9 351.0 0.0 -1.0 -1.0 -1.0 0.0 0.37001490207601234 0.30904766109824605 0.32093743682574166
9 352.0 0.0 -1.0 -1.0 -1.0 0.0 0.3644577928132935 0.3323689302228536 0.303173276963853
9 353.0 0.0 -1.0 -1.0 -1.0 0.0 0.3258758630319462 0.35702191202623396 0.3171022249418199
9 354.0 0.0 -1.0 -1.0 -1.0 0.0 0.33590976908232434 0.34600996814899565 0.31808026276868
9 355.0 0.0 -1.0 -1.0 -1.0 0.0 0.35172618608840317 0.3330455107821059 0.31522830312949085
9 356.0 0.0 -1.0 -1.0 -1.0 0.0 0.35395530267057734 0.3234368138509116 0.3226078834785109
9 357.0 0.0 -1.0 -1.0 -1.0 0.0 0.34961061727534704 0.3170653616478638 0.3333240210767889
9 358.0 0.0 -1.0 -1.0 -1.0 0.0 0.35774031462751826 0.2986638378702745 0.3435958475022072
9 359.0 0.0 -1.0 -1.0 -1.0 0.0 0.3440632415596076 0.32672491411783694 0.3292118443225556
9 360.0 0.0 -1.0 -1.0 -1.0 0.0 0.3698258377450596 0.329214467781775 0.3009596944731654
9 361.0 0.0 -1.0 -1.0 -1.0 0.0 0.38592922534029833 0.2947323180601658 0.319338456599536
9 362.0 0.0 -1.0 -1.0 -1.0 0.0 0.3540008234530494 0.3391028008788637 0.30689637566808686
9 363.0 0.0 -1.0 -1.0 -1.0 0.0 0.34644880873586203 0.32527694960368864 0.3282742416604493
9 364.0 0.0 -1.0 -1.0 -1.0 0.0 0.36099783575821115 0.30947606005134104 0.3295261041904476
9 365.0 0.0 -1.0 -1.0 -1.0 0.0 0.37008215036432907 0.32136210064716464 0.3085557489885064
9 366.0 0.0 -1.0 -1.0 -1.0 0.0 0.3461524663793138 0.33439334592861036 0.319454187692076
9 367.0 0.0 -1.0 -1.0 -1.0 0.0 0.3316679292375727 0.33119057719566486 0.3371414935667621
9 368.0 0.0 -1.0 -1.0 -1.0 0.0 0.32352423808131825 0.32732365687708503 0.3491521050415968
9 369.0 0.0 -1.0 -1.0 -1.0 0.0 0.32030240715197245 0.3084632941869466 0.3712342986610811
9 370.0 0.0 -1.0 -1.0 -1.0 0.0 0.29384216478888336 0.327829117786065 0.3783287174250515
9 371.0 0.0 -1.0 -1.0 -1.0 0.0 0.3009420800376244 0.3204635031178341 0.3785944168445416
9 372.0 0.0 -1.0 -1.0 -1.0 0.0 0.29051616435448824 0.32481389395862154 0.38466994168689034
9 373.0 0.0 -1.0 -1.0 -1.0 0.0 0.3353328725843071 0.30713756980715984 0.3575295576085331
9 374.0 0.0 -1.0 -1.0 -1.0 0.0 0.32518240395013415 0.322051441985148 0.3527661540647177
9 375.0 0.0 -1.0 -1.0 -1.0 0.0 0.35003220812169333 0.3095660343771505 0.3404017575011563
9 376.0 0.0 -1.0 -1.0 -1.0 0.0 0.3528528469339378 0.32798174276410164 0.3191654103019609
9 377.0 0.0 -1.0 -1.0 -1.0 0.0 0.3269334605758553 0.3399941079841362 0.33307243144000837
9 378.0 0.0 -1.0 -1.0 -1.0 0.0 0.3361688845843526 0.3428542564412504 0.32097685897439704
9 379.0 0.0 -1.0 -1.0 -1.0 0.0 0.318392930699746 0.3622718766261342 0.3193351926741199
9 380.0 0.0 -1.0 -1.0 -1.0 0.0 0.3192558182989175 0.3705923054371503 0.3101518762639322
9 381.0 0.0 -1.0 -1.0 -1.0 0.0 0.33909079863967634 0.34727348705674815 0.3136357143035755
9 382.0 0.0 -1.0 -1.0 -1.0 0.0 0.3077665323958732 0.3610328509797477 0.3312006166243791
9 383.0 0.0 -1.0 -1.0 -1.0 0.0 0.3016495957544876 0.36316740885677234 0.3351829953887402
9 384.0 0.0 -1.0 -1.0 -1.0 0.0 0.31511602863664423 0.3550869121429742 0.32979705922038166
9 385.0 0.0 -1.0 -1.0 -1.0 0.0 0.32234868947555084 0.3555296853590894 0.32212162516535975
9 386.0 0.0 -1.0 -1.0 -1.0 0.0 0.32019396492899177 0.3393465268698078 0.34045950820120047
9 387.0 0.0 -1.0 -1.0 -1.0 0.0 0.33953562931327247 0.34234427244406446 0.31812009824266313
9 388.0 0.0 -1.0 -1.0 -1.0 0.0 0.33269142187979545 0.32373704034728923 0.3435715377729154
9 389.0 0.0 -1.0 -1.0 -1.0 0.0 0.3312730757454402 0.3357849630617827 0.3329419611927772
9 390.0 0.0 -1.0 -1.0 -1.0 0.0 0.3428856095421618 0.334754958291549 0.3223594321662895
9 391.0 0.0 -1.0 -1.0 -1.0 0.0 0.3604938276848242 0.3004608612803502 0.33904531103482555
9 392.0 0.0 -1.0 -1.0 -1.0 0.0 0.35286235368094987 0.3056274203866441 0.3415102259324065
9 393.0 0.0 -1.0 -1.0 -1.0 0.0 0.32296192773040544 0.3291995052755897 0.3478385669940043
9 394.0 0.0 -1.0 -1.0 -1.0 0.0 0.3628661870467997 0.29223826331721786 0.34489554963598207
9 395.0 0.0 -1.0 -1.0 -1.0 0.0 0.37521557662522936 0.2843974559256106 0.3403869674491598
9 396.0 0.0 -1.0 -1.0 -1.0 0.0 0.3660033965431761 0.28993801656984247 0.34405858688698177
9 397.0 0.0 -1.0 -1.0 -1.0 0.0 0.3730218744931733 0.28746555849929634 0.33951256700753063
9 398.0 0.0 -1.0 -1.0 -1.0 0.0 0.3511578080277414 0.2701333541340617 0.378708837838197
9 399.0 0.0 -1.0 -1.0 -1.0 0.0 0.35957358706456616 0.27700813381818246 0.3634182791172515
9 400.0 0.0 -1.0 -1.0 -1.0 0.0 0.367574926152277 0.2721667288511508 0.36025834499657244
9 401.0 0.0 -1.0 -1.0 -1.0 0.0 0.33405484868736557 0.291305616019982 0.37463953529265204
9 402.0 0.0 -1.0 -1.0 -1.0 0.0 0.33547342629939725 0.3156273525807129 0.34889922111988997
9 403.0 0.0 -1.0 -1.0 -1.0 0.0 0.33568470524480526 0.3012463226826322 0.36306897207256256
9 404.0 0.0 -1.0 -1.0 -1.0 0.0 0.3012059304055115 0.3058906554814914 0.39290341411299706
9 405.0 0.0 -1.0 -1.0 -1.0 0.0 0.30886704118190994 0.3067260217963185 0.3844069370217714
9 406.0 0.0 -1.0 -1.0 -1.0 0.0 0.3005865981706576 0.33019044658463004 0.36922295524471244
9 407.0 0.0 -1.0 -1.0 -1.0 0.0 0.3232645425292578 0.3529395396255851 0.32379591784515704
9 408.0 0.0 -1.0 -1.0 -1.0 0.0 0.31493104699566954 0.3782453793398845 0.306823573664446
9 409.0 0.0 -1.0 -1.0 -1.0 0.0 0.320936886736688 0.3592038425790997 0.31985927068421244
9 410.0 0.0 -1.0 -1.0 -1.0 0.0 0.3103345975138019 0.36254453559220645 0.32712086689399167
9 411.0 0.0 -1.0 -1.0 -1.0 0.0 0.3277168392875877 0.32246257093200437 0.34982058978040775
9 412.0 0.0 -1.0 -1.0 -1.0 0.0 0.314564685300826 0.30796209023182824 0.3774732244673457
9 413.0 0.0 -1.0 -1.0 -1.0 0.0 0.324226034865605 0.30691239764738837 0.3688615674870064
9 414.0 0.0 -1.0 -1.0 -1.0 0.0 0.32163228435335833 0.2992732826778163 0.37909443296882533
9 415.0 0.0 -1.0 -1.0 -1.0 0.0 0.3456987324282758 0.2979530455572986 0.3563482220144256
9 416.0 0.0 -1.0 -1.0 -1.0 0.0 0.3300936524026132 0.3266745718778958 0.34323177571949093
9 417.0 0.0 -1.0 -1.0 -1.0 0.0 0.33811585151718015 0.3426999922728755 0.3191841562099443
9 418.0 0.0 -1.0 -1.0 -1.0 0.0 0.3434572801918906 0.33313430068847444 0.3234084191196349
9 419.0 0.0 -1.0 -1.0 -1.0 0.0 0.3430279303229621 0.33931221389640165 0.31765985578063644
9 420.0 0.0 -1.0 -1.0 -1.0 0.0 0.3434534633229564 0.3390807183632715 0.3174658183137721
9 421.0 0.0 -1.0 -1.0 -1.0 0.0 0.35505414271331853 0.32494897848016685 0.3199968788065146
9 422.0 0.0 -1.0 -1.0 -1.0 0.0 0.3277982777663924 0.3192283091828712 0.35297341305073615
9 423.0 0.0 -1.0 -1.0 -1.0 0.0 0.32514690671863294 0.3453323930363268 0.32952070024504043
9 424.0 0.0 -1.0 -1.0 -1.0 0.0 0.3514582592434782 0.3415940414472209 0.30694769930930105
9 425.0 0.0 -1.0 -1.0 -1.0 0.0 0.37198188968558427 0.322535784161048 0.30548232615336746
9 426.0 0.0 -1.0 -1.0 -1.0 0.0 0.3666147771199184 0.31294222311639625 0.3204429997636854
9 427.0 0.0 -1.0 -1.0 -1.0 0.0 0.35956168734776506 0.31903492286592944 0.32140338978630567
9 428.0 0.0 -1.0 -1.0 -1.0 0.0 0.3598472979131689 0.32525252311740904 0.314900178969422
9 429.0 0.0 -1.0 -1.0 -1.0 0.0 0.37274954774255376 0.32645719589123023 0.30079325636621596
9 430.0 0.0 -1.0 -1.0 -1.0 0.0 0.3513255390957433 0.33223820880584154 0.3164362520984152
9 431.0 0.0 -1.0 -1.0 -1.0 0.0 0.3512781661491731 0.3395006294840084 0.30922120436681855
9 432.0 0.0 -1.0 -1.0 -1.0 0.0 0.33523181829368004 0.34283430632553125 0.32193387538078866
9 433.0 0.0 -1.0 -1.0 -1.0 0.0 0.33947671927936035 0.34656556424455054 0.31395771647608917
9 434.0 0.0 -1.0 -1.0 -1.0 0.0 0.3608886565190663 0.3319560871104372 0.30715525637049634
9 435.0 0.0 -1.0 -1.0 -1.0 0.0 0.3438185308107521 0.3403147579889169 0.3158667112003312
9 436.0 0.0 -1.0 -1.0 -1.0 0.0 0.34508046948280513 0.3350247372942002 0.3198947932229945
9 437.0 0.0 -1.0 -1.0 -1.0 0.0 0.3153881207469945 0.34881152502088847 0.33580035423211696
9 438.0 0.0 -1.0 -1.0 -1.0 0.0 0.32193484299424574 0.34372283012849636 0.33434232687725796
9 439.0 0.0 -1.0 -1.0 -1.0 0.0 0.31767201972751175 0.3463037336927566 0.3360242465797315
9 440.0 0.0 -1.0 -1.0 -1.0 0.0 0.3122334612306102 0.35613289466539993 0.33163364410398993
9 441.0 0.0 -1.0 -1.0 -1.0 0.0 0.293553314668859 0.35512676432693474 0.3513199210042061
9 442.0 0.0 -1.0 -1.0 -1.0 0.0 0.29865377639794877 0.32928355846699525 0.37206266513505587
9 443.0 0.0 -1.0 -1.0 -1.0 0.0 0.31616478109315127 0.3489439353619639 0.334891283544885
9 444.0 0.0 -1.0 -1.0 -1.0 0.0 0.3220778199721336 0.32153108049949813 0.3563910995283683
9 445.0 0.0 -1.0 -1.0 -1.0 0.0 0.3184857339850702 0.3351850555793826 0.34632921043554726
9 446.0 0.0 -1.0 -1.0 -1.0 0.0 0.3207570452878364 0.3478385649514958 0.33140438976066783
9 447.0 0.0 -1.0 -1.0 -1.0 0.0 0.32113596691625496 0.34162594320895595 0.3372380898747891
9 448.0 0.0 -1.0 -1.0 -1.0 0.0 0.32954934726586155 0.35005402486810405 0.32039662786603457
9 449.0 0.0 -1.0 -1.0 -1.0 0.0 0.3078641310083807 0.35781359475539615 0.33432227423622307
9 450.0 0.0 -1.0 -1.0 -1.0 0.0 0.31294995016233296 0.36655702515756095 0.32049302468010593
9 451.0 0.0 -1.0 -1.0 -1.0 0.0 0.31421801955204826 0.38043379430075885 0.30534818614719283
9 452.0 0.0 -1.0 -1.0 -1.0 0.0 0.31636361307472655 0.35755101240957415 0.3260853745156995
9 453.0 0.0 -1.0 -1.0 -1.0 0.0 0.3308686954004961 0.33598400492549824 0.3331472996740057
9 454.0 0.0 -1.0 -1.0 -1.0 0.0 0.36271454641716966 0.32028499057948934 0.3170004630033415
9 455.0 0.0 -1.0 -1.0 -1.0 0.0 0.34314330958230194 0.32529217661486504 0.3315645138028331
9 456.0 0.0 -1.0 -1.0 -1.0 0.0 0.38060384683501375 0.3129326196464424 0.30646353351854355
9 457.0 0.0 -1.0 -1.0 -1.0 0.0 0.3771176775911891 0.34149460963627454 0.2813877127725365
9 458.0 0.0 -1.0 -1.0 -1.0 0.0 0.38195838643291424 0.3355248762774945 0.2825167372895913
9 459.0 0.0 -1.0 -1.0 -1.0 0.0 0.3672906112919585 0.32113610524093594 0.3115732834671057
9 460.0 0.0 -1.0 -1.0 -1.0 0.0 0.38800120087821344 0.3356508054867475 0.27634799363503926
9 461.0 0.0 -1.0 -1.0 -1.0 0.0 0.3736297275670802 0.3205830005732164 0.30578727185970334
9 462.0 0.0 -1.0 -1.0 -1.0 0.0 0.37645830720233975 0.3353539326909237 0.28818776010673675
9 463.0 0.0 -1.0 -1.0 -1.0 0.0 0.3771607697739982 0.33814120482654775 0.2846980253994541
9 464.0 0.0 -1.0 -1.0 -1.0 0.0 0.3718185264946026 0.3360801072829868 0.2921013662224104
9 465.0 0.0 -1.0 -1.0 -1.0 0.0 0.3495540036269217 0.35851001122438364 0.2919359851486949
9 466.0 0.0 -1.0 -1.0 -1.0 0.0 0.3307738617809928 0.37599419930789646 0.2932319389111112
9 467.0 0.0 -1.0 -1.0 -1.0 0.0 0.35581378022268195 0.35065359450494704 0.2935326252723709
9 468.0 0.0 -1.0 -1.0 -1.0 0.0 0.34939800110621133 0.3526001422088189 0.29800185668496953
9 469.0 0.0 -1.0 -1.0 -1.0 0.0 0.36150144119892497 0.3428511230121989 0.2956474357888764
9 470.0 0.0 -1.0 -1.0 -1.0 0.0 0.32078320339455835 0.3699377565289086 0.3092790400765332
9 471.0 0.0 -1.0 -1.0 -1.0 0.0 0.34092221231239267 0.3027657874390115 0.3563120002485961
9 472.0 0.0 -1.0 -1.0 -1.0 0.0 0.34731459220967936 0.28535255403646104 0.36733285375385977
9 473.0 0.0 -1.0 -1.0 -1.0 0.0 0.3389879919898219 0.30867857951904387 0.3523334284911342
9 474.0 0.0 -1.0 -1.0 -1.0 0.0 0.3288045680752606 0.3134372722688311 0.3577581596559083
9 475.0 0.0 -1.0 -1.0 -1.0 0.0 0.3004611512334088 0.3282063210498763 0.3713325277167147
9 476.0 0.0 -1.0 -1.0 -1.0 0.0 0.29706083423932433 0.33852402120180836 0.36441514455886725
9 477.0 0.0 -1.0 -1.0 -1.0 0.0 0.3298513168197369 0.3193165377549238 0.350832145425339
9 478.0 0.0 -1.0 -1.0 -1.0 0.0 0.3316699894990697 0.31200374423303473 0.3563262662678957
9 479.0 0.0 -1.0 -1.0 -1.0 0.0 0.3132447205914811 0.301719468781789 0.38503581062672976
9 480.0 0.0 -1.0 -1.0 -1.0 0.0 0.32712792007962926 0.2976262705956117 0.37524580932475926
9 481.0 0.0 -1.0 -1.0 -1.0 0.0 0.3351062178999956 0.2908389062879221 0.37405487581208213
9 482.0 0.0 -1.0 -1.0 -1.0 0.0 0.35959674517686885 0.28702621626503605 0.353377038558095
9 483.0 0.0 -1.0 -1.0 -1.0 0.0 0.34675995423205563 0.2995336653729396 0.3537063803950047
9 484.0 0.0 -1.0 -1.0 -1.0 0.0 0.3329615194588487 0.30476743242812104 0.36227104811303024
9 485.0 0.0 -1.0 -1.0 -1.0 0.0 0.30657792528295963 0.3099777874853979 0.38344428723164276
9 486.0 0.0 -1.0 -1.0 -1.0 0.0 0.31458064829620186 0.30281988185848996 0.38259946984530835
9 487.0 0.0 -1.0 -1.0 -1.0 0.0 0.3133641322491082 0.3230626450693011 0.3635732226815908
9 488.0 0.0 -1.0 -1.0 -1.0 0.0 0.3411444307269298 0.2911268592119082 0.3677287100611618
9 489.0 0.0 -1.0 -1.0 -1.0 0.0 0.35137771402040047 0.30329736554580927 0.3453249204337902
9 490.0 0.0 -1.0 -1.0 -1.0 0.0 0.33503033579042063 0.31312685447128064 0.3518428097382985
9 491.0 0.0 -1.0 -1.0 -1.0 0.0 0.3408886310617142 0.3025815374449197 0.35652983149336587
9 492.0 0.0 -1.0 -1.0 -1.0 0.0 0.32792617204145946 0.31193147948902644 0.360142348469514
9 493.0 0.0 -1.0 -1.0 -1.0 0.0 0.34726606418897354 0.3315069357401954 0.321227000070831
9 494.0 0.0 -1.0 -1.0 -1.0 0.0 0.33292908538912336 0.3331452394267047 0.33392567518417193
9 495.0 0.0 -1.0 -1.0 -1.0 0.0 0.355606282576926 0.34415775367826174 0.3002359637448125
9 496.0 0.0 -1.0 -1.0 -1.0 0.0 0.361440321696846 0.35858042182620187 0.2799792564769522
9 497.0 0.0 -1.0 -1.0 -1.0 0.0 0.3556206301332812 0.3430316403340052 0.3013477295327135
9 498.0 0.0 -1.0 -1.0 -1.0 0.0 0.36298125230016637 0.34454001038587584 0.29247873731395774
9 499.0 0.0 -1.0 -1.0 -1.0 0.0 0.34877473342417 0.32768441349431865 0.3235408530815114
9 500.0 0.0 -1.0 -1.0 -1.0 0.0 0.3801973563945916 0.34928817182188565 0.2705144717835225
9 501.0 0.0 -1.0 -1.0 -1.0 0.0 0.3492465771406625 0.34826101744191784 0.3024924054174198
9 502.0 0.0 -1.0 -1.0 -1.0 0.0 0.3436925064118278 0.34859395672161747 0.3077135368665548
9 503.0 0.0 -1.0 -1.0 -1.0 0.0 0.324723050249016 0.3338442436155762 0.34143270613540755
9 504.0 0.0 -1.0 -1.0 -1.0 0.0 0.34455035169127696 0.32015961752448563 0.33529003078423736
9 505.0 0.0 -1.0 -1.0 -1.0 0.0 0.32397769513276353 0.3375118466051449 0.33851045826209164
9 506.0 0.0 -1.0 -1.0 -1.0 0.0 0.32497447348214076 0.33212047432381064 0.3429050521940485
9 507.0 0.0 -1.0 -1.0 -1.0 0.0 0.33644891972832264 0.3466127050208645 0.3169383752508128
9 508.0 0.0 -1.0 -1.0 -1.0 0.0 0.29551077849367563 0.3598245886795266 0.3446646328267976
9 509.0 0.0 -1.0 -1.0 -1.0 0.0 0.3122721075906479 0.3683087499270419 0.31941914248231
9 510.0 0.0 -1.0 -1.0 -1.0 0.0 0.30388705818416356 0.34785170920165925 0.34826123261417735
9 511.0 0.0 -1.0 -1.0 -1.0 0.0 0.3096297733412202 0.3547535199813448 0.3356167066774349
9 512.0 0.0 -1.0 -1.0 -1.0 0.0 0.3432571606275051 0.34560181732386863 0.3111410220486262
9 513.0 0.0 -1.0 -1.0 -1.0 0.0 0.36968287542148354 0.3326569652376734 0.29766015934084306
9 514.0 0.0 -1.0 -1.0 -1.0 0.0 0.35251164666896756 0.3423550275679231 0.30513332576310953
9 515.0 0.0 -1.0 -1.0 -1.0 0.0 0.3359275910824746 0.35707859512421863 0.30699381379330676
9 516.0 0.0 -1.0 -1.0 -1.0 0.0 0.32165121564479604 0.32891937219595824 0.3494294121592457
9 517.0 0.0 -1.0 -1.0 -1.0 0.0 0.33612430383864805 0.3337324065161175 0.3301432896452345
9 518.0 0.0 -1.0 -1.0 -1.0 0.0 0.33803644031730384 0.3220745324237101 0.3398890272589862
9 519.0 0.0 -1.0 -1.0 -1.0 0.0 0.32326364759744164 0.3512523259182092 0.32548402648434904
9 520.0 0.0 -1.0 -1.0 -1.0 0.0 0.3342373562285138 0.3143951721587647 0.35136747161272125
9 521.0 0.0 -1.0 -1.0 -1.0 0.0 0.3388271745281905 0.3032484885589569 0.35792433691285264
9 522.0 0.0 -1.0 -1.0 -1.0 0.0 0.3034146229335875 0.3351754261403726 0.36140995092604006
9 523.0 0.0 -1.0 -1.0 -1.0 0.0 0.29230524980616207 0.3604893978932523 0.34720535230058575
9 524.0 0.0 -1.0 -1.0 -1.0 0.0 0.30227724336823447 0.3416195270979543 0.3561032295338113
9 525.0 0.0 -1.0 -1.0 -1.0 0.0 0.3109264059997496 0.3244101308234463 0.36466346317680404
9 526.0 0.0 -1.0 -1.0 -1.0 0.0 0.3291737761109932 0.3266928593195329 0.34413336456947374
9 527.0 0.0 -1.0 -1.0 -1.0 0.0 0.31404530912142037 0.34357681095283543 0.34237787992574403
9 528.0 0.0 -1.0 -1.0 -1.0 0.0 0.3067731824354369 0.3603428087438216 0.33288400882074165
9 529.0 0.0 -1.0 -1.0 -1.0 0.0 0.3143326577458721 0.3571431337229931 0.32852420853113484
9 530.0 0.0 -1.0 -1.0 -1.0 0.0 0.33391791130114584 0.3470335099583491 0.3190485787405054
9 531.0 0.0 -1.0 -1.0 -1.0 0.0 0.3138511363934526 0.3540414856096017 0.3321073779969458
9 532.0 0.0 -1.0 -1.0 -1.0 0.0 0.3286558763818379 0.38518823778244354 0.28615588583571844
9 533.0 0.0 -1.0 -1.0 -1.0 0.0 0.32835798789310466 0.35892186110574625 0.31272015100114925
9 534.0 0.0 -1.0 -1.0 -1.0 0.0 0.328746098459562 0.35064246766925394 0.3206114338711844
9 535.0 0.0 -1.0 -1.0 -1.0 0.0 0.3445407180481332 0.3660910227147941 0.28936825923707277
9 536.0 0.0 -1.0 -1.0 -1.0 0.0 0.35146111003503366 0.3359442640984692 0.3125946258664971
9 537.0 0.0 -1.0 -1.0 -1.0 0.0 0.34884222016557337 0.32772412793353334 0.3234336519008933
9 538.0 0.0 -1.0 -1.0 -1.0 0.0 0.34943966806031246 0.3164690350863894 0.3340912968532981
9 539.0 0.0 -1.0 -1.0 -1.0 0.0 0.33494462670943725 0.33916090584244424 0.3258944674481184
9 540.0 0.0 -1.0 -1.0 -1.0 0.0 0.3358946816110975 0.3358939925537479 0.32821132583515455
9 541.0 0.0 -1.0 -1.0 -1.0 0.0 0.3506288904001901 0.31607381844069865 0.3332972911591113
9 542.0 0.0 -1.0 -1.0 -1.0 0.0 0.3756131273645972 0.3032657690174064 0.32112110361799656
9 543.0 0.0 -1.0 -1.0 -1.0 0.0 0.37184726446698185 0.3109803784173908 0.3171723571156273
9 544.0 0.0 -1.0 -1.0 -1.0 0.0 0.3446378133185902 0.34107294056734183 0.31428924611406783
9 545.0 0.0 -1.0 -1.0 -1.0 0.0 0.37464264969094435 0.33754324238944905 0.28781410791960665
9 546.0 0.0 -1.0 -1.0 -1.0 0.0 0.36227667540444264 0.33793897073450857 0.29978435386104896
9 547.0 0.0 -1.0 -1.0 -1.0 0.0 0.3501471217050072 0.3467525848119161 0.3031002934830765
9 548.0 0.0 -1.0 -1.0 -1.0 0.0 0.34000827306573206 0.33585639856605426 0.3241353283682135
9 549.0 0.0 -1.0 -1.0 -1.0 0.0 0.3348149011758956 0.3441019284767812 0.3210831703473234
9 550.0 0.0 -1.0 -1.0 -1.0 0.0 0.32294317940877304 0.3444594057110386 0.33259741488018824
9 551.0 0.0 -1.0 -1.0 -1.0 0.0 0.29497544639808476 0.34698185201420095 0.3580427015877147
9 552.0 0.0 -1.0 -1.0 -1.0 0.0 0.30041458654702957 0.33587971426884616 0.3637056991841244
9 553.0 0.0 -1.0 -1.0 -1.0 0.0 0.2966329304173256 0.31465334785392435 0.38871372172875013
9 554.0 0.0 -1.0 -1.0 -1.0 0.0 0.29695672902334846 0.3066942673854359 0.39634900359121544
9 555.0 0.0 -1.0 -1.0 -1.0 0.0 0.31223918457411853 0.3083830875647897 0.3793777278610919
9 556.0 0.0 -1.0 -1.0 -1.0 0.0 0.320453769760016 0.32662457135219036 0.35292165888779364
9 557.0 0.0 -1.0 -1.0 -1.0 0.0 0.3244291512934921 0.35379241215774954 0.3217784365487584
9 558.0 0.0 -1.0 -1.0 -1.0 0.0 0.3318215372108575 0.33636919126287507 0.33180927152626744
9 559.0 0.0 -1.0 -1.0 -1.0 0.0 0.32946893719676945 0.32991389720354575 0.3406171655996846
9 560.0 0.0 -1.0 -1.0 -1.0 0.0 0.3270784343024531 0.3294309983295111 0.3434905673680356
9 561.0 0.0 -1.0 -1.0 -1.0 0.0 0.31821437302785255 0.32792328713675006 0.35386233983539755
9 562.0 0.0 -1.0 -1.0 -1.0 0.0 0.3281484336373613 0.3229917139769949 0.34885985238564365
9 563.0 0.0 -1.0 -1.0 -1.0 0.0 0.3304781818706163 0.34257511882683217 0.3269466993025514
9 564.0 0.0 -1.0 -1.0 -1.0 0.0 0.35182874554765525 0.3421990583696664 0.30597219608267806
9 565.0 0.0 -1.0 -1.0 -1.0 0.0 0.3439236849316815 0.33739684514565527 0.3186794699226635
9 566.0 0.0 -1.0 -1.0 -1.0 0.0 0.35774857740860205 0.30788686937336607 0.334364553218032
9 567.0 0.0 -1.0 -1.0 -1.0 0.0 0.3397712852318911 0.31136145270876747 0.34886726205934154
9 568.0 0.0 -1.0 -1.0 -1.0 0.0 0.3362677184500313 0.3217366770962591 0.34199560445370963
9 569.0 0.0 -1.0 -1.0 -1.0 0.0 0.3051880635427282 0.3394771203175199 0.35533481613975193
9 570.0 0.0 -1.0 -1.0 -1.0 0.0 0.3157423459000563 0.347841086121383 0.33641656797856073
9 571.0 0.0 -1.0 -1.0 -1.0 0.0 0.3074946835601121 0.36784547854284466 0.3246598378970432
9 572.0 0.0 -1.0 -1.0 -1.0 0.0 0.3175154356149355 0.38609296254357134 0.2963916018414931
9 573.0 0.0 -1.0 -1.0 -1.0 0.0 0.3464463106137458 0.368138754019453 0.28541493536680096
9 574.0 0.0 -1.0 -1.0 -1.0 0.0 0.35152498355396183 0.3303091570521191 0.31816585939391895
9 575.0 0.0 -1.0 -1.0 -1.0 0.0 0.34471086390478695 0.31129293497992216 0.34399620111529083
9 576.0 0.0 -1.0 -1.0 -1.0 0.0 0.3485215475970444 0.30683482330707224 0.3446436290958832
9 577.0 0.0 -1.0 -1.0 -1.0 0.0 0.32763461985698955 0.32188485002495226 0.35048053011805835
9 578.0 0.0 -1.0 -1.0 -1.0 0.0 0.33518736847989034 0.29780663983636635 0.36700599168374326
9 579.0 0.0 -1.0 -1.0 -1.0 0.0 0.31686007812318334 0.3119661463258938 0.3711737755509229
9 580.0 0.0 -1.0 -1.0 -1.0 0.0 0.3035961130829767 0.3285384432343146 0.367865443682709
9 581.0 0.0 -1.0 -1.0 -1.0 0.0 0.2981356265921084 0.3598898706815961 0.34197450272629554
9 582.0 0.0 -1.0 -1.0 -1.0 0.0 0.30269031616205966 0.3651778914596137 0.3321317923783266
9 583.0 0.0 -1.0 -1.0 -1.0 0.0 0.313099126448264 0.37347037795127574 0.31343049560046043
9 584.0 0.0 -1.0 -1.0 -1.0 0.0 0.3106387522968142 0.3639811789902312 0.3253800687129544
9 585.0 0.0 -1.0 -1.0 -1.0 0.0 0.29532829827096774 0.3725144182023423 0.33215728352668994
9 586.0 0.0 -1.0 -1.0 -1.0 0.0 0.31100913549667575 0.364377687761423 0.32461317674190093
9 587.0 0.0 -1.0 -1.0 -1.0 0.0 0.32483363851375935 0.3575330515754252 0.31763330991081573
9 588.0 0.0 -1.0 -1.0 -1.0 0.0 0.32436144136415057 0.3572220602164742 0.3184164984193751
9 589.0 0.0 -1.0 -1.0 -1.0 0.0 0.3433745815740983 0.3350831888190969 0.32154222960680484
9 590.0 0.0 -1.0 -1.0 -1.0 0.0 0.3057940005763159 0.3484320580759743 0.3457739413477098
9 591.0 0.0 -1.0 -1.0 -1.0 0.0 0.292366715890055 0.3527247101830374 0.35490857392690744
9 592.0 0.0 -1.0 -1.0 -1.0 0.0 0.33040497680675535 0.3404046574839642 0.3291903657092801
9 593.0 0.0 -1.0 -1.0 -1.0 0.0 0.35001724932105893 0.3513220201042761 0.29866073057466486
9 594.0 0.0 -1.0 -1.0 -1.0 0.0 0.3502026745443928 0.35315611918510526 0.296641206270502
9 595.0 0.0 -1.0 -1.0 -1.0 0.0 0.31320176432371816 0.3698275805124132 0.31697065516386874
9 596.0 0.0 -1.0 -1.0 -1.0 0.0 0.30784675334749834 0.37043202747005305 0.32172121918244867
9 597.0 0.0 -1.0 -1.0 -1.0 0.0 0.293226113822772 0.3821824201407394 0.32459146603648853
9 598.0 0.0 -1.0 -1.0 -1.0 0.0 0.3238983622299192 0.3728938753953039 0.303207762374777
9 599.0 0.0 -1.0 -1.0 -1.0 0.0 0.36282386021665647 0.3432353986379699 0.29394074114537366
9 600.0 0.0 -1.0 -1.0 -1.0 0.0 0.3477455419282202 0.33778211863087904 0.3144723394409008
9 601.0 0.0 -1.0 -1.0 -1.0 0.0 0.37564783150881487 0.3104010681124343 0.3139511003787509
9 602.0 0.0 -1.0 -1.0 -1.0 0.0 0.3612597296057215 0.331121481186176 0.30761878920810265
9 603.0 0.0 -1.0 -1.0 -1.0 0.0 0.34208097420898476 0.35820111332394716 0.2997179124670683
9 604.0 0.0 -1.0 -1.0 -1.0 0.0 0.3533579784249446 0.3436174913323712 0.3030245302426842
9 605.0 0.0 -1.0 -1.0 -1.0 0.0 0.3472146909304644 0.3606061690528829 0.2921791400166527
9 606.0 0.0 -1.0 -1.0 -1.0 0.0 0.3675747443083438 0.332122145468022 0.3003031102236342
9 607.0 0.0 -1.0 -1.0 -1.0 0.0 0.3464368016761395 0.33342580051144516 0.32013739781241535
9 608.0 0.0 -1.0 -1.0 -1.0 0.0 0.3228081799021924 0.3461323802255529 0.3310594398722547
9 609.0 0.0 -1.0 -1.0 -1.0 0.0 0.33394854734021434 0.31887413053405256 0.34717732212573305
9 610.0 0.0 -1.0 -1.0 -1.0 0.0 0.3542731806912374 0.3095890787404112 0.3361377405683514
9 611.0 0.0 -1.0 -1.0 -1.0 0.0 0.33401655257827406 0.3229880628987985 0.3429953845229275
9 612.0 0.0 -1.0 -1.0 -1.0 0.0 0.31879106544313024 0.3279173894037466 0.3532915451531231
9 613.0 0.0 -1.0 -1.0 -1.0 0.0 0.3165504274959734 0.3378489257421742 0.34560064676185265
9 614.0 0.0 -1.0 -1.0 -1.0 0.0 0.3470961772188194 0.3301965256606717 0.32270729712050916
9 615.0 0.0 -1.0 -1.0 -1.0 0.0 0.3557124821197729 0.33375916508283054 0.3105283527973965
9 616.0 0.0 -1.0 -1.0 -1.0 0.0 0.3420368988245633 0.354775474371595 0.30318762680384187
9 617.0 0.0 -1.0 -1.0 -1.0 0.0 0.35552689272540805 0.3599099421379902 0.2845631651366016
9 618.0 0.0 -1.0 -1.0 -1.0 0.0 0.3679772516096078 0.35534492895373293 0.2766778194366589
9 619.0 0.0 -1.0 -1.0 -1.0 0.0 0.3374864816222378 0.35138528437888816 0.31112823399887385
9 620.0 0.0 -1.0 -1.0 -1.0 0.0 0.3388291217857324 0.3500184588740895 0.3111524193401781
9 621.0 0.0 -1.0 -1.0 -1.0 0.0 0.3496869275581699 0.33685552579929423 0.3134575466425356
9 622.0 0.0 -1.0 -1.0 -1.0 0.0 0.34243464300119214 0.34682470242241 0.3107406545763981
9 623.0 0.0 -1.0 -1.0 -1.0 0.0 0.33083111456703707 0.3504293236729847 0.3187395617599781
9 624.0 0.0 -1.0 -1.0 -1.0 0.0 0.30509595323848815 0.3513859485810469 0.3435180981804652
9 625.0 0.0 -1.0 -1.0 -1.0 0.0 0.33647826474461495 0.3372257237655116 0.32629601148987336
9 626.0 0.0 -1.0 -1.0 -1.0 0.0 0.3087127633152744 0.33892485914455667 0.35236237754016897
9 627.0 0.0 -1.0 -1.0 -1.0 0.0 0.31764514598066845 0.32941270877834355 0.35294214524098805
9 628.0 0.0 -1.0 -1.0 -1.0 0.0 0.32204397625378733 0.3397489222926114 0.3382071014536015
9 629.0 0.0 -1.0 -1.0 -1.0 0.0 0.3264907423158045 0.3256211390288968 0.34788811865529873
9 630.0 0.0 -1.0 -1.0 -1.0 0.0 0.333532427374428 0.33683785369542435 0.3296297189301477
9 631.0 0.0 -1.0 -1.0 -1.0 0.0 0.3432711567502904 0.3197413085067284 0.33698753474298115
9 632.0 0.0 -1.0 -1.0 -1.0 0.0 0.3383283289452448 0.3389912910494246 0.3226803800053307
9 633.0 0.0 -1.0 -1.0 -1.0 0.0 0.35224273806633855 0.3387236057281091 0.30903365620555234
9 634.0 0.0 -1.0 -1.0 -1.0 0.0 0.33625443887757706 0.3675254151860117 0.29622014593641116
9 635.0 0.0 -1.0 -1.0 -1.0 0.0 0.36035157970485626 0.35383894093477364 0.28580947936037016
9 636.0 0.0 -1.0 -1.0 -1.0 0.0 0.3386459015267163 0.38556650315249946 0.27578759532078423
9 637.0 0.0 -1.0 -1.0 -1.0 0.0 0.3440959536357252 0.3562252971129023 0.2996787492513726
9 638.0 0.0 -1.0 -1.0 -1.0 0.0 0.3481375892350802 0.3205011859154916 0.3313612248494281
9 639.0 0.0 -1.0 -1.0 -1.0 0.0 0.32111971955411645 0.33838487092862274 0.34049540951726087
9 640.0 0.0 -1.0 -1.0 -1.0 0.0 0.30219383679405465 0.3558500895549006 0.3419560736510448
9 641.0 0.0 -1.0 -1.0 -1.0 0.0 0.3138948725451364 0.33505066797601857 0.35105445947884495
9 642.0 0.0 -1.0 -1.0 -1.0 0.0 0.33343573019250683 0.3401323286201878 0.3264319411873056
9 643.0 0.0 -1.0 -1.0 -1.0 0.0 0.33281937726348654 0.33395816405808865 0.333222458678425
9 644.0 0.0 -1.0 -1.0 -1.0 0.0 0.3563558644759804 0.31066383954305626 0.3329802959809635
9 645.0 0.0 -1.0 -1.0 -1.0 0.0 0.3633274935354963 0.3227439613395275 0.31392854512497637
9 646.0 0.0 -1.0 -1.0 -1.0 0.0 0.3749740242855767 0.3213019093656453 0.30372406634877785
9 647.0 0.0 -1.0 -1.0 -1.0 0.0 0.3626553716693463 0.3296871600732828 0.30765746825737117
9 648.0 0.0 -1.0 -1.0 -1.0 0.0 0.3676632494133875 0.32015663192710386 0.31218011865950873
9 649.0 0.0 -1.0 -1.0 -1.0 0.0 0.3526772653483627 0.32074840684876377 0.32657432780287343
9 650.0 0.0 -1.0 -1.0 -1.0 0.0 0.34550081422330614 0.33265406130351366 0.32184512447318014
9 651.0 0.0 -1.0 -1.0 -1.0 0.0 0.3585999569832898 0.32050819795841157 0.3208918450582987
9 652.0 0.0 -1.0 -1.0 -1.0 0.0 0.3515392009818743 0.3046215894300504 0.34383920958807535
9 653.0 0.0 -1.0 -1.0 -1.0 0.0 0.3456088535290223 0.319479942034606 0.33491120443637196
9 654.0 0.0 -1.0 -1.0 -1.0 0.0 0.3420597792461322 0.31790442279303105 0.3400357979608368
9 655.0 0.0 -1.0 -1.0 -1.0 0.0 0.34287644716664745 0.3416061360354603 0.3155174167978921
9 656.0 0.0 -1.0 -1.0 -1.0 0.0 0.3428338042729564 0.3368750382215266 0.32029115750551695
9 657.0 0.0 -1.0 -1.0 -1.0 0.0 0.3568008851488564 0.338386598550494 0.30481251630064954
9 658.0 0.0 -1.0 -1.0 -1.0 0.0 0.37653958262706533 0.3040774986078867 0.3193829187650478
9 659.0 0.0 -1.0 -1.0 -1.0 0.0 0.38293444648732416 0.2861029203574546 0.3309626331552212
9 660.0 0.0 -1.0 -1.0 -1.0 0.0 0.3579861226480958 0.3093807063550977 0.3326331709968065
9 661.0 0.0 -1.0 -1.0 -1.0 0.0 0.32970591657096887 0.31132137063673904 0.35897271279229204
9 662.0 0.0 -1.0 -1.0 -1.0 0.0 0.3359374392884702 0.321195670888148 0.342866889823382
9 663.0 0.0 -1.0 -1.0 -1.0 0.0 0.34984466550825083 0.33810682263394454 0.3120485118578046
9 664.0 0.0 -1.0 -1.0 -1.0 0.0 0.32478735578083884 0.34249480064204557 0.3327178435771158
9 665.0 0.0 -1.0 -1.0 -1.0 0.0 0.32042775676550767 0.3538963453043569 0.3256758979301354
9 666.0 0.0 -1.0 -1.0 -1.0 0.0 0.3312119804756357 0.3449196833978588 0.32386833612650556
9 667.0 0.0 -1.0 -1.0 -1.0 0.0 0.33650049335137616 0.3380991366221803 0.32540037002644356
9 668.0 0.0 -1.0 -1.0 -1.0 0.0 0.32076291234527127 0.32238789050313804 0.3568491971515907
9 669.0 0.0 -1.0 -1.0 -1.0 0.0 0.3213478517673369 0.34157343163108805 0.337078716601575
9 670.0 0.0 -1.0 -1.0 -1.0 0.0 0.3119194557454629 0.3168408131214103 0.3712397311331269
9 671.0 0.0 -1.0 -1.0 -1.0 0.0 0.3008582795629652 0.3034318924517183 0.39570982798531645
9 672.0 0.0 -1.0 -1.0 -1.0 0.0 0.3175945721531776 0.3119015476957946 0.37050388015102753
9 673.0 0.0 -1.0 -1.0 -1.0 0.0 0.31660607661492607 0.32714957601087397 0.3562443473741998
9 674.0 0.0 -1.0 -1.0 -1.0 0.0 0.30611835859788983 0.32624351739794044 0.36763812400416973
9 675.0 0.0 -1.0 -1.0 -1.0 0.0 0.34548180787067245 0.3253124255886549 0.32920576654067246
9 676.0 0.0 -1.0 -1.0 -1.0 0.0 0.33941914436276777 0.31740423974709764 0.34317661589013476
9 677.0 0.0 -1.0 -1.0 -1.0 0.0 0.3150007308097401 0.3293382270284742 0.35566104216178546
9 678.0 0.0 -1.0 -1.0 -1.0 0.0 0.3184641683566123 0.32979876460721225 0.35173706703617547
9 679.0 0.0 -1.0 -1.0 -1.0 0.0 0.32315016004684394 0.3384853411259521 0.33836449882720415
9 680.0 0.0 -1.0 -1.0 -1.0 0.0 0.32091064505798245 0.3399660385930909 0.3391233163489264
9 681.0 0.0 -1.0 -1.0 -1.0 0.0 0.33582607563076017 0.3223555722918779 0.341818352077362
9 682.0 0.0 -1.0 -1.0 -1.0 0.0 0.3427172455875019 0.32213313041460756 0.3351496239978905
9 683.0 0.0 -1.0 -1.0 -1.0 0.0 0.3340283168137458 0.3219650732595364 0.3440066099267179
9 684.0 0.0 -1.0 -1.0 -1.0 0.0 0.34765945829657136 0.309701814438715 0.34263872726471356
9 685.0 0.0 -1.0 -1.0 -1.0 0.0 0.34006627475091267 0.3280985249128394 0.3318352003362481
9 686.0 0.0 -1.0 -1.0 -1.0 0.0 0.35588284051820834 0.3376586945727039 0.3064584649090879
9 687.0 0.0 -1.0 -1.0 -1.0 0.0 0.33466607201253656 0.3262376279074804 0.33909630007998287
9 688.0 0.0 -1.0 -1.0 -1.0 0.0 0.32384904676787973 0.3146996325842965 0.36145132064782354
9 689.0 0.0 -1.0 -1.0 -1.0 0.0 0.3210393670295221 0.32740217303603236 0.35155845993444534
9 690.0 0.0 -1.0 -1.0 -1.0 0.0 0.33321849222025546 0.3149283919665245 0.3518531158132199
9 691.0 0.0 -1.0 -1.0 -1.0 0.0 0.3490148068740886 0.3172414275822679 0.33374376554364354
9 692.0 0.0 -1.0 -1.0 -1.0 0.0 0.3352149768306457 0.31560886429967555 0.34917615886967873
9 693.0 0.0 -1.0 -1.0 -1.0 0.0 0.34930390760109925 0.31526578776234354 0.3354303046365573
9 694.0 0.0 -1.0 -1.0 -1.0 0.0 0.33676547531419637 0.3125004059077191 0.35073411877808447
9 695.0 0.0 -1.0 -1.0 -1.0 0.0 0.34365950995303324 0.3256731952506564 0.33066729479631035
9 696.0 0.0 -1.0 -1.0 -1.0 0.0 0.30918243330910283 0.36266442789546394 0.32815313879543323
9 697.0 0.0 -1.0 -1.0 -1.0 0.0 0.3226752455922171 0.35753126642703686 0.3197934879807461
9 698.0 0.0 -1.0 -1.0 -1.0 0.0 0.3135577406594189 0.3843584207731989 0.30208383856738225
9 699.0 0.0 -1.0 -1.0 -1.0 0.0 0.3242700777503273 0.383075972611803 0.2926539496378696
9 700.0 0.0 -1.0 -1.0 -1.0 0.0 0.3105052975832748 0.36095664342151174 0.3285380589952137
9 701.0 0.0 -1.0 -1.0 -1.0 0.0 0.3530938378754921 0.335892413087286 0.31101374903722195
9 702.0 0.0 -1.0 -1.0 -1.0 0.0 0.3309829368056366 0.35735596809580783 0.3116610950985557
9 703.0 0.0 -1.0 -1.0 -1.0 0.0 0.33915777348203613 0.3603154271589763 0.3005267993589875
9 704.0 0.0 -1.0 -1.0 -1.0 0.0 0.321328458503088 0.35666442421672406 0.32200711728018805
9 705.0 0.0 -1.0 -1.0 -1.0 0.0 0.31703673923798514 0.32201799062484815 0.36094527013716676
9 706.0 0.0 -1.0 -1.0 -1.0 0.0 0.3036633859669327 0.34217500984834265 0.35416160418472464
9 707.0 0.0 -1.0 -1.0 -1.0 0.0 0.301848872025782 0.3515141520671743 0.34663697590704357
9 708.0 0.0 -1.0 -1.0 -1.0 0.0 0.3101038421289257 0.33183476862493555 0.3580613892461388
9 709.0 0.0 -1.0 -1.0 -1.0 0.0 0.30829099322783976 0.3393657866154788 0.35234322015668157
9 710.0 0.0 -1.0 -1.0 -1.0 0.0 0.3188344299709797 0.33393500222331424 0.3472305678057059
9 711.0 0.0 -1.0 -1.0 -1.0 0.0 0.30011226409403696 0.342167560955858 0.3577201749501052
9 712.0 0.0 -1.0 -1.0 -1.0 0.0 0.31033566947865315 0.34537101945498216 0.3442933110663649
9 713.0 0.0 -1.0 -1.0 -1.0 0.0 0.3006191664661754 0.3582551246149479 0.3411257089188767
9 714.0 0.0 -1.0 -1.0 -1.0 0.0 0.3024456130109167 0.3596174630287171 0.3379369239603661
9 715.0 0.0 -1.0 -1.0 -1.0 0.0 0.3302722741366088 0.35651596048328793 0.3132117653801033
9 716.0 0.0 -1.0 -1.0 -1.0 0.0 0.3234599202842638 0.3644523097308031 0.3120877699849329
9 717.0 0.0 -1.0 -1.0 -1.0 0.0 0.33823717835840755 0.3493980856395803 0.3123647360020125
9 718.0 0.0 -1.0 -1.0 -1.0 0.0 0.32257611798378405 0.37668113096947126 0.3007427510467445
9 719.0 0.0 -1.0 -1.0 -1.0 0.0 0.3210350126483034 0.37634592937222977 0.302619057979467
9 720.0 0.0 -1.0 -1.0 -1.0 0.0 0.3120192969839847 0.3793336056198759 0.3086470973961394
9 721.0 0.0 -1.0 -1.0 -1.0 0.0 0.30002057796135223 0.3732950715305416 0.32668435050810607
9 722.0 0.0 -1.0 -1.0 -1.0 0.0 0.3267026380165913 0.3601703777735296 0.31312698420987917
9 723.0 0.0 -1.0 -1.0 -1.0 0.0 0.31604090891712916 0.3716026212102734 0.31235646987259746
9 724.0 0.0 -1.0 -1.0 -1.0 0.0 0.3051506977777454 0.38249372406830034 0.312355578153954
9 725.0 0.0 -1.0 -1.0 -1.0 0.0 0.2929664855860278 0.3782419162743742 0.3287915981395981
9 726.0 0.0 -1.0 -1.0 -1.0 0.0 0.2928254648075224 0.4049216292270277 0.3022529059654496
9 727.0 0.0 -1.0 -1.0 -1.0 0.0 0.31273297046789394 0.3684832182116219 0.31878381132048417
9 728.0 0.0 -1.0 -1.0 -1.0 0.0 0.31353618856470794 0.3181433520154496 0.3683204594198426
9 729.0 0.0 -1.0 -1.0 -1.0 0.0 0.3498191265303304 0.29193015207685813 0.35825072139281144
9 730.0 0.0 -1.0 -1.0 -1.0 0.0 0.3485601852305827 0.27711629383617775 0.3743235209332394
9 731.0 0.0 -1.0 -1.0 -1.0 0.0 0.34419623189147225 0.27371654709765 0.3820872210108778
9 732.0 0.0 -1.0 -1.0 -1.0 0.0 0.32455921887494266 0.2940452403876389 0.3813955407374183
9 733.0 0.0 -1.0 -1.0 -1.0 0.0 0.3580380097312228 0.2828516797550563 0.35911031051372094
9 734.0 0.0 -1.0 -1.0 -1.0 0.0 0.33410282671280195 0.31290256241008607 0.35299461087711204
9 735.0 0.0 -1.0 -1.0 -1.0 0.0 0.32372341959901463 0.30669321642895675 0.3695833639720288
9 736.0 0.0 -1.0 -1.0 -1.0 0.0 0.3124973162527047 0.3161996519008258 0.37130303184646957
9 737.0 0.0 -1.0 -1.0 -1.0 0.0 0.32718634451048234 0.34049310250059384 0.3323205529889238
9 738.0 0.0 -1.0 -1.0 -1.0 0.0 0.33468464197121855 0.31170034981085093 0.35361500821793074
9 739.0 0.0 -1.0 -1.0 -1.0 0.0 0.31937081531646727 0.3183805930874579 0.3622485915960749
9 740.0 0.0 -1.0 -1.0 -1.0 0.0 0.3111021042003868 0.33033228343895726 0.3585656123606558
9 741.0 0.0 -1.0 -1.0 -1.0 0.0 0.29296130369056445 0.3497234552894713 0.35731524101996426
9 742.0 0.0 -1.0 -1.0 -1.0 0.0 0.3295552217208013 0.3330519141459121 0.33739286413328634
9 743.0 0.0 -1.0 -1.0 -1.0 0.0 0.33469146830175506 0.31821864084724294 0.3470898908510021
9 744.0 0.0 -1.0 -1.0 -1.0 0.0 0.33760323121382724 0.32560765870246067 0.33678911008371215
9 745.0 0.0 -1.0 -1.0 -1.0 0.0 0.3409259296367322 0.3133589126656346 0.3457151576976332
9 746.0 0.0 -1.0 -1.0 -1.0 0.0 0.31909621407342637 0.32187945221854003 0.3590243337080335
9 747.0 0.0 -1.0 -1.0 -1.0 0.0 0.30957748106257205 0.32540746792683867 0.3650150510105894
9 748.0 0.0 -1.0 -1.0 -1.0 0.0 0.3159675684886351 0.32930067324988843 0.3547317582614767
9 749.0 0.0 -1.0 -1.0 -1.0 0.0 0.3288041068859918 0.3555039390667708 0.3156919540472375
9 750.0 0.0 -1.0 -1.0 -1.0 0.0 0.3016729284034955 0.3530688187722211 0.3452582528242835
9 751.0 0.0 -1.0 -1.0 -1.0 0.0 0.28941108054248593 0.3672549138173748 0.3433340056401392
9 752.0 0.0 -1.0 -1.0 -1.0 0.0 0.31078715660473183 0.3686153512954978 0.3205974920997704
9 753.0 0.0 -1.0 -1.0 -1.0 0.0 0.3049007395846633 0.3592662287231938 0.33583303169214285
9 754.0 0.0 -1.0 -1.0 -1.0 0.0 0.3332477823452791 0.3563799277183243 0.31037228993639665
9 755.0 0.0 -1.0 -1.0 -1.0 0.0 0.335193128241581 0.33901957686504747 0.3257872948933713
9 756.0 0.0 -1.0 -1.0 -1.0 0.0 0.336079005501076 0.36575482890443356 0.29816616559449044
9 757.0 0.0 -1.0 -1.0 -1.0 0.0 0.3314004030826868 0.37444127569683 0.2941583212204833
9 758.0 0.0 -1.0 -1.0 -1.0 0.0 0.33872060671776183 0.35093299054118016 0.310346402741058
9 759.0 0.0 -1.0 -1.0 -1.0 0.0 0.29935994436243446 0.3780212495892366 0.32261880604832877
9 760.0 0.0 -1.0 -1.0 -1.0 0.0 0.3071111376051398 0.3765927901725192 0.316296072222341
9 761.0 0.0 -1.0 -1.0 -1.0 0.0 0.2962925309554016 0.37841320171457576 0.32529426733002276
9 762.0 0.0 -1.0 -1.0 -1.0 0.0 0.2986446121785016 0.367143963558657 0.33421142426284156
9 763.0 0.0 -1.0 -1.0 -1.0 0.0 0.318451065175282 0.3492113033154112 0.3323376315093066
9 764.0 0.0 -1.0 -1.0 -1.0 0.0 0.3321158931711055 0.33219748637713814 0.33568662045175635
9 765.0 0.0 -1.0 -1.0 -1.0 0.0 0.3429943156973657 0.341483027949887 0.3155226563527472
9 766.0 0.0 -1.0 -1.0 -1.0 0.0 0.3214811443722183 0.3501801785026024 0.32833867712517906
9 767.0 0.0 -1.0 -1.0 -1.0 0.0 0.2906203135840809 0.34294215925439836 0.3664375271615207
9 768.0 0.0 -1.0 -1.0 -1.0 0.0 0.3072907584903364 0.3244509213128877 0.3682583201967759
9 769.0 0.0 -1.0 -1.0 -1.0 0.0 0.32981890203601183 0.3113347057170869 0.35884639224690124
9 770.0 0.0 -1.0 -1.0 -1.0 0.0 0.31862526711539285 0.31681475660439806 0.3645599762802091
9 771.0 0.0 -1.0 -1.0 -1.0 0.0 0.3308550587612016 0.31614386929792276 0.3530010719408756
9 772.0 0.0 -1.0 -1.0 -1.0 0.0 0.31531707026483446 0.33183436131487654 0.3528485684202891
9 773.0 0.0 -1.0 -1.0 -1.0 0.0 0.32773220590982177 0.3360834361668137 0.3361843579233648
9 774.0 0.0 -1.0 -1.0 -1.0 0.0 0.3271532742247084 0.32239125081632225 0.35045547495896934
9 775.0 0.0 -1.0 -1.0 -1.0 0.0 0.3179964315299176 0.32154586432964755 0.36045770414043493
9 776.0 0.0 -1.0 -1.0 -1.0 0.0 0.31913766833601814 0.3195159088903108 0.3613464227736711
9 777.0 0.0 -1.0 -1.0 -1.0 0.0 0.3335418216637233 0.32034892240871193 0.3461092559275648
9 778.0 0.0 -1.0 -1.0 -1.0 0.0 0.3484386887559514 0.3233347006864971 0.3282266105575517
9 779.0 0.0 -1.0 -1.0 -1.0 0.0 0.3394759835759183 0.33703846553485645 0.32348555088922487
9 780.0 0.0 -1.0 -1.0 -1.0 0.0 0.34227324209472726 0.31758929194463253 0.34013746596064015
9 781.0 0.0 -1.0 -1.0 -1.0 0.0 0.34252798723518824 0.3280735626774507 0.3293984500873609
9 782.0 0.0 -1.0 -1.0 -1.0 0.0 0.3197517311669169 0.32253361328876323 0.35771465554431997
9 783.0 0.0 -1.0 -1.0 -1.0 0.0 0.30089827864158725 0.34424590324725507 0.35485581811115763
9 784.0 0.0 -1.0 -1.0 -1.0 0.0 0.3172838118464147 0.36414421434634003 0.31857197380724495
9 785.0 0.0 -1.0 -1.0 -1.0 0.0 0.3307548397938281 0.3432978345314124 0.3259473256747594
9 786.0 0.0 -1.0 -1.0 -1.0 0.0 0.36547540528022865 0.3553638701740247 0.2791607245457466
9 787.0 0.0 -1.0 -1.0 -1.0 0.0 0.33998601378994586 0.3659336811206527 0.29408030508940164
9 788.0 0.0 -1.0 -1.0 -1.0 0.0 0.3856892528913334 0.32507703850403524 0.28923370860463193
9 789.0 0.0 -1.0 -1.0 -1.0 0.0 0.4071528202244659 0.30928776178500167 0.28355941799053236
9 790.0 0.0 -1.0 -1.0 -1.0 0.0 0.3921799476269364 0.3228907935426355 0.2849292588304282
9 791.0 0.0 -1.0 -1.0 -1.0 0.0 0.3797457538785703 0.3168311518995188 0.3034230942219107
9 792.0 0.0 -1.0 -1.0 -1.0 0.0 0.3679190607675167 0.316095150852297 0.31598578838018637
9 793.0 0.0 -1.0 -1.0 -1.0 0.0 0.36980339350799574 0.30611057552965354 0.3240860309623508
9 794.0 0.0 -1.0 -1.0 -1.0 0.0 0.3444829158725179 0.2992709283356145 0.35624615579186786
9 795.0 0.0 -1.0 -1.0 -1.0 0.0 0.37341157484686777 0.3222664741333171 0.304321951019815
9 796.0 0.0 -1.0 -1.0 -1.0 0.0 0.3596087178816601 0.32455481966425476 0.31583646245408503
9 797.0 0.0 -1.0 -1.0 -1.0 0.0 0.35363836768254975 0.3205035941811951 0.3258580381362553
9 798.0 0.0 -1.0 -1.0 -1.0 0.0 0.37262725744354086 0.30639397590340994 0.3209787666530491
9 799.0 0.0 -1.0 -1.0 -1.0 0.0 0.3916587389349725 0.2892770087605563 0.3190642523044712
9 800.0 0.0 -1.0 -1.0 -1.0 0.0 0.3945747796743444 0.2948935946265687 0.3105316256990868
9 801.0 0.0 -1.0 -1.0 -1.0 0.0 0.39923093216639477 0.27446265974589873 0.32630640808770645
9 802.0 0.0 -1.0 -1.0 -1.0 0.0 0.3785980342014487 0.2995431479351729 0.3218588178633782
9 803.0 0.0 -1.0 -1.0 -1.0 0.0 0.387858114152732 0.2922325167588098 0.31990936908845846
9 804.0 0.0 -1.0 -1.0 -1.0 0.0 0.3697439366146638 0.3037437001906661 0.3265123631946702
9 805.0 0.0 -1.0 -1.0 -1.0 0.0 0.3405038972469274 0.32393562137011395 0.3355604813829587
9 806.0 0.0 -1.0 -1.0 -1.0 0.0 0.37041548340918146 0.33072698284728114 0.29885753374353713
9 807.0 0.0 -1.0 -1.0 -1.0 0.0 0.3526424055307894 0.3314577414251763 0.3158998530440343
9 808.0 0.0 -1.0 -1.0 -1.0 0.0 0.3487446991758551 0.33586209896667024 0.31539320185747466
9 809.0 0.0 -1.0 -1.0 -1.0 0.0 0.3410217837784442 0.328282369735301 0.33069584648625494
9 810.0 0.0 -1.0 -1.0 -1.0 0.0 0.33777826974277 0.3316481864249861 0.3305735438322439
9 811.0 0.0 -1.0 -1.0 -1.0 0.0 0.3082333764304851 0.3754421261037727 0.3163244974657422
9 812.0 0.0 -1.0 -1.0 -1.0 0.0 0.3203526156239892 0.3733862595905326 0.30626112478547807
9 813.0 0.0 -1.0 -1.0 -1.0 0.0 0.3022460112807972 0.40371197425640204 0.2940420144628008
9 814.0 0.0 -1.0 -1.0 -1.0 0.0 0.30345737550458396 0.36607714907419714 0.330465475421219
9 815.0 0.0 -1.0 -1.0 -1.0 0.0 0.32052930517769723 0.33491214439943684 0.3445585504228659
9 816.0 0.0 -1.0 -1.0 -1.0 0.0 0.3145218646523574 0.34196170018370786 0.34351643516393465
9 817.0 0.0 -1.0 -1.0 -1.0 0.0 0.3189214000667067 0.3280559177903462 0.35302268214294713
9 818.0 0.0 -1.0 -1.0 -1.0 0.0 0.3396790028214313 0.34912518232779305 0.3111958148507757
9 819.0 0.0 -1.0 -1.0 -1.0 0.0 0.3186520556324612 0.37076562502062793 0.3105823193469107
9 820.0 0.0 -1.0 -1.0 -1.0 0.0 0.31448078981980565 0.4042111423164348 0.28130806786375956
9 821.0 0.0 -1.0 -1.0 -1.0 0.0 0.31400808143082026 0.40957029094887126 0.2764216276203086
9 822.0 0.0 -1.0 -1.0 -1.0 0.0 0.3324323589363148 0.3901717649046097 0.2773958761590755
9 823.0 0.0 -1.0 -1.0 -1.0 0.0 0.3452192376078474 0.3495298141492438 0.3052509482429089
9 824.0 0.0 -1.0 -1.0 -1.0 0.0 0.32854733362265387 0.35040703927538025 0.3210456271019658
9 825.0 0.0 -1.0 -1.0 -1.0 0.0 0.3288828687294379 0.3302147850593166 0.3409023462112453
9 826.0 0.0 -1.0 -1.0 -1.0 0.0 0.3197121396561472 0.3317941454339853 0.3484937149098674
9 827.0 0.0 -1.0 -1.0 -1.0 0.0 0.33691308309639867 0.3152194724295665 0.34786744447403495
9 828.0 0.0 -1.0 -1.0 -1.0 0.0 0.3346266648907452 0.323325598024595 0.34204773708465985
9 829.0 0.0 -1.0 -1.0 -1.0 0.0 0.3244618410232309 0.3258349322621069 0.34970322671466214
9 830.0 0.0 -1.0 -1.0 -1.0 0.0 0.33262960380867923 0.3382767758534559 0.3290936203378649
9 831.0 0.0 -1.0 -1.0 -1.0 0.0 0.35652718552993884 0.3126832178932215 0.3307895965768399
9 832.0 0.0 -1.0 -1.0 -1.0 0.0 0.3437570940925822 0.32307931852851773 0.33316358737890006
9 833.0 0.0 -1.0 -1.0 -1.0 0.0 0.35566062061075443 0.3004745610611329 0.3438648183281126
9 834.0 0.0 -1.0 -1.0 -1.0 0.0 0.3550834799674596 0.29052587396724355 0.3543906460652967
9 835.0 0.0 -1.0 -1.0 -1.0 0.0 0.35020357931740476 0.3068302102493343 0.3429662104332609
9 836.0 0.0 -1.0 -1.0 -1.0 0.0 0.35173247191969836 0.33384488364091247 0.31442264443938917
9 837.0 0.0 -1.0 -1.0 -1.0 0.0 0.32160982527426774 0.34494476110066485 0.33344541362506747
9 838.0 0.0 -1.0 -1.0 -1.0 0.0 0.30228363864877944 0.3295370564709549 0.36817930488026557
9 839.0 0.0 -1.0 -1.0 -1.0 0.0 0.310784835190064 0.343749187938015 0.3454659768719213
9 840.0 0.0 -1.0 -1.0 -1.0 0.0 0.312562448405191 0.3230769157931874 0.36436063580162176
9 841.0 0.0 -1.0 -1.0 -1.0 0.0 0.32233530237173175 0.3513365430528211 0.32632815457544706
9 842.0 0.0 -1.0 -1.0 -1.0 0.0 0.31173183325509035 0.33674277203436853 0.3515253947105409
9 843.0 0.0 -1.0 -1.0 -1.0 0.0 0.33453457217743293 0.3378810239354164 0.3275844038871506
9 844.0 0.0 -1.0 -1.0 -1.0 0.0 0.35238092816727085 0.33693809842557776 0.3106809734071514
9 845.0 0.0 -1.0 -1.0 -1.0 0.0 0.3580326872482428 0.33373566129973214 0.30823165145202475
9 846.0 0.0 -1.0 -1.0 -1.0 0.0 0.3463128485311832 0.3346658856195169 0.31902126584929974
9 847.0 0.0 -1.0 -1.0 -1.0 0.0 0.35616672430572854 0.29976193304461274 0.34407134264965855
9 848.0 0.0 -1.0 -1.0 -1.0 0.0 0.3406726500450061 0.31459686706320417 0.34473048289178965
9 849.0 0.0 -1.0 -1.0 -1.0 0.0 0.33860359190743283 0.3331916178985045 0.3282047901940624
9 850.0 0.0 -1.0 -1.0 -1.0 0.0 0.3175445452769548 0.3427687448437481 0.33968670987929683
9 851.0 0.0 -1.0 -1.0 -1.0 0.0 0.3088008368604172 0.3430350795662157 0.34816408357336714
9 852.0 0.0 -1.0 -1.0 -1.0 0.0 0.29119412913710785 0.3587023928897007 0.35010347797319136
9 853.0 0.0 -1.0 -1.0 -1.0 0.0 0.3066493432601058 0.3344593967092262 0.3588912600306678
9 854.0 0.0 -1.0 -1.0 -1.0 0.0 0.3094963703796077 0.3469308308750222 0.3435727987453701
9 855.0 0.0 -1.0 -1.0 -1.0 0.0 0.30964791555366383 0.35434684577091297 0.336005238675423
9 856.0 0.0 -1.0 -1.0 -1.0 0.0 0.3279410509531811 0.3642060295461078 0.3078529195007112
9 857.0 0.0 -1.0 -1.0 -1.0 0.0 0.3153189695779426 0.3653072083089334 0.3193738221131244
9 858.0 0.0 -1.0 -1.0 -1.0 0.0 0.3244287366232099 0.37455174899533367 0.3010195143814565
9 859.0 0.0 -1.0 -1.0 -1.0 0.0 0.2972813308164342 0.35348974227775115 0.3492289269058149
9 860.0 0.0 -1.0 -1.0 -1.0 0.0 0.3270899464127153 0.3323346231289175 0.34057543045836725
9 861.0 0.0 -1.0 -1.0 -1.0 0.0 0.35946308208136785 0.3281152188758889 0.31242169904274286
9 862.0 0.0 -1.0 -1.0 -1.0 0.0 0.3542147745379755 0.34382176275003523 0.3019634627119893
9 863.0 0.0 -1.0 -1.0 -1.0 0.0 0.34614774886839766 0.3375756446861678 0.3162766064454343
9 864.0 0.0 -1.0 -1.0 -1.0 0.0 0.32583795459941234 0.3400672432163542 0.33409480218423376
9 865.0 0.0 -1.0 -1.0 -1.0 0.0 0.347938545703169 0.31892276137276876 0.3331386929240622
9 866.0 0.0 -1.0 -1.0 -1.0 0.0 0.3426891118950486 0.3002360066860388 0.3570748814189127
9 867.0 0.0 -1.0 -1.0 -1.0 0.0 0.335154239218679 0.31588092163923265 0.3489648391420883
9 868.0 0.0 -1.0 -1.0 -1.0 0.0 0.3373432946047561 0.29899696199557324 0.3636597433996707
9 869.0 0.0 -1.0 -1.0 -1.0 0.0 0.31962349283933444 0.326398521303648 0.35397798585701745
9 870.0 0.0 -1.0 -1.0 -1.0 0.0 0.30046913498451827 0.3661251046735835 0.3334057603418983
9 871.0 0.0 -1.0 -1.0 -1.0 0.0 0.32075792180249485 0.36448736788081443 0.3147547103166906
9 872.0 0.0 -1.0 -1.0 -1.0 0.0 0.3286649748506118 0.36318476964024865 0.3081502555091394
9 873.0 0.0 -1.0 -1.0 -1.0 0.0 0.33093837462368775 0.3463359005543743 0.32272572482193806
9 874.0 0.0 -1.0 -1.0 -1.0 0.0 0.33686708967178225 0.3551087400336893 0.30802417029452855
9 875.0 0.0 -1.0 -1.0 -1.0 0.0 0.3367173967458459 0.33533667488541985 0.32794592836873443
9 876.0 0.0 -1.0 -1.0 -1.0 0.0 0.31903511359972214 0.33919029128262557 0.34177459511765235
9 877.0 0.0 -1.0 -1.0 -1.0 0.0 0.3119921325169897 0.3321675841545517 0.35584028332845863
9 878.0 0.0 -1.0 -1.0 -1.0 0.0 0.33370340846635793 0.3405538918375819 0.3257426996960598
9 879.0 0.0 -1.0 -1.0 -1.0 0.0 0.34991501702048167 0.3248729258087465 0.325212057170772
9 880.0 0.0 -1.0 -1.0 -1.0 0.0 0.35126664429241794 0.3354371761141627 0.31329617959341954
9 881.0 0.0 -1.0 -1.0 -1.0 0.0 0.32709987519038863 0.3436367468403057 0.32926337796930566
9 882.0 0.0 -1.0 -1.0 -1.0 0.0 0.3431178553378997 0.35019273334556156 0.306689411316539
9 883.0 0.0 -1.0 -1.0 -1.0 0.0 0.31439389948821445 0.37754399014730355 0.3080621103644821
9 884.0 0.0 -1.0 -1.0 -1.0 0.0 0.32056238392161746 0.3816005982415918 0.2978370178367905
9 885.0 0.0 -1.0 -1.0 -1.0 0.0 0.31559348278420685 0.3933175253680371 0.2910889918477563
9 886.0 0.0 -1.0 -1.0 -1.0 0.0 0.33199627536232057 0.36078453304460384 0.3072191915930756
9 887.0 0.0 -1.0 -1.0 -1.0 0.0 0.3410904049226681 0.3456457659074359 0.3132638291698961
9 888.0 0.0 -1.0 -1.0 -1.0 0.0 0.341861972332141 0.3517629051772124 0.30637512249064647
9 889.0 0.0 -1.0 -1.0 -1.0 0.0 0.32524030503782453 0.3636589322913411 0.31110076267083436
9 890.0 0.0 -1.0 -1.0 -1.0 0.0 0.31386817803745876 0.3434619318617827 0.3426698901007583
9 891.0 0.0 -1.0 -1.0 -1.0 0.0 0.3123140840562165 0.3398074797703144 0.3478784361734691
9 892.0 0.0 -1.0 -1.0 -1.0 0.0 0.3282439748740429 0.3289760035946559 0.34278002153130105
9 893.0 0.0 -1.0 -1.0 -1.0 0.0 0.2974885737953876 0.3622241629167186 0.3402872632878936
9 894.0 0.0 -1.0 -1.0 -1.0 0.0 0.3036771836821014 0.35811200588725145 0.3382108104306473
9 895.0 0.0 -1.0 -1.0 -1.0 0.0 0.3023211408720698 0.34099169788139316 0.35668716124653704
9 896.0 0.0 -1.0 -1.0 -1.0 0.0 0.3371321585217612 0.31881106041882346 0.34405678105941573
9 897.0 0.0 -1.0 -1.0 -1.0 0.0 0.33441050877178635 0.3099955579240745 0.3555939333041395
9 898.0 0.0 -1.0 -1.0 -1.0 0.0 0.326576205516142 0.3345494077468163 0.3388743867370419
9 899.0 0.0 -1.0 -1.0 -1.0 0.0 0.3235328567396798 0.3449656631730236 0.33150148008729635
9 900.0 0.0 -1.0 -1.0 -1.0 0.0 0.338527737772147 0.323624125802341 0.33784813642551187
9 901.0 0.0 -1.0 -1.0 -1.0 0.0 0.34216206350315415 0.33011083095294824 0.32772710554389767
9 902.0 0.0 -1.0 -1.0 -1.0 0.0 0.3582424737184678 0.2980904333323842 0.34366709294914805
9 903.0 0.0 -1.0 -1.0 -1.0 0.0 0.338116911538809 0.31096035683166817 0.350922731629523
9 904.0 0.0 -1.0 -1.0 -1.0 0.0 0.32641010283371436 0.3221159237204134 0.3514739734458725
9 905.0 0.0 -1.0 -1.0 -1.0 0.0 0.34273747626353335 0.32209429811577855 0.3351682256206878
9 906.0 0.0 -1.0 -1.0 -1.0 0.0 0.31943446621152904 0.32110759827550184 0.35945793551296923
9 907.0 0.0 -1.0 -1.0 -1.0 0.0 0.3239188164536478 0.3215041492019982 0.35457703434435417
9 908.0 0.0 -1.0 -1.0 -1.0 0.0 0.33479421092405653 0.2849357941626937 0.38026999491324953
9 909.0 0.0 -1.0 -1.0 -1.0 0.0 0.3695860016631596 0.2635318635576804 0.36688213477915993
9 910.0 0.0 -1.0 -1.0 -1.0 0.0 0.3526280062062581 0.2780080527926954 0.3693639410010465
9 911.0 0.0 -1.0 -1.0 -1.0 0.0 0.34081305218307656 0.2953998261884852 0.36378712162843807
9 912.0 0.0 -1.0 -1.0 -1.0 0.0 0.3652733012475861 0.2780842872173135 0.35664241153510035
9 913.0 0.0 -1.0 -1.0 -1.0 0.0 0.325640016571518 0.28912729360725353 0.38523268982122844
9 914.0 0.0 -1.0 -1.0 -1.0 0.0 0.29028008538413574 0.3203616420670933 0.3893582725487706
9 915.0 0.0 -1.0 -1.0 -1.0 0.0 0.30400066587617647 0.32448247661921364 0.37151685750460983
9 916.0 0.0 -1.0 -1.0 -1.0 0.0 0.32663372121716977 0.34774584234633316 0.3256204364364971
9 917.0 0.0 -1.0 -1.0 -1.0 0.0 0.33818119212643766 0.353828443441066 0.30799036443249656
9 918.0 0.0 -1.0 -1.0 -1.0 0.0 0.33037034392295345 0.3769114612661997 0.29271819481084704
9 919.0 0.0 -1.0 -1.0 -1.0 0.0 0.3307443178554354 0.3876410467518999 0.2816146353926645
9 920.0 0.0 -1.0 -1.0 -1.0 0.0 0.3626760572342097 0.33477746949170767 0.3025464732740824
9 921.0 0.0 -1.0 -1.0 -1.0 0.0 0.37161552274780946 0.3232402875783991 0.30514418967379137
9 922.0 0.0 -1.0 -1.0 -1.0 0.0 0.35936927387071516 0.32766743362951695 0.312963292499768
9 923.0 0.0 -1.0 -1.0 -1.0 0.0 0.3561375914549527 0.3200542927626727 0.3238081157823745
9 924.0 0.0 -1.0 -1.0 -1.0 0.0 0.3585120470624602 0.3226113429010681 0.31887661003647166
9 925.0 0.0 -1.0 -1.0 -1.0 0.0 0.3617012098119842 0.3263464027434431 0.311952387444573
9 926.0 0.0 -1.0 -1.0 -1.0 0.0 0.32149365710569683 0.35509705221404475 0.32340929068025853
9 927.0 0.0 -1.0 -1.0 -1.0 0.0 0.34325506224704455 0.33287445130296 0.3238704864499954
9 928.0 0.0 -1.0 -1.0 -1.0 0.0 0.3175275827923871 0.3304015369780916 0.35207088022952154
9 929.0 0.0 -1.0 -1.0 -1.0 0.0 0.3060610175641322 0.3444417915806969 0.3494971908551711
9 930.0 0.0 -1.0 -1.0 -1.0 0.0 0.3283732367582111 0.3492419664931671 0.32238479674862175
9 931.0 0.0 -1.0 -1.0 -1.0 0.0 0.3493743336573967 0.3476312016084846 0.3029944647341187
9 932.0 0.0 -1.0 -1.0 -1.0 0.0 0.3545112950528779 0.36193010233798717 0.28355860260913507
9 933.0 0.0 -1.0 -1.0 -1.0 0.0 0.33418435216670145 0.3698136474969224 0.29600200033637614
9 934.0 0.0 -1.0 -1.0 -1.0 0.0 0.32725350647870255 0.3647574457745544 0.30798904774674285
9 935.0 0.0 -1.0 -1.0 -1.0 0.0 0.34048230246380895 0.35405766822643886 0.30546002930975213
9 936.0 0.0 -1.0 -1.0 -1.0 0.0 0.33980282536383266 0.34299478389999505 0.31720239073617235
9 937.0 0.0 -1.0 -1.0 -1.0 0.0 0.3355728300837397 0.32277789744010055 0.3416492724761596
9 938.0 0.0 -1.0 -1.0 -1.0 0.0 0.3350619946000923 0.31905255627754525 0.34588544912236263
9 939.0 0.0 -1.0 -1.0 -1.0 0.0 0.3373083279348883 0.3308726853962265 0.3318189866688852
9 940.0 0.0 -1.0 -1.0 -1.0 0.0 0.3423491768231013 0.3113229020705266 0.3463279211063721
9 941.0 0.0 -1.0 -1.0 -1.0 0.0 0.32434784773673025 0.35227032566877786 0.32338182659449183
9 942.0 0.0 -1.0 -1.0 -1.0 0.0 0.3431461214106332 0.33422379818280845 0.3226300804065585
9 943.0 0.0 -1.0 -1.0 -1.0 0.0 0.3287439702757064 0.3547535197012996 0.3165025100229941
9 944.0 0.0 -1.0 -1.0 -1.0 0.0 0.30864542733881106 0.3409041940374361 0.3504503786237529
9 945.0 0.0 -1.0 -1.0 -1.0 0.0 0.30809803474248043 0.3305473604249656 0.361354604832554
9 946.0 0.0 -1.0 -1.0 -1.0 0.0 0.336124861934673 0.30409011048614887 0.359785027579178
9 947.0 0.0 -1.0 -1.0 -1.0 0.0 0.330631666924327 0.32947074414772054 0.3398975889279523
9 948.0 0.0 -1.0 -1.0 -1.0 0.0 0.31766284171495385 0.34228210360415573 0.3400550546808904
9 949.0 0.0 -1.0 -1.0 -1.0 0.0 0.3205380245365908 0.34901137477645655 0.33045060068695276
9 950.0 0.0 -1.0 -1.0 -1.0 0.0 0.3210431540725828 0.3337259808886534 0.34523086503876366
9 951.0 0.0 -1.0 -1.0 -1.0 0.0 0.3127296263764391 0.33860380301587745 0.3486665706076833
9 952.0 0.0 -1.0 -1.0 -1.0 0.0 0.3384604688549524 0.33491315307422903 0.32662637807081873
9 953.0 0.0 -1.0 -1.0 -1.0 0.0 0.35513101596599517 0.3199911045905468 0.3248778794434578
9 954.0 0.0 -1.0 -1.0 -1.0 0.0 0.37678100581717167 0.3017662631821493 0.32145273100067906
9 955.0 0.0 -1.0 -1.0 -1.0 0.0 0.37907089786931275 0.304211671001738 0.3167174311289492
9 956.0 0.0 -1.0 -1.0 -1.0 0.0 0.3754482048575087 0.3223971341890855 0.3021546609534057
9 957.0 0.0 -1.0 -1.0 -1.0 0.0 0.36610330059846596 0.31329626650758186 0.3206004328939519
9 958.0 0.0 -1.0 -1.0 -1.0 0.0 0.3358571644017133 0.32951863350305305 0.33462420209523347
9 959.0 0.0 -1.0 -1.0 -1.0 0.0 0.34612551073675113 0.3236144030616019 0.3302600862016471
9 960.0 0.0 -1.0 -1.0 -1.0 0.0 0.3026523226174801 0.3353579888615951 0.3619896885209247
9 961.0 0.0 -1.0 -1.0 -1.0 0.0 0.31548477142139925 0.3360279100405712 0.3484873185380295
9 962.0 0.0 -1.0 -1.0 -1.0 0.0 0.3268826671039027 0.3505396839551389 0.3225776489409584
9 963.0 0.0 -1.0 -1.0 -1.0 0.0 0.3221797758980335 0.33931421411949025 0.33850600998247626
9 964.0 0.0 -1.0 -1.0 -1.0 0.0 0.3123084565814274 0.3404514917040911 0.3472400517144817
9 965.0 0.0 -1.0 -1.0 -1.0 0.0 0.30869570716443606 0.3469185043601684 0.3443857884753957
9 966.0 0.0 -1.0 -1.0 -1.0 0.0 0.31150790866279693 0.33563394593650825 0.35285814540069466
9 967.0 0.0 -1.0 -1.0 -1.0 0.0 0.32939710078424833 0.35603621085568476 0.31456668836006696
9 968.0 0.0 -1.0 -1.0 -1.0 0.0 0.35031733048785235 0.33932693529547175 0.310355734216676
9 969.0 0.0 -1.0 -1.0 -1.0 0.0 0.3444069607029143 0.3421701293260295 0.31342290997105593
9 970.0 0.0 -1.0 -1.0 -1.0 0.0 0.3673032642945718 0.3038475590201372 0.32884917668529084
9 971.0 0.0 -1.0 -1.0 -1.0 0.0 0.38045857593941856 0.29759571981893773 0.3219457042416436
9 972.0 0.0 -1.0 -1.0 -1.0 0.0 0.37298129380501943 0.2920217621444436 0.33499694405053665
9 973.0 0.0 -1.0 -1.0 -1.0 0.0 0.3482210440536207 0.31118202506671344 0.3405969308796657
9 974.0 0.0 -1.0 -1.0 -1.0 0.0 0.3449085959161906 0.3013383107390358 0.3537530933447735
9 975.0 0.0 -1.0 -1.0 -1.0 0.0 0.3264030943979078 0.3102186751271368 0.3633782304749554
9 976.0 0.0 -1.0 -1.0 -1.0 0.0 0.3385048740430758 0.3321472440210952 0.32934788193582887
9 977.0 0.0 -1.0 -1.0 -1.0 0.0 0.34729021968879925 0.347517757394617 0.3051920229165838
9 978.0 0.0 -1.0 -1.0 -1.0 0.0 0.35207158445649006 0.34641703778866734 0.3015113777548426
9 979.0 0.0 -1.0 -1.0 -1.0 0.0 0.3475139262201619 0.3557032985425199 0.2967827752373181
9 980.0 0.0 -1.0 -1.0 -1.0 0.0 0.34169297478825505 0.3400962182480406 0.31821080696370446
9 981.0 0.0 -1.0 -1.0 -1.0 0.0 0.32462504071667747 0.341913360504557 0.33346159877876547
9 982.0 0.0 -1.0 -1.0 -1.0 0.0 0.3136098434021532 0.3365621333032103 0.3498280232946366
9 983.0 0.0 -1.0 -1.0 -1.0 0.0 0.31190759149243097 0.3370452487017733 0.3510471598057955
9 984.0 0.0 -1.0 -1.0 -1.0 0.0 0.2950481739429049 0.3369913130138232 0.36796051304327165
9 985.0 0.0 -1.0 -1.0 -1.0 0.0 0.29164352773037355 0.35620447842087116 0.35215199384875495
9 986.0 0.0 -1.0 -1.0 -1.0 0.0 0.3113967706215744 0.33866919432715425 0.34993403505127135
9 987.0 0.0 -1.0 -1.0 -1.0 0.0 0.34031608762494514 0.3386215302791315 0.32106238209592325
9 988.0 0.0 -1.0 -1.0 -1.0 0.0 0.3518358716804279 0.3254258618742823 0.32273826644529
9 989.0 0.0 -1.0 -1.0 -1.0 0.0 0.3296997303803856 0.3277690418992279 0.3425312277203865
9 990.0 0.0 -1.0 -1.0 -1.0 0.0 0.3376365734629456 0.3172936288336807 0.34506979770337387
9 991.0 0.0 -1.0 -1.0 -1.0 0.0 0.35196901718017515 0.2900431757393955 0.35798780708042943
9 992.0 0.0 -1.0 -1.0 -1.0 0.0 0.36941610230335215 0.2687562338964142 0.3618276638002337
9 993.0 0.0 -1.0 -1.0 -1.0 0.0 0.36372360576256724 0.2923272580798499 0.343949136157583
9 994.0 0.0 -1.0 -1.0 -1.0 0.0 0.32454686220213963 0.31608914919900466 0.35936398859885543
9 995.0 0.0 -1.0 -1.0 -1.0 0.0 0.31724809239620133 0.33114892186631306 0.3516029857374854
9 996.0 0.0 -1.0 -1.0 -1.0 0.0 0.3144784404756781 0.3289148813957571 0.35660667812856495
9 997.0 0.0 -1.0 -1.0 -1.0 0.0 0.3001999678432672 0.34660110345467304 0.35319892870205977
9 998.0 0.0 -1.0 -1.0 -1.0 0.0 0.3388785995019273 0.3345941999546628 0.32652720054340995
9 999.0 0.0 -1.0 -1.0 -1.0 0.0 0.34840329106075246 0.3347995765881439 0.31679713235110357
9 1000.0 0.0 -1.0 -1.0 -1.0 0.0 0.3422756135426999 0.347346319674576 0.3103780667827242
1000000000000000000000000000000000000000000000000000000000000000000000000000000000000000000000000000
-1.0
solo con 1: -100.0
