9 0.0 56.0 -40.0 -163.0 -102.07 50.33649498398481 0.3333333333333333 0.3333333333333333 0.3333333333333333
9 1.0 94.0 -35.0 -160.0 -84.62 49.21069523236311 0.3278682965202801 0.2891826664439858 0.3829490370357343
9 2.0 2.0 -34.0 -160.0 -72.04 45.03599458300891 0.31440875975104626 0.24492312168276584 0.44066811856618765
9 3.0 2.0 -34.0 -158.0 -60.89 38.64834858677469 0.28480255422829015 0.22242239471417694 0.49277505105753305
9 4.0 43.0 -33.0 -157.0 -52.58 32.22025838668974 0.2598009671416146 0.19408164273443088 0.5461173901239545
9 5.0 43.0 -33.0 -157.0 -47.76 28.41187687349689 0.23580686858125066 0.18045871521838489 0.5837344162003645
9 6.0 48.0 -31.0 -157.0 -44.42 27.009231493298465 0.2254390372895788 0.1670093581871931 0.6075516045232281
9 7.0 49.0 -29.0 -150.0 -39.85 22.16484385305486 0.17973593771588806 0.1528678061739481 0.6673962561101642
9 8.0 36.0 -28.0 -146.0 -36.14 16.122022080359393 0.1549274330902513 0.1471252834472442 0.6979472834625043
9 9.0 5.0 -26.0 -146.0 -34.11 16.428538239504707 0.14576475724488552 0.1365140002832147 0.7177212424719
9 10.0 54.0 -25.0 -51.0 -30.32 4.3713484039466435 0.16210213957833683 0.12301074975796812 0.7148871106636951
9 11.0 18.0 -25.0 -46.0 -28.43 3.4060403860070583 0.1601560094788555 0.10492884898844941 0.7349151415326953
9 12.0 17.0 -22.0 -43.0 -26.83 3.1942340730026832 0.14999633725584946 0.10699448682841194 0.7430091759157389
9 13.0 16.0 -21.0 -43.0 -24.99 2.9387518823920162 0.1371834810008691 0.11259010278480958 0.7502264162143216
9 14.0 12.0 -19.0 -42.0 -23.14 2.9371187695880927 0.1396942827751711 0.0947255435747666 0.7655801736500623
9 15.0 91.0 -17.0 -42.0 -21.42 2.903080913078173 0.13960983743457198 0.08688070571320497 0.7735094568522232
9 16.0 83.0 -16.0 -42.0 -19.88 2.9992591677872 0.12641691405704414 0.0873846965190076 0.7861983894239485
9 17.0 8.0 -16.0 -42.0 -18.32 2.9945404868314465 0.12622933424631191 0.08423128458293531 0.7895393811707528
9 18.0 24.0 -15.0 -42.0 -17.14 2.9336776657405044 0.12481723195768991 0.09361670449281195 0.7815660635494984
9 19.0 0.0 -15.0 -42.0 -16.32 2.9742327760383174 0.13565388101513048 0.09099168432473688 0.7733544346601329
9 20.0 39.0 -13.0 -41.0 -15.8 2.9915706492568317 0.13287312606903248 0.11154681236846564 0.7555800615625016
9 21.0 8.0 -13.0 -41.0 -15.1 2.8621528945741503 0.14735584390998396 0.1316529333331979 0.720991222756818
9 22.0 21.0 -12.0 -41.0 -14.46 2.8934618041579907 0.13497324468450392 0.11317940205185752 0.7518473532636386
9 23.0 84.0 -11.0 -22.0 -13.38 1.3240586516961066 0.12671090264470186 0.11349510088151982 0.7597939964737788
9 24.0 84.0 -10.0 -17.0 -12.44 0.8912594652195476 0.14109412328627108 0.13767809650294516 0.7212277802107836
9 25.0 24.0 -9.0 -17.0 -11.85 1.0766108438479094 0.14342835096856524 0.1332506109576391 0.7233210380737956
9 26.0 5.0 -9.0 -17.0 -11.04 1.0910100963341405 0.15320818209808693 0.11146722198669666 0.7353245959152166
9 27.0 67.0 -7.0 -17.0 -10.22 1.1940932065205736 0.14329410066627438 0.11311524427876771 0.7435906550549578
9 28.0 0.0 -7.0 -12.0 -9.28 1.0832051206181283 0.1403645816850408 0.11741149051405594 0.7422239278009033
9 29.0 86.0 -6.0 -11.0 -8.29 1.0664298979645723 0.12990976619131145 0.11291496021104788 0.7571752735976409
9 30.0 75.0 -5.0 -11.0 -7.43 1.0565333057990296 0.12393053875501084 0.1070099169638374 0.7690595442811516
9 31.0 4.0 -4.0 -11.0 -6.78 1.0971036248396797 0.13861060157166305 0.11519845245738095 0.7461909459709556
9 32.0 4.0 -4.0 -11.0 -6.06 1.1084614872366425 0.12444915307055904 0.12828650914036754 0.7472643377890731
9 33.0 4.0 -4.0 -11.0 -5.26 1.1513716018977387 0.13414224245191703 0.1306420098187081 0.7352157477293748
9 34.0 21.0 -3.0 -11.0 -4.62 1.195783839119341 0.1370963428028077 0.12481900395369346 0.7380846532434989
9 35.0 83.0 -2.0 -11.0 -4.09 1.1109646368100226 0.154667744422032 0.13259063852429925 0.7127416170536685
9 36.0 41.0 -2.0 -11.0 -3.54 1.1048104184003984 0.16239029877340638 0.12781153100125237 0.7097981702253413
9 37.0 29.0 -1.0 -11.0 -2.96 1.0723334322397053 0.14796720893458665 0.1323992484894351 0.7196335425759779
9 38.0 28.0 -1.0 -11.0 -2.42 1.1475049789729352 0.132736692271893 0.13459636886914528 0.7326669388589616
9 39.0 0.0 -1.0 -11.0 -1.95 1.22577536788975 0.1548401385350158 0.14541369571015836 0.6997461657548257
9 40.0 0.0 -1.0 -11.0 -1.47 1.1411052590016457 0.17925303363173195 0.1409662857585537 0.6797806806097142
9 41.0 0.0 -1.0 -11.0 -1.26 1.060017152519884 0.2101184989673622 0.16111079127744132 0.6287707097551966
9 42.0 0.0 -1.0 -5.0 -1.09 0.47343575503062 0.23476813618181713 0.19547104006676147 0.5697608237514212
9 43.0 0.0 -1.0 -5.0 -1.06 0.4221158824088678 0.2561851726518144 0.22917567979052603 0.5146391475576598
9 44.0 0.0 -1.0 -2.0 -1.01 0.09999999999999995 0.27396158487595595 0.2743412011466208 0.4516972139774234
9 45.0 0.0 -1.0 -1.0 -1.0 0.0 0.2691646236923538 0.3096873023288257 0.4211480739788203
9 46.0 0.0 -1.0 -1.0 -1.0 0.0 0.2796853353793936 0.34199654368095367 0.3783181209396529
9 47.0 0.0 -1.0 -1.0 -1.0 0.0 0.30230246149233575 0.3342681212444141 0.36342941726325023
9 48.0 0.0 -1.0 -1.0 -1.0 0.0 0.3189747780047349 0.35206956900609304 0.3289556529891723
9 49.0 0.0 -1.0 -1.0 -1.0 0.0 0.33832186960109195 0.33508072978211806 0.32659740061678966
9 50.0 0.0 -1.0 -1.0 -1.0 0.0 0.37791323105983216 0.32318694663863384 0.298899822301534
9 51.0 0.0 -1.0 -1.0 -1.0 0.0 0.3820599542992372 0.30497891831338325 0.3129611273873797
9 52.0 0.0 -1.0 -1.0 -1.0 0.0 0.377615329019822 0.30445888653371 0.3179257844464682
9 53.0 0.0 -1.0 -1.0 -1.0 0.0 0.35887780243609596 0.32196391338402663 0.3191582841798774
9 54.0 0.0 -1.0 -1.0 -1.0 0.0 0.36437869052367405 0.33118948265520765 0.304431826821118
9 55.0 0.0 -1.0 -1.0 -1.0 0.0 0.397318669091674 0.3211101160020572 0.2815712149062691
9 56.0 0.0 -1.0 -1.0 -1.0 0.0 0.3858190591101704 0.32175801269680965 0.29242292819302007
9 57.0 0.0 -1.0 -1.0 -1.0 0.0 0.388688392798175 0.3234429021057149 0.28786870509611034
9 58.0 0.0 -1.0 -1.0 -1.0 0.0 0.3622271667647884 0.31916712469894876 0.3186057085362626
9 59.0 0.0 -1.0 -1.0 -1.0 0.0 0.3666578532819924 0.3225322606133645 0.31080988610464316
9 60.0 0.0 -1.0 -1.0 -1.0 0.0 0.34957166872898116 0.32972091720806174 0.3207074140629571
9 61.0 0.0 -1.0 -1.0 -1.0 0.0 0.3550874634565801 0.3245935226046423 0.32031901393877776
9 62.0 0.0 -1.0 -1.0 -1.0 0.0 0.38326782859808267 0.3012934945677501 0.31543867683416726
9 63.0 0.0 -1.0 -1.0 -1.0 0.0 0.3694686523451511 0.3182939819244817 0.31223736573036714
9 64.0 0.0 -1.0 -1.0 -1.0 0.0 0.3885946868420045 0.297560977732848 0.3138443354251475
9 65.0 0.0 -1.0 -1.0 -1.0 0.0 0.39123822910256856 0.30445208237784827 0.30430968851958307
9 66.0 0.0 -1.0 -1.0 -1.0 0.0 0.36970642617173033 0.33926382420423684 0.29102974962403283
9 67.0 0.0 -1.0 -1.0 -1.0 0.0 0.3678733852041623 0.3152714115105334 0.31685520328530437
9 68.0 0.0 -1.0 -1.0 -1.0 0.0 0.3589685775830151 0.3168229699865527 0.3242084524304322
9 69.0 0.0 -1.0 -1.0 -1.0 0.0 0.3401977615829317 0.3168611930466381 0.3429410453704302
9 70.0 0.0 -1.0 -1.0 -1.0 0.0 0.34413735112965427 0.3034552760943475 0.3524073727759983
9 71.0 0.0 -1.0 -1.0 -1.0 0.0 0.3170834500659154 0.3377512534315036 0.34516529650258115
9 72.0 0.0 -1.0 -1.0 -1.0 0.0 0.34160262859584944 0.3283196931689743 0.3300776782351765
9 73.0 0.0 -1.0 -1.0 -1.0 0.0 0.3546671674745485 0.31819213589639317 0.32714069662905826
9 74.0 0.0 -1.0 -1.0 -1.0 0.0 0.3349032272644128 0.33035330388616463 0.33474346884942285
9 75.0 0.0 -1.0 -1.0 -1.0 0.0 0.37253727715306395 0.3040548975297747 0.32340782531716117
9 76.0 0.0 -1.0 -1.0 -1.0 0.0 0.3746863712758375 0.31983802929406785 0.3054755994300948
9 77.0 0.0 -1.0 -1.0 -1.0 0.0 0.3489996516100652 0.3315411657056977 0.31945918268423723
9 78.0 0.0 -1.0 -1.0 -1.0 0.0 0.338390990243478 0.3216998558997968 0.3399091538567254
9 79.0 0.0 -1.0 -1.0 -1.0 0.0 0.3223817130848106 0.320508550413102 0.3571097365020872
9 80.0 0.0 -1.0 -1.0 -1.0 0.0 0.3360558997300395 0.33500019456108826 0.32894390570887216
9 81.0 0.0 -1.0 -1.0 -1.0 0.0 0.34249093769761046 0.33002871805296385 0.32748034424942546
9 82.0 0.0 -1.0 -1.0 -1.0 0.0 0.3339868485499411 0.35291714410293884 0.3130960073471202
9 83.0 0.0 -1.0 -1.0 -1.0 0.0 0.3559028029337126 0.3404770777971329 0.30362011926915466
9 84.0 0.0 -1.0 -1.0 -1.0 0.0 0.33279018073808736 0.3398031115207571 0.3274067077411554
9 85.0 0.0 -1.0 -1.0 -1.0 0.0 0.35114453861390094 0.31792272474247396 0.33093273664362527
9 86.0 0.0 -1.0 -1.0 -1.0 0.0 0.34745311041384497 0.33448707652737625 0.31805981305877884
9 87.0 0.0 -1.0 -1.0 -1.0 0.0 0.3387277583444326 0.31900288795878134 0.342269353696786
9 88.0 0.0 -1.0 -1.0 -1.0 0.0 0.359376613217057 0.3022265147471553 0.3383968720357876
9 89.0 0.0 -1.0 -1.0 -1.0 0.0 0.3438550395743587 0.30295939900901503 0.3531855614166259
9 90.0 0.0 -1.0 -1.0 -1.0 0.0 0.32052377716452696 0.33527542888441325 0.34420079395106007
9 91.0 0.0 -1.0 -1.0 -1.0 0.0 0.3407291251081761 0.3348817024245641 0.32438917246725985
9 92.0 0.0 -1.0 -1.0 -1.0 0.0 0.33298399705336384 0.35169208301447924 0.3153239199321568
9 93.0 0.0 -1.0 -1.0 -1.0 0.0 0.32462964537618527 0.3473671075921754 0.32800324703163924
9 94.0 0.0 -1.0 -1.0 -1.0 0.0 0.33774677818163973 0.34643564032918767 0.3158175814891727
9 95.0 0.0 -1.0 -1.0 -1.0 0.0 0.344431543906228 0.30623222397666894 0.3493362321171032
9 96.0 0.0 -1.0 -1.0 -1.0 0.0 0.3518757645030661 0.301753731527611 0.34637050396932323
9 97.0 0.0 -1.0 -1.0 -1.0 0.0 0.3472837481789635 0.31154747258591525 0.34116877923512123
9 98.0 0.0 -1.0 -1.0 -1.0 0.0 0.36211860799080897 0.30880323615178046 0.3290781558574107
9 99.0 0.0 -1.0 -1.0 -1.0 0.0 0.36117882316827193 0.3013360066095281 0.3374851702222
9 100.0 0.0 -1.0 -1.0 -1.0 0.0 0.3404264938352842 0.3190094775356134 0.34056402862910234
9 101.0 0.0 -1.0 -1.0 -1.0 0.0 0.34549174051231396 0.33987528394147076 0.314632975546215
9 102.0 0.0 -1.0 -1.0 -1.0 0.0 0.3748109042758283 0.3587219445962557 0.2664671511279161
9 103.0 0.0 -1.0 -1.0 -1.0 0.0 0.3586749125557631 0.3640628487138894 0.2772622387303472
9 104.0 0.0 -1.0 -1.0 -1.0 0.0 0.38342464403054743 0.3270603399955444 0.289515015973908
9 105.0 0.0 -1.0 -1.0 -1.0 0.0 0.3601536355717762 0.3432314341189801 0.29661493030924324
9 106.0 0.0 -1.0 -1.0 -1.0 0.0 0.3388935432843782 0.3497240762042366 0.3113823805113853
9 107.0 0.0 -1.0 -1.0 -1.0 0.0 0.35350391201560244 0.33835140418822307 0.30814468379617466
9 108.0 0.0 -1.0 -1.0 -1.0 0.0 0.3441047688885845 0.3514625454047331 0.3044326857066826
9 109.0 0.0 -1.0 -1.0 -1.0 0.0 0.36358986001747906 0.3360178473664805 0.3003922926160405
9 110.0 0.0 -1.0 -1.0 -1.0 0.0 0.343565410658657 0.36271538877867904 0.2937192005626645
9 111.0 0.0 -1.0 -1.0 -1.0 0.0 0.32642376194258893 0.3777657548197196 0.29581048323769105
9 112.0 0.0 -1.0 -1.0 -1.0 0.0 0.2927045364368502 0.3951497252903325 0.3121457382728172
9 113.0 0.0 -1.0 -1.0 -1.0 0.0 0.3342795551643269 0.3842909195564843 0.28142952527918874
9 114.0 0.0 -1.0 -1.0 -1.0 0.0 0.35998496041344535 0.37152780432398247 0.2684872352625721
9 115.0 0.0 -1.0 -1.0 -1.0 0.0 0.3397862538395764 0.3579239718567459 0.30228977430367754
9 116.0 0.0 -1.0 -1.0 -1.0 0.0 0.3375218889290834 0.3489207300406118 0.31355738103030456
9 117.0 0.0 -1.0 -1.0 -1.0 0.0 0.3438541220673637 0.36876814269469044 0.287377735237946
9 118.0 0.0 -1.0 -1.0 -1.0 0.0 0.3371781317353568 0.37286928946918896 0.2899525787954542
9 119.0 0.0 -1.0 -1.0 -1.0 0.0 0.34634561547215026 0.3395193822601195 0.31413500226772995
9 120.0 0.0 -1.0 -1.0 -1.0 0.0 0.3259577564544774 0.35616842945432703 0.31787381409119575
9 121.0 0.0 -1.0 -1.0 -1.0 0.0 0.33093810061822226 0.33857900285339176 0.3304828965283859
9 122.0 0.0 -1.0 -1.0 -1.0 0.0 0.32520057392508067 0.33835534368409365 0.33644408239082585
9 123.0 0.0 -1.0 -1.0 -1.0 0.0 0.3307404034816785 0.32710871970430966 0.34215087681401196
9 124.0 0.0 -1.0 -1.0 -1.0 0.0 0.33798752556736006 0.311061314174784 0.3509511602578558
9 125.0 0.0 -1.0 -1.0 -1.0 0.0 0.33509245160283885 0.3046713164549826 0.36023623194217863
9 126.0 0.0 -1.0 -1.0 -1.0 0.0 0.38716174230401934 0.29382417539112743 0.31901408230485306
9 127.0 0.0 -1.0 -1.0 -1.0 0.0 0.3646554983313337 0.2678757733875021 0.367468728281164
9 128.0 0.0 -1.0 -1.0 -1.0 0.0 0.34570748733823115 0.2917774566872391 0.36251505597452977
9 129.0 0.0 -1.0 -1.0 -1.0 0.0 0.3595496074710827 0.2881939948421391 0.3522563976867783
9 130.0 0.0 -1.0 -1.0 -1.0 0.0 0.32213584309101206 0.31541484211451004 0.362449314794478
9 131.0 0.0 -1.0 -1.0 -1.0 0.0 0.31513727247735024 0.3162109752731223 0.3686517522495273
9 132.0 0.0 -1.0 -1.0 -1.0 0.0 0.3101844707211955 0.33204521528192926 0.35777031399687503
9 133.0 0.0 -1.0 -1.0 -1.0 0.0 0.32828009647455175 0.3396626224265196 0.3320572810989285
9 134.0 0.0 -1.0 -1.0 -1.0 0.0 0.35552190367312997 0.33781119442102514 0.3066669019058452
9 135.0 0.0 -1.0 -1.0 -1.0 0.0 0.34799943999985017 0.3194133587518013 0.3325872012483488
9 136.0 0.0 -1.0 -1.0 -1.0 0.0 0.328330167089894 0.3234097505157614 0.34826008239434464
9 137.0 0.0 -1.0 -1.0 -1.0 0.0 0.3035625661397398 0.3322432462080892 0.3641941876521711
9 138.0 0.0 -1.0 -1.0 -1.0 0.0 0.30501150996222776 0.3360091129759759 0.3589793770617964
9 139.0 0.0 -1.0 -1.0 -1.0 0.0 0.3212005200558872 0.3450071785647668 0.33379230137934607
9 140.0 0.0 -1.0 -1.0 -1.0 0.0 0.3228649952101463 0.3169495760329948 0.3601854287568591
9 141.0 0.0 -1.0 -1.0 -1.0 0.0 0.30682589075571104 0.31706871655873814 0.3761053926855508
9 142.0 0.0 -1.0 -1.0 -1.0 0.0 0.2955254362112565 0.32970544391227086 0.37476911987647277
9 143.0 0.0 -1.0 -1.0 -1.0 0.0 0.29017982077901106 0.3375662458391343 0.37225393338185453
9 144.0 0.0 -1.0 -1.0 -1.0 0.0 0.29751453558295415 0.3266695797301291 0.3758158846869168
9 145.0 0.0 -1.0 -1.0 -1.0 0.0 0.29796691750279186 0.3080346354642116 0.3939984470329967
9 146.0 0.0 -1.0 -1.0 -1.0 0.0 0.3178657459439254 0.2906926190314442 0.3914416350246303
9 147.0 0.0 -1.0 -1.0 -1.0 0.0 0.3197558518419912 0.28235451776829446 0.39788963038971426
9 148.0 0.0 -1.0 -1.0 -1.0 0.0 0.33411258125462046 0.2892632589909961 0.37662415975438357
9 149.0 0.0 -1.0 -1.0 -1.0 0.0 0.3530562584516677 0.3084579055882483 0.3384858359600842
9 150.0 0.0 -1.0 -1.0 -1.0 0.0 0.3658068254179058 0.31298843332040627 0.3212047412616878
9 151.0 0.0 -1.0 -1.0 -1.0 0.0 0.36587936292641177 0.300739082626429 0.33338155444715944
9 152.0 0.0 -1.0 -1.0 -1.0 0.0 0.35680212445956533 0.30443706931116815 0.33876080622926674
9 153.0 0.0 -1.0 -1.0 -1.0 0.0 0.37397728359356003 0.29070303860171426 0.33531967780472577
9 154.0 0.0 -1.0 -1.0 -1.0 0.0 0.33552600668728255 0.3267899534846947 0.33768403982802264
9 155.0 0.0 -1.0 -1.0 -1.0 0.0 0.3449054213546217 0.3311755392247742 0.3239190394206038
9 156.0 0.0 -1.0 -1.0 -1.0 0.0 0.360002682793729 0.31577071977299864 0.32422659743327237
9 157.0 0.0 -1.0 -1.0 -1.0 0.0 0.346399394507917 0.331092513160864 0.3225080923312191
9 158.0 0.0 -1.0 -1.0 -1.0 0.0 0.34725794851563657 0.32650890702298296 0.32623314446138046
9 159.0 0.0 -1.0 -1.0 -1.0 0.0 0.33264565005251434 0.3557977839668003 0.3115565659806854
9 160.0 0.0 -1.0 -1.0 -1.0 0.0 0.33969295814576905 0.352743813027817 0.30756322882641407
9 161.0 0.0 -1.0 -1.0 -1.0 0.0 0.3534150570664806 0.33771134444792955 0.3088735984855898
9 162.0 0.0 -1.0 -1.0 -1.0 0.0 0.3383497869341205 0.33416109449962533 0.3274891185662542
9 163.0 0.0 -1.0 -1.0 -1.0 0.0 0.3443925989377491 0.3466809590099138 0.3089264420523371
9 164.0 0.0 -1.0 -1.0 -1.0 0.0 0.34008752326487135 0.3463507622706523 0.31356171446447606
9 165.0 0.0 -1.0 -1.0 -1.0 0.0 0.3258315402364252 0.34922180890416704 0.3249466508594078
9 166.0 0.0 -1.0 -1.0 -1.0 0.0 0.3228102859248564 0.324826138720484 0.3523635753546596
9 167.0 0.0 -1.0 -1.0 -1.0 0.0 0.31779137508951205 0.32787131575181117 0.3543373091586766
9 168.0 0.0 -1.0 -1.0 -1.0 0.0 0.31884904646541506 0.3242004028964925 0.35695055063809233
9 169.0 0.0 -1.0 -1.0 -1.0 0.0 0.3495008639975827 0.30289110511019673 0.34760803089222053
9 170.0 0.0 -1.0 -1.0 -1.0 0.0 0.3226349570292729 0.33211377458049507 0.345251268390232
9 171.0 0.0 -1.0 -1.0 -1.0 0.0 0.3299730319290046 0.3421929534585719 0.3278340146124236
9 172.0 0.0 -1.0 -1.0 -1.0 0.0 0.3192701998367583 0.34478179788170676 0.33594800228153504
9 173.0 0.0 -1.0 -1.0 -1.0 0.0 0.32817579852804535 0.3390241660541078 0.3328000354178471
9 174.0 0.0 -1.0 -1.0 -1.0 0.0 0.3217610399882095 0.3430587242751189 0.3351802357366715
9 175.0 0.0 -1.0 -1.0 -1.0 0.0 0.32758688199944286 0.3259776946805241 0.3464354233200331
9 176.0 0.0 -1.0 -1.0 -1.0 0.0 0.3519523475224758 0.30840848034017804 0.33963917213734635
9 177.0 0.0 -1.0 -1.0 -1.0 0.0 0.35205097485633613 0.3247990697657548 0.3231499553779089
9 178.0 0.0 -1.0 -1.0 -1.0 0.0 0.33774117949738097 0.3265959782433462 0.3356628422592728
9 179.0 0.0 -1.0 -1.0 -1.0 0.0 0.33948305923566985 0.34398755563040934 0.31652938513392065
9 180.0 0.0 -1.0 -1.0 -1.0 0.0 0.3278950959582801 0.3694447551508997 0.30266014889082005
9 181.0 0.0 -1.0 -1.0 -1.0 0.0 0.34590001801197595 0.34915470922540365 0.30494527276262023
9 182.0 0.0 -1.0 -1.0 -1.0 0.0 0.339379686057716 0.34338933372634456 0.3172309802159395
9 183.0 0.0 -1.0 -1.0 -1.0 0.0 0.3091357940904856 0.3604477959048018 0.3304164100047126
9 184.0 0.0 -1.0 -1.0 -1.0 0.0 0.33140503536129545 0.33205112692837113 0.33654383771033314
9 185.0 0.0 -1.0 -1.0 -1.0 0.0 0.3400439323673831 0.3558557913281391 0.3041002763044779
9 186.0 0.0 -1.0 -1.0 -1.0 0.0 0.355688417757097 0.3200853288504544 0.32422625339244854
9 187.0 0.0 -1.0 -1.0 -1.0 0.0 0.3421324710089511 0.3331072708911778 0.3247602580998711
9 188.0 0.0 -1.0 -1.0 -1.0 0.0 0.34708066471191373 0.3550548511359631 0.29786448415212285
9 189.0 0.0 -1.0 -1.0 -1.0 0.0 0.33836928258235 0.34577541196268075 0.3158553054549695
9 190.0 0.0 -1.0 -1.0 -1.0 0.0 0.3179731082971054 0.34059143541491593 0.3414354562879789
9 191.0 0.0 -1.0 -1.0 -1.0 0.0 0.31000390923405896 0.3481241179698088 0.34187197279613246
9 192.0 0.0 -1.0 -1.0 -1.0 0.0 0.32105422789563604 0.3388841754288763 0.34006159667548774
9 193.0 0.0 -1.0 -1.0 -1.0 0.0 0.3321918574054218 0.3399989833129135 0.32780915928166476
9 194.0 0.0 -1.0 -1.0 -1.0 0.0 0.31032923221092507 0.35323628046990707 0.3364344873191677
9 195.0 0.0 -1.0 -1.0 -1.0 0.0 0.3097542359502537 0.33145154578330355 0.3587942182664426
9 196.0 0.0 -1.0 -1.0 -1.0 0.0 0.3065584777693433 0.33402255774433776 0.3594189644863188
9 197.0 0.0 -1.0 -1.0 -1.0 0.0 0.2935320316253513 0.33712331152190367 0.3693446568527451
9 198.0 0.0 -1.0 -1.0 -1.0 0.0 0.3068484626024296 0.3363984511752917 0.3567530862222786
9 199.0 0.0 -1.0 -1.0 -1.0 0.0 0.3274623829743518 0.31974617387153503 0.35279144315411304
9 200.0 0.0 -1.0 -1.0 -1.0 0.0 0.33746422730099257 0.32901676455974765 0.3335190081392599
9 201.0 0.0 -1.0 -1.0 -1.0 0.0 0.3177915456516135 0.3499432593851163 0.33226519496327017
9 202.0 0.0 -1.0 -1.0 -1.0 0.0 0.3205390217883592 0.37455285946832206 0.3049081187433187
9 203.0 0.0 -1.0 -1.0 -1.0 0.0 0.3259458669188296 0.34243074622706743 0.3316233868541029
9 204.0 0.0 -1.0 -1.0 -1.0 0.0 0.33010525299848864 0.3308419486017096 0.3390527983998019
9 205.0 0.0 -1.0 -1.0 -1.0 0.0 0.34645149674766523 0.3158045538436264 0.3377439494087086
9 206.0 0.0 -1.0 -1.0 -1.0 0.0 0.33690627846269167 0.31210650399585915 0.350987217541449
9 207.0 0.0 -1.0 -1.0 -1.0 0.0 0.33141084355500466 0.3345025100816861 0.3340866463633094
9 208.0 0.0 -1.0 -1.0 -1.0 0.0 0.3516884652068385 0.3293272841306264 0.31898425066253533
9 209.0 0.0 -1.0 -1.0 -1.0 0.0 0.3502607480402671 0.3354847154697834 0.3142545364899495
9 210.0 0.0 -1.0 -1.0 -1.0 0.0 0.3531339866932969 0.33895833460907876 0.3079076786976243
9 211.0 0.0 -1.0 -1.0 -1.0 0.0 0.33186153640861976 0.35724198406538116 0.31089647952599925
9 212.0 0.0 -1.0 -1.0 -1.0 0.0 0.3201585636519794 0.376916238359119 0.30292519798890155
9 213.0 0.0 -1.0 -1.0 -1.0 0.0 0.3297147162909891 0.38019760657661855 0.2900876771323926
9 214.0 0.0 -1.0 -1.0 -1.0 0.0 0.34063809628622704 0.37051192785012177 0.2888499758636512
9 215.0 0.0 -1.0 -1.0 -1.0 0.0 0.31976557343499157 0.37587730376661205 0.30435712279839655
9 216.0 0.0 -1.0 -1.0 -1.0 0.0 0.32744558136658974 0.3705264354422777 0.3020279831911328
9 217.0 0.0 -1.0 -1.0 -1.0 0.0 0.3498789847709825 0.35748219612994936 0.29263881909906825
9 218.0 0.0 -1.0 -1.0 -1.0 0.0 0.35524803762659884 0.34334875857180797 0.30140320380159324
9 219.0 0.0 -1.0 -1.0 -1.0 0.0 0.34155075464484497 0.3416992967749119 0.31674994858024325
9 220.0 0.0 -1.0 -1.0 -1.0 0.0 0.3480599253335647 0.32104176486178304 0.33089830980465224
9 221.0 0.0 -1.0 -1.0 -1.0 0.0 0.32418646310088617 0.33107013567996907 0.3447434012191446
9 222.0 0.0 -1.0 -1.0 -1.0 0.0 0.3355018282126415 0.3253602944019518 0.33913787738540657
9 223.0 0.0 -1.0 -1.0 -1.0 0.0 0.35784352541032305 0.3272948697422272 0.3148616048474498
9 224.0 0.0 -1.0 -1.0 -1.0 0.0 0.3468392902742159 0.3237441041207068 0.3294166056050769
9 225.0 0.0 -1.0 -1.0 -1.0 0.0 0.34768349347534566 0.3377396291309475 0.31457687739370715
9 226.0 0.0 -1.0 -1.0 -1.0 0.0 0.3369632963421261 0.3262014123969521 0.33683529126092204
9 227.0 0.0 -1.0 -1.0 -1.0 0.0 0.3201855596281946 0.34214228361347354 0.33767215675833184
9 228.0 0.0 -1.0 -1.0 -1.0 0.0 0.323811152372041 0.3615421865607125 0.3146466610672466
9 229.0 0.0 -1.0 -1.0 -1.0 0.0 0.30472362105342576 0.3496085841765045 0.3456677947700698
9 230.0 0.0 -1.0 -1.0 -1.0 0.0 0.30576489856034095 0.368710751809393 0.3255243496302662
9 231.0 0.0 -1.0 -1.0 -1.0 0.0 0.3127763170688478 0.3426500473702777 0.34457363556087417
9 232.0 0.0 -1.0 -1.0 -1.0 0.0 0.3192473941954679 0.3449535885010189 0.3357990173035132
9 233.0 0.0 -1.0 -1.0 -1.0 0.0 0.345859162137712 0.31230870918208287 0.34183212868020507
9 234.0 0.0 -1.0 -1.0 -1.0 0.0 0.361294973475516 0.3174955796548903 0.32120944686959374
9 235.0 0.0 -1.0 -1.0 -1.0 0.0 0.3708195420928184 0.31068672237713935 0.318493735530042
9 236.0 0.0 -1.0 -1.0 -1.0 0.0 0.3680324934243612 0.3204040238295186 0.31156348274612017
9 237.0 0.0 -1.0 -1.0 -1.0 0.0 0.3626306153817041 0.33116633831493664 0.3062030463033592
9 238.0 0.0 -1.0 -1.0 -1.0 0.0 0.34291640922872796 0.3447212923108572 0.312362298460415
9 239.0 0.0 -1.0 -1.0 -1.0 0.0 0.3761498489833987 0.345715559107103 0.27813459190949813
9 240.0 0.0 -1.0 -1.0 -1.0 0.0 0.3319814908428206 0.33436493493690256 0.3336535742202769
9 241.0 0.0 -1.0 -1.0 -1.0 0.0 0.2844880907114038 0.3844457554611393 0.3310661538274568
9 242.0 0.0 -1.0 -1.0 -1.0 0.0 0.2984731679947018 0.3633905267750327 0.3381363052302656
9 243.0 0.0 -1.0 -1.0 -1.0 0.0 0.2902622735133655 0.37795207672264675 0.3317856497639876
9 244.0 0.0 -1.0 -1.0 -1.0 0.0 0.30266648453432704 0.3447857400673355 0.3525477753983378
9 245.0 0.0 -1.0 -1.0 -1.0 0.0 0.3224113163785293 0.3250951784749567 0.35249350514651423
9 246.0 0.0 -1.0 -1.0 -1.0 0.0 0.3142944767436733 0.33411763691641766 0.35158788633990895
9 247.0 0.0 -1.0 -1.0 -1.0 0.0 0.3016723429510485 0.346033035128971 0.3522946219199807
9 248.0 0.0 -1.0 -1.0 -1.0 0.0 0.29940727356978053 0.34242779083958175 0.35816493559063767
9 249.0 0.0 -1.0 -1.0 -1.0 0.0 0.31113742214369855 0.31523163238742014 0.37363094546888137
9 250.0 0.0 -1.0 -1.0 -1.0 0.0 0.3568159663955908 0.3110431256470056 0.3321409079574034
9 251.0 0.0 -1.0 -1.0 -1.0 0.0 0.3188217412247265 0.3431013116839734 0.3380769470913001
9 252.0 0.0 -1.0 -1.0 -1.0 0.0 0.3059065885388528 0.3616161923784523 0.33247721908269484
9 253.0 0.0 -1.0 -1.0 -1.0 0.0 0.29819626140351735 0.3650813556820049 0.3367223829144777
9 254.0 0.0 -1.0 -1.0 -1.0 0.0 0.2875561402722828 0.3789323386471338 0.33351152108058324
9 255.0 0.0 -1.0 -1.0 -1.0 0.0 0.28599223458843265 0.36951991698410874 0.3444878484274586
9 256.0 0.0 -1.0 -1.0 -1.0 0.0 0.2783344795863756 0.36997977972490914 0.3516857406887152
9 257.0 0.0 -1.0 -1.0 -1.0 0.0 0.28345971860875807 0.3622929199818509 0.3542473614093907
9 258.0 0.0 -1.0 -1.0 -1.0 0.0 0.29858981016162084 0.3726670262054766 0.32874316363290246
9 259.0 0.0 -1.0 -1.0 -1.0 0.0 0.3250853239736358 0.36534165529111995 0.30957302073524423
9 260.0 0.0 -1.0 -1.0 -1.0 0.0 0.32877453425438313 0.36031317651535183 0.31091228923026504
9 261.0 0.0 -1.0 -1.0 -1.0 0.0 0.34067882810774575 0.35235520167754847 0.3069659702147056
9 262.0 0.0 -1.0 -1.0 -1.0 0.0 0.33883477986949534 0.3531333030071617 0.3080319171233429
9 263.0 0.0 -1.0 -1.0 -1.0 0.0 0.33704156160995724 0.3589754067824023 0.3039830316076404
9 264.0 0.0 -1.0 -1.0 -1.0 0.0 0.31496878826706665 0.38100495997123934 0.30402625176169407
9 265.0 0.0 -1.0 -1.0 -1.0 0.0 0.3200374605909298 0.3686349262797383 0.31132761312933177
9 266.0 0.0 -1.0 -1.0 -1.0 0.0 0.28538152798157346 0.3838563605823222 0.33076211143610446
9 267.0 0.0 -1.0 -1.0 -1.0 0.0 0.29420450293873524 0.3893199798161538 0.316475517245111
9 268.0 0.0 -1.0 -1.0 -1.0 0.0 0.33337356454122796 0.3843402861830061 0.28228614927576595
9 269.0 0.0 -1.0 -1.0 -1.0 0.0 0.31590084902215165 0.3822771197849508 0.30182203119289763
9 270.0 0.0 -1.0 -1.0 -1.0 0.0 0.30247971182724354 0.39807242349460076 0.2994478646781556
9 271.0 0.0 -1.0 -1.0 -1.0 0.0 0.307731178642257 0.3804843766968724 0.31178444466087085
9 272.0 0.0 -1.0 -1.0 -1.0 0.0 0.32785464355994626 0.3819289429642479 0.2902164134758058
9 273.0 0.0 -1.0 -1.0 -1.0 0.0 0.31763286337043906 0.40662543414849395 0.27574170248106694
9 274.0 0.0 -1.0 -1.0 -1.0 0.0 0.3225459744695482 0.40193569990086436 0.2755183256295876
9 275.0 0.0 -1.0 -1.0 -1.0 0.0 0.3093809744134351 0.4020681887690505 0.28855083681751426
9 276.0 0.0 -1.0 -1.0 -1.0 0.0 0.34003246049760816 0.37493791578323754 0.2850296237191543
9 277.0 0.0 -1.0 -1.0 -1.0 0.0 0.33993110898037926 0.3678856266332354 0.29218326438638537
9 278.0 0.0 -1.0 -1.0 -1.0 0.0 0.35691470656693447 0.341734632254134 0.3013506611789317
9 279.0 0.0 -1.0 -1.0 -1.0 0.0 0.3653559251875549 0.3286553524172595 0.3059887223951855
9 280.0 0.0 -1.0 -1.0 -1.0 0.0 0.3541706759703584 0.3140921814316839 0.3317371425979577
9 281.0 0.0 -1.0 -1.0 -1.0 0.0 0.3595654596833885 0.3112027610280523 0.3292317792885591
9 282.0 0.0 -1.0 -1.0 -1.0 0.0 0.37016450678198237 0.30540905701123133 0.32442643620678624
9 283.0 0.0 -1.0 -1.0 -1.0 0.0 0.3486244112183306 0.3223624406166107 0.32901314816505867
9 284.0 0.0 -1.0 -1.0 -1.0 0.0 0.3448096607558386 0.2938931938523552 0.36129714539180635
9 285.0 0.0 -1.0 -1.0 -1.0 0.0 0.35637949770249633 0.2969594056185716 0.3466610966789322
9 286.0 0.0 -1.0 -1.0 -1.0 0.0 0.3174524602239147 0.306816295229025 0.37573124454706003
9 287.0 0.0 -1.0 -1.0 -1.0 0.0 0.33418344466084277 0.3181483535414296 0.3476682017977275
9 288.0 0.0 -1.0 -1.0 -1.0 0.0 0.32311376012653814 0.32972884127470814 0.3471573985987538
9 289.0 0.0 -1.0 -1.0 -1.0 0.0 0.31138682944130064 0.3262234436015685 0.3623897269571308
9 290.0 0.0 -1.0 -1.0 -1.0 0.0 0.3344458081000253 0.3157397284521416 0.3498144634478331
9 291.0 0.0 -1.0 -1.0 -1.0 0.0 0.3330041030062693 0.2979348871514523 0.3690610098422784
9 292.0 0.0 -1.0 -1.0 -1.0 0.0 0.3289539928970999 0.31367705935275547 0.3573689477501445
9 293.0 0.0 -1.0 -1.0 -1.0 0.0 0.3215419230225136 0.3104650128087705 0.367993064168716
9 294.0 0.0 -1.0 -1.0 -1.0 0.0 0.31183341199273895 0.2939606839653029 0.3942059040419582
9 295.0 0.0 -1.0 -1.0 -1.0 0.0 0.2957104600580894 0.3136273405169074 0.3906621994250033
9 296.0 0.0 -1.0 -1.0 -1.0 0.0 0.33920358146206 0.2915467496357177 0.36924966890222216
9 297.0 0.0 -1.0 -1.0 -1.0 0.0 0.32874732733067064 0.323668885212227 0.3475837874571021
9 298.0 0.0 -1.0 -1.0 -1.0 0.0 0.29711511042483335 0.3080532495380208 0.3948316400371458
9 299.0 0.0 -1.0 -1.0 -1.0 0.0 0.33621937128267076 0.3053486267784638 0.3584320019388656
9 300.0 0.0 -1.0 -1.0 -1.0 0.0 0.3356402674486857 0.3225943346566059 0.3417653978947082
9 301.0 0.0 -1.0 -1.0 -1.0 0.0 0.3387965729088518 0.32980309072451564 0.3314003363666324
9 302.0 0.0 -1.0 -1.0 -1.0 0.0 0.3499239747223747 0.32683958304125377 0.32323644223637177
9 303.0 0.0 -1.0 -1.0 -1.0 0.0 0.33466079139329485 0.3377911626102248 0.32754804599648024
9 304.0 0.0 -1.0 -1.0 -1.0 0.0 0.3387752282914284 0.31563301427030427 0.3455917574382672
9 305.0 0.0 -1.0 -1.0 -1.0 0.0 0.330179739476332 0.32499125551095503 0.3448290050127131
9 306.0 0.0 -1.0 -1.0 -1.0 0.0 0.34036883637127835 0.3344033867163405 0.3252277769123812
9 307.0 0.0 -1.0 -1.0 -1.0 0.0 0.35652194325716835 0.33774511523842543 0.3057329415044061
9 308.0 0.0 -1.0 -1.0 -1.0 0.0 0.36462420062196427 0.3166720831877257 0.31870371619031
9 309.0 0.0 -1.0 -1.0 -1.0 0.0 0.34580193589802805 0.32519089253363254 0.3290071715683397
9 310.0 0.0 -1.0 -1.0 -1.0 0.0 0.34426515005613845 0.3284809605056326 0.327253889438229
9 311.0 0.0 -1.0 -1.0 -1.0 0.0 0.3510751843562624 0.31580255830956994 0.3331222573341676
9 312.0 0.0 -1.0 -1.0 -1.0 0.0 0.34676136107731537 0.313477608482519 0.3397610304401657
9 313.0 0.0 -1.0 -1.0 -1.0 0.0 0.33266877339068196 0.3308814563752415 0.3364497702340766
9 314.0 0.0 -1.0 -1.0 -1.0 0.0 0.33058337630726453 0.33615421785452265 0.33326240583821304
9 315.0 0.0 -1.0 -1.0 -1.0 0.0 0.32916939088868025 0.3504398054934191 0.32039080361790034
9 316.0 0.0 -1.0 -1.0 -1.0 0.0 0.3276983636831375 0.32400720273686157 0.3482944335800009
9 317.0 0.0 -1.0 -1.0 -1.0 0.0 0.34662598762574043 0.33443957100738375 0.31893444136687593
9 318.0 0.0 -1.0 -1.0 -1.0 0.0 0.33883774246193765 0.3294661450675558 0.3316961124705065
9 319.0 0.0 -1.0 -1.0 -1.0 0.0 0.3179588568048294 0.31565472117604076 0.3663864220191295
9 320.0 0.0 -1.0 -1.0 -1.0 0.0 0.32235031287740795 0.3354845453255549 0.34216514179703705
9 321.0 0.0 -1.0 -1.0 -1.0 0.0 0.32988832565255033 0.3430061748881455 0.3271054994593041
9 322.0 0.0 -1.0 -1.0 -1.0 0.0 0.3500657172967585 0.3375030752408208 0.31243120746242087
9 323.0 0.0 -1.0 -1.0 -1.0 0.0 0.3747105478190327 0.3275720528962416 0.2977173992847258
9 324.0 0.0 -1.0 -1.0 -1.0 0.0 0.3600543736157226 0.3395191884461255 0.30042643793815177
9 325.0 0.0 -1.0 -1.0 -1.0 0.0 0.3640158333535766 0.31389669845537593 0.32208746819104767
9 326.0 0.0 -1.0 -1.0 -1.0 0.0 0.35676691365503266 0.30144999045236814 0.3417830958925991
9 327.0 0.0 -1.0 -1.0 -1.0 0.0 0.3623782444205632 0.3293498187538723 0.3082719368255642
9 328.0 0.0 -1.0 -1.0 -1.0 0.0 0.3584093584975714 0.34330065760130496 0.29828998390112366
9 329.0 0.0 -1.0 -1.0 -1.0 0.0 0.3440395150732751 0.3448930578011153 0.31106742712560964
9 330.0 0.0 -1.0 -1.0 -1.0 0.0 0.3577358971741598 0.344568395823582 0.2976957070022582
9 331.0 0.0 -1.0 -1.0 -1.0 0.0 0.35329637905133426 0.34737091364870865 0.2993327072999572
9 332.0 0.0 -1.0 -1.0 -1.0 0.0 0.3889358353255753 0.3148378528438927 0.2962263118305321
9 333.0 0.0 -1.0 -1.0 -1.0 0.0 0.35118902618047565 0.34707154747698477 0.30173942634253975
9 334.0 0.0 -1.0 -1.0 -1.0 0.0 0.36403574783362513 0.3280022833871767 0.3079619687791981
9 335.0 0.0 -1.0 -1.0 -1.0 0.0 0.34058700089745647 0.32630631157276097 0.3331066875297824
9 336.0 0.0 -1.0 -1.0 -1.0 0.0 0.3285488864755052 0.3113018610151641 0.36014925250933044
9 337.0 0.0 -1.0 -1.0 -1.0 0.0 0.3515649135659087 0.2715299583842476 0.37690512804984366
9 338.0 0.0 -1.0 -1.0 -1.0 0.0 0.33764536114986127 0.3046833981381336 0.35767124071200507
9 339.0 0.0 -1.0 -1.0 -1.0 0.0 0.3613241651882222 0.30366244037712703 0.3350133944346511
9 340.0 0.0 -1.0 -1.0 -1.0 0.0 0.36026916933215264 0.3076262107714515 0.33210461989639584
9 341.0 0.0 -1.0 -1.0 -1.0 0.0 0.31545981561623593 0.3259428552240176 0.3585973291597467
9 342.0 0.0 -1.0 -1.0 -1.0 0.0 0.33359915509242777 0.3196287646811459 0.3467720802264263
9 343.0 0.0 -1.0 -1.0 -1.0 0.0 0.3390153155042419 0.3078631027508495 0.35312158174490854
9 344.0 0.0 -1.0 -1.0 -1.0 0.0 0.3519977084085098 0.31663112679700584 0.33137116479448436
9 345.0 0.0 -1.0 -1.0 -1.0 0.0 0.31407129968517533 0.33216713050481717 0.35376156981000756
9 346.0 0.0 -1.0 -1.0 -1.0 0.0 0.30610068582567296 0.32839384153433376 0.3655054726399932
9 347.0 0.0 -1.0 -1.0 -1.0 0.0 0.3151403902280221 0.3074538880261441 0.3774057217458337
9 348.0 0.0 -1.0 -1.0 -1.0 0.0 0.32321992768729885 0.29919734431060335 0.3775827280020978
9 349.0 0.0 -1.0 -1.0 -1.0 0.0 0.32992628441822824 0.32626877031086915 0.34380494527090283
9 350.0 0.0 -1.0 -1.0 -1.0 0.0 0.33381149600401044 0.32866956358984195 0.3375189404061476
9 351.0 0.0 -1.0 -1.0 -1.0 0.0 0.3209824211700728 0.3396375793808816 0.33937999944904573
9 352.0 0.0 -1.0 -1.0 -1.0 0.0 0.3169107081423316 0.32928272267371095 0.35380656918395736
9 353.0 0.0 -1.0 -1.0 -1.0 0.0 0.3221554077055414 0.3466658303946942 0.3311787618997644
9 354.0 0.0 -1.0 -1.0 -1.0 0.0 0.3291249456331164 0.36415349080998494 0.3067215635568986
9 355.0 0.0 -1.0 -1.0 -1.0 0.0 0.3281369108234726 0.35162167559492113 0.32024141358160607
9 356.0 0.0 -1.0 -1.0 -1.0 0.0 0.32790032233265265 0.34612027201444057 0.3259794056529065
9 357.0 0.0 -1.0 -1.0 -1.0 0.0 0.34197948167719455 0.3090873548362468 0.34893316348655873
9 358.0 0.0 -1.0 -1.0 -1.0 0.0 0.3353676115212077 0.33091670412912016 0.33371568434967225
9 359.0 0.0 -1.0 -1.0 -1.0 0.0 0.33075780373717967 0.35514387813933873 0.3140983181234817
9 360.0 0.0 -1.0 -1.0 -1.0 0.0 0.32050392996463617 0.3668982438390306 0.31259782619633353
9 361.0 0.0 -1.0 -1.0 -1.0 0.0 0.3171384161311859 0.3597629745425377 0.3230986093262765
9 362.0 0.0 -1.0 -1.0 -1.0 0.0 0.3262061855914098 0.3647329150552536 0.3090608993533366
9 363.0 0.0 -1.0 -1.0 -1.0 0.0 0.33104795138175297 0.3666934062526996 0.3022586423655476
9 364.0 0.0 -1.0 -1.0 -1.0 0.0 0.333517532860986 0.3356907636570446 0.33079170348196935
9 365.0 0.0 -1.0 -1.0 -1.0 0.0 0.360990084858812 0.3161813385282059 0.32282857661298225
9 366.0 0.0 -1.0 -1.0 -1.0 0.0 0.3784368203874235 0.3048472754931861 0.31671590411939027
9 367.0 0.0 -1.0 -1.0 -1.0 0.0 0.39743024946133 0.28024255131611203 0.32232719922255787
9 368.0 0.0 -1.0 -1.0 -1.0 0.0 0.3784906857155036 0.3153156553564791 0.3061936589280172
9 369.0 0.0 -1.0 -1.0 -1.0 0.0 0.3833978576954148 0.3200620300800925 0.2965401122244926
9 370.0 0.0 -1.0 -1.0 -1.0 0.0 0.35039816655733746 0.34368324852967974 0.3059185849129831
9 371.0 0.0 -1.0 -1.0 -1.0 0.0 0.344030963197298 0.32379616934442884 0.332172867458273
9 372.0 0.0 -1.0 -1.0 -1.0 0.0 0.36352446898102864 0.3055519481170277 0.3309235829019437
9 373.0 0.0 -1.0 -1.0 -1.0 0.0 0.33203030595545857 0.33250667549238705 0.3354630185521545
9 374.0 0.0 -1.0 -1.0 -1.0 0.0 0.34134745788980375 0.3107430954494161 0.3479094466607803
9 375.0 0.0 -1.0 -1.0 -1.0 0.0 0.34060367711919803 0.3221875687843712 0.3372087540964308
9 376.0 0.0 -1.0 -1.0 -1.0 0.0 0.3540556826559946 0.31083200311776754 0.335112314226238
9 377.0 0.0 -1.0 -1.0 -1.0 0.0 0.35629751980222196 0.2919274873592345 0.35177499283854374
9 378.0 0.0 -1.0 -1.0 -1.0 0.0 0.36279961129185556 0.30853159597884317 0.32866879272930144
9 379.0 0.0 -1.0 -1.0 -1.0 0.0 0.36549235054330964 0.3202894532767726 0.31421819617991764
9 380.0 0.0 -1.0 -1.0 -1.0 0.0 0.3484245285489015 0.3246108814130707 0.3269645900380279
9 381.0 0.0 -1.0 -1.0 -1.0 0.0 0.3573058390991721 0.32010423391723614 0.32258992698359196
9 382.0 0.0 -1.0 -1.0 -1.0 0.0 0.33222233616723285 0.34471870643946034 0.3230589573933069
9 383.0 0.0 -1.0 -1.0 -1.0 0.0 0.3395197725698035 0.36705091295735526 0.2934293144728411
9 384.0 0.0 -1.0 -1.0 -1.0 0.0 0.3368953132978688 0.3798101910344016 0.2832944956677294
9 385.0 0.0 -1.0 -1.0 -1.0 0.0 0.3378883358430834 0.352598074804668 0.3095135893522483
9 386.0 0.0 -1.0 -1.0 -1.0 0.0 0.3439736182553644 0.3325866411933124 0.32343974055132335
9 387.0 0.0 -1.0 -1.0 -1.0 0.0 0.34828718526233166 0.32412845649744937 0.3275843582402189
9 388.0 0.0 -1.0 -1.0 -1.0 0.0 0.342665006847191 0.31881750033271616 0.338517492820093
9 389.0 0.0 -1.0 -1.0 -1.0 0.0 0.33142161104372364 0.3312115606936331 0.33736682826264336
9 390.0 0.0 -1.0 -1.0 -1.0 0.0 0.31828173568885176 0.32411676634759856 0.3576014979635498
9 391.0 0.0 -1.0 -1.0 -1.0 0.0 0.3139658186233575 0.30907533810175797 0.3769588432748849
9 392.0 0.0 -1.0 -1.0 -1.0 0.0 0.3399348967044169 0.30061162897074234 0.35945347432484054
9 393.0 0.0 -1.0 -1.0 -1.0 0.0 0.37300447610529835 0.31926050435921066 0.3077350195354909
9 394.0 0.0 -1.0 -1.0 -1.0 0.0 0.35461344247139104 0.3256573597120361 0.3197291978165728
9 395.0 0.0 -1.0 -1.0 -1.0 0.0 0.3548125640296873 0.3251861508740945 0.3200012850962181
9 396.0 0.0 -1.0 -1.0 -1.0 0.0 0.3526421893374054 0.33364858400453506 0.3137092266580596
9 397.0 0.0 -1.0 -1.0 -1.0 0.0 0.3806098570638865 0.31313007472192705 0.3062600682141867
9 398.0 0.0 -1.0 -1.0 -1.0 0.0 0.3812096740919105 0.29303532283671707 0.3257550030713726
9 399.0 0.0 -1.0 -1.0 -1.0 0.0 0.3714819681025443 0.3192057648002537 0.30931226709720205
9 400.0 0.0 -1.0 -1.0 -1.0 0.0 0.3665940416856117 0.3054425729179365 0.32796338539645215
9 401.0 0.0 -1.0 -1.0 -1.0 0.0 0.37753140426776627 0.3044781044294045 0.31799049130282964
9 402.0 0.0 -1.0 -1.0 -1.0 0.0 0.38397822671751686 0.30852992326715395 0.30749185001532936
9 403.0 0.0 -1.0 -1.0 -1.0 0.0 0.37549454677501287 0.3047917047063726 0.3197137485186144
9 404.0 0.0 -1.0 -1.0 -1.0 0.0 0.3919786593904614 0.3275320557026311 0.2804892849069073
9 405.0 0.0 -1.0 -1.0 -1.0 0.0 0.37725823444623857 0.34080044633882955 0.28194131921493165
9 406.0 0.0 -1.0 -1.0 -1.0 0.0 0.35128064427022765 0.3439362463500343 0.30478310937973824
9 407.0 0.0 -1.0 -1.0 -1.0 0.0 0.34116341648877613 0.3496573779985749 0.30917920551264905
9 408.0 0.0 -1.0 -1.0 -1.0 0.0 0.3425589623963511 0.348346709713233 0.30909432789041624
9 409.0 0.0 -1.0 -1.0 -1.0 0.0 0.31524621456060664 0.3699043859459582 0.31484939949343516
9 410.0 0.0 -1.0 -1.0 -1.0 0.0 0.3198606353627462 0.3491845661249379 0.3309547985123158
9 411.0 0.0 -1.0 -1.0 -1.0 0.0 0.3395285990195455 0.32172099477557603 0.3387504062048782
9 412.0 0.0 -1.0 -1.0 -1.0 0.0 0.3493497068863592 0.34268761981880935 0.3079626732948315
9 413.0 0.0 -1.0 -1.0 -1.0 0.0 0.34819490418101007 0.33376776509352474 0.3180373307254651
9 414.0 0.0 -1.0 -1.0 -1.0 0.0 0.3323890077479746 0.3154564565784483 0.35215453567357713
9 415.0 0.0 -1.0 -1.0 -1.0 0.0 0.32116075859054555 0.3333642969307115 0.34547494447874294
9 416.0 0.0 -1.0 -1.0 -1.0 0.0 0.2945717794564837 0.34593186012831756 0.3594963604151985
9 417.0 0.0 -1.0 -1.0 -1.0 0.0 0.2930720649737331 0.3498571523579046 0.35707078266836234
9 418.0 0.0 -1.0 -1.0 -1.0 0.0 0.2946413165254198 0.3435908069709051 0.3617678765036752
9 419.0 0.0 -1.0 -1.0 -1.0 0.0 0.31532713070583024 0.33343732485524613 0.35123554443892374
9 420.0 0.0 -1.0 -1.0 -1.0 0.0 0.3112730917093186 0.31627615686869276 0.37245075142198864
9 421.0 0.0 -1.0 -1.0 -1.0 0.0 0.3164677247417414 0.3246786188325202 0.3588536564257383
9 422.0 0.0 -1.0 -1.0 -1.0 0.0 0.29490551176461344 0.3533515709140284 0.35174291732135826
9 423.0 0.0 -1.0 -1.0 -1.0 0.0 0.30992287960645715 0.33163297459813057 0.3584441457954123
9 424.0 0.0 -1.0 -1.0 -1.0 0.0 0.3125424033747812 0.35639930173097484 0.3310582948942443
9 425.0 0.0 -1.0 -1.0 -1.0 0.0 0.35266982111561535 0.33983670720665193 0.30749347167773305
9 426.0 0.0 -1.0 -1.0 -1.0 0.0 0.3630255357938127 0.334176122208907 0.30279834199728034
9 427.0 0.0 -1.0 -1.0 -1.0 0.0 0.3774639604718959 0.3305279640975843 0.2920080754305196
9 428.0 0.0 -1.0 -1.0 -1.0 0.0 0.3715212724830217 0.329798449034164 0.2986802784828144
9 429.0 0.0 -1.0 -1.0 -1.0 0.0 0.37577423084445066 0.3178720641843393 0.30635370497121034
9 430.0 0.0 -1.0 -1.0 -1.0 0.0 0.3761389909972893 0.3351677088792278 0.2886933001234829
9 431.0 0.0 -1.0 -1.0 -1.0 0.0 0.3435805217535542 0.35945256482389326 0.29696691342255277
9 432.0 0.0 -1.0 -1.0 -1.0 0.0 0.34839418326545013 0.34611032506725176 0.3054954916672983
9 433.0 0.0 -1.0 -1.0 -1.0 0.0 0.3527418701110915 0.3287178890655488 0.3185402408233598
9 434.0 0.0 -1.0 -1.0 -1.0 0.0 0.357928440752006 0.31646452155881416 0.3256070376891798
9 435.0 0.0 -1.0 -1.0 -1.0 0.0 0.3531980137927082 0.33629957394488086 0.31050241226241104
9 436.0 0.0 -1.0 -1.0 -1.0 0.0 0.34508574823196253 0.34950947793812887 0.30540477382990844
9 437.0 0.0 -1.0 -1.0 -1.0 0.0 0.3233606964612554 0.35184864790674875 0.3247906556319958
9 438.0 0.0 -1.0 -1.0 -1.0 0.0 0.3370281510497465 0.32417842380437184 0.3387934251458817
9 439.0 0.0 -1.0 -1.0 -1.0 0.0 0.356388856238023 0.2930086954496154 0.3506024483123617
9 440.0 0.0 -1.0 -1.0 -1.0 0.0 0.3287353945370318 0.2928893282184055 0.3783752772445624
9 441.0 0.0 -1.0 -1.0 -1.0 0.0 0.31390904836267425 0.3043348323182384 0.3817561193190871
9 442.0 0.0 -1.0 -1.0 -1.0 0.0 0.3051925681995078 0.31059686468644054 0.38421056711405166
9 443.0 0.0 -1.0 -1.0 -1.0 0.0 0.2927495243213357 0.34214738421957647 0.36510309145908776
9 444.0 0.0 -1.0 -1.0 -1.0 0.0 0.29913420464971907 0.3270560545592577 0.3738097407910235
9 445.0 0.0 -1.0 -1.0 -1.0 0.0 0.2952725818035511 0.3449327239095161 0.359794694286933
9 446.0 0.0 -1.0 -1.0 -1.0 0.0 0.31565557534972816 0.3337536669421153 0.35059075770815645
9 447.0 0.0 -1.0 -1.0 -1.0 0.0 0.3035035259205868 0.31141315329484365 0.3850833207845698
9 448.0 0.0 -1.0 -1.0 -1.0 0.0 0.3052856820082268 0.31492745352219476 0.3797868644695784
9 449.0 0.0 -1.0 -1.0 -1.0 0.0 0.3072274809492717 0.3276119522947962 0.365160566755932
9 450.0 0.0 -1.0 -1.0 -1.0 0.0 0.30013775752038824 0.31280636257703315 0.38705587990257867
9 451.0 0.0 -1.0 -1.0 -1.0 0.0 0.33499174725816894 0.29539292742800005 0.3696153253138308
9 452.0 0.0 -1.0 -1.0 -1.0 0.0 0.33311499550459817 0.2774888358279801 0.38939616866742155
9 453.0 0.0 -1.0 -1.0 -1.0 0.0 0.33721722727977815 0.2825163300726206 0.38026644264760123
9 454.0 0.0 -1.0 -1.0 -1.0 0.0 0.29978141917515744 0.30465277883512915 0.39556580198971353
9 455.0 0.0 -1.0 -1.0 -1.0 0.0 0.2900649035535896 0.30180900589793497 0.4081260905484754
9 456.0 0.0 -1.0 -1.0 -1.0 0.0 0.29519282413951675 0.3153403339922616 0.38946684186822167
9 457.0 0.0 -1.0 -1.0 -1.0 0.0 0.3006288521356275 0.30477584854320133 0.3945952993211712
9 458.0 0.0 -1.0 -1.0 -1.0 0.0 0.32038746515880584 0.29157489959817934 0.38803763524301454
9 459.0 0.0 -1.0 -1.0 -1.0 0.0 0.3376181735714826 0.30416977503526343 0.35821205139325407
9 460.0 0.0 -1.0 -1.0 -1.0 0.0 0.309183854038748 0.34761644479912013 0.34319970116213194
9 461.0 0.0 -1.0 -1.0 -1.0 0.0 0.32621901983298657 0.3473298719466015 0.32645110822041196
9 462.0 0.0 -1.0 -1.0 -1.0 0.0 0.3267995031621967 0.329642145897038 0.3435583509407653
9 463.0 0.0 -1.0 -1.0 -1.0 0.0 0.3442761688506406 0.32058398035809516 0.3351398507912642
9 464.0 0.0 -1.0 -1.0 -1.0 0.0 0.337338803155631 0.34084053594287944 0.3218206609014898
9 465.0 0.0 -1.0 -1.0 -1.0 0.0 0.3107831891642211 0.36294872846608306 0.3262680823696959
9 466.0 0.0 -1.0 -1.0 -1.0 0.0 0.3060800345507539 0.37651896396860157 0.3174010014806444
9 467.0 0.0 -1.0 -1.0 -1.0 0.0 0.31589074768787434 0.3857509813570732 0.29835827095505213
9 468.0 0.0 -1.0 -1.0 -1.0 0.0 0.3125951018915408 0.3711690413672435 0.31623585674121574
9 469.0 0.0 -1.0 -1.0 -1.0 0.0 0.3205895633766994 0.3500088964636777 0.32940154015962286
9 470.0 0.0 -1.0 -1.0 -1.0 0.0 0.3181220806942876 0.3521837404937967 0.32969417881191565
9 471.0 0.0 -1.0 -1.0 -1.0 0.0 0.29266994049449047 0.34369200571023123 0.3636380537952786
9 472.0 0.0 -1.0 -1.0 -1.0 0.0 0.2980359298926008 0.3362742705273833 0.36568979958001585
9 473.0 0.0 -1.0 -1.0 -1.0 0.0 0.298129941705596 0.34037490370481505 0.3614951545895886
9 474.0 0.0 -1.0 -1.0 -1.0 0.0 0.33061833469824786 0.3448143855489701 0.3245672797527822
9 475.0 0.0 -1.0 -1.0 -1.0 0.0 0.31274838838507324 0.33931911471535114 0.34793249689957556
9 476.0 0.0 -1.0 -1.0 -1.0 0.0 0.3398933385984308 0.3285616594681896 0.33154500193337944
9 477.0 0.0 -1.0 -1.0 -1.0 0.0 0.3762949980381778 0.281468265084791 0.34223673687703127
9 478.0 0.0 -1.0 -1.0 -1.0 0.0 0.31683609093791903 0.30601763865184 0.37714627041024074
9 479.0 0.0 -1.0 -1.0 -1.0 0.0 0.3078324951725347 0.3129880591598887 0.3791794456675765
9 480.0 0.0 -1.0 -1.0 -1.0 0.0 0.3432795223078138 0.30854054149878385 0.3481799361934024
9 481.0 0.0 -1.0 -1.0 -1.0 0.0 0.3305512660620429 0.31010393562392374 0.3593447983140333
9 482.0 0.0 -1.0 -1.0 -1.0 0.0 0.3414039817390989 0.29930258314237973 0.35929343511852146
9 483.0 0.0 -1.0 -1.0 -1.0 0.0 0.3338564449008923 0.32795584616323853 0.3381877089358689
9 484.0 0.0 -1.0 -1.0 -1.0 0.0 0.34190616095029186 0.32498611601354666 0.3331077230361613
9 485.0 0.0 -1.0 -1.0 -1.0 0.0 0.3511025854376134 0.30726610628577605 0.3416313082766105
9 486.0 0.0 -1.0 -1.0 -1.0 0.0 0.3224962229622288 0.3509110405381233 0.32659273649964793
9 487.0 0.0 -1.0 -1.0 -1.0 0.0 0.32408871080481094 0.3488871424369663 0.32702414675822294
9 488.0 0.0 -1.0 -1.0 -1.0 0.0 0.3188763375136472 0.36304216116953436 0.3180815013168187
9 489.0 0.0 -1.0 -1.0 -1.0 0.0 0.3225857850121192 0.34632622667160523 0.3310879883162754
9 490.0 0.0 -1.0 -1.0 -1.0 0.0 0.30338541965838434 0.3467735339058388 0.34984104643577657
9 491.0 0.0 -1.0 -1.0 -1.0 0.0 0.33493939928223354 0.3389161270526244 0.32614447366514204
9 492.0 0.0 -1.0 -1.0 -1.0 0.0 0.3287476072403128 0.3528495875909462 0.318402805168741
9 493.0 0.0 -1.0 -1.0 -1.0 0.0 0.34120933698549505 0.35667325580740283 0.30211740720710195
9 494.0 0.0 -1.0 -1.0 -1.0 0.0 0.31807353922444564 0.3603360088105236 0.3215904519650308
9 495.0 0.0 -1.0 -1.0 -1.0 0.0 0.2981152150749146 0.3571445825915688 0.3447402023335164
9 496.0 0.0 -1.0 -1.0 -1.0 0.0 0.3156253092578658 0.38764680619813857 0.29672788454399546
9 497.0 0.0 -1.0 -1.0 -1.0 0.0 0.2985581491455365 0.41234542428517407 0.28909642656928924
9 498.0 0.0 -1.0 -1.0 -1.0 0.0 0.3058131057035404 0.3590043994768384 0.3351824948196214
9 499.0 0.0 -1.0 -1.0 -1.0 0.0 0.30846045084455676 0.34367223136776504 0.3478673177876782
9 500.0 0.0 -1.0 -1.0 -1.0 0.0 0.33438676515137084 0.3378465145508066 0.3277667202978224
9 501.0 0.0 -1.0 -1.0 -1.0 0.0 0.31743959389907667 0.336338446270574 0.34622195983034937
9 502.0 0.0 -1.0 -1.0 -1.0 0.0 0.32546632024306904 0.32706500241563036 0.34746867734130027
9 503.0 0.0 -1.0 -1.0 -1.0 0.0 0.34888752105031473 0.30218498051319137 0.34892749843649346
9 504.0 0.0 -1.0 -1.0 -1.0 0.0 0.3531456278776604 0.3064595520515193 0.34039482007082006
9 505.0 0.0 -1.0 -1.0 -1.0 0.0 0.3415574562422056 0.31851091272804777 0.3399316310297468
9 506.0 0.0 -1.0 -1.0 -1.0 0.0 0.3520307279320361 0.3158133048830816 0.3321559671848822
9 507.0 0.0 -1.0 -1.0 -1.0 0.0 0.3400265455082967 0.34762922100676863 0.3123442334849346
9 508.0 0.0 -1.0 -1.0 -1.0 0.0 0.35069824247146336 0.32713501233661324 0.3221667451919235
9 509.0 0.0 -1.0 -1.0 -1.0 0.0 0.37880921657215616 0.303966055233451 0.31722472819439285
9 510.0 0.0 -1.0 -1.0 -1.0 0.0 0.3660617749348657 0.32379277618391944 0.31014544888121454
9 511.0 0.0 -1.0 -1.0 -1.0 0.0 0.34589444110826006 0.320797509987315 0.33330804890442506
9 512.0 0.0 -1.0 -1.0 -1.0 0.0 0.3298149394388025 0.3132383501440843 0.356946710417113
9 513.0 0.0 -1.0 -1.0 -1.0 0.0 0.3328483110349987 0.32196111474411865 0.3451905742208826
9 514.0 0.0 -1.0 -1.0 -1.0 0.0 0.35673395628383064 0.2969008967567671 0.34636514695940224
9 515.0 0.0 -1.0 -1.0 -1.0 0.0 0.34299088938762745 0.2987467545581612 0.35826235605421153
9 516.0 0.0 -1.0 -1.0 -1.0 0.0 0.32525477191347735 0.30596729811352646 0.3687779299729963
9 517.0 0.0 -1.0 -1.0 -1.0 0.0 0.3396161271615693 0.30569626924512444 0.3546876035933063
9 518.0 0.0 -1.0 -1.0 -1.0 0.0 0.34126454272514395 0.3330805141266518 0.3256549431482045
9 519.0 0.0 -1.0 -1.0 -1.0 0.0 0.3539879326723893 0.35590229974665716 0.2901097675809537
9 520.0 0.0 -1.0 -1.0 -1.0 0.0 0.3644775967339504 0.3358660288242531 0.2996563744417966
9 521.0 0.0 -1.0 -1.0 -1.0 0.0 0.313868068030188 0.3739006558211972 0.31223127614861473
9 522.0 0.0 -1.0 -1.0 -1.0 0.0 0.30939076432051704 0.34822751206158026 0.3423817236179025
9 523.0 0.0 -1.0 -1.0 -1.0 0.0 0.33156926857881325 0.3314776278763872 0.33695310354479957
9 524.0 0.0 -1.0 -1.0 -1.0 0.0 0.35438352013414454 0.31049840810803014 0.3351180717578254
9 525.0 0.0 -1.0 -1.0 -1.0 0.0 0.34756905565031 0.3100338248468929 0.3423971195027971
9 526.0 0.0 -1.0 -1.0 -1.0 0.0 0.36460509631326254 0.30097138546587726 0.33442351822086036
9 527.0 0.0 -1.0 -1.0 -1.0 0.0 0.34694168511692536 0.3233970731163946 0.32966124176668005
9 528.0 0.0 -1.0 -1.0 -1.0 0.0 0.3126830101834343 0.3176578876819924 0.3696591021345734
9 529.0 0.0 -1.0 -1.0 -1.0 0.0 0.3062880137776772 0.3216760153927732 0.3720359708295496
9 530.0 0.0 -1.0 -1.0 -1.0 0.0 0.2734008481795658 0.34405014515935994 0.38254900666107405
9 531.0 0.0 -1.0 -1.0 -1.0 0.0 0.3131519582798317 0.30753945410125044 0.379308587618918
9 532.0 0.0 -1.0 -1.0 -1.0 0.0 0.27406797790015225 0.32479203575270366 0.40113998634714393
9 533.0 0.0 -1.0 -1.0 -1.0 0.0 0.252302341667246 0.3570835489107173 0.3906141094220365
9 534.0 0.0 -1.0 -1.0 -1.0 0.0 0.25693505845072045 0.36233103836044067 0.38073390318883904
9 535.0 0.0 -1.0 -1.0 -1.0 0.0 0.2671535598033179 0.3733875893068264 0.3594588508898557
9 536.0 0.0 -1.0 -1.0 -1.0 0.0 0.3047082526304207 0.37387202446619855 0.32141972290338094
9 537.0 0.0 -1.0 -1.0 -1.0 0.0 0.28917900264099206 0.39094321743825505 0.319877779920753
9 538.0 0.0 -1.0 -1.0 -1.0 0.0 0.30535147751135056 0.35851064527173593 0.3361378772169138
9 539.0 0.0 -1.0 -1.0 -1.0 0.0 0.3162525746138662 0.3305988651955855 0.35314856019054824
9 540.0 0.0 -1.0 -1.0 -1.0 0.0 0.324356006197782 0.3227735253682916 0.352870468433926
9 541.0 0.0 -1.0 -1.0 -1.0 0.0 0.3311245495236049 0.31706136202251384 0.3518140884538812
9 542.0 0.0 -1.0 -1.0 -1.0 0.0 0.34076663847698435 0.34013632746329575 0.31909703405971984
9 543.0 0.0 -1.0 -1.0 -1.0 0.0 0.33057729081533177 0.3353979932555011 0.33402471592916727
9 544.0 0.0 -1.0 -1.0 -1.0 0.0 0.3161685118628239 0.3430314664868128 0.3408000216503632
9 545.0 0.0 -1.0 -1.0 -1.0 0.0 0.3374712979912975 0.33503076783648345 0.3274979341722186
9 546.0 0.0 -1.0 -1.0 -1.0 0.0 0.3212934753397785 0.35778184731217694 0.32092467734804475
9 547.0 0.0 -1.0 -1.0 -1.0 0.0 0.3211866306216314 0.34513048351409414 0.3336828858642743
9 548.0 0.0 -1.0 -1.0 -1.0 0.0 0.35465058022287343 0.32085713645492353 0.3244922833222032
9 549.0 0.0 -1.0 -1.0 -1.0 0.0 0.35750626156675447 0.3111164844422185 0.33137725399102713
9 550.0 0.0 -1.0 -1.0 -1.0 0.0 0.31881327629847667 0.33554908223929686 0.34563764146222625
9 551.0 0.0 -1.0 -1.0 -1.0 0.0 0.3352311776663075 0.3188413872508226 0.34592743508287005
9 552.0 0.0 -1.0 -1.0 -1.0 0.0 0.33263128771740746 0.33496716126351145 0.3324015510190813
9 553.0 0.0 -1.0 -1.0 -1.0 0.0 0.3511212631260809 0.3257058129480296 0.3231729239258895
9 554.0 0.0 -1.0 -1.0 -1.0 0.0 0.3288924287688277 0.33670607874138014 0.334401492489792
9 555.0 0.0 -1.0 -1.0 -1.0 0.0 0.31428933594066466 0.33550617554263723 0.3502044885166985
9 556.0 0.0 -1.0 -1.0 -1.0 0.0 0.3491926512430916 0.28537372519456583 0.3654336235623426
9 557.0 0.0 -1.0 -1.0 -1.0 0.0 0.362591026991543 0.2812220081902751 0.35618696481818174
9 558.0 0.0 -1.0 -1.0 -1.0 0.0 0.37709057705733323 0.2926520250700562 0.3302573978726107
9 559.0 0.0 -1.0 -1.0 -1.0 0.0 0.3115898083984661 0.3382279456787471 0.3501822459227867
9 560.0 0.0 -1.0 -1.0 -1.0 0.0 0.2989477647341267 0.35236675748961843 0.34868547777625447
9 561.0 0.0 -1.0 -1.0 -1.0 0.0 0.2996665170580812 0.37832950908294455 0.32200397385897395
9 562.0 0.0 -1.0 -1.0 -1.0 0.0 0.29843179119870056 0.38315565715728866 0.3184125516440109
9 563.0 0.0 -1.0 -1.0 -1.0 0.0 0.2769582547373596 0.3924952571643987 0.3305464880982416
9 564.0 0.0 -1.0 -1.0 -1.0 0.0 0.29515105383490603 0.35089177803833066 0.35395716812676326
9 565.0 0.0 -1.0 -1.0 -1.0 0.0 0.3004948686789702 0.3417412417236438 0.3577638895973857
9 566.0 0.0 -1.0 -1.0 -1.0 0.0 0.2947170740175001 0.34746660823367426 0.3578163177488255
9 567.0 0.0 -1.0 -1.0 -1.0 0.0 0.2858293696777094 0.37630319346085533 0.3378674368614351
9 568.0 0.0 -1.0 -1.0 -1.0 0.0 0.323436211893485 0.35765564929848426 0.3189081388080307
9 569.0 0.0 -1.0 -1.0 -1.0 0.0 0.31794937966041464 0.3499226445797167 0.3321279757598687
9 570.0 0.0 -1.0 -1.0 -1.0 0.0 0.3387609373672418 0.3601690698158274 0.3010699928169309
9 571.0 0.0 -1.0 -1.0 -1.0 0.0 0.33791124128882727 0.3553061019824221 0.3067826567287503
9 572.0 0.0 -1.0 -1.0 -1.0 0.0 0.3306164221566555 0.35352612091075036 0.315857456932594
9 573.0 0.0 -1.0 -1.0 -1.0 0.0 0.3127782426896723 0.3579890840260503 0.32923267328427724
9 574.0 0.0 -1.0 -1.0 -1.0 0.0 0.32115574493154525 0.33777888612534285 0.3410653689431118
9 575.0 0.0 -1.0 -1.0 -1.0 0.0 0.31254235742492836 0.36365102663762877 0.3238066159374428
9 576.0 0.0 -1.0 -1.0 -1.0 0.0 0.32343025836454053 0.34406374925028166 0.33250599238517786
9 577.0 0.0 -1.0 -1.0 -1.0 0.0 0.33960563311743486 0.36289190562475093 0.2975024612578145
9 578.0 0.0 -1.0 -1.0 -1.0 0.0 0.3168745673195624 0.39308039951944684 0.2900450331609908
9 579.0 0.0 -1.0 -1.0 -1.0 0.0 0.3136490660526639 0.38265081771612086 0.30370011623121496
9 580.0 0.0 -1.0 -1.0 -1.0 0.0 0.29480358672452067 0.36014351091640684 0.34505290235907204
9 581.0 0.0 -1.0 -1.0 -1.0 0.0 0.29886608254225583 0.3623958993831723 0.33873801807457193
9 582.0 0.0 -1.0 -1.0 -1.0 0.0 0.3035856629067 0.3936671735175041 0.30274716357579584
9 583.0 0.0 -1.0 -1.0 -1.0 0.0 0.3037670451381757 0.39090807644700043 0.30532487841482364
9 584.0 0.0 -1.0 -1.0 -1.0 0.0 0.2919877069989987 0.3914555796886001 0.31655671331240137
9 585.0 0.0 -1.0 -1.0 -1.0 0.0 0.28189266490926895 0.4000476146216995 0.31805972046903114
9 586.0 0.0 -1.0 -1.0 -1.0 0.0 0.2959395976527417 0.3526324117005623 0.3514279906466961
9 587.0 0.0 -1.0 -1.0 -1.0 0.0 0.3023298287157507 0.35733293886696205 0.34033723241728736
9 588.0 0.0 -1.0 -1.0 -1.0 0.0 0.3295258081486599 0.34325440975176735 0.3272197820995727
9 589.0 0.0 -1.0 -1.0 -1.0 0.0 0.3234569448146278 0.33011609281923754 0.3464269623661347
9 590.0 0.0 -1.0 -1.0 -1.0 0.0 0.3662346213103381 0.289718699783482 0.3440466789061801
9 591.0 0.0 -1.0 -1.0 -1.0 0.0 0.3394425438158977 0.303050868058877 0.3575065881252255
9 592.0 0.0 -1.0 -1.0 -1.0 0.0 0.3535232426413504 0.3038466014407967 0.34263015591785306
9 593.0 0.0 -1.0 -1.0 -1.0 0.0 0.34729554220481595 0.30958290712541214 0.3431215506697719
9 594.0 0.0 -1.0 -1.0 -1.0 0.0 0.32642594914923817 0.31813280475410943 0.3554412460966526
9 595.0 0.0 -1.0 -1.0 -1.0 0.0 0.33741623230208745 0.30364612597493595 0.35893764172297665
9 596.0 0.0 -1.0 -1.0 -1.0 0.0 0.3436748587974764 0.29342247776605673 0.36290266343646677
9 597.0 0.0 -1.0 -1.0 -1.0 0.0 0.3380835298252196 0.33397447409431813 0.32794199608046226
9 598.0 0.0 -1.0 -1.0 -1.0 0.0 0.324860067320862 0.34305017863967247 0.3320897540394654
9 599.0 0.0 -1.0 -1.0 -1.0 0.0 0.30973370158745944 0.35474786923700063 0.3355184291755399
9 600.0 0.0 -1.0 -1.0 -1.0 0.0 0.32786301410765517 0.3277610788282372 0.34437590706410753
9 601.0 0.0 -1.0 -1.0 -1.0 0.0 0.3124502651191425 0.32573758877222664 0.36181214610863077
9 602.0 0.0 -1.0 -1.0 -1.0 0.0 0.3330294323582381 0.32793227253976304 0.339038295101999
9 603.0 0.0 -1.0 -1.0 -1.0 0.0 0.3487218042106054 0.3240281530290893 0.32725004276030517
9 604.0 0.0 -1.0 -1.0 -1.0 0.0 0.33508782838041407 0.34335786816221053 0.32155430345737557
9 605.0 0.0 -1.0 -1.0 -1.0 0.0 0.3533624418016521 0.3517501750440533 0.29488738315429475
9 606.0 0.0 -1.0 -1.0 -1.0 0.0 0.3642151655246177 0.3217970108904051 0.31398782358497707
9 607.0 0.0 -1.0 -1.0 -1.0 0.0 0.33608469416710596 0.339489829057592 0.3244254767753017
9 608.0 0.0 -1.0 -1.0 -1.0 0.0 0.3510320806024583 0.33188751068034233 0.31708040871719917
9 609.0 0.0 -1.0 -1.0 -1.0 0.0 0.3417471748424402 0.3363237002509834 0.3219291249065762
9 610.0 0.0 -1.0 -1.0 -1.0 0.0 0.31838479112653095 0.35076694102641115 0.33084826784705784
9 611.0 0.0 -1.0 -1.0 -1.0 0.0 0.31882916405710615 0.3401147480328354 0.34105608791005826
9 612.0 0.0 -1.0 -1.0 -1.0 0.0 0.32001638715507646 0.3255168403238266 0.35446677252109704
9 613.0 0.0 -1.0 -1.0 -1.0 0.0 0.3377617344210791 0.3323042468825755 0.3299340186963453
9 614.0 0.0 -1.0 -1.0 -1.0 0.0 0.33510582924071436 0.33990476107735446 0.3249894096819312
9 615.0 0.0 -1.0 -1.0 -1.0 0.0 0.3750879418183897 0.3463636318253701 0.27854842635624005
9 616.0 0.0 -1.0 -1.0 -1.0 0.0 0.37070897167678707 0.3404163220042838 0.288874706318929
9 617.0 0.0 -1.0 -1.0 -1.0 0.0 0.36246784790736053 0.35253505460441587 0.28499709748822377
9 618.0 0.0 -1.0 -1.0 -1.0 0.0 0.3580484073199318 0.345625634290162 0.2963259583899063
9 619.0 0.0 -1.0 -1.0 -1.0 0.0 0.35668137767184677 0.3368155305454678 0.30650309178268526
9 620.0 0.0 -1.0 -1.0 -1.0 0.0 0.36637177483568706 0.3254734944089155 0.30815473075539734
9 621.0 0.0 -1.0 -1.0 -1.0 0.0 0.3462466428094448 0.3512037718204363 0.3025495853701189
9 622.0 0.0 -1.0 -1.0 -1.0 0.0 0.3483193650722371 0.32254130062453557 0.3291393343032272
9 623.0 0.0 -1.0 -1.0 -1.0 0.0 0.355444701958627 0.3219053510906644 0.32264994695070853
9 624.0 0.0 -1.0 -1.0 -1.0 0.0 0.332799175364898 0.3474487634207085 0.3197520612143935
9 625.0 0.0 -1.0 -1.0 -1.0 0.0 0.33603329479170513 0.32428242191515844 0.33968428329313644
9 626.0 0.0 -1.0 -1.0 -1.0 0.0 0.3660887899082617 0.3150598023925289 0.3188514076992093
9 627.0 0.0 -1.0 -1.0 -1.0 0.0 0.3446016474296831 0.32728771225275927 0.3281106403175575
9 628.0 0.0 -1.0 -1.0 -1.0 0.0 0.34079308316989454 0.343797817861529 0.31540909896857633
9 629.0 0.0 -1.0 -1.0 -1.0 0.0 0.34144232124730656 0.340577593915347 0.3179800848373466
9 630.0 0.0 -1.0 -1.0 -1.0 0.0 0.34124275759619915 0.3466151908610572 0.31214205154274377
9 631.0 0.0 -1.0 -1.0 -1.0 0.0 0.3301635150966275 0.3592297039530789 0.3106067809502935
9 632.0 0.0 -1.0 -1.0 -1.0 0.0 0.3232241892810414 0.3809444515178276 0.2958313592011312
9 633.0 0.0 -1.0 -1.0 -1.0 0.0 0.32799587101089633 0.36177267193708756 0.3102314570520162
9 634.0 0.0 -1.0 -1.0 -1.0 0.0 0.3304235910572343 0.3691278011926874 0.3004486077500786
9 635.0 0.0 -1.0 -1.0 -1.0 0.0 0.333396648153444 0.36446076573502295 0.3021425861115331
9 636.0 0.0 -1.0 -1.0 -1.0 0.0 0.32201022729902923 0.38262193459608457 0.2953678381048861
9 637.0 0.0 -1.0 -1.0 -1.0 0.0 0.3232824579559319 0.3751191713639708 0.3015983706800972
9 638.0 0.0 -1.0 -1.0 -1.0 0.0 0.30984951891668416 0.369965621585058 0.32018485949825765
9 639.0 0.0 -1.0 -1.0 -1.0 0.0 0.3081008678879278 0.38334254680252444 0.30855658530954805
9 640.0 0.0 -1.0 -1.0 -1.0 0.0 0.31400496723630805 0.3799004056102496 0.3060946271534424
9 641.0 0.0 -1.0 -1.0 -1.0 0.0 0.3306558058877384 0.3349872428728636 0.334356951239398
9 642.0 0.0 -1.0 -1.0 -1.0 0.0 0.2941229214409533 0.3628575266407449 0.34301955191830175
9 643.0 0.0 -1.0 -1.0 -1.0 0.0 0.31543426695127047 0.355801524258017 0.32876420879071255
9 644.0 0.0 -1.0 -1.0 -1.0 0.0 0.3130513867044631 0.33337322497921884 0.3535753883163186
9 645.0 0.0 -1.0 -1.0 -1.0 0.0 0.32846849203169753 0.3504475949189768 0.3210839130493255
9 646.0 0.0 -1.0 -1.0 -1.0 0.0 0.3290200637474093 0.3374460242986981 0.3335339119538925
9 647.0 0.0 -1.0 -1.0 -1.0 0.0 0.31223654020190206 0.3512253706466042 0.3365380891514937
9 648.0 0.0 -1.0 -1.0 -1.0 0.0 0.3115073155794688 0.34979583347525034 0.3386968509452807
9 649.0 0.0 -1.0 -1.0 -1.0 0.0 0.28786652306442967 0.3584398000316041 0.3536936769039664
9 650.0 0.0 -1.0 -1.0 -1.0 0.0 0.3037099992759911 0.3663888034302573 0.3299011972937514
9 651.0 0.0 -1.0 -1.0 -1.0 0.0 0.33362066472847457 0.3275097233205241 0.3388696119510013
9 652.0 0.0 -1.0 -1.0 -1.0 0.0 0.3302215878795676 0.33402922427087006 0.3357491878495625
9 653.0 0.0 -1.0 -1.0 -1.0 0.0 0.30604066780674116 0.3170338016299308 0.3769255305633279
9 654.0 0.0 -1.0 -1.0 -1.0 0.0 0.29522837293412896 0.34661550350693254 0.35815612355893856
9 655.0 0.0 -1.0 -1.0 -1.0 0.0 0.30868490967135004 0.352195461329728 0.339119628998922
9 656.0 0.0 -1.0 -1.0 -1.0 0.0 0.31201221251265926 0.35894535511618036 0.32904243237116015
9 657.0 0.0 -1.0 -1.0 -1.0 0.0 0.3091823663531481 0.33173269177851084 0.3590849418683409
9 658.0 0.0 -1.0 -1.0 -1.0 0.0 0.29449534742463457 0.34807943909821437 0.35742521347715106
9 659.0 0.0 -1.0 -1.0 -1.0 0.0 0.31473151542368144 0.3437611991590648 0.34150728541725334
9 660.0 0.0 -1.0 -1.0 -1.0 0.0 0.34664109352383154 0.33723054395295426 0.31612836252321413
9 661.0 0.0 -1.0 -1.0 -1.0 0.0 0.3283973453508704 0.3378903827532145 0.3337122718959153
9 662.0 0.0 -1.0 -1.0 -1.0 0.0 0.31919766889480045 0.3352832220704938 0.34551910903470573
9 663.0 0.0 -1.0 -1.0 -1.0 0.0 0.3193822322725778 0.35229568844069115 0.328322079286731
9 664.0 0.0 -1.0 -1.0 -1.0 0.0 0.33154412125044497 0.36610651197639543 0.3023493667731595
9 665.0 0.0 -1.0 -1.0 -1.0 0.0 0.34477172009204177 0.35294561339972197 0.3022826665082362
9 666.0 0.0 -1.0 -1.0 -1.0 0.0 0.3637840583375195 0.32984211389874885 0.3063738277637316
9 667.0 0.0 -1.0 -1.0 -1.0 0.0 0.3507094657067191 0.3378018748313534 0.3114886594619279
9 668.0 0.0 -1.0 -1.0 -1.0 0.0 0.3515014202445363 0.34489921861822515 0.30359936113723834
9 669.0 0.0 -1.0 -1.0 -1.0 0.0 0.3406476895490125 0.35554225345034984 0.3038100570006379
9 670.0 0.0 -1.0 -1.0 -1.0 0.0 0.3371630540765398 0.3609655574348117 0.30187138848864853
9 671.0 0.0 -1.0 -1.0 -1.0 0.0 0.3393568243873525 0.35702349763408464 0.3036196779785629
9 672.0 0.0 -1.0 -1.0 -1.0 0.0 0.3592078909547207 0.33225375099948395 0.30853835804579544
9 673.0 0.0 -1.0 -1.0 -1.0 0.0 0.327621113674529 0.3521901526138764 0.32018873371159473
9 674.0 0.0 -1.0 -1.0 -1.0 0.0 0.3329382463065113 0.3395665331825486 0.32749522051094027
9 675.0 0.0 -1.0 -1.0 -1.0 0.0 0.3393049926439284 0.3436561142357896 0.31703889312028233
9 676.0 0.0 -1.0 -1.0 -1.0 0.0 0.3157415835589776 0.37150252805610734 0.31275588838491514
9 677.0 0.0 -1.0 -1.0 -1.0 0.0 0.3134766873892138 0.3330927753602324 0.3534305372505539
9 678.0 0.0 -1.0 -1.0 -1.0 0.0 0.3077346779825298 0.33949084227445725 0.35277447974301296
9 679.0 0.0 -1.0 -1.0 -1.0 0.0 0.3170756581119209 0.3230645132981109 0.359859828589968
9 680.0 0.0 -1.0 -1.0 -1.0 0.0 0.32109749320992376 0.32318947391589875 0.3557130328741776
9 681.0 0.0 -1.0 -1.0 -1.0 0.0 0.3307219859654933 0.31974817909788256 0.3495298349366244
9 682.0 0.0 -1.0 -1.0 -1.0 0.0 0.32831273177018666 0.3279100389430157 0.34377722928679766
9 683.0 0.0 -1.0 -1.0 -1.0 0.0 0.3341037790633521 0.31807219485748445 0.3478240260791634
9 684.0 0.0 -1.0 -1.0 -1.0 0.0 0.32118017544904026 0.312048275078089 0.3667715494728708
9 685.0 0.0 -1.0 -1.0 -1.0 0.0 0.32909341826117694 0.31649371580460606 0.3544128659342172
9 686.0 0.0 -1.0 -1.0 -1.0 0.0 0.3042354483969568 0.3212643632560691 0.37450018834697407
9 687.0 0.0 -1.0 -1.0 -1.0 0.0 0.32394290600844117 0.31829147296551175 0.35776562102604736
9 688.0 0.0 -1.0 -1.0 -1.0 0.0 0.3216550957900971 0.30662840843686995 0.3717164957730331
9 689.0 0.0 -1.0 -1.0 -1.0 0.0 0.315254710186747 0.30786492159673173 0.3768803682165211
9 690.0 0.0 -1.0 -1.0 -1.0 0.0 0.3325576360443366 0.2871591240055338 0.3802832399501294
9 691.0 0.0 -1.0 -1.0 -1.0 0.0 0.32500058565886064 0.3058867243352629 0.36911269000587643
9 692.0 0.0 -1.0 -1.0 -1.0 0.0 0.3098808525776179 0.2846133995862868 0.4055057478360955
9 693.0 0.0 -1.0 -1.0 -1.0 0.0 0.3466017365360676 0.2944287677962547 0.35896949566767783
9 694.0 0.0 -1.0 -1.0 -1.0 0.0 0.3709116883768633 0.2836020677578092 0.34548624386532767
9 695.0 0.0 -1.0 -1.0 -1.0 0.0 0.3520224123367263 0.29270808677326915 0.3552695008900047
9 696.0 0.0 -1.0 -1.0 -1.0 0.0 0.340794843848155 0.30175516808063774 0.35744998807120737
9 697.0 0.0 -1.0 -1.0 -1.0 0.0 0.35014917897137054 0.283244467015375 0.3666063540132546
9 698.0 0.0 -1.0 -1.0 -1.0 0.0 0.33970107823714224 0.3167206345750789 0.34357828718777894
9 699.0 0.0 -1.0 -1.0 -1.0 0.0 0.33481012379811664 0.3144406581914668 0.3507492180104164
9 700.0 0.0 -1.0 -1.0 -1.0 0.0 0.3326374392580052 0.3057754362054644 0.3615871245365305
9 701.0 0.0 -1.0 -1.0 -1.0 0.0 0.3167682574479959 0.3158847109702067 0.3673470315817976
9 702.0 0.0 -1.0 -1.0 -1.0 0.0 0.3407374034819516 0.3207422416261418 0.3385203548919067
9 703.0 0.0 -1.0 -1.0 -1.0 0.0 0.3206757668986351 0.3184469857872083 0.3608772473141567
9 704.0 0.0 -1.0 -1.0 -1.0 0.0 0.3374604535085676 0.31568219194977254 0.3468573545416597
9 705.0 0.0 -1.0 -1.0 -1.0 0.0 0.34774005037094574 0.30776261021790763 0.3444973394111466
9 706.0 0.0 -1.0 -1.0 -1.0 0.0 0.3439855404906033 0.30963336252520596 0.34638109698419073
9 707.0 0.0 -1.0 -1.0 -1.0 0.0 0.3260437681030636 0.32121229179112776 0.35274394010580873
9 708.0 0.0 -1.0 -1.0 -1.0 0.0 0.3591095593634841 0.2859052130152016 0.35498522762131446
9 709.0 0.0 -1.0 -1.0 -1.0 0.0 0.3459165589249199 0.270964746450985 0.3831186946240953
9 710.0 0.0 -1.0 -1.0 -1.0 0.0 0.3330096986253882 0.28433940899634796 0.3826508923782636
9 711.0 0.0 -1.0 -1.0 -1.0 0.0 0.32452386455438054 0.2833150263282592 0.39216110911736046
9 712.0 0.0 -1.0 -1.0 -1.0 0.0 0.34905849002433476 0.3039182631139067 0.3470232468617583
9 713.0 0.0 -1.0 -1.0 -1.0 0.0 0.35633450549381573 0.27065194010895605 0.3730135543972283
9 714.0 0.0 -1.0 -1.0 -1.0 0.0 0.35903645165283565 0.28743072539446285 0.3535328229527016
9 715.0 0.0 -1.0 -1.0 -1.0 0.0 0.36222801239061636 0.2875957741746977 0.35017621343468563
9 716.0 0.0 -1.0 -1.0 -1.0 0.0 0.32573161316224947 0.32430268318977196 0.3499657036479784
9 717.0 0.0 -1.0 -1.0 -1.0 0.0 0.2871280693342295 0.343598787576916 0.3692731430888545
9 718.0 0.0 -1.0 -1.0 -1.0 0.0 0.30300808463125284 0.3414759643765916 0.3555159509921554
9 719.0 0.0 -1.0 -1.0 -1.0 0.0 0.33841319957429233 0.3062729991796219 0.3553138012460855
9 720.0 0.0 -1.0 -1.0 -1.0 0.0 0.3567945201354111 0.3197554345978303 0.3234500452667585
9 721.0 0.0 -1.0 -1.0 -1.0 0.0 0.33680759988203546 0.34283316697036975 0.3203592331475948
9 722.0 0.0 -1.0 -1.0 -1.0 0.0 0.33552441718782583 0.3264429664066792 0.33803261640549515
9 723.0 0.0 -1.0 -1.0 -1.0 0.0 0.33085800806241367 0.3300191850129963 0.33912280692459007
9 724.0 0.0 -1.0 -1.0 -1.0 0.0 0.34409665369152703 0.32052394264857986 0.33537940365989316
9 725.0 0.0 -1.0 -1.0 -1.0 0.0 0.36314008273079684 0.3266864721238538 0.3101734451453495
9 726.0 0.0 -1.0 -1.0 -1.0 0.0 0.3512811537943008 0.32095544392528 0.32776340228041934
9 727.0 0.0 -1.0 -1.0 -1.0 0.0 0.3583718527695266 0.3383654598397136 0.30326268739075984
9 728.0 0.0 -1.0 -1.0 -1.0 0.0 0.36238147969990886 0.340223436623836 0.29739508367625506
9 729.0 0.0 -1.0 -1.0 -1.0 0.0 0.34244132709331987 0.36268996622061517 0.2948687066860648
9 730.0 0.0 -1.0 -1.0 -1.0 0.0 0.3558201101840002 0.3320406542302927 0.3121392355857071
9 731.0 0.0 -1.0 -1.0 -1.0 0.0 0.32864330896962685 0.3228798006976554 0.34847689033271784
9 732.0 0.0 -1.0 -1.0 -1.0 0.0 0.3473934428403062 0.2962587619662914 0.3563477951934025
9 733.0 0.0 -1.0 -1.0 -1.0 0.0 0.36186519154211383 0.31207621350981457 0.32605859494807166
9 734.0 0.0 -1.0 -1.0 -1.0 0.0 0.3475676536383442 0.2990002380851832 0.35343210827647265
9 735.0 0.0 -1.0 -1.0 -1.0 0.0 0.36094384681122094 0.31559396543292295 0.323462187755856
9 736.0 0.0 -1.0 -1.0 -1.0 0.0 0.33820568767781994 0.31155779742439277 0.35023651489778723
9 737.0 0.0 -1.0 -1.0 -1.0 0.0 0.3182793017184684 0.3353101448585092 0.34641055342302246
9 738.0 0.0 -1.0 -1.0 -1.0 0.0 0.3476752739815406 0.3339538357575613 0.31837089026089815
9 739.0 0.0 -1.0 -1.0 -1.0 0.0 0.3520991178913043 0.3240385449718217 0.323862337136874
9 740.0 0.0 -1.0 -1.0 -1.0 0.0 0.3498454561949825 0.3237178672114145 0.326436676593603
9 741.0 0.0 -1.0 -1.0 -1.0 0.0 0.3202726227802654 0.350464388003212 0.32926298921652264
9 742.0 0.0 -1.0 -1.0 -1.0 0.0 0.32013430251632863 0.34829769521812265 0.33156800226554867
9 743.0 0.0 -1.0 -1.0 -1.0 0.0 0.33667527813268683 0.33708109548437976 0.3262436263829334
9 744.0 0.0 -1.0 -1.0 -1.0 0.0 0.32987855813833666 0.31276547901343416 0.357355962848229
9 745.0 0.0 -1.0 -1.0 -1.0 0.0 0.345141565564619 0.30918384566976065 0.34567458876562035
9 746.0 0.0 -1.0 -1.0 -1.0 0.0 0.35326254277216634 0.3040186352868142 0.34271882194101955
9 747.0 0.0 -1.0 -1.0 -1.0 0.0 0.3487445619394001 0.3138564484316515 0.33739898962894826
9 748.0 0.0 -1.0 -1.0 -1.0 0.0 0.3473641747963653 0.2976418128678994 0.35499401233573513
9 749.0 0.0 -1.0 -1.0 -1.0 0.0 0.33291509034310424 0.3019096586070064 0.3651752510498893
9 750.0 0.0 -1.0 -1.0 -1.0 0.0 0.338536867188346 0.31546200193174995 0.3460011308799044
9 751.0 0.0 -1.0 -1.0 -1.0 0.0 0.3384655181376498 0.3401089804719497 0.32142550139040055
9 752.0 0.0 -1.0 -1.0 -1.0 0.0 0.3415303579314484 0.35242467032066593 0.30604497174788575
9 753.0 0.0 -1.0 -1.0 -1.0 0.0 0.34074054173150836 0.3357574178308635 0.32350204043762804
9 754.0 0.0 -1.0 -1.0 -1.0 0.0 0.33554442362705045 0.3440003468651055 0.3204552295078439
9 755.0 0.0 -1.0 -1.0 -1.0 0.0 0.3592444207869521 0.33546984107684485 0.30528573813620297
9 756.0 0.0 -1.0 -1.0 -1.0 0.0 0.31934363797265297 0.368743144480674 0.3119132175466731
9 757.0 0.0 -1.0 -1.0 -1.0 0.0 0.30145645344138844 0.39138032238024345 0.3071632241783682
9 758.0 0.0 -1.0 -1.0 -1.0 0.0 0.31410595887025566 0.3893551873940174 0.2965388537357272
9 759.0 0.0 -1.0 -1.0 -1.0 0.0 0.2879837743399653 0.41390384801544094 0.29811237764459375
9 760.0 0.0 -1.0 -1.0 -1.0 0.0 0.2976747828234831 0.37828724702553496 0.32403797015098185
9 761.0 0.0 -1.0 -1.0 -1.0 0.0 0.294740302219497 0.36631014326422445 0.33894955451627856
9 762.0 0.0 -1.0 -1.0 -1.0 0.0 0.2920923698992274 0.36841409836763384 0.339493531733139
9 763.0 0.0 -1.0 -1.0 -1.0 0.0 0.2882300138096754 0.3474330834845898 0.3643369027057347
9 764.0 0.0 -1.0 -1.0 -1.0 0.0 0.2965229020316097 0.32055472791805684 0.3829223700503332
9 765.0 0.0 -1.0 -1.0 -1.0 0.0 0.300182737967742 0.33019645493135064 0.3696208071009072
9 766.0 0.0 -1.0 -1.0 -1.0 0.0 0.28857785329025637 0.3434987227866209 0.3679234239231228
9 767.0 0.0 -1.0 -1.0 -1.0 0.0 0.29652261479119085 0.34478642716758734 0.3586909580412216
9 768.0 0.0 -1.0 -1.0 -1.0 0.0 0.29864138661465117 0.3431520534643373 0.35820655992101164
9 769.0 0.0 -1.0 -1.0 -1.0 0.0 0.3069705877153035 0.36535982023979297 0.3276695920449035
9 770.0 0.0 -1.0 -1.0 -1.0 0.0 0.2870546205768688 0.3344194816510209 0.3785258977721104
9 771.0 0.0 -1.0 -1.0 -1.0 0.0 0.2776605826678946 0.30575071510865837 0.4165887022234468
9 772.0 0.0 -1.0 -1.0 -1.0 0.0 0.31221035681634735 0.31552302089998757 0.3722666222836653
9 773.0 0.0 -1.0 -1.0 -1.0 0.0 0.3082533270249371 0.3283389630382026 0.36340770993686017
9 774.0 0.0 -1.0 -1.0 -1.0 0.0 0.3204358548450891 0.31057079155594614 0.36899335359896507
9 775.0 0.0 -1.0 -1.0 -1.0 0.0 0.3137727142479231 0.3333733382966817 0.35285394745539533
9 776.0 0.0 -1.0 -1.0 -1.0 0.0 0.33609415329903314 0.32940270078931816 0.33450314591164926
9 777.0 0.0 -1.0 -1.0 -1.0 0.0 0.31371575751921116 0.3576178240625287 0.3286664184182602
9 778.0 0.0 -1.0 -1.0 -1.0 0.0 0.3220202709619393 0.36184721226538097 0.3161325167726794
9 779.0 0.0 -1.0 -1.0 -1.0 0.0 0.33135291003807943 0.3558225913638831 0.31282449859803757
9 780.0 0.0 -1.0 -1.0 -1.0 0.0 0.3238517700670618 0.3421785188268595 0.333969711106079
9 781.0 0.0 -1.0 -1.0 -1.0 0.0 0.3284407843601872 0.3581786518441099 0.3133805637957026
9 782.0 0.0 -1.0 -1.0 -1.0 0.0 0.3234770087373187 0.36429719756511664 0.3122257936975647
9 783.0 0.0 -1.0 -1.0 -1.0 0.0 0.3466732229540311 0.35227472939764576 0.301052047648323
9 784.0 0.0 -1.0 -1.0 -1.0 0.0 0.35607865429078545 0.3434196714580395 0.30050167425117497
9 785.0 0.0 -1.0 -1.0 -1.0 0.0 0.35702897257791283 0.3285612943381922 0.31440973308389525
9 786.0 0.0 -1.0 -1.0 -1.0 0.0 0.3714694095720976 0.3229126097746354 0.305617980653267
9 787.0 0.0 -1.0 -1.0 -1.0 0.0 0.3590398859299853 0.3300617426006185 0.31089837146939625
9 788.0 0.0 -1.0 -1.0 -1.0 0.0 0.35787226548645196 0.331677842645757 0.31044989186779104
9 789.0 0.0 -1.0 -1.0 -1.0 0.0 0.33868679862940576 0.3136772323163629 0.34763596905423144
9 790.0 0.0 -1.0 -1.0 -1.0 0.0 0.34700034325788054 0.3013839110922005 0.3516157456499189
9 791.0 0.0 -1.0 -1.0 -1.0 0.0 0.35216424297767324 0.29676909096503123 0.35106666605729553
9 792.0 0.0 -1.0 -1.0 -1.0 0.0 0.38084329898540675 0.2944719630161928 0.3246847379984007
9 793.0 0.0 -1.0 -1.0 -1.0 0.0 0.3548540105701158 0.3158047749243742 0.3293412145055099
9 794.0 0.0 -1.0 -1.0 -1.0 0.0 0.3560799739254621 0.3124540467986259 0.33146597927591187
9 795.0 0.0 -1.0 -1.0 -1.0 0.0 0.33723824534107877 0.31523221751654007 0.34752953714238144
9 796.0 0.0 -1.0 -1.0 -1.0 0.0 0.3288392286414836 0.3332874400938492 0.3378733312646669
9 797.0 0.0 -1.0 -1.0 -1.0 0.0 0.30585856530655575 0.32995927420319066 0.36418216049025337
9 798.0 0.0 -1.0 -1.0 -1.0 0.0 0.29114339950107043 0.340461691900364 0.36839490859856555
9 799.0 0.0 -1.0 -1.0 -1.0 0.0 0.2919441896913966 0.35392932482294726 0.3541264854856564
9 800.0 0.0 -1.0 -1.0 -1.0 0.0 0.31086271015574346 0.3533708879780558 0.3357664018662008
9 801.0 0.0 -1.0 -1.0 -1.0 0.0 0.30819492383592245 0.328129926157791 0.36367515000628664
9 802.0 0.0 -1.0 -1.0 -1.0 0.0 0.29243448744844297 0.3483393769446897 0.35922613560686734
9 803.0 0.0 -1.0 -1.0 -1.0 0.0 0.28364029925662826 0.3567068330407437 0.359652867702628
9 804.0 0.0 -1.0 -1.0 -1.0 0.0 0.30103251799415925 0.36289469697085386 0.3360727850349868
9 805.0 0.0 -1.0 -1.0 -1.0 0.0 0.31403545934565136 0.3707606441695198 0.3152038964848289
9 806.0 0.0 -1.0 -1.0 -1.0 0.0 0.31396549938548873 0.37400671801651547 0.31202778259799585
9 807.0 0.0 -1.0 -1.0 -1.0 0.0 0.29290779272307527 0.3714257721415473 0.3356664351353774
9 808.0 0.0 -1.0 -1.0 -1.0 0.0 0.2936884423890389 0.3693572204551215 0.33695433715583945
9 809.0 0.0 -1.0 -1.0 -1.0 0.0 0.3021690914787483 0.35361563760203363 0.3442152709192179
9 810.0 0.0 -1.0 -1.0 -1.0 0.0 0.3033065721116985 0.33692194785351626 0.3597714800347854
9 811.0 0.0 -1.0 -1.0 -1.0 0.0 0.30007823275467177 0.35512226584060314 0.3447995014047254
9 812.0 0.0 -1.0 -1.0 -1.0 0.0 0.30308655337692486 0.33263653225843975 0.3642769143646355
9 813.0 0.0 -1.0 -1.0 -1.0 0.0 0.2959717597331744 0.37832064014109856 0.32570760012572686
9 814.0 0.0 -1.0 -1.0 -1.0 0.0 0.33923408193127214 0.3770976079452222 0.28366831012350546
9 815.0 0.0 -1.0 -1.0 -1.0 0.0 0.36972855644889735 0.3664562830619657 0.26381516048913645
9 816.0 0.0 -1.0 -1.0 -1.0 0.0 0.379034621446719 0.3576809672522009 0.26328441130107977
9 817.0 0.0 -1.0 -1.0 -1.0 0.0 0.3637655504782785 0.35773122176470706 0.27850322775701436
9 818.0 0.0 -1.0 -1.0 -1.0 0.0 0.34913801960201324 0.37150550527025694 0.27935647512772993
9 819.0 0.0 -1.0 -1.0 -1.0 0.0 0.351082453140253 0.33499756648604895 0.3139199803736983
9 820.0 0.0 -1.0 -1.0 -1.0 0.0 0.3506994690000409 0.32380734290677887 0.3254931880931803
9 821.0 0.0 -1.0 -1.0 -1.0 0.0 0.31926829013035046 0.3251844392509999 0.3555472706186498
9 822.0 0.0 -1.0 -1.0 -1.0 0.0 0.3203506843525542 0.3273622655483626 0.3522870500990832
9 823.0 0.0 -1.0 -1.0 -1.0 0.0 0.323351302757357 0.3440010733994793 0.33264762384316354
9 824.0 0.0 -1.0 -1.0 -1.0 0.0 0.3223785148981447 0.3267714755451674 0.3508500095566881
9 825.0 0.0 -1.0 -1.0 -1.0 0.0 0.3108687827072486 0.3227973447863917 0.3663338725063599
9 826.0 0.0 -1.0 -1.0 -1.0 0.0 0.3342706121620494 0.30140356461055023 0.3643258232274006
9 827.0 0.0 -1.0 -1.0 -1.0 0.0 0.35080240221145376 0.28384275620488375 0.3653548415836628
9 828.0 0.0 -1.0 -1.0 -1.0 0.0 0.3344284184456196 0.2849964956099942 0.38057508594438644
9 829.0 0.0 -1.0 -1.0 -1.0 0.0 0.3365531055681701 0.28792807815378657 0.3755188162780431
9 830.0 0.0 -1.0 -1.0 -1.0 0.0 0.35069295115265164 0.3031104828380271 0.34619656600932125
9 831.0 0.0 -1.0 -1.0 -1.0 0.0 0.3450455901575599 0.337586225523815 0.3173681843186249
9 832.0 0.0 -1.0 -1.0 -1.0 0.0 0.32291906882072186 0.35401077339778353 0.32307015778149456
9 833.0 0.0 -1.0 -1.0 -1.0 0.0 0.3202646263425278 0.3808716766349604 0.2988636970225119
9 834.0 0.0 -1.0 -1.0 -1.0 0.0 0.32531452093246616 0.33923849005023077 0.3354469890173029
9 835.0 0.0 -1.0 -1.0 -1.0 0.0 0.3458808728983334 0.29900193099619377 0.35511719610547293
9 836.0 0.0 -1.0 -1.0 -1.0 0.0 0.33744127797124046 0.31469759005729525 0.34786113197146434
9 837.0 0.0 -1.0 -1.0 -1.0 0.0 0.3259174349806379 0.3144442157095545 0.35963834930980765
9 838.0 0.0 -1.0 -1.0 -1.0 0.0 0.32001709795010624 0.29286605798571236 0.38711684406418145
9 839.0 0.0 -1.0 -1.0 -1.0 0.0 0.3153681958078931 0.3105957440621329 0.37403606012997415
9 840.0 0.0 -1.0 -1.0 -1.0 0.0 0.3114399820880546 0.3395293701683967 0.34903064774354875
9 841.0 0.0 -1.0 -1.0 -1.0 0.0 0.3328461673539085 0.33448161363707113 0.3326722190090204
9 842.0 0.0 -1.0 -1.0 -1.0 0.0 0.3239542688130341 0.3184397464615685 0.3576059847253974
9 843.0 0.0 -1.0 -1.0 -1.0 0.0 0.32124513328803017 0.32863141383188504 0.35012345288008484
9 844.0 0.0 -1.0 -1.0 -1.0 0.0 0.3284964075322978 0.3574350638764844 0.3140685285912178
9 845.0 0.0 -1.0 -1.0 -1.0 0.0 0.33492482158597375 0.35775973683860335 0.307315441575423
9 846.0 0.0 -1.0 -1.0 -1.0 0.0 0.32800886016967845 0.3488695467255525 0.32312159310476923
9 847.0 0.0 -1.0 -1.0 -1.0 0.0 0.31778023419101503 0.3540738716673209 0.328145894141664
9 848.0 0.0 -1.0 -1.0 -1.0 0.0 0.33508505825775153 0.35723295147240497 0.3076819902698435
9 849.0 0.0 -1.0 -1.0 -1.0 0.0 0.329001382200217 0.34574354975483684 0.32525506804494614
9 850.0 0.0 -1.0 -1.0 -1.0 0.0 0.3641736606934181 0.34290448617784053 0.29292185312874147
9 851.0 0.0 -1.0 -1.0 -1.0 0.0 0.3840384227863262 0.323777882203979 0.2921836950096948
9 852.0 0.0 -1.0 -1.0 -1.0 0.0 0.3904397690545269 0.30620602290914006 0.303354208036333
9 853.0 0.0 -1.0 -1.0 -1.0 0.0 0.3597861394506133 0.33056947371761675 0.3096443868317702
9 854.0 0.0 -1.0 -1.0 -1.0 0.0 0.3416553407027467 0.3493840570061183 0.30896060229113487
9 855.0 0.0 -1.0 -1.0 -1.0 0.0 0.3439970171902342 0.3318598851007178 0.3241430977090478
9 856.0 0.0 -1.0 -1.0 -1.0 0.0 0.34389719187885454 0.3114844793345527 0.3446183287865928
9 857.0 0.0 -1.0 -1.0 -1.0 0.0 0.3410126257610663 0.3263404725204995 0.33264690171843436
9 858.0 0.0 -1.0 -1.0 -1.0 0.0 0.30641591854806793 0.32841401952222 0.36517006192971185
9 859.0 0.0 -1.0 -1.0 -1.0 0.0 0.3174653406565204 0.315049792437349 0.36748486690613086
9 860.0 0.0 -1.0 -1.0 -1.0 0.0 0.33392393449061053 0.304987614585923 0.36108845092346653
9 861.0 0.0 -1.0 -1.0 -1.0 0.0 0.32056420808996455 0.319161975439276 0.36027381647075934
9 862.0 0.0 -1.0 -1.0 -1.0 0.0 0.31885595605373057 0.34753073214990576 0.33361331179636367
9 863.0 0.0 -1.0 -1.0 -1.0 0.0 0.3383692577351837 0.32402217865222716 0.33760856361258873
9 864.0 0.0 -1.0 -1.0 -1.0 0.0 0.33004318181008346 0.3313754983161117 0.3385813198738048
9 865.0 0.0 -1.0 -1.0 -1.0 0.0 0.31604296908183555 0.3549375564101439 0.3290194745080206
9 866.0 0.0 -1.0 -1.0 -1.0 0.0 0.31394477433567086 0.3076405668868994 0.37841465877742986
9 867.0 0.0 -1.0 -1.0 -1.0 0.0 0.32795404384998716 0.3271751164192183 0.3448708397307945
9 868.0 0.0 -1.0 -1.0 -1.0 0.0 0.34317662496387624 0.31965112566670484 0.3371722493694189
9 869.0 0.0 -1.0 -1.0 -1.0 0.0 0.3662417135327905 0.3282792822174172 0.3054790042497924
9 870.0 0.0 -1.0 -1.0 -1.0 0.0 0.36172503361894387 0.3362288436776633 0.30204612270339287
9 871.0 0.0 -1.0 -1.0 -1.0 0.0 0.31756240666975183 0.3567113454443777 0.32572624788587057
9 872.0 0.0 -1.0 -1.0 -1.0 0.0 0.31085346541389725 0.36753066291105496 0.32161587167504757
9 873.0 0.0 -1.0 -1.0 -1.0 0.0 0.32570338849785435 0.3807087573006258 0.29358785420151984
9 874.0 0.0 -1.0 -1.0 -1.0 0.0 0.3338761243516021 0.36998068944223966 0.2961431862061581
9 875.0 0.0 -1.0 -1.0 -1.0 0.0 0.30767645460611276 0.38154768877773415 0.3107758566161531
9 876.0 0.0 -1.0 -1.0 -1.0 0.0 0.32127058673352943 0.35238719818900655 0.3263422150774639
9 877.0 0.0 -1.0 -1.0 -1.0 0.0 0.3234256988625981 0.35101410746601486 0.32556019367138717
9 878.0 0.0 -1.0 -1.0 -1.0 0.0 0.3148215149911977 0.33566473767082905 0.34951374733797347
9 879.0 0.0 -1.0 -1.0 -1.0 0.0 0.3169572420292338 0.31729958605584285 0.3657431719149234
9 880.0 0.0 -1.0 -1.0 -1.0 0.0 0.29294282473977673 0.3147610526226099 0.3922961226376136
9 881.0 0.0 -1.0 -1.0 -1.0 0.0 0.30278533097312016 0.3170980963431863 0.3801165726836933
9 882.0 0.0 -1.0 -1.0 -1.0 0.0 0.3040641296005608 0.33904496876445905 0.35689090163498
9 883.0 0.0 -1.0 -1.0 -1.0 0.0 0.2816076941922055 0.35249242110585605 0.36589988470193835
9 884.0 0.0 -1.0 -1.0 -1.0 0.0 0.2788268788787439 0.37874170404013624 0.3424314170811195
9 885.0 0.0 -1.0 -1.0 -1.0 0.0 0.2793988878941676 0.3744648503174636 0.34613626178836876
9 886.0 0.0 -1.0 -1.0 -1.0 0.0 0.2974333070027405 0.39013706432270623 0.31242962867455326
9 887.0 0.0 -1.0 -1.0 -1.0 0.0 0.2935093141796898 0.3772644473638182 0.32922623845649185
9 888.0 0.0 -1.0 -1.0 -1.0 0.0 0.2932480857170885 0.3622833370809409 0.3444685772019707
9 889.0 0.0 -1.0 -1.0 -1.0 0.0 0.30611067064847 0.33245888526897766 0.3614304440825527
9 890.0 0.0 -1.0 -1.0 -1.0 0.0 0.2952079786710175 0.3390634989823187 0.3657285223466637
9 891.0 0.0 -1.0 -1.0 -1.0 0.0 0.2780104083980402 0.3495610032616133 0.37242858834034637
9 892.0 0.0 -1.0 -1.0 -1.0 0.0 0.2968047048653849 0.36252978449464357 0.34066551063997125
9 893.0 0.0 -1.0 -1.0 -1.0 0.0 0.3161732988870689 0.3321513725275813 0.35167532858534983
9 894.0 0.0 -1.0 -1.0 -1.0 0.0 0.3149280247966309 0.33212993128044743 0.35294204392292167
9 895.0 0.0 -1.0 -1.0 -1.0 0.0 0.31350599110570915 0.33669384393465296 0.34980016495963817
9 896.0 0.0 -1.0 -1.0 -1.0 0.0 0.31214335206692584 0.32640111507748537 0.36145553285558896
9 897.0 0.0 -1.0 -1.0 -1.0 0.0 0.3342470578877263 0.34262272429022245 0.3231302178220512
9 898.0 0.0 -1.0 -1.0 -1.0 0.0 0.33683156033439404 0.34516480657888576 0.31800363308672047
9 899.0 0.0 -1.0 -1.0 -1.0 0.0 0.3405279508216946 0.34124392710315193 0.3182281220751534
9 900.0 0.0 -1.0 -1.0 -1.0 0.0 0.3280880237713596 0.37323120546278493 0.2986807707658556
9 901.0 0.0 -1.0 -1.0 -1.0 0.0 0.3508029639452504 0.37164591339960645 0.277551122655143
9 902.0 0.0 -1.0 -1.0 -1.0 0.0 0.35377818089935603 0.3336334110922503 0.3125884080083936
9 903.0 0.0 -1.0 -1.0 -1.0 0.0 0.37497787779344127 0.33327562091868834 0.2917465012878703
9 904.0 0.0 -1.0 -1.0 -1.0 0.0 0.3592092463829999 0.3372491937506984 0.3035415598663017
9 905.0 0.0 -1.0 -1.0 -1.0 0.0 0.3292946249799258 0.3335114268813534 0.33719394813872094
9 906.0 0.0 -1.0 -1.0 -1.0 0.0 0.3023174811598365 0.3489991213454007 0.3486833974947628
9 907.0 0.0 -1.0 -1.0 -1.0 0.0 0.30180886239970495 0.37251894152949694 0.3256721960707981
9 908.0 0.0 -1.0 -1.0 -1.0 0.0 0.3186321639643577 0.37088939094437245 0.31047844509127015
9 909.0 0.0 -1.0 -1.0 -1.0 0.0 0.3309119391743237 0.3391280255769584 0.32996003524871803
9 910.0 0.0 -1.0 -1.0 -1.0 0.0 0.3331504212251887 0.33941294798338695 0.3274366307914244
9 911.0 0.0 -1.0 -1.0 -1.0 0.0 0.32496189906605816 0.32904780413634305 0.34599029679759885
9 912.0 0.0 -1.0 -1.0 -1.0 0.0 0.32727872576680056 0.33682544205078 0.3358958321824194
9 913.0 0.0 -1.0 -1.0 -1.0 0.0 0.3460397700995882 0.3431133334159708 0.3108468964844408
9 914.0 0.0 -1.0 -1.0 -1.0 0.0 0.34576106559383896 0.35955262512188596 0.2946863092842753
9 915.0 0.0 -1.0 -1.0 -1.0 0.0 0.3290578836587048 0.35686468884056227 0.31407742750073314
9 916.0 0.0 -1.0 -1.0 -1.0 0.0 0.3201520254085278 0.338765570862562 0.3410824037289102
9 917.0 0.0 -1.0 -1.0 -1.0 0.0 0.33347841668870465 0.3534791461190214 0.313042437192274
9 918.0 0.0 -1.0 -1.0 -1.0 0.0 0.3289735330898839 0.3417339654672078 0.3292925014429084
9 919.0 0.0 -1.0 -1.0 -1.0 0.0 0.32692714259660505 0.33171272616950853 0.34136013123388653
9 920.0 0.0 -1.0 -1.0 -1.0 0.0 0.35180654876185685 0.31287223859180163 0.3353212126463416
9 921.0 0.0 -1.0 -1.0 -1.0 0.0 0.3250682856319011 0.34137347880161506 0.3335582355664837
9 922.0 0.0 -1.0 -1.0 -1.0 0.0 0.32481830644811494 0.3312897655964002 0.3438919279554849
9 923.0 0.0 -1.0 -1.0 -1.0 0.0 0.3208704226623521 0.309281405852189 0.36984817148545884
9 924.0 0.0 -1.0 -1.0 -1.0 0.0 0.31966970955930457 0.3093788427410348 0.3709514476996605
9 925.0 0.0 -1.0 -1.0 -1.0 0.0 0.33287193067137644 0.30252299137742594 0.3646050779511975
9 926.0 0.0 -1.0 -1.0 -1.0 0.0 0.3474268827835425 0.33087550237353675 0.32169761484292075
9 927.0 0.0 -1.0 -1.0 -1.0 0.0 0.3612903355665663 0.3219146827111849 0.3167949817222489
9 928.0 0.0 -1.0 -1.0 -1.0 0.0 0.35860512548034407 0.32872666472939444 0.3126682097902615
9 929.0 0.0 -1.0 -1.0 -1.0 0.0 0.38156670872064175 0.30804258483037905 0.3103907064489794
9 930.0 0.0 -1.0 -1.0 -1.0 0.0 0.36126056771657816 0.3159911552643684 0.32274827701905345
9 931.0 0.0 -1.0 -1.0 -1.0 0.0 0.36438067623293063 0.30703685223448723 0.3285824715325819
9 932.0 0.0 -1.0 -1.0 -1.0 0.0 0.35490862562103087 0.33284175093939533 0.31224962343957363
9 933.0 0.0 -1.0 -1.0 -1.0 0.0 0.33678772797120415 0.3604004660299126 0.30281180599888324
9 934.0 0.0 -1.0 -1.0 -1.0 0.0 0.3253893440693082 0.3619190678532428 0.3126915880774492
9 935.0 0.0 -1.0 -1.0 -1.0 0.0 0.348942601156554 0.3348573604533969 0.31620003839004895
9 936.0 0.0 -1.0 -1.0 -1.0 0.0 0.35683866121015184 0.33069375864792794 0.31246758014192016
9 937.0 0.0 -1.0 -1.0 -1.0 0.0 0.32642780884419453 0.34705462302085377 0.3265175681349517
9 938.0 0.0 -1.0 -1.0 -1.0 0.0 0.305912562811572 0.35057975262447905 0.3435076845639488
9 939.0 0.0 -1.0 -1.0 -1.0 0.0 0.3077552291862749 0.35070486877489615 0.3415399020388292
9 940.0 0.0 -1.0 -1.0 -1.0 0.0 0.3191101001109031 0.33801305909378426 0.34287684079531283
9 941.0 0.0 -1.0 -1.0 -1.0 0.0 0.2856693157726442 0.36050897166403895 0.3538217125633168
9 942.0 0.0 -1.0 -1.0 -1.0 0.0 0.3105221041851489 0.3336762649636942 0.3558016308511569
9 943.0 0.0 -1.0 -1.0 -1.0 0.0 0.288352824157966 0.33123144746498134 0.38041572837705273
9 944.0 0.0 -1.0 -1.0 -1.0 0.0 0.2794222342360006 0.34568265440975837 0.37489511135424103
9 945.0 0.0 -1.0 -1.0 -1.0 0.0 0.3060575927718248 0.33265436985011243 0.36128803737806287
9 946.0 0.0 -1.0 -1.0 -1.0 0.0 0.3244624013834608 0.35163371700293333 0.3239038816136059
9 947.0 0.0 -1.0 -1.0 -1.0 0.0 0.31480151061749995 0.35381813288938757 0.33138035649311254
9 948.0 0.0 -1.0 -1.0 -1.0 0.0 0.32237803065129506 0.363836275865572 0.3137856934831328
9 949.0 0.0 -1.0 -1.0 -1.0 0.0 0.34031006166943784 0.37360801603657656 0.28608192229398544
9 950.0 0.0 -1.0 -1.0 -1.0 0.0 0.3492612839077654 0.3613555211140537 0.28938319497818116
9 951.0 0.0 -1.0 -1.0 -1.0 0.0 0.36313139925987575 0.3577254176642768 0.27914318307584773
9 952.0 0.0 -1.0 -1.0 -1.0 0.0 0.3557723200538935 0.3543858553725839 0.2898418245735225
9 953.0 0.0 -1.0 -1.0 -1.0 0.0 0.3424967980902822 0.3606524534290406 0.2968507484806771
9 954.0 0.0 -1.0 -1.0 -1.0 0.0 0.3263144242677995 0.36707024376646125 0.3066153319657393
9 955.0 0.0 -1.0 -1.0 -1.0 0.0 0.32729977911876323 0.35910274418482724 0.31359747669640975
9 956.0 0.0 -1.0 -1.0 -1.0 0.0 0.3455497085110187 0.33440150586731077 0.32004878562167044
9 957.0 0.0 -1.0 -1.0 -1.0 0.0 0.3588155263746326 0.3450915852074752 0.29609288841789194
9 958.0 0.0 -1.0 -1.0 -1.0 0.0 0.3054464951577333 0.362484992372962 0.3320685124693047
9 959.0 0.0 -1.0 -1.0 -1.0 0.0 0.3062450117906667 0.35561922558236087 0.33813576262697254
9 960.0 0.0 -1.0 -1.0 -1.0 0.0 0.3032313811124332 0.34572501255920834 0.3510436063283587
9 961.0 0.0 -1.0 -1.0 -1.0 0.0 0.34050562460010136 0.30497515486160637 0.35451922053829216
9 962.0 0.0 -1.0 -1.0 -1.0 0.0 0.3397663701559449 0.3200705537075217 0.3401630761365333
9 963.0 0.0 -1.0 -1.0 -1.0 0.0 0.34391788370455845 0.309094492634655 0.3469876236607866
9 964.0 0.0 -1.0 -1.0 -1.0 0.0 0.3413330714040337 0.3061451426006198 0.3525217859953466
9 965.0 0.0 -1.0 -1.0 -1.0 0.0 0.33525528115769115 0.3297500619370478 0.3349946569052612
9 966.0 0.0 -1.0 -1.0 -1.0 0.0 0.31477090157467014 0.3586862813285987 0.3265428170967312
9 967.0 0.0 -1.0 -1.0 -1.0 0.0 0.31006166145720665 0.35674146818411456 0.33319687035867884
9 968.0 0.0 -1.0 -1.0 -1.0 0.0 0.3344646401241912 0.35151902959670456 0.3140163302791041
9 969.0 0.0 -1.0 -1.0 -1.0 0.0 0.3615408468306246 0.3371283663679654 0.30133078680140996
9 970.0 0.0 -1.0 -1.0 -1.0 0.0 0.3729477419601321 0.33615067858522396 0.2909015794546441
9 971.0 0.0 -1.0 -1.0 -1.0 0.0 0.3702097275096016 0.3364618183262331 0.293328454164165
9 972.0 0.0 -1.0 -1.0 -1.0 0.0 0.32359418076514573 0.35529136690536434 0.32111445232949004
9 973.0 0.0 -1.0 -1.0 -1.0 0.0 0.320717898113693 0.3757561703841493 0.30352593150215784
9 974.0 0.0 -1.0 -1.0 -1.0 0.0 0.34683701161549146 0.33136732168575295 0.32179566669875564
9 975.0 0.0 -1.0 -1.0 -1.0 0.0 0.3353487805995665 0.3525462211942589 0.31210499820617427
9 976.0 0.0 -1.0 -1.0 -1.0 0.0 0.3163846093050535 0.35828821999096966 0.32532717070397693
9 977.0 0.0 -1.0 -1.0 -1.0 0.0 0.33747327132897603 0.34428576333376026 0.3182409653372637
9 978.0 0.0 -1.0 -1.0 -1.0 0.0 0.35239063559531436 0.3432857301580312 0.30432363424665404
9 979.0 0.0 -1.0 -1.0 -1.0 0.0 0.31228124035835686 0.3465439251052096 0.3411748345364337
9 980.0 0.0 -1.0 -1.0 -1.0 0.0 0.3029524375592941 0.3500268496807589 0.3470207127599471
9 981.0 0.0 -1.0 -1.0 -1.0 0.0 0.306254523771733 0.3534500905711828 0.3402953856570842
9 982.0 0.0 -1.0 -1.0 -1.0 0.0 0.3421133634665503 0.3308675672506664 0.3270190692827832
9 983.0 0.0 -1.0 -1.0 -1.0 0.0 0.3803368214953683 0.2955112193220224 0.32415195918260964
9 984.0 0.0 -1.0 -1.0 -1.0 0.0 0.38422838954271504 0.2881468504605655 0.32762475999671964
9 985.0 0.0 -1.0 -1.0 -1.0 0.0 0.3566825451891852 0.29061922023299036 0.3526982345778243
9 986.0 0.0 -1.0 -1.0 -1.0 0.0 0.3402571193881436 0.28669416960663474 0.37304871100522163
9 987.0 0.0 -1.0 -1.0 -1.0 0.0 0.2978965700701925 0.33090625016271136 0.37119717976709615
9 988.0 0.0 -1.0 -1.0 -1.0 0.0 0.3280810966167925 0.3193272298049308 0.35259167357827664
9 989.0 0.0 -1.0 -1.0 -1.0 0.0 0.33614497424686607 0.32277954693508065 0.3410754788180532
9 990.0 0.0 -1.0 -1.0 -1.0 0.0 0.3556483998106444 0.2922782188238462 0.3520733813655095
9 991.0 0.0 -1.0 -1.0 -1.0 0.0 0.36277974432770643 0.30322854035572855 0.3339917153165652
9 992.0 0.0 -1.0 -1.0 -1.0 0.0 0.36762558848148236 0.28199350164555803 0.3503809098729596
9 993.0 0.0 -1.0 -1.0 -1.0 0.0 0.369290892066249 0.3072008174818697 0.3235082904518813
9 994.0 0.0 -1.0 -1.0 -1.0 0.0 0.3536550716811211 0.32278156966852706 0.32356335865035196
9 995.0 0.0 -1.0 -1.0 -1.0 0.0 0.34694338705954303 0.3061721994807405 0.34688441345971677
9 996.0 0.0 -1.0 -1.0 -1.0 0.0 0.3368759014601438 0.3065968224202558 0.3565272761196007
9 997.0 0.0 -1.0 -1.0 -1.0 0.0 0.34335271016731034 0.3160604790605384 0.3405868107721515
9 998.0 0.0 -1.0 -1.0 -1.0 0.0 0.3408600072770138 0.3132723737253483 0.34586761899763774
9 999.0 0.0 -1.0 -1.0 -1.0 0.0 0.31616329462647086 0.3288749044862047 0.3549618008873244
9 1000.0 0.0 -1.0 -1.0 -1.0 0.0 0.31911235964461243 0.3108303639223485 0.37005727643303893
1000000000000000000000000000000000000000000000000000000000000000000000000000000000000000000000000000
-1.0
solo con 1: -100.0
