9 0.0 44.0 -40.0 -165.0 -95.37 49.46555887839048 0.3333333333333333 0.3333333333333333 0.3333333333333333
9 1.0 18.0 -39.0 -165.0 -79.49 46.290583068352916 0.3054646687692448 0.3127162451291639 0.3818190861015912
9 2.0 58.0 -34.0 -165.0 -64.48 38.99222403702481 0.29493866759593873 0.248359854945075 0.45670147745898615
9 3.0 37.0 -27.0 -164.0 -58.33 36.352665137872116 0.2702565512650334 0.21171197789192508 0.5180314708430415
9 4.0 37.0 -27.0 -164.0 -51.96 31.736261642328046 0.2321595875854447 0.1948672126961317 0.5729731997184238
9 5.0 51.0 -26.0 -154.0 -43.77 24.835968946979964 0.23279145521337438 0.15478729483743786 0.612421249949188
9 6.0 20.0 -26.0 -154.0 -37.39 17.194605097077527 0.21514484108822374 0.1389117902909239 0.6459433686208526
9 7.0 15.0 -24.0 -154.0 -34.31 17.569886427945654 0.19914762836632144 0.13044130167686557 0.6704110699568129
9 8.0 41.0 -22.0 -58.0 -29.61 6.591845283562429 0.16857403207475452 0.1285553381542042 0.7028706297710414
9 9.0 41.0 -21.0 -52.0 -27.07 5.331922161790618 0.14256232930639237 0.1196950061025955 0.7377426645910126
9 10.0 76.0 -20.0 -41.0 -24.84 3.7273761995984973 0.13466063610789353 0.11243082235399805 0.7529085415381086
9 11.0 55.0 -18.0 -41.0 -23.1 3.61953175162342 0.12440285938087844 0.10251640818691099 0.7730807324322104
9 12.0 52.0 -17.0 -41.0 -21.66 3.085384248289985 0.11931562576610638 0.1046353011196894 0.7760490731142042
9 13.0 5.0 -17.0 -27.0 -19.74 1.920753219258771 0.11734351129625951 0.10001159639526508 0.7826448923084758
9 14.0 31.0 -15.0 -26.0 -18.24 1.7003861712308561 0.11168513227960712 0.08588902975327178 0.802425837967121
9 15.0 38.0 -14.0 -26.0 -17.05 1.635311109312972 0.12013575586001704 0.07661041156938662 0.8032538325705962
9 16.0 12.0 -12.0 -24.0 -15.52 1.5536207303384486 0.11045339596585112 0.07055189854935043 0.8189947054847988
9 17.0 56.0 -10.0 -19.0 -14.13 1.2525126261989856 0.11928106771685439 0.08628546864294756 0.7944334636401978
9 18.0 12.0 -9.0 -18.0 -13.08 1.2687383377580148 0.1177491137157956 0.09073019591619765 0.7915206903680071
9 19.0 12.0 -9.0 -16.0 -12.05 1.4310764472870756 0.12770010108037685 0.07725256639430646 0.7950473325253171
9 20.0 12.0 -7.0 -14.0 -10.41 1.2956414892580694 0.11022637403545915 0.07766347222666255 0.8121101537378783
9 21.0 24.0 -6.0 -13.0 -9.11 1.4205917105490973 0.11468954124923053 0.09624265681474775 0.789067801936022
9 22.0 95.0 -5.0 -13.0 -7.69 1.3758009604693129 0.11708331109765725 0.0964342664848643 0.7864824224174788
9 23.0 8.0 -5.0 -13.0 -6.82 1.4169251101158342 0.12432545807332392 0.08852236002443689 0.7871521819022393
9 24.0 17.0 -4.0 -12.0 -5.7 1.0777829844714388 0.12057977514720401 0.08836950620954577 0.7910507186432509
9 25.0 49.0 -3.0 -12.0 -4.96 1.1363595959524126 0.1199298962391225 0.09938374916006648 0.7806863546008109
9 26.0 7.0 -3.0 -12.0 -4.31 1.1254179919326222 0.12406486795496117 0.10955797089618559 0.7663771611488537
9 27.0 7.0 -2.0 -7.0 -3.6 0.7913675671030659 0.1299671873883017 0.10026340382318585 0.7697694087885124
9 28.0 7.0 -2.0 -5.0 -3.04 0.6016811464722842 0.14740418851826834 0.10981244783404476 0.7427833636476866
9 29.0 19.0 -1.0 -5.0 -2.59 0.6830561152391926 0.165524789661412 0.13741173414266838 0.6970634761959194
9 30.0 5.0 -1.0 -5.0 -2.07 0.6236905474591533 0.1730009699241195 0.14019622988285588 0.6868028001930243
9 31.0 2.0 -1.0 -5.0 -1.7 0.703526470681449 0.1750589249653995 0.17227033519550672 0.652670739839094
9 32.0 0.0 -1.0 -5.0 -1.35 0.6415731927193983 0.18705367843537057 0.17606182623429031 0.6368844953303391
9 33.0 0.0 -1.0 -5.0 -1.18 0.5574110428643032 0.18314521080136703 0.19369140571475726 0.6231633834838756
9 34.0 0.0 -1.0 -5.0 -1.09 0.47343575503062013 0.22324917066299985 0.2217198631610021 0.5550309661759982
9 35.0 0.0 -1.0 -5.0 -1.05 0.4113294533484313 0.24943440030414232 0.24740703086878255 0.503158568827075
9 36.0 0.0 -1.0 -5.0 -1.05 0.4113294533484313 0.25519200436113265 0.27467534037130154 0.47013265526756565
9 37.0 0.0 -1.0 -5.0 -1.05 0.4113294533484313 0.30133197923457766 0.2743232179660363 0.424344802799386
9 38.0 0.0 -1.0 -5.0 -1.05 0.4113294533484313 0.3089030684636256 0.2698011662799293 0.421295765256445
9 39.0 0.0 -1.0 -2.0 -1.01 0.09999999999999996 0.32034308842737685 0.2764863993747954 0.40317051219782785
9 40.0 0.0 -1.0 -1.0 -1.0 0.0 0.3011643910631031 0.3007354199611878 0.3981001889757092
9 41.0 0.0 -1.0 -1.0 -1.0 0.0 0.3362231771032748 0.29660050130646737 0.367176321590258
9 42.0 0.0 -1.0 -1.0 -1.0 0.0 0.3367207669681423 0.3014305143384642 0.3618487186933939
9 43.0 0.0 -1.0 -1.0 -1.0 0.0 0.3372602821379577 0.2916250232030098 0.3711146946590326
9 44.0 0.0 -1.0 -1.0 -1.0 0.0 0.3602097499847581 0.2771261262207446 0.36266412379449753
9 45.0 0.0 -1.0 -1.0 -1.0 0.0 0.37721081416780167 0.2677126004208564 0.35507658541134196
9 46.0 0.0 -1.0 -1.0 -1.0 0.0 0.36744874266025174 0.28045917465295006 0.3520920826867983
9 47.0 0.0 -1.0 -1.0 -1.0 0.0 0.3651974171808948 0.3050161629179213 0.3297864199011839
9 48.0 0.0 -1.0 -1.0 -1.0 0.0 0.3503764913072179 0.3019130293717418 0.3477104793210405
9 49.0 0.0 -1.0 -1.0 -1.0 0.0 0.32046593326772327 0.29855649211335084 0.38097757461892556
9 50.0 0.0 -1.0 -1.0 -1.0 0.0 0.2871685364715136 0.3319513315925523 0.38088013193593445
9 51.0 0.0 -1.0 -1.0 -1.0 0.0 0.289333522039458 0.3189404692173357 0.39172600874320623
9 52.0 0.0 -1.0 -1.0 -1.0 0.0 0.3145899521259449 0.31114542952474733 0.3742646183493077
9 53.0 0.0 -1.0 -1.0 -1.0 0.0 0.32652668469791957 0.3035038421818216 0.3699694731202592
9 54.0 0.0 -1.0 -1.0 -1.0 0.0 0.34170267509493685 0.3116870327114016 0.3466102921936614
9 55.0 0.0 -1.0 -1.0 -1.0 0.0 0.35895910693747174 0.30126774279236485 0.33977315027016347
9 56.0 0.0 -1.0 -1.0 -1.0 0.0 0.3733125674865063 0.29353520644863307 0.3331522260648605
9 57.0 0.0 -1.0 -1.0 -1.0 0.0 0.3625424305218968 0.28730507285517537 0.35015249662292774
9 58.0 0.0 -1.0 -1.0 -1.0 0.0 0.36974312472638815 0.285054119889052 0.34520275538455997
9 59.0 0.0 -1.0 -1.0 -1.0 0.0 0.3764245289586664 0.2904288515644836 0.33314661947685004
9 60.0 0.0 -1.0 -1.0 -1.0 0.0 0.3851799086917365 0.3009518589239363 0.313868232384327
9 61.0 0.0 -1.0 -1.0 -1.0 0.0 0.3647588908332765 0.2891839550250779 0.34605715414164573
9 62.0 0.0 -1.0 -1.0 -1.0 0.0 0.34993549656757167 0.30339448619321435 0.3466700172392141
9 63.0 0.0 -1.0 -1.0 -1.0 0.0 0.37319206771827984 0.31125322268417854 0.31555470959754145
9 64.0 0.0 -1.0 -1.0 -1.0 0.0 0.3903806859547095 0.27505924729487286 0.33456006675041755
9 65.0 0.0 -1.0 -1.0 -1.0 0.0 0.3844613416068342 0.27755037100722196 0.33798828738594383
9 66.0 0.0 -1.0 -1.0 -1.0 0.0 0.3963670176696915 0.28230072464877404 0.3213322576815344
9 67.0 0.0 -1.0 -1.0 -1.0 0.0 0.3988591103575129 0.2764807790964791 0.32466011054600813
9 68.0 0.0 -1.0 -1.0 -1.0 0.0 0.4028460053245629 0.2725956284868668 0.3245583661885704
9 69.0 0.0 -1.0 -1.0 -1.0 0.0 0.37130167556046556 0.29181582294418607 0.33688250149534854
9 70.0 0.0 -1.0 -1.0 -1.0 0.0 0.3525582424023904 0.3094937622290541 0.3379479953685556
9 71.0 0.0 -1.0 -1.0 -1.0 0.0 0.362942347522533 0.2919538359432556 0.3451038165342111
9 72.0 0.0 -1.0 -1.0 -1.0 0.0 0.3375149846308138 0.29699800420543954 0.3654870111637468
9 73.0 0.0 -1.0 -1.0 -1.0 0.0 0.31585716581759926 0.30191630764902366 0.38222652653337713
9 74.0 0.0 -1.0 -1.0 -1.0 0.0 0.30452150127158434 0.30477625853415274 0.39070224019426314
9 75.0 0.0 -1.0 -1.0 -1.0 0.0 0.30536770819854303 0.299909842840252 0.39472244896120495
9 76.0 0.0 -1.0 -1.0 -1.0 0.0 0.2978412303687247 0.3123618102699146 0.3897969593613606
9 77.0 0.0 -1.0 -1.0 -1.0 0.0 0.3039511023652982 0.3224137247845361 0.37363517285016556
9 78.0 0.0 -1.0 -1.0 -1.0 0.0 0.3203975786953785 0.33027763254132353 0.3493247887632981
9 79.0 0.0 -1.0 -1.0 -1.0 0.0 0.29426679710143633 0.3474819154552085 0.3582512874433551
9 80.0 0.0 -1.0 -1.0 -1.0 0.0 0.34243764065815613 0.31603418669105654 0.3415281726507874
9 81.0 0.0 -1.0 -1.0 -1.0 0.0 0.3330558792780711 0.3522840118021633 0.31466010891976554
9 82.0 0.0 -1.0 -1.0 -1.0 0.0 0.3427573711051351 0.3438472390443569 0.3133953898505083
9 83.0 0.0 -1.0 -1.0 -1.0 0.0 0.33057150211425146 0.3531415678564043 0.31628693002934427
9 84.0 0.0 -1.0 -1.0 -1.0 0.0 0.32625461370288805 0.3503010073393562 0.3234443789577559
9 85.0 0.0 -1.0 -1.0 -1.0 0.0 0.3267422500704128 0.3680179584865688 0.3052397914430183
9 86.0 0.0 -1.0 -1.0 -1.0 0.0 0.31128085717989645 0.36192168480865805 0.3267974580114455
9 87.0 0.0 -1.0 -1.0 -1.0 0.0 0.3025958735302546 0.3303683901094615 0.367035736360284
9 88.0 0.0 -1.0 -1.0 -1.0 0.0 0.3038558071836994 0.35296521738631226 0.3431789754299882
9 89.0 0.0 -1.0 -1.0 -1.0 0.0 0.3235104621698146 0.33362593226826703 0.34286360556191847
9 90.0 0.0 -1.0 -1.0 -1.0 0.0 0.344231449615615 0.3144029558446088 0.3413655945397761
9 91.0 0.0 -1.0 -1.0 -1.0 0.0 0.3407361063958452 0.3354107012293834 0.32385319237477117
9 92.0 0.0 -1.0 -1.0 -1.0 0.0 0.3419824204239113 0.3391411035499072 0.31887647602618124
9 93.0 0.0 -1.0 -1.0 -1.0 0.0 0.3319712811314919 0.3271318170870223 0.3408969017814858
9 94.0 0.0 -1.0 -1.0 -1.0 0.0 0.32623939428302917 0.30819281443169877 0.3655677912852717
9 95.0 0.0 -1.0 -1.0 -1.0 0.0 0.31511686980523196 0.32792477117319563 0.35695835902157247
9 96.0 0.0 -1.0 -1.0 -1.0 0.0 0.30576527124388436 0.3255784193136108 0.3686563094425048
9 97.0 0.0 -1.0 -1.0 -1.0 0.0 0.2904900839327238 0.3486118183751817 0.3608980976920947
9 98.0 0.0 -1.0 -1.0 -1.0 0.0 0.3058852588448194 0.36253215913104975 0.3315825820241309
9 99.0 0.0 -1.0 -1.0 -1.0 0.0 0.30755998008662266 0.366056107287687 0.3263839126256903
9 100.0 0.0 -1.0 -1.0 -1.0 0.0 0.30079664023086033 0.38727220459327655 0.31193115517586323
9 101.0 0.0 -1.0 -1.0 -1.0 0.0 0.30299193561047016 0.3477700103769512 0.3492380540125787
9 102.0 0.0 -1.0 -1.0 -1.0 0.0 0.32558016422781627 0.3312462364479266 0.3431735993242572
9 103.0 0.0 -1.0 -1.0 -1.0 0.0 0.2902508427483536 0.3563295465057412 0.35341961074590567
9 104.0 0.0 -1.0 -1.0 -1.0 0.0 0.3073254759215391 0.36559745334088556 0.3270770707375754
9 105.0 0.0 -1.0 -1.0 -1.0 0.0 0.28800097879031483 0.3762393495050578 0.33575967170462756
9 106.0 0.0 -1.0 -1.0 -1.0 0.0 0.3138790899934374 0.3296074528463764 0.35651345716018684
9 107.0 0.0 -1.0 -1.0 -1.0 0.0 0.33300786451074255 0.3238478938298649 0.34314424165939295
9 108.0 0.0 -1.0 -1.0 -1.0 0.0 0.3204515520476893 0.3289765394158821 0.3505719085364284
9 109.0 0.0 -1.0 -1.0 -1.0 0.0 0.2916531228188632 0.3435767782876065 0.3647700988935303
9 110.0 0.0 -1.0 -1.0 -1.0 0.0 0.2836162637140152 0.3590073683065855 0.3573763679793992
9 111.0 0.0 -1.0 -1.0 -1.0 0.0 0.3023489256935045 0.35140266291256017 0.3462484113939352
9 112.0 0.0 -1.0 -1.0 -1.0 0.0 0.2984415012730844 0.3578345980402927 0.34372390068662306
9 113.0 0.0 -1.0 -1.0 -1.0 0.0 0.3135936402875631 0.3286965056722898 0.3577098540401472
9 114.0 0.0 -1.0 -1.0 -1.0 0.0 0.31207056046975923 0.35800549223846434 0.3299239472917765
9 115.0 0.0 -1.0 -1.0 -1.0 0.0 0.3443932030397449 0.32221666593816223 0.3333901310220928
9 116.0 0.0 -1.0 -1.0 -1.0 0.0 0.3257695385259506 0.3619152737966509 0.31231518767739863
9 117.0 0.0 -1.0 -1.0 -1.0 0.0 0.3409253268079414 0.3401432858564977 0.3189313873355607
9 118.0 0.0 -1.0 -1.0 -1.0 0.0 0.34378481301474406 0.3154739751740015 0.34074121181125433
9 119.0 0.0 -1.0 -1.0 -1.0 0.0 0.3433502270064398 0.30448001325917123 0.3521697597343888
9 120.0 0.0 -1.0 -1.0 -1.0 0.0 0.3790527430688612 0.300677874518982 0.32026938241215697
9 121.0 0.0 -1.0 -1.0 -1.0 0.0 0.36988365695183434 0.3375643246138409 0.29255201843432477
9 122.0 0.0 -1.0 -1.0 -1.0 0.0 0.36325797361065226 0.3193205360685508 0.31742149032079675
9 123.0 0.0 -1.0 -1.0 -1.0 0.0 0.33634130328131095 0.33605909885866053 0.3275995978600284
9 124.0 0.0 -1.0 -1.0 -1.0 0.0 0.31855065733659144 0.3479261659104349 0.333523176752974
9 125.0 0.0 -1.0 -1.0 -1.0 0.0 0.33085500679193425 0.35472828623908403 0.31441670696898166
9 126.0 0.0 -1.0 -1.0 -1.0 0.0 0.32244203282882067 0.3310407212161084 0.346517245955071
9 127.0 0.0 -1.0 -1.0 -1.0 0.0 0.33647816404633196 0.30614892410710054 0.35737291184656717
9 128.0 0.0 -1.0 -1.0 -1.0 0.0 0.3291373030949964 0.3034511971805188 0.36741149972448445
9 129.0 0.0 -1.0 -1.0 -1.0 0.0 0.3386687760451903 0.30279399147568886 0.3585372324791208
9 130.0 0.0 -1.0 -1.0 -1.0 0.0 0.35534442672100125 0.29815207681372585 0.34650349646527284
9 131.0 0.0 -1.0 -1.0 -1.0 0.0 0.35798688676707385 0.3095422728476873 0.3324708403852387
9 132.0 0.0 -1.0 -1.0 -1.0 0.0 0.3504499639671249 0.3240767159930486 0.3254733200398264
9 133.0 0.0 -1.0 -1.0 -1.0 0.0 0.34386472122541667 0.3092224349902097 0.3469128437843736
9 134.0 0.0 -1.0 -1.0 -1.0 0.0 0.29264788394348584 0.33645092434298113 0.37090119171353314
9 135.0 0.0 -1.0 -1.0 -1.0 0.0 0.29566379133329557 0.30874670503746904 0.3955895036292354
9 136.0 0.0 -1.0 -1.0 -1.0 0.0 0.3074012977660077 0.2980792901019025 0.39451941213208985
9 137.0 0.0 -1.0 -1.0 -1.0 0.0 0.31517708092966307 0.3048719762392303 0.3799509428311068
9 138.0 0.0 -1.0 -1.0 -1.0 0.0 0.33438445890244933 0.3132890430106191 0.3523264980869319
9 139.0 0.0 -1.0 -1.0 -1.0 0.0 0.33326013289463746 0.3213661105011205 0.3453737566042418
9 140.0 0.0 -1.0 -1.0 -1.0 0.0 0.3427978881063554 0.32895574201911165 0.32824636987453265
9 141.0 0.0 -1.0 -1.0 -1.0 0.0 0.34749979170321876 0.3391814190696189 0.3133187892271621
9 142.0 0.0 -1.0 -1.0 -1.0 0.0 0.3298632693354836 0.3459994432413762 0.32413728742314013
9 143.0 0.0 -1.0 -1.0 -1.0 0.0 0.3444959891590614 0.3514423536072268 0.3040616572337116
9 144.0 0.0 -1.0 -1.0 -1.0 0.0 0.3648463959069207 0.31381150003818986 0.3213421040548893
9 145.0 0.0 -1.0 -1.0 -1.0 0.0 0.389947082435188 0.31249056285369703 0.29756235471111475
9 146.0 0.0 -1.0 -1.0 -1.0 0.0 0.4029123855131427 0.31653172571354327 0.28055588877331417
9 147.0 0.0 -1.0 -1.0 -1.0 0.0 0.3694757633477154 0.32820098205935133 0.30232325459293347
9 148.0 0.0 -1.0 -1.0 -1.0 0.0 0.3895488823297738 0.29006700080288395 0.3203841168673423
9 149.0 0.0 -1.0 -1.0 -1.0 0.0 0.38065326128924587 0.31377194832512667 0.3055747903856274
9 150.0 0.0 -1.0 -1.0 -1.0 0.0 0.36792301577946596 0.311001336458377 0.3210756477621572
9 151.0 0.0 -1.0 -1.0 -1.0 0.0 0.3565778455232414 0.3202066385618905 0.3232155159148681
9 152.0 0.0 -1.0 -1.0 -1.0 0.0 0.3534983782170712 0.3034380652066331 0.34306355657629567
9 153.0 0.0 -1.0 -1.0 -1.0 0.0 0.3676710202592634 0.29281191373301607 0.3395170660077207
9 154.0 0.0 -1.0 -1.0 -1.0 0.0 0.3379395813642986 0.30025028471582005 0.36181013391988154
9 155.0 0.0 -1.0 -1.0 -1.0 0.0 0.34417867967866544 0.3167967536356678 0.3390245666856668
9 156.0 0.0 -1.0 -1.0 -1.0 0.0 0.3383427212045014 0.3129175821136082 0.3487396966818905
9 157.0 0.0 -1.0 -1.0 -1.0 0.0 0.33951170141554504 0.3101015155228023 0.35038678306165283
9 158.0 0.0 -1.0 -1.0 -1.0 0.0 0.3694743049097841 0.2861704210317976 0.34435527405841815
9 159.0 0.0 -1.0 -1.0 -1.0 0.0 0.3730115974507883 0.28627025927217675 0.340718143277035
9 160.0 0.0 -1.0 -1.0 -1.0 0.0 0.34150345313865704 0.3105818683573373 0.3479146785040061
9 161.0 0.0 -1.0 -1.0 -1.0 0.0 0.36006554549562253 0.30000524373196713 0.33992921077241034
9 162.0 0.0 -1.0 -1.0 -1.0 0.0 0.3521062858824879 0.30572214085766064 0.3421715732598512
9 163.0 0.0 -1.0 -1.0 -1.0 0.0 0.34059906624206976 0.313071391147544 0.34632954261038634
9 164.0 0.0 -1.0 -1.0 -1.0 0.0 0.3413468024937964 0.31652369567407884 0.34212950183212454
9 165.0 0.0 -1.0 -1.0 -1.0 0.0 0.36577342956618986 0.3098140552415923 0.3244125151922179
9 166.0 0.0 -1.0 -1.0 -1.0 0.0 0.3720384242661611 0.32505382547979556 0.3029077502540433
9 167.0 0.0 -1.0 -1.0 -1.0 0.0 0.3616694785195437 0.3482389517794119 0.2900915697010445
9 168.0 0.0 -1.0 -1.0 -1.0 0.0 0.3822117948423198 0.33492054435779217 0.2828676607998882
9 169.0 0.0 -1.0 -1.0 -1.0 0.0 0.36457688822600914 0.3196891086711798 0.31573400310281136
9 170.0 0.0 -1.0 -1.0 -1.0 0.0 0.3261898702807201 0.34123008801979343 0.3325800416994862
9 171.0 0.0 -1.0 -1.0 -1.0 0.0 0.3449776049682255 0.3193549110839835 0.33566748394779083
9 172.0 0.0 -1.0 -1.0 -1.0 0.0 0.3549154128406286 0.30027915163115526 0.3448054355282164
9 173.0 0.0 -1.0 -1.0 -1.0 0.0 0.36558077291071606 0.2611145119850374 0.37330471510424634
9 174.0 0.0 -1.0 -1.0 -1.0 0.0 0.35256211944869575 0.2857687541095032 0.3616691264418011
9 175.0 0.0 -1.0 -1.0 -1.0 0.0 0.3718409911928226 0.30615573600237816 0.32200327280479923
9 176.0 0.0 -1.0 -1.0 -1.0 0.0 0.3564123991833415 0.3010905058861294 0.3424970949305291
9 177.0 0.0 -1.0 -1.0 -1.0 0.0 0.32853311146566483 0.3335919452665986 0.3378749432677365
9 178.0 0.0 -1.0 -1.0 -1.0 0.0 0.3569405748222146 0.3047196536302341 0.3383397715475514
9 179.0 0.0 -1.0 -1.0 -1.0 0.0 0.37698538537876014 0.29331468017825235 0.3296999344429877
9 180.0 0.0 -1.0 -1.0 -1.0 0.0 0.35784807332495594 0.3197964705349274 0.32235545614011657
9 181.0 0.0 -1.0 -1.0 -1.0 0.0 0.3688377873389598 0.32366629213886383 0.3074959205221762
9 182.0 0.0 -1.0 -1.0 -1.0 0.0 0.3559465736683115 0.31286554519863286 0.3311878811330555
9 183.0 0.0 -1.0 -1.0 -1.0 0.0 0.3651683703886252 0.32180396624782953 0.3130276633635453
9 184.0 0.0 -1.0 -1.0 -1.0 0.0 0.3697079353909309 0.326876414491526 0.30341565011754335
9 185.0 0.0 -1.0 -1.0 -1.0 0.0 0.34831295402603524 0.3206664807946929 0.33102056517927186
9 186.0 0.0 -1.0 -1.0 -1.0 0.0 0.33762607186787463 0.3149637593928698 0.3474101687392557
9 187.0 0.0 -1.0 -1.0 -1.0 0.0 0.33783664540576475 0.3103996179800028 0.3517637366142322
9 188.0 0.0 -1.0 -1.0 -1.0 0.0 0.3566626692308691 0.31884308045898835 0.32449425031014273
9 189.0 0.0 -1.0 -1.0 -1.0 0.0 0.3356189029667678 0.317880329664042 0.34650076736919017
9 190.0 0.0 -1.0 -1.0 -1.0 0.0 0.35176477353325225 0.3380554044112552 0.3101798220554926
9 191.0 0.0 -1.0 -1.0 -1.0 0.0 0.33758602561196804 0.3408232742758343 0.32159070011219776
9 192.0 0.0 -1.0 -1.0 -1.0 0.0 0.3075604092217187 0.3401314501690243 0.3523081406092571
9 193.0 0.0 -1.0 -1.0 -1.0 0.0 0.3262732266712088 0.32945403126316053 0.3442727420656309
9 194.0 0.0 -1.0 -1.0 -1.0 0.0 0.34448402614313894 0.3281930105526042 0.32732296330425703
9 195.0 0.0 -1.0 -1.0 -1.0 0.0 0.3389357240881132 0.3261227777793352 0.33494149813255136
9 196.0 0.0 -1.0 -1.0 -1.0 0.0 0.3361691763135016 0.3166201092921245 0.34721071439437373
9 197.0 0.0 -1.0 -1.0 -1.0 0.0 0.3340847375164817 0.3271170284564945 0.3387982340270239
9 198.0 0.0 -1.0 -1.0 -1.0 0.0 0.34899336504964373 0.3122541338811757 0.3387525010691806
9 199.0 0.0 -1.0 -1.0 -1.0 0.0 0.36770293927653985 0.32372037148917393 0.308576689234286
9 200.0 0.0 -1.0 -1.0 -1.0 0.0 0.38609598098813946 0.3155505797946597 0.29835343921720076
9 201.0 0.0 -1.0 -1.0 -1.0 0.0 0.40261989747761606 0.3155071695098445 0.2818729330125393
9 202.0 0.0 -1.0 -1.0 -1.0 0.0 0.40010905950113296 0.31000576559871507 0.2898851749001519
9 203.0 0.0 -1.0 -1.0 -1.0 0.0 0.37598787747582285 0.31663758758382043 0.3073745349403566
9 204.0 0.0 -1.0 -1.0 -1.0 0.0 0.38083443284810214 0.3026623171365315 0.3165032500153662
9 205.0 0.0 -1.0 -1.0 -1.0 0.0 0.3368217063261151 0.31773557024541715 0.3454427234284678
9 206.0 0.0 -1.0 -1.0 -1.0 0.0 0.33286256765488353 0.33631632582651333 0.330821106518603
9 207.0 0.0 -1.0 -1.0 -1.0 0.0 0.3211058036175502 0.3528780758537883 0.32601612052866147
9 208.0 0.0 -1.0 -1.0 -1.0 0.0 0.3072214108414935 0.32756986850826714 0.3652087206502393
9 209.0 0.0 -1.0 -1.0 -1.0 0.0 0.31799548557841073 0.30624245221109386 0.3757620622104952
9 210.0 0.0 -1.0 -1.0 -1.0 0.0 0.3357854661421276 0.28599531453668897 0.3782192193211834
9 211.0 0.0 -1.0 -1.0 -1.0 0.0 0.3476646968756383 0.29598996115974324 0.3563453419646184
9 212.0 0.0 -1.0 -1.0 -1.0 0.0 0.3358914454504189 0.2971233871065182 0.3669851674430627
9 213.0 0.0 -1.0 -1.0 -1.0 0.0 0.3335825377195584 0.31684911764707324 0.34956834463336844
9 214.0 0.0 -1.0 -1.0 -1.0 0.0 0.32479155523610825 0.30351746163896015 0.3716909831249316
9 215.0 0.0 -1.0 -1.0 -1.0 0.0 0.3403331772472152 0.29580098974114943 0.3638658330116351
9 216.0 0.0 -1.0 -1.0 -1.0 0.0 0.37730569557003335 0.2914625764709231 0.3312317279590436
9 217.0 0.0 -1.0 -1.0 -1.0 0.0 0.3556524244105825 0.30124291076946397 0.34310466481995333
9 218.0 0.0 -1.0 -1.0 -1.0 0.0 0.30264915449444446 0.3276474951511934 0.36970335035436236
9 219.0 0.0 -1.0 -1.0 -1.0 0.0 0.29773513406159624 0.3302822389743105 0.37198262696409345
9 220.0 0.0 -1.0 -1.0 -1.0 0.0 0.31446090269076626 0.31421505534913896 0.3713240419600947
9 221.0 0.0 -1.0 -1.0 -1.0 0.0 0.3046073613070606 0.3162258035783733 0.37916683511456595
9 222.0 0.0 -1.0 -1.0 -1.0 0.0 0.3105362030200692 0.3127621398684073 0.3767016571115237
9 223.0 0.0 -1.0 -1.0 -1.0 0.0 0.2887146776610185 0.33135675652716295 0.37992856581181866
9 224.0 0.0 -1.0 -1.0 -1.0 0.0 0.3350255547583368 0.319789839920344 0.3451846053213196
9 225.0 0.0 -1.0 -1.0 -1.0 0.0 0.3331146954110207 0.31880372429304427 0.34808158029593517
9 226.0 0.0 -1.0 -1.0 -1.0 0.0 0.3314234882813512 0.352418200429876 0.31615831128877286
9 227.0 0.0 -1.0 -1.0 -1.0 0.0 0.36379197761064397 0.3131689362645948 0.32303908612476134
9 228.0 0.0 -1.0 -1.0 -1.0 0.0 0.34942496955827684 0.32878365904301154 0.32179137139871167
9 229.0 0.0 -1.0 -1.0 -1.0 0.0 0.348126450749868 0.33534318817500663 0.3165303610751255
9 230.0 0.0 -1.0 -1.0 -1.0 0.0 0.35285510600926023 0.3668108293237825 0.2803340646669572
9 231.0 0.0 -1.0 -1.0 -1.0 0.0 0.34986797089356997 0.366197469939122 0.28393455916730803
9 232.0 0.0 -1.0 -1.0 -1.0 0.0 0.3410816737723092 0.3499398025255377 0.3089785237021532
9 233.0 0.0 -1.0 -1.0 -1.0 0.0 0.327716285868444 0.35066378185272673 0.3216199322788293
9 234.0 0.0 -1.0 -1.0 -1.0 0.0 0.33557541921892825 0.3484169612480166 0.3160076195330553
9 235.0 0.0 -1.0 -1.0 -1.0 0.0 0.3238966656524539 0.35467464736892884 0.32142868697861715
9 236.0 0.0 -1.0 -1.0 -1.0 0.0 0.29702509519093395 0.36956510581793856 0.33340979899112744
9 237.0 0.0 -1.0 -1.0 -1.0 0.0 0.32061888051701987 0.3495790312403728 0.32980208824260765
9 238.0 0.0 -1.0 -1.0 -1.0 0.0 0.3351544280170209 0.31976826287054894 0.34507730911243023
9 239.0 0.0 -1.0 -1.0 -1.0 0.0 0.32123135971404737 0.32850486669970225 0.35026377358625027
9 240.0 0.0 -1.0 -1.0 -1.0 0.0 0.31960804972306195 0.31303230803941273 0.36735964223752526
9 241.0 0.0 -1.0 -1.0 -1.0 0.0 0.31809122046002486 0.33714816321536956 0.3447606163246056
9 242.0 0.0 -1.0 -1.0 -1.0 0.0 0.34433385983082215 0.3435163606114963 0.31214977955768136
9 243.0 0.0 -1.0 -1.0 -1.0 0.0 0.3489250869569807 0.33292102258466444 0.318153890458355
9 244.0 0.0 -1.0 -1.0 -1.0 0.0 0.33071617853577934 0.34021773553245616 0.32906608593176456
9 245.0 0.0 -1.0 -1.0 -1.0 0.0 0.31226611508247576 0.3486248472413236 0.33910903767620054
9 246.0 0.0 -1.0 -1.0 -1.0 0.0 0.3272642431214633 0.32650539248027394 0.34623036439826277
9 247.0 0.0 -1.0 -1.0 -1.0 0.0 0.33819106972298163 0.3240152543140102 0.3377936759630083
9 248.0 0.0 -1.0 -1.0 -1.0 0.0 0.3501755943949878 0.331859365735665 0.3179650398693471
9 249.0 0.0 -1.0 -1.0 -1.0 0.0 0.34145185066936923 0.3183294032842454 0.34021874604638536
9 250.0 0.0 -1.0 -1.0 -1.0 0.0 0.3663114924855803 0.3337092695945262 0.2999792379198935
9 251.0 0.0 -1.0 -1.0 -1.0 0.0 0.3626602538958687 0.34215326834750714 0.2951864777566243
9 252.0 0.0 -1.0 -1.0 -1.0 0.0 0.35799052767090245 0.3308925624945686 0.31111690983452883
9 253.0 0.0 -1.0 -1.0 -1.0 0.0 0.3548235931541526 0.3159547267120926 0.32922168013375525
9 254.0 0.0 -1.0 -1.0 -1.0 0.0 0.3345063113233099 0.33677763322638266 0.32871605545030713
9 255.0 0.0 -1.0 -1.0 -1.0 0.0 0.3163416833484259 0.35634459673914515 0.32731371991242886
9 256.0 0.0 -1.0 -1.0 -1.0 0.0 0.29449725485204853 0.3672258339225158 0.3382769112254354
9 257.0 0.0 -1.0 -1.0 -1.0 0.0 0.2959535350332988 0.3706223978545855 0.3334240671121156
9 258.0 0.0 -1.0 -1.0 -1.0 0.0 0.29710589583503794 0.356463025212208 0.346431078952754
9 259.0 0.0 -1.0 -1.0 -1.0 0.0 0.2657103411812314 0.3549402354305975 0.37934942338817107
9 260.0 0.0 -1.0 -1.0 -1.0 0.0 0.2923241263183967 0.34131979900204423 0.3663560746795592
9 261.0 0.0 -1.0 -1.0 -1.0 0.0 0.2758806648922014 0.3601000459574466 0.3640192891503521
9 262.0 0.0 -1.0 -1.0 -1.0 0.0 0.29909108205533547 0.34913472662797884 0.351774191316686
9 263.0 0.0 -1.0 -1.0 -1.0 0.0 0.3026939694699584 0.3717912199402016 0.32551481058984
9 264.0 0.0 -1.0 -1.0 -1.0 0.0 0.3402675607304442 0.35263037245808726 0.3071020668114686
9 265.0 0.0 -1.0 -1.0 -1.0 0.0 0.3607922465015313 0.3144929719774464 0.3247147815210223
9 266.0 0.0 -1.0 -1.0 -1.0 0.0 0.3424183902536197 0.31627330769456585 0.34130830205181445
9 267.0 0.0 -1.0 -1.0 -1.0 0.0 0.33781873946060886 0.32846059890180285 0.33372066163758807
9 268.0 0.0 -1.0 -1.0 -1.0 0.0 0.3402134441093059 0.34514823226560426 0.3146383236250901
9 269.0 0.0 -1.0 -1.0 -1.0 0.0 0.35873174555845305 0.3377101869502716 0.30355806749127545
9 270.0 0.0 -1.0 -1.0 -1.0 0.0 0.35379966543244307 0.3427877207742365 0.30341261379332013
9 271.0 0.0 -1.0 -1.0 -1.0 0.0 0.3529353882435442 0.34472085336476604 0.30234375839168964
9 272.0 0.0 -1.0 -1.0 -1.0 0.0 0.36090085159075774 0.3530625996584849 0.28603654875075735
9 273.0 0.0 -1.0 -1.0 -1.0 0.0 0.3618701040673521 0.3197812919432938 0.3183486039893541
9 274.0 0.0 -1.0 -1.0 -1.0 0.0 0.37627368890847845 0.3099808279958081 0.31374548309571326
9 275.0 0.0 -1.0 -1.0 -1.0 0.0 0.3842097682501887 0.3021187409080557 0.3136714908417556
9 276.0 0.0 -1.0 -1.0 -1.0 0.0 0.3401131422626523 0.32510297409820693 0.33478388363914063
9 277.0 0.0 -1.0 -1.0 -1.0 0.0 0.3175092258507044 0.33656025454666855 0.34593051960262694
9 278.0 0.0 -1.0 -1.0 -1.0 0.0 0.30665095583193586 0.3529431725220033 0.34040587164606073
9 279.0 0.0 -1.0 -1.0 -1.0 0.0 0.31135453422573106 0.35184300268372515 0.33680246309054385
9 280.0 0.0 -1.0 -1.0 -1.0 0.0 0.3329071103406491 0.3130978337719993 0.3539950558873517
9 281.0 0.0 -1.0 -1.0 -1.0 0.0 0.33970719395452087 0.30498859221178387 0.35530421383369515
9 282.0 0.0 -1.0 -1.0 -1.0 0.0 0.35509921616471074 0.29714805173264863 0.34775273210264046
9 283.0 0.0 -1.0 -1.0 -1.0 0.0 0.36814099947965895 0.2747694819136525 0.3570895186066887
9 284.0 0.0 -1.0 -1.0 -1.0 0.0 0.34818457196191127 0.2862477082128771 0.36556771982521175
9 285.0 0.0 -1.0 -1.0 -1.0 0.0 0.33843502536275566 0.26275821042391373 0.3988067642133308
9 286.0 0.0 -1.0 -1.0 -1.0 0.0 0.34219369873977534 0.27995215406433915 0.3778541471958857
9 287.0 0.0 -1.0 -1.0 -1.0 0.0 0.35683142400042384 0.29576788185203445 0.3474006941475416
9 288.0 0.0 -1.0 -1.0 -1.0 0.0 0.33952794796521835 0.3384187039157873 0.32205334811899433
9 289.0 0.0 -1.0 -1.0 -1.0 0.0 0.3071769549823099 0.36330568123133733 0.3295173637863528
9 290.0 0.0 -1.0 -1.0 -1.0 0.0 0.3132639582672234 0.34772134810997885 0.33901469362279757
9 291.0 0.0 -1.0 -1.0 -1.0 0.0 0.30372384665465696 0.3539924894835414 0.34228366386180153
9 292.0 0.0 -1.0 -1.0 -1.0 0.0 0.3117469714429271 0.34203677149062117 0.3462162570664517
9 293.0 0.0 -1.0 -1.0 -1.0 0.0 0.33841334922636607 0.3329810667187665 0.32860558405486734
9 294.0 0.0 -1.0 -1.0 -1.0 0.0 0.34476101412511034 0.3318674758246538 0.32337151005023573
9 295.0 0.0 -1.0 -1.0 -1.0 0.0 0.33202334534830763 0.3322914403480289 0.33568521430366366
9 296.0 0.0 -1.0 -1.0 -1.0 0.0 0.31572161506870516 0.3339628720246995 0.3503155129065953
9 297.0 0.0 -1.0 -1.0 -1.0 0.0 0.3171283521579355 0.34658778929320233 0.3362838585488619
9 298.0 0.0 -1.0 -1.0 -1.0 0.0 0.30789497078346617 0.3607873619429672 0.33131766727356676
9 299.0 0.0 -1.0 -1.0 -1.0 0.0 0.3442318035624363 0.32775018982419274 0.32801800661337066
9 300.0 0.0 -1.0 -1.0 -1.0 0.0 0.3494584022982889 0.3302424658200705 0.32029913188164044
9 301.0 0.0 -1.0 -1.0 -1.0 0.0 0.35569721143199295 0.31871862252369165 0.3255841660443153
9 302.0 0.0 -1.0 -1.0 -1.0 0.0 0.3438633911292881 0.33366287039899784 0.322473738471714
9 303.0 0.0 -1.0 -1.0 -1.0 0.0 0.36159851530813436 0.323605521614283 0.3147959630775827
9 304.0 0.0 -1.0 -1.0 -1.0 0.0 0.37893338585842734 0.30022953656630275 0.32083707757527
9 305.0 0.0 -1.0 -1.0 -1.0 0.0 0.38770961988965075 0.2957075066832504 0.3165828734270988
9 306.0 0.0 -1.0 -1.0 -1.0 0.0 0.4003330669037527 0.2952151522398244 0.30445178085642294
9 307.0 0.0 -1.0 -1.0 -1.0 0.0 0.37446252614167974 0.31042555631278335 0.3151119175455369
9 308.0 0.0 -1.0 -1.0 -1.0 0.0 0.35636280467863707 0.3216227555924839 0.3220144397288792
9 309.0 0.0 -1.0 -1.0 -1.0 0.0 0.34366763232038045 0.30947321934899213 0.34685914833062725
9 310.0 0.0 -1.0 -1.0 -1.0 0.0 0.31107852040906486 0.3545326229341066 0.33438885665682866
9 311.0 0.0 -1.0 -1.0 -1.0 0.0 0.3194307653224831 0.3436175462337179 0.33695168844379914
9 312.0 0.0 -1.0 -1.0 -1.0 0.0 0.31117491771637273 0.3384467801865745 0.3503783020970526
9 313.0 0.0 -1.0 -1.0 -1.0 0.0 0.306286933631566 0.32632265982312847 0.36739040654530536
9 314.0 0.0 -1.0 -1.0 -1.0 0.0 0.33283239776257234 0.306874846870867 0.3602927553665606
9 315.0 0.0 -1.0 -1.0 -1.0 0.0 0.3229726721114343 0.3323901178208605 0.34463721006770515
9 316.0 0.0 -1.0 -1.0 -1.0 0.0 0.33218021198852654 0.3427387077084119 0.32508108030306154
9 317.0 0.0 -1.0 -1.0 -1.0 0.0 0.34012518154859656 0.31933235974340773 0.3405424587079956
9 318.0 0.0 -1.0 -1.0 -1.0 0.0 0.34887543995511644 0.31180486427333215 0.3393196957715515
9 319.0 0.0 -1.0 -1.0 -1.0 0.0 0.35595188458745347 0.3296976390529216 0.314350476359625
9 320.0 0.0 -1.0 -1.0 -1.0 0.0 0.3745132843938071 0.2954362464891942 0.33005046911699865
9 321.0 0.0 -1.0 -1.0 -1.0 0.0 0.35885388634042287 0.2859816490781784 0.35516446458139855
9 322.0 0.0 -1.0 -1.0 -1.0 0.0 0.3558075289535952 0.3030055466212875 0.34118692442511755
9 323.0 0.0 -1.0 -1.0 -1.0 0.0 0.3532277951864559 0.3003588110492571 0.346413393764287
9 324.0 0.0 -1.0 -1.0 -1.0 0.0 0.34126325200589713 0.30599999903171854 0.3527367489623844
9 325.0 0.0 -1.0 -1.0 -1.0 0.0 0.3173225879197253 0.3239294235469721 0.3587479885333028
9 326.0 0.0 -1.0 -1.0 -1.0 0.0 0.33281881485028975 0.34807566166404896 0.3191055234856613
9 327.0 0.0 -1.0 -1.0 -1.0 0.0 0.3469380619902075 0.33736019502629927 0.3157017429834933
9 328.0 0.0 -1.0 -1.0 -1.0 0.0 0.3602442998784649 0.31380141571370873 0.32595428440782626
9 329.0 0.0 -1.0 -1.0 -1.0 0.0 0.3237895753923978 0.33503880740584185 0.3411716172017602
9 330.0 0.0 -1.0 -1.0 -1.0 0.0 0.3389065784325977 0.32437642547993206 0.3367169960874702
9 331.0 0.0 -1.0 -1.0 -1.0 0.0 0.31194665688102635 0.346202719057626 0.34185062406134764
9 332.0 0.0 -1.0 -1.0 -1.0 0.0 0.3245529980970501 0.307814123783983 0.3676328781189669
9 333.0 0.0 -1.0 -1.0 -1.0 0.0 0.3300058729926559 0.2985036772497241 0.3714904497576199
9 334.0 0.0 -1.0 -1.0 -1.0 0.0 0.3276199343432477 0.30246415004786475 0.3699159156088876
9 335.0 0.0 -1.0 -1.0 -1.0 0.0 0.3312814979535246 0.31212024080457035 0.35659826124190525
9 336.0 0.0 -1.0 -1.0 -1.0 0.0 0.32016551789673486 0.3263123790505964 0.35352210305266885
9 337.0 0.0 -1.0 -1.0 -1.0 0.0 0.31925987846716913 0.3254691776698917 0.3552709438629389
9 338.0 0.0 -1.0 -1.0 -1.0 0.0 0.3269513637481265 0.34206382953086567 0.33098480672100794
9 339.0 0.0 -1.0 -1.0 -1.0 0.0 0.3285426908178938 0.36434917410972745 0.3071081350723785
9 340.0 0.0 -1.0 -1.0 -1.0 0.0 0.3222546563669635 0.3454010646842257 0.3323442789488108
9 341.0 0.0 -1.0 -1.0 -1.0 0.0 0.32192399275093386 0.36366155521172516 0.3144144520373409
9 342.0 0.0 -1.0 -1.0 -1.0 0.0 0.34977812080695586 0.35627655308906325 0.2939453261039808
9 343.0 0.0 -1.0 -1.0 -1.0 0.0 0.3510941370848647 0.337933634173571 0.3109722287415643
9 344.0 0.0 -1.0 -1.0 -1.0 0.0 0.34451407802968215 0.3123746400551336 0.3431112819151842
9 345.0 0.0 -1.0 -1.0 -1.0 0.0 0.3389253941078726 0.3137422826693657 0.3473323232227616
9 346.0 0.0 -1.0 -1.0 -1.0 0.0 0.3461666808015697 0.31823950254909067 0.3355938166493398
9 347.0 0.0 -1.0 -1.0 -1.0 0.0 0.3466331727125456 0.32330870286543467 0.3300581244220199
9 348.0 0.0 -1.0 -1.0 -1.0 0.0 0.33246768582085506 0.32540481306442204 0.3421275011147229
9 349.0 0.0 -1.0 -1.0 -1.0 0.0 0.29477966929104576 0.3552760810388682 0.34994424967008625
9 350.0 0.0 -1.0 -1.0 -1.0 0.0 0.2986346803905736 0.3473859685727048 0.3539793510367216
9 351.0 0.0 -1.0 -1.0 -1.0 0.0 0.32289036243803126 0.3451633971886083 0.3319462403733606
9 352.0 0.0 -1.0 -1.0 -1.0 0.0 0.3395276137751104 0.3440947428168329 0.3163776434080566
9 353.0 0.0 -1.0 -1.0 -1.0 0.0 0.3183931892234607 0.3434440157910727 0.33816279498546675
9 354.0 0.0 -1.0 -1.0 -1.0 0.0 0.2955432252059184 0.3544822478024174 0.3499745269916643
9 355.0 0.0 -1.0 -1.0 -1.0 0.0 0.3231687687046342 0.31669978146004935 0.3601314498353166
9 356.0 0.0 -1.0 -1.0 -1.0 0.0 0.3425979172943282 0.3101462107336514 0.34725587197202024
9 357.0 0.0 -1.0 -1.0 -1.0 0.0 0.3301650962546806 0.3335557047752701 0.3362791989700491
9 358.0 0.0 -1.0 -1.0 -1.0 0.0 0.33282657859716397 0.33479382282708015 0.33237959857575605
9 359.0 0.0 -1.0 -1.0 -1.0 0.0 0.3397933459438779 0.3016381465160583 0.35856850754006386
9 360.0 0.0 -1.0 -1.0 -1.0 0.0 0.33540386868559646 0.31569992134392727 0.3488962099704762
9 361.0 0.0 -1.0 -1.0 -1.0 0.0 0.33566964160385837 0.31243699094768934 0.3518933674484521
9 362.0 0.0 -1.0 -1.0 -1.0 0.0 0.33179474712070683 0.318369405313863 0.3498358475654301
9 363.0 0.0 -1.0 -1.0 -1.0 0.0 0.3324232177180053 0.33197480616808195 0.3356019761139126
9 364.0 0.0 -1.0 -1.0 -1.0 0.0 0.32864827349101183 0.39786741516688034 0.27348431134210754
9 365.0 0.0 -1.0 -1.0 -1.0 0.0 0.2996093368832156 0.40704195480463456 0.29334870831214976
9 366.0 0.0 -1.0 -1.0 -1.0 0.0 0.3272260770964215 0.3780026003995042 0.2947713225040744
9 367.0 0.0 -1.0 -1.0 -1.0 0.0 0.29949396623635677 0.39038743415802657 0.31011859960561666
9 368.0 0.0 -1.0 -1.0 -1.0 0.0 0.294689802778698 0.3902357558920202 0.31507444132928164
9 369.0 0.0 -1.0 -1.0 -1.0 0.0 0.25144926030156683 0.40827412373985816 0.34027661595857484
9 370.0 0.0 -1.0 -1.0 -1.0 0.0 0.28072506657579277 0.3881179419031606 0.3311569915210468
9 371.0 0.0 -1.0 -1.0 -1.0 0.0 0.30519334951288785 0.35513751457504045 0.33966913591207165
9 372.0 0.0 -1.0 -1.0 -1.0 0.0 0.3073052112940473 0.33512804436722926 0.3575667443387237
9 373.0 0.0 -1.0 -1.0 -1.0 0.0 0.3433609650261297 0.32502515062720627 0.3316138843466641
9 374.0 0.0 -1.0 -1.0 -1.0 0.0 0.33754433345559853 0.3445843824168177 0.31787128412758386
9 375.0 0.0 -1.0 -1.0 -1.0 0.0 0.3166520157260581 0.3482616289862736 0.33508635528766845
9 376.0 0.0 -1.0 -1.0 -1.0 0.0 0.3192366243367292 0.3331515966885852 0.34761177897468554
9 377.0 0.0 -1.0 -1.0 -1.0 0.0 0.3339187623485633 0.33886499058218694 0.3272162470692496
9 378.0 0.0 -1.0 -1.0 -1.0 0.0 0.3436366644495395 0.33663039698122804 0.31973293856923257
9 379.0 0.0 -1.0 -1.0 -1.0 0.0 0.36319493178881596 0.31971315847732706 0.31709190973385665
9 380.0 0.0 -1.0 -1.0 -1.0 0.0 0.34108060745893193 0.32257312094389784 0.3363462715971704
9 381.0 0.0 -1.0 -1.0 -1.0 0.0 0.34787762873980627 0.3121212673634171 0.34000110389677646
9 382.0 0.0 -1.0 -1.0 -1.0 0.0 0.3621599482065841 0.3216316580010277 0.31620839379238824
9 383.0 0.0 -1.0 -1.0 -1.0 0.0 0.38403331426757725 0.29466869988418026 0.3212979858482427
9 384.0 0.0 -1.0 -1.0 -1.0 0.0 0.3702444418216635 0.3059216288761256 0.3238339293022111
9 385.0 0.0 -1.0 -1.0 -1.0 0.0 0.3468574609747909 0.30262317610428063 0.3505193629209284
9 386.0 0.0 -1.0 -1.0 -1.0 0.0 0.3698834182901136 0.2995261617877593 0.3305904199221273
9 387.0 0.0 -1.0 -1.0 -1.0 0.0 0.36828206046474776 0.2924714877001615 0.33924645183509095
9 388.0 0.0 -1.0 -1.0 -1.0 0.0 0.3715304052576561 0.29345217223313347 0.33501742250921046
9 389.0 0.0 -1.0 -1.0 -1.0 0.0 0.35849170885571746 0.29445665541640326 0.34705163572787934
9 390.0 0.0 -1.0 -1.0 -1.0 0.0 0.3532956077850269 0.322631035253334 0.32407335696163925
9 391.0 0.0 -1.0 -1.0 -1.0 0.0 0.3294039548820563 0.3380593570143915 0.3325366881035523
9 392.0 0.0 -1.0 -1.0 -1.0 0.0 0.34864347466640716 0.31929120793517635 0.3320653173984167
9 393.0 0.0 -1.0 -1.0 -1.0 0.0 0.34885837185359647 0.3238158439189657 0.3273257842274377
9 394.0 0.0 -1.0 -1.0 -1.0 0.0 0.3492140889975442 0.330207887424382 0.3205780235780737
9 395.0 0.0 -1.0 -1.0 -1.0 0.0 0.3185668888218013 0.3593459912074831 0.32208711997071576
9 396.0 0.0 -1.0 -1.0 -1.0 0.0 0.33449394881832134 0.33345541640023496 0.3320506347814438
9 397.0 0.0 -1.0 -1.0 -1.0 0.0 0.332441699739115 0.3391269179952983 0.32843138226558644
9 398.0 0.0 -1.0 -1.0 -1.0 0.0 0.34889143687550345 0.3359089199196339 0.3151996432048628
9 399.0 0.0 -1.0 -1.0 -1.0 0.0 0.35741689223678824 0.3483317153622297 0.2942513924009823
9 400.0 0.0 -1.0 -1.0 -1.0 0.0 0.3424290686183429 0.35074362848555657 0.30682730289610044
9 401.0 0.0 -1.0 -1.0 -1.0 0.0 0.3621496600053614 0.3353663752525612 0.3024839647420774
9 402.0 0.0 -1.0 -1.0 -1.0 0.0 0.34287729777029324 0.3353388896314538 0.32178381259825267
9 403.0 0.0 -1.0 -1.0 -1.0 0.0 0.34549778384988455 0.33380694936012995 0.3206952667899852
9 404.0 0.0 -1.0 -1.0 -1.0 0.0 0.37133877901687123 0.3110599774016139 0.31760124358151476
9 405.0 0.0 -1.0 -1.0 -1.0 0.0 0.34690564165278837 0.33335774297671894 0.3197366153704928
9 406.0 0.0 -1.0 -1.0 -1.0 0.0 0.32350482740545855 0.35025550205265366 0.3262396705418877
9 407.0 0.0 -1.0 -1.0 -1.0 0.0 0.353506466579491 0.3246221940378864 0.3218713393826224
9 408.0 0.0 -1.0 -1.0 -1.0 0.0 0.3265995030987432 0.326392949120228 0.3470075477810285
9 409.0 0.0 -1.0 -1.0 -1.0 0.0 0.3133787524584362 0.325035293969005 0.36158595357255846
9 410.0 0.0 -1.0 -1.0 -1.0 0.0 0.31833428600011215 0.3317673432247114 0.3498983707751763
9 411.0 0.0 -1.0 -1.0 -1.0 0.0 0.2882456062932095 0.34402522187754675 0.3677291718292438
9 412.0 0.0 -1.0 -1.0 -1.0 0.0 0.2978413691845994 0.32846995517981126 0.3736886756355894
9 413.0 0.0 -1.0 -1.0 -1.0 0.0 0.28720979500659277 0.34665172455903465 0.3661384804343725
9 414.0 0.0 -1.0 -1.0 -1.0 0.0 0.29714848689266415 0.33245972067652657 0.37039179243080944
9 415.0 0.0 -1.0 -1.0 -1.0 0.0 0.29012029729621386 0.3356662023137623 0.37421350039002377
9 416.0 0.0 -1.0 -1.0 -1.0 0.0 0.29737909015248526 0.3522961246582286 0.3503247851892863
9 417.0 0.0 -1.0 -1.0 -1.0 0.0 0.312818809367977 0.34633397570633667 0.34084721492568604
9 418.0 0.0 -1.0 -1.0 -1.0 0.0 0.3260845318303202 0.3410756076317903 0.3328398605378898
9 419.0 0.0 -1.0 -1.0 -1.0 0.0 0.3615294086016654 0.31383833124669563 0.32463226015163904
9 420.0 0.0 -1.0 -1.0 -1.0 0.0 0.36740976656455365 0.30855159335315735 0.3240386400822887
9 421.0 0.0 -1.0 -1.0 -1.0 0.0 0.3554697034183589 0.3092399876052906 0.33529030897635037
9 422.0 0.0 -1.0 -1.0 -1.0 0.0 0.3796736446300813 0.2918890230948316 0.3284373322750869
9 423.0 0.0 -1.0 -1.0 -1.0 0.0 0.3773419837834948 0.3031586571684439 0.3194993590480611
9 424.0 0.0 -1.0 -1.0 -1.0 0.0 0.3628639340365149 0.32226664130109123 0.3148694246623938
9 425.0 0.0 -1.0 -1.0 -1.0 0.0 0.3421785959545275 0.3406083038750794 0.31721310017039295
9 426.0 0.0 -1.0 -1.0 -1.0 0.0 0.38092925077211104 0.3355095979969547 0.28356115123093417
9 427.0 0.0 -1.0 -1.0 -1.0 0.0 0.36500548753911893 0.3322855089232701 0.3027090035376109
9 428.0 0.0 -1.0 -1.0 -1.0 0.0 0.3591273466284258 0.33416205311554903 0.3067106002560252
9 429.0 0.0 -1.0 -1.0 -1.0 0.0 0.3782299986430659 0.3329921336556015 0.2887778677013325
9 430.0 0.0 -1.0 -1.0 -1.0 0.0 0.3733600018900853 0.3356587907003979 0.2909812074095167
9 431.0 0.0 -1.0 -1.0 -1.0 0.0 0.37248683371777624 0.30467873950479574 0.32283442677742813
9 432.0 0.0 -1.0 -1.0 -1.0 0.0 0.369887149536884 0.31744442994008365 0.3126684205230324
9 433.0 0.0 -1.0 -1.0 -1.0 0.0 0.3778800035049722 0.31257282525251534 0.3095471712425124
9 434.0 0.0 -1.0 -1.0 -1.0 0.0 0.36848373458417755 0.3002138417679296 0.33130242364789325
9 435.0 0.0 -1.0 -1.0 -1.0 0.0 0.3640329957785994 0.2807534549899472 0.35521354923145343
9 436.0 0.0 -1.0 -1.0 -1.0 0.0 0.371440299850006 0.2870089467448558 0.34155075340513874
9 437.0 0.0 -1.0 -1.0 -1.0 0.0 0.37902534205130173 0.27696824749895854 0.3440064104497397
9 438.0 0.0 -1.0 -1.0 -1.0 0.0 0.3780854973496071 0.3045393323955883 0.31737517025480466
9 439.0 0.0 -1.0 -1.0 -1.0 0.0 0.3806810965874468 0.3008190833184647 0.3184998200940888
9 440.0 0.0 -1.0 -1.0 -1.0 0.0 0.34737962883123497 0.3035350075026619 0.34908536366610327
9 441.0 0.0 -1.0 -1.0 -1.0 0.0 0.34910057007178075 0.29213987713426576 0.3587595527939533
9 442.0 0.0 -1.0 -1.0 -1.0 0.0 0.33860138536141254 0.29983330282276033 0.36156531181582724
9 443.0 0.0 -1.0 -1.0 -1.0 0.0 0.33288891755332345 0.3104629487598366 0.35664813368684
9 444.0 0.0 -1.0 -1.0 -1.0 0.0 0.33239472710808277 0.3033429499827298 0.36426232290918725
9 445.0 0.0 -1.0 -1.0 -1.0 0.0 0.332639306378743 0.29194359879658466 0.37541709482467217
9 446.0 0.0 -1.0 -1.0 -1.0 0.0 0.29961494014814005 0.32519276240301914 0.3751922974488409
9 447.0 0.0 -1.0 -1.0 -1.0 0.0 0.2987352788527369 0.31433895940246837 0.3869257617447949
9 448.0 0.0 -1.0 -1.0 -1.0 0.0 0.3131662540433068 0.3335118887533122 0.3533218572033807
9 449.0 0.0 -1.0 -1.0 -1.0 0.0 0.31170614333801183 0.32822118504825115 0.36007267161373685
9 450.0 0.0 -1.0 -1.0 -1.0 0.0 0.2980745294273388 0.3319318685443994 0.3699936020282621
9 451.0 0.0 -1.0 -1.0 -1.0 0.0 0.29833369220857575 0.34832023709675314 0.35334607069467083
9 452.0 0.0 -1.0 -1.0 -1.0 0.0 0.33665981122917843 0.3396347060384838 0.32370548273233773
9 453.0 0.0 -1.0 -1.0 -1.0 0.0 0.31641688835770365 0.3455535243301701 0.3380295873121262
9 454.0 0.0 -1.0 -1.0 -1.0 0.0 0.3409800081909037 0.31059555422011204 0.348424437588984
9 455.0 0.0 -1.0 -1.0 -1.0 0.0 0.35366083370054197 0.32548625668582587 0.3208529096136322
9 456.0 0.0 -1.0 -1.0 -1.0 0.0 0.3559487049114741 0.31907750165572635 0.3249737934327995
9 457.0 0.0 -1.0 -1.0 -1.0 0.0 0.341617778311972 0.3487188457106373 0.3096633759773907
9 458.0 0.0 -1.0 -1.0 -1.0 0.0 0.3408462276396239 0.3465874620998494 0.3125663102605269
9 459.0 0.0 -1.0 -1.0 -1.0 0.0 0.35134076666441044 0.3452744879804447 0.3033847453551448
9 460.0 0.0 -1.0 -1.0 -1.0 0.0 0.35535027724790325 0.34923930263927133 0.2954104201128252
9 461.0 0.0 -1.0 -1.0 -1.0 0.0 0.36050300847734357 0.35278451011327017 0.2867124814093862
9 462.0 0.0 -1.0 -1.0 -1.0 0.0 0.36267293937793643 0.3494255131185002 0.28790154750356345
9 463.0 0.0 -1.0 -1.0 -1.0 0.0 0.3535945722117982 0.3426454789439989 0.30375994884420293
9 464.0 0.0 -1.0 -1.0 -1.0 0.0 0.35971603282138 0.3311828104841982 0.3091011566944219
9 465.0 0.0 -1.0 -1.0 -1.0 0.0 0.35535047352741217 0.32855290527828296 0.31609662119430476
9 466.0 0.0 -1.0 -1.0 -1.0 0.0 0.35274926313942523 0.3308127110004495 0.31643802586012526
9 467.0 0.0 -1.0 -1.0 -1.0 0.0 0.33988718982671096 0.3228438186419043 0.3372689915313847
9 468.0 0.0 -1.0 -1.0 -1.0 0.0 0.34269627859483925 0.30895601396533506 0.34834770743982557
9 469.0 0.0 -1.0 -1.0 -1.0 0.0 0.3137166124462232 0.3025131357245339 0.38377025182924285
9 470.0 0.0 -1.0 -1.0 -1.0 0.0 0.3215232089995112 0.309104125348777 0.3693726656517116
9 471.0 0.0 -1.0 -1.0 -1.0 0.0 0.32793506596646227 0.31209405720960354 0.3599708768239342
9 472.0 0.0 -1.0 -1.0 -1.0 0.0 0.3391638117608224 0.31110808508589577 0.34972810315328173
9 473.0 0.0 -1.0 -1.0 -1.0 0.0 0.32809229358564196 0.3211326149656511 0.35077509144870717
9 474.0 0.0 -1.0 -1.0 -1.0 0.0 0.32386438546748425 0.31749975573051264 0.3586358588020031
9 475.0 0.0 -1.0 -1.0 -1.0 0.0 0.3099614517385341 0.31157420561055704 0.3784643426509089
9 476.0 0.0 -1.0 -1.0 -1.0 0.0 0.32712941494279163 0.3006698473376458 0.3722007377195625
9 477.0 0.0 -1.0 -1.0 -1.0 0.0 0.3307014896216503 0.30188333694736896 0.3674151734309807
9 478.0 0.0 -1.0 -1.0 -1.0 0.0 0.3075540620493734 0.321564635627108 0.37088130232351846
9 479.0 0.0 -1.0 -1.0 -1.0 0.0 0.3233755002122956 0.3433879433187129 0.3332365564689914
9 480.0 0.0 -1.0 -1.0 -1.0 0.0 0.3444304743037453 0.3321298310588122 0.3234396946374425
9 481.0 0.0 -1.0 -1.0 -1.0 0.0 0.36107993475843053 0.32334651801678227 0.3155735472247872
9 482.0 0.0 -1.0 -1.0 -1.0 0.0 0.38370008855958615 0.3091445081361011 0.3071554033043128
9 483.0 0.0 -1.0 -1.0 -1.0 0.0 0.372449412487129 0.33269194793950996 0.2948586395733612
9 484.0 0.0 -1.0 -1.0 -1.0 0.0 0.35139937453353454 0.32903798814658525 0.3195626373198801
9 485.0 0.0 -1.0 -1.0 -1.0 0.0 0.3450770567147982 0.3288863303447659 0.3260366129404361
9 486.0 0.0 -1.0 -1.0 -1.0 0.0 0.3467396113569371 0.30349043192598485 0.3497699567170784
9 487.0 0.0 -1.0 -1.0 -1.0 0.0 0.31619282341442473 0.33459511260279234 0.3492120639827831
9 488.0 0.0 -1.0 -1.0 -1.0 0.0 0.32972692475972176 0.3184369450767358 0.3518361301635425
9 489.0 0.0 -1.0 -1.0 -1.0 0.0 0.3041428270953899 0.32410483256478523 0.37175234033982507
9 490.0 0.0 -1.0 -1.0 -1.0 0.0 0.30838176387685595 0.33523421037786205 0.3563840257452817
9 491.0 0.0 -1.0 -1.0 -1.0 0.0 0.32396318820328246 0.31304594549934917 0.3629908662973683
9 492.0 0.0 -1.0 -1.0 -1.0 0.0 0.314035825741778 0.32416178712382615 0.36180238713439583
9 493.0 0.0 -1.0 -1.0 -1.0 0.0 0.31004784608072156 0.32110746105585797 0.36884469286342086
9 494.0 0.0 -1.0 -1.0 -1.0 0.0 0.3282684020634929 0.3359722262150623 0.33575937172144493
9 495.0 0.0 -1.0 -1.0 -1.0 0.0 0.34808440882327857 0.327453515983263 0.32446207519345827
9 496.0 0.0 -1.0 -1.0 -1.0 0.0 0.3436749603776344 0.3181598848143798 0.3381651548079858
9 497.0 0.0 -1.0 -1.0 -1.0 0.0 0.33069437399412094 0.33509485148201906 0.33421077452385994
9 498.0 0.0 -1.0 -1.0 -1.0 0.0 0.3111628115791566 0.37208229825154254 0.31675489016930103
9 499.0 0.0 -1.0 -1.0 -1.0 0.0 0.30025691599284476 0.36984101127846997 0.3299020727286854
9 500.0 0.0 -1.0 -1.0 -1.0 0.0 0.29034983457144575 0.3512792655821873 0.3583708998463669
9 501.0 0.0 -1.0 -1.0 -1.0 0.0 0.3038694359842965 0.3553951613081733 0.34073540270752994
9 502.0 0.0 -1.0 -1.0 -1.0 0.0 0.33208205381883166 0.35037370115348815 0.3175442450276801
9 503.0 0.0 -1.0 -1.0 -1.0 0.0 0.343738348949386 0.32092715387849347 0.3353344971721207
9 504.0 0.0 -1.0 -1.0 -1.0 0.0 0.30176694778107305 0.358578407242678 0.33965464497624887
9 505.0 0.0 -1.0 -1.0 -1.0 0.0 0.33314374662520274 0.3721675864423023 0.2946886669324949
9 506.0 0.0 -1.0 -1.0 -1.0 0.0 0.33522632007654224 0.3589851626218445 0.305788517301613
9 507.0 0.0 -1.0 -1.0 -1.0 0.0 0.3052488029725251 0.3741904961508453 0.3205607008766298
9 508.0 0.0 -1.0 -1.0 -1.0 0.0 0.3015116320403207 0.37666902811024067 0.32181933984943845
9 509.0 0.0 -1.0 -1.0 -1.0 0.0 0.3188004937254541 0.3643904433638696 0.3168090629106762
9 510.0 0.0 -1.0 -1.0 -1.0 0.0 0.30952019989785795 0.3732824370412516 0.31719736306089064
9 511.0 0.0 -1.0 -1.0 -1.0 0.0 0.31878864617025615 0.35373382497321 0.32747752885653386
9 512.0 0.0 -1.0 -1.0 -1.0 0.0 0.30577109343031944 0.35497913155313493 0.3392497750165455
9 513.0 0.0 -1.0 -1.0 -1.0 0.0 0.3054528983327567 0.3508790257076071 0.3436680759596365
9 514.0 0.0 -1.0 -1.0 -1.0 0.0 0.3027865698716697 0.3391366211254719 0.35807680900285854
9 515.0 0.0 -1.0 -1.0 -1.0 0.0 0.31806805552720113 0.3400517361820202 0.3418802082907788
9 516.0 0.0 -1.0 -1.0 -1.0 0.0 0.3048718444302862 0.3409600993827873 0.3541680561869265
9 517.0 0.0 -1.0 -1.0 -1.0 0.0 0.32123038194408177 0.32517828345132427 0.35359133460459397
9 518.0 0.0 -1.0 -1.0 -1.0 0.0 0.31197204804521605 0.32015482324200883 0.3678731287127752
9 519.0 0.0 -1.0 -1.0 -1.0 0.0 0.2854856229617841 0.3287646407498507 0.3857497362883654
9 520.0 0.0 -1.0 -1.0 -1.0 0.0 0.2769770284297078 0.34696165699280757 0.3760613145774849
9 521.0 0.0 -1.0 -1.0 -1.0 0.0 0.2939646563121231 0.3515786269982393 0.3544567166896377
9 522.0 0.0 -1.0 -1.0 -1.0 0.0 0.3156909132478852 0.3420414035455376 0.3422676832065769
9 523.0 0.0 -1.0 -1.0 -1.0 0.0 0.3147224161082476 0.31155165125096174 0.3737259326407903
9 524.0 0.0 -1.0 -1.0 -1.0 0.0 0.33872684971919026 0.3202253200183046 0.3410478302625052
9 525.0 0.0 -1.0 -1.0 -1.0 0.0 0.358944238064594 0.32303036795658413 0.31802539397882174
9 526.0 0.0 -1.0 -1.0 -1.0 0.0 0.34963595145015025 0.3223231805509174 0.32804086799893234
9 527.0 0.0 -1.0 -1.0 -1.0 0.0 0.31395714308511447 0.3586591496518864 0.32738370726299915
9 528.0 0.0 -1.0 -1.0 -1.0 0.0 0.3540064981787589 0.3498283334197971 0.2961651684014439
9 529.0 0.0 -1.0 -1.0 -1.0 0.0 0.3506447615956372 0.34386024343528204 0.30549499496908084
9 530.0 0.0 -1.0 -1.0 -1.0 0.0 0.33026903214328984 0.33784403442121 0.3318869334355004
9 531.0 0.0 -1.0 -1.0 -1.0 0.0 0.34457179406926924 0.3361429307773742 0.3192852751533564
9 532.0 0.0 -1.0 -1.0 -1.0 0.0 0.36009865367185656 0.3167245767476872 0.32317676958045605
9 533.0 0.0 -1.0 -1.0 -1.0 0.0 0.3436400819162286 0.3232122629709272 0.3331476551128442
9 534.0 0.0 -1.0 -1.0 -1.0 0.0 0.328469533241985 0.3293439621575359 0.34218650460047906
9 535.0 0.0 -1.0 -1.0 -1.0 0.0 0.3265609407600892 0.32614931431352573 0.34728974492638515
9 536.0 0.0 -1.0 -1.0 -1.0 0.0 0.3351977119280259 0.322637537820767 0.3421647502512073
9 537.0 0.0 -1.0 -1.0 -1.0 0.0 0.36097662999653657 0.2923735025807895 0.346649867422674
9 538.0 0.0 -1.0 -1.0 -1.0 0.0 0.3720702519706313 0.292170038738665 0.3357597092907037
9 539.0 0.0 -1.0 -1.0 -1.0 0.0 0.3435753107442626 0.3162921886793705 0.3401325005763671
9 540.0 0.0 -1.0 -1.0 -1.0 0.0 0.3287083126628818 0.32404672104407495 0.3472449662930432
9 541.0 0.0 -1.0 -1.0 -1.0 0.0 0.34666105393606145 0.31142158119964103 0.3419173648642973
9 542.0 0.0 -1.0 -1.0 -1.0 0.0 0.33507031478449745 0.32879633877849423 0.3361333464370084
9 543.0 0.0 -1.0 -1.0 -1.0 0.0 0.3282170524674285 0.3475217223937373 0.32426122513883426
9 544.0 0.0 -1.0 -1.0 -1.0 0.0 0.3197090122090277 0.3443995914655602 0.3358913963254121
9 545.0 0.0 -1.0 -1.0 -1.0 0.0 0.3159016480323242 0.3440755471300389 0.34002280483763736
9 546.0 0.0 -1.0 -1.0 -1.0 0.0 0.30634561912697356 0.3286565469498853 0.36499783392314106
9 547.0 0.0 -1.0 -1.0 -1.0 0.0 0.3202453556321521 0.324163352367529 0.3555912920003188
9 548.0 0.0 -1.0 -1.0 -1.0 0.0 0.3142102823162036 0.32939020593023793 0.3563995117535584
9 549.0 0.0 -1.0 -1.0 -1.0 0.0 0.3281641956076634 0.3262426367798966 0.34559316761244013
9 550.0 0.0 -1.0 -1.0 -1.0 0.0 0.3284670884460283 0.3229691510962583 0.3485637604577134
9 551.0 0.0 -1.0 -1.0 -1.0 0.0 0.333180759250285 0.34622270605977495 0.3205965346899399
9 552.0 0.0 -1.0 -1.0 -1.0 0.0 0.3314630182425697 0.3530572971812447 0.31547968457618575
9 553.0 0.0 -1.0 -1.0 -1.0 0.0 0.3413008077948148 0.34806378385396647 0.3106354083512189
9 554.0 0.0 -1.0 -1.0 -1.0 0.0 0.3191421540982985 0.35057045152661553 0.33028739437508586
9 555.0 0.0 -1.0 -1.0 -1.0 0.0 0.3158815980008372 0.32741038775107334 0.3567080142480895
9 556.0 0.0 -1.0 -1.0 -1.0 0.0 0.32646283811242854 0.3099297739478606 0.36360738793971115
9 557.0 0.0 -1.0 -1.0 -1.0 0.0 0.35801926210554585 0.28668264222516693 0.3552980956692875
9 558.0 0.0 -1.0 -1.0 -1.0 0.0 0.3219643205941892 0.3132381971857394 0.3647974822200711
9 559.0 0.0 -1.0 -1.0 -1.0 0.0 0.29541467994751114 0.3380608273159835 0.36652449273650545
9 560.0 0.0 -1.0 -1.0 -1.0 0.0 0.3037467658819254 0.34891057069662734 0.3473426634214474
9 561.0 0.0 -1.0 -1.0 -1.0 0.0 0.3006214161767424 0.3471163334667552 0.35226225035650244
9 562.0 0.0 -1.0 -1.0 -1.0 0.0 0.3075779540456364 0.35866696927093755 0.3337550766834258
9 563.0 0.0 -1.0 -1.0 -1.0 0.0 0.3118369644401805 0.3462771245596584 0.34188591100016114
9 564.0 0.0 -1.0 -1.0 -1.0 0.0 0.3335082105750384 0.3135304679094725 0.3529613215154892
9 565.0 0.0 -1.0 -1.0 -1.0 0.0 0.3485559852750786 0.29689614720543234 0.35454786751948913
9 566.0 0.0 -1.0 -1.0 -1.0 0.0 0.32631884161912467 0.31057690500313023 0.363104253377745
9 567.0 0.0 -1.0 -1.0 -1.0 0.0 0.34918449339508284 0.3084067173298959 0.342408789275021
9 568.0 0.0 -1.0 -1.0 -1.0 0.0 0.33434498986406713 0.32384596025964074 0.3418090498762918
9 569.0 0.0 -1.0 -1.0 -1.0 0.0 0.3560535239113729 0.3139880023044175 0.32995847378420956
9 570.0 0.0 -1.0 -1.0 -1.0 0.0 0.3638463307881725 0.3220536966530193 0.3140999725588083
9 571.0 0.0 -1.0 -1.0 -1.0 0.0 0.3733996953511214 0.33391121880416447 0.292689085844714
9 572.0 0.0 -1.0 -1.0 -1.0 0.0 0.3548806337195854 0.3273736412238159 0.3177457250565989
9 573.0 0.0 -1.0 -1.0 -1.0 0.0 0.3414874011352833 0.34648938256317585 0.312023216301541
9 574.0 0.0 -1.0 -1.0 -1.0 0.0 0.34308375224599685 0.3264964814864318 0.3304197662675715
9 575.0 0.0 -1.0 -1.0 -1.0 0.0 0.35209567641938905 0.336763609499365 0.3111407140812462
9 576.0 0.0 -1.0 -1.0 -1.0 0.0 0.32223626275307604 0.3713444223672803 0.30641931487964363
9 577.0 0.0 -1.0 -1.0 -1.0 0.0 0.3414947761806071 0.3431932288001685 0.31531199501922447
9 578.0 0.0 -1.0 -1.0 -1.0 0.0 0.34316612953743364 0.3477895535552314 0.3090443169073348
9 579.0 0.0 -1.0 -1.0 -1.0 0.0 0.3542620117882647 0.3488426964588466 0.29689529175288887
9 580.0 0.0 -1.0 -1.0 -1.0 0.0 0.35324480620224885 0.3272074136229731 0.319547780174778
9 581.0 0.0 -1.0 -1.0 -1.0 0.0 0.34060682095170136 0.32621566195297186 0.3331775170953267
9 582.0 0.0 -1.0 -1.0 -1.0 0.0 0.32671386125501756 0.3386530615985874 0.3346330771463951
9 583.0 0.0 -1.0 -1.0 -1.0 0.0 0.32564337683247657 0.34119338035977775 0.3331632428077455
9 584.0 0.0 -1.0 -1.0 -1.0 0.0 0.3454968011766478 0.345388781542118 0.3091144172812339
9 585.0 0.0 -1.0 -1.0 -1.0 0.0 0.3287707020498689 0.34443504107956374 0.32679425687056723
9 586.0 0.0 -1.0 -1.0 -1.0 0.0 0.3075337419390001 0.3327829493124314 0.3596833087485685
9 587.0 0.0 -1.0 -1.0 -1.0 0.0 0.3305523650364077 0.31889311609761184 0.35055451886598044
9 588.0 0.0 -1.0 -1.0 -1.0 0.0 0.3355615472625411 0.31111989891772057 0.35331855381973837
9 589.0 0.0 -1.0 -1.0 -1.0 0.0 0.35251454183653375 0.303447041460248 0.34403841670321833
9 590.0 0.0 -1.0 -1.0 -1.0 0.0 0.3458657080026204 0.32469717415506877 0.32943711784231106
9 591.0 0.0 -1.0 -1.0 -1.0 0.0 0.34508276336413757 0.3188581064298084 0.3360591302060538
9 592.0 0.0 -1.0 -1.0 -1.0 0.0 0.35137056195423577 0.3152738448162291 0.3333555932295353
9 593.0 0.0 -1.0 -1.0 -1.0 0.0 0.3542073184139469 0.3102710741783109 0.3355216074077421
9 594.0 0.0 -1.0 -1.0 -1.0 0.0 0.32721938887395846 0.3207323040256361 0.3520483071004053
9 595.0 0.0 -1.0 -1.0 -1.0 0.0 0.34478129023528625 0.2952221688456474 0.3599965409190664
9 596.0 0.0 -1.0 -1.0 -1.0 0.0 0.34901736480891027 0.2747458414779061 0.37623679371318347
9 597.0 0.0 -1.0 -1.0 -1.0 0.0 0.33788391711826726 0.30569611126510454 0.3564199716166282
9 598.0 0.0 -1.0 -1.0 -1.0 0.0 0.34561884386342107 0.30201686006352874 0.35236429607305014
9 599.0 0.0 -1.0 -1.0 -1.0 0.0 0.32219750663688906 0.30937161064903757 0.3684308827140733
9 600.0 0.0 -1.0 -1.0 -1.0 0.0 0.3167829390624082 0.304016567821704 0.3792004931158879
9 601.0 0.0 -1.0 -1.0 -1.0 0.0 0.31117891343230447 0.30339998893432957 0.38542109763336607
9 602.0 0.0 -1.0 -1.0 -1.0 0.0 0.3188957579628323 0.2830013602564495 0.39810288178071773
9 603.0 0.0 -1.0 -1.0 -1.0 0.0 0.3112963267296511 0.2986410044346098 0.3900626688357392
9 604.0 0.0 -1.0 -1.0 -1.0 0.0 0.31369187936860793 0.319820070536788 0.36648805009460406
9 605.0 0.0 -1.0 -1.0 -1.0 0.0 0.2971507542663798 0.3323491598694616 0.37050008586415856
9 606.0 0.0 -1.0 -1.0 -1.0 0.0 0.2823508096195828 0.3443531894955256 0.37329600088489134
9 607.0 0.0 -1.0 -1.0 -1.0 0.0 0.29279571364005724 0.34701067180756284 0.36019361455238014
9 608.0 0.0 -1.0 -1.0 -1.0 0.0 0.30853541246204413 0.3402936532494178 0.3511709342885382
9 609.0 0.0 -1.0 -1.0 -1.0 0.0 0.316748879640375 0.3407278617054022 0.342523258654223
9 610.0 0.0 -1.0 -1.0 -1.0 0.0 0.31592494639946034 0.3351382824416025 0.3489367711589373
9 611.0 0.0 -1.0 -1.0 -1.0 0.0 0.3098260620768247 0.3428747856675978 0.34729915225557756
9 612.0 0.0 -1.0 -1.0 -1.0 0.0 0.3192035462766937 0.3334570367335221 0.34733941698978427
9 613.0 0.0 -1.0 -1.0 -1.0 0.0 0.3091704550975146 0.3383249264654705 0.35250461843701486
9 614.0 0.0 -1.0 -1.0 -1.0 0.0 0.3297909747547655 0.31471074323445836 0.35549828201077605
9 615.0 0.0 -1.0 -1.0 -1.0 0.0 0.3036899212062855 0.3314599488142315 0.36485012997948324
9 616.0 0.0 -1.0 -1.0 -1.0 0.0 0.3046775590695405 0.32097823348337967 0.3743442074470798
9 617.0 0.0 -1.0 -1.0 -1.0 0.0 0.32521581029060864 0.32824253676530124 0.3465416529440902
9 618.0 0.0 -1.0 -1.0 -1.0 0.0 0.3388477436280705 0.3297161079890812 0.33143614838284835
9 619.0 0.0 -1.0 -1.0 -1.0 0.0 0.33178356059877934 0.31830657752303304 0.34990986187818784
9 620.0 0.0 -1.0 -1.0 -1.0 0.0 0.2988196387776376 0.33916134103302586 0.36201902018933646
9 621.0 0.0 -1.0 -1.0 -1.0 0.0 0.3107280471002193 0.35236940567273334 0.33690254722704727
9 622.0 0.0 -1.0 -1.0 -1.0 0.0 0.3094561849869204 0.355935458619112 0.33460835639396785
9 623.0 0.0 -1.0 -1.0 -1.0 0.0 0.29999911852604266 0.35604714340589744 0.3439537380680598
9 624.0 0.0 -1.0 -1.0 -1.0 0.0 0.29951816038417073 0.36932240335446054 0.3311594362613686
9 625.0 0.0 -1.0 -1.0 -1.0 0.0 0.308040782773191 0.32959536647366955 0.3623638507531392
9 626.0 0.0 -1.0 -1.0 -1.0 0.0 0.2840354635966779 0.33428108784377947 0.3816834485595427
9 627.0 0.0 -1.0 -1.0 -1.0 0.0 0.3340869942220688 0.31004656582118506 0.35586643995674594
9 628.0 0.0 -1.0 -1.0 -1.0 0.0 0.3274316047256432 0.3248566082321344 0.3477117870422223
9 629.0 0.0 -1.0 -1.0 -1.0 0.0 0.3451596565342927 0.30898949957144456 0.3458508438942627
9 630.0 0.0 -1.0 -1.0 -1.0 0.0 0.34355154477464894 0.3164198963939801 0.34002855883137106
9 631.0 0.0 -1.0 -1.0 -1.0 0.0 0.34524752315744117 0.31154996457641404 0.3432025122661449
9 632.0 0.0 -1.0 -1.0 -1.0 0.0 0.3297880881024451 0.30493205849080757 0.36527985340674746
9 633.0 0.0 -1.0 -1.0 -1.0 0.0 0.3226104185203635 0.31174034059341604 0.3656492408862208
9 634.0 0.0 -1.0 -1.0 -1.0 0.0 0.3099737592708991 0.3168566077963873 0.37316963293271366
9 635.0 0.0 -1.0 -1.0 -1.0 0.0 0.34148967504392885 0.3147813214533884 0.34372900350268265
9 636.0 0.0 -1.0 -1.0 -1.0 0.0 0.35811040660953286 0.33349884109290867 0.30839075229755847
9 637.0 0.0 -1.0 -1.0 -1.0 0.0 0.3404637757672295 0.34104688505420583 0.3184893391785646
9 638.0 0.0 -1.0 -1.0 -1.0 0.0 0.3394054003633944 0.33433127833367704 0.3262633213029287
9 639.0 0.0 -1.0 -1.0 -1.0 0.0 0.34518703840895787 0.34931519237665043 0.3054977692143914
9 640.0 0.0 -1.0 -1.0 -1.0 0.0 0.35215134932476994 0.33981332852355167 0.3080353221516783
9 641.0 0.0 -1.0 -1.0 -1.0 0.0 0.357314888402514 0.33152082584908077 0.311164285748405
9 642.0 0.0 -1.0 -1.0 -1.0 0.0 0.331358721675047 0.33522043812773533 0.333420840197218
9 643.0 0.0 -1.0 -1.0 -1.0 0.0 0.3299352514403061 0.3264270136309704 0.3436377349287236
9 644.0 0.0 -1.0 -1.0 -1.0 0.0 0.32757541808261514 0.345463928475626 0.32696065344175873
9 645.0 0.0 -1.0 -1.0 -1.0 0.0 0.3245263465951906 0.3303913828620417 0.3450822705427678
9 646.0 0.0 -1.0 -1.0 -1.0 0.0 0.32449930463971777 0.34685764615487896 0.32864304920540344
9 647.0 0.0 -1.0 -1.0 -1.0 0.0 0.31581199393973025 0.35761093664008636 0.3265770694201835
9 648.0 0.0 -1.0 -1.0 -1.0 0.0 0.31877169804486777 0.3414559164212603 0.339772385533872
9 649.0 0.0 -1.0 -1.0 -1.0 0.0 0.31777036554331506 0.3364638099283768 0.34576582452830784
9 650.0 0.0 -1.0 -1.0 -1.0 0.0 0.32597276952681187 0.3325545385803884 0.34147269189279994
9 651.0 0.0 -1.0 -1.0 -1.0 0.0 0.34288513570765566 0.31740620385663076 0.3397086604357136
9 652.0 0.0 -1.0 -1.0 -1.0 0.0 0.3578613378485007 0.31257074068688007 0.3295679214646195
9 653.0 0.0 -1.0 -1.0 -1.0 0.0 0.36125181131334666 0.2954546415747917 0.34329354711186155
9 654.0 0.0 -1.0 -1.0 -1.0 0.0 0.36082322574596737 0.30798495735096576 0.33119181690306654
9 655.0 0.0 -1.0 -1.0 -1.0 0.0 0.3601128964420712 0.3124369019140197 0.32745020164390903
9 656.0 0.0 -1.0 -1.0 -1.0 0.0 0.34707625772460377 0.3149767646166761 0.33794697765872045
9 657.0 0.0 -1.0 -1.0 -1.0 0.0 0.33493467949597444 0.3094124309513044 0.35565288955272123
9 658.0 0.0 -1.0 -1.0 -1.0 0.0 0.35510769142317833 0.31755516645164783 0.3273371421251737
9 659.0 0.0 -1.0 -1.0 -1.0 0.0 0.3661868975465729 0.3186187010731685 0.3151944013802588
9 660.0 0.0 -1.0 -1.0 -1.0 0.0 0.35792299820440177 0.318036568665165 0.324040433130433
9 661.0 0.0 -1.0 -1.0 -1.0 0.0 0.34363158815014194 0.3352045173131414 0.32116389453671657
9 662.0 0.0 -1.0 -1.0 -1.0 0.0 0.3369783759213032 0.3560529759664647 0.30696864811223223
9 663.0 0.0 -1.0 -1.0 -1.0 0.0 0.33451457000752316 0.3747620288077092 0.29072340118476786
9 664.0 0.0 -1.0 -1.0 -1.0 0.0 0.31703982706293976 0.37875687174474154 0.3042033011923186
9 665.0 0.0 -1.0 -1.0 -1.0 0.0 0.31223175217316557 0.3907057375497884 0.29706251027704605
9 666.0 0.0 -1.0 -1.0 -1.0 0.0 0.2971218594692976 0.3719421489960108 0.33093599153469166
9 667.0 0.0 -1.0 -1.0 -1.0 0.0 0.30040684528544015 0.363230998904122 0.336362155810438
9 668.0 0.0 -1.0 -1.0 -1.0 0.0 0.31797091731307275 0.3428557484659674 0.33917333422096013
9 669.0 0.0 -1.0 -1.0 -1.0 0.0 0.32164981654835345 0.3335348669563956 0.3448153164952509
9 670.0 0.0 -1.0 -1.0 -1.0 0.0 0.32007384882788487 0.340521955566765 0.3394041956053503
9 671.0 0.0 -1.0 -1.0 -1.0 0.0 0.32144821659007655 0.35175586776685536 0.3267959156430681
9 672.0 0.0 -1.0 -1.0 -1.0 0.0 0.32189233190340233 0.3724611962169762 0.30564647187962135
9 673.0 0.0 -1.0 -1.0 -1.0 0.0 0.34203746557687076 0.342151886136041 0.31581064828708816
9 674.0 0.0 -1.0 -1.0 -1.0 0.0 0.31259548980565754 0.36026798148648437 0.3271365287078579
9 675.0 0.0 -1.0 -1.0 -1.0 0.0 0.31104155832968233 0.3571265819330286 0.331831859737289
9 676.0 0.0 -1.0 -1.0 -1.0 0.0 0.31649874826615554 0.35749058479912066 0.3260106669347238
9 677.0 0.0 -1.0 -1.0 -1.0 0.0 0.30684208685720515 0.3622009927563572 0.3309569203864378
9 678.0 0.0 -1.0 -1.0 -1.0 0.0 0.29679646152156974 0.37497326167938655 0.32823027679904376
9 679.0 0.0 -1.0 -1.0 -1.0 0.0 0.31362612499925974 0.34923171365979977 0.33714216134094044
9 680.0 0.0 -1.0 -1.0 -1.0 0.0 0.3016539572144151 0.355912353620663 0.3424336891649217
9 681.0 0.0 -1.0 -1.0 -1.0 0.0 0.2890762969295568 0.3471100601119284 0.3638136429585147
9 682.0 0.0 -1.0 -1.0 -1.0 0.0 0.2934995860713874 0.3446139885418619 0.36188642538675053
9 683.0 0.0 -1.0 -1.0 -1.0 0.0 0.2872410952170596 0.3600003934842869 0.3527585112986534
9 684.0 0.0 -1.0 -1.0 -1.0 0.0 0.2887619758653259 0.354797156337234 0.3564408677974403
9 685.0 0.0 -1.0 -1.0 -1.0 0.0 0.2828853329644029 0.33275284182196174 0.3843618252136355
9 686.0 0.0 -1.0 -1.0 -1.0 0.0 0.30598223235312955 0.3357576282125705 0.3582601394342999
9 687.0 0.0 -1.0 -1.0 -1.0 0.0 0.2882544881987285 0.38480859526437455 0.32693691653689677
9 688.0 0.0 -1.0 -1.0 -1.0 0.0 0.27490167981042596 0.3897549090986445 0.3353434110909293
9 689.0 0.0 -1.0 -1.0 -1.0 0.0 0.2822822806109068 0.36073132542994385 0.3569863939591489
9 690.0 0.0 -1.0 -1.0 -1.0 0.0 0.2910996663000512 0.3703527161898243 0.3385476175101244
9 691.0 0.0 -1.0 -1.0 -1.0 0.0 0.29278641307453174 0.3437502627861126 0.3634633241393553
9 692.0 0.0 -1.0 -1.0 -1.0 0.0 0.31704912285193027 0.35626364473629707 0.32668723241177283
9 693.0 0.0 -1.0 -1.0 -1.0 0.0 0.3338803536427228 0.3126480128256162 0.35347163353166117
9 694.0 0.0 -1.0 -1.0 -1.0 0.0 0.3432784583549607 0.3224589792240397 0.33426256242099966
9 695.0 0.0 -1.0 -1.0 -1.0 0.0 0.34086731797005726 0.35315605702851605 0.30597662500142664
9 696.0 0.0 -1.0 -1.0 -1.0 0.0 0.33727763575115477 0.3544561987783786 0.3082661654704664
9 697.0 0.0 -1.0 -1.0 -1.0 0.0 0.3176065462482632 0.37471945238608223 0.3076740013656546
9 698.0 0.0 -1.0 -1.0 -1.0 0.0 0.3219032704800932 0.35470759091217274 0.3233891386077339
9 699.0 0.0 -1.0 -1.0 -1.0 0.0 0.3127782259193864 0.35144914826604945 0.3357726258145641
9 700.0 0.0 -1.0 -1.0 -1.0 0.0 0.32900468759595397 0.3547669762082114 0.3162283361958348
9 701.0 0.0 -1.0 -1.0 -1.0 0.0 0.33451677745817326 0.36102378706989874 0.30445943547192805
9 702.0 0.0 -1.0 -1.0 -1.0 0.0 0.35216633197838154 0.37499554602835516 0.2728381219932628
9 703.0 0.0 -1.0 -1.0 -1.0 0.0 0.3556467455317253 0.3684773036807868 0.2758759507874884
9 704.0 0.0 -1.0 -1.0 -1.0 0.0 0.3710239586488415 0.3439217774091638 0.2850542639419944
9 705.0 0.0 -1.0 -1.0 -1.0 0.0 0.37978136663380213 0.3326428805168507 0.2875757528493472
9 706.0 0.0 -1.0 -1.0 -1.0 0.0 0.36812904374035255 0.31998045702885186 0.3118904992307957
9 707.0 0.0 -1.0 -1.0 -1.0 0.0 0.34166871122742853 0.29779872927259304 0.3605325594999782
9 708.0 0.0 -1.0 -1.0 -1.0 0.0 0.3405815350484956 0.30649107164067324 0.3529273933108314
9 709.0 0.0 -1.0 -1.0 -1.0 0.0 0.337699443603397 0.3117421481445622 0.3505584082520409
9 710.0 0.0 -1.0 -1.0 -1.0 0.0 0.31314579239268864 0.33205931077669637 0.35479489683061494
9 711.0 0.0 -1.0 -1.0 -1.0 0.0 0.33052131511726807 0.34348441231167043 0.3259942725710612
9 712.0 0.0 -1.0 -1.0 -1.0 0.0 0.3209391254075523 0.34973002757500266 0.32933084701744497
9 713.0 0.0 -1.0 -1.0 -1.0 0.0 0.3406563613179718 0.33159108384489605 0.3277525548371322
9 714.0 0.0 -1.0 -1.0 -1.0 0.0 0.3468586669661876 0.3511424169972126 0.30199891603659973
9 715.0 0.0 -1.0 -1.0 -1.0 0.0 0.36877119400465125 0.3493740128264901 0.28185479316885853
9 716.0 0.0 -1.0 -1.0 -1.0 0.0 0.3828354175075429 0.34120590432987596 0.27595867816258113
9 717.0 0.0 -1.0 -1.0 -1.0 0.0 0.35067108583101636 0.3351086162387608 0.3142202979302227
9 718.0 0.0 -1.0 -1.0 -1.0 0.0 0.3468150677093755 0.32369168373571766 0.32949324855490725
9 719.0 0.0 -1.0 -1.0 -1.0 0.0 0.35111063495425227 0.33189452426573623 0.31699484078001167
9 720.0 0.0 -1.0 -1.0 -1.0 0.0 0.36722767123734346 0.31864547603467863 0.31412685272797813
9 721.0 0.0 -1.0 -1.0 -1.0 0.0 0.37653137026491557 0.3059445358219815 0.3175240939131028
9 722.0 0.0 -1.0 -1.0 -1.0 0.0 0.34735662068083223 0.3271021351570696 0.3255412441620982
9 723.0 0.0 -1.0 -1.0 -1.0 0.0 0.33701241485515643 0.3165965473889286 0.34639103775591457
9 724.0 0.0 -1.0 -1.0 -1.0 0.0 0.3626754636356686 0.31774948747320686 0.31957504889112437
9 725.0 0.0 -1.0 -1.0 -1.0 0.0 0.32747116966938833 0.32191108470911545 0.350617745621496
9 726.0 0.0 -1.0 -1.0 -1.0 0.0 0.31210409233331776 0.308595020514219 0.3793008871524631
9 727.0 0.0 -1.0 -1.0 -1.0 0.0 0.3245040501755828 0.33019938811138116 0.3452965617130359
9 728.0 0.0 -1.0 -1.0 -1.0 0.0 0.3331563752864682 0.33976859847287516 0.3270750262406568
9 729.0 0.0 -1.0 -1.0 -1.0 0.0 0.33941954802773 0.3267363318884094 0.33384412008386094
9 730.0 0.0 -1.0 -1.0 -1.0 0.0 0.34268920435962724 0.3340111314736187 0.32329966416675404
9 731.0 0.0 -1.0 -1.0 -1.0 0.0 0.34564073523075417 0.3266286048528487 0.32773065991639716
9 732.0 0.0 -1.0 -1.0 -1.0 0.0 0.36605290679240476 0.2871311829870219 0.3468159102205734
9 733.0 0.0 -1.0 -1.0 -1.0 0.0 0.3686179077347916 0.32140049408623883 0.3099815981789694
9 734.0 0.0 -1.0 -1.0 -1.0 0.0 0.35569375129926867 0.33066032564756836 0.31364592305316336
9 735.0 0.0 -1.0 -1.0 -1.0 0.0 0.37158665363747856 0.29737193611334056 0.33104141024918093
9 736.0 0.0 -1.0 -1.0 -1.0 0.0 0.374240245527063 0.3153436449963658 0.31041610947657117
9 737.0 0.0 -1.0 -1.0 -1.0 0.0 0.38485478405729057 0.3014048783092565 0.3137403376334529
9 738.0 0.0 -1.0 -1.0 -1.0 0.0 0.35504888125921474 0.3099653051261164 0.33498581361466867
9 739.0 0.0 -1.0 -1.0 -1.0 0.0 0.31219795270442263 0.3321700499469567 0.35563199734862083
9 740.0 0.0 -1.0 -1.0 -1.0 0.0 0.27933899156341674 0.33562263841710177 0.38503837001948127
9 741.0 0.0 -1.0 -1.0 -1.0 0.0 0.29569503793552143 0.3256100143812526 0.37869494768322604
9 742.0 0.0 -1.0 -1.0 -1.0 0.0 0.30265688716159195 0.33952666075696647 0.3578164520814414
9 743.0 0.0 -1.0 -1.0 -1.0 0.0 0.3074255316033145 0.331108269064709 0.3614661993319765
9 744.0 0.0 -1.0 -1.0 -1.0 0.0 0.31549682790180095 0.3396368344722786 0.3448663376259202
9 745.0 0.0 -1.0 -1.0 -1.0 0.0 0.30849111229023846 0.35116923203583134 0.3403396556739303
9 746.0 0.0 -1.0 -1.0 -1.0 0.0 0.30366779566884355 0.38036120224443737 0.31597100208671913
9 747.0 0.0 -1.0 -1.0 -1.0 0.0 0.31831241875450567 0.3608755621309568 0.3208120191145374
9 748.0 0.0 -1.0 -1.0 -1.0 0.0 0.3015290792407164 0.3678869250336943 0.3305839957255893
9 749.0 0.0 -1.0 -1.0 -1.0 0.0 0.3280046801286644 0.34055847280113255 0.33143684707020304
9 750.0 0.0 -1.0 -1.0 -1.0 0.0 0.3200905395474174 0.3394859040754837 0.34042355637709887
9 751.0 0.0 -1.0 -1.0 -1.0 0.0 0.33034307838841015 0.34200509831417847 0.3276518232974115
9 752.0 0.0 -1.0 -1.0 -1.0 0.0 0.34887545016184746 0.33802625178164425 0.31309829805650824
9 753.0 0.0 -1.0 -1.0 -1.0 0.0 0.3007311501405355 0.3906500679058 0.30861878195366454
9 754.0 0.0 -1.0 -1.0 -1.0 0.0 0.3203287138131877 0.33903121611957276 0.3406400700672398
9 755.0 0.0 -1.0 -1.0 -1.0 0.0 0.3087071347203325 0.3478682257092948 0.3434246395703726
9 756.0 0.0 -1.0 -1.0 -1.0 0.0 0.3296251888516973 0.3262765199325671 0.34409829121573565
9 757.0 0.0 -1.0 -1.0 -1.0 0.0 0.3249019189150064 0.3182917506001559 0.3568063304848374
9 758.0 0.0 -1.0 -1.0 -1.0 0.0 0.33901902538429257 0.30436665702834537 0.3566143175873621
9 759.0 0.0 -1.0 -1.0 -1.0 0.0 0.32941434802552194 0.3184670698864925 0.35211858208798574
9 760.0 0.0 -1.0 -1.0 -1.0 0.0 0.35526804566962283 0.31651115435443544 0.3282207999759419
9 761.0 0.0 -1.0 -1.0 -1.0 0.0 0.3296739680924146 0.33282476060001687 0.33750127130756835
9 762.0 0.0 -1.0 -1.0 -1.0 0.0 0.3198639439587708 0.3531640201811544 0.3269720358600749
9 763.0 0.0 -1.0 -1.0 -1.0 0.0 0.32925386068405393 0.3417098845226195 0.3290362547933265
9 764.0 0.0 -1.0 -1.0 -1.0 0.0 0.3256572425221386 0.3410690207931657 0.33327373668469557
9 765.0 0.0 -1.0 -1.0 -1.0 0.0 0.3401678700744328 0.32614639460324524 0.3336857353223218
9 766.0 0.0 -1.0 -1.0 -1.0 0.0 0.3159030285249155 0.33802760126598597 0.34606937020909856
9 767.0 0.0 -1.0 -1.0 -1.0 0.0 0.32542247053727463 0.3546566955250707 0.31992083393765475
9 768.0 0.0 -1.0 -1.0 -1.0 0.0 0.3401973026332072 0.36886101148820916 0.2909416858785836
9 769.0 0.0 -1.0 -1.0 -1.0 0.0 0.3500446021449044 0.35427854480158444 0.2956768530535111
9 770.0 0.0 -1.0 -1.0 -1.0 0.0 0.3606942738674258 0.3266227581852935 0.3126829679472807
9 771.0 0.0 -1.0 -1.0 -1.0 0.0 0.34444228745978817 0.3439704271178504 0.3115872854223614
9 772.0 0.0 -1.0 -1.0 -1.0 0.0 0.3560155007342616 0.36303620923869595 0.28094829002704236
9 773.0 0.0 -1.0 -1.0 -1.0 0.0 0.37329197610174025 0.3281307811638053 0.2985772427344547
9 774.0 0.0 -1.0 -1.0 -1.0 0.0 0.36877618903156334 0.3211646333853813 0.31005917758305546
9 775.0 0.0 -1.0 -1.0 -1.0 0.0 0.3765313039579841 0.3005047659733555 0.32296393006866053
9 776.0 0.0 -1.0 -1.0 -1.0 0.0 0.3663062667591967 0.28844543050922644 0.3452483027315769
9 777.0 0.0 -1.0 -1.0 -1.0 0.0 0.36772420602447853 0.286411826225451 0.34586396775007067
9 778.0 0.0 -1.0 -1.0 -1.0 0.0 0.34900333563767605 0.30295025675268195 0.34804640760964206
9 779.0 0.0 -1.0 -1.0 -1.0 0.0 0.3442839664360276 0.3361301909268776 0.3195858426370944
9 780.0 0.0 -1.0 -1.0 -1.0 0.0 0.3425351403565595 0.32466850539825687 0.33279635424518367
9 781.0 0.0 -1.0 -1.0 -1.0 0.0 0.34207975757945697 0.3279608665761583 0.32995937584438473
9 782.0 0.0 -1.0 -1.0 -1.0 0.0 0.35424518388638754 0.31387849044504834 0.33187632566856373
9 783.0 0.0 -1.0 -1.0 -1.0 0.0 0.33475152920688417 0.32805616961853606 0.33719230117457966
9 784.0 0.0 -1.0 -1.0 -1.0 0.0 0.3444200827746596 0.308864481805931 0.3467154354194094
9 785.0 0.0 -1.0 -1.0 -1.0 0.0 0.3409735557291785 0.3046807850539526 0.3543456592168689
9 786.0 0.0 -1.0 -1.0 -1.0 0.0 0.3581502475984591 0.31093860094949144 0.33091115145204947
9 787.0 0.0 -1.0 -1.0 -1.0 0.0 0.3559616013017799 0.31447144603486715 0.329566952663353
9 788.0 0.0 -1.0 -1.0 -1.0 0.0 0.3361219460523224 0.31202325615360804 0.3518547977940698
9 789.0 0.0 -1.0 -1.0 -1.0 0.0 0.3501802820836567 0.27924366127701244 0.370576056639331
9 790.0 0.0 -1.0 -1.0 -1.0 0.0 0.3285466557555364 0.2988814816305228 0.3725718626139409
9 791.0 0.0 -1.0 -1.0 -1.0 0.0 0.31254274509370195 0.3391494708719106 0.3483077840343876
9 792.0 0.0 -1.0 -1.0 -1.0 0.0 0.3162279456788831 0.32729650119155573 0.35647555312956103
9 793.0 0.0 -1.0 -1.0 -1.0 0.0 0.2950771694841443 0.33644492716019025 0.36847790335566555
9 794.0 0.0 -1.0 -1.0 -1.0 0.0 0.2868383531969609 0.3558334268233908 0.3573282199796482
9 795.0 0.0 -1.0 -1.0 -1.0 0.0 0.30208023823009184 0.3651158185701535 0.3328039431997545
9 796.0 0.0 -1.0 -1.0 -1.0 0.0 0.2944869978599183 0.3628598495838702 0.34265315255621176
9 797.0 0.0 -1.0 -1.0 -1.0 0.0 0.3080451449638816 0.36068350524168336 0.33127134979443507
9 798.0 0.0 -1.0 -1.0 -1.0 0.0 0.34132851006886944 0.3239866207872806 0.33468486914385004
9 799.0 0.0 -1.0 -1.0 -1.0 0.0 0.3308083144003996 0.3163555293033135 0.3528361562962868
9 800.0 0.0 -1.0 -1.0 -1.0 0.0 0.31443130561106597 0.3323095840427216 0.35325911034621255
9 801.0 0.0 -1.0 -1.0 -1.0 0.0 0.29899899943193975 0.34431086098947894 0.35669013957858126
9 802.0 0.0 -1.0 -1.0 -1.0 0.0 0.3284960847640989 0.3208165117808522 0.35068740345504906
9 803.0 0.0 -1.0 -1.0 -1.0 0.0 0.34685992106482094 0.33218601837979983 0.3209540605553791
9 804.0 0.0 -1.0 -1.0 -1.0 0.0 0.350528601748247 0.32109050095066793 0.32838089730108516
9 805.0 0.0 -1.0 -1.0 -1.0 0.0 0.37609489726580086 0.34243684395101004 0.28146825878318904
9 806.0 0.0 -1.0 -1.0 -1.0 0.0 0.39531022702787355 0.3129344652814778 0.2917553076906487
9 807.0 0.0 -1.0 -1.0 -1.0 0.0 0.3904454457024584 0.33353936740940654 0.2760151868881354
9 808.0 0.0 -1.0 -1.0 -1.0 0.0 0.37420268626866393 0.3446721656120871 0.28112514811924905
9 809.0 0.0 -1.0 -1.0 -1.0 0.0 0.36076803323631146 0.3259029726461774 0.3133289941175111
9 810.0 0.0 -1.0 -1.0 -1.0 0.0 0.3591595450347512 0.3231684385019537 0.31767201646329524
9 811.0 0.0 -1.0 -1.0 -1.0 0.0 0.34341213382192926 0.3367398624303949 0.3198480037476758
9 812.0 0.0 -1.0 -1.0 -1.0 0.0 0.3431444403501023 0.3522749681163699 0.30458059153352773
9 813.0 0.0 -1.0 -1.0 -1.0 0.0 0.35485255605402805 0.3352530196912457 0.3098944242547263
9 814.0 0.0 -1.0 -1.0 -1.0 0.0 0.36757227162518524 0.3370523518071653 0.2953753765676494
9 815.0 0.0 -1.0 -1.0 -1.0 0.0 0.35453245406243317 0.3393274326612021 0.30614011327636464
9 816.0 0.0 -1.0 -1.0 -1.0 0.0 0.3368908145843289 0.33772278043507187 0.3253864049805993
9 817.0 0.0 -1.0 -1.0 -1.0 0.0 0.33991518298850226 0.3159228499657381 0.3441619670457596
9 818.0 0.0 -1.0 -1.0 -1.0 0.0 0.32253192294560695 0.3366359097452459 0.34083216730914734
9 819.0 0.0 -1.0 -1.0 -1.0 0.0 0.33100006830879214 0.3264057924252717 0.3425941392659362
9 820.0 0.0 -1.0 -1.0 -1.0 0.0 0.32341265423497945 0.33150367584058105 0.3450836699244395
9 821.0 0.0 -1.0 -1.0 -1.0 0.0 0.33760885885053027 0.3558509335571929 0.30654020759227674
9 822.0 0.0 -1.0 -1.0 -1.0 0.0 0.338051250249922 0.35143401892505344 0.31051473082502445
9 823.0 0.0 -1.0 -1.0 -1.0 0.0 0.32687574949402676 0.3496259239080118 0.3234983265979615
9 824.0 0.0 -1.0 -1.0 -1.0 0.0 0.32800126669184443 0.30858998752678723 0.3634087457813683
9 825.0 0.0 -1.0 -1.0 -1.0 0.0 0.3178922463165388 0.3176914295075877 0.3644163241758737
9 826.0 0.0 -1.0 -1.0 -1.0 0.0 0.28745693607073836 0.341723605982974 0.3708194579462878
9 827.0 0.0 -1.0 -1.0 -1.0 0.0 0.2970572564268909 0.3370834120070009 0.36585933156610806
9 828.0 0.0 -1.0 -1.0 -1.0 0.0 0.31409699305862004 0.33248942075908344 0.3534135861822968
9 829.0 0.0 -1.0 -1.0 -1.0 0.0 0.32543264452707243 0.3463754301045883 0.3281919253683395
9 830.0 0.0 -1.0 -1.0 -1.0 0.0 0.3298603289451041 0.3403629998269701 0.32977667122792603
9 831.0 0.0 -1.0 -1.0 -1.0 0.0 0.343485290164166 0.34034158379198326 0.3161731260438506
9 832.0 0.0 -1.0 -1.0 -1.0 0.0 0.36614190410392666 0.31904598573803084 0.3148121101580426
9 833.0 0.0 -1.0 -1.0 -1.0 0.0 0.3674461609983641 0.311928689991347 0.32062514901028927
9 834.0 0.0 -1.0 -1.0 -1.0 0.0 0.3534679551721753 0.3260251769680702 0.32050686785975474
9 835.0 0.0 -1.0 -1.0 -1.0 0.0 0.3254045063941016 0.35722172155249493 0.3173737720534034
9 836.0 0.0 -1.0 -1.0 -1.0 0.0 0.32856963296998065 0.3568676351498889 0.31456273188013023
9 837.0 0.0 -1.0 -1.0 -1.0 0.0 0.3427149112543909 0.3405343044666742 0.3167507842789349
9 838.0 0.0 -1.0 -1.0 -1.0 0.0 0.33976697992067495 0.33722892566548857 0.3230040944138366
9 839.0 0.0 -1.0 -1.0 -1.0 0.0 0.33862886961945265 0.3463367039173121 0.31503442646323526
9 840.0 0.0 -1.0 -1.0 -1.0 0.0 0.35852828336609815 0.327871702286282 0.3136000143476199
9 841.0 0.0 -1.0 -1.0 -1.0 0.0 0.3686177390299619 0.3249720947223766 0.3064101662476613
9 842.0 0.0 -1.0 -1.0 -1.0 0.0 0.37244249723063094 0.3391073656684952 0.2884501371008735
9 843.0 0.0 -1.0 -1.0 -1.0 0.0 0.36393718013740584 0.32926030433465286 0.30680251552794136
9 844.0 0.0 -1.0 -1.0 -1.0 0.0 0.3293995426446768 0.3516648295884452 0.31893562776687806
9 845.0 0.0 -1.0 -1.0 -1.0 0.0 0.3426813817247578 0.33850888695485554 0.31880973132038665
9 846.0 0.0 -1.0 -1.0 -1.0 0.0 0.3530184848736075 0.34078100955529345 0.3062005055710989
9 847.0 0.0 -1.0 -1.0 -1.0 0.0 0.3579650208492582 0.301091199923005 0.3409437792277367
9 848.0 0.0 -1.0 -1.0 -1.0 0.0 0.3369630826319981 0.3194082845734003 0.3436286327946017
9 849.0 0.0 -1.0 -1.0 -1.0 0.0 0.3186299999709598 0.31095679351775624 0.3704132065112839
9 850.0 0.0 -1.0 -1.0 -1.0 0.0 0.3329097099491407 0.3015308791364879 0.36555941091437133
9 851.0 0.0 -1.0 -1.0 -1.0 0.0 0.3630260591744833 0.2852362202418576 0.3517377205836593
9 852.0 0.0 -1.0 -1.0 -1.0 0.0 0.36628547037779263 0.31578520795325554 0.3179293216689519
9 853.0 0.0 -1.0 -1.0 -1.0 0.0 0.3517380051345449 0.33796944665019557 0.31029254821525964
9 854.0 0.0 -1.0 -1.0 -1.0 0.0 0.3586723000981977 0.30514814165062965 0.3361795582511728
9 855.0 0.0 -1.0 -1.0 -1.0 0.0 0.3151106584662463 0.31168173092746043 0.37320761060629315
9 856.0 0.0 -1.0 -1.0 -1.0 0.0 0.31187315174156044 0.33770890642025414 0.3504179418381855
9 857.0 0.0 -1.0 -1.0 -1.0 0.0 0.3259115837275627 0.3237164032471982 0.3503720130252392
9 858.0 0.0 -1.0 -1.0 -1.0 0.0 0.3206289186156736 0.33758312093683535 0.34178796044749116
9 859.0 0.0 -1.0 -1.0 -1.0 0.0 0.3351009230618815 0.3347903673421526 0.3301087095959661
9 860.0 0.0 -1.0 -1.0 -1.0 0.0 0.34576418558414174 0.3491811726851866 0.30505464173067154
9 861.0 0.0 -1.0 -1.0 -1.0 0.0 0.3572946226839023 0.3372967329475404 0.30540864436855714
9 862.0 0.0 -1.0 -1.0 -1.0 0.0 0.35927654854008323 0.31892507889030997 0.3217983725696068
9 863.0 0.0 -1.0 -1.0 -1.0 0.0 0.37959783640067923 0.3149645351409848 0.305437628458336
9 864.0 0.0 -1.0 -1.0 -1.0 0.0 0.37724924526320364 0.31550008746882147 0.3072506672679749
9 865.0 0.0 -1.0 -1.0 -1.0 0.0 0.36846419464834845 0.3379050049724482 0.29363080037920325
9 866.0 0.0 -1.0 -1.0 -1.0 0.0 0.35689702634969317 0.33263865852861146 0.3104643151216957
9 867.0 0.0 -1.0 -1.0 -1.0 0.0 0.37211122769367205 0.346761127567086 0.28112764473924196
9 868.0 0.0 -1.0 -1.0 -1.0 0.0 0.33637048914784273 0.3581985445534642 0.3054309662986931
9 869.0 0.0 -1.0 -1.0 -1.0 0.0 0.34306435640592453 0.3367419525170654 0.32019369107700996
9 870.0 0.0 -1.0 -1.0 -1.0 0.0 0.344429110045315 0.360518279980813 0.29505260997387184
9 871.0 0.0 -1.0 -1.0 -1.0 0.0 0.3443846237351501 0.3474502347526661 0.3081651415121838
9 872.0 0.0 -1.0 -1.0 -1.0 0.0 0.32362503260299325 0.3250317834752595 0.3513431839217471
9 873.0 0.0 -1.0 -1.0 -1.0 0.0 0.3147416129132375 0.34784020464277526 0.33741818244398725
9 874.0 0.0 -1.0 -1.0 -1.0 0.0 0.308337851076847 0.3646391873074119 0.3270229616157411
9 875.0 0.0 -1.0 -1.0 -1.0 0.0 0.3397324048674188 0.32558262070517835 0.33468497442740264
9 876.0 0.0 -1.0 -1.0 -1.0 0.0 0.32725670437049204 0.3247595958118365 0.34798369981767135
9 877.0 0.0 -1.0 -1.0 -1.0 0.0 0.3617534889535758 0.3124171589962678 0.32582935205015623
9 878.0 0.0 -1.0 -1.0 -1.0 0.0 0.3625228291848694 0.33755798409452026 0.29991918672061035
9 879.0 0.0 -1.0 -1.0 -1.0 0.0 0.35008146789768374 0.35243806845250936 0.29748046364980707
9 880.0 0.0 -1.0 -1.0 -1.0 0.0 0.3529255266022052 0.3424832916257225 0.3045911817720724
9 881.0 0.0 -1.0 -1.0 -1.0 0.0 0.36751147885446345 0.3229011226909537 0.3095873984545828
9 882.0 0.0 -1.0 -1.0 -1.0 0.0 0.36891515338319764 0.32874886617578525 0.30233598044101717
9 883.0 0.0 -1.0 -1.0 -1.0 0.0 0.35848715219217653 0.33251596493038066 0.3089968828774435
9 884.0 0.0 -1.0 -1.0 -1.0 0.0 0.3182679745769493 0.36610398052611315 0.31562804489693774
9 885.0 0.0 -1.0 -1.0 -1.0 0.0 0.31596145621094696 0.3722536575151547 0.31178488627389833
9 886.0 0.0 -1.0 -1.0 -1.0 0.0 0.31717458203350674 0.3557843863267194 0.3270410316397737
9 887.0 0.0 -1.0 -1.0 -1.0 0.0 0.3567048125610362 0.3487485367741669 0.29454665066479696
9 888.0 0.0 -1.0 -1.0 -1.0 0.0 0.35762974164583355 0.34181724562717547 0.30055301272699103
9 889.0 0.0 -1.0 -1.0 -1.0 0.0 0.38655948211171426 0.3114152569264899 0.30202526096179566
9 890.0 0.0 -1.0 -1.0 -1.0 0.0 0.3594750336190872 0.3262484529599901 0.3142765134209228
9 891.0 0.0 -1.0 -1.0 -1.0 0.0 0.3664157821059961 0.30779925528404173 0.32578496260996237
9 892.0 0.0 -1.0 -1.0 -1.0 0.0 0.3315889085948722 0.3332737479442169 0.3351373434609109
9 893.0 0.0 -1.0 -1.0 -1.0 0.0 0.33689211860160606 0.3339270582703879 0.3291808231280058
9 894.0 0.0 -1.0 -1.0 -1.0 0.0 0.3357352007039979 0.32014671418901985 0.34411808510698205
9 895.0 0.0 -1.0 -1.0 -1.0 0.0 0.3204859746361728 0.35335718319656534 0.32615684216726204
9 896.0 0.0 -1.0 -1.0 -1.0 0.0 0.33144687547351964 0.341637677752693 0.32691544677378753
9 897.0 0.0 -1.0 -1.0 -1.0 0.0 0.33572737275325515 0.3352078201653179 0.3290648070814267
9 898.0 0.0 -1.0 -1.0 -1.0 0.0 0.31420528510322704 0.36291472953331877 0.32287998536345436
9 899.0 0.0 -1.0 -1.0 -1.0 0.0 0.3591860208000292 0.3511027565274357 0.2897112226725352
9 900.0 0.0 -1.0 -1.0 -1.0 0.0 0.38970220071357486 0.34447662963009223 0.265821169656333
9 901.0 0.0 -1.0 -1.0 -1.0 0.0 0.35888733128266376 0.36776866782787787 0.27334400088945826
9 902.0 0.0 -1.0 -1.0 -1.0 0.0 0.33990628664505296 0.3755909530473106 0.2845027603076364
9 903.0 0.0 -1.0 -1.0 -1.0 0.0 0.3022659978536422 0.39276477772974694 0.3049692244166109
9 904.0 0.0 -1.0 -1.0 -1.0 0.0 0.33947856409671007 0.36263803242528586 0.29788340347800424
9 905.0 0.0 -1.0 -1.0 -1.0 0.0 0.33250434072887747 0.3690323465585204 0.2984633127126021
9 906.0 0.0 -1.0 -1.0 -1.0 0.0 0.34370377077127584 0.347167670491721 0.3091285587370034
9 907.0 0.0 -1.0 -1.0 -1.0 0.0 0.3252409838703079 0.3767828073620672 0.297976208767625
9 908.0 0.0 -1.0 -1.0 -1.0 0.0 0.2863570736544441 0.3921524942739033 0.32149043207165223
9 909.0 0.0 -1.0 -1.0 -1.0 0.0 0.32223761199698714 0.3440524586670787 0.3337099293359342
9 910.0 0.0 -1.0 -1.0 -1.0 0.0 0.33547321261732016 0.34187344112293383 0.32265334625974623
9 911.0 0.0 -1.0 -1.0 -1.0 0.0 0.3342209695805819 0.3533726394845075 0.3124063909349105
9 912.0 0.0 -1.0 -1.0 -1.0 0.0 0.3405219895476715 0.3259219441499298 0.3335560663023987
9 913.0 0.0 -1.0 -1.0 -1.0 0.0 0.31741881640767156 0.3534451891927038 0.32913599439962454
9 914.0 0.0 -1.0 -1.0 -1.0 0.0 0.31408104190705355 0.34269112083547504 0.3432278372574715
9 915.0 0.0 -1.0 -1.0 -1.0 0.0 0.333579003796207 0.3340531016051276 0.33236789459866545
9 916.0 0.0 -1.0 -1.0 -1.0 0.0 0.3059406086411633 0.3477802430459304 0.34627914831290646
9 917.0 0.0 -1.0 -1.0 -1.0 0.0 0.31486973727117173 0.34809895478180747 0.3370313079470207
9 918.0 0.0 -1.0 -1.0 -1.0 0.0 0.3130464646539183 0.35526051000158737 0.33169302534449435
9 919.0 0.0 -1.0 -1.0 -1.0 0.0 0.3395564809167448 0.3237091898924332 0.3367343291908222
9 920.0 0.0 -1.0 -1.0 -1.0 0.0 0.3690113485295622 0.31182591419177036 0.31916273727866756
9 921.0 0.0 -1.0 -1.0 -1.0 0.0 0.3695359519764579 0.30087697020091064 0.32958707782263114
9 922.0 0.0 -1.0 -1.0 -1.0 0.0 0.3359263490458117 0.32836191031620976 0.3357117406379787
9 923.0 0.0 -1.0 -1.0 -1.0 0.0 0.3559213099701779 0.3242721349696323 0.3198065550601898
9 924.0 0.0 -1.0 -1.0 -1.0 0.0 0.36770171133396395 0.33871858376168945 0.29357970490434676
9 925.0 0.0 -1.0 -1.0 -1.0 0.0 0.3703816031866483 0.33595779880124665 0.2936605980121049
9 926.0 0.0 -1.0 -1.0 -1.0 0.0 0.38371906932812455 0.3204179699767127 0.29586296069516244
9 927.0 0.0 -1.0 -1.0 -1.0 0.0 0.40529319055462176 0.30637645846088096 0.2883303509844974
9 928.0 0.0 -1.0 -1.0 -1.0 0.0 0.40027721349221884 0.3116087950147018 0.2881139914930793
9 929.0 0.0 -1.0 -1.0 -1.0 0.0 0.3801519528278905 0.311322058026844 0.30852598914526547
9 930.0 0.0 -1.0 -1.0 -1.0 0.0 0.3821862785516549 0.31935665085139125 0.2984570705969538
9 931.0 0.0 -1.0 -1.0 -1.0 0.0 0.35477126746938664 0.32100300120389846 0.32422573132671473
9 932.0 0.0 -1.0 -1.0 -1.0 0.0 0.3269916844374995 0.3300030123931525 0.3430053031693479
9 933.0 0.0 -1.0 -1.0 -1.0 0.0 0.34023880831900755 0.3225177372987954 0.33724345438219716
9 934.0 0.0 -1.0 -1.0 -1.0 0.0 0.37023574496205996 0.33852453344409034 0.29123972159384975
9 935.0 0.0 -1.0 -1.0 -1.0 0.0 0.34206490554951957 0.33259345589263534 0.325341638557845
9 936.0 0.0 -1.0 -1.0 -1.0 0.0 0.3637072776425629 0.3246475959652453 0.31164512639219205
9 937.0 0.0 -1.0 -1.0 -1.0 0.0 0.35404378590156216 0.3143374604214993 0.3316187536769388
9 938.0 0.0 -1.0 -1.0 -1.0 0.0 0.35419687417200935 0.32170322198342705 0.3240999038445638
9 939.0 0.0 -1.0 -1.0 -1.0 0.0 0.31771933036921324 0.33898090840180006 0.34329976122898676
9 940.0 0.0 -1.0 -1.0 -1.0 0.0 0.332493392725165 0.35330616888693067 0.3142004383879043
9 941.0 0.0 -1.0 -1.0 -1.0 0.0 0.3320845128816302 0.3239791307886708 0.34393635632969916
9 942.0 0.0 -1.0 -1.0 -1.0 0.0 0.3583527008292334 0.33421493914437767 0.307432360026389
9 943.0 0.0 -1.0 -1.0 -1.0 0.0 0.37947253128730696 0.30159613373361155 0.31893133497908166
9 944.0 0.0 -1.0 -1.0 -1.0 0.0 0.3607261501630096 0.29801243302121433 0.34126141681577626
9 945.0 0.0 -1.0 -1.0 -1.0 0.0 0.38154285870719806 0.30427656292193983 0.31418057837086205
9 946.0 0.0 -1.0 -1.0 -1.0 0.0 0.39306668450284554 0.30445935011227837 0.30247396538487625
9 947.0 0.0 -1.0 -1.0 -1.0 0.0 0.37897533231291036 0.30768326351806313 0.3133414041690264
9 948.0 0.0 -1.0 -1.0 -1.0 0.0 0.37745048003612375 0.3127593130523077 0.3097902069115685
9 949.0 0.0 -1.0 -1.0 -1.0 0.0 0.3625592068690495 0.3166839715270425 0.32075682160390784
9 950.0 0.0 -1.0 -1.0 -1.0 0.0 0.3584470007941274 0.3300715095940401 0.3114814896118327
9 951.0 0.0 -1.0 -1.0 -1.0 0.0 0.35844975379128385 0.33927546985459534 0.3022747763541207
9 952.0 0.0 -1.0 -1.0 -1.0 0.0 0.382414977057303 0.3005088107402922 0.3170762122024049
9 953.0 0.0 -1.0 -1.0 -1.0 0.0 0.39274666777560446 0.3009451193080923 0.3063082129163032
9 954.0 0.0 -1.0 -1.0 -1.0 0.0 0.3616866597221172 0.32317896760266457 0.3151343726752181
9 955.0 0.0 -1.0 -1.0 -1.0 0.0 0.3627295906113275 0.318961442099781 0.3183089672888916
9 956.0 0.0 -1.0 -1.0 -1.0 0.0 0.344895741381299 0.32837866168577706 0.3267255969329243
9 957.0 0.0 -1.0 -1.0 -1.0 0.0 0.34657823249177616 0.3384153291555769 0.31500643835264674
9 958.0 0.0 -1.0 -1.0 -1.0 0.0 0.3482004410585456 0.32298955195467266 0.3288100069867818
9 959.0 0.0 -1.0 -1.0 -1.0 0.0 0.3014237851916096 0.3484232155487546 0.3501529992596357
9 960.0 0.0 -1.0 -1.0 -1.0 0.0 0.30404409023146794 0.33873233427063126 0.35722357549790074
9 961.0 0.0 -1.0 -1.0 -1.0 0.0 0.309072735798151 0.33576535407893293 0.35516191012291615
9 962.0 0.0 -1.0 -1.0 -1.0 0.0 0.3145639143600106 0.3258160653892412 0.35962002025074846
9 963.0 0.0 -1.0 -1.0 -1.0 0.0 0.33613000358494494 0.3265369018390449 0.33733309457600996
9 964.0 0.0 -1.0 -1.0 -1.0 0.0 0.32553053184182545 0.3283764960366107 0.34609297212156365
9 965.0 0.0 -1.0 -1.0 -1.0 0.0 0.3313863032394273 0.32401749812771263 0.34459619863286023
9 966.0 0.0 -1.0 -1.0 -1.0 0.0 0.3329112820786706 0.3063300691907984 0.36075864873053093
9 967.0 0.0 -1.0 -1.0 -1.0 0.0 0.3367645757020882 0.3299277940344853 0.3333076302634265
9 968.0 0.0 -1.0 -1.0 -1.0 0.0 0.3369822764305413 0.32392983121662666 0.33908789235283215
9 969.0 0.0 -1.0 -1.0 -1.0 0.0 0.34684825134692426 0.3224789072893972 0.3306728413636785
9 970.0 0.0 -1.0 -1.0 -1.0 0.0 0.33270043810444955 0.32915991215797924 0.3381396497375712
9 971.0 0.0 -1.0 -1.0 -1.0 0.0 0.3127471556318816 0.318305396202609 0.36894744816550934
9 972.0 0.0 -1.0 -1.0 -1.0 0.0 0.32366002457723375 0.34276868921125364 0.33357128621151266
9 973.0 0.0 -1.0 -1.0 -1.0 0.0 0.3108877383661337 0.3637803257200424 0.325331935913824
9 974.0 0.0 -1.0 -1.0 -1.0 0.0 0.35091920357780476 0.35902953442476876 0.29005126199742637
9 975.0 0.0 -1.0 -1.0 -1.0 0.0 0.35874636159823065 0.33934751236585114 0.30190612603591793
9 976.0 0.0 -1.0 -1.0 -1.0 0.0 0.38435167461613473 0.3072861944998191 0.30836213088404624
9 977.0 0.0 -1.0 -1.0 -1.0 0.0 0.36450615193907565 0.3269059638904133 0.30858788417051086
9 978.0 0.0 -1.0 -1.0 -1.0 0.0 0.34042153352498256 0.3273238554340155 0.3322546110410022
9 979.0 0.0 -1.0 -1.0 -1.0 0.0 0.364985003079414 0.32744609524682305 0.30756890167376305
9 980.0 0.0 -1.0 -1.0 -1.0 0.0 0.38760933962494576 0.3123617699430499 0.30002889043200415
9 981.0 0.0 -1.0 -1.0 -1.0 0.0 0.3792839458804169 0.31622511554563176 0.3044909385739513
9 982.0 0.0 -1.0 -1.0 -1.0 0.0 0.3652110260094406 0.30903246762652736 0.32575650636403225
9 983.0 0.0 -1.0 -1.0 -1.0 0.0 0.35385862109469246 0.3406367633681977 0.30550461553710984
9 984.0 0.0 -1.0 -1.0 -1.0 0.0 0.32927775470879356 0.34194889981802823 0.3287733454731779
9 985.0 0.0 -1.0 -1.0 -1.0 0.0 0.34224069145373376 0.30498445328174606 0.3527748552645201
9 986.0 0.0 -1.0 -1.0 -1.0 0.0 0.3296004759784886 0.3465788111452224 0.3238207128762889
9 987.0 0.0 -1.0 -1.0 -1.0 0.0 0.3323593461430242 0.3531874762097219 0.31445317764725383
9 988.0 0.0 -1.0 -1.0 -1.0 0.0 0.3233306162527315 0.34644535977647367 0.3302240239707947
9 989.0 0.0 -1.0 -1.0 -1.0 0.0 0.27723937046209046 0.3820224225435499 0.34073820699435947
9 990.0 0.0 -1.0 -1.0 -1.0 0.0 0.301542215111894 0.3635256254599284 0.3349321594281777
9 991.0 0.0 -1.0 -1.0 -1.0 0.0 0.32867407557969036 0.32607041278621607 0.34525551163409346
9 992.0 0.0 -1.0 -1.0 -1.0 0.0 0.3325374332568068 0.3057281835104442 0.3617343832327491
9 993.0 0.0 -1.0 -1.0 -1.0 0.0 0.3123114324676781 0.34498573143496614 0.34270283609735563
9 994.0 0.0 -1.0 -1.0 -1.0 0.0 0.3366847402102866 0.32770789188731514 0.3356073679023983
9 995.0 0.0 -1.0 -1.0 -1.0 0.0 0.3252956366879893 0.32520930098886963 0.34949506232314115
9 996.0 0.0 -1.0 -1.0 -1.0 0.0 0.33792311864668667 0.3107366066618391 0.3513402746914742
9 997.0 0.0 -1.0 -1.0 -1.0 0.0 0.3374612746052144 0.3189867523539425 0.3435519730408431
9 998.0 0.0 -1.0 -1.0 -1.0 0.0 0.3422101247185971 0.3343942113585597 0.323395663922843
9 999.0 0.0 -1.0 -1.0 -1.0 0.0 0.3284282989285929 0.30955596270972696 0.36201573836168033
9 1000.0 0.0 -1.0 -1.0 -1.0 0.0 0.3294713362651844 0.296884309532925 0.3736443542018909
1000000000000000000000000000000000000000000000000000000000000000000000000000000000000000000000000000
-1.0
solo con 1: -100.0
