9 0.0 67.0 -43.0 -164.0 -95.67 50.10515306469351 0.3333333333333333 0.3333333333333333 0.3333333333333333
9 1.0 15.0 -42.0 -164.0 -76.77 45.44279454168258 0.2857285232753113 0.2827773261990685 0.4314941505256202
9 2.0 95.0 -37.0 -164.0 -65.88 40.23649280858551 0.24075814173001525 0.25200822785389865 0.5072336304160863
9 3.0 67.0 -34.0 -155.0 -55.1 31.334783976735608 0.2220486250935307 0.22102075804493687 0.5569306168615324
9 4.0 24.0 -34.0 -155.0 -48.82 25.89152975649205 0.19584434938221404 0.18917217319848842 0.6149834774192979
9 5.0 1.0 -28.0 -155.0 -45.97 26.66077775885525 0.16995328367941837 0.1599098273950858 0.6701368889254958
9 6.0 1.0 -23.0 -154.0 -38.36 16.94287490660927 0.15805443932901417 0.14820745320729345 0.6937381074636926
9 7.0 1.0 -23.0 -154.0 -34.78 17.289326420679554 0.15181720845096353 0.13434630885175664 0.7138364826972796
9 8.0 1.0 -23.0 -154.0 -31.99 17.54733569232064 0.1454213912441792 0.11919593156812874 0.7353826771876923
9 9.0 64.0 -22.0 -153.0 -29.38 17.744983641706867 0.15106428347978756 0.114557381135632 0.7343783353845805
9 10.0 9.0 -21.0 -145.0 -25.9 12.806642846979882 0.1542172555233401 0.10539224000506126 0.7403905044715989
9 11.0 21.0 -20.0 -55.0 -22.95 4.241152406760895 0.13525854348703878 0.10719988086145477 0.7575415756515065
9 12.0 14.0 -17.0 -54.0 -21.7 4.0314420810083895 0.12831504214142064 0.11180453245754536 0.759880425401034
9 13.0 22.0 -16.0 -54.0 -20.52 4.229478082279759 0.1225066511266876 0.11734469671003549 0.7601486521632771
9 14.0 60.0 -14.0 -33.0 -18.79 2.663994873656608 0.1231657955991831 0.11535331966754236 0.7614808847332744
9 15.0 60.0 -14.0 -33.0 -17.52 2.5681813712344295 0.1197635429246397 0.10947554805049343 0.7707609090248668
9 16.0 93.0 -12.0 -33.0 -16.4 2.7042801839179536 0.11334607455891621 0.11710936561622781 0.769544559824856
9 17.0 11.0 -11.0 -33.0 -15.32 2.8880806950308866 0.11800744158028903 0.1299562480701103 0.7520363103496008
9 18.0 0.0 -11.0 -33.0 -13.96 2.3480918537262037 0.12850482480306963 0.12527910265382447 0.7462160725431058
9 19.0 0.0 -9.0 -33.0 -12.68 2.639559191848655 0.1374736891003916 0.09154862818432936 0.7709776827152791
9 20.0 9.0 -8.0 -33.0 -11.49 2.6798726036356966 0.12998239623954377 0.10302238735757945 0.7669952164028768
9 21.0 6.0 -8.0 -33.0 -10.41 2.7637443492991225 0.12312870742911172 0.09720532203025989 0.7796659705406281
9 22.0 0.0 -7.0 -19.0 -9.19 1.5807874268505842 0.14568348768800252 0.11366548949742801 0.7406510228145693
9 23.0 97.0 -6.0 -19.0 -8.38 1.619202946457973 0.13158476944807626 0.11483910854910157 0.7535761220028226
9 24.0 58.0 -4.0 -15.0 -7.48 1.2750915990071403 0.12127680883430444 0.12466028950995293 0.7540629016557423
9 25.0 3.0 -4.0 -15.0 -6.71 1.3506077943435004 0.1280690365985934 0.14345105676531264 0.7284799066360941
9 26.0 52.0 -3.0 -15.0 -5.93 1.4719944554133606 0.14776256271215604 0.1536404588242565 0.6985969784635871
9 27.0 26.0 -3.0 -8.0 -4.86 1.180823201983867 0.14829091159508828 0.15142019379222968 0.7002888946126824
9 28.0 2.0 -3.0 -8.0 -4.18 1.0859990512859292 0.1352764293624057 0.15743610115097906 0.7072874694866157
9 29.0 29.0 -2.0 -7.0 -3.56 0.8912594652195476 0.15603333916041306 0.16259619557494542 0.6813704652646415
9 30.0 4.0 -2.0 -7.0 -3.1 0.8468599159080075 0.17017309086286264 0.16170813136775947 0.6681187777693778
9 31.0 86.0 -1.0 -7.0 -2.73 0.9084897001912213 0.1659090900364545 0.17018213926733364 0.6639087706962118
9 32.0 5.0 -1.0 -7.0 -2.36 0.9694317819207184 0.18006399430514183 0.160406032198003 0.6595299734968553
9 33.0 0.0 -1.0 -7.0 -1.78 0.927470765146816 0.18998203602739486 0.16486633018368674 0.6451516337889186
9 34.0 0.0 -1.0 -3.0 -1.33 0.5695115752497341 0.20192645959387978 0.1684198895861622 0.6296536508199582
9 35.0 0.0 -1.0 -3.0 -1.12 0.35618630921006356 0.21508144723679679 0.1998736853040401 0.5850448674591632
9 36.0 0.0 -1.0 -3.0 -1.06 0.27779797906341397 0.24130934008600474 0.21719708271148286 0.5414935772025123
9 37.0 0.0 -1.0 -3.0 -1.04 0.242878362539562 0.27182967475834724 0.24723004619411576 0.4809402790475369
9 38.0 0.0 -1.0 -3.0 -1.03 0.2227015033536133 0.2828511316712687 0.2620420551483779 0.4551068131803533
9 39.0 0.0 -1.0 -2.0 -1.01 0.09999999999999996 0.2883232548242666 0.28645034865940033 0.4252263965163328
9 40.0 0.0 -1.0 -1.0 -1.0 0.0 0.2915423700222332 0.3091928081880179 0.3992648217897488
9 41.0 0.0 -1.0 -1.0 -1.0 0.0 0.3093908935922767 0.30529135194951196 0.38531775445821137
9 42.0 0.0 -1.0 -1.0 -1.0 0.0 0.32758231027099116 0.30813744058011194 0.3642802491488969
9 43.0 0.0 -1.0 -1.0 -1.0 0.0 0.35274552397850834 0.3067336696887355 0.34052080633275617
9 44.0 0.0 -1.0 -1.0 -1.0 0.0 0.3362569713138327 0.3042350516235362 0.3595079770626311
9 45.0 0.0 -1.0 -1.0 -1.0 0.0 0.33897238577919203 0.29733473692906 0.36369287729174765
9 46.0 0.0 -1.0 -1.0 -1.0 0.0 0.33396370409491716 0.32901283201800346 0.3370234638870794
9 47.0 0.0 -1.0 -1.0 -1.0 0.0 0.33345021290187576 0.3448035510964218 0.3217462360017025
9 48.0 0.0 -1.0 -1.0 -1.0 0.0 0.3324270246158104 0.37219380072967156 0.29537917465451785
9 49.0 0.0 -1.0 -1.0 -1.0 0.0 0.3455125831712347 0.37107305843757227 0.28341435839119306
9 50.0 0.0 -1.0 -1.0 -1.0 0.0 0.3464160444670326 0.3664896609087235 0.287094294624244
9 51.0 0.0 -1.0 -1.0 -1.0 0.0 0.32472260722823904 0.35137930180069626 0.3238980909710648
9 52.0 0.0 -1.0 -1.0 -1.0 0.0 0.3169895254427786 0.36051089330002223 0.32249958125719935
9 53.0 0.0 -1.0 -1.0 -1.0 0.0 0.3111643204924503 0.3502943895531851 0.3385412899543649
9 54.0 0.0 -1.0 -1.0 -1.0 0.0 0.3211788918600477 0.33886723058000556 0.33995387755994677
9 55.0 0.0 -1.0 -1.0 -1.0 0.0 0.32643106137601596 0.33261271889325705 0.34095621973072704
9 56.0 0.0 -1.0 -1.0 -1.0 0.0 0.3362627025680221 0.3104884375718943 0.3532488598600837
9 57.0 0.0 -1.0 -1.0 -1.0 0.0 0.33466362141869616 0.31996130551612606 0.3453750730651775
9 58.0 0.0 -1.0 -1.0 -1.0 0.0 0.32035480377714903 0.32476947757547003 0.354875718647381
9 59.0 0.0 -1.0 -1.0 -1.0 0.0 0.33693277176683883 0.31745221681700675 0.34561501141615425
9 60.0 0.0 -1.0 -1.0 -1.0 0.0 0.3128907474989526 0.32033784383600505 0.3667714086650426
9 61.0 0.0 -1.0 -1.0 -1.0 0.0 0.3151132351018449 0.3271898992919055 0.35769686560624964
9 62.0 0.0 -1.0 -1.0 -1.0 0.0 0.3335033841056669 0.3113970060425556 0.35509960985177746
9 63.0 0.0 -1.0 -1.0 -1.0 0.0 0.3542700091698023 0.30909905009209626 0.3366309407381014
9 64.0 0.0 -1.0 -1.0 -1.0 0.0 0.3487827761581962 0.3219326717571154 0.3292845520846883
9 65.0 0.0 -1.0 -1.0 -1.0 0.0 0.35670567053044344 0.3094307770345463 0.3338635524350103
9 66.0 0.0 -1.0 -1.0 -1.0 0.0 0.3366038682142809 0.3180153689216851 0.34538076286403396
9 67.0 0.0 -1.0 -1.0 -1.0 0.0 0.32807262028431927 0.3224237543021475 0.3495036254135333
9 68.0 0.0 -1.0 -1.0 -1.0 0.0 0.32500489016004713 0.3371772923529566 0.33781781748699624
9 69.0 0.0 -1.0 -1.0 -1.0 0.0 0.32770962755405664 0.35740683598449324 0.3148835364614501
9 70.0 0.0 -1.0 -1.0 -1.0 0.0 0.3051670871080663 0.35889963828509586 0.3359332746068377
9 71.0 0.0 -1.0 -1.0 -1.0 0.0 0.293411780470269 0.39584609453760683 0.31074212499212395
9 72.0 0.0 -1.0 -1.0 -1.0 0.0 0.28295311704613124 0.4152661495739649 0.30178073337990396
9 73.0 0.0 -1.0 -1.0 -1.0 0.0 0.29051333842972493 0.4069376861058 0.3025489754644749
9 74.0 0.0 -1.0 -1.0 -1.0 0.0 0.3126068906463533 0.3620888860839779 0.32530422326966857
9 75.0 0.0 -1.0 -1.0 -1.0 0.0 0.30950294860870164 0.3544092281026281 0.3360878232886702
9 76.0 0.0 -1.0 -1.0 -1.0 0.0 0.32821070082873527 0.35311571608970327 0.3186735830815614
9 77.0 0.0 -1.0 -1.0 -1.0 0.0 0.3264422522116848 0.33568505080795474 0.3378726969803603
9 78.0 0.0 -1.0 -1.0 -1.0 0.0 0.33839112224556717 0.33935899446314466 0.3222498832912882
9 79.0 0.0 -1.0 -1.0 -1.0 0.0 0.3184490266567051 0.33990561422165677 0.3416453591216381
9 80.0 0.0 -1.0 -1.0 -1.0 0.0 0.3242766590976518 0.3335871713692674 0.34213616953308046
9 81.0 0.0 -1.0 -1.0 -1.0 0.0 0.3145607020608539 0.3316577130450156 0.35378158489413053
9 82.0 0.0 -1.0 -1.0 -1.0 0.0 0.348089803998307 0.31770763161058757 0.33420256439110546
9 83.0 0.0 -1.0 -1.0 -1.0 0.0 0.3698294293064244 0.31161737322548094 0.31855319746809463
9 84.0 0.0 -1.0 -1.0 -1.0 0.0 0.35110423614313013 0.3277478173135265 0.32114794654334355
9 85.0 0.0 -1.0 -1.0 -1.0 0.0 0.3319402233699657 0.3293481439691764 0.33871163266085785
9 86.0 0.0 -1.0 -1.0 -1.0 0.0 0.3453652795343725 0.324033343471375 0.3306013769942527
9 87.0 0.0 -1.0 -1.0 -1.0 0.0 0.34237765581297963 0.32122189198408285 0.3364004522029374
9 88.0 0.0 -1.0 -1.0 -1.0 0.0 0.34811269481833407 0.31472775356658156 0.33715955161508426
9 89.0 0.0 -1.0 -1.0 -1.0 0.0 0.3566970957365364 0.3196377674560021 0.32366513680746173
9 90.0 0.0 -1.0 -1.0 -1.0 0.0 0.35118193082768534 0.31286857104668425 0.33594949812563063
9 91.0 0.0 -1.0 -1.0 -1.0 0.0 0.3587592451353741 0.3205778675467382 0.3206628873178877
9 92.0 0.0 -1.0 -1.0 -1.0 0.0 0.32856021523841433 0.3501741073138335 0.3212656774477519
9 93.0 0.0 -1.0 -1.0 -1.0 0.0 0.3512247619845064 0.3393484996673235 0.30942673834817014
9 94.0 0.0 -1.0 -1.0 -1.0 0.0 0.35955714278786133 0.3206754522065078 0.3197674050056308
9 95.0 0.0 -1.0 -1.0 -1.0 0.0 0.345265790123517 0.31759443538061377 0.3371397744958692
9 96.0 0.0 -1.0 -1.0 -1.0 0.0 0.36197819593318703 0.311212999573103 0.3268088044937101
9 97.0 0.0 -1.0 -1.0 -1.0 0.0 0.34815098299187114 0.30733523590116163 0.3445137811069675
9 98.0 0.0 -1.0 -1.0 -1.0 0.0 0.3280245014444849 0.32469948224587997 0.3472760163096351
9 99.0 0.0 -1.0 -1.0 -1.0 0.0 0.33646051034683117 0.3209454913653033 0.34259399828786535
9 100.0 0.0 -1.0 -1.0 -1.0 0.0 0.3273414713516115 0.33371266308589975 0.3389458655624889
9 101.0 0.0 -1.0 -1.0 -1.0 0.0 0.3067406477397596 0.348749955218066 0.3445093970421745
9 102.0 0.0 -1.0 -1.0 -1.0 0.0 0.3238882788021099 0.31523834899138736 0.3608733722065028
9 103.0 0.0 -1.0 -1.0 -1.0 0.0 0.33145298868158307 0.31794354127414926 0.35060347004426773
9 104.0 0.0 -1.0 -1.0 -1.0 0.0 0.30937865158838845 0.34062290285865354 0.349998445552958
9 105.0 0.0 -1.0 -1.0 -1.0 0.0 0.2910287437352776 0.339438557901988 0.3695326983627345
9 106.0 0.0 -1.0 -1.0 -1.0 0.0 0.27510696293690784 0.3431433049801813 0.3817497320829109
9 107.0 0.0 -1.0 -1.0 -1.0 0.0 0.2967932330986623 0.3574950948205601 0.3457116720807777
9 108.0 0.0 -1.0 -1.0 -1.0 0.0 0.2863749927300649 0.35462554271592006 0.358999464554015
9 109.0 0.0 -1.0 -1.0 -1.0 0.0 0.2849186795197193 0.33448301611861203 0.38059830436166864
9 110.0 0.0 -1.0 -1.0 -1.0 0.0 0.2881252709801826 0.35480017401364405 0.3570745550061731
9 111.0 0.0 -1.0 -1.0 -1.0 0.0 0.27636562385714153 0.37042229149852013 0.3532120846443382
9 112.0 0.0 -1.0 -1.0 -1.0 0.0 0.27899545216157084 0.36418755140337433 0.3568169964350549
9 113.0 0.0 -1.0 -1.0 -1.0 0.0 0.3036218426295147 0.35102937161427356 0.34534878575621164
9 114.0 0.0 -1.0 -1.0 -1.0 0.0 0.28068267696502364 0.36971568723291265 0.3496016358020637
9 115.0 0.0 -1.0 -1.0 -1.0 0.0 0.29036931724120074 0.39172130214762396 0.3179093806111751
9 116.0 0.0 -1.0 -1.0 -1.0 0.0 0.2917036499786954 0.38530298662165036 0.322993363399654
9 117.0 0.0 -1.0 -1.0 -1.0 0.0 0.34698810861617724 0.3382523207557413 0.3147595706280816
9 118.0 0.0 -1.0 -1.0 -1.0 0.0 0.321218478784381 0.3409024981210129 0.3378790230946062
9 119.0 0.0 -1.0 -1.0 -1.0 0.0 0.29697255827846136 0.33359729277712097 0.369430148944418
9 120.0 0.0 -1.0 -1.0 -1.0 0.0 0.3161326929368723 0.3294826888818367 0.3543846181812909
9 121.0 0.0 -1.0 -1.0 -1.0 0.0 0.3283607996137532 0.33202373151276904 0.33961546887347793
9 122.0 0.0 -1.0 -1.0 -1.0 0.0 0.31104394719360395 0.31132607415935815 0.3776299786470378
9 123.0 0.0 -1.0 -1.0 -1.0 0.0 0.32477820214020897 0.32612536180963125 0.34909643605015966
9 124.0 0.0 -1.0 -1.0 -1.0 0.0 0.31842719563297317 0.3445462836995955 0.33702652066743133
9 125.0 0.0 -1.0 -1.0 -1.0 0.0 0.3117238748889351 0.3509205511534427 0.3373555739576217
9 126.0 0.0 -1.0 -1.0 -1.0 0.0 0.3156740368639325 0.36903153570779723 0.3152944274282703
9 127.0 0.0 -1.0 -1.0 -1.0 0.0 0.3345377944581488 0.34942007425241145 0.3160421312894396
9 128.0 0.0 -1.0 -1.0 -1.0 0.0 0.3245823068842217 0.34749874652696455 0.327918946588814
9 129.0 0.0 -1.0 -1.0 -1.0 0.0 0.3379843629412575 0.3252353716858923 0.3367802653728502
9 130.0 0.0 -1.0 -1.0 -1.0 0.0 0.3400836274846841 0.32926666773764474 0.3306497047776712
9 131.0 0.0 -1.0 -1.0 -1.0 0.0 0.35243559563248217 0.3212415088783011 0.3263228954892166
9 132.0 0.0 -1.0 -1.0 -1.0 0.0 0.30788552611906594 0.33269575803200757 0.35941871584892654
9 133.0 0.0 -1.0 -1.0 -1.0 0.0 0.3262693609332399 0.3367367447736478 0.33699389429311233
9 134.0 0.0 -1.0 -1.0 -1.0 0.0 0.3290377606811947 0.3394960173694194 0.33146622194938585
9 135.0 0.0 -1.0 -1.0 -1.0 0.0 0.3393914188213189 0.3388932202979418 0.32171536088073927
9 136.0 0.0 -1.0 -1.0 -1.0 0.0 0.3510297072203925 0.33853399800370015 0.31043629477590756
9 137.0 0.0 -1.0 -1.0 -1.0 0.0 0.35115125291505855 0.3606408764427165 0.28820787064222486
9 138.0 0.0 -1.0 -1.0 -1.0 0.0 0.3440127171107896 0.33928354816336326 0.316703734725847
9 139.0 0.0 -1.0 -1.0 -1.0 0.0 0.3298069329457828 0.33669562149720555 0.33349744555701194
9 140.0 0.0 -1.0 -1.0 -1.0 0.0 0.34259926223251563 0.34198151160755313 0.3154192261599309
9 141.0 0.0 -1.0 -1.0 -1.0 0.0 0.3480823927642064 0.34465947349533915 0.3072581337404545
9 142.0 0.0 -1.0 -1.0 -1.0 0.0 0.3820510344373569 0.3207531837725874 0.29719578179005607
9 143.0 0.0 -1.0 -1.0 -1.0 0.0 0.34501218962648894 0.3262960187898826 0.3286917915836283
9 144.0 0.0 -1.0 -1.0 -1.0 0.0 0.3540423882774004 0.31675760336439557 0.32920000835820384
9 145.0 0.0 -1.0 -1.0 -1.0 0.0 0.34006920666584795 0.3290641937211813 0.33086659961297094
9 146.0 0.0 -1.0 -1.0 -1.0 0.0 0.31654708240843005 0.3424564078941464 0.3409965096974236
9 147.0 0.0 -1.0 -1.0 -1.0 0.0 0.33442104548779494 0.3299448812258269 0.3356340732863782
9 148.0 0.0 -1.0 -1.0 -1.0 0.0 0.34057863443335074 0.32731389709301906 0.3321074684736303
9 149.0 0.0 -1.0 -1.0 -1.0 0.0 0.33304374021123406 0.3467129616768771 0.3202432981118888
9 150.0 0.0 -1.0 -1.0 -1.0 0.0 0.3437111234086241 0.32880049692586705 0.3274883796655089
9 151.0 0.0 -1.0 -1.0 -1.0 0.0 0.3422943378221101 0.3339001800482808 0.3238054821296093
9 152.0 0.0 -1.0 -1.0 -1.0 0.0 0.3192030790764504 0.3604187685921438 0.32037815233140565
9 153.0 0.0 -1.0 -1.0 -1.0 0.0 0.3022011824900998 0.35639307258321173 0.34140574492668835
9 154.0 0.0 -1.0 -1.0 -1.0 0.0 0.3070869481397698 0.3368059127158938 0.35610713914433645
9 155.0 0.0 -1.0 -1.0 -1.0 0.0 0.3412403957982599 0.3258803215307302 0.33287928267100986
9 156.0 0.0 -1.0 -1.0 -1.0 0.0 0.3461642028354411 0.3117728514826167 0.3420629456819424
9 157.0 0.0 -1.0 -1.0 -1.0 0.0 0.3553073195434158 0.2985451485956599 0.3461475318609243
9 158.0 0.0 -1.0 -1.0 -1.0 0.0 0.35426655465308954 0.29999314323372106 0.3457403021131892
9 159.0 0.0 -1.0 -1.0 -1.0 0.0 0.3549747357268732 0.29773963919183094 0.34728562508129607
9 160.0 0.0 -1.0 -1.0 -1.0 0.0 0.36700088907238937 0.2957363941893092 0.3372627167383014
9 161.0 0.0 -1.0 -1.0 -1.0 0.0 0.3565724954177227 0.31031318885214865 0.33311431573012873
9 162.0 0.0 -1.0 -1.0 -1.0 0.0 0.35937295185117324 0.288208465645689 0.3524185825031377
9 163.0 0.0 -1.0 -1.0 -1.0 0.0 0.3682386969362432 0.2755339296559846 0.3562273734077723
9 164.0 0.0 -1.0 -1.0 -1.0 0.0 0.358852954050418 0.28703384124291986 0.354113204706662
9 165.0 0.0 -1.0 -1.0 -1.0 0.0 0.36318485330824885 0.2929977553271163 0.3438173913646347
9 166.0 0.0 -1.0 -1.0 -1.0 0.0 0.3452184297720431 0.31666646131001364 0.3381151089179435
9 167.0 0.0 -1.0 -1.0 -1.0 0.0 0.3597224503094688 0.3188938978579523 0.32138365183257894
9 168.0 0.0 -1.0 -1.0 -1.0 0.0 0.36361093567822067 0.31003700505505416 0.326352059266725
9 169.0 0.0 -1.0 -1.0 -1.0 0.0 0.3431604026259693 0.3298411104388248 0.32699848693520583
9 170.0 0.0 -1.0 -1.0 -1.0 0.0 0.35434837646969536 0.33620995546734916 0.30944166806295537
9 171.0 0.0 -1.0 -1.0 -1.0 0.0 0.3412210942471624 0.36325364051848624 0.2955252652343512
9 172.0 0.0 -1.0 -1.0 -1.0 0.0 0.3592512095010013 0.32825170596181846 0.3124970845371803
9 173.0 0.0 -1.0 -1.0 -1.0 0.0 0.35925881987747366 0.31170204294214576 0.32903913718038064
9 174.0 0.0 -1.0 -1.0 -1.0 0.0 0.35244628527107097 0.330253146395475 0.31730056833345416
9 175.0 0.0 -1.0 -1.0 -1.0 0.0 0.33859400956190167 0.3366355209769136 0.3247704694611847
9 176.0 0.0 -1.0 -1.0 -1.0 0.0 0.3224842207628232 0.3269777062405605 0.35053807299661677
9 177.0 0.0 -1.0 -1.0 -1.0 0.0 0.33108867388795704 0.3320608560606794 0.3368504700513635
9 178.0 0.0 -1.0 -1.0 -1.0 0.0 0.31390357303039296 0.3399150420435305 0.3461813849260767
9 179.0 0.0 -1.0 -1.0 -1.0 0.0 0.29689918518686276 0.35030821280506586 0.3527926020080718
9 180.0 0.0 -1.0 -1.0 -1.0 0.0 0.30462907265136724 0.32569251205059757 0.369678415298035
9 181.0 0.0 -1.0 -1.0 -1.0 0.0 0.27931107523521387 0.33522560969020126 0.3854633150745849
9 182.0 0.0 -1.0 -1.0 -1.0 0.0 0.3107092699127506 0.3150736371378164 0.37421709294943317
9 183.0 0.0 -1.0 -1.0 -1.0 0.0 0.3118410964574094 0.3068891428885019 0.38126976065408835
9 184.0 0.0 -1.0 -1.0 -1.0 0.0 0.2991173315554491 0.3142153602787923 0.38666730816575856
9 185.0 0.0 -1.0 -1.0 -1.0 0.0 0.2980262944363523 0.30910804442924944 0.3928656611343984
9 186.0 0.0 -1.0 -1.0 -1.0 0.0 0.3310426714414727 0.32201908580118493 0.3469382427573424
9 187.0 0.0 -1.0 -1.0 -1.0 0.0 0.3177454239895162 0.3374774295195445 0.3447771464909392
9 188.0 0.0 -1.0 -1.0 -1.0 0.0 0.3025361215635993 0.3341097710807305 0.36335410735566986
9 189.0 0.0 -1.0 -1.0 -1.0 0.0 0.34273436899334475 0.29166009198375326 0.3656055390229019
9 190.0 0.0 -1.0 -1.0 -1.0 0.0 0.3406891190967093 0.31720436108950545 0.34210651981378537
9 191.0 0.0 -1.0 -1.0 -1.0 0.0 0.3391114370055538 0.30811760543910477 0.35277095755534177
9 192.0 0.0 -1.0 -1.0 -1.0 0.0 0.3420720532896471 0.3297569823560326 0.32817096435432025
9 193.0 0.0 -1.0 -1.0 -1.0 0.0 0.3362890779143794 0.3360537856597767 0.3276571364258437
9 194.0 0.0 -1.0 -1.0 -1.0 0.0 0.3280499487417493 0.34204082386246554 0.32990922739578515
9 195.0 0.0 -1.0 -1.0 -1.0 0.0 0.32257041545705173 0.35189009418488865 0.32553949035805957
9 196.0 0.0 -1.0 -1.0 -1.0 0.0 0.32845689907092646 0.3278952981514333 0.3436478027776403
9 197.0 0.0 -1.0 -1.0 -1.0 0.0 0.3212303599522573 0.3272094426945855 0.3515601973531571
9 198.0 0.0 -1.0 -1.0 -1.0 0.0 0.3250675020033521 0.3334911864606096 0.34144131153603857
9 199.0 0.0 -1.0 -1.0 -1.0 0.0 0.31169788188011693 0.30965122947766804 0.3786508886422149
9 200.0 0.0 -1.0 -1.0 -1.0 0.0 0.32422347852803596 0.3252077747843448 0.3505687466876193
9 201.0 0.0 -1.0 -1.0 -1.0 0.0 0.3353773932707495 0.31473261078722636 0.3498899959420243
9 202.0 0.0 -1.0 -1.0 -1.0 0.0 0.33318653348030247 0.30723991089348607 0.3595735556262117
9 203.0 0.0 -1.0 -1.0 -1.0 0.0 0.33937201634052067 0.32209080954468466 0.3385371741147942
9 204.0 0.0 -1.0 -1.0 -1.0 0.0 0.35132290426383184 0.334714697715984 0.31396239802018405
9 205.0 0.0 -1.0 -1.0 -1.0 0.0 0.3686399457652132 0.31615736929116117 0.3152026849436254
9 206.0 0.0 -1.0 -1.0 -1.0 0.0 0.36286783206723827 0.31221852783016085 0.3249136401026009
9 207.0 0.0 -1.0 -1.0 -1.0 0.0 0.37852320218120455 0.3098359808042741 0.3116408170145214
9 208.0 0.0 -1.0 -1.0 -1.0 0.0 0.3461895112595478 0.31611648504913453 0.33769400369131786
9 209.0 0.0 -1.0 -1.0 -1.0 0.0 0.34301319333787356 0.3140283003621738 0.3429585062999527
9 210.0 0.0 -1.0 -1.0 -1.0 0.0 0.3694492084938912 0.29855057255729117 0.3320002189488178
9 211.0 0.0 -1.0 -1.0 -1.0 0.0 0.3474029746933816 0.31712328485952 0.33547374044709843
9 212.0 0.0 -1.0 -1.0 -1.0 0.0 0.3399339208559881 0.33200899920784915 0.32805707993616245
9 213.0 0.0 -1.0 -1.0 -1.0 0.0 0.3520015023505709 0.3510138512384169 0.2969846464110118
9 214.0 0.0 -1.0 -1.0 -1.0 0.0 0.3353943410863275 0.37078090118650797 0.29382475772716476
9 215.0 0.0 -1.0 -1.0 -1.0 0.0 0.3527825650277965 0.3574593393092165 0.28975809566298727
9 216.0 0.0 -1.0 -1.0 -1.0 0.0 0.346052822661818 0.3680209363478131 0.285926240990369
9 217.0 0.0 -1.0 -1.0 -1.0 0.0 0.3589518865178886 0.3490108259590607 0.2920372875230507
9 218.0 0.0 -1.0 -1.0 -1.0 0.0 0.3798108516216015 0.34991652191005224 0.2702726264683461
9 219.0 0.0 -1.0 -1.0 -1.0 0.0 0.36734577211487435 0.34307124749536216 0.28958298038976354
9 220.0 0.0 -1.0 -1.0 -1.0 0.0 0.3742485710761247 0.3401075647991819 0.28564386412469345
9 221.0 0.0 -1.0 -1.0 -1.0 0.0 0.36218702218950666 0.349395081717757 0.2884178960927364
9 222.0 0.0 -1.0 -1.0 -1.0 0.0 0.34049796522963177 0.3776615509103619 0.28184048386000626
9 223.0 0.0 -1.0 -1.0 -1.0 0.0 0.34667014107898303 0.37030403580201093 0.28302582311900587
9 224.0 0.0 -1.0 -1.0 -1.0 0.0 0.34039864450159646 0.3636977864036446 0.2959035690947588
9 225.0 0.0 -1.0 -1.0 -1.0 0.0 0.33362963049725325 0.36582174188493966 0.300548627617807
9 226.0 0.0 -1.0 -1.0 -1.0 0.0 0.3307464297179469 0.35098560908942944 0.3182679611926239
9 227.0 0.0 -1.0 -1.0 -1.0 0.0 0.3350280444111346 0.32374041562367223 0.3412315399651931
9 228.0 0.0 -1.0 -1.0 -1.0 0.0 0.35574232316097626 0.32205641960829645 0.3222012572307272
9 229.0 0.0 -1.0 -1.0 -1.0 0.0 0.3462519405752992 0.3253328386770129 0.32841522074768775
9 230.0 0.0 -1.0 -1.0 -1.0 0.0 0.3285959491746774 0.33802402657804576 0.33338002424727686
9 231.0 0.0 -1.0 -1.0 -1.0 0.0 0.3256485286631253 0.3517648614070323 0.32258660992984245
9 232.0 0.0 -1.0 -1.0 -1.0 0.0 0.3094942071145235 0.3617907854550178 0.3287150074304586
9 233.0 0.0 -1.0 -1.0 -1.0 0.0 0.33000351330929695 0.3408159436978908 0.3291805429928125
9 234.0 0.0 -1.0 -1.0 -1.0 0.0 0.3212074193277861 0.35031310576872143 0.3284794749034923
9 235.0 0.0 -1.0 -1.0 -1.0 0.0 0.3185049909518333 0.3316146396100853 0.34988036943808176
9 236.0 0.0 -1.0 -1.0 -1.0 0.0 0.34107027494920444 0.3096369243332161 0.3492928007175795
9 237.0 0.0 -1.0 -1.0 -1.0 0.0 0.3391410180931737 0.3175741754081319 0.34328480649869436
9 238.0 0.0 -1.0 -1.0 -1.0 0.0 0.33489374415770373 0.3322549845408533 0.332851271301443
9 239.0 0.0 -1.0 -1.0 -1.0 0.0 0.3290937147600813 0.28693696388582035 0.3839693213540986
9 240.0 0.0 -1.0 -1.0 -1.0 0.0 0.38125899708235783 0.2697098679328813 0.34903113498476074
9 241.0 0.0 -1.0 -1.0 -1.0 0.0 0.3765136965129375 0.27827112691938244 0.34521517656767997
9 242.0 0.0 -1.0 -1.0 -1.0 0.0 0.37328821062646433 0.2882241681409399 0.3384876212325956
9 243.0 0.0 -1.0 -1.0 -1.0 0.0 0.37608166657065145 0.2876027026117767 0.33631563081757193
9 244.0 0.0 -1.0 -1.0 -1.0 0.0 0.3529715576325515 0.3011429666847503 0.3458854756826981
9 245.0 0.0 -1.0 -1.0 -1.0 0.0 0.3513240823060173 0.3046469594475566 0.34402895824642604
9 246.0 0.0 -1.0 -1.0 -1.0 0.0 0.358602696517142 0.3103483468589857 0.3310489566238721
9 247.0 0.0 -1.0 -1.0 -1.0 0.0 0.3498368821920059 0.31709506423428624 0.3330680535737079
9 248.0 0.0 -1.0 -1.0 -1.0 0.0 0.3542327502496072 0.3287459414974734 0.31702130825291935
9 249.0 0.0 -1.0 -1.0 -1.0 0.0 0.32721524421265125 0.3324496380789425 0.34033511770840624
9 250.0 0.0 -1.0 -1.0 -1.0 0.0 0.32070481457334227 0.3406720854399514 0.3386230999867063
9 251.0 0.0 -1.0 -1.0 -1.0 0.0 0.3002444716073061 0.3450443377453709 0.35471119064732304
9 252.0 0.0 -1.0 -1.0 -1.0 0.0 0.3243897197986258 0.31302528440007527 0.36258499580129916
9 253.0 0.0 -1.0 -1.0 -1.0 0.0 0.34222748161007 0.3131101961136402 0.34466232227628973
9 254.0 0.0 -1.0 -1.0 -1.0 0.0 0.3483898040263014 0.33775978453142913 0.31385041144226977
9 255.0 0.0 -1.0 -1.0 -1.0 0.0 0.3593194641602741 0.3087948382035086 0.33188569763621734
9 256.0 0.0 -1.0 -1.0 -1.0 0.0 0.3496101904058253 0.31000106870148003 0.3403887408926947
9 257.0 0.0 -1.0 -1.0 -1.0 0.0 0.3318353578218906 0.3225665266051188 0.34559811557299047
9 258.0 0.0 -1.0 -1.0 -1.0 0.0 0.35335771594628634 0.3320440883830455 0.31459819567066816
9 259.0 0.0 -1.0 -1.0 -1.0 0.0 0.3567329851275264 0.3199017784264868 0.32336523644598714
9 260.0 0.0 -1.0 -1.0 -1.0 0.0 0.34868221882502026 0.3262855863692014 0.3250321948057784
9 261.0 0.0 -1.0 -1.0 -1.0 0.0 0.35023806306421434 0.30670261399927196 0.34305932293651337
9 262.0 0.0 -1.0 -1.0 -1.0 0.0 0.310773027310626 0.33099348350010355 0.3582334891892706
9 263.0 0.0 -1.0 -1.0 -1.0 0.0 0.33452295407916255 0.3349235000458144 0.3305535458750233
9 264.0 0.0 -1.0 -1.0 -1.0 0.0 0.3315086739607798 0.3662953869479775 0.3021959390912429
9 265.0 0.0 -1.0 -1.0 -1.0 0.0 0.34445481252440774 0.35064181129100164 0.30490337618459085
9 266.0 0.0 -1.0 -1.0 -1.0 0.0 0.3404711663113409 0.33579954442208015 0.32372928926657907
9 267.0 0.0 -1.0 -1.0 -1.0 0.0 0.3412527052615253 0.3425130848579361 0.31623420988053846
9 268.0 0.0 -1.0 -1.0 -1.0 0.0 0.33056317863306606 0.3414109652452894 0.3280258561216445
9 269.0 0.0 -1.0 -1.0 -1.0 0.0 0.3416099408279536 0.34092635917365444 0.31746369999839186
9 270.0 0.0 -1.0 -1.0 -1.0 0.0 0.3560532031441599 0.3294466397340913 0.3145001571217489
9 271.0 0.0 -1.0 -1.0 -1.0 0.0 0.38770747826204827 0.33128446759220576 0.2810080541457463
9 272.0 0.0 -1.0 -1.0 -1.0 0.0 0.3703649556189062 0.3142030120531097 0.3154320323279845
9 273.0 0.0 -1.0 -1.0 -1.0 0.0 0.36336528958724346 0.31417321452524777 0.3224614958875086
9 274.0 0.0 -1.0 -1.0 -1.0 0.0 0.37353656830883714 0.314538285204349 0.31192514648681374
9 275.0 0.0 -1.0 -1.0 -1.0 0.0 0.35351365414104763 0.32180516780462587 0.3246811780543264
9 276.0 0.0 -1.0 -1.0 -1.0 0.0 0.3373599411822114 0.33917605525613076 0.3234640035616581
9 277.0 0.0 -1.0 -1.0 -1.0 0.0 0.3650416406197188 0.3481321552762677 0.2868262041040136
9 278.0 0.0 -1.0 -1.0 -1.0 0.0 0.38121392477814614 0.34209920959379525 0.27668686562805905
9 279.0 0.0 -1.0 -1.0 -1.0 0.0 0.37254652280864065 0.33565172616283534 0.291801751028524
9 280.0 0.0 -1.0 -1.0 -1.0 0.0 0.34971835476443863 0.3452919357829318 0.3049897094526294
9 281.0 0.0 -1.0 -1.0 -1.0 0.0 0.32996273212061067 0.33870824152893897 0.33132902635045064
9 282.0 0.0 -1.0 -1.0 -1.0 0.0 0.3492820773947419 0.34604600254859735 0.30467192005666105
9 283.0 0.0 -1.0 -1.0 -1.0 0.0 0.3598758685684308 0.3270884137028156 0.3130357177287534
9 284.0 0.0 -1.0 -1.0 -1.0 0.0 0.36024125632782744 0.3210123322559475 0.3187464114162253
9 285.0 0.0 -1.0 -1.0 -1.0 0.0 0.32782770436007924 0.31315348643696583 0.359018809202955
9 286.0 0.0 -1.0 -1.0 -1.0 0.0 0.3198903617631395 0.32706565193451764 0.35304398630234274
9 287.0 0.0 -1.0 -1.0 -1.0 0.0 0.3369143664162687 0.3442730042349907 0.3188126293487407
9 288.0 0.0 -1.0 -1.0 -1.0 0.0 0.3366983325040026 0.3449942383719464 0.3183074291240512
9 289.0 0.0 -1.0 -1.0 -1.0 0.0 0.350415592132055 0.33498261250324535 0.31460179536469984
9 290.0 0.0 -1.0 -1.0 -1.0 0.0 0.3179585848935854 0.34826252031149424 0.3337788947949203
9 291.0 0.0 -1.0 -1.0 -1.0 0.0 0.30239101691727976 0.36629273283930913 0.3313162502434108
9 292.0 0.0 -1.0 -1.0 -1.0 0.0 0.2883510727002975 0.37353600134923715 0.3381129259504656
9 293.0 0.0 -1.0 -1.0 -1.0 0.0 0.31890095469059654 0.3459956927248588 0.3351033525845446
9 294.0 0.0 -1.0 -1.0 -1.0 0.0 0.3356715160701643 0.3299600830119087 0.3343684009179272
9 295.0 0.0 -1.0 -1.0 -1.0 0.0 0.3667200061983391 0.3249323756649206 0.3083476181367399
9 296.0 0.0 -1.0 -1.0 -1.0 0.0 0.38078478256458015 0.3159494167214336 0.3032658007139862
9 297.0 0.0 -1.0 -1.0 -1.0 0.0 0.37571401914244906 0.31010853108327874 0.31417744977427203
9 298.0 0.0 -1.0 -1.0 -1.0 0.0 0.39108305688125194 0.29063409177125654 0.3182828513474912
9 299.0 0.0 -1.0 -1.0 -1.0 0.0 0.3745607475640499 0.32357158207107367 0.3018676703648765
9 300.0 0.0 -1.0 -1.0 -1.0 0.0 0.3217965701139569 0.34873729546428733 0.3294661344217556
9 301.0 0.0 -1.0 -1.0 -1.0 0.0 0.32718337499371564 0.3746149441896475 0.29820168081663684
9 302.0 0.0 -1.0 -1.0 -1.0 0.0 0.34299430706618755 0.34728309949108727 0.30972259344272485
9 303.0 0.0 -1.0 -1.0 -1.0 0.0 0.31944608425506266 0.348340660067019 0.3322132556779182
9 304.0 0.0 -1.0 -1.0 -1.0 0.0 0.340206140776579 0.3612183499585872 0.2985755092648338
9 305.0 0.0 -1.0 -1.0 -1.0 0.0 0.3353864569219802 0.34838163184233095 0.3162319112356888
9 306.0 0.0 -1.0 -1.0 -1.0 0.0 0.33435884323234366 0.33451093035766155 0.33113022640999495
9 307.0 0.0 -1.0 -1.0 -1.0 0.0 0.3115310998648888 0.3487701553365456 0.33969874479856577
9 308.0 0.0 -1.0 -1.0 -1.0 0.0 0.31611952600279136 0.3495727345737717 0.3343077394234368
9 309.0 0.0 -1.0 -1.0 -1.0 0.0 0.3244662835506802 0.35085520715020563 0.3246785092991143
9 310.0 0.0 -1.0 -1.0 -1.0 0.0 0.3134331758551192 0.35227587400565014 0.33429095013923066
9 311.0 0.0 -1.0 -1.0 -1.0 0.0 0.3098586501888337 0.3509816884220338 0.33915966138913234
9 312.0 0.0 -1.0 -1.0 -1.0 0.0 0.31806050926381935 0.3292713301011553 0.3526681606350254
9 313.0 0.0 -1.0 -1.0 -1.0 0.0 0.3110776006526652 0.34185721725136203 0.34706518209597287
9 314.0 0.0 -1.0 -1.0 -1.0 0.0 0.31848273841215535 0.3408907825038338 0.34062647908401106
9 315.0 0.0 -1.0 -1.0 -1.0 0.0 0.3124585197395694 0.3323286351788151 0.3552128450816152
9 316.0 0.0 -1.0 -1.0 -1.0 0.0 0.32968895569497625 0.343556145726154 0.3267548985788696
9 317.0 0.0 -1.0 -1.0 -1.0 0.0 0.32574228761044904 0.36666498750169607 0.307592724887855
9 318.0 0.0 -1.0 -1.0 -1.0 0.0 0.33666499351929396 0.388261786965351 0.275073219515355
9 319.0 0.0 -1.0 -1.0 -1.0 0.0 0.3377982237592274 0.3778683642734494 0.2843334119673234
9 320.0 0.0 -1.0 -1.0 -1.0 0.0 0.3161376264959669 0.393205211304073 0.29065716219996
9 321.0 0.0 -1.0 -1.0 -1.0 0.0 0.31963304490353467 0.3755975439388344 0.3047694111576307
9 322.0 0.0 -1.0 -1.0 -1.0 0.0 0.3337816720401743 0.3567668990511722 0.3094514289086536
9 323.0 0.0 -1.0 -1.0 -1.0 0.0 0.3249085027639159 0.35271367625298006 0.3223778209831043
9 324.0 0.0 -1.0 -1.0 -1.0 0.0 0.3340677235427044 0.36775688685866015 0.2981753895986351
9 325.0 0.0 -1.0 -1.0 -1.0 0.0 0.35273292644448984 0.3704854085139913 0.2767816650415187
9 326.0 0.0 -1.0 -1.0 -1.0 0.0 0.34033469849583986 0.37586810357383227 0.28379719793032776
9 327.0 0.0 -1.0 -1.0 -1.0 0.0 0.3551684967374693 0.3743678049393744 0.27046369832315603
9 328.0 0.0 -1.0 -1.0 -1.0 0.0 0.35528319881428433 0.35655168020565164 0.28816512098006386
9 329.0 0.0 -1.0 -1.0 -1.0 0.0 0.32600580438027527 0.36876456624751136 0.3052296293722136
9 330.0 0.0 -1.0 -1.0 -1.0 0.0 0.31124000433583854 0.35997904970323874 0.32878094596092294
9 331.0 0.0 -1.0 -1.0 -1.0 0.0 0.32377848844720347 0.33614474462448257 0.34007676692831373
9 332.0 0.0 -1.0 -1.0 -1.0 0.0 0.33024145382509473 0.33987373845510044 0.32988480771980505
9 333.0 0.0 -1.0 -1.0 -1.0 0.0 0.3313315485460982 0.33646100951622493 0.3322074419376771
9 334.0 0.0 -1.0 -1.0 -1.0 0.0 0.3191454375046971 0.3175323433136873 0.3633222191816157
9 335.0 0.0 -1.0 -1.0 -1.0 0.0 0.35148086174552945 0.3065278301013738 0.34199130815309653
9 336.0 0.0 -1.0 -1.0 -1.0 0.0 0.32472077737581306 0.3130664325601268 0.3622127900640604
9 337.0 0.0 -1.0 -1.0 -1.0 0.0 0.33876478313358793 0.2866560987216207 0.3745791181447913
9 338.0 0.0 -1.0 -1.0 -1.0 0.0 0.3460123911250827 0.2766234545948827 0.37736415428003484
9 339.0 0.0 -1.0 -1.0 -1.0 0.0 0.34084477444891037 0.28812306375325997 0.37103216179782955
9 340.0 0.0 -1.0 -1.0 -1.0 0.0 0.34044116330027696 0.3096940867477932 0.3498647499519298
9 341.0 0.0 -1.0 -1.0 -1.0 0.0 0.340240296417017 0.33189286999828044 0.3278668335847026
9 342.0 0.0 -1.0 -1.0 -1.0 0.0 0.31767085509654835 0.3606524067536347 0.32167673814981684
9 343.0 0.0 -1.0 -1.0 -1.0 0.0 0.32822759916979033 0.3640078298543746 0.307764570975835
9 344.0 0.0 -1.0 -1.0 -1.0 0.0 0.3316963589235053 0.34598013194137495 0.32232350913512015
9 345.0 0.0 -1.0 -1.0 -1.0 0.0 0.3417399290119507 0.3455763714618258 0.31268369952622344
9 346.0 0.0 -1.0 -1.0 -1.0 0.0 0.34308806477930204 0.3473094453862419 0.309602489834456
9 347.0 0.0 -1.0 -1.0 -1.0 0.0 0.33703481785982625 0.3448298577410054 0.31813532439916836
9 348.0 0.0 -1.0 -1.0 -1.0 0.0 0.3401722250201089 0.343907236553852 0.315920538426039
9 349.0 0.0 -1.0 -1.0 -1.0 0.0 0.3294693993082723 0.3390437406475026 0.33148686004422523
9 350.0 0.0 -1.0 -1.0 -1.0 0.0 0.3578268449835189 0.3502326347838075 0.2919405202326738
9 351.0 0.0 -1.0 -1.0 -1.0 0.0 0.35541962577714864 0.33168213664014246 0.3128982375827087
9 352.0 0.0 -1.0 -1.0 -1.0 0.0 0.3518641612480179 0.3185649529824929 0.3295708857694893
9 353.0 0.0 -1.0 -1.0 -1.0 0.0 0.3482370028030629 0.3106479706820549 0.3411150265148822
9 354.0 0.0 -1.0 -1.0 -1.0 0.0 0.3468822375885447 0.3127873933775183 0.3403303690339367
9 355.0 0.0 -1.0 -1.0 -1.0 0.0 0.3399515415891006 0.3318349322255574 0.32821352618534194
9 356.0 0.0 -1.0 -1.0 -1.0 0.0 0.34160977753896465 0.3636015047852195 0.2947887176758159
9 357.0 0.0 -1.0 -1.0 -1.0 0.0 0.33749974055741844 0.35896195158908883 0.303538307853493
9 358.0 0.0 -1.0 -1.0 -1.0 0.0 0.3293551780588198 0.34509530129943544 0.32554952064174464
9 359.0 0.0 -1.0 -1.0 -1.0 0.0 0.3570062949486551 0.3250177567712106 0.3179759482801339
9 360.0 0.0 -1.0 -1.0 -1.0 0.0 0.3178418134977259 0.34900273984656977 0.3331554466557044
9 361.0 0.0 -1.0 -1.0 -1.0 0.0 0.3350388304814158 0.33548802188705273 0.3294731476315312
9 362.0 0.0 -1.0 -1.0 -1.0 0.0 0.3136519100248588 0.3429639765080275 0.34338411346711367
9 363.0 0.0 -1.0 -1.0 -1.0 0.0 0.3129863264253784 0.3485660940897071 0.33844757948491444
9 364.0 0.0 -1.0 -1.0 -1.0 0.0 0.2945642331245891 0.358880280271241 0.34655548660416974
9 365.0 0.0 -1.0 -1.0 -1.0 0.0 0.30855808284105285 0.355743818021879 0.3356980991370683
9 366.0 0.0 -1.0 -1.0 -1.0 0.0 0.3061572211776621 0.3569433427809501 0.3368994360413879
9 367.0 0.0 -1.0 -1.0 -1.0 0.0 0.32479748248542734 0.3337014127514579 0.34150110476311446
9 368.0 0.0 -1.0 -1.0 -1.0 0.0 0.33555633850353295 0.31563137194664626 0.3488122895498208
9 369.0 0.0 -1.0 -1.0 -1.0 0.0 0.3346042791286798 0.34775916234828425 0.317636558523036
9 370.0 0.0 -1.0 -1.0 -1.0 0.0 0.33852608146680196 0.3354209124936849 0.326053006039513
9 371.0 0.0 -1.0 -1.0 -1.0 0.0 0.3507068100917492 0.32590135320780367 0.32339183670044713
9 372.0 0.0 -1.0 -1.0 -1.0 0.0 0.36062618266970864 0.3356145869896182 0.30375923034067315
9 373.0 0.0 -1.0 -1.0 -1.0 0.0 0.36514138272860724 0.3263264582744983 0.3085321589968943
9 374.0 0.0 -1.0 -1.0 -1.0 0.0 0.3400557851749664 0.3319947606478324 0.32794945417720134
9 375.0 0.0 -1.0 -1.0 -1.0 0.0 0.3457475941346862 0.31350904618948905 0.3407433596758245
9 376.0 0.0 -1.0 -1.0 -1.0 0.0 0.34223242433542933 0.3047333941315164 0.3530341815330542
9 377.0 0.0 -1.0 -1.0 -1.0 0.0 0.31181499083293324 0.3466967105772239 0.34148829858984286
9 378.0 0.0 -1.0 -1.0 -1.0 0.0 0.29764262394820096 0.34179924106814896 0.36055813498364997
9 379.0 0.0 -1.0 -1.0 -1.0 0.0 0.29139597475944934 0.35544419821284623 0.3531598270277043
9 380.0 0.0 -1.0 -1.0 -1.0 0.0 0.28287065730762895 0.3948346594222163 0.32229468327015487
9 381.0 0.0 -1.0 -1.0 -1.0 0.0 0.29255588947510686 0.39622402953519625 0.31122008098969667
9 382.0 0.0 -1.0 -1.0 -1.0 0.0 0.31068040637951677 0.35682832444453977 0.3324912691759434
9 383.0 0.0 -1.0 -1.0 -1.0 0.0 0.31159432847432256 0.3473722740549657 0.3410333974707118
9 384.0 0.0 -1.0 -1.0 -1.0 0.0 0.30019889132022476 0.34837528511615795 0.35142582356361723
9 385.0 0.0 -1.0 -1.0 -1.0 0.0 0.3055664941720699 0.32773010831223764 0.3667033975156924
9 386.0 0.0 -1.0 -1.0 -1.0 0.0 0.3035319578110546 0.3220711515599494 0.3743968906289961
9 387.0 0.0 -1.0 -1.0 -1.0 0.0 0.3452520689369126 0.28286219572149035 0.37188573534159697
9 388.0 0.0 -1.0 -1.0 -1.0 0.0 0.3237633709693393 0.3097047374688296 0.36653189156183097
9 389.0 0.0 -1.0 -1.0 -1.0 0.0 0.30873274838925463 0.3052456004770358 0.38602165113370934
9 390.0 0.0 -1.0 -1.0 -1.0 0.0 0.3091338338897951 0.2863983633292753 0.4044678027809296
9 391.0 0.0 -1.0 -1.0 -1.0 0.0 0.318333845772111 0.26935898099950434 0.41230717322838456
9 392.0 0.0 -1.0 -1.0 -1.0 0.0 0.3254066473303323 0.28679124629838276 0.38780210637128504
9 393.0 0.0 -1.0 -1.0 -1.0 0.0 0.3327971707052616 0.29499443551017507 0.3722083937845634
9 394.0 0.0 -1.0 -1.0 -1.0 0.0 0.33139150786622884 0.29066917891169985 0.37793931322207136
9 395.0 0.0 -1.0 -1.0 -1.0 0.0 0.33182103919443434 0.30475649504563956 0.3634224657599262
9 396.0 0.0 -1.0 -1.0 -1.0 0.0 0.3502006257838835 0.3124355006863949 0.3373638735297215
9 397.0 0.0 -1.0 -1.0 -1.0 0.0 0.3248352856906908 0.32343164020252557 0.35173307410678356
9 398.0 0.0 -1.0 -1.0 -1.0 0.0 0.31555977081229447 0.3158819567469 0.3685582724408055
9 399.0 0.0 -1.0 -1.0 -1.0 0.0 0.3394271940929671 0.32955509954487816 0.3310177063621546
9 400.0 0.0 -1.0 -1.0 -1.0 0.0 0.3472280733830578 0.34163479421472687 0.31113713240221513
9 401.0 0.0 -1.0 -1.0 -1.0 0.0 0.35223168440454067 0.34595597421700075 0.30181234137845836
9 402.0 0.0 -1.0 -1.0 -1.0 0.0 0.3559697683238622 0.33630108683692683 0.3077291448392113
9 403.0 0.0 -1.0 -1.0 -1.0 0.0 0.3612291764330676 0.34792223964583324 0.290848583921099
9 404.0 0.0 -1.0 -1.0 -1.0 0.0 0.3622303451812372 0.3252683835216012 0.3125012712971615
9 405.0 0.0 -1.0 -1.0 -1.0 0.0 0.3564514791610924 0.33913038654943095 0.3044181342894767
9 406.0 0.0 -1.0 -1.0 -1.0 0.0 0.36833657620667465 0.3273762178991859 0.30428720589413955
9 407.0 0.0 -1.0 -1.0 -1.0 0.0 0.34320701421380145 0.3402125114749859 0.31658047431121294
9 408.0 0.0 -1.0 -1.0 -1.0 0.0 0.3619975055684425 0.32631915392448413 0.3116833405070734
9 409.0 0.0 -1.0 -1.0 -1.0 0.0 0.35607292210606706 0.307398184451464 0.33652889344246917
9 410.0 0.0 -1.0 -1.0 -1.0 0.0 0.3271598214200222 0.3368871291807892 0.33595304939918863
9 411.0 0.0 -1.0 -1.0 -1.0 0.0 0.317110588345669 0.3383979752431857 0.3444914364111453
9 412.0 0.0 -1.0 -1.0 -1.0 0.0 0.31579803140367607 0.33275155684770036 0.35145041174862357
9 413.0 0.0 -1.0 -1.0 -1.0 0.0 0.28614056447862846 0.3737411295091284 0.3401183060122432
9 414.0 0.0 -1.0 -1.0 -1.0 0.0 0.30234357348712565 0.36211658802802144 0.33553983848485275
9 415.0 0.0 -1.0 -1.0 -1.0 0.0 0.30964451973506274 0.3747479525736103 0.31560752769132683
9 416.0 0.0 -1.0 -1.0 -1.0 0.0 0.31133817663303825 0.3802065003857911 0.3084553229811709
9 417.0 0.0 -1.0 -1.0 -1.0 0.0 0.341784037732616 0.3381785798809496 0.32003738238643437
9 418.0 0.0 -1.0 -1.0 -1.0 0.0 0.34207512806857837 0.3221878568064913 0.3357370151249303
9 419.0 0.0 -1.0 -1.0 -1.0 0.0 0.3423666437664155 0.3314626290743967 0.32617072715918793
9 420.0 0.0 -1.0 -1.0 -1.0 0.0 0.3578351117232477 0.32214454159583256 0.3200203466809198
9 421.0 0.0 -1.0 -1.0 -1.0 0.0 0.3520757102248941 0.3287457765967494 0.3191785131783565
9 422.0 0.0 -1.0 -1.0 -1.0 0.0 0.3306278612894627 0.34438177784264873 0.3249903608678888
9 423.0 0.0 -1.0 -1.0 -1.0 0.0 0.3082936997381496 0.3531576892310818 0.33854861103076855
9 424.0 0.0 -1.0 -1.0 -1.0 0.0 0.3165715078939615 0.34719806070142406 0.3362304314046146
9 425.0 0.0 -1.0 -1.0 -1.0 0.0 0.2994649505212808 0.3507299095584002 0.34980513992031903
9 426.0 0.0 -1.0 -1.0 -1.0 0.0 0.3094034651092706 0.32093796760554055 0.36965856728518903
9 427.0 0.0 -1.0 -1.0 -1.0 0.0 0.3187253892170532 0.3244861841063556 0.3567884266765909
9 428.0 0.0 -1.0 -1.0 -1.0 0.0 0.3252535840453584 0.3326287915331878 0.34211762442145366
9 429.0 0.0 -1.0 -1.0 -1.0 0.0 0.339576164882654 0.2975784024068963 0.3628454327104496
9 430.0 0.0 -1.0 -1.0 -1.0 0.0 0.36019611644321115 0.2867709929927074 0.3530328905640815
9 431.0 0.0 -1.0 -1.0 -1.0 0.0 0.35921288364556636 0.316065983435872 0.32472113291856153
9 432.0 0.0 -1.0 -1.0 -1.0 0.0 0.3577540487020848 0.30449474588230263 0.3377512054156125
9 433.0 0.0 -1.0 -1.0 -1.0 0.0 0.3305073659167952 0.3114469752958109 0.35804565878739397
9 434.0 0.0 -1.0 -1.0 -1.0 0.0 0.31647693622318523 0.34864745540047887 0.33487560837633595
9 435.0 0.0 -1.0 -1.0 -1.0 0.0 0.332946636794108 0.3267993474481174 0.3402540157577747
9 436.0 0.0 -1.0 -1.0 -1.0 0.0 0.3158768131848588 0.3332851823257909 0.3508380044893502
9 437.0 0.0 -1.0 -1.0 -1.0 0.0 0.2945928407856251 0.3412511599505273 0.3641559992638473
9 438.0 0.0 -1.0 -1.0 -1.0 0.0 0.3023626945465025 0.3385478478128274 0.3590894576406697
9 439.0 0.0 -1.0 -1.0 -1.0 0.0 0.3159669583504514 0.34691920147518907 0.3371138401743595
9 440.0 0.0 -1.0 -1.0 -1.0 0.0 0.3094834691201281 0.3443563577519457 0.3461601731279264
9 441.0 0.0 -1.0 -1.0 -1.0 0.0 0.32413869600735773 0.3063192435685223 0.36954206042412
9 442.0 0.0 -1.0 -1.0 -1.0 0.0 0.3553812778779669 0.2977959956787187 0.3468227264433141
9 443.0 0.0 -1.0 -1.0 -1.0 0.0 0.35477591769198563 0.29204761179237115 0.3531764705156434
9 444.0 0.0 -1.0 -1.0 -1.0 0.0 0.34312878866565305 0.3089685023327431 0.347902709001604
9 445.0 0.0 -1.0 -1.0 -1.0 0.0 0.3402808727706245 0.3040789238495513 0.3556402033798243
9 446.0 0.0 -1.0 -1.0 -1.0 0.0 0.31576242363680584 0.3165773423954249 0.36766023396776937
9 447.0 0.0 -1.0 -1.0 -1.0 0.0 0.3094169933741786 0.3336516694772857 0.3569313371485359
9 448.0 0.0 -1.0 -1.0 -1.0 0.0 0.29482238734335353 0.32780645620266463 0.3773711564539818
9 449.0 0.0 -1.0 -1.0 -1.0 0.0 0.301237775066352 0.3272527890059538 0.3715094359276944
9 450.0 0.0 -1.0 -1.0 -1.0 0.0 0.3026884688493948 0.32471792754786327 0.3725936036027421
9 451.0 0.0 -1.0 -1.0 -1.0 0.0 0.29857742490391104 0.34107688746666964 0.36034568762941943
9 452.0 0.0 -1.0 -1.0 -1.0 0.0 0.2881601063714651 0.34656772239875183 0.36527217122978295
9 453.0 0.0 -1.0 -1.0 -1.0 0.0 0.27923880753689884 0.35283353564230474 0.3679276568207963
9 454.0 0.0 -1.0 -1.0 -1.0 0.0 0.31203490712063714 0.36055262874902405 0.3274124641303389
9 455.0 0.0 -1.0 -1.0 -1.0 0.0 0.33281340283019306 0.3184346642351607 0.34875193293464657
9 456.0 0.0 -1.0 -1.0 -1.0 0.0 0.3391667297613505 0.2842827976583462 0.3765504725803038
9 457.0 0.0 -1.0 -1.0 -1.0 0.0 0.362273862776197 0.2749128723864165 0.36281326483738646
9 458.0 0.0 -1.0 -1.0 -1.0 0.0 0.3555498028754516 0.3015231256111046 0.34292707151344365
9 459.0 0.0 -1.0 -1.0 -1.0 0.0 0.3587264787150438 0.2924538634890493 0.34881965779590696
9 460.0 0.0 -1.0 -1.0 -1.0 0.0 0.3333559401739158 0.3201673019338713 0.34647675789221316
9 461.0 0.0 -1.0 -1.0 -1.0 0.0 0.328690349029357 0.3265157358174192 0.34479391515322355
9 462.0 0.0 -1.0 -1.0 -1.0 0.0 0.32079138546838826 0.3376784261638779 0.3415301883677339
9 463.0 0.0 -1.0 -1.0 -1.0 0.0 0.33298205430321587 0.313269344195339 0.353748601501445
9 464.0 0.0 -1.0 -1.0 -1.0 0.0 0.3285232260795049 0.315441503019408 0.35603527090108705
9 465.0 0.0 -1.0 -1.0 -1.0 0.0 0.34778965571674314 0.30771529669477365 0.3444950475884834
9 466.0 0.0 -1.0 -1.0 -1.0 0.0 0.33855078026483026 0.31191031795189206 0.3495389017832776
9 467.0 0.0 -1.0 -1.0 -1.0 0.0 0.30930232691782067 0.3267763453046648 0.3639213277775144
9 468.0 0.0 -1.0 -1.0 -1.0 0.0 0.316980180714948 0.3356075611870571 0.347412258097995
9 469.0 0.0 -1.0 -1.0 -1.0 0.0 0.3019666817427487 0.3505547130785952 0.34747860517865603
9 470.0 0.0 -1.0 -1.0 -1.0 0.0 0.2658864426353993 0.356151042476805 0.3779625148877957
9 471.0 0.0 -1.0 -1.0 -1.0 0.0 0.29752117709678666 0.35347918962598124 0.34899963327723205
9 472.0 0.0 -1.0 -1.0 -1.0 0.0 0.2820800439857911 0.34477767004394977 0.37314228597025917
9 473.0 0.0 -1.0 -1.0 -1.0 0.0 0.310478852779713 0.3417172977419719 0.3478038494783152
9 474.0 0.0 -1.0 -1.0 -1.0 0.0 0.3165506182151166 0.33960537608404257 0.3438440057008409
9 475.0 0.0 -1.0 -1.0 -1.0 0.0 0.3205288295197237 0.3340692616066276 0.3454019088736489
9 476.0 0.0 -1.0 -1.0 -1.0 0.0 0.32910172781477603 0.358025322726786 0.31287294945843813
9 477.0 0.0 -1.0 -1.0 -1.0 0.0 0.32020106770031376 0.3715248842067005 0.30827404809298575
9 478.0 0.0 -1.0 -1.0 -1.0 0.0 0.3316595808206658 0.35762060853918853 0.31071981064014575
9 479.0 0.0 -1.0 -1.0 -1.0 0.0 0.31091615424314806 0.36522451622310015 0.32385932953375174
9 480.0 0.0 -1.0 -1.0 -1.0 0.0 0.32046057876204587 0.3687759263574309 0.31076349488052324
9 481.0 0.0 -1.0 -1.0 -1.0 0.0 0.29636301246005137 0.38439977649293555 0.3192372110470132
9 482.0 0.0 -1.0 -1.0 -1.0 0.0 0.30101885536424744 0.37655063721826443 0.3224305074174883
9 483.0 0.0 -1.0 -1.0 -1.0 0.0 0.2934067725829335 0.3669720970737235 0.3396211303433427
9 484.0 0.0 -1.0 -1.0 -1.0 0.0 0.2934586591506864 0.3730908327587534 0.3334505080905603
9 485.0 0.0 -1.0 -1.0 -1.0 0.0 0.301657441700689 0.37513663073270415 0.3232059275666068
9 486.0 0.0 -1.0 -1.0 -1.0 0.0 0.2977658106552552 0.38084863902491617 0.32138555031982863
9 487.0 0.0 -1.0 -1.0 -1.0 0.0 0.3060999404281869 0.37595682298068006 0.31794323659113316
9 488.0 0.0 -1.0 -1.0 -1.0 0.0 0.30913271479906296 0.3710994037069538 0.319767881493983
9 489.0 0.0 -1.0 -1.0 -1.0 0.0 0.28500289917704014 0.37216176095547127 0.3428353398674885
9 490.0 0.0 -1.0 -1.0 -1.0 0.0 0.29454562997315514 0.35754085768495003 0.34791351234189477
9 491.0 0.0 -1.0 -1.0 -1.0 0.0 0.30249066254982704 0.35219033593434396 0.34531900151582895
9 492.0 0.0 -1.0 -1.0 -1.0 0.0 0.31797132371935694 0.3456987617133878 0.3363299145672552
9 493.0 0.0 -1.0 -1.0 -1.0 0.0 0.31059315550703864 0.34262296469822184 0.3467838797947394
9 494.0 0.0 -1.0 -1.0 -1.0 0.0 0.3183012706999707 0.34210842731492563 0.33959030198510354
9 495.0 0.0 -1.0 -1.0 -1.0 0.0 0.3172731658933383 0.3597161241736883 0.3230107099329732
9 496.0 0.0 -1.0 -1.0 -1.0 0.0 0.30804751430160215 0.3732433423434924 0.3187091433549054
9 497.0 0.0 -1.0 -1.0 -1.0 0.0 0.31923559089200704 0.3619137574144839 0.3188506516935091
9 498.0 0.0 -1.0 -1.0 -1.0 0.0 0.2879803433756095 0.3827471494438987 0.3292725071804917
9 499.0 0.0 -1.0 -1.0 -1.0 0.0 0.25296366998149905 0.3809371062394423 0.36609922377905846
9 500.0 0.0 -1.0 -1.0 -1.0 0.0 0.24507233636851913 0.3718035570654049 0.3831241065660763
9 501.0 0.0 -1.0 -1.0 -1.0 0.0 0.2605594972208911 0.354836234955017 0.3846042678240923
9 502.0 0.0 -1.0 -1.0 -1.0 0.0 0.28380620358007996 0.3364117260619529 0.37978207035796724
9 503.0 0.0 -1.0 -1.0 -1.0 0.0 0.3004172329218441 0.3347686451594797 0.36481412191867657
9 504.0 0.0 -1.0 -1.0 -1.0 0.0 0.3152779671061833 0.3454714815560144 0.33925055133780224
9 505.0 0.0 -1.0 -1.0 -1.0 0.0 0.32026305227668744 0.363257721266068 0.3164792264572444
9 506.0 0.0 -1.0 -1.0 -1.0 0.0 0.3267737726190794 0.36751935664918045 0.30570687073174
9 507.0 0.0 -1.0 -1.0 -1.0 0.0 0.3114305439666956 0.380183890348198 0.3083855656851068
9 508.0 0.0 -1.0 -1.0 -1.0 0.0 0.33879887945801707 0.3768355996507145 0.28436552089126865
9 509.0 0.0 -1.0 -1.0 -1.0 0.0 0.320719011992162 0.38975215737956015 0.2895288306282778
9 510.0 0.0 -1.0 -1.0 -1.0 0.0 0.3153512082793836 0.35526907466358354 0.32937971705703306
9 511.0 0.0 -1.0 -1.0 -1.0 0.0 0.30422148727897025 0.3441748483869221 0.35160366433410756
9 512.0 0.0 -1.0 -1.0 -1.0 0.0 0.33198116786956733 0.3405821047096844 0.3274367274207483
9 513.0 0.0 -1.0 -1.0 -1.0 0.0 0.31879456788825683 0.3456839719165923 0.33552146019515094
9 514.0 0.0 -1.0 -1.0 -1.0 0.0 0.3400188959890597 0.3184083872933007 0.34157271671763967
9 515.0 0.0 -1.0 -1.0 -1.0 0.0 0.3467930277045275 0.33328678323881045 0.3199201890566619
9 516.0 0.0 -1.0 -1.0 -1.0 0.0 0.34261417712549536 0.3461860473618107 0.3111997755126939
9 517.0 0.0 -1.0 -1.0 -1.0 0.0 0.3335454086258285 0.37009006256339844 0.296364528810773
9 518.0 0.0 -1.0 -1.0 -1.0 0.0 0.34488190085672504 0.32622162015756595 0.32889647898570884
9 519.0 0.0 -1.0 -1.0 -1.0 0.0 0.3399569444227003 0.3255976403567835 0.3344454152205161
9 520.0 0.0 -1.0 -1.0 -1.0 0.0 0.33920618458148694 0.32188813441581765 0.3389056810026952
9 521.0 0.0 -1.0 -1.0 -1.0 0.0 0.35891732817304683 0.30864660598856675 0.3324360658383862
9 522.0 0.0 -1.0 -1.0 -1.0 0.0 0.3361848381280752 0.312993841951992 0.3508213199199329
9 523.0 0.0 -1.0 -1.0 -1.0 0.0 0.3173482932394735 0.3288139262718972 0.3538377804886293
9 524.0 0.0 -1.0 -1.0 -1.0 0.0 0.31496001850536326 0.34556918079026916 0.33947080070436764
9 525.0 0.0 -1.0 -1.0 -1.0 0.0 0.3191692112569923 0.3480244855389053 0.3328063032041025
9 526.0 0.0 -1.0 -1.0 -1.0 0.0 0.3056737760600994 0.3597084099572549 0.33461781398264556
9 527.0 0.0 -1.0 -1.0 -1.0 0.0 0.2995947328978592 0.3631110165505744 0.33729425055156637
9 528.0 0.0 -1.0 -1.0 -1.0 0.0 0.29423196013440317 0.3665051019392173 0.33926293792637957
9 529.0 0.0 -1.0 -1.0 -1.0 0.0 0.293075588240501 0.34924916715062 0.35767524460887934
9 530.0 0.0 -1.0 -1.0 -1.0 0.0 0.31493364182204525 0.3280229546804627 0.35704340349749225
9 531.0 0.0 -1.0 -1.0 -1.0 0.0 0.3157096626222641 0.32623513765832635 0.3580551997194096
9 532.0 0.0 -1.0 -1.0 -1.0 0.0 0.3141347405108983 0.3369991900277196 0.34886606946138216
9 533.0 0.0 -1.0 -1.0 -1.0 0.0 0.31054340279375947 0.32191513915724124 0.36754145804899907
9 534.0 0.0 -1.0 -1.0 -1.0 0.0 0.3342139406143456 0.30157011518850063 0.3642159441971537
9 535.0 0.0 -1.0 -1.0 -1.0 0.0 0.34598331744817545 0.296983761849363 0.35703292070246156
9 536.0 0.0 -1.0 -1.0 -1.0 0.0 0.3376830895675497 0.3193177824183555 0.3429991280140948
9 537.0 0.0 -1.0 -1.0 -1.0 0.0 0.3408250654760236 0.3296852705609622 0.329489663963014
9 538.0 0.0 -1.0 -1.0 -1.0 0.0 0.3432398210807684 0.3495349822067708 0.30722519671246074
9 539.0 0.0 -1.0 -1.0 -1.0 0.0 0.312531919338359 0.36522106393565634 0.32224701672598466
9 540.0 0.0 -1.0 -1.0 -1.0 0.0 0.3318530628381831 0.3481905629590609 0.319956374202756
9 541.0 0.0 -1.0 -1.0 -1.0 0.0 0.346773300892276 0.3445038204954851 0.3087228786122389
9 542.0 0.0 -1.0 -1.0 -1.0 0.0 0.3513441674085928 0.32679022990538553 0.32186560268602166
9 543.0 0.0 -1.0 -1.0 -1.0 0.0 0.35478944425664444 0.32909670733709284 0.3161138484062626
9 544.0 0.0 -1.0 -1.0 -1.0 0.0 0.3441004576949138 0.33542577070109614 0.32047377160399004
9 545.0 0.0 -1.0 -1.0 -1.0 0.0 0.32038084519637006 0.3373051327568767 0.34231402204675343
9 546.0 0.0 -1.0 -1.0 -1.0 0.0 0.31801109111118203 0.3466574145630823 0.3353314943257359
9 547.0 0.0 -1.0 -1.0 -1.0 0.0 0.33312052345442156 0.33930218447352495 0.3275772920720536
9 548.0 0.0 -1.0 -1.0 -1.0 0.0 0.2902465444794399 0.3650871066955761 0.344666348824984
9 549.0 0.0 -1.0 -1.0 -1.0 0.0 0.3307793608202986 0.34022800143445864 0.32899263774524257
9 550.0 0.0 -1.0 -1.0 -1.0 0.0 0.32274728326079766 0.360939036005432 0.31631368073377025
9 551.0 0.0 -1.0 -1.0 -1.0 0.0 0.2964270938220481 0.36119799876938197 0.34237490740857013
9 552.0 0.0 -1.0 -1.0 -1.0 0.0 0.3112559548948253 0.34495448160499015 0.34378956350018436
9 553.0 0.0 -1.0 -1.0 -1.0 0.0 0.3217752253589011 0.325202776415479 0.35302199822561997
9 554.0 0.0 -1.0 -1.0 -1.0 0.0 0.33866350781668797 0.3266581031933967 0.33467838898991525
9 555.0 0.0 -1.0 -1.0 -1.0 0.0 0.3176493457038696 0.35419522705374284 0.3281554272423876
9 556.0 0.0 -1.0 -1.0 -1.0 0.0 0.3409823608421354 0.3462447850630884 0.31277285409477623
9 557.0 0.0 -1.0 -1.0 -1.0 0.0 0.337459333179565 0.3386365647381506 0.32390410208228426
9 558.0 0.0 -1.0 -1.0 -1.0 0.0 0.34486554500671024 0.3204799574554179 0.3346544975378716
9 559.0 0.0 -1.0 -1.0 -1.0 0.0 0.3407497670263674 0.3085408694772045 0.350709363496428
9 560.0 0.0 -1.0 -1.0 -1.0 0.0 0.34043053875391555 0.31564983833679616 0.3439196229092883
9 561.0 0.0 -1.0 -1.0 -1.0 0.0 0.34869293322196404 0.313281327258154 0.338025739519882
9 562.0 0.0 -1.0 -1.0 -1.0 0.0 0.3415112086584078 0.34538411567652944 0.31310467566506284
9 563.0 0.0 -1.0 -1.0 -1.0 0.0 0.3339867189582003 0.35330320838578744 0.31271007265601214
9 564.0 0.0 -1.0 -1.0 -1.0 0.0 0.35243691002620103 0.32909522400910585 0.3184678659646934
9 565.0 0.0 -1.0 -1.0 -1.0 0.0 0.32494330881807293 0.3206088944877873 0.35444779669413995
9 566.0 0.0 -1.0 -1.0 -1.0 0.0 0.31534234923716076 0.3229807306370304 0.36167692012580877
9 567.0 0.0 -1.0 -1.0 -1.0 0.0 0.310138661071246 0.32638322992029467 0.3634781090084593
9 568.0 0.0 -1.0 -1.0 -1.0 0.0 0.3083426556977786 0.32630276372131484 0.3653545805809067
9 569.0 0.0 -1.0 -1.0 -1.0 0.0 0.27203038505218397 0.3619010151214397 0.36606859982637635
9 570.0 0.0 -1.0 -1.0 -1.0 0.0 0.28287833977041393 0.34592032045638804 0.37120133977319825
9 571.0 0.0 -1.0 -1.0 -1.0 0.0 0.30357524308176065 0.3501525668110176 0.34627219010722166
9 572.0 0.0 -1.0 -1.0 -1.0 0.0 0.3051821853124938 0.3322504475583148 0.3625673671291912
9 573.0 0.0 -1.0 -1.0 -1.0 0.0 0.3137927334536762 0.3219848892327326 0.364222377313591
9 574.0 0.0 -1.0 -1.0 -1.0 0.0 0.3242349862803948 0.32466979549098257 0.3510952182286228
9 575.0 0.0 -1.0 -1.0 -1.0 0.0 0.3452922984468734 0.3220305858818983 0.33267711567122826
9 576.0 0.0 -1.0 -1.0 -1.0 0.0 0.3287106034949673 0.3299271842803197 0.3413622122247131
9 577.0 0.0 -1.0 -1.0 -1.0 0.0 0.3258257749943379 0.37021653056574594 0.3039576944399161
9 578.0 0.0 -1.0 -1.0 -1.0 0.0 0.3133394552789298 0.3737437030327638 0.3129168416883067
9 579.0 0.0 -1.0 -1.0 -1.0 0.0 0.32382039594750994 0.3620414370356286 0.31413816701686126
9 580.0 0.0 -1.0 -1.0 -1.0 0.0 0.3352957846896187 0.34745868907774297 0.31724552623263835
9 581.0 0.0 -1.0 -1.0 -1.0 0.0 0.3285061303356008 0.34226213520758764 0.3292317344568116
9 582.0 0.0 -1.0 -1.0 -1.0 0.0 0.3556290312381617 0.3304152496321274 0.31395571912971104
9 583.0 0.0 -1.0 -1.0 -1.0 0.0 0.3373555967911257 0.3335585777420082 0.3290858254668663
9 584.0 0.0 -1.0 -1.0 -1.0 0.0 0.35738072557051626 0.3072968742410041 0.33532240018847953
9 585.0 0.0 -1.0 -1.0 -1.0 0.0 0.36459123413359956 0.296367432351895 0.3390413335145054
9 586.0 0.0 -1.0 -1.0 -1.0 0.0 0.3693294982856953 0.30929691921250907 0.3213735825017959
9 587.0 0.0 -1.0 -1.0 -1.0 0.0 0.3388347068711589 0.3373627228885308 0.32380257024031023
9 588.0 0.0 -1.0 -1.0 -1.0 0.0 0.33646007192729555 0.33118980081033 0.33235012726237434
9 589.0 0.0 -1.0 -1.0 -1.0 0.0 0.3380451534347327 0.33073389648782814 0.3312209500774388
9 590.0 0.0 -1.0 -1.0 -1.0 0.0 0.3289627564062983 0.33338189778579297 0.33765534580790885
9 591.0 0.0 -1.0 -1.0 -1.0 0.0 0.3317718327655888 0.3419426437917331 0.32628552344267825
9 592.0 0.0 -1.0 -1.0 -1.0 0.0 0.3495170454935824 0.34172949684484827 0.3087534576615691
9 593.0 0.0 -1.0 -1.0 -1.0 0.0 0.34213772445946483 0.34000452208024157 0.3178577534602937
9 594.0 0.0 -1.0 -1.0 -1.0 0.0 0.33227747856866985 0.3189054656150191 0.3488170558163109
9 595.0 0.0 -1.0 -1.0 -1.0 0.0 0.35024367801965783 0.31202947103016127 0.33772685095018107
9 596.0 0.0 -1.0 -1.0 -1.0 0.0 0.3151961054646178 0.33197352637449135 0.3528303681608908
9 597.0 0.0 -1.0 -1.0 -1.0 0.0 0.3177434713556356 0.33663043994727077 0.34562608869709366
9 598.0 0.0 -1.0 -1.0 -1.0 0.0 0.3599065631218735 0.34196588926161486 0.2981275476165116
9 599.0 0.0 -1.0 -1.0 -1.0 0.0 0.36019617737286713 0.33272658206444633 0.30707724056268626
9 600.0 0.0 -1.0 -1.0 -1.0 0.0 0.3571903156608442 0.3165956078800716 0.3262140764590843
9 601.0 0.0 -1.0 -1.0 -1.0 0.0 0.3514896726856598 0.32541181580976336 0.32309851150457675
9 602.0 0.0 -1.0 -1.0 -1.0 0.0 0.3430351210191531 0.2885105841034906 0.3684542948773563
9 603.0 0.0 -1.0 -1.0 -1.0 0.0 0.3515979940547116 0.30561314280301866 0.3427888631422698
9 604.0 0.0 -1.0 -1.0 -1.0 0.0 0.3462599953899208 0.3075563648277061 0.346183639782373
9 605.0 0.0 -1.0 -1.0 -1.0 0.0 0.36645223160644763 0.3062220543958833 0.3273257139976692
9 606.0 0.0 -1.0 -1.0 -1.0 0.0 0.37272735290567055 0.3034763862816135 0.32379626081271595
9 607.0 0.0 -1.0 -1.0 -1.0 0.0 0.36575914078192384 0.29425487723766447 0.3399859819804116
9 608.0 0.0 -1.0 -1.0 -1.0 0.0 0.37285323191133607 0.2781581529167292 0.348988615171935
9 609.0 0.0 -1.0 -1.0 -1.0 0.0 0.3561450896668098 0.3057822338328362 0.33807267650035394
9 610.0 0.0 -1.0 -1.0 -1.0 0.0 0.35106640381261633 0.3152824519291416 0.33365114425824166
9 611.0 0.0 -1.0 -1.0 -1.0 0.0 0.360780517839338 0.3025810184135855 0.3366384637470765
9 612.0 0.0 -1.0 -1.0 -1.0 0.0 0.37041115605054487 0.3144744575948005 0.31511438635465455
9 613.0 0.0 -1.0 -1.0 -1.0 0.0 0.3724391980845267 0.3088789128369546 0.3186818890785187
9 614.0 0.0 -1.0 -1.0 -1.0 0.0 0.35864862435303435 0.30018289721905805 0.34116847842790754
9 615.0 0.0 -1.0 -1.0 -1.0 0.0 0.34849304595807307 0.28613996913433776 0.36536698490758923
9 616.0 0.0 -1.0 -1.0 -1.0 0.0 0.3439742764455503 0.29869510379600567 0.35733061975844366
9 617.0 0.0 -1.0 -1.0 -1.0 0.0 0.3445523393827492 0.31384498966033747 0.3416026709569131
9 618.0 0.0 -1.0 -1.0 -1.0 0.0 0.33208562750865456 0.31763111258758 0.3502832599037655
9 619.0 0.0 -1.0 -1.0 -1.0 0.0 0.3141321189338979 0.3490162593697664 0.33685162169633565
9 620.0 0.0 -1.0 -1.0 -1.0 0.0 0.30438782842231793 0.37810200906391367 0.31751016251376796
9 621.0 0.0 -1.0 -1.0 -1.0 0.0 0.30057847928823256 0.3544181828274041 0.3450033378843634
9 622.0 0.0 -1.0 -1.0 -1.0 0.0 0.30443798960110674 0.3384737305225969 0.3570882798762965
9 623.0 0.0 -1.0 -1.0 -1.0 0.0 0.30212637040265716 0.3576014160682004 0.34027221352914233
9 624.0 0.0 -1.0 -1.0 -1.0 0.0 0.3303336739844623 0.34596595127671054 0.3237003747388274
9 625.0 0.0 -1.0 -1.0 -1.0 0.0 0.34535291718111033 0.33590493978833114 0.3187421430305584
9 626.0 0.0 -1.0 -1.0 -1.0 0.0 0.33942086880418976 0.31750005469709974 0.34307907649871033
9 627.0 0.0 -1.0 -1.0 -1.0 0.0 0.33037792261236354 0.31108451546330024 0.35853756192433606
9 628.0 0.0 -1.0 -1.0 -1.0 0.0 0.3077247701040608 0.3251435993238957 0.3671316305720434
9 629.0 0.0 -1.0 -1.0 -1.0 0.0 0.3163818678253327 0.32645398601367615 0.3571641461609911
9 630.0 0.0 -1.0 -1.0 -1.0 0.0 0.3100000407040751 0.3002984989959349 0.38970146029999
9 631.0 0.0 -1.0 -1.0 -1.0 0.0 0.31188652118912963 0.30867881245026696 0.3794346663606035
9 632.0 0.0 -1.0 -1.0 -1.0 0.0 0.3112586239322519 0.3106308579060137 0.3781105181617343
9 633.0 0.0 -1.0 -1.0 -1.0 0.0 0.3243614708745684 0.29101915942449663 0.38461936970093474
9 634.0 0.0 -1.0 -1.0 -1.0 0.0 0.332318018748593 0.26981273382466847 0.3978692474267385
9 635.0 0.0 -1.0 -1.0 -1.0 0.0 0.3456323621290365 0.2813395617108572 0.3730280761601063
9 636.0 0.0 -1.0 -1.0 -1.0 0.0 0.3468382027436067 0.2722995317450392 0.38086226551135405
9 637.0 0.0 -1.0 -1.0 -1.0 0.0 0.3723359555334561 0.2810692634429249 0.34659478102361896
9 638.0 0.0 -1.0 -1.0 -1.0 0.0 0.35039535676585315 0.2931418526938479 0.3564627905402991
9 639.0 0.0 -1.0 -1.0 -1.0 0.0 0.35263387955036035 0.32187124068018164 0.32549487976945807
9 640.0 0.0 -1.0 -1.0 -1.0 0.0 0.3277581940918652 0.3262184040224902 0.34602340188564473
9 641.0 0.0 -1.0 -1.0 -1.0 0.0 0.35124468725020624 0.31797152371614956 0.33078378903364436
9 642.0 0.0 -1.0 -1.0 -1.0 0.0 0.3282561788315286 0.32162032133170326 0.35012349983676805
9 643.0 0.0 -1.0 -1.0 -1.0 0.0 0.3356013083874241 0.3210054238568631 0.3433932677557129
9 644.0 0.0 -1.0 -1.0 -1.0 0.0 0.3531090620751992 0.32726660883704123 0.31962432908775956
9 645.0 0.0 -1.0 -1.0 -1.0 0.0 0.34845824942023235 0.33167727110693773 0.3198644794728298
9 646.0 0.0 -1.0 -1.0 -1.0 0.0 0.34017310584153065 0.32900517941902135 0.3308217147394478
9 647.0 0.0 -1.0 -1.0 -1.0 0.0 0.30579960015234575 0.35115381230384507 0.343046587543809
9 648.0 0.0 -1.0 -1.0 -1.0 0.0 0.2963369787814712 0.3643828077879164 0.33928021343061265
9 649.0 0.0 -1.0 -1.0 -1.0 0.0 0.31376965545026236 0.3587507956459028 0.32747954890383474
9 650.0 0.0 -1.0 -1.0 -1.0 0.0 0.3303459629943152 0.35575691073594784 0.31389712626973704
9 651.0 0.0 -1.0 -1.0 -1.0 0.0 0.33371794664148346 0.3700913110385654 0.29619074231995124
9 652.0 0.0 -1.0 -1.0 -1.0 0.0 0.3349761283557408 0.3807237657060281 0.2843001059382311
9 653.0 0.0 -1.0 -1.0 -1.0 0.0 0.31149196770853604 0.37075532189792787 0.31775271039353603
9 654.0 0.0 -1.0 -1.0 -1.0 0.0 0.31055241686028345 0.3532834617275218 0.3361641214121947
9 655.0 0.0 -1.0 -1.0 -1.0 0.0 0.32991080189754945 0.34942843469364215 0.32066076340880856
9 656.0 0.0 -1.0 -1.0 -1.0 0.0 0.29018396646799094 0.36623507058313864 0.3435809629488705
9 657.0 0.0 -1.0 -1.0 -1.0 0.0 0.31205042354359075 0.3597057107798378 0.3282438656765712
9 658.0 0.0 -1.0 -1.0 -1.0 0.0 0.32712094164063 0.3785473831330237 0.2943316752263463
9 659.0 0.0 -1.0 -1.0 -1.0 0.0 0.33919032808598343 0.36542566944896493 0.29538400246505175
9 660.0 0.0 -1.0 -1.0 -1.0 0.0 0.3410585131885944 0.3342843356731489 0.32465715113825666
9 661.0 0.0 -1.0 -1.0 -1.0 0.0 0.3189733790831763 0.3204189242945504 0.3606076966222732
9 662.0 0.0 -1.0 -1.0 -1.0 0.0 0.31681731080842845 0.30599271619620344 0.3771899729953681
9 663.0 0.0 -1.0 -1.0 -1.0 0.0 0.3251523594370908 0.31210888577251533 0.3627387547903938
9 664.0 0.0 -1.0 -1.0 -1.0 0.0 0.33562812499551703 0.2959025167968333 0.3684693582076499
9 665.0 0.0 -1.0 -1.0 -1.0 0.0 0.3411589509061849 0.3159149448574758 0.3429261042363393
9 666.0 0.0 -1.0 -1.0 -1.0 0.0 0.36051204253328784 0.3077510006613904 0.33173695680532206
9 667.0 0.0 -1.0 -1.0 -1.0 0.0 0.31611010445804083 0.33973608078123746 0.3441538147607217
9 668.0 0.0 -1.0 -1.0 -1.0 0.0 0.31416074743618577 0.3395027614766641 0.3463364910871502
9 669.0 0.0 -1.0 -1.0 -1.0 0.0 0.32351808648254043 0.3581147864539578 0.3183671270635017
9 670.0 0.0 -1.0 -1.0 -1.0 0.0 0.3210879881498369 0.38794099439891844 0.2909710174512447
9 671.0 0.0 -1.0 -1.0 -1.0 0.0 0.31907855374377453 0.36026378824705546 0.32065765800917
9 672.0 0.0 -1.0 -1.0 -1.0 0.0 0.321532631236539 0.3417635243616028 0.3367038444018582
9 673.0 0.0 -1.0 -1.0 -1.0 0.0 0.33696064510068213 0.32064575005026413 0.3423936048490539
9 674.0 0.0 -1.0 -1.0 -1.0 0.0 0.31606432387404576 0.30545254933438193 0.37848312679157237
9 675.0 0.0 -1.0 -1.0 -1.0 0.0 0.33226319382758546 0.31124528738154916 0.35649151879086505
9 676.0 0.0 -1.0 -1.0 -1.0 0.0 0.3459773385809439 0.28712697956524336 0.366895681853813
9 677.0 0.0 -1.0 -1.0 -1.0 0.0 0.35329573462742353 0.27793804816459655 0.3687662172079801
9 678.0 0.0 -1.0 -1.0 -1.0 0.0 0.3329467976407301 0.27568229321344817 0.39137090914582146
9 679.0 0.0 -1.0 -1.0 -1.0 0.0 0.3363038554926877 0.28514379308681986 0.37855235142049276
9 680.0 0.0 -1.0 -1.0 -1.0 0.0 0.3363047669723892 0.28012262472185984 0.383572608305751
9 681.0 0.0 -1.0 -1.0 -1.0 0.0 0.30662778435957916 0.28358731008319293 0.409784905557228
9 682.0 0.0 -1.0 -1.0 -1.0 0.0 0.2995022835991325 0.27816520789093807 0.4223325085099289
9 683.0 0.0 -1.0 -1.0 -1.0 0.0 0.2955641468527522 0.30292537581130025 0.4015104773359473
9 684.0 0.0 -1.0 -1.0 -1.0 0.0 0.32513138871622455 0.29133456789053086 0.3835340433932447
9 685.0 0.0 -1.0 -1.0 -1.0 0.0 0.335781975964683 0.27941587134801554 0.3848021526873016
9 686.0 0.0 -1.0 -1.0 -1.0 0.0 0.3498111434322845 0.2874018729606343 0.36278698360708134
9 687.0 0.0 -1.0 -1.0 -1.0 0.0 0.34849695073888276 0.30686781505615285 0.34463523420496445
9 688.0 0.0 -1.0 -1.0 -1.0 0.0 0.3491701669769882 0.3137646377426322 0.3370651952803796
9 689.0 0.0 -1.0 -1.0 -1.0 0.0 0.3485936864708141 0.33749187931812025 0.313914434211066
9 690.0 0.0 -1.0 -1.0 -1.0 0.0 0.3498939830239047 0.34084526752087874 0.30926074945521675
9 691.0 0.0 -1.0 -1.0 -1.0 0.0 0.3394199806408931 0.3424239795231259 0.31815603983598095
9 692.0 0.0 -1.0 -1.0 -1.0 0.0 0.3724563889502629 0.30241435685041884 0.32512925419931826
9 693.0 0.0 -1.0 -1.0 -1.0 0.0 0.3731408782906759 0.2965408610613377 0.3303182606479866
9 694.0 0.0 -1.0 -1.0 -1.0 0.0 0.3658526896919378 0.31015045086019855 0.3239968594478636
9 695.0 0.0 -1.0 -1.0 -1.0 0.0 0.3450333573773567 0.32907519290164594 0.32589144972099726
9 696.0 0.0 -1.0 -1.0 -1.0 0.0 0.31920102435541386 0.34751774167871047 0.3332812339658755
9 697.0 0.0 -1.0 -1.0 -1.0 0.0 0.32377655012998763 0.34738708268479307 0.32883636718521947
9 698.0 0.0 -1.0 -1.0 -1.0 0.0 0.3361096158407209 0.32889107977939036 0.33499930437988873
9 699.0 0.0 -1.0 -1.0 -1.0 0.0 0.3225522732869225 0.3474349907659171 0.33001273594716046
9 700.0 0.0 -1.0 -1.0 -1.0 0.0 0.33052405469419427 0.3395633050102181 0.32991264029558726
9 701.0 0.0 -1.0 -1.0 -1.0 0.0 0.32996189958566047 0.34323905527486787 0.32679904513947156
9 702.0 0.0 -1.0 -1.0 -1.0 0.0 0.34494107410308916 0.3426810856810221 0.312377840215889
9 703.0 0.0 -1.0 -1.0 -1.0 0.0 0.3371724241799558 0.3325928996198689 0.3302346762001752
9 704.0 0.0 -1.0 -1.0 -1.0 0.0 0.32808442852034525 0.33086055525033886 0.3410550162293159
9 705.0 0.0 -1.0 -1.0 -1.0 0.0 0.3181379234456994 0.34506248975359943 0.33679958680070077
9 706.0 0.0 -1.0 -1.0 -1.0 0.0 0.30896856055020605 0.3520332852961224 0.33899815415367157
9 707.0 0.0 -1.0 -1.0 -1.0 0.0 0.3209169832830719 0.34253896195773686 0.3365440547591911
9 708.0 0.0 -1.0 -1.0 -1.0 0.0 0.3237726938598174 0.32597048847205684 0.35025681766812583
9 709.0 0.0 -1.0 -1.0 -1.0 0.0 0.33331137006006656 0.3253174890065367 0.34137114093339677
9 710.0 0.0 -1.0 -1.0 -1.0 0.0 0.35714244901041214 0.29555715874938693 0.3473003922402009
9 711.0 0.0 -1.0 -1.0 -1.0 0.0 0.33821136423685944 0.327035820672454 0.33475281509068666
9 712.0 0.0 -1.0 -1.0 -1.0 0.0 0.3619801749891765 0.3041047321531865 0.333915092857637
9 713.0 0.0 -1.0 -1.0 -1.0 0.0 0.37524451650180246 0.32270535072998235 0.3020501327682149
9 714.0 0.0 -1.0 -1.0 -1.0 0.0 0.355545340280691 0.33850573252875377 0.3059489271905553
9 715.0 0.0 -1.0 -1.0 -1.0 0.0 0.34864587836869687 0.3183646904486413 0.3329894311826618
9 716.0 0.0 -1.0 -1.0 -1.0 0.0 0.3619286092782922 0.3061441996575424 0.3319271910641656
9 717.0 0.0 -1.0 -1.0 -1.0 0.0 0.3652065558989834 0.3259134382183351 0.3088800058826816
9 718.0 0.0 -1.0 -1.0 -1.0 0.0 0.36161094419588174 0.32761843883844405 0.3107706169656741
9 719.0 0.0 -1.0 -1.0 -1.0 0.0 0.3757224937680257 0.324572725073456 0.2997047811585183
9 720.0 0.0 -1.0 -1.0 -1.0 0.0 0.3635886065731901 0.307906922275348 0.32850447115146186
9 721.0 0.0 -1.0 -1.0 -1.0 0.0 0.3911162503522776 0.26193097520679715 0.34695277444092554
9 722.0 0.0 -1.0 -1.0 -1.0 0.0 0.368026950287122 0.2724902315137848 0.3594828181990931
9 723.0 0.0 -1.0 -1.0 -1.0 0.0 0.36358679048839965 0.28700569680134647 0.34940751271025383
9 724.0 0.0 -1.0 -1.0 -1.0 0.0 0.33244705636263105 0.3196120242223429 0.3479409194150258
9 725.0 0.0 -1.0 -1.0 -1.0 0.0 0.3231583797880971 0.31613358191932567 0.3607080382925772
9 726.0 0.0 -1.0 -1.0 -1.0 0.0 0.31326784417768405 0.3385441466781581 0.34818800914415804
9 727.0 0.0 -1.0 -1.0 -1.0 0.0 0.3041085972715679 0.3663891037341738 0.32950229899425837
9 728.0 0.0 -1.0 -1.0 -1.0 0.0 0.30514828538150013 0.3719183144307868 0.32293340018771316
9 729.0 0.0 -1.0 -1.0 -1.0 0.0 0.3028620059142337 0.35717935680078766 0.3399586372849787
9 730.0 0.0 -1.0 -1.0 -1.0 0.0 0.3071360404896048 0.3669041100689426 0.325959849441453
9 731.0 0.0 -1.0 -1.0 -1.0 0.0 0.29540576436507526 0.35145649535038714 0.3531377402845376
9 732.0 0.0 -1.0 -1.0 -1.0 0.0 0.302120419794437 0.34991934554861864 0.3479602346569445
9 733.0 0.0 -1.0 -1.0 -1.0 0.0 0.316837568656825 0.35482539544326114 0.32833703589991375
9 734.0 0.0 -1.0 -1.0 -1.0 0.0 0.33753764726355584 0.34206540152799464 0.32039695120844947
9 735.0 0.0 -1.0 -1.0 -1.0 0.0 0.34338161278129953 0.3229920561992585 0.3336263310194418
9 736.0 0.0 -1.0 -1.0 -1.0 0.0 0.3491628561488998 0.31029895107233774 0.3405381927787625
9 737.0 0.0 -1.0 -1.0 -1.0 0.0 0.3639934069052011 0.30859805321257067 0.32740853988222823
9 738.0 0.0 -1.0 -1.0 -1.0 0.0 0.3505759766845238 0.3256934771388299 0.3237305461766464
9 739.0 0.0 -1.0 -1.0 -1.0 0.0 0.3604079747220257 0.2965131452672003 0.3430788800107738
9 740.0 0.0 -1.0 -1.0 -1.0 0.0 0.36086403299696207 0.3145693091501671 0.324566657852871
9 741.0 0.0 -1.0 -1.0 -1.0 0.0 0.34598630873126873 0.3167086549307305 0.3373050363380007
9 742.0 0.0 -1.0 -1.0 -1.0 0.0 0.3414487010511834 0.32257281186847764 0.3359784870803388
9 743.0 0.0 -1.0 -1.0 -1.0 0.0 0.351483180099466 0.32522888272709777 0.32328793717343624
9 744.0 0.0 -1.0 -1.0 -1.0 0.0 0.35027810142834903 0.33699697650355476 0.312724922068096
9 745.0 0.0 -1.0 -1.0 -1.0 0.0 0.3480620575048728 0.34472546313283986 0.3072124793622873
9 746.0 0.0 -1.0 -1.0 -1.0 0.0 0.3656838549873979 0.3125758709043785 0.3217402741082233
9 747.0 0.0 -1.0 -1.0 -1.0 0.0 0.3616170095681571 0.3289691422809708 0.3094138481508719
9 748.0 0.0 -1.0 -1.0 -1.0 0.0 0.35211609935651955 0.32338476740270816 0.3244991332407723
9 749.0 0.0 -1.0 -1.0 -1.0 0.0 0.367200362054907 0.3029007662316523 0.3298988717134403
9 750.0 0.0 -1.0 -1.0 -1.0 0.0 0.3407629720012644 0.3226005456046049 0.3366364823941307
9 751.0 0.0 -1.0 -1.0 -1.0 0.0 0.3725414306671042 0.3052715781823912 0.32218699115050475
9 752.0 0.0 -1.0 -1.0 -1.0 0.0 0.35407500627036087 0.2784828023945372 0.3674421913351021
9 753.0 0.0 -1.0 -1.0 -1.0 0.0 0.33247525856120974 0.3111146693262641 0.3564100721125265
9 754.0 0.0 -1.0 -1.0 -1.0 0.0 0.34528935832660546 0.31752860823055173 0.3371820334428432
9 755.0 0.0 -1.0 -1.0 -1.0 0.0 0.3784736895322143 0.30924088626089585 0.3122854242068899
9 756.0 0.0 -1.0 -1.0 -1.0 0.0 0.35871346386397557 0.33158982701962225 0.309696709116402
9 757.0 0.0 -1.0 -1.0 -1.0 0.0 0.34578514541672617 0.3256931728949074 0.32852168168836626
9 758.0 0.0 -1.0 -1.0 -1.0 0.0 0.3543242193042841 0.30657191066692296 0.3391038700287931
9 759.0 0.0 -1.0 -1.0 -1.0 0.0 0.3541590314115879 0.3144207357583854 0.33142023283002664
9 760.0 0.0 -1.0 -1.0 -1.0 0.0 0.3280939214959782 0.3326383447458905 0.33926773375813113
9 761.0 0.0 -1.0 -1.0 -1.0 0.0 0.33415166977153005 0.3169508481804477 0.3488974820480221
9 762.0 0.0 -1.0 -1.0 -1.0 0.0 0.34818957826705116 0.2918298785865197 0.3599805431464292
9 763.0 0.0 -1.0 -1.0 -1.0 0.0 0.37253048503338215 0.2853780860337093 0.3420914289329087
9 764.0 0.0 -1.0 -1.0 -1.0 0.0 0.35108399437831667 0.2998986868745796 0.34901731874710384
9 765.0 0.0 -1.0 -1.0 -1.0 0.0 0.35280440658111284 0.29677991937089304 0.3504156740479943
9 766.0 0.0 -1.0 -1.0 -1.0 0.0 0.3532112634583995 0.3032110728990291 0.34357766364257153
9 767.0 0.0 -1.0 -1.0 -1.0 0.0 0.31655676579200465 0.31267637214613325 0.3707668620618624
9 768.0 0.0 -1.0 -1.0 -1.0 0.0 0.32408959623548644 0.31774873489704497 0.3581616688674685
9 769.0 0.0 -1.0 -1.0 -1.0 0.0 0.3285123477489938 0.3202977246873791 0.3511899275636272
9 770.0 0.0 -1.0 -1.0 -1.0 0.0 0.30322088860638796 0.3361906180777132 0.36058849331589876
9 771.0 0.0 -1.0 -1.0 -1.0 0.0 0.30923003128325793 0.3304016716650901 0.36036829705165213
9 772.0 0.0 -1.0 -1.0 -1.0 0.0 0.30691412236820337 0.36467298554144845 0.32841289209034835
9 773.0 0.0 -1.0 -1.0 -1.0 0.0 0.33393974482766564 0.3508252421741176 0.3152350129982168
9 774.0 0.0 -1.0 -1.0 -1.0 0.0 0.33474979826167844 0.3520496346603551 0.3132005670779667
9 775.0 0.0 -1.0 -1.0 -1.0 0.0 0.32737958711576987 0.35606094822383183 0.31655946466039836
9 776.0 0.0 -1.0 -1.0 -1.0 0.0 0.34088557732407376 0.349739183582982 0.30937523909294407
9 777.0 0.0 -1.0 -1.0 -1.0 0.0 0.33391151414570386 0.3360711825587376 0.33001730329555856
9 778.0 0.0 -1.0 -1.0 -1.0 0.0 0.32262687820729175 0.3374639959644027 0.3399091258283056
9 779.0 0.0 -1.0 -1.0 -1.0 0.0 0.31706084821053404 0.34745043177806295 0.33548872001140295
9 780.0 0.0 -1.0 -1.0 -1.0 0.0 0.34850088454591877 0.3212120256264057 0.33028708982767546
9 781.0 0.0 -1.0 -1.0 -1.0 0.0 0.32035593464223083 0.3265075516380405 0.35313651371972876
9 782.0 0.0 -1.0 -1.0 -1.0 0.0 0.3366017534917233 0.29453552527681093 0.36886272123146596
9 783.0 0.0 -1.0 -1.0 -1.0 0.0 0.34840947776591485 0.3070369796422141 0.34455354259187126
9 784.0 0.0 -1.0 -1.0 -1.0 0.0 0.37551007155051686 0.29730523975825024 0.3271846886912328
9 785.0 0.0 -1.0 -1.0 -1.0 0.0 0.3612846002585654 0.3112644040759809 0.32745099566545377
9 786.0 0.0 -1.0 -1.0 -1.0 0.0 0.3262384837245036 0.3497038694334579 0.3240576468420386
9 787.0 0.0 -1.0 -1.0 -1.0 0.0 0.32578180681196545 0.35973683683012064 0.3144813563579141
9 788.0 0.0 -1.0 -1.0 -1.0 0.0 0.316090160060414 0.35087626011208106 0.3330335798275047
9 789.0 0.0 -1.0 -1.0 -1.0 0.0 0.30110654333464504 0.3443990751148974 0.3544943815504576
9 790.0 0.0 -1.0 -1.0 -1.0 0.0 0.3066632765302988 0.3303310364138756 0.36300568705582564
9 791.0 0.0 -1.0 -1.0 -1.0 0.0 0.318521315420774 0.31510784330905933 0.3663708412701665
9 792.0 0.0 -1.0 -1.0 -1.0 0.0 0.31573341998072113 0.31146315941555314 0.37280342060372584
9 793.0 0.0 -1.0 -1.0 -1.0 0.0 0.3067756370260523 0.328206403629219 0.3650179593447287
9 794.0 0.0 -1.0 -1.0 -1.0 0.0 0.32098008876936013 0.3349165691893864 0.34410334204125337
9 795.0 0.0 -1.0 -1.0 -1.0 0.0 0.3323308515955214 0.30911828727363927 0.3585508611308395
9 796.0 0.0 -1.0 -1.0 -1.0 0.0 0.3289580266168871 0.3278145042898529 0.34322746909325985
9 797.0 0.0 -1.0 -1.0 -1.0 0.0 0.34583674781625007 0.3142275603735847 0.3399356918101653
9 798.0 0.0 -1.0 -1.0 -1.0 0.0 0.32589719545393486 0.3271293943522634 0.34697341019380196
9 799.0 0.0 -1.0 -1.0 -1.0 0.0 0.3549399181234567 0.33032546124265383 0.31473462063388946
9 800.0 0.0 -1.0 -1.0 -1.0 0.0 0.3635677765240571 0.3499715796617819 0.286460643814161
9 801.0 0.0 -1.0 -1.0 -1.0 0.0 0.3304433419497833 0.37228730047908337 0.297269357571133
9 802.0 0.0 -1.0 -1.0 -1.0 0.0 0.3146837808006276 0.3522343900277409 0.33308182917163165
9 803.0 0.0 -1.0 -1.0 -1.0 0.0 0.31939502472111386 0.3619855471529882 0.3186194281258977
9 804.0 0.0 -1.0 -1.0 -1.0 0.0 0.33976838114006674 0.34771330903661585 0.31251830982331746
9 805.0 0.0 -1.0 -1.0 -1.0 0.0 0.34046993661195907 0.34012108166616445 0.3194089817218765
9 806.0 0.0 -1.0 -1.0 -1.0 0.0 0.34770035442166497 0.3358971103991866 0.31640253517914857
9 807.0 0.0 -1.0 -1.0 -1.0 0.0 0.35289380939536164 0.33370633255373616 0.3133998580509019
9 808.0 0.0 -1.0 -1.0 -1.0 0.0 0.33744614960267183 0.3408133042628934 0.3217405461344346
9 809.0 0.0 -1.0 -1.0 -1.0 0.0 0.3510863427315962 0.327138673612316 0.32177498365608803
9 810.0 0.0 -1.0 -1.0 -1.0 0.0 0.3502174884789517 0.3213224416255104 0.3284600698955377
9 811.0 0.0 -1.0 -1.0 -1.0 0.0 0.3169253550616497 0.3556695875538162 0.32740505738453396
9 812.0 0.0 -1.0 -1.0 -1.0 0.0 0.31770628110746146 0.35205228473460504 0.33024143415793333
9 813.0 0.0 -1.0 -1.0 -1.0 0.0 0.31704959479948436 0.34120210354438407 0.34174830165613135
9 814.0 0.0 -1.0 -1.0 -1.0 0.0 0.304452228448726 0.3504450974725679 0.34510267407870615
9 815.0 0.0 -1.0 -1.0 -1.0 0.0 0.31060511612888697 0.3481282537751229 0.34126663009599006
9 816.0 0.0 -1.0 -1.0 -1.0 0.0 0.3083557408393867 0.3285994066583595 0.3630448525022537
9 817.0 0.0 -1.0 -1.0 -1.0 0.0 0.3068683676944869 0.3567338452411855 0.3363977870643277
9 818.0 0.0 -1.0 -1.0 -1.0 0.0 0.3141327954562666 0.3652274296052406 0.32063977493849305
9 819.0 0.0 -1.0 -1.0 -1.0 0.0 0.33891949515314523 0.3270289532789489 0.334051551567906
9 820.0 0.0 -1.0 -1.0 -1.0 0.0 0.3500558437518548 0.31189930013720674 0.3380448561109386
9 821.0 0.0 -1.0 -1.0 -1.0 0.0 0.34948558087909765 0.3321392192424082 0.31837519987849416
9 822.0 0.0 -1.0 -1.0 -1.0 0.0 0.3335981078158056 0.31081404474674124 0.3555878474374532
9 823.0 0.0 -1.0 -1.0 -1.0 0.0 0.3472780427335714 0.30386721875822625 0.3488547385082025
9 824.0 0.0 -1.0 -1.0 -1.0 0.0 0.34332543504305507 0.32889280287568495 0.3277817620812599
9 825.0 0.0 -1.0 -1.0 -1.0 0.0 0.34505103617789024 0.3329526294865925 0.32199633433551733
9 826.0 0.0 -1.0 -1.0 -1.0 0.0 0.31202857199113054 0.3512057670135813 0.33676566099528826
9 827.0 0.0 -1.0 -1.0 -1.0 0.0 0.34516982075259717 0.3282517247221819 0.32657845452522083
9 828.0 0.0 -1.0 -1.0 -1.0 0.0 0.32497006404380646 0.35664925841718614 0.3183806775390073
9 829.0 0.0 -1.0 -1.0 -1.0 0.0 0.3444011071403685 0.34758086105731756 0.3080180318023139
9 830.0 0.0 -1.0 -1.0 -1.0 0.0 0.34954731444415293 0.3423410971493663 0.3081115884064808
9 831.0 0.0 -1.0 -1.0 -1.0 0.0 0.3136704232558948 0.3503425020731667 0.3359870746709387
9 832.0 0.0 -1.0 -1.0 -1.0 0.0 0.29311793880780046 0.37539046913550256 0.331491592056697
9 833.0 0.0 -1.0 -1.0 -1.0 0.0 0.29703759176879857 0.4041929573666793 0.298769450864522
9 834.0 0.0 -1.0 -1.0 -1.0 0.0 0.3084709368562169 0.3750087059904317 0.3165203571533514
9 835.0 0.0 -1.0 -1.0 -1.0 0.0 0.3106532462208622 0.353953657216355 0.33539309656278254
9 836.0 0.0 -1.0 -1.0 -1.0 0.0 0.3094947288185329 0.32772488485125456 0.36278038633021237
9 837.0 0.0 -1.0 -1.0 -1.0 0.0 0.3166796212521251 0.34607806979455347 0.33724230895332175
9 838.0 0.0 -1.0 -1.0 -1.0 0.0 0.30903357102927265 0.3465120892140131 0.3444543397567143
9 839.0 0.0 -1.0 -1.0 -1.0 0.0 0.31728298064233657 0.3172971664852992 0.36541985287236434
9 840.0 0.0 -1.0 -1.0 -1.0 0.0 0.3364316507079048 0.29866464663331294 0.36490370265878197
9 841.0 0.0 -1.0 -1.0 -1.0 0.0 0.3191130406074929 0.32144048938123837 0.35944647001126884
9 842.0 0.0 -1.0 -1.0 -1.0 0.0 0.319627152977061 0.3297487085195548 0.35062413850338425
9 843.0 0.0 -1.0 -1.0 -1.0 0.0 0.35140099160556365 0.30551104963276104 0.3430879587616754
9 844.0 0.0 -1.0 -1.0 -1.0 0.0 0.3405496047167811 0.3238851560862506 0.33556523919696823
9 845.0 0.0 -1.0 -1.0 -1.0 0.0 0.30664367284358135 0.3435451011529099 0.3498112260035088
9 846.0 0.0 -1.0 -1.0 -1.0 0.0 0.32239539861801364 0.30191630706193445 0.37568829432005196
9 847.0 0.0 -1.0 -1.0 -1.0 0.0 0.32090995367359304 0.3198716799617328 0.359218366364674
9 848.0 0.0 -1.0 -1.0 -1.0 0.0 0.28904854415590464 0.3346966370652699 0.37625481877882505
9 849.0 0.0 -1.0 -1.0 -1.0 0.0 0.3071713024261665 0.3390143919495264 0.353814305624307
9 850.0 0.0 -1.0 -1.0 -1.0 0.0 0.27859647417345573 0.3655547447688909 0.35584878105765333
9 851.0 0.0 -1.0 -1.0 -1.0 0.0 0.27417605757018515 0.3559798710397939 0.3698440713900212
9 852.0 0.0 -1.0 -1.0 -1.0 0.0 0.28658795917657065 0.3496549672429526 0.3637570735804768
9 853.0 0.0 -1.0 -1.0 -1.0 0.0 0.2952884029348724 0.3587695630035125 0.34594203406161533
9 854.0 0.0 -1.0 -1.0 -1.0 0.0 0.32367966747341137 0.33115144026159427 0.34516889226499436
9 855.0 0.0 -1.0 -1.0 -1.0 0.0 0.3351712320906332 0.3270361553598701 0.33779261254949683
9 856.0 0.0 -1.0 -1.0 -1.0 0.0 0.34072159266685864 0.30306150363013884 0.35621690370300235
9 857.0 0.0 -1.0 -1.0 -1.0 0.0 0.35416801771017253 0.2951907721433232 0.35064121014650423
9 858.0 0.0 -1.0 -1.0 -1.0 0.0 0.34159916804635254 0.31187733111947885 0.34652350083416855
9 859.0 0.0 -1.0 -1.0 -1.0 0.0 0.35226895485496057 0.29553082094144456 0.35220022420359476
9 860.0 0.0 -1.0 -1.0 -1.0 0.0 0.38551738156148363 0.28558067720904196 0.3289019412294746
9 861.0 0.0 -1.0 -1.0 -1.0 0.0 0.3514182022636788 0.3174877084502764 0.3310940892860449
9 862.0 0.0 -1.0 -1.0 -1.0 0.0 0.3418367723132967 0.31882369613113104 0.33933953155557256
9 863.0 0.0 -1.0 -1.0 -1.0 0.0 0.3461503160383734 0.32546741622795117 0.32838226773367524
9 864.0 0.0 -1.0 -1.0 -1.0 0.0 0.3293656733075304 0.33283608520882035 0.3377982414836495
9 865.0 0.0 -1.0 -1.0 -1.0 0.0 0.3021914519338244 0.3375257918921902 0.3602827561739856
9 866.0 0.0 -1.0 -1.0 -1.0 0.0 0.32051351338424683 0.3472602194341517 0.3322262671816015
9 867.0 0.0 -1.0 -1.0 -1.0 0.0 0.31357948564514265 0.3275296962330234 0.35889081812183377
9 868.0 0.0 -1.0 -1.0 -1.0 0.0 0.2947003322354817 0.32397172879768943 0.38132793896682876
9 869.0 0.0 -1.0 -1.0 -1.0 0.0 0.2852029670228685 0.33967525402079823 0.3751217789563335
9 870.0 0.0 -1.0 -1.0 -1.0 0.0 0.28338408368523094 0.33574856320240287 0.38086735311236625
9 871.0 0.0 -1.0 -1.0 -1.0 0.0 0.29466551883029246 0.34236374121795776 0.3629707399517499
9 872.0 0.0 -1.0 -1.0 -1.0 0.0 0.2907820605177648 0.3529866196158734 0.35623131986636186
9 873.0 0.0 -1.0 -1.0 -1.0 0.0 0.2865671369756407 0.3657433286065867 0.3476895344177725
9 874.0 0.0 -1.0 -1.0 -1.0 0.0 0.30587225275483904 0.36705072765313745 0.3270770195920237
9 875.0 0.0 -1.0 -1.0 -1.0 0.0 0.28337670078920657 0.37545933387498737 0.3411639653358061
9 876.0 0.0 -1.0 -1.0 -1.0 0.0 0.31095617701087325 0.33414377565277015 0.35490004733635644
9 877.0 0.0 -1.0 -1.0 -1.0 0.0 0.3254196324905723 0.32169597115922227 0.35288439635020535
9 878.0 0.0 -1.0 -1.0 -1.0 0.0 0.3571999677735538 0.30143755283523366 0.34136247939121256
9 879.0 0.0 -1.0 -1.0 -1.0 0.0 0.34317244274531833 0.3349828459924833 0.32184471126219827
9 880.0 0.0 -1.0 -1.0 -1.0 0.0 0.3400830075236413 0.34232318194736366 0.317593810528995
9 881.0 0.0 -1.0 -1.0 -1.0 0.0 0.35218651586936184 0.3035461403965606 0.34426734373407764
9 882.0 0.0 -1.0 -1.0 -1.0 0.0 0.3518659579021682 0.32872525738425523 0.3194087847135769
9 883.0 0.0 -1.0 -1.0 -1.0 0.0 0.3496764349405278 0.3285339550689264 0.32178960999054573
9 884.0 0.0 -1.0 -1.0 -1.0 0.0 0.35681346714340884 0.31488439232321486 0.3283021405333764
9 885.0 0.0 -1.0 -1.0 -1.0 0.0 0.3697316967387543 0.30003343594421705 0.33023486731702856
9 886.0 0.0 -1.0 -1.0 -1.0 0.0 0.35419692596932445 0.301209716927991 0.34459335710268457
9 887.0 0.0 -1.0 -1.0 -1.0 0.0 0.35251263510285374 0.29521886508038564 0.3522684998167606
9 888.0 0.0 -1.0 -1.0 -1.0 0.0 0.3397755143316788 0.3019089686577196 0.35831551701060166
9 889.0 0.0 -1.0 -1.0 -1.0 0.0 0.3433257560608196 0.2869971429068759 0.3696771010323047
9 890.0 0.0 -1.0 -1.0 -1.0 0.0 0.35252245051328374 0.29604050760270406 0.3514370418840123
9 891.0 0.0 -1.0 -1.0 -1.0 0.0 0.31733854047810073 0.2952641865195416 0.3873972730023577
9 892.0 0.0 -1.0 -1.0 -1.0 0.0 0.32180461578437636 0.29508379509027555 0.3831115891253481
9 893.0 0.0 -1.0 -1.0 -1.0 0.0 0.3206422687968517 0.2921018083024661 0.3872559229006821
9 894.0 0.0 -1.0 -1.0 -1.0 0.0 0.3219620904653597 0.3041391472598326 0.37389876227480756
9 895.0 0.0 -1.0 -1.0 -1.0 0.0 0.3315350911096083 0.30828583788671216 0.3601790710036794
9 896.0 0.0 -1.0 -1.0 -1.0 0.0 0.3328107961238959 0.29014540437815073 0.3770437994979533
9 897.0 0.0 -1.0 -1.0 -1.0 0.0 0.31951882795820813 0.311052324037832 0.3694288480039599
9 898.0 0.0 -1.0 -1.0 -1.0 0.0 0.32183658902676704 0.3045628943171418 0.373600516656091
9 899.0 0.0 -1.0 -1.0 -1.0 0.0 0.3569898290667782 0.29770696156792886 0.34530320936529313
9 900.0 0.0 -1.0 -1.0 -1.0 0.0 0.34261137409117354 0.2962083917605041 0.3611802341483225
9 901.0 0.0 -1.0 -1.0 -1.0 0.0 0.3599998220296174 0.2999006430039023 0.34009953496648043
9 902.0 0.0 -1.0 -1.0 -1.0 0.0 0.33275458419498544 0.3160660995940558 0.3511793162109588
9 903.0 0.0 -1.0 -1.0 -1.0 0.0 0.3444019151903507 0.3269392813410131 0.3286588034686359
9 904.0 0.0 -1.0 -1.0 -1.0 0.0 0.3764693070600731 0.3263964578086456 0.29713423513128145
9 905.0 0.0 -1.0 -1.0 -1.0 0.0 0.3560859133757283 0.34465215566917023 0.29926193095510156
9 906.0 0.0 -1.0 -1.0 -1.0 0.0 0.3197114044338832 0.3805437800744316 0.2997448154916854
9 907.0 0.0 -1.0 -1.0 -1.0 0.0 0.3251153754757977 0.3790452314106375 0.2958393931135649
9 908.0 0.0 -1.0 -1.0 -1.0 0.0 0.3181088336953573 0.37427382079071614 0.3076173455139264
9 909.0 0.0 -1.0 -1.0 -1.0 0.0 0.31805552042346363 0.36582486990838303 0.31611960966815345
9 910.0 0.0 -1.0 -1.0 -1.0 0.0 0.29868743917853646 0.3771114328131718 0.3242011280082917
9 911.0 0.0 -1.0 -1.0 -1.0 0.0 0.31592277837999205 0.3650154833629278 0.3190617382570802
9 912.0 0.0 -1.0 -1.0 -1.0 0.0 0.32334846462522016 0.3573267049200651 0.3193248304547146
9 913.0 0.0 -1.0 -1.0 -1.0 0.0 0.3344910538272237 0.327910982175012 0.3375979639977645
9 914.0 0.0 -1.0 -1.0 -1.0 0.0 0.3099064567424409 0.33989467249786115 0.3501988707596982
9 915.0 0.0 -1.0 -1.0 -1.0 0.0 0.3063043905439006 0.3602866597691069 0.3334089496869928
9 916.0 0.0 -1.0 -1.0 -1.0 0.0 0.32385071124505393 0.36272494504778857 0.3134243437071574
9 917.0 0.0 -1.0 -1.0 -1.0 0.0 0.3273251762960752 0.3803507240542973 0.29232409964962774
9 918.0 0.0 -1.0 -1.0 -1.0 0.0 0.3410791409315167 0.36695919432349783 0.29196166474498547
9 919.0 0.0 -1.0 -1.0 -1.0 0.0 0.3316077465564048 0.37309330362293 0.2952989498206651
9 920.0 0.0 -1.0 -1.0 -1.0 0.0 0.3225455580225465 0.3873513486298779 0.29010309334757595
9 921.0 0.0 -1.0 -1.0 -1.0 0.0 0.3349218697789514 0.3469358534601599 0.31814227676088863
9 922.0 0.0 -1.0 -1.0 -1.0 0.0 0.3284764672728535 0.32609406266937974 0.3454294700577668
9 923.0 0.0 -1.0 -1.0 -1.0 0.0 0.3278275895649443 0.3305116882322631 0.3416607222027929
9 924.0 0.0 -1.0 -1.0 -1.0 0.0 0.3264634447564882 0.3262816763483834 0.34725487889512857
9 925.0 0.0 -1.0 -1.0 -1.0 0.0 0.31573904538757913 0.34053521435140544 0.34372574026101543
9 926.0 0.0 -1.0 -1.0 -1.0 0.0 0.3171617728899875 0.35791309067558486 0.3249251364344275
9 927.0 0.0 -1.0 -1.0 -1.0 0.0 0.33980117514215735 0.3333224155442324 0.32687640931361023
9 928.0 0.0 -1.0 -1.0 -1.0 0.0 0.3380976310358175 0.3502057297587234 0.31169663920545904
9 929.0 0.0 -1.0 -1.0 -1.0 0.0 0.3564951096221818 0.3294492955772413 0.3140555948005766
9 930.0 0.0 -1.0 -1.0 -1.0 0.0 0.35424216251884205 0.34481531545262406 0.3009425220285338
9 931.0 0.0 -1.0 -1.0 -1.0 0.0 0.32724438648474086 0.35078646019917137 0.3219691533160877
9 932.0 0.0 -1.0 -1.0 -1.0 0.0 0.32984842133645004 0.3452134327111107 0.3249381459524392
9 933.0 0.0 -1.0 -1.0 -1.0 0.0 0.3226369854352732 0.3559379785531771 0.32142503601154965
9 934.0 0.0 -1.0 -1.0 -1.0 0.0 0.31619562399260437 0.3599347603989781 0.32386961560841754
9 935.0 0.0 -1.0 -1.0 -1.0 0.0 0.33552971854503677 0.37868280360179396 0.28578747785316905
9 936.0 0.0 -1.0 -1.0 -1.0 0.0 0.35270305442352096 0.38086457432688386 0.26643237124959535
9 937.0 0.0 -1.0 -1.0 -1.0 0.0 0.37857683534804 0.35396851534962437 0.2674546493023357
9 938.0 0.0 -1.0 -1.0 -1.0 0.0 0.3678016066390687 0.34982958594001606 0.2823688074209153
9 939.0 0.0 -1.0 -1.0 -1.0 0.0 0.3316503085046705 0.36337890242285026 0.30497078907247943
9 940.0 0.0 -1.0 -1.0 -1.0 0.0 0.3116378051347367 0.3762800550231201 0.31208213984214306
9 941.0 0.0 -1.0 -1.0 -1.0 0.0 0.31403760699486793 0.36314881457163045 0.3228135784335018
9 942.0 0.0 -1.0 -1.0 -1.0 0.0 0.2975538238351652 0.35938656166409255 0.34305961450074224
9 943.0 0.0 -1.0 -1.0 -1.0 0.0 0.29391184217522226 0.3508154793824292 0.3552726784423486
9 944.0 0.0 -1.0 -1.0 -1.0 0.0 0.3080489253455824 0.3654558184978148 0.3264952561566027
9 945.0 0.0 -1.0 -1.0 -1.0 0.0 0.30610453866215753 0.3827675128445391 0.31112794849330344
9 946.0 0.0 -1.0 -1.0 -1.0 0.0 0.2923035144893218 0.3627191492184664 0.3449773362922115
9 947.0 0.0 -1.0 -1.0 -1.0 0.0 0.30501777077793196 0.33037240424181774 0.3646098249802502
9 948.0 0.0 -1.0 -1.0 -1.0 0.0 0.31968837326409416 0.31672814503246616 0.3635834817034398
9 949.0 0.0 -1.0 -1.0 -1.0 0.0 0.3185992221321952 0.3234023759920792 0.3579984018757255
9 950.0 0.0 -1.0 -1.0 -1.0 0.0 0.33598178949331986 0.3244069079689028 0.33961130253777716
9 951.0 0.0 -1.0 -1.0 -1.0 0.0 0.3239060120406144 0.3413097554403239 0.33478423251906164
9 952.0 0.0 -1.0 -1.0 -1.0 0.0 0.32748725588425914 0.30199850525329663 0.37051423886244433
9 953.0 0.0 -1.0 -1.0 -1.0 0.0 0.33648559368141334 0.2914255297719391 0.3720888765466479
9 954.0 0.0 -1.0 -1.0 -1.0 0.0 0.33359244093689866 0.30425667234893394 0.36215088671416723
9 955.0 0.0 -1.0 -1.0 -1.0 0.0 0.3178173052771194 0.3324136936171208 0.3497690011057599
9 956.0 0.0 -1.0 -1.0 -1.0 0.0 0.31088512050540085 0.34561075202055286 0.343504127474046
9 957.0 0.0 -1.0 -1.0 -1.0 0.0 0.3179024709209328 0.35943742813963986 0.32266010093942754
9 958.0 0.0 -1.0 -1.0 -1.0 0.0 0.3101864466675481 0.3567764959257362 0.3330370574067159
9 959.0 0.0 -1.0 -1.0 -1.0 0.0 0.309300523117281 0.33869183248532764 0.3520076443973914
9 960.0 0.0 -1.0 -1.0 -1.0 0.0 0.324866343576795 0.32958419426463487 0.34554946215857013
9 961.0 0.0 -1.0 -1.0 -1.0 0.0 0.3171446570641523 0.33706617239417125 0.3457891705416762
9 962.0 0.0 -1.0 -1.0 -1.0 0.0 0.32465892311071726 0.31318663118641005 0.3621544457028727
9 963.0 0.0 -1.0 -1.0 -1.0 0.0 0.29314680584171404 0.32419114161896734 0.38266205253931856
9 964.0 0.0 -1.0 -1.0 -1.0 0.0 0.31774365452263575 0.31150163624323973 0.3707547092341245
9 965.0 0.0 -1.0 -1.0 -1.0 0.0 0.3096000627770748 0.3211536068005855 0.3692463304223396
9 966.0 0.0 -1.0 -1.0 -1.0 0.0 0.33324215686172853 0.31107712939842996 0.35568071373984134
9 967.0 0.0 -1.0 -1.0 -1.0 0.0 0.3426805539184067 0.30885081508974643 0.3484686309918469
9 968.0 0.0 -1.0 -1.0 -1.0 0.0 0.3558079624467769 0.2720718928945783 0.37212014465864457
9 969.0 0.0 -1.0 -1.0 -1.0 0.0 0.37626402557797967 0.28379393223942073 0.33994204218259966
9 970.0 0.0 -1.0 -1.0 -1.0 0.0 0.3548912193074096 0.30854547070619576 0.3365633099863945
9 971.0 0.0 -1.0 -1.0 -1.0 0.0 0.3569580448032807 0.30570330709649507 0.3373386481002241
9 972.0 0.0 -1.0 -1.0 -1.0 0.0 0.3298983985380055 0.32516947691026343 0.34493212455173056
9 973.0 0.0 -1.0 -1.0 -1.0 0.0 0.3541218995388523 0.3156129260885401 0.33026517437260766
9 974.0 0.0 -1.0 -1.0 -1.0 0.0 0.3549605866316405 0.33440933311302423 0.3106300802553353
9 975.0 0.0 -1.0 -1.0 -1.0 0.0 0.34710523205433985 0.30979513176892387 0.34309963617673594
9 976.0 0.0 -1.0 -1.0 -1.0 0.0 0.349490893289231 0.3185101281408451 0.3319989785699238
9 977.0 0.0 -1.0 -1.0 -1.0 0.0 0.3139334973982339 0.3559501870035719 0.33011631559819415
9 978.0 0.0 -1.0 -1.0 -1.0 0.0 0.3185424213600658 0.3448482281785711 0.33660935046136314
9 979.0 0.0 -1.0 -1.0 -1.0 0.0 0.3230880695316387 0.33961192945496266 0.33730000101339863
9 980.0 0.0 -1.0 -1.0 -1.0 0.0 0.31028822244047793 0.35626971963618487 0.3334420579233368
9 981.0 0.0 -1.0 -1.0 -1.0 0.0 0.30162233834985397 0.3591293203945063 0.33924834125563985
9 982.0 0.0 -1.0 -1.0 -1.0 0.0 0.31832067463506947 0.32917463441227535 0.35250469095265524
9 983.0 0.0 -1.0 -1.0 -1.0 0.0 0.31085680485870304 0.3309025738287755 0.35824062131252143
9 984.0 0.0 -1.0 -1.0 -1.0 0.0 0.29445104940378625 0.3493051921561511 0.3562437584400627
9 985.0 0.0 -1.0 -1.0 -1.0 0.0 0.3184093385375706 0.34329845606503817 0.33829220539739124
9 986.0 0.0 -1.0 -1.0 -1.0 0.0 0.32689515442365846 0.3410572668480774 0.33204757872826385
9 987.0 0.0 -1.0 -1.0 -1.0 0.0 0.35652049131472824 0.32157420510630447 0.3219053035789674
9 988.0 0.0 -1.0 -1.0 -1.0 0.0 0.38782377568145754 0.32362600517405476 0.28855021914448775
9 989.0 0.0 -1.0 -1.0 -1.0 0.0 0.3664551106149196 0.32084182832073177 0.3127030610643488
9 990.0 0.0 -1.0 -1.0 -1.0 0.0 0.36931735543907335 0.34046682635442055 0.29021581820650605
9 991.0 0.0 -1.0 -1.0 -1.0 0.0 0.3994157385671141 0.3249849644056669 0.2755992970272187
9 992.0 0.0 -1.0 -1.0 -1.0 0.0 0.37671296321056474 0.3279536840401169 0.2953333527493185
9 993.0 0.0 -1.0 -1.0 -1.0 0.0 0.3816025292358515 0.33200634699183307 0.2863911237723154
9 994.0 0.0 -1.0 -1.0 -1.0 0.0 0.38492467919641277 0.34287420541284497 0.2722011153907422
9 995.0 0.0 -1.0 -1.0 -1.0 0.0 0.3672180409410133 0.35600647734280083 0.2767754817161859
9 996.0 0.0 -1.0 -1.0 -1.0 0.0 0.34315360614937696 0.3637850745298275 0.2930613193207957
9 997.0 0.0 -1.0 -1.0 -1.0 0.0 0.3595623573722043 0.3608387149794025 0.2795989276483932
9 998.0 0.0 -1.0 -1.0 -1.0 0.0 0.34438354783760955 0.3786218636631849 0.27699458849920566
9 999.0 0.0 -1.0 -1.0 -1.0 0.0 0.34661102714251935 0.34782127535399 0.30556769750349067
9 1000.0 0.0 -1.0 -1.0 -1.0 0.0 0.35236655916137516 0.34092197920885065 0.3067114616297742
1000000000000000000000000000000000000000000000000000000000000000000000000000000000000000000000000000
-1.0
solo con 1: -100.0
