9 0.0 46.0 -41.0 -164.0 -97.26 50.338374220786264 0.3333333333333333 0.3333333333333333 0.3333333333333333
9 1.0 88.0 -40.0 -164.0 -86.44 49.35857667021094 0.27846006628893805 0.27801557212775735 0.4435243615833046
9 2.0 44.0 -40.0 -164.0 -73.31 44.891495448874984 0.2557572198319928 0.21864540700236967 0.5255973731656376
9 3.0 30.0 -37.0 -155.0 -58.82 35.12959556909937 0.23135516861607006 0.18040471287858317 0.5882401185053469
9 4.0 55.0 -34.0 -155.0 -50.91 29.22089158548222 0.21334125608230362 0.1626741229050345 0.6239846210126618
9 5.0 68.0 -31.0 -155.0 -48.19 29.889593135032435 0.19754770529602278 0.1473731979335532 0.6550790967704236
9 6.0 35.0 -29.0 -155.0 -44.4 29.041941109959293 0.16608066218456105 0.13640686020528803 0.6975124776101509
9 7.0 82.0 -26.0 -150.0 -38.65 22.912823369185098 0.14091457481261713 0.12301177635328588 0.7360736488340968
9 8.0 82.0 -25.0 -149.0 -34.05 17.025456282172343 0.13868615402818735 0.1221373241190919 0.7391765218527209
9 9.0 4.0 -24.0 -149.0 -30.82 12.626235313101773 0.13603753607308772 0.12128607117580259 0.7426763927511101
9 10.0 4.0 -23.0 -149.0 -28.59 12.741481606758041 0.1180510523235713 0.12177826191665667 0.7601706857597726
9 11.0 54.0 -19.0 -149.0 -26.6 12.767540914761192 0.11064116374366209 0.11750275450926731 0.7718560817470709
9 12.0 9.0 -18.0 -149.0 -24.67 13.083303416294685 0.10324164487568782 0.12621870940136223 0.7705396457229498
9 13.0 9.0 -16.0 -149.0 -22.71 13.344158484391789 0.10260226384510882 0.12380864045414285 0.7735890957007483
9 14.0 0.0 -14.0 -50.0 -19.49 4.575947216620066 0.09807333377939136 0.120460829420995 0.7814658367996138
9 15.0 70.0 -13.0 -43.0 -17.57 3.755817037098801 0.09899547529023646 0.1219400774541719 0.7790644472555915
9 16.0 45.0 -12.0 -24.0 -15.72 2.2833609819162115 0.09411543874670958 0.10892903245024779 0.7969555288030428
9 17.0 59.0 -11.0 -24.0 -14.19 2.0777561712267145 0.09014909251940369 0.09507442548898007 0.8147764819916165
9 18.0 9.0 -10.0 -24.0 -12.79 1.9606997307959824 0.08313813686978222 0.08886097407344622 0.8280008890567718
9 19.0 33.0 -9.0 -24.0 -11.53 2.0862948647365887 0.11585834151580056 0.08642043704415826 0.7977212214400411
9 20.0 41.0 -6.0 -24.0 -10.14 1.9175952954603646 0.11682255974608197 0.09009992993308252 0.7930775103208354
9 21.0 73.0 -4.0 -24.0 -9.22 2.1013704042261527 0.10716640629240977 0.09347529959910496 0.7993582941084851
9 22.0 57.0 -4.0 -24.0 -8.01 2.153198231994125 0.09851997991241097 0.09638679800211053 0.8050932220854778
9 23.0 98.0 -3.0 -14.0 -7.0 1.651445647689541 0.0956394686092043 0.11808716511571073 0.7862733662750847
9 24.0 26.0 -3.0 -11.0 -5.85 1.4659433478105142 0.09707539336411349 0.11652845463109276 0.7863961520047938
9 25.0 38.0 -2.0 -11.0 -4.94 1.4826947893561373 0.0972728911131372 0.1282767193325716 0.7744503895542914
9 26.0 0.0 -2.0 -11.0 -3.87 1.3607410340017536 0.09989717163693294 0.12000002340544585 0.7801028049576217
9 27.0 58.0 -1.0 -6.0 -2.94 0.9828838212426774 0.09988784268311456 0.13423695198264546 0.76587520533424
9 28.0 57.0 -1.0 -6.0 -2.42 0.8896713727636467 0.12472795019149614 0.15102648698997626 0.7242455628185277
9 29.0 8.0 -1.0 -6.0 -2.05 0.6871842709362761 0.13988835540414632 0.15953945086241295 0.7005721937334406
9 30.0 5.0 -1.0 -6.0 -1.75 0.7571210756756961 0.17468432646084373 0.17694034997775543 0.6483753235614009
9 31.0 0.0 -1.0 -6.0 -1.34 0.6849021164304498 0.17104410386935334 0.19075567454019698 0.6382002215904495
9 32.0 0.0 -1.0 -6.0 -1.21 0.6403124237432849 0.20770600986566307 0.2132099105257984 0.5790840796085386
9 33.0 0.0 -1.0 -2.0 -1.07 0.2564323999762429 0.25055256508433865 0.22461129518242853 0.5248361397332331
9 34.0 0.0 -1.0 -2.0 -1.01 0.09999999999999998 0.27992281621384074 0.26228569475953023 0.45779148902662903
9 35.0 0.0 -1.0 -1.0 -1.0 0.0 0.29229732719330775 0.26859128883980143 0.43911138396689076
9 36.0 0.0 -1.0 -1.0 -1.0 0.0 0.29969676810532175 0.27248306634167113 0.42782016555300684
9 37.0 0.0 -1.0 -1.0 -1.0 0.0 0.3064311934339759 0.2890265717936042 0.40454223477241996
9 38.0 0.0 -1.0 -1.0 -1.0 0.0 0.30872177904176107 0.3095926535192493 0.3816855674389894
9 39.0 0.0 -1.0 -1.0 -1.0 0.0 0.3118359843744835 0.3105911850567758 0.37757283056874075
9 40.0 0.0 -1.0 -1.0 -1.0 0.0 0.30306531853283647 0.31607488248558063 0.38085979898158284
9 41.0 0.0 -1.0 -1.0 -1.0 0.0 0.3265441486215364 0.3018857162481375 0.371570135130326
9 42.0 0.0 -1.0 -1.0 -1.0 0.0 0.31752373145131935 0.3164572543521431 0.3660190141965377
9 43.0 0.0 -1.0 -1.0 -1.0 0.0 0.33458785662997526 0.30338865833947465 0.36202348503055
9 44.0 0.0 -1.0 -1.0 -1.0 0.0 0.3305755902918864 0.3056292326105075 0.3637951770976061
9 45.0 0.0 -1.0 -1.0 -1.0 0.0 0.32995474978549294 0.30639035783017754 0.3636548923843295
9 46.0 0.0 -1.0 -1.0 -1.0 0.0 0.30977178522405135 0.3320726898194594 0.3581555249564892
9 47.0 0.0 -1.0 -1.0 -1.0 0.0 0.3132623713766511 0.3292619308871039 0.35747569773624527
9 48.0 0.0 -1.0 -1.0 -1.0 0.0 0.30095956980450383 0.3451319495157756 0.3539084806797206
9 49.0 0.0 -1.0 -1.0 -1.0 0.0 0.31040662938050234 0.33271772871343325 0.3568756419060645
9 50.0 0.0 -1.0 -1.0 -1.0 0.0 0.3333097408097907 0.31531489010876057 0.3513753690814486
9 51.0 0.0 -1.0 -1.0 -1.0 0.0 0.3282381999447315 0.3124679865171904 0.3592938135380781
9 52.0 0.0 -1.0 -1.0 -1.0 0.0 0.31354725767574737 0.33736936028876024 0.34908338203549244
9 53.0 0.0 -1.0 -1.0 -1.0 0.0 0.31043611196857956 0.331267059533719 0.3582968284977019
9 54.0 0.0 -1.0 -1.0 -1.0 0.0 0.2783046506196592 0.3567212494209789 0.36497409995936186
9 55.0 0.0 -1.0 -1.0 -1.0 0.0 0.2866833123568122 0.3513559235349993 0.3619607641081888
9 56.0 0.0 -1.0 -1.0 -1.0 0.0 0.29491365117828805 0.3388170091286803 0.3662693396930314
9 57.0 0.0 -1.0 -1.0 -1.0 0.0 0.3056258825403742 0.3381519672023864 0.35622215025723947
9 58.0 0.0 -1.0 -1.0 -1.0 0.0 0.3255926038849792 0.35149526201753944 0.32291213409748126
9 59.0 0.0 -1.0 -1.0 -1.0 0.0 0.3339000456747187 0.34192227679936577 0.32417767752591564
9 60.0 0.0 -1.0 -1.0 -1.0 0.0 0.32897449959985986 0.3505803523939099 0.32044514800623014
9 61.0 0.0 -1.0 -1.0 -1.0 0.0 0.32425256688036813 0.3408321783267453 0.3349152547928867
9 62.0 0.0 -1.0 -1.0 -1.0 0.0 0.3228792212073912 0.35851745528955176 0.3186033235030571
9 63.0 0.0 -1.0 -1.0 -1.0 0.0 0.3357903702696598 0.3261248267573864 0.33808480297295396
9 64.0 0.0 -1.0 -1.0 -1.0 0.0 0.3041272597082687 0.35754333435271024 0.3383294059390209
9 65.0 0.0 -1.0 -1.0 -1.0 0.0 0.3210451473105872 0.33918230328567406 0.33977254940373863
9 66.0 0.0 -1.0 -1.0 -1.0 0.0 0.339644689577828 0.34460185940718896 0.31575345101498314
9 67.0 0.0 -1.0 -1.0 -1.0 0.0 0.3409023549712944 0.32786537460192 0.3312322704267856
9 68.0 0.0 -1.0 -1.0 -1.0 0.0 0.36800506406079125 0.3311763896917654 0.30081854624744336
9 69.0 0.0 -1.0 -1.0 -1.0 0.0 0.35682521449345955 0.3245235022294354 0.31865128327710507
9 70.0 0.0 -1.0 -1.0 -1.0 0.0 0.3682689993650988 0.2993283006358622 0.3324026999990392
9 71.0 0.0 -1.0 -1.0 -1.0 0.0 0.359041329980686 0.3112618421661124 0.32969682785320154
9 72.0 0.0 -1.0 -1.0 -1.0 0.0 0.3597862567751226 0.3005317501070385 0.3396819931178389
9 73.0 0.0 -1.0 -1.0 -1.0 0.0 0.3564572729068384 0.3089410842409658 0.3346016428521961
9 74.0 0.0 -1.0 -1.0 -1.0 0.0 0.3282316488318081 0.31720099018098646 0.35456736098720554
9 75.0 0.0 -1.0 -1.0 -1.0 0.0 0.3125698937343763 0.34111976801995314 0.3463103382456704
9 76.0 0.0 -1.0 -1.0 -1.0 0.0 0.28156510496242576 0.3584304216211893 0.36000447341638503
9 77.0 0.0 -1.0 -1.0 -1.0 0.0 0.2954949227549401 0.37951039604372744 0.32499468120133257
9 78.0 0.0 -1.0 -1.0 -1.0 0.0 0.30623812703608755 0.3602041227781234 0.33355775018578904
9 79.0 0.0 -1.0 -1.0 -1.0 0.0 0.3309577997855805 0.3322638771809627 0.3367783230334569
9 80.0 0.0 -1.0 -1.0 -1.0 0.0 0.3016093945093349 0.36657116637607373 0.3318194391145914
9 81.0 0.0 -1.0 -1.0 -1.0 0.0 0.3033585347419106 0.36858573498449 0.32805573027359947
9 82.0 0.0 -1.0 -1.0 -1.0 0.0 0.3162253347485303 0.3673058600330797 0.3164688052183901
9 83.0 0.0 -1.0 -1.0 -1.0 0.0 0.30311595685117754 0.3604216291374833 0.3364624140113391
9 84.0 0.0 -1.0 -1.0 -1.0 0.0 0.3259858292153793 0.3271005074599689 0.34691366332465196
9 85.0 0.0 -1.0 -1.0 -1.0 0.0 0.3292722709732917 0.3347920956800672 0.33593563334664095
9 86.0 0.0 -1.0 -1.0 -1.0 0.0 0.28426452264284063 0.3737501182052959 0.3419853591518631
9 87.0 0.0 -1.0 -1.0 -1.0 0.0 0.29138971579591816 0.3622389543450819 0.34637132985900015
9 88.0 0.0 -1.0 -1.0 -1.0 0.0 0.2978217074082029 0.3600952414593067 0.3420830511324905
9 89.0 0.0 -1.0 -1.0 -1.0 0.0 0.2984995895790201 0.3634686297521666 0.33803178066881306
9 90.0 0.0 -1.0 -1.0 -1.0 0.0 0.33777778196422736 0.35568678203858517 0.30653543599718747
9 91.0 0.0 -1.0 -1.0 -1.0 0.0 0.3681210448493282 0.34296892230917675 0.28891003284149486
9 92.0 0.0 -1.0 -1.0 -1.0 0.0 0.35865724017773326 0.355537963486239 0.2858047963360278
9 93.0 0.0 -1.0 -1.0 -1.0 0.0 0.33953212198965976 0.3520043521514575 0.3084635258588827
9 94.0 0.0 -1.0 -1.0 -1.0 0.0 0.34235384927448614 0.3482456197938575 0.30940053093165637
9 95.0 0.0 -1.0 -1.0 -1.0 0.0 0.33324067779495725 0.3710788306235903 0.2956804915814525
9 96.0 0.0 -1.0 -1.0 -1.0 0.0 0.319379609136077 0.39494070697040123 0.2856796838935216
9 97.0 0.0 -1.0 -1.0 -1.0 0.0 0.34444533492397517 0.3627615988744934 0.2927930662015316
9 98.0 0.0 -1.0 -1.0 -1.0 0.0 0.34687390306434523 0.33042624860282266 0.32269984833283216
9 99.0 0.0 -1.0 -1.0 -1.0 0.0 0.34033521539550443 0.33885306053178466 0.320811724072711
9 100.0 0.0 -1.0 -1.0 -1.0 0.0 0.33764863671931655 0.3437033562606064 0.3186480070200769
9 101.0 0.0 -1.0 -1.0 -1.0 0.0 0.3229311864582173 0.349010095256589 0.32805871828519373
9 102.0 0.0 -1.0 -1.0 -1.0 0.0 0.3230630810886499 0.35079112095208365 0.3261457979592663
9 103.0 0.0 -1.0 -1.0 -1.0 0.0 0.33873341323596007 0.3486791458578765 0.31258744090616325
9 104.0 0.0 -1.0 -1.0 -1.0 0.0 0.34330600386157906 0.34986760339034456 0.30682639274807644
9 105.0 0.0 -1.0 -1.0 -1.0 0.0 0.3434381945425124 0.3401584948480359 0.3164033106094518
9 106.0 0.0 -1.0 -1.0 -1.0 0.0 0.3444187614414583 0.3539684274009482 0.30161281115759364
9 107.0 0.0 -1.0 -1.0 -1.0 0.0 0.34782097301524656 0.3382434876749852 0.3139355393097683
9 108.0 0.0 -1.0 -1.0 -1.0 0.0 0.3438570210512823 0.35504026041392067 0.30110271853479714
9 109.0 0.0 -1.0 -1.0 -1.0 0.0 0.33825371253246317 0.3237734760281632 0.33797281143937363
9 110.0 0.0 -1.0 -1.0 -1.0 0.0 0.3260635169338479 0.3389138283854409 0.33502265468071124
9 111.0 0.0 -1.0 -1.0 -1.0 0.0 0.32321303461991235 0.352564406762786 0.3242225586173016
9 112.0 0.0 -1.0 -1.0 -1.0 0.0 0.3065118015122088 0.36763005329208676 0.3258581451957045
9 113.0 0.0 -1.0 -1.0 -1.0 0.0 0.29737066525815586 0.3607095561432766 0.3419197785985674
9 114.0 0.0 -1.0 -1.0 -1.0 0.0 0.27652999949231516 0.3445711106729603 0.3788988898347246
9 115.0 0.0 -1.0 -1.0 -1.0 0.0 0.2717009702016105 0.3678978728853633 0.3604011569130264
9 116.0 0.0 -1.0 -1.0 -1.0 0.0 0.27517896252892615 0.3657174411381377 0.35910359633293604
9 117.0 0.0 -1.0 -1.0 -1.0 0.0 0.27564745826625103 0.33993810096157767 0.38441444077217113
9 118.0 0.0 -1.0 -1.0 -1.0 0.0 0.3052235340129975 0.35182107251790723 0.3429553934690954
9 119.0 0.0 -1.0 -1.0 -1.0 0.0 0.2969928658007903 0.3471581229991415 0.3558490112000681
9 120.0 0.0 -1.0 -1.0 -1.0 0.0 0.34048807508818596 0.337326278266082 0.3221856466457321
9 121.0 0.0 -1.0 -1.0 -1.0 0.0 0.345585418194628 0.34014534434414684 0.3142692374612252
9 122.0 0.0 -1.0 -1.0 -1.0 0.0 0.33517534184631936 0.35354296800366797 0.311281690150013
9 123.0 0.0 -1.0 -1.0 -1.0 0.0 0.3761612767567979 0.30553722318705506 0.31830150005614694
9 124.0 0.0 -1.0 -1.0 -1.0 0.0 0.3682022521878608 0.2985674147013353 0.33323033311080397
9 125.0 0.0 -1.0 -1.0 -1.0 0.0 0.361150563897239 0.3418738914883106 0.29697554461445064
9 126.0 0.0 -1.0 -1.0 -1.0 0.0 0.36548423657102463 0.3219876463685932 0.31252811706038214
9 127.0 0.0 -1.0 -1.0 -1.0 0.0 0.3468123047522287 0.3329598527231438 0.32022784252462755
9 128.0 0.0 -1.0 -1.0 -1.0 0.0 0.35451569955903367 0.34017986088099555 0.3053044395599706
9 129.0 0.0 -1.0 -1.0 -1.0 0.0 0.35140555295686726 0.34593861027729855 0.3026558367658345
9 130.0 0.0 -1.0 -1.0 -1.0 0.0 0.3386671866426344 0.33721086783516263 0.3241219455222032
9 131.0 0.0 -1.0 -1.0 -1.0 0.0 0.31207117683441926 0.33116350620750545 0.3567653169580752
9 132.0 0.0 -1.0 -1.0 -1.0 0.0 0.3247789145843692 0.3166486833149623 0.35857240210066843
9 133.0 0.0 -1.0 -1.0 -1.0 0.0 0.30405376104401294 0.32100512218964666 0.3749411167663405
9 134.0 0.0 -1.0 -1.0 -1.0 0.0 0.27031093893275643 0.34190473188151604 0.3877843291857275
9 135.0 0.0 -1.0 -1.0 -1.0 0.0 0.2827106068068107 0.35495521121521995 0.3623341819779691
9 136.0 0.0 -1.0 -1.0 -1.0 0.0 0.27435780071349297 0.3401469262081461 0.38549527307836107
9 137.0 0.0 -1.0 -1.0 -1.0 0.0 0.25843972783190866 0.3296672108291759 0.41189306133891535
9 138.0 0.0 -1.0 -1.0 -1.0 0.0 0.264716435267886 0.3296905255173042 0.40559303921480955
9 139.0 0.0 -1.0 -1.0 -1.0 0.0 0.3054533448055009 0.31015171422091403 0.3843949409735852
9 140.0 0.0 -1.0 -1.0 -1.0 0.0 0.3135520370041131 0.3186394272439971 0.36780853575188965
9 141.0 0.0 -1.0 -1.0 -1.0 0.0 0.30120561974723437 0.3178296918304714 0.3809646884222946
9 142.0 0.0 -1.0 -1.0 -1.0 0.0 0.2928833947720934 0.3261619766614004 0.38095462856650614
9 143.0 0.0 -1.0 -1.0 -1.0 0.0 0.3097642699758218 0.3352238737758188 0.3550118562483593
9 144.0 0.0 -1.0 -1.0 -1.0 0.0 0.31925759516868557 0.3249647109763872 0.3557776938549269
9 145.0 0.0 -1.0 -1.0 -1.0 0.0 0.30990043216581203 0.3251377837904149 0.3649617840437729
9 146.0 0.0 -1.0 -1.0 -1.0 0.0 0.32758509016862497 0.34903158623539504 0.3233833235959802
9 147.0 0.0 -1.0 -1.0 -1.0 0.0 0.31749248678580994 0.3483553496390271 0.3341521635751629
9 148.0 0.0 -1.0 -1.0 -1.0 0.0 0.30469271262094627 0.34137067545235694 0.35393661192669656
9 149.0 0.0 -1.0 -1.0 -1.0 0.0 0.31212378286979386 0.33146304821571343 0.3564131689144929
9 150.0 0.0 -1.0 -1.0 -1.0 0.0 0.3259008456770824 0.32252292284973577 0.35157623147318195
9 151.0 0.0 -1.0 -1.0 -1.0 0.0 0.351008073495078 0.3106990264369651 0.33829290006795665
9 152.0 0.0 -1.0 -1.0 -1.0 0.0 0.3501897791502367 0.30733579321919235 0.34247442763057107
9 153.0 0.0 -1.0 -1.0 -1.0 0.0 0.3578468444869305 0.31144418177816446 0.33070897373490493
9 154.0 0.0 -1.0 -1.0 -1.0 0.0 0.3605332485414031 0.29902652504426513 0.3404402264143315
9 155.0 0.0 -1.0 -1.0 -1.0 0.0 0.3747988346272188 0.29796071002871116 0.32724045534407004
9 156.0 0.0 -1.0 -1.0 -1.0 0.0 0.35692314028643984 0.3073600904688869 0.3357167692446733
9 157.0 0.0 -1.0 -1.0 -1.0 0.0 0.3731818237043338 0.3203077363174306 0.3065104399782358
9 158.0 0.0 -1.0 -1.0 -1.0 0.0 0.35501990681805834 0.31574773677463236 0.3292323564073094
9 159.0 0.0 -1.0 -1.0 -1.0 0.0 0.36163189181751837 0.2920249348864569 0.34634317329602465
9 160.0 0.0 -1.0 -1.0 -1.0 0.0 0.35653050329586955 0.30052226122265285 0.3429472354814775
9 161.0 0.0 -1.0 -1.0 -1.0 0.0 0.37257207439304685 0.2691730400944409 0.35825488551251233
9 162.0 0.0 -1.0 -1.0 -1.0 0.0 0.3236754195893923 0.3031998347520713 0.3731247456585365
9 163.0 0.0 -1.0 -1.0 -1.0 0.0 0.3066828936708878 0.3194725340176067 0.3738445723115055
9 164.0 0.0 -1.0 -1.0 -1.0 0.0 0.3310998517698436 0.31229500266348104 0.3566051455666755
9 165.0 0.0 -1.0 -1.0 -1.0 0.0 0.34238791656261597 0.2985534403684483 0.3590586430689359
9 166.0 0.0 -1.0 -1.0 -1.0 0.0 0.3587395855098902 0.28368230897272434 0.3575781055173853
9 167.0 0.0 -1.0 -1.0 -1.0 0.0 0.33395276006723873 0.3013534648658117 0.36469377506694967
9 168.0 0.0 -1.0 -1.0 -1.0 0.0 0.3398452702537037 0.30919484963574223 0.350959880110554
9 169.0 0.0 -1.0 -1.0 -1.0 0.0 0.32849726503890814 0.36069279352788736 0.31080994143320473
9 170.0 0.0 -1.0 -1.0 -1.0 0.0 0.3447347947492887 0.35679516611298423 0.2984700391377269
9 171.0 0.0 -1.0 -1.0 -1.0 0.0 0.33087534980573285 0.35373653831783824 0.3153881118764288
9 172.0 0.0 -1.0 -1.0 -1.0 0.0 0.3379317821201729 0.32698991769007435 0.33507830018975243
9 173.0 0.0 -1.0 -1.0 -1.0 0.0 0.3361257636856119 0.32722455539211664 0.3366496809222712
9 174.0 0.0 -1.0 -1.0 -1.0 0.0 0.3085478522099871 0.3264477285077673 0.36500441928224553
9 175.0 0.0 -1.0 -1.0 -1.0 0.0 0.31322681044720063 0.334839368204767 0.3519338213480326
9 176.0 0.0 -1.0 -1.0 -1.0 0.0 0.3101160595042795 0.32981987837522814 0.3600640621204924
9 177.0 0.0 -1.0 -1.0 -1.0 0.0 0.310784060196868 0.3320780792371169 0.3571378605660152
9 178.0 0.0 -1.0 -1.0 -1.0 0.0 0.3094074237816298 0.33165528388449284 0.35893729233387733
9 179.0 0.0 -1.0 -1.0 -1.0 0.0 0.32901944820277357 0.30796479771615193 0.36301575408107484
9 180.0 0.0 -1.0 -1.0 -1.0 0.0 0.31640373529309385 0.28709128593703054 0.39650497876987584
9 181.0 0.0 -1.0 -1.0 -1.0 0.0 0.3341396935675974 0.28420314019194615 0.3816571662404565
9 182.0 0.0 -1.0 -1.0 -1.0 0.0 0.33857733504658105 0.2924646572602339 0.3689580076931852
9 183.0 0.0 -1.0 -1.0 -1.0 0.0 0.34895860412400664 0.295716407484333 0.35532498839166027
9 184.0 0.0 -1.0 -1.0 -1.0 0.0 0.3552764897085718 0.2943676374249133 0.350355872866515
9 185.0 0.0 -1.0 -1.0 -1.0 0.0 0.33580258198620094 0.3231491980812629 0.3410482199325362
9 186.0 0.0 -1.0 -1.0 -1.0 0.0 0.3236673705861528 0.3303222068018702 0.3460104226119769
9 187.0 0.0 -1.0 -1.0 -1.0 0.0 0.3068978185832483 0.35399746342816746 0.33910471798858416
9 188.0 0.0 -1.0 -1.0 -1.0 0.0 0.3303192039438961 0.341868549963819 0.3278122460922846
9 189.0 0.0 -1.0 -1.0 -1.0 0.0 0.30719584479283846 0.3568740059835382 0.3359301492236234
9 190.0 0.0 -1.0 -1.0 -1.0 0.0 0.29604315423317235 0.3526080985220684 0.3513487472447591
9 191.0 0.0 -1.0 -1.0 -1.0 0.0 0.28960802126377655 0.3510155421714524 0.3593764365647711
9 192.0 0.0 -1.0 -1.0 -1.0 0.0 0.3159399387791199 0.331128594444911 0.3529314667759692
9 193.0 0.0 -1.0 -1.0 -1.0 0.0 0.28839263653377184 0.3300934178576653 0.38151394560856294
9 194.0 0.0 -1.0 -1.0 -1.0 0.0 0.2894731605964021 0.31916559432963143 0.39136124507396663
9 195.0 0.0 -1.0 -1.0 -1.0 0.0 0.3123137762894152 0.3035110318197125 0.38417519189087224
9 196.0 0.0 -1.0 -1.0 -1.0 0.0 0.3273724278082174 0.313182942679601 0.3594446295121815
9 197.0 0.0 -1.0 -1.0 -1.0 0.0 0.35231958921886103 0.30793909409099907 0.3397413166901398
9 198.0 0.0 -1.0 -1.0 -1.0 0.0 0.3341007355653363 0.31460921710184786 0.3512900473328158
9 199.0 0.0 -1.0 -1.0 -1.0 0.0 0.30803699695343606 0.34020757258499834 0.3517554304615657
9 200.0 0.0 -1.0 -1.0 -1.0 0.0 0.28150203493205017 0.3659131339551246 0.3525848311128248
9 201.0 0.0 -1.0 -1.0 -1.0 0.0 0.27892509953118383 0.36721058969050374 0.3538643107783129
9 202.0 0.0 -1.0 -1.0 -1.0 0.0 0.2835984301894612 0.3859909098872879 0.3304106599232511
9 203.0 0.0 -1.0 -1.0 -1.0 0.0 0.30254268981148646 0.3439774861645365 0.3534798240239771
9 204.0 0.0 -1.0 -1.0 -1.0 0.0 0.3608969108416627 0.3090802942921132 0.330022794866224
9 205.0 0.0 -1.0 -1.0 -1.0 0.0 0.3370375796603415 0.31932861285786596 0.3436338074817926
9 206.0 0.0 -1.0 -1.0 -1.0 0.0 0.36132964981695964 0.3132253133521488 0.3254450368308914
9 207.0 0.0 -1.0 -1.0 -1.0 0.0 0.3895938971769341 0.2950089771781934 0.31539712564487254
9 208.0 0.0 -1.0 -1.0 -1.0 0.0 0.3861099112902048 0.2928663481101967 0.32102374059959843
9 209.0 0.0 -1.0 -1.0 -1.0 0.0 0.4010666320039421 0.3080066425380382 0.2909267254580198
9 210.0 0.0 -1.0 -1.0 -1.0 0.0 0.3897225270010942 0.3016627405622466 0.30861473243665916
9 211.0 0.0 -1.0 -1.0 -1.0 0.0 0.33398063565007186 0.34998619696844036 0.31603316738148807
9 212.0 0.0 -1.0 -1.0 -1.0 0.0 0.3185605715995864 0.3519486484781345 0.3294907799222792
9 213.0 0.0 -1.0 -1.0 -1.0 0.0 0.3352549169449096 0.3149421673565859 0.34980291569850464
9 214.0 0.0 -1.0 -1.0 -1.0 0.0 0.3314281320087773 0.3230349677265434 0.3455369002646791
9 215.0 0.0 -1.0 -1.0 -1.0 0.0 0.32608141954943226 0.3199161250389572 0.3540024554116103
9 216.0 0.0 -1.0 -1.0 -1.0 0.0 0.3319477557637758 0.346247698296122 0.32180454594010227
9 217.0 0.0 -1.0 -1.0 -1.0 0.0 0.3361678550052523 0.3492820250902462 0.31455011990450155
9 218.0 0.0 -1.0 -1.0 -1.0 0.0 0.3269225934034924 0.3593813267673137 0.313696079829194
9 219.0 0.0 -1.0 -1.0 -1.0 0.0 0.31517304240535826 0.3654764316460607 0.31935052594858093
9 220.0 0.0 -1.0 -1.0 -1.0 0.0 0.3341572564996323 0.35439597405661927 0.3114467694437484
9 221.0 0.0 -1.0 -1.0 -1.0 0.0 0.344654385462837 0.3715808339316055 0.2837647806055575
9 222.0 0.0 -1.0 -1.0 -1.0 0.0 0.3426600486563672 0.35216365018091167 0.30517630116272115
9 223.0 0.0 -1.0 -1.0 -1.0 0.0 0.34420486491444 0.3546777483026877 0.3011173867828724
9 224.0 0.0 -1.0 -1.0 -1.0 0.0 0.3397672784356278 0.3441263772331537 0.3161063443312183
9 225.0 0.0 -1.0 -1.0 -1.0 0.0 0.33251944310989445 0.35153910806296473 0.31594144882714054
9 226.0 0.0 -1.0 -1.0 -1.0 0.0 0.36316165778067583 0.32434944158182616 0.3124889006374982
9 227.0 0.0 -1.0 -1.0 -1.0 0.0 0.34574887249103603 0.3396047332023062 0.31464639430665803
9 228.0 0.0 -1.0 -1.0 -1.0 0.0 0.3532964424092126 0.324173454947724 0.3225301026430636
9 229.0 0.0 -1.0 -1.0 -1.0 0.0 0.3167727978177897 0.3554970272289888 0.3277301749532212
9 230.0 0.0 -1.0 -1.0 -1.0 0.0 0.3515310412577461 0.32990619027801715 0.3185627684642368
9 231.0 0.0 -1.0 -1.0 -1.0 0.0 0.35353238578231333 0.340047946833762 0.3064196673839246
9 232.0 0.0 -1.0 -1.0 -1.0 0.0 0.3556614131504745 0.3166739339708783 0.3276646528786471
9 233.0 0.0 -1.0 -1.0 -1.0 0.0 0.3442003600524761 0.3092973613035027 0.3465022786440213
9 234.0 0.0 -1.0 -1.0 -1.0 0.0 0.32233880142782795 0.34033588224184513 0.33732531633032714
9 235.0 0.0 -1.0 -1.0 -1.0 0.0 0.32401797785300646 0.3452679360695917 0.33071408607740205
9 236.0 0.0 -1.0 -1.0 -1.0 0.0 0.32709126633301794 0.33107140404916635 0.34183732961781593
9 237.0 0.0 -1.0 -1.0 -1.0 0.0 0.3267885553087377 0.3359397695956327 0.3372716750956294
9 238.0 0.0 -1.0 -1.0 -1.0 0.0 0.32951252842558154 0.34259708825552965 0.32789038331888876
9 239.0 0.0 -1.0 -1.0 -1.0 0.0 0.3228815377030864 0.37128717990010224 0.3058312823968113
9 240.0 0.0 -1.0 -1.0 -1.0 0.0 0.3584189950070882 0.3406635483071288 0.30091745668578285
9 241.0 0.0 -1.0 -1.0 -1.0 0.0 0.359510093070312 0.3183619090436429 0.3221279978860452
9 242.0 0.0 -1.0 -1.0 -1.0 0.0 0.3582718635633112 0.33698987661367463 0.30473825982301433
9 243.0 0.0 -1.0 -1.0 -1.0 0.0 0.35229254875026955 0.33276892640928835 0.31493852484044177
9 244.0 0.0 -1.0 -1.0 -1.0 0.0 0.3480974717486026 0.36223830495947884 0.28966422329191865
9 245.0 0.0 -1.0 -1.0 -1.0 0.0 0.3341990686509103 0.3549156054004424 0.31088532594864715
9 246.0 0.0 -1.0 -1.0 -1.0 0.0 0.3506811161796175 0.3482917458446712 0.30102713797571157
9 247.0 0.0 -1.0 -1.0 -1.0 0.0 0.34710675652930884 0.3569829044192325 0.2959103390514587
9 248.0 0.0 -1.0 -1.0 -1.0 0.0 0.37176225564401433 0.3524456644167559 0.27579207993922994
9 249.0 0.0 -1.0 -1.0 -1.0 0.0 0.38393479855027957 0.32393808350808656 0.2921271179416339
9 250.0 0.0 -1.0 -1.0 -1.0 0.0 0.3613221934862596 0.34568888505603246 0.292988921457708
9 251.0 0.0 -1.0 -1.0 -1.0 0.0 0.3631654265832427 0.34331497615441436 0.2935195972623429
9 252.0 0.0 -1.0 -1.0 -1.0 0.0 0.35990805275959736 0.32682005170561224 0.31327189553479046
9 253.0 0.0 -1.0 -1.0 -1.0 0.0 0.3531776045112146 0.28886981296776193 0.3579525825210231
9 254.0 0.0 -1.0 -1.0 -1.0 0.0 0.35471002672832413 0.31251024656586507 0.332779726705811
9 255.0 0.0 -1.0 -1.0 -1.0 0.0 0.348604658205601 0.3264747827604846 0.3249205590339141
9 256.0 0.0 -1.0 -1.0 -1.0 0.0 0.3412448701114976 0.32791911989269595 0.3308360099958066
9 257.0 0.0 -1.0 -1.0 -1.0 0.0 0.34183112251169506 0.3300200423942002 0.3281488350941048
9 258.0 0.0 -1.0 -1.0 -1.0 0.0 0.3439909642377294 0.3298392317679733 0.32616980399429757
9 259.0 0.0 -1.0 -1.0 -1.0 0.0 0.34530754315276674 0.2960118125376171 0.3586806443096162
9 260.0 0.0 -1.0 -1.0 -1.0 0.0 0.33538375648237667 0.30114242082017917 0.3634738226974442
9 261.0 0.0 -1.0 -1.0 -1.0 0.0 0.33095236333643635 0.3342161546344272 0.3348314820291366
9 262.0 0.0 -1.0 -1.0 -1.0 0.0 0.3371956679634745 0.3233886514847778 0.33941568055174787
9 263.0 0.0 -1.0 -1.0 -1.0 0.0 0.3293569531968832 0.31073367305794375 0.35990937374517307
9 264.0 0.0 -1.0 -1.0 -1.0 0.0 0.2989628732070639 0.32252899521564954 0.37850813157728624
9 265.0 0.0 -1.0 -1.0 -1.0 0.0 0.31147427917522086 0.2993471038872246 0.3891786169375548
9 266.0 0.0 -1.0 -1.0 -1.0 0.0 0.30237457603366263 0.31786122601597944 0.37976419795035776
9 267.0 0.0 -1.0 -1.0 -1.0 0.0 0.3037714945499134 0.31801875297242943 0.3782097524776571
9 268.0 0.0 -1.0 -1.0 -1.0 0.0 0.3032581729956932 0.31392958301935203 0.38281224398495467
9 269.0 0.0 -1.0 -1.0 -1.0 0.0 0.32603477484722915 0.3477414578727693 0.3262237672800017
9 270.0 0.0 -1.0 -1.0 -1.0 0.0 0.3242531887877685 0.33952252448599185 0.3362242867262396
9 271.0 0.0 -1.0 -1.0 -1.0 0.0 0.3048418950457736 0.34746162033561107 0.3476964846186153
9 272.0 0.0 -1.0 -1.0 -1.0 0.0 0.31205078893946575 0.3265352256158072 0.361413985444727
9 273.0 0.0 -1.0 -1.0 -1.0 0.0 0.31256637086234784 0.30769353110256925 0.379740098035083
9 274.0 0.0 -1.0 -1.0 -1.0 0.0 0.2931146577568122 0.3394408217895228 0.3674445204536651
9 275.0 0.0 -1.0 -1.0 -1.0 0.0 0.30098449987632453 0.35090621104334313 0.3481092890803324
9 276.0 0.0 -1.0 -1.0 -1.0 0.0 0.3079317554663751 0.363484844283828 0.3285834002497971
9 277.0 0.0 -1.0 -1.0 -1.0 0.0 0.31887251246601384 0.3453742949267405 0.3357531926072459
9 278.0 0.0 -1.0 -1.0 -1.0 0.0 0.3070607717716802 0.3271397805223381 0.3657994477059819
9 279.0 0.0 -1.0 -1.0 -1.0 0.0 0.28317272462942056 0.36686640443015184 0.3499608709404275
9 280.0 0.0 -1.0 -1.0 -1.0 0.0 0.3131471806080171 0.3490636780020956 0.33778914138988725
9 281.0 0.0 -1.0 -1.0 -1.0 0.0 0.3110589257507447 0.35246877640265273 0.33647229784660276
9 282.0 0.0 -1.0 -1.0 -1.0 0.0 0.31194576914391253 0.3457051025724776 0.3423491282836099
9 283.0 0.0 -1.0 -1.0 -1.0 0.0 0.32010121094297256 0.33265978517786254 0.347239003879165
9 284.0 0.0 -1.0 -1.0 -1.0 0.0 0.3367130825570298 0.3258011274210141 0.33748579002195606
9 285.0 0.0 -1.0 -1.0 -1.0 0.0 0.3290010298261957 0.31640382219324015 0.3545951479805643
9 286.0 0.0 -1.0 -1.0 -1.0 0.0 0.31932977590079337 0.3209711559121425 0.35969906818706443
9 287.0 0.0 -1.0 -1.0 -1.0 0.0 0.31979453423361415 0.3218658922525322 0.358339573513854
9 288.0 0.0 -1.0 -1.0 -1.0 0.0 0.3500536739724779 0.2987806938160803 0.3511656322114416
9 289.0 0.0 -1.0 -1.0 -1.0 0.0 0.3291235329320792 0.3078684999464094 0.36300796712151157
9 290.0 0.0 -1.0 -1.0 -1.0 0.0 0.34729651907528764 0.28629223279101274 0.36641124813369963
9 291.0 0.0 -1.0 -1.0 -1.0 0.0 0.32223646141243045 0.296105383514621 0.38165815507294826
9 292.0 0.0 -1.0 -1.0 -1.0 0.0 0.328944085293519 0.2982018400360769 0.37285407467040416
9 293.0 0.0 -1.0 -1.0 -1.0 0.0 0.325442902375166 0.30719414587851473 0.3673629517463195
9 294.0 0.0 -1.0 -1.0 -1.0 0.0 0.32893268282790855 0.28618979702078845 0.3848775201513031
9 295.0 0.0 -1.0 -1.0 -1.0 0.0 0.3895729619220557 0.29393405932356476 0.31649297875437943
9 296.0 0.0 -1.0 -1.0 -1.0 0.0 0.37385106483167013 0.3067982985479321 0.31935063662039764
9 297.0 0.0 -1.0 -1.0 -1.0 0.0 0.35904620166154294 0.31244432178347137 0.3285094765549856
9 298.0 0.0 -1.0 -1.0 -1.0 0.0 0.3556845481295815 0.3165103186094834 0.32780513326093497
9 299.0 0.0 -1.0 -1.0 -1.0 0.0 0.3644456288591142 0.31955547135112766 0.3159988997897581
9 300.0 0.0 -1.0 -1.0 -1.0 0.0 0.34692544772333167 0.33354596638422024 0.31952858589244815
9 301.0 0.0 -1.0 -1.0 -1.0 0.0 0.31619664091080923 0.344841418593783 0.338961940495408
9 302.0 0.0 -1.0 -1.0 -1.0 0.0 0.31542422201980314 0.3239585708223652 0.3606172071578317
9 303.0 0.0 -1.0 -1.0 -1.0 0.0 0.3217621015451237 0.3051965710103527 0.3730413274445236
9 304.0 0.0 -1.0 -1.0 -1.0 0.0 0.3238885193145109 0.32600944607503124 0.3501020346104582
9 305.0 0.0 -1.0 -1.0 -1.0 0.0 0.32195554752211597 0.32298617981241173 0.35505827266547235
9 306.0 0.0 -1.0 -1.0 -1.0 0.0 0.3467809508975599 0.3178338132266692 0.33538523587577074
9 307.0 0.0 -1.0 -1.0 -1.0 0.0 0.34442164780942497 0.3234269319522479 0.332151420238327
9 308.0 0.0 -1.0 -1.0 -1.0 0.0 0.32168094015069904 0.33574643017356115 0.3425726296757398
9 309.0 0.0 -1.0 -1.0 -1.0 0.0 0.31873663139405983 0.34955339175800765 0.3317099768479323
9 310.0 0.0 -1.0 -1.0 -1.0 0.0 0.32386766818522683 0.3360120154901166 0.3401203163246565
9 311.0 0.0 -1.0 -1.0 -1.0 0.0 0.33316422773082627 0.31926151849940904 0.347574253769765
9 312.0 0.0 -1.0 -1.0 -1.0 0.0 0.3462011410716847 0.3031161062908832 0.3506827526374321
9 313.0 0.0 -1.0 -1.0 -1.0 0.0 0.35328464499325163 0.2990223047325877 0.3476930502741605
9 314.0 0.0 -1.0 -1.0 -1.0 0.0 0.35283079463439476 0.3245399826103151 0.3226292227552902
9 315.0 0.0 -1.0 -1.0 -1.0 0.0 0.3710014755936144 0.3173697547689264 0.31162876963745917
9 316.0 0.0 -1.0 -1.0 -1.0 0.0 0.3586690424872026 0.33054019129595136 0.310790766216846
9 317.0 0.0 -1.0 -1.0 -1.0 0.0 0.3481446359104065 0.3446192894705123 0.30723607461908126
9 318.0 0.0 -1.0 -1.0 -1.0 0.0 0.3224030832025771 0.3661001863242373 0.3114967304731855
9 319.0 0.0 -1.0 -1.0 -1.0 0.0 0.32583970731079276 0.36114611418155573 0.3130141785076514
9 320.0 0.0 -1.0 -1.0 -1.0 0.0 0.3364251091546764 0.35248124947113596 0.311093641374188
9 321.0 0.0 -1.0 -1.0 -1.0 0.0 0.32318282242016094 0.34546044248297575 0.33135673509686325
9 322.0 0.0 -1.0 -1.0 -1.0 0.0 0.32310186296846877 0.3443112585329286 0.3325868784986025
9 323.0 0.0 -1.0 -1.0 -1.0 0.0 0.32002919232059257 0.37129042894716363 0.30868037873224347
9 324.0 0.0 -1.0 -1.0 -1.0 0.0 0.3230589226683178 0.32976506423863633 0.34717601309304574
9 325.0 0.0 -1.0 -1.0 -1.0 0.0 0.3324422639653821 0.30984554681268967 0.3577121892219283
9 326.0 0.0 -1.0 -1.0 -1.0 0.0 0.3096517167487083 0.3356614040008562 0.3546868792504357
9 327.0 0.0 -1.0 -1.0 -1.0 0.0 0.3058487586300135 0.33044179545007923 0.3637094459199073
9 328.0 0.0 -1.0 -1.0 -1.0 0.0 0.3201742919026668 0.31837026652818184 0.3614554415691514
9 329.0 0.0 -1.0 -1.0 -1.0 0.0 0.3307256832971817 0.296892617602418 0.3723816991004005
9 330.0 0.0 -1.0 -1.0 -1.0 0.0 0.33909319820478573 0.3084241178725709 0.35248268392264337
9 331.0 0.0 -1.0 -1.0 -1.0 0.0 0.3473249512014734 0.3178250781452995 0.3348499706532268
9 332.0 0.0 -1.0 -1.0 -1.0 0.0 0.3480118784145684 0.3281155973397304 0.3238725242457013
9 333.0 0.0 -1.0 -1.0 -1.0 0.0 0.328923080558318 0.3293017759077802 0.3417751435339018
9 334.0 0.0 -1.0 -1.0 -1.0 0.0 0.3355986877074445 0.34165471830425054 0.32274659398830524
9 335.0 0.0 -1.0 -1.0 -1.0 0.0 0.32030088197132733 0.34174938743044414 0.3379497305982285
9 336.0 0.0 -1.0 -1.0 -1.0 0.0 0.3239312304603261 0.32600107618497626 0.3500676933546976
9 337.0 0.0 -1.0 -1.0 -1.0 0.0 0.313409999981871 0.34143042270000706 0.34515957731812164
9 338.0 0.0 -1.0 -1.0 -1.0 0.0 0.3294493984496989 0.3083993399928421 0.3621512615574592
9 339.0 0.0 -1.0 -1.0 -1.0 0.0 0.32307816927325844 0.33136643739908433 0.3455553933276573
9 340.0 0.0 -1.0 -1.0 -1.0 0.0 0.343938430511217 0.3239636235748613 0.33209794591392183
9 341.0 0.0 -1.0 -1.0 -1.0 0.0 0.33928923556872065 0.3544613546797388 0.3062494097515407
9 342.0 0.0 -1.0 -1.0 -1.0 0.0 0.33053697405941085 0.3276952223837739 0.34176780355681524
9 343.0 0.0 -1.0 -1.0 -1.0 0.0 0.3262361110827474 0.347602188115958 0.32616170080129464
9 344.0 0.0 -1.0 -1.0 -1.0 0.0 0.34525322485873183 0.35628801682489 0.2984587583163783
9 345.0 0.0 -1.0 -1.0 -1.0 0.0 0.37541711013693735 0.33418110367859066 0.29040178618447204
9 346.0 0.0 -1.0 -1.0 -1.0 0.0 0.3738055573658169 0.31963334956001677 0.30656109307416585
9 347.0 0.0 -1.0 -1.0 -1.0 0.0 0.36359868549828306 0.3098932086261341 0.326508105875583
9 348.0 0.0 -1.0 -1.0 -1.0 0.0 0.3626652610782737 0.30436596510360964 0.3329687738181166
9 349.0 0.0 -1.0 -1.0 -1.0 0.0 0.35074247968039385 0.3006734296094445 0.3485840907101618
9 350.0 0.0 -1.0 -1.0 -1.0 0.0 0.3324167884924488 0.32271757030393056 0.34486564120362057
9 351.0 0.0 -1.0 -1.0 -1.0 0.0 0.3038177828246243 0.33611778645006557 0.3600644307253097
9 352.0 0.0 -1.0 -1.0 -1.0 0.0 0.2911665164067086 0.33275417081078884 0.37607931278250256
9 353.0 0.0 -1.0 -1.0 -1.0 0.0 0.3004636065278769 0.3421821612604795 0.3573542322116434
9 354.0 0.0 -1.0 -1.0 -1.0 0.0 0.30504762917786876 0.31751280581549735 0.3774395650066338
9 355.0 0.0 -1.0 -1.0 -1.0 0.0 0.3132188047703694 0.3015366130551103 0.38524458217452057
9 356.0 0.0 -1.0 -1.0 -1.0 0.0 0.3294546535367867 0.30650282731559375 0.36404251914761937
9 357.0 0.0 -1.0 -1.0 -1.0 0.0 0.34969855929893995 0.328788784608742 0.321512656092318
9 358.0 0.0 -1.0 -1.0 -1.0 0.0 0.34403923567166816 0.3370656586237986 0.31889510570453317
9 359.0 0.0 -1.0 -1.0 -1.0 0.0 0.3347355177018803 0.3551178641876922 0.3101466181104275
9 360.0 0.0 -1.0 -1.0 -1.0 0.0 0.34610044248754174 0.3328147931214883 0.32108476439096995
9 361.0 0.0 -1.0 -1.0 -1.0 0.0 0.31814313553469425 0.35035107385012926 0.33150579061517654
9 362.0 0.0 -1.0 -1.0 -1.0 0.0 0.3305345015856576 0.3571575595122232 0.31230793890211933
9 363.0 0.0 -1.0 -1.0 -1.0 0.0 0.30350114066515776 0.3693461619074674 0.3271526974273747
9 364.0 0.0 -1.0 -1.0 -1.0 0.0 0.31290137299460064 0.374741973977749 0.31235665302765026
9 365.0 0.0 -1.0 -1.0 -1.0 0.0 0.3247787423507279 0.3805011622222778 0.2947200954269944
9 366.0 0.0 -1.0 -1.0 -1.0 0.0 0.34240512447096905 0.37490137768783655 0.28269349784119424
9 367.0 0.0 -1.0 -1.0 -1.0 0.0 0.3244410980913671 0.382039079038826 0.2935198228698069
9 368.0 0.0 -1.0 -1.0 -1.0 0.0 0.33789041096311634 0.33867524666751714 0.3234343423693663
9 369.0 0.0 -1.0 -1.0 -1.0 0.0 0.3427779384825528 0.3336912588575761 0.3235308026598709
9 370.0 0.0 -1.0 -1.0 -1.0 0.0 0.3501669683765325 0.32670817535211055 0.32312485627135706
9 371.0 0.0 -1.0 -1.0 -1.0 0.0 0.34464152143079546 0.35904329168157484 0.2963151868876297
9 372.0 0.0 -1.0 -1.0 -1.0 0.0 0.33816714872404996 0.3601621237695049 0.3016707275064449
9 373.0 0.0 -1.0 -1.0 -1.0 0.0 0.35831845266758905 0.34258259784344697 0.29909894948896376
9 374.0 0.0 -1.0 -1.0 -1.0 0.0 0.33644420140666464 0.3554713258669719 0.30808447272636363
9 375.0 0.0 -1.0 -1.0 -1.0 0.0 0.3297506223322507 0.37140216834403295 0.2988472093237162
9 376.0 0.0 -1.0 -1.0 -1.0 0.0 0.3166786990215924 0.37389830562241727 0.3094229953559904
9 377.0 0.0 -1.0 -1.0 -1.0 0.0 0.33012719983155797 0.33899316195163365 0.3308796382168085
9 378.0 0.0 -1.0 -1.0 -1.0 0.0 0.3172108941599583 0.36250700468317526 0.32028210115686656
9 379.0 0.0 -1.0 -1.0 -1.0 0.0 0.3264929732458768 0.3496200551497648 0.32388697160435853
9 380.0 0.0 -1.0 -1.0 -1.0 0.0 0.34293659727906556 0.35613534244569955 0.30092806027523494
9 381.0 0.0 -1.0 -1.0 -1.0 0.0 0.34067263611808246 0.35114589423423603 0.3081814696476815
9 382.0 0.0 -1.0 -1.0 -1.0 0.0 0.3132608835651584 0.3703818786467167 0.31635723778812486
9 383.0 0.0 -1.0 -1.0 -1.0 0.0 0.3114900790600663 0.37779323593881103 0.3107166850011226
9 384.0 0.0 -1.0 -1.0 -1.0 0.0 0.29967207377272553 0.37060826536123165 0.3297196608660428
9 385.0 0.0 -1.0 -1.0 -1.0 0.0 0.3003982555072085 0.37610348775610036 0.32349825673669086
9 386.0 0.0 -1.0 -1.0 -1.0 0.0 0.3091541909860897 0.3583423775404954 0.33250343147341477
9 387.0 0.0 -1.0 -1.0 -1.0 0.0 0.30999952300964223 0.36750886272146205 0.32249161426889555
9 388.0 0.0 -1.0 -1.0 -1.0 0.0 0.30524889007219097 0.3732812668303088 0.3214698430975004
9 389.0 0.0 -1.0 -1.0 -1.0 0.0 0.3077823537594103 0.36930747356553156 0.3229101726750582
9 390.0 0.0 -1.0 -1.0 -1.0 0.0 0.32561007641134937 0.3690642774199041 0.30532564616874663
9 391.0 0.0 -1.0 -1.0 -1.0 0.0 0.31789879813742233 0.3529305046882193 0.3291706971743583
9 392.0 0.0 -1.0 -1.0 -1.0 0.0 0.31071444394919634 0.3694406220180919 0.319844934032712
9 393.0 0.0 -1.0 -1.0 -1.0 0.0 0.34111120500233194 0.35330194386894187 0.30558685112872624
9 394.0 0.0 -1.0 -1.0 -1.0 0.0 0.3467532385100914 0.346214254412733 0.30703250707717583
9 395.0 0.0 -1.0 -1.0 -1.0 0.0 0.3357437167741501 0.344229831611293 0.32002645161455656
9 396.0 0.0 -1.0 -1.0 -1.0 0.0 0.351481577165174 0.36318407545768283 0.2853343473771432
9 397.0 0.0 -1.0 -1.0 -1.0 0.0 0.3393258591702799 0.34424562965625394 0.31642851117346615
9 398.0 0.0 -1.0 -1.0 -1.0 0.0 0.3321775962366699 0.34795309619562337 0.3198693075677067
9 399.0 0.0 -1.0 -1.0 -1.0 0.0 0.37208653612235315 0.3239005780126144 0.3040128858650325
9 400.0 0.0 -1.0 -1.0 -1.0 0.0 0.36480691265353976 0.33786074393292137 0.297332343413539
9 401.0 0.0 -1.0 -1.0 -1.0 0.0 0.3581248628653773 0.3425911702868404 0.29928396684778213
9 402.0 0.0 -1.0 -1.0 -1.0 0.0 0.36660607922882454 0.3435130019323529 0.2898809188388226
9 403.0 0.0 -1.0 -1.0 -1.0 0.0 0.3517933901197597 0.3354026136164404 0.3128039962637999
9 404.0 0.0 -1.0 -1.0 -1.0 0.0 0.34868982614647315 0.3099117776034332 0.3413983962500934
9 405.0 0.0 -1.0 -1.0 -1.0 0.0 0.33524568589574494 0.33260498955672574 0.3321493245475293
9 406.0 0.0 -1.0 -1.0 -1.0 0.0 0.3257966030404832 0.3577117695776779 0.3164916273818388
9 407.0 0.0 -1.0 -1.0 -1.0 0.0 0.3372639739696693 0.36528927622349366 0.297446749806837
9 408.0 0.0 -1.0 -1.0 -1.0 0.0 0.3220597230294691 0.36033345809300826 0.3176068188775227
9 409.0 0.0 -1.0 -1.0 -1.0 0.0 0.3367515715490553 0.3568910004544607 0.30635742799648413
9 410.0 0.0 -1.0 -1.0 -1.0 0.0 0.3355351814413579 0.3541946887992003 0.3102701297594417
9 411.0 0.0 -1.0 -1.0 -1.0 0.0 0.35163929235319336 0.33560800564877363 0.31275270199803296
9 412.0 0.0 -1.0 -1.0 -1.0 0.0 0.3786929305464482 0.3296077864010583 0.2916992830524936
9 413.0 0.0 -1.0 -1.0 -1.0 0.0 0.39207501069826173 0.30806755680797915 0.29985743249375935
9 414.0 0.0 -1.0 -1.0 -1.0 0.0 0.3890185037477441 0.3127438626273087 0.29823763362494715
9 415.0 0.0 -1.0 -1.0 -1.0 0.0 0.38405222578053805 0.30699533478390906 0.3089524394355529
9 416.0 0.0 -1.0 -1.0 -1.0 0.0 0.35015417563337436 0.31844844535511235 0.331397379011513
9 417.0 0.0 -1.0 -1.0 -1.0 0.0 0.33040322112202375 0.31813658793459226 0.3514601909433839
9 418.0 0.0 -1.0 -1.0 -1.0 0.0 0.3192748845401621 0.30795295731283673 0.372772158147001
9 419.0 0.0 -1.0 -1.0 -1.0 0.0 0.3213304170759352 0.3056088399541641 0.3730607429699003
9 420.0 0.0 -1.0 -1.0 -1.0 0.0 0.36215142136157213 0.29776153485034973 0.3400870437880782
9 421.0 0.0 -1.0 -1.0 -1.0 0.0 0.36876485396862924 0.2972320941014522 0.3340030519299188
9 422.0 0.0 -1.0 -1.0 -1.0 0.0 0.3587181436701011 0.28961404019974024 0.3516678161301588
9 423.0 0.0 -1.0 -1.0 -1.0 0.0 0.3492656783724838 0.3040822978159281 0.346652023811588
9 424.0 0.0 -1.0 -1.0 -1.0 0.0 0.34026356625716336 0.3388968570569358 0.3208395766859007
9 425.0 0.0 -1.0 -1.0 -1.0 0.0 0.34416806157261853 0.3075984927056207 0.34823344572176074
9 426.0 0.0 -1.0 -1.0 -1.0 0.0 0.33850454882754283 0.3237928273063111 0.33770262386614625
9 427.0 0.0 -1.0 -1.0 -1.0 0.0 0.3249435038304943 0.34749669426448704 0.3275598019050186
9 428.0 0.0 -1.0 -1.0 -1.0 0.0 0.3312445601473215 0.3243276609447032 0.3444277789079754
9 429.0 0.0 -1.0 -1.0 -1.0 0.0 0.33626072341357693 0.3291102164796068 0.33462906010681626
9 430.0 0.0 -1.0 -1.0 -1.0 0.0 0.32976418661477175 0.3389224955985143 0.3313133177867141
9 431.0 0.0 -1.0 -1.0 -1.0 0.0 0.325464091437904 0.35525222275807977 0.3192836858040162
9 432.0 0.0 -1.0 -1.0 -1.0 0.0 0.3224589683869455 0.3596543792153988 0.31788665239765573
9 433.0 0.0 -1.0 -1.0 -1.0 0.0 0.3195184855997797 0.36596285056367706 0.31451866383654303
9 434.0 0.0 -1.0 -1.0 -1.0 0.0 0.29811283930775306 0.37666487622225103 0.3252222844699956
9 435.0 0.0 -1.0 -1.0 -1.0 0.0 0.3078875727532251 0.3664388227111611 0.32567360453561356
9 436.0 0.0 -1.0 -1.0 -1.0 0.0 0.3292298432749513 0.35559627140483846 0.3151738853202102
9 437.0 0.0 -1.0 -1.0 -1.0 0.0 0.314068902524987 0.3560203274108147 0.3299107700641983
9 438.0 0.0 -1.0 -1.0 -1.0 0.0 0.3118307588530847 0.3548370539962173 0.3333321871506982
9 439.0 0.0 -1.0 -1.0 -1.0 0.0 0.32859556817476265 0.34915232534738266 0.32225210647785474
9 440.0 0.0 -1.0 -1.0 -1.0 0.0 0.3190926635924315 0.3352205226781837 0.34568681372938465
9 441.0 0.0 -1.0 -1.0 -1.0 0.0 0.3064600907434202 0.34246551283273496 0.35107439642384497
9 442.0 0.0 -1.0 -1.0 -1.0 0.0 0.32054092408886237 0.34007305310574937 0.33938602280538843
9 443.0 0.0 -1.0 -1.0 -1.0 0.0 0.302534357292121 0.35233687713515244 0.34512876557272665
9 444.0 0.0 -1.0 -1.0 -1.0 0.0 0.30666623774994856 0.36491465374895443 0.3284191085010969
9 445.0 0.0 -1.0 -1.0 -1.0 0.0 0.3355764059456544 0.3462070439474318 0.3182165501069138
9 446.0 0.0 -1.0 -1.0 -1.0 0.0 0.34293650917225166 0.3407439029281949 0.31631958789955333
9 447.0 0.0 -1.0 -1.0 -1.0 0.0 0.3723664821073199 0.34133236529103755 0.28630115260164274
9 448.0 0.0 -1.0 -1.0 -1.0 0.0 0.38633654186221983 0.30747667060730965 0.3061867875304705
9 449.0 0.0 -1.0 -1.0 -1.0 0.0 0.3845271626832666 0.3004749970547322 0.31499784026200106
9 450.0 0.0 -1.0 -1.0 -1.0 0.0 0.3784073175079024 0.29405844491719413 0.3275342375749037
9 451.0 0.0 -1.0 -1.0 -1.0 0.0 0.39323423110914 0.29836012175778476 0.3084056471330752
9 452.0 0.0 -1.0 -1.0 -1.0 0.0 0.37766922402737485 0.3112597499500353 0.3110710260225897
9 453.0 0.0 -1.0 -1.0 -1.0 0.0 0.39509220062178163 0.30250698435562795 0.3024008150225904
9 454.0 0.0 -1.0 -1.0 -1.0 0.0 0.3718195768124112 0.33037556553078157 0.2978048576568074
9 455.0 0.0 -1.0 -1.0 -1.0 0.0 0.35966353232020737 0.3526086248076756 0.28772784287211683
9 456.0 0.0 -1.0 -1.0 -1.0 0.0 0.360120698742531 0.33926650388637974 0.3006127973710894
9 457.0 0.0 -1.0 -1.0 -1.0 0.0 0.3770684499185667 0.3428974934115054 0.280034056669928
9 458.0 0.0 -1.0 -1.0 -1.0 0.0 0.38079950143103164 0.33499557727569373 0.28420492129327485
9 459.0 0.0 -1.0 -1.0 -1.0 0.0 0.3909706812760712 0.33868340338803143 0.27034591533589714
9 460.0 0.0 -1.0 -1.0 -1.0 0.0 0.3667689111492973 0.3529495616615527 0.2802815271891499
9 461.0 0.0 -1.0 -1.0 -1.0 0.0 0.34579444972887907 0.3665821925982736 0.28762335767284763
9 462.0 0.0 -1.0 -1.0 -1.0 0.0 0.34082120963005785 0.34888372573764015 0.3102950646323022
9 463.0 0.0 -1.0 -1.0 -1.0 0.0 0.33371445235313574 0.35687890231043445 0.30940664533642975
9 464.0 0.0 -1.0 -1.0 -1.0 0.0 0.3420524307422326 0.33045426500137387 0.3274933042563935
9 465.0 0.0 -1.0 -1.0 -1.0 0.0 0.3496966154256374 0.33251072826733136 0.3177926563070311
9 466.0 0.0 -1.0 -1.0 -1.0 0.0 0.3487390952066076 0.32752787131917666 0.32373303347421584
9 467.0 0.0 -1.0 -1.0 -1.0 0.0 0.3488788324490071 0.3237243663411911 0.3273968012098018
9 468.0 0.0 -1.0 -1.0 -1.0 0.0 0.3422595491155301 0.33567926554309824 0.3220611853413719
9 469.0 0.0 -1.0 -1.0 -1.0 0.0 0.34681202815973977 0.34099057233262897 0.31219739950763126
9 470.0 0.0 -1.0 -1.0 -1.0 0.0 0.3470417293845455 0.33839304101005374 0.3145652296054004
9 471.0 0.0 -1.0 -1.0 -1.0 0.0 0.3403601524046056 0.34283460219301404 0.3168052454023803
9 472.0 0.0 -1.0 -1.0 -1.0 0.0 0.34587817407433197 0.32927971538161793 0.32484211054405
9 473.0 0.0 -1.0 -1.0 -1.0 0.0 0.3554593418244648 0.31788940381207653 0.32665125436345854
9 474.0 0.0 -1.0 -1.0 -1.0 0.0 0.36835165195495895 0.30397431647274537 0.3276740315722953
9 475.0 0.0 -1.0 -1.0 -1.0 0.0 0.37768019727665225 0.3278605895765468 0.2944592131468012
9 476.0 0.0 -1.0 -1.0 -1.0 0.0 0.3462351122616871 0.3397555739049334 0.3140093138333795
9 477.0 0.0 -1.0 -1.0 -1.0 0.0 0.3135737696455101 0.35812004165906935 0.32830618869542055
9 478.0 0.0 -1.0 -1.0 -1.0 0.0 0.32795766899870893 0.37142630952458283 0.3006160214767082
9 479.0 0.0 -1.0 -1.0 -1.0 0.0 0.3459424429203295 0.3540900640091641 0.2999674930705064
9 480.0 0.0 -1.0 -1.0 -1.0 0.0 0.34156604494717585 0.34498091509915724 0.31345303995366697
9 481.0 0.0 -1.0 -1.0 -1.0 0.0 0.34684534054106037 0.34342077715555297 0.3097338823033867
9 482.0 0.0 -1.0 -1.0 -1.0 0.0 0.33490936299652163 0.3266567295611471 0.33843390744233104
9 483.0 0.0 -1.0 -1.0 -1.0 0.0 0.3426626849243358 0.3283438254345051 0.32899348964115915
9 484.0 0.0 -1.0 -1.0 -1.0 0.0 0.32116464160141767 0.32577648458019276 0.35305887381838974
9 485.0 0.0 -1.0 -1.0 -1.0 0.0 0.3202605015877758 0.35769579922681094 0.32204369918541303
9 486.0 0.0 -1.0 -1.0 -1.0 0.0 0.31010581311969376 0.3464120853516939 0.3434821015286124
9 487.0 0.0 -1.0 -1.0 -1.0 0.0 0.3221757361060538 0.3689772436898214 0.30884702020412486
9 488.0 0.0 -1.0 -1.0 -1.0 0.0 0.3240767438886292 0.3952514861977935 0.2806717699135773
9 489.0 0.0 -1.0 -1.0 -1.0 0.0 0.3521407925905807 0.3734645867584269 0.2743946206509921
9 490.0 0.0 -1.0 -1.0 -1.0 0.0 0.3173173540261068 0.38275305060285014 0.29992959537104297
9 491.0 0.0 -1.0 -1.0 -1.0 0.0 0.31481408692368323 0.3845246620131368 0.3006612510631801
9 492.0 0.0 -1.0 -1.0 -1.0 0.0 0.3524335266389443 0.33583561331337586 0.3117308600476797
9 493.0 0.0 -1.0 -1.0 -1.0 0.0 0.3368214250543046 0.331897479760315 0.3312810951853805
9 494.0 0.0 -1.0 -1.0 -1.0 0.0 0.35066750845767963 0.33482541044982517 0.3145070810924951
9 495.0 0.0 -1.0 -1.0 -1.0 0.0 0.35906596236234095 0.34396125316464454 0.29697278447301423
9 496.0 0.0 -1.0 -1.0 -1.0 0.0 0.3392969049764577 0.34255854099976657 0.31814455402377534
9 497.0 0.0 -1.0 -1.0 -1.0 0.0 0.3354408669113228 0.34338583038186754 0.3211733027068098
9 498.0 0.0 -1.0 -1.0 -1.0 0.0 0.3074359220613346 0.3705289325607255 0.32203514537793976
9 499.0 0.0 -1.0 -1.0 -1.0 0.0 0.3298978967310691 0.36738665726944425 0.3027154459994866
9 500.0 0.0 -1.0 -1.0 -1.0 0.0 0.3323906891608702 0.3656436047813827 0.30196570605774736
9 501.0 0.0 -1.0 -1.0 -1.0 0.0 0.35328939811798776 0.3447873889779411 0.3019232129040711
9 502.0 0.0 -1.0 -1.0 -1.0 0.0 0.3143047598351842 0.3489274104437377 0.33676782972107816
9 503.0 0.0 -1.0 -1.0 -1.0 0.0 0.3210896308484284 0.3752973858571456 0.30361298329442615
9 504.0 0.0 -1.0 -1.0 -1.0 0.0 0.3414120745094638 0.39271814711664094 0.265869778373895
9 505.0 0.0 -1.0 -1.0 -1.0 0.0 0.35800136487441725 0.37789289343880095 0.26410574168678197
9 506.0 0.0 -1.0 -1.0 -1.0 0.0 0.34844106894618776 0.3731126861332865 0.2784462449205261
9 507.0 0.0 -1.0 -1.0 -1.0 0.0 0.3113007379544371 0.3846889252113696 0.30401033683419354
9 508.0 0.0 -1.0 -1.0 -1.0 0.0 0.3288533782373708 0.3808359599671332 0.29031066179549586
9 509.0 0.0 -1.0 -1.0 -1.0 0.0 0.3439605597629943 0.3583767596543908 0.29766268058261514
9 510.0 0.0 -1.0 -1.0 -1.0 0.0 0.32392748934378846 0.35587622087214155 0.32019628978407
9 511.0 0.0 -1.0 -1.0 -1.0 0.0 0.3173494941328466 0.35278606933131945 0.3298644365358338
9 512.0 0.0 -1.0 -1.0 -1.0 0.0 0.32009548707255375 0.34475807399710595 0.3351464389303401
9 513.0 0.0 -1.0 -1.0 -1.0 0.0 0.31684106229350767 0.3467316784318408 0.33642725927465145
9 514.0 0.0 -1.0 -1.0 -1.0 0.0 0.312562422249509 0.34487383695764484 0.3425637407928461
9 515.0 0.0 -1.0 -1.0 -1.0 0.0 0.31352723232596114 0.3332516591219478 0.35322110855209105
9 516.0 0.0 -1.0 -1.0 -1.0 0.0 0.3504904180219821 0.346656008595025 0.30285357338299307
9 517.0 0.0 -1.0 -1.0 -1.0 0.0 0.34930756710048927 0.3422662304629197 0.30842620243659125
9 518.0 0.0 -1.0 -1.0 -1.0 0.0 0.332639100371022 0.37603020779437835 0.29133069183459953
9 519.0 0.0 -1.0 -1.0 -1.0 0.0 0.327755688406438 0.3703566391891162 0.30188767240444575
9 520.0 0.0 -1.0 -1.0 -1.0 0.0 0.2898037070253245 0.3915592409322741 0.31863705204240117
9 521.0 0.0 -1.0 -1.0 -1.0 0.0 0.2833997877658654 0.3906645778304699 0.3259356344036645
9 522.0 0.0 -1.0 -1.0 -1.0 0.0 0.2944787076572079 0.37502248488001266 0.3304988074627795
9 523.0 0.0 -1.0 -1.0 -1.0 0.0 0.2762508210748969 0.3792490024672076 0.34450017645789527
9 524.0 0.0 -1.0 -1.0 -1.0 0.0 0.29098789530001845 0.3402820862988098 0.3687300184011719
9 525.0 0.0 -1.0 -1.0 -1.0 0.0 0.313782513578948 0.34527638005300676 0.3409411063680452
9 526.0 0.0 -1.0 -1.0 -1.0 0.0 0.31542957527035564 0.36265331359538805 0.32191711113425603
9 527.0 0.0 -1.0 -1.0 -1.0 0.0 0.30989844593366417 0.36577690465398705 0.3243246494123491
9 528.0 0.0 -1.0 -1.0 -1.0 0.0 0.2956456334568006 0.3625134980763542 0.34184086846684536
9 529.0 0.0 -1.0 -1.0 -1.0 0.0 0.2940408533031152 0.3339522774502061 0.37200686924667875
9 530.0 0.0 -1.0 -1.0 -1.0 0.0 0.3079197809999975 0.3281512160656913 0.36392900293431146
9 531.0 0.0 -1.0 -1.0 -1.0 0.0 0.3243672279086182 0.32653988024855335 0.349092891842828
9 532.0 0.0 -1.0 -1.0 -1.0 0.0 0.34554147712180056 0.32722001184575994 0.32723851103243945
9 533.0 0.0 -1.0 -1.0 -1.0 0.0 0.344606649133097 0.34138775045148195 0.31400560041542097
9 534.0 0.0 -1.0 -1.0 -1.0 0.0 0.3741843041104729 0.3307811467825054 0.29503454910702165
9 535.0 0.0 -1.0 -1.0 -1.0 0.0 0.3605365372632216 0.33928754230170566 0.3001759204350727
9 536.0 0.0 -1.0 -1.0 -1.0 0.0 0.34255161356024577 0.3357245105011766 0.32172387593857765
9 537.0 0.0 -1.0 -1.0 -1.0 0.0 0.34260570179531963 0.336970276445005 0.32042402175967544
9 538.0 0.0 -1.0 -1.0 -1.0 0.0 0.3391317615194725 0.3256579907184786 0.3352102477620489
9 539.0 0.0 -1.0 -1.0 -1.0 0.0 0.30356893943939695 0.3471460408312483 0.34928501972935466
9 540.0 0.0 -1.0 -1.0 -1.0 0.0 0.31496859617925677 0.31651251772935196 0.3685188860913911
9 541.0 0.0 -1.0 -1.0 -1.0 0.0 0.3291044344596811 0.31090955324833786 0.35998601229198113
9 542.0 0.0 -1.0 -1.0 -1.0 0.0 0.3235585787389724 0.32477512632393585 0.3516662949370915
9 543.0 0.0 -1.0 -1.0 -1.0 0.0 0.3475476717353605 0.30260851632755736 0.34984381193708225
9 544.0 0.0 -1.0 -1.0 -1.0 0.0 0.3566642197038905 0.2974657082856049 0.3458700720105046
9 545.0 0.0 -1.0 -1.0 -1.0 0.0 0.33824524941694795 0.32410405079166776 0.33765069979138446
9 546.0 0.0 -1.0 -1.0 -1.0 0.0 0.30312340797330817 0.3351704084915211 0.3617061835351709
9 547.0 0.0 -1.0 -1.0 -1.0 0.0 0.3374576991006102 0.33233442689341386 0.3302078740059761
9 548.0 0.0 -1.0 -1.0 -1.0 0.0 0.3170238812692991 0.3368017585150377 0.3461743602156632
9 549.0 0.0 -1.0 -1.0 -1.0 0.0 0.3190790330525758 0.32275089666332313 0.358170070284101
9 550.0 0.0 -1.0 -1.0 -1.0 0.0 0.310463680195048 0.3502832481509665 0.3392530716539855
9 551.0 0.0 -1.0 -1.0 -1.0 0.0 0.3463122704254375 0.3220934785724658 0.33159425100209683
9 552.0 0.0 -1.0 -1.0 -1.0 0.0 0.34430524443168536 0.31213065599601747 0.34356409957229705
9 553.0 0.0 -1.0 -1.0 -1.0 0.0 0.3497724650169847 0.328053074690946 0.3221744602920695
9 554.0 0.0 -1.0 -1.0 -1.0 0.0 0.3475036689094457 0.33262808388839005 0.31986824720216434
9 555.0 0.0 -1.0 -1.0 -1.0 0.0 0.329339851027263 0.30811441755003777 0.36254573142269925
9 556.0 0.0 -1.0 -1.0 -1.0 0.0 0.35211197096372543 0.32354323244593103 0.32434479659034315
9 557.0 0.0 -1.0 -1.0 -1.0 0.0 0.33895435421148806 0.31102557277566073 0.3500200730128513
9 558.0 0.0 -1.0 -1.0 -1.0 0.0 0.3324270880323479 0.3255327514255134 0.34204016054213854
9 559.0 0.0 -1.0 -1.0 -1.0 0.0 0.329656024505904 0.32646084772780926 0.3438831277662867
9 560.0 0.0 -1.0 -1.0 -1.0 0.0 0.3316072910151677 0.36151332776009404 0.3068793812247382
9 561.0 0.0 -1.0 -1.0 -1.0 0.0 0.2986934970696099 0.3531496549773593 0.34815684795303087
9 562.0 0.0 -1.0 -1.0 -1.0 0.0 0.30999098192773195 0.34511268318773697 0.3448963348845308
9 563.0 0.0 -1.0 -1.0 -1.0 0.0 0.3242751706973604 0.3457978104382425 0.3299270188643971
9 564.0 0.0 -1.0 -1.0 -1.0 0.0 0.33388992238891985 0.328825391533627 0.3372846860774533
9 565.0 0.0 -1.0 -1.0 -1.0 0.0 0.3479531171861817 0.3207184206277053 0.3313284621861128
9 566.0 0.0 -1.0 -1.0 -1.0 0.0 0.340720391115929 0.3281483935963957 0.3311312152876753
9 567.0 0.0 -1.0 -1.0 -1.0 0.0 0.3567452543679007 0.3032091139395018 0.3400456316925973
9 568.0 0.0 -1.0 -1.0 -1.0 0.0 0.36029356982637867 0.31934400104705707 0.32036242912656404
9 569.0 0.0 -1.0 -1.0 -1.0 0.0 0.35510855631217225 0.32288187151558 0.3220095721722477
9 570.0 0.0 -1.0 -1.0 -1.0 0.0 0.33463823964053147 0.3344607423139157 0.33090101804555283
9 571.0 0.0 -1.0 -1.0 -1.0 0.0 0.32038871287438364 0.36387792274916797 0.3157333643764489
9 572.0 0.0 -1.0 -1.0 -1.0 0.0 0.32398963940051745 0.36672788879077733 0.3092824718087055
9 573.0 0.0 -1.0 -1.0 -1.0 0.0 0.32496015903360637 0.3761024886970732 0.29893735226932033
9 574.0 0.0 -1.0 -1.0 -1.0 0.0 0.3280827080001492 0.38021458682976605 0.2917027051700846
9 575.0 0.0 -1.0 -1.0 -1.0 0.0 0.3106650626829383 0.372014355459958 0.3173205818571039
9 576.0 0.0 -1.0 -1.0 -1.0 0.0 0.32842295490764833 0.3568179291963967 0.31475911589595484
9 577.0 0.0 -1.0 -1.0 -1.0 0.0 0.324296831572886 0.34109781202967815 0.3346053563974358
9 578.0 0.0 -1.0 -1.0 -1.0 0.0 0.33544111500166024 0.31614213682968456 0.3484167481686555
9 579.0 0.0 -1.0 -1.0 -1.0 0.0 0.3470754885332905 0.30414297186575584 0.348781539600954
9 580.0 0.0 -1.0 -1.0 -1.0 0.0 0.35646425542717963 0.3119627203021864 0.331573024270634
9 581.0 0.0 -1.0 -1.0 -1.0 0.0 0.35386273841954474 0.3042786851054107 0.3418585764750444
9 582.0 0.0 -1.0 -1.0 -1.0 0.0 0.3411680981426937 0.31595810108331923 0.34287380077398716
9 583.0 0.0 -1.0 -1.0 -1.0 0.0 0.31955135780080235 0.32673494635491385 0.3537136958442839
9 584.0 0.0 -1.0 -1.0 -1.0 0.0 0.3514295581396908 0.33295205779206777 0.3156183840682414
9 585.0 0.0 -1.0 -1.0 -1.0 0.0 0.3599353778794251 0.3412293015461043 0.29883532057447054
9 586.0 0.0 -1.0 -1.0 -1.0 0.0 0.38218278545972184 0.3385121419605167 0.2793050725797613
9 587.0 0.0 -1.0 -1.0 -1.0 0.0 0.3458502416592728 0.3325441892208981 0.32160556911982885
9 588.0 0.0 -1.0 -1.0 -1.0 0.0 0.325571144044433 0.3452637673149517 0.32916508864061556
9 589.0 0.0 -1.0 -1.0 -1.0 0.0 0.34221028135188797 0.3294192939158168 0.32837042473229516
9 590.0 0.0 -1.0 -1.0 -1.0 0.0 0.35836559902276527 0.33742327625601976 0.3042111247212148
9 591.0 0.0 -1.0 -1.0 -1.0 0.0 0.360540859434901 0.3312371866802791 0.30822195388482
9 592.0 0.0 -1.0 -1.0 -1.0 0.0 0.3551540309726618 0.3351153694630199 0.30973059956431825
9 593.0 0.0 -1.0 -1.0 -1.0 0.0 0.3587827216882562 0.3275217242093358 0.3136955541024079
9 594.0 0.0 -1.0 -1.0 -1.0 0.0 0.37380239918380637 0.31995123775452644 0.3062463630616672
9 595.0 0.0 -1.0 -1.0 -1.0 0.0 0.3574763970204652 0.321867358031261 0.3206562449482739
9 596.0 0.0 -1.0 -1.0 -1.0 0.0 0.33992347421467883 0.3400810549793753 0.3199954708059457
9 597.0 0.0 -1.0 -1.0 -1.0 0.0 0.36424862656229967 0.34314748120789124 0.29260389222980904
9 598.0 0.0 -1.0 -1.0 -1.0 0.0 0.3473908088080612 0.34294255555193737 0.30966663564000163
9 599.0 0.0 -1.0 -1.0 -1.0 0.0 0.35632933307548603 0.3373163158324203 0.30635435109209375
9 600.0 0.0 -1.0 -1.0 -1.0 0.0 0.37339330210577143 0.3266506446050385 0.2999560532891899
9 601.0 0.0 -1.0 -1.0 -1.0 0.0 0.37006852078428315 0.3446045321342565 0.2853269470814603
9 602.0 0.0 -1.0 -1.0 -1.0 0.0 0.372080484385356 0.33413372513013795 0.2937857904845062
9 603.0 0.0 -1.0 -1.0 -1.0 0.0 0.33032366907507055 0.354258419202227 0.3154179117227024
9 604.0 0.0 -1.0 -1.0 -1.0 0.0 0.3414578066757529 0.32732166878882774 0.3312205245354194
9 605.0 0.0 -1.0 -1.0 -1.0 0.0 0.32176835314967456 0.3442018405328816 0.334029806317444
9 606.0 0.0 -1.0 -1.0 -1.0 0.0 0.3283353811597927 0.33698047348872884 0.3346841453514785
9 607.0 0.0 -1.0 -1.0 -1.0 0.0 0.3001416569629761 0.34853201712297827 0.3513263259140458
9 608.0 0.0 -1.0 -1.0 -1.0 0.0 0.30445746999798856 0.33337509685048067 0.3621674331515306
9 609.0 0.0 -1.0 -1.0 -1.0 0.0 0.28750857888880277 0.3485875713881768 0.3639038497230207
9 610.0 0.0 -1.0 -1.0 -1.0 0.0 0.28681510606278654 0.38659006309403915 0.3265948308431742
9 611.0 0.0 -1.0 -1.0 -1.0 0.0 0.2936773148628194 0.3677213650414957 0.33860132009568444
9 612.0 0.0 -1.0 -1.0 -1.0 0.0 0.31138476753666117 0.3571937148348464 0.3314215176284925
9 613.0 0.0 -1.0 -1.0 -1.0 0.0 0.3196013378510967 0.3544744195458703 0.3259242426030331
9 614.0 0.0 -1.0 -1.0 -1.0 0.0 0.3255032594225764 0.3531628285957793 0.3213339119816442
9 615.0 0.0 -1.0 -1.0 -1.0 0.0 0.313961634543114 0.3553984548756148 0.33063991058127123
9 616.0 0.0 -1.0 -1.0 -1.0 0.0 0.35250229541033534 0.3593795780070381 0.2881181265826266
9 617.0 0.0 -1.0 -1.0 -1.0 0.0 0.34128259475958794 0.3502681644428796 0.3084492407975324
9 618.0 0.0 -1.0 -1.0 -1.0 0.0 0.3437698747929213 0.349635869639161 0.30659425556791775
9 619.0 0.0 -1.0 -1.0 -1.0 0.0 0.3603237248347282 0.34169457876124654 0.29798169640402516
9 620.0 0.0 -1.0 -1.0 -1.0 0.0 0.34902166304786314 0.3532991494653856 0.2976791874867515
9 621.0 0.0 -1.0 -1.0 -1.0 0.0 0.366860641421372 0.3425248126675555 0.2906145459110726
9 622.0 0.0 -1.0 -1.0 -1.0 0.0 0.38012561293442604 0.3251251853218401 0.29474920174373365
9 623.0 0.0 -1.0 -1.0 -1.0 0.0 0.3810257223669916 0.2944385938750921 0.32453568375791625
9 624.0 0.0 -1.0 -1.0 -1.0 0.0 0.37371965430534604 0.3081938166238308 0.31808652907082313
9 625.0 0.0 -1.0 -1.0 -1.0 0.0 0.38387776420297387 0.3226144481504252 0.29350778764660124
9 626.0 0.0 -1.0 -1.0 -1.0 0.0 0.3645682157377636 0.3317026858314135 0.30372909843082296
9 627.0 0.0 -1.0 -1.0 -1.0 0.0 0.3693864548012873 0.3261918081346717 0.3044217370640411
9 628.0 0.0 -1.0 -1.0 -1.0 0.0 0.3543023727536239 0.31301418059700636 0.33268344664936983
9 629.0 0.0 -1.0 -1.0 -1.0 0.0 0.35375208848568435 0.2979432837975138 0.34830462771680165
9 630.0 0.0 -1.0 -1.0 -1.0 0.0 0.3552770265705205 0.30365040368539964 0.3410725697440801
9 631.0 0.0 -1.0 -1.0 -1.0 0.0 0.35329769069039024 0.32603921058345037 0.32066309872615933
9 632.0 0.0 -1.0 -1.0 -1.0 0.0 0.3550195104274312 0.33171303424491233 0.31326745532765665
9 633.0 0.0 -1.0 -1.0 -1.0 0.0 0.34504891116003317 0.350490707757822 0.3044603810821449
9 634.0 0.0 -1.0 -1.0 -1.0 0.0 0.3331639992351538 0.3771549283751943 0.2896810723896519
9 635.0 0.0 -1.0 -1.0 -1.0 0.0 0.31920671798033123 0.37884424438790665 0.30194903763176234
9 636.0 0.0 -1.0 -1.0 -1.0 0.0 0.29558941301032954 0.3893869323685991 0.31502365462107135
9 637.0 0.0 -1.0 -1.0 -1.0 0.0 0.3187958589443226 0.3739607864174633 0.3072433546382142
9 638.0 0.0 -1.0 -1.0 -1.0 0.0 0.31223832325482503 0.3561600558292269 0.33160162091594797
9 639.0 0.0 -1.0 -1.0 -1.0 0.0 0.3081470436788926 0.3752690869368252 0.31658386938428207
9 640.0 0.0 -1.0 -1.0 -1.0 0.0 0.3342731839167272 0.3470068826128797 0.318719933470393
9 641.0 0.0 -1.0 -1.0 -1.0 0.0 0.3366061286075797 0.30815411364597944 0.35523975774644073
9 642.0 0.0 -1.0 -1.0 -1.0 0.0 0.31695823333116424 0.30589755924682693 0.3771442074220089
9 643.0 0.0 -1.0 -1.0 -1.0 0.0 0.31362200733338225 0.30219391939643137 0.3841840732701862
9 644.0 0.0 -1.0 -1.0 -1.0 0.0 0.30498556689977574 0.33193780491750435 0.3630766281827198
9 645.0 0.0 -1.0 -1.0 -1.0 0.0 0.3321347238238673 0.3097305149727668 0.3581347612033662
9 646.0 0.0 -1.0 -1.0 -1.0 0.0 0.32187383281401877 0.3021475312931251 0.3759786358928562
9 647.0 0.0 -1.0 -1.0 -1.0 0.0 0.3293082844996592 0.3211779874652381 0.34951372803510256
9 648.0 0.0 -1.0 -1.0 -1.0 0.0 0.33551796570596115 0.3598042943854405 0.3046777399085982
9 649.0 0.0 -1.0 -1.0 -1.0 0.0 0.3383904065687067 0.353348585070366 0.3082610083609276
9 650.0 0.0 -1.0 -1.0 -1.0 0.0 0.32799344062150615 0.35285610228799447 0.31915045709049955
9 651.0 0.0 -1.0 -1.0 -1.0 0.0 0.3390606866086635 0.3551038415766257 0.3058354718147106
9 652.0 0.0 -1.0 -1.0 -1.0 0.0 0.34224412839297685 0.33763076299276384 0.3201251086142595
9 653.0 0.0 -1.0 -1.0 -1.0 0.0 0.3416216119508313 0.35662740027167383 0.3017509877774949
9 654.0 0.0 -1.0 -1.0 -1.0 0.0 0.34353086065665456 0.3365597265741615 0.3199094127691842
9 655.0 0.0 -1.0 -1.0 -1.0 0.0 0.3453186568779054 0.3518098104277212 0.30287153269437356
9 656.0 0.0 -1.0 -1.0 -1.0 0.0 0.34673857362223137 0.3446256110005221 0.3086358153772466
9 657.0 0.0 -1.0 -1.0 -1.0 0.0 0.3473649696173883 0.33998785986055485 0.312647170522057
9 658.0 0.0 -1.0 -1.0 -1.0 0.0 0.3752533824220887 0.3241481483133431 0.300598469264568
9 659.0 0.0 -1.0 -1.0 -1.0 0.0 0.3696378836310535 0.3363210439087756 0.2940410724601712
9 660.0 0.0 -1.0 -1.0 -1.0 0.0 0.3668103548518886 0.34439471646638564 0.28879492868172557
9 661.0 0.0 -1.0 -1.0 -1.0 0.0 0.3801425053768989 0.3481645180077257 0.2716929766153752
9 662.0 0.0 -1.0 -1.0 -1.0 0.0 0.33913176395648437 0.35596696727357435 0.30490126876994145
9 663.0 0.0 -1.0 -1.0 -1.0 0.0 0.3266085170414138 0.35116300468902695 0.32222847826955925
9 664.0 0.0 -1.0 -1.0 -1.0 0.0 0.3393090992437774 0.342527160694111 0.3181637400621116
9 665.0 0.0 -1.0 -1.0 -1.0 0.0 0.30507719403255446 0.34533161264344214 0.3495911933240036
9 666.0 0.0 -1.0 -1.0 -1.0 0.0 0.32300659686160677 0.3273771880956265 0.34961621504276685
9 667.0 0.0 -1.0 -1.0 -1.0 0.0 0.3204998500277976 0.31624748467248476 0.36325266529971745
9 668.0 0.0 -1.0 -1.0 -1.0 0.0 0.3436445616225556 0.29896138371397823 0.35739405466346647
9 669.0 0.0 -1.0 -1.0 -1.0 0.0 0.3377055326768261 0.33088258302350015 0.3314118842996738
9 670.0 0.0 -1.0 -1.0 -1.0 0.0 0.35601382233938045 0.3280017914530643 0.31598438620755526
9 671.0 0.0 -1.0 -1.0 -1.0 0.0 0.3408221285379937 0.3425750816727377 0.3166027897892686
9 672.0 0.0 -1.0 -1.0 -1.0 0.0 0.3466771511987773 0.3356752985367137 0.3176475502645092
9 673.0 0.0 -1.0 -1.0 -1.0 0.0 0.3441606591270556 0.3391088888332625 0.31673045203968164
9 674.0 0.0 -1.0 -1.0 -1.0 0.0 0.3496009065867834 0.30839120487645816 0.3420078885367585
9 675.0 0.0 -1.0 -1.0 -1.0 0.0 0.35716377505388947 0.308083490103871 0.3347527348422395
9 676.0 0.0 -1.0 -1.0 -1.0 0.0 0.3764967989420059 0.3178166173947706 0.3056865836632235
9 677.0 0.0 -1.0 -1.0 -1.0 0.0 0.3843300533554256 0.29783508220121874 0.31783486444335557
9 678.0 0.0 -1.0 -1.0 -1.0 0.0 0.36564930432178566 0.3243728294511389 0.30997786622707546
9 679.0 0.0 -1.0 -1.0 -1.0 0.0 0.39394080023393413 0.2994289028965262 0.3066302968695398
9 680.0 0.0 -1.0 -1.0 -1.0 0.0 0.3887675862640039 0.3224074623041605 0.28882495143183556
9 681.0 0.0 -1.0 -1.0 -1.0 0.0 0.36785647973762664 0.34008142817603426 0.2920620920863392
9 682.0 0.0 -1.0 -1.0 -1.0 0.0 0.3666842517100955 0.3446641025833674 0.28865164570653723
9 683.0 0.0 -1.0 -1.0 -1.0 0.0 0.3582333053938766 0.3278982109152581 0.3138684836908653
9 684.0 0.0 -1.0 -1.0 -1.0 0.0 0.3350210346157894 0.35560426698105213 0.3093746984031584
9 685.0 0.0 -1.0 -1.0 -1.0 0.0 0.34960991219473586 0.3468436516288554 0.3035464361764088
9 686.0 0.0 -1.0 -1.0 -1.0 0.0 0.33710987437901435 0.3498986727625718 0.3129914528584138
9 687.0 0.0 -1.0 -1.0 -1.0 0.0 0.34733960232859856 0.30658057323983523 0.3460798244315663
9 688.0 0.0 -1.0 -1.0 -1.0 0.0 0.3542326011463778 0.30561990344207723 0.3401474954115448
9 689.0 0.0 -1.0 -1.0 -1.0 0.0 0.33233466465586026 0.3025948110791058 0.365070524265034
9 690.0 0.0 -1.0 -1.0 -1.0 0.0 0.32895954179765563 0.31923450963645633 0.3518059485658879
9 691.0 0.0 -1.0 -1.0 -1.0 0.0 0.3584886252688508 0.31139481968667293 0.3301165550444763
9 692.0 0.0 -1.0 -1.0 -1.0 0.0 0.3594506590618909 0.3087874698620235 0.3317618710760858
9 693.0 0.0 -1.0 -1.0 -1.0 0.0 0.34873425213276055 0.30514074375631084 0.34612500411092895
9 694.0 0.0 -1.0 -1.0 -1.0 0.0 0.3593346314658337 0.316002159920341 0.3246632086138256
9 695.0 0.0 -1.0 -1.0 -1.0 0.0 0.36870107106026523 0.28672284451479546 0.34457608442493914
9 696.0 0.0 -1.0 -1.0 -1.0 0.0 0.37578834238139236 0.2842998817445595 0.33991177587404786
9 697.0 0.0 -1.0 -1.0 -1.0 0.0 0.36421885309182905 0.29691914567839783 0.3388620012297733
9 698.0 0.0 -1.0 -1.0 -1.0 0.0 0.34861031067823917 0.33421397969880884 0.31717570962295205
9 699.0 0.0 -1.0 -1.0 -1.0 0.0 0.34972726474658056 0.3160423954334242 0.3342303398199955
9 700.0 0.0 -1.0 -1.0 -1.0 0.0 0.3343140647678917 0.3178856204852271 0.3478003147468814
9 701.0 0.0 -1.0 -1.0 -1.0 0.0 0.3368481857898103 0.3312717684965535 0.33188004571363616
9 702.0 0.0 -1.0 -1.0 -1.0 0.0 0.3424736389890488 0.33454461531838625 0.32298174569256466
9 703.0 0.0 -1.0 -1.0 -1.0 0.0 0.33383550073897683 0.3170639130584342 0.3491005862025889
9 704.0 0.0 -1.0 -1.0 -1.0 0.0 0.33622662873420667 0.30035409194541246 0.3634192793203809
9 705.0 0.0 -1.0 -1.0 -1.0 0.0 0.33390469483928037 0.30409625791459566 0.3619990472461241
9 706.0 0.0 -1.0 -1.0 -1.0 0.0 0.3101933262871291 0.3232787774140278 0.3665278962988432
9 707.0 0.0 -1.0 -1.0 -1.0 0.0 0.27560848198099164 0.33198193438987367 0.39240958362913453
9 708.0 0.0 -1.0 -1.0 -1.0 0.0 0.27980733048097417 0.35359871536910953 0.3665939541499165
9 709.0 0.0 -1.0 -1.0 -1.0 0.0 0.2823529552815183 0.36987517333867914 0.3477718713798025
9 710.0 0.0 -1.0 -1.0 -1.0 0.0 0.2722129827843074 0.36105302727534216 0.3667339899403504
9 711.0 0.0 -1.0 -1.0 -1.0 0.0 0.29079137622871415 0.34795838451959893 0.36125023925168664
9 712.0 0.0 -1.0 -1.0 -1.0 0.0 0.2905564980798572 0.353879484926501 0.3555640169936419
9 713.0 0.0 -1.0 -1.0 -1.0 0.0 0.3008038113072533 0.32805293351812204 0.37114325517462454
9 714.0 0.0 -1.0 -1.0 -1.0 0.0 0.31824276650298106 0.32520630984489207 0.3565509236521268
9 715.0 0.0 -1.0 -1.0 -1.0 0.0 0.33022721072159256 0.31119677516468913 0.3585760141137185
9 716.0 0.0 -1.0 -1.0 -1.0 0.0 0.3355976037358201 0.3150054325837226 0.34939696368045714
9 717.0 0.0 -1.0 -1.0 -1.0 0.0 0.3393608145730297 0.3356077334918846 0.32503145193508587
9 718.0 0.0 -1.0 -1.0 -1.0 0.0 0.323121612862186 0.3567157979149831 0.32016258922283103
9 719.0 0.0 -1.0 -1.0 -1.0 0.0 0.3301780572070608 0.36571360097256655 0.3041083418203725
9 720.0 0.0 -1.0 -1.0 -1.0 0.0 0.3567017636554792 0.34006640092042434 0.3032318354240966
9 721.0 0.0 -1.0 -1.0 -1.0 0.0 0.3499234316255301 0.35191832295494707 0.298158245419523
9 722.0 0.0 -1.0 -1.0 -1.0 0.0 0.3204231159248077 0.3617846428959057 0.3177922411792864
9 723.0 0.0 -1.0 -1.0 -1.0 0.0 0.3354254556821399 0.32341353280431834 0.34116101151354206
9 724.0 0.0 -1.0 -1.0 -1.0 0.0 0.3369843464300818 0.2991896492512964 0.3638260043186219
9 725.0 0.0 -1.0 -1.0 -1.0 0.0 0.3170112276745814 0.31710867174216356 0.36588010058325504
9 726.0 0.0 -1.0 -1.0 -1.0 0.0 0.33979223648034057 0.3224654857928342 0.33774227772682514
9 727.0 0.0 -1.0 -1.0 -1.0 0.0 0.31198778504856683 0.33792605513947316 0.3500861598119599
9 728.0 0.0 -1.0 -1.0 -1.0 0.0 0.3271287893139035 0.3085992154447589 0.36427199524133763
9 729.0 0.0 -1.0 -1.0 -1.0 0.0 0.3250402397959446 0.29130296084831225 0.38365679935574315
9 730.0 0.0 -1.0 -1.0 -1.0 0.0 0.3161121177337448 0.2859049940397659 0.39798288822648936
9 731.0 0.0 -1.0 -1.0 -1.0 0.0 0.3359703707979596 0.2979484566258428 0.3660811725761974
9 732.0 0.0 -1.0 -1.0 -1.0 0.0 0.33987432085352687 0.31888399771702397 0.3412416814294489
9 733.0 0.0 -1.0 -1.0 -1.0 0.0 0.3452611906833309 0.311224802366842 0.34351400694982714
9 734.0 0.0 -1.0 -1.0 -1.0 0.0 0.32758533828559555 0.32285271473024885 0.3495619469841555
9 735.0 0.0 -1.0 -1.0 -1.0 0.0 0.32484758539678593 0.3276373308930999 0.3475150837101142
9 736.0 0.0 -1.0 -1.0 -1.0 0.0 0.33944587056675357 0.3254870196775554 0.33506710975569104
9 737.0 0.0 -1.0 -1.0 -1.0 0.0 0.33920493080024117 0.33477596447300706 0.3260191047267519
9 738.0 0.0 -1.0 -1.0 -1.0 0.0 0.34828926012572853 0.3250808284831517 0.32662991139112
9 739.0 0.0 -1.0 -1.0 -1.0 0.0 0.34282656056544647 0.3299852555308086 0.3271881839037449
9 740.0 0.0 -1.0 -1.0 -1.0 0.0 0.3438552724658846 0.3181138916385121 0.3380308358956033
9 741.0 0.0 -1.0 -1.0 -1.0 0.0 0.33283969337444597 0.31718023817358043 0.3499800684519738
9 742.0 0.0 -1.0 -1.0 -1.0 0.0 0.34655926048351904 0.3546902741937079 0.2987504653227731
9 743.0 0.0 -1.0 -1.0 -1.0 0.0 0.3451635819493493 0.33705960428223153 0.31777681376841893
9 744.0 0.0 -1.0 -1.0 -1.0 0.0 0.3203073102959909 0.332607593258012 0.3470850964459972
9 745.0 0.0 -1.0 -1.0 -1.0 0.0 0.3187647858142972 0.33420037754957316 0.34703483663612944
9 746.0 0.0 -1.0 -1.0 -1.0 0.0 0.3027176635959519 0.3547917082303186 0.3424906281737295
9 747.0 0.0 -1.0 -1.0 -1.0 0.0 0.29898640028532675 0.3726517594444905 0.32836184027018267
9 748.0 0.0 -1.0 -1.0 -1.0 0.0 0.3083393471617264 0.34078133630593493 0.3508793165323387
9 749.0 0.0 -1.0 -1.0 -1.0 0.0 0.3292447165040244 0.3503345269712965 0.32042075652467905
9 750.0 0.0 -1.0 -1.0 -1.0 0.0 0.3209013884592199 0.3474768383596148 0.33162177318116515
9 751.0 0.0 -1.0 -1.0 -1.0 0.0 0.3118235857251972 0.34606245285170006 0.3421139614231025
9 752.0 0.0 -1.0 -1.0 -1.0 0.0 0.34335504935667577 0.33594234605869266 0.32070260458463196
9 753.0 0.0 -1.0 -1.0 -1.0 0.0 0.35211866697812616 0.32161261464118296 0.32626871838069116
9 754.0 0.0 -1.0 -1.0 -1.0 0.0 0.34770124885350134 0.3660551846086462 0.2862435665378522
9 755.0 0.0 -1.0 -1.0 -1.0 0.0 0.3603826242313066 0.35319087895213636 0.28642649681655685
9 756.0 0.0 -1.0 -1.0 -1.0 0.0 0.35813819777344663 0.354714724256556 0.28714707796999744
9 757.0 0.0 -1.0 -1.0 -1.0 0.0 0.3727712729959503 0.3475051876650335 0.2797235393390164
9 758.0 0.0 -1.0 -1.0 -1.0 0.0 0.3424597032716244 0.33481454955655926 0.3227257471718162
9 759.0 0.0 -1.0 -1.0 -1.0 0.0 0.3323978780333997 0.35179189733204813 0.3158102246345522
9 760.0 0.0 -1.0 -1.0 -1.0 0.0 0.3273913036529772 0.3657655781807098 0.3068431181663129
9 761.0 0.0 -1.0 -1.0 -1.0 0.0 0.33711210949519305 0.36027090218845104 0.3026169883163558
9 762.0 0.0 -1.0 -1.0 -1.0 0.0 0.35041878173689456 0.3538836984490029 0.29569751981410236
9 763.0 0.0 -1.0 -1.0 -1.0 0.0 0.3349886019972282 0.35116583088428543 0.31384556711848655
9 764.0 0.0 -1.0 -1.0 -1.0 0.0 0.35100208773172775 0.3445575160413734 0.30444039622689906
9 765.0 0.0 -1.0 -1.0 -1.0 0.0 0.3391141813721581 0.3665907769579425 0.29429504166989945
9 766.0 0.0 -1.0 -1.0 -1.0 0.0 0.34794978425049555 0.38060163765755306 0.27144857809195105
9 767.0 0.0 -1.0 -1.0 -1.0 0.0 0.3541623995698433 0.3757272122790923 0.27011038815106436
9 768.0 0.0 -1.0 -1.0 -1.0 0.0 0.32595099162960933 0.36831629991430787 0.3057327084560828
9 769.0 0.0 -1.0 -1.0 -1.0 0.0 0.3403999733620615 0.341235352277911 0.31836467436002747
9 770.0 0.0 -1.0 -1.0 -1.0 0.0 0.33260621234383597 0.35586177756810444 0.3115320100880594
9 771.0 0.0 -1.0 -1.0 -1.0 0.0 0.3465053496036942 0.36891568810018865 0.28457896229611707
9 772.0 0.0 -1.0 -1.0 -1.0 0.0 0.34357541526996604 0.35012804120002533 0.3062965435300084
9 773.0 0.0 -1.0 -1.0 -1.0 0.0 0.3568414057091822 0.32432678226627965 0.3188318120245382
9 774.0 0.0 -1.0 -1.0 -1.0 0.0 0.3564660749616688 0.33791813026204315 0.30561579477628803
9 775.0 0.0 -1.0 -1.0 -1.0 0.0 0.35769972591161386 0.33412534668757315 0.30817492740081315
9 776.0 0.0 -1.0 -1.0 -1.0 0.0 0.35794084002441956 0.3199823366736575 0.3220768233019229
9 777.0 0.0 -1.0 -1.0 -1.0 0.0 0.346826283233134 0.3016779211362175 0.35149579563064853
9 778.0 0.0 -1.0 -1.0 -1.0 0.0 0.36434288970694545 0.3052289430440467 0.330428167249008
9 779.0 0.0 -1.0 -1.0 -1.0 0.0 0.3737153245041342 0.30554152414207414 0.3207431513537916
9 780.0 0.0 -1.0 -1.0 -1.0 0.0 0.4041684274056238 0.28623885963839396 0.30959271295598206
9 781.0 0.0 -1.0 -1.0 -1.0 0.0 0.40978056840579813 0.3109646627473398 0.2792547688468621
9 782.0 0.0 -1.0 -1.0 -1.0 0.0 0.39734228169449154 0.3179209374904903 0.28473678081501785
9 783.0 0.0 -1.0 -1.0 -1.0 0.0 0.36152352716104585 0.32428525046579293 0.31419122237316094
9 784.0 0.0 -1.0 -1.0 -1.0 0.0 0.3547350730697869 0.3356448456905371 0.3096200812396759
9 785.0 0.0 -1.0 -1.0 -1.0 0.0 0.33230548700805257 0.3539285941176653 0.31376591887428196
9 786.0 0.0 -1.0 -1.0 -1.0 0.0 0.3394261298351396 0.325880386250937 0.3346934839139233
9 787.0 0.0 -1.0 -1.0 -1.0 0.0 0.35177821001754017 0.3203120854762869 0.3279097045061726
9 788.0 0.0 -1.0 -1.0 -1.0 0.0 0.33538158131003853 0.3272711919548728 0.3373472267350887
9 789.0 0.0 -1.0 -1.0 -1.0 0.0 0.3358144881683305 0.32411626699612756 0.3400692448355421
9 790.0 0.0 -1.0 -1.0 -1.0 0.0 0.3401916965845714 0.3282433027454038 0.33156500067002476
9 791.0 0.0 -1.0 -1.0 -1.0 0.0 0.3319816989255251 0.32910138479032386 0.33891691628415094
9 792.0 0.0 -1.0 -1.0 -1.0 0.0 0.32299249144387615 0.3386465175711036 0.33836099098502
9 793.0 0.0 -1.0 -1.0 -1.0 0.0 0.3225384101630821 0.33511633934940205 0.34234525048751585
9 794.0 0.0 -1.0 -1.0 -1.0 0.0 0.3099894513850039 0.3394263416526468 0.3505842069623496
9 795.0 0.0 -1.0 -1.0 -1.0 0.0 0.3381143810386844 0.34183135420130545 0.32005426476001
9 796.0 0.0 -1.0 -1.0 -1.0 0.0 0.33487249715915046 0.3079439723147901 0.3571835305260595
9 797.0 0.0 -1.0 -1.0 -1.0 0.0 0.3137393347685269 0.2957633423363976 0.3904973228950756
9 798.0 0.0 -1.0 -1.0 -1.0 0.0 0.3176580002991918 0.314155472483965 0.36818652721684303
9 799.0 0.0 -1.0 -1.0 -1.0 0.0 0.3054909596063788 0.32050876167958803 0.37400027871403324
9 800.0 0.0 -1.0 -1.0 -1.0 0.0 0.3246034333841684 0.2936271521255695 0.38176941449026225
9 801.0 0.0 -1.0 -1.0 -1.0 0.0 0.3206796878621889 0.29102991806017187 0.38829039407763927
9 802.0 0.0 -1.0 -1.0 -1.0 0.0 0.3119929472757571 0.3084322312349188 0.379574821489324
9 803.0 0.0 -1.0 -1.0 -1.0 0.0 0.30642635461126294 0.3023423798798378 0.3912312655088998
9 804.0 0.0 -1.0 -1.0 -1.0 0.0 0.31078441793348205 0.2976648348166711 0.3915507472498468
9 805.0 0.0 -1.0 -1.0 -1.0 0.0 0.32737365759068277 0.28523283570248237 0.3873935067068348
9 806.0 0.0 -1.0 -1.0 -1.0 0.0 0.2936720329635415 0.3041807393851189 0.40214722765133926
9 807.0 0.0 -1.0 -1.0 -1.0 0.0 0.2912919143669211 0.31730677358945986 0.3914013120436193
9 808.0 0.0 -1.0 -1.0 -1.0 0.0 0.28446723990957407 0.3310706929459662 0.3844620671444598
9 809.0 0.0 -1.0 -1.0 -1.0 0.0 0.30281792661182466 0.3194418225613303 0.37774025082684504
9 810.0 0.0 -1.0 -1.0 -1.0 0.0 0.30837274550356175 0.32092125399229987 0.3707060005041383
9 811.0 0.0 -1.0 -1.0 -1.0 0.0 0.33057594089547493 0.305143282503538 0.3642807766009873
9 812.0 0.0 -1.0 -1.0 -1.0 0.0 0.3255058940445971 0.32323267272303313 0.3512614332323698
9 813.0 0.0 -1.0 -1.0 -1.0 0.0 0.3305643543125925 0.31875840868685534 0.3506772370005526
9 814.0 0.0 -1.0 -1.0 -1.0 0.0 0.34723925244808634 0.2977693347981391 0.3549914127537746
9 815.0 0.0 -1.0 -1.0 -1.0 0.0 0.35097556344320396 0.31280698511044436 0.3362174514463518
9 816.0 0.0 -1.0 -1.0 -1.0 0.0 0.35181811908921645 0.346691625598881 0.3014902553119025
9 817.0 0.0 -1.0 -1.0 -1.0 0.0 0.35509644199370477 0.35282700970454395 0.2920765483017512
9 818.0 0.0 -1.0 -1.0 -1.0 0.0 0.355603134002803 0.34366725291700356 0.3007296130801933
9 819.0 0.0 -1.0 -1.0 -1.0 0.0 0.33008784124474666 0.3591643555664026 0.31074780318885076
9 820.0 0.0 -1.0 -1.0 -1.0 0.0 0.3347956249103208 0.3540049673014276 0.3111994077882517
9 821.0 0.0 -1.0 -1.0 -1.0 0.0 0.3400350036879006 0.3554062383441336 0.304558757967966
9 822.0 0.0 -1.0 -1.0 -1.0 0.0 0.3081839744181375 0.3708506716279918 0.32096535395387066
9 823.0 0.0 -1.0 -1.0 -1.0 0.0 0.31983877428269764 0.36586118866807527 0.314300037049227
9 824.0 0.0 -1.0 -1.0 -1.0 0.0 0.33408424364373834 0.3635345739333611 0.3023811824229008
9 825.0 0.0 -1.0 -1.0 -1.0 0.0 0.3341477584894628 0.3596813419702601 0.3061708995402771
9 826.0 0.0 -1.0 -1.0 -1.0 0.0 0.34234803796450014 0.34449004291114443 0.3131619191243555
9 827.0 0.0 -1.0 -1.0 -1.0 0.0 0.3219604849093274 0.35465294997296065 0.32338656511771197
9 828.0 0.0 -1.0 -1.0 -1.0 0.0 0.3289981309524928 0.3238121020983417 0.3471897669491657
9 829.0 0.0 -1.0 -1.0 -1.0 0.0 0.31536929348423665 0.33560524302180306 0.34902546349396024
9 830.0 0.0 -1.0 -1.0 -1.0 0.0 0.30615594565937737 0.3253374050950353 0.36850664924558735
9 831.0 0.0 -1.0 -1.0 -1.0 0.0 0.3264646023224271 0.32340303672954496 0.35013236094802813
9 832.0 0.0 -1.0 -1.0 -1.0 0.0 0.3438310866518025 0.30577221943112237 0.35039669391707506
9 833.0 0.0 -1.0 -1.0 -1.0 0.0 0.31288407400804713 0.3214333365303662 0.36568258946158666
9 834.0 0.0 -1.0 -1.0 -1.0 0.0 0.3130586337851822 0.3112733825099711 0.37566798370484655
9 835.0 0.0 -1.0 -1.0 -1.0 0.0 0.32897505339389904 0.300448584516989 0.3705763620891118
9 836.0 0.0 -1.0 -1.0 -1.0 0.0 0.32183455965140306 0.3253325674586984 0.3528328728898987
9 837.0 0.0 -1.0 -1.0 -1.0 0.0 0.3153366458471541 0.351435899328601 0.33322745482424454
9 838.0 0.0 -1.0 -1.0 -1.0 0.0 0.3116890910270241 0.36219974406250627 0.32611116491046965
9 839.0 0.0 -1.0 -1.0 -1.0 0.0 0.28164909970923874 0.3655667782071863 0.35278412208357496
9 840.0 0.0 -1.0 -1.0 -1.0 0.0 0.296209024647267 0.3498866913483943 0.353904284004339
9 841.0 0.0 -1.0 -1.0 -1.0 0.0 0.2800801673170433 0.371204338847128 0.3487154938358282
9 842.0 0.0 -1.0 -1.0 -1.0 0.0 0.29506169514521974 0.3585659657357699 0.3463723391190105
9 843.0 0.0 -1.0 -1.0 -1.0 0.0 0.2994982726184279 0.3844651337968608 0.3160365935847115
9 844.0 0.0 -1.0 -1.0 -1.0 0.0 0.3217203229080483 0.3772151080597003 0.3010645690322515
9 845.0 0.0 -1.0 -1.0 -1.0 0.0 0.34499726346136533 0.35939266877668435 0.29561006776195003
9 846.0 0.0 -1.0 -1.0 -1.0 0.0 0.3397646778755991 0.34554085898098513 0.3146944631434158
9 847.0 0.0 -1.0 -1.0 -1.0 0.0 0.31344120811594994 0.36296358793523864 0.3235952039488116
9 848.0 0.0 -1.0 -1.0 -1.0 0.0 0.3260207893844294 0.3557850238876382 0.3181941867279324
9 849.0 0.0 -1.0 -1.0 -1.0 0.0 0.32047742691274583 0.35917753359979054 0.32034503948746357
9 850.0 0.0 -1.0 -1.0 -1.0 0.0 0.32842008373339276 0.36155903155555114 0.310020884711056
9 851.0 0.0 -1.0 -1.0 -1.0 0.0 0.36034379767931213 0.35945283159133284 0.28020337072935503
9 852.0 0.0 -1.0 -1.0 -1.0 0.0 0.3483598211703485 0.3790902795764338 0.27254989925321754
9 853.0 0.0 -1.0 -1.0 -1.0 0.0 0.3592773620118792 0.37160427945947694 0.2691183585286439
9 854.0 0.0 -1.0 -1.0 -1.0 0.0 0.35751991715612763 0.3455758532812536 0.2969042295626189
9 855.0 0.0 -1.0 -1.0 -1.0 0.0 0.339489425921512 0.37176318116622503 0.2887473929122631
9 856.0 0.0 -1.0 -1.0 -1.0 0.0 0.33687743342520066 0.36132208004983274 0.3018004865249663
9 857.0 0.0 -1.0 -1.0 -1.0 0.0 0.33271593068309563 0.3788708898023422 0.28841317951456213
9 858.0 0.0 -1.0 -1.0 -1.0 0.0 0.3548094977559167 0.3545275804345694 0.2906629218095138
9 859.0 0.0 -1.0 -1.0 -1.0 0.0 0.3602206742695087 0.34029336072885724 0.2994859650016341
9 860.0 0.0 -1.0 -1.0 -1.0 0.0 0.374625178639228 0.3098665514820765 0.31550826987869535
9 861.0 0.0 -1.0 -1.0 -1.0 0.0 0.35295494571404945 0.32633812755107977 0.3207069267348709
9 862.0 0.0 -1.0 -1.0 -1.0 0.0 0.32978637430752444 0.3549742427872017 0.31523938290527403
9 863.0 0.0 -1.0 -1.0 -1.0 0.0 0.3318721627054761 0.3567977972151899 0.31133004007933407
9 864.0 0.0 -1.0 -1.0 -1.0 0.0 0.32780527856077624 0.34331876325699484 0.32887595818222887
9 865.0 0.0 -1.0 -1.0 -1.0 0.0 0.3037507422691125 0.33693416738330734 0.3593150903475799
9 866.0 0.0 -1.0 -1.0 -1.0 0.0 0.3054218354668949 0.31952085702803 0.37505730750507504
9 867.0 0.0 -1.0 -1.0 -1.0 0.0 0.3060720745569694 0.3231405556264608 0.3707873698165699
9 868.0 0.0 -1.0 -1.0 -1.0 0.0 0.3092772564819625 0.323057037645199 0.3676657058728386
9 869.0 0.0 -1.0 -1.0 -1.0 0.0 0.3150313988477 0.335967847301028 0.3490007538512721
9 870.0 0.0 -1.0 -1.0 -1.0 0.0 0.3306972686605773 0.36463061526127555 0.3046721160781472
9 871.0 0.0 -1.0 -1.0 -1.0 0.0 0.3258742303993675 0.3564029045788151 0.31772286502181735
9 872.0 0.0 -1.0 -1.0 -1.0 0.0 0.3396528473225285 0.3506193869960683 0.3097277656814032
9 873.0 0.0 -1.0 -1.0 -1.0 0.0 0.3115478150761699 0.3730285550626048 0.31542362986122524
9 874.0 0.0 -1.0 -1.0 -1.0 0.0 0.3080778844673542 0.37323807467605846 0.31868404085658747
9 875.0 0.0 -1.0 -1.0 -1.0 0.0 0.31199488247312734 0.3656652826407498 0.3223398348861229
9 876.0 0.0 -1.0 -1.0 -1.0 0.0 0.29909245399395656 0.3725317838397126 0.3283757621663308
9 877.0 0.0 -1.0 -1.0 -1.0 0.0 0.3026080338972378 0.33926824144502843 0.35812372465773407
9 878.0 0.0 -1.0 -1.0 -1.0 0.0 0.32976221163516556 0.32638100162099726 0.3438567867438376
9 879.0 0.0 -1.0 -1.0 -1.0 0.0 0.33395279619783913 0.3461376774901511 0.31990952631200975
9 880.0 0.0 -1.0 -1.0 -1.0 0.0 0.32373498452870175 0.33570826604496795 0.3405567494263305
9 881.0 0.0 -1.0 -1.0 -1.0 0.0 0.34159619025589577 0.3315743243119904 0.3268294854321139
9 882.0 0.0 -1.0 -1.0 -1.0 0.0 0.34125066679869187 0.3234929272758665 0.33525640592544187
9 883.0 0.0 -1.0 -1.0 -1.0 0.0 0.33549151068891625 0.3221672031459958 0.34234128616508797
9 884.0 0.0 -1.0 -1.0 -1.0 0.0 0.32232999534894063 0.337863035747758 0.33980696890330114
9 885.0 0.0 -1.0 -1.0 -1.0 0.0 0.3119578565722213 0.33960088960923474 0.34844125381854385
9 886.0 0.0 -1.0 -1.0 -1.0 0.0 0.3463516465748475 0.33014558445887426 0.32350276896627833
9 887.0 0.0 -1.0 -1.0 -1.0 0.0 0.3219838814599523 0.3262899405442367 0.35172617799581124
9 888.0 0.0 -1.0 -1.0 -1.0 0.0 0.3183983808096735 0.32313045466297874 0.3584711645273478
9 889.0 0.0 -1.0 -1.0 -1.0 0.0 0.3146631142855807 0.35362889986457624 0.33170798584984296
9 890.0 0.0 -1.0 -1.0 -1.0 0.0 0.30901434789954807 0.35346933470830955 0.3375163173921425
9 891.0 0.0 -1.0 -1.0 -1.0 0.0 0.34811599621316675 0.3407178699065796 0.31116613388025377
9 892.0 0.0 -1.0 -1.0 -1.0 0.0 0.35003431280033714 0.3402278779112295 0.3097378092884331
9 893.0 0.0 -1.0 -1.0 -1.0 0.0 0.35366335977533225 0.3363711878229846 0.30996545240168333
9 894.0 0.0 -1.0 -1.0 -1.0 0.0 0.3640050759844041 0.29895251151425317 0.33704241250134237
9 895.0 0.0 -1.0 -1.0 -1.0 0.0 0.37162501479146853 0.30951931534796345 0.3188556698605676
9 896.0 0.0 -1.0 -1.0 -1.0 0.0 0.3764145563279592 0.2902114669609775 0.3333739767110634
9 897.0 0.0 -1.0 -1.0 -1.0 0.0 0.38607535266572124 0.30307743414445093 0.3108472131898277
9 898.0 0.0 -1.0 -1.0 -1.0 0.0 0.33129420629573736 0.3301304651784702 0.3385753285257922
9 899.0 0.0 -1.0 -1.0 -1.0 0.0 0.33686598450324057 0.3346679356651064 0.32846607983165294
9 900.0 0.0 -1.0 -1.0 -1.0 0.0 0.3389112843696229 0.3298292662093499 0.331259449421027
9 901.0 0.0 -1.0 -1.0 -1.0 0.0 0.31996389153027305 0.3406338473146102 0.3394022611551166
9 902.0 0.0 -1.0 -1.0 -1.0 0.0 0.30251933116870156 0.37578104471963536 0.3216996241116632
9 903.0 0.0 -1.0 -1.0 -1.0 0.0 0.33376989691681247 0.35990546087048503 0.3063246422127028
9 904.0 0.0 -1.0 -1.0 -1.0 0.0 0.356180533967804 0.3522719671300441 0.29154749890215187
9 905.0 0.0 -1.0 -1.0 -1.0 0.0 0.31672789222935566 0.33562966791106313 0.3476424398595811
9 906.0 0.0 -1.0 -1.0 -1.0 0.0 0.32430184676378715 0.3580470562055031 0.3176510970307097
9 907.0 0.0 -1.0 -1.0 -1.0 0.0 0.3182772804599546 0.3502031833892986 0.33151953615074675
9 908.0 0.0 -1.0 -1.0 -1.0 0.0 0.32575560444539753 0.33966980225319554 0.3345745933014071
9 909.0 0.0 -1.0 -1.0 -1.0 0.0 0.32636272203652067 0.3235173435376045 0.3501199344258751
9 910.0 0.0 -1.0 -1.0 -1.0 0.0 0.33839825757937186 0.3098706603554484 0.3517310820651798
9 911.0 0.0 -1.0 -1.0 -1.0 0.0 0.34653603856507315 0.31360831455560656 0.3398556468793201
9 912.0 0.0 -1.0 -1.0 -1.0 0.0 0.33645906077942556 0.3225190094378012 0.34102192978277324
9 913.0 0.0 -1.0 -1.0 -1.0 0.0 0.35628862665166927 0.295085287451363 0.34862608589696764
9 914.0 0.0 -1.0 -1.0 -1.0 0.0 0.34962944000475266 0.3051061848895565 0.3452643751056911
9 915.0 0.0 -1.0 -1.0 -1.0 0.0 0.3649430217050091 0.33224579502832186 0.3028111832666693
9 916.0 0.0 -1.0 -1.0 -1.0 0.0 0.3493447204671158 0.3348385789682042 0.3158167005646797
9 917.0 0.0 -1.0 -1.0 -1.0 0.0 0.33578414521368416 0.32395192085767627 0.34026393392863974
9 918.0 0.0 -1.0 -1.0 -1.0 0.0 0.34098223217653273 0.31111531792666997 0.34790244989679736
9 919.0 0.0 -1.0 -1.0 -1.0 0.0 0.33004637005961635 0.325937446214766 0.34401618372561765
9 920.0 0.0 -1.0 -1.0 -1.0 0.0 0.34320885163266207 0.30490630903052035 0.3518848393368175
9 921.0 0.0 -1.0 -1.0 -1.0 0.0 0.34769619005988917 0.3140035786323024 0.3383002313078083
9 922.0 0.0 -1.0 -1.0 -1.0 0.0 0.3435012416827787 0.32520184994322315 0.33129690837399833
9 923.0 0.0 -1.0 -1.0 -1.0 0.0 0.31788046939037684 0.3331844710401763 0.3489350595694467
9 924.0 0.0 -1.0 -1.0 -1.0 0.0 0.3272319515246753 0.33500844557836684 0.3377596028969577
9 925.0 0.0 -1.0 -1.0 -1.0 0.0 0.3138365869593637 0.3221634426391312 0.3639999704015052
9 926.0 0.0 -1.0 -1.0 -1.0 0.0 0.3180017082642474 0.31603597419809276 0.3659623175376597
9 927.0 0.0 -1.0 -1.0 -1.0 0.0 0.29268051069957324 0.3228983321433636 0.384421157157063
9 928.0 0.0 -1.0 -1.0 -1.0 0.0 0.2922880553831184 0.3436154151049324 0.36409652951194926
9 929.0 0.0 -1.0 -1.0 -1.0 0.0 0.2848635872871783 0.3668525060366364 0.3482839066761854
9 930.0 0.0 -1.0 -1.0 -1.0 0.0 0.304022468102778 0.3564424765825661 0.339535055314656
9 931.0 0.0 -1.0 -1.0 -1.0 0.0 0.3000986009824306 0.3665404406334806 0.33336095838408897
9 932.0 0.0 -1.0 -1.0 -1.0 0.0 0.30409757876147614 0.3615361148654151 0.3343663063731087
9 933.0 0.0 -1.0 -1.0 -1.0 0.0 0.30994450659764533 0.34274947113047866 0.3473060222718762
9 934.0 0.0 -1.0 -1.0 -1.0 0.0 0.3125076535670448 0.33560676550666635 0.35188558092628874
9 935.0 0.0 -1.0 -1.0 -1.0 0.0 0.2966005359946543 0.3484736195437238 0.3549258444616221
9 936.0 0.0 -1.0 -1.0 -1.0 0.0 0.32123768349867254 0.35573562418742855 0.3230266923138987
9 937.0 0.0 -1.0 -1.0 -1.0 0.0 0.3283096308487394 0.3287999865838859 0.34289038256737475
9 938.0 0.0 -1.0 -1.0 -1.0 0.0 0.29047071120658646 0.3254217013352764 0.384107587458137
9 939.0 0.0 -1.0 -1.0 -1.0 0.0 0.3105370760055003 0.3377300104498424 0.3517329135446573
9 940.0 0.0 -1.0 -1.0 -1.0 0.0 0.3376890345114457 0.33066908912912757 0.3316418763594266
9 941.0 0.0 -1.0 -1.0 -1.0 0.0 0.31834376181726937 0.3561852701640192 0.3254709680187115
9 942.0 0.0 -1.0 -1.0 -1.0 0.0 0.33350268704390773 0.33543287912260233 0.3310644338334898
9 943.0 0.0 -1.0 -1.0 -1.0 0.0 0.3067795403246714 0.3582400325277233 0.3349804271476053
9 944.0 0.0 -1.0 -1.0 -1.0 0.0 0.33157750844137285 0.33104614422702944 0.3373763473315976
9 945.0 0.0 -1.0 -1.0 -1.0 0.0 0.302102923108349 0.35465891772072927 0.3432381591709216
9 946.0 0.0 -1.0 -1.0 -1.0 0.0 0.3101504314963689 0.35093988846806057 0.33890968003557054
9 947.0 0.0 -1.0 -1.0 -1.0 0.0 0.329714655007615 0.3298026780083231 0.34048266698406204
9 948.0 0.0 -1.0 -1.0 -1.0 0.0 0.3519042395177858 0.32059777395078976 0.3274979865314244
9 949.0 0.0 -1.0 -1.0 -1.0 0.0 0.36725892694805445 0.2910280363870576 0.3417130366648881
9 950.0 0.0 -1.0 -1.0 -1.0 0.0 0.36276630583209796 0.3069661548410825 0.3302675393268196
9 951.0 0.0 -1.0 -1.0 -1.0 0.0 0.35778545047315524 0.3079675178359886 0.3342470316908561
9 952.0 0.0 -1.0 -1.0 -1.0 0.0 0.33581864754952534 0.31324505975312755 0.3509362926973471
9 953.0 0.0 -1.0 -1.0 -1.0 0.0 0.3036239117835588 0.34290975803332435 0.35346633018311685
9 954.0 0.0 -1.0 -1.0 -1.0 0.0 0.29361709903374444 0.36307462813723085 0.3433082728290248
9 955.0 0.0 -1.0 -1.0 -1.0 0.0 0.29088042135872455 0.33849668260192767 0.3706228960393478
9 956.0 0.0 -1.0 -1.0 -1.0 0.0 0.26524192259645757 0.3439285866958077 0.39082949070773476
9 957.0 0.0 -1.0 -1.0 -1.0 0.0 0.2907122535958223 0.3334990331033352 0.37578871330084274
9 958.0 0.0 -1.0 -1.0 -1.0 0.0 0.33909554585939444 0.3100646251651525 0.3508398289754529
9 959.0 0.0 -1.0 -1.0 -1.0 0.0 0.31502909045770955 0.34504157118974477 0.33992933835254546
9 960.0 0.0 -1.0 -1.0 -1.0 0.0 0.32709071862997374 0.35133831757922507 0.32157096379080147
9 961.0 0.0 -1.0 -1.0 -1.0 0.0 0.31922500984203034 0.35299852968034096 0.32777646047762876
9 962.0 0.0 -1.0 -1.0 -1.0 0.0 0.33681721062185616 0.33305983796107036 0.3301229514170736
9 963.0 0.0 -1.0 -1.0 -1.0 0.0 0.36244663409438066 0.3176818792090704 0.319871486696549
9 964.0 0.0 -1.0 -1.0 -1.0 0.0 0.3538299700839634 0.27829983866143315 0.3678701912546037
9 965.0 0.0 -1.0 -1.0 -1.0 0.0 0.3566375888679078 0.2791095711340248 0.36425283999806735
9 966.0 0.0 -1.0 -1.0 -1.0 0.0 0.3567247931932637 0.28526872539114906 0.35800648141558744
9 967.0 0.0 -1.0 -1.0 -1.0 0.0 0.34659904037632167 0.29131787310346985 0.36208308652020854
9 968.0 0.0 -1.0 -1.0 -1.0 0.0 0.3493480835908232 0.31187853306812363 0.33877338334105306
9 969.0 0.0 -1.0 -1.0 -1.0 0.0 0.3475753749133698 0.32511540362373403 0.3273092214628962
9 970.0 0.0 -1.0 -1.0 -1.0 0.0 0.3561016586547683 0.32429012033372495 0.3196082210115068
9 971.0 0.0 -1.0 -1.0 -1.0 0.0 0.35587382804264467 0.33180587494245084 0.31232029701490466
9 972.0 0.0 -1.0 -1.0 -1.0 0.0 0.3375135639229871 0.33098324120220746 0.3315031948748057
9 973.0 0.0 -1.0 -1.0 -1.0 0.0 0.3332305633117796 0.3353869544332243 0.331382482254996
9 974.0 0.0 -1.0 -1.0 -1.0 0.0 0.323532798840217 0.3499122693982299 0.32655493176155304
9 975.0 0.0 -1.0 -1.0 -1.0 0.0 0.31051770385199384 0.3610535577769155 0.32842873837109066
9 976.0 0.0 -1.0 -1.0 -1.0 0.0 0.3107059266749803 0.3456485070494473 0.3436455662755726
9 977.0 0.0 -1.0 -1.0 -1.0 0.0 0.32539137865277135 0.356036524078587 0.3185720972686417
9 978.0 0.0 -1.0 -1.0 -1.0 0.0 0.3351028453134812 0.3673171903298102 0.29757996435670875
9 979.0 0.0 -1.0 -1.0 -1.0 0.0 0.3208260368905651 0.36032142182035043 0.3188525412890844
9 980.0 0.0 -1.0 -1.0 -1.0 0.0 0.3407165815455228 0.3631587516136492 0.29612466684082767
9 981.0 0.0 -1.0 -1.0 -1.0 0.0 0.3204647673277873 0.373275220922187 0.30626001175002576
9 982.0 0.0 -1.0 -1.0 -1.0 0.0 0.3171871291715195 0.35416105347181764 0.3286518173566628
9 983.0 0.0 -1.0 -1.0 -1.0 0.0 0.315425377278533 0.3433475764408636 0.3412270462806035
9 984.0 0.0 -1.0 -1.0 -1.0 0.0 0.3253240829847501 0.33582435819521245 0.33885155882003704
9 985.0 0.0 -1.0 -1.0 -1.0 0.0 0.3133937681028277 0.3520071546580404 0.33459907723913196
9 986.0 0.0 -1.0 -1.0 -1.0 0.0 0.34887537215065556 0.3336214961022812 0.31750313174706307
9 987.0 0.0 -1.0 -1.0 -1.0 0.0 0.33121995019204475 0.34608384634145245 0.3226962034665028
9 988.0 0.0 -1.0 -1.0 -1.0 0.0 0.3008141200653385 0.3714357669240122 0.3277501130106494
9 989.0 0.0 -1.0 -1.0 -1.0 0.0 0.3176804259063918 0.34874883353514513 0.333570740558463
9 990.0 0.0 -1.0 -1.0 -1.0 0.0 0.3171565965558278 0.3565150203754863 0.32632838306868595
9 991.0 0.0 -1.0 -1.0 -1.0 0.0 0.32478732157487966 0.35233004329601536 0.3228826351291052
9 992.0 0.0 -1.0 -1.0 -1.0 0.0 0.3007972502785454 0.35360214200135204 0.34560060772010254
9 993.0 0.0 -1.0 -1.0 -1.0 0.0 0.2799101691052987 0.3534830044377582 0.3666068264569429
9 994.0 0.0 -1.0 -1.0 -1.0 0.0 0.2871539599944365 0.34036912702566136 0.372476912979902
9 995.0 0.0 -1.0 -1.0 -1.0 0.0 0.2834934768726881 0.3672664999837964 0.3492400231435153
9 996.0 0.0 -1.0 -1.0 -1.0 0.0 0.3090609831192297 0.3539695887773672 0.33696942810340275
9 997.0 0.0 -1.0 -1.0 -1.0 0.0 0.3268474243748656 0.32853968339069295 0.34461289223444164
9 998.0 0.0 -1.0 -1.0 -1.0 0.0 0.3091243345992901 0.3388945175224447 0.3519811478782653
9 999.0 0.0 -1.0 -1.0 -1.0 0.0 0.329509961167012 0.32689118661176836 0.3435988522212197
9 1000.0 0.0 -1.0 -1.0 -1.0 0.0 0.3310039327137606 0.33145843326133945 0.33753763402489995
1000000000000000000000000000000000000000000000000000000000000000000000000000000000000000000000000000
-1.0
solo con 1: -100.0
