9 0.0 86.0 -41.0 -164.0 -101.64 50.060472521650354 0.3333333333333333 0.3333333333333333 0.3333333333333333
9 1.0 85.0 -40.0 -159.0 -91.2 50.25249378203167 0.3089464087011233 0.2789947778801772 0.4120588134186997
9 2.0 61.0 -39.0 -159.0 -75.72 46.06233808545752 0.2660666147917086 0.2439154465232218 0.49001793868506943
9 3.0 35.0 -37.0 -156.0 -66.9 42.307555979154486 0.2623050050491248 0.22198092564364963 0.5157140693072256
9 4.0 35.0 -37.0 -156.0 -57.62 35.82527182046357 0.24807505773435204 0.191945063175661 0.559979879089987
9 5.0 67.0 -31.0 -156.0 -53.71 35.53922146905109 0.2287530874870809 0.17518142752089877 0.5960654849920203
9 6.0 45.0 -29.0 -156.0 -48.18 32.25948455004116 0.2178962397589926 0.14799996378942065 0.6341037964515867
9 7.0 89.0 -28.0 -156.0 -42.25 27.22720527470102 0.19248809292537541 0.1408862089247024 0.6666256981499222
9 8.0 32.0 -27.0 -151.0 -38.63 25.131836222592092 0.20239449863766606 0.13170182701884264 0.6659036743434911
9 9.0 3.0 -25.0 -146.0 -34.4 19.940821538651903 0.19202963966126543 0.11942757344874773 0.688542786889987
9 10.0 51.0 -24.0 -146.0 -32.3 20.09447383704979 0.18308453320805015 0.11912000467206514 0.6977954621198846
9 11.0 38.0 -22.0 -145.0 -30.61 20.268847071704936 0.18315983099260436 0.13026453041593483 0.6865756385914605
9 12.0 30.0 -22.0 -145.0 -29.0 20.391620382357598 0.18802096418167108 0.12056242600428475 0.6914166098140443
9 13.0 35.0 -20.0 -145.0 -27.72 20.625609265564922 0.1908729538131275 0.1163151789947347 0.6928118671921378
9 14.0 89.0 -18.0 -143.0 -26.29 20.733662181938517 0.18222941143785135 0.11628610138089464 0.7014844871812538
9 15.0 26.0 -18.0 -143.0 -24.25 17.66773867530845 0.17560803906477948 0.12094340570725338 0.7034485552279673
9 16.0 19.0 -17.0 -143.0 -22.95 17.892143188527974 0.16889472582131015 0.11595734834530201 0.7151479258333877
9 17.0 28.0 -14.0 -41.0 -19.22 3.3951242520515605 0.16208621105350204 0.10858496727004602 0.7293288216764522
9 18.0 2.0 -13.0 -41.0 -17.59 3.1880300113918874 0.1540976720905993 0.09564453799460158 0.7502577899147993
9 19.0 28.0 -12.0 -22.0 -15.8 1.7349642676726835 0.14736269977610583 0.08640599724882905 0.7662313029750655
9 20.0 28.0 -11.0 -20.0 -14.37 1.7789737139000883 0.1254882714945233 0.07719712207273216 0.7973146064327443
9 21.0 1.0 -11.0 -20.0 -12.97 1.5983261446420955 0.12411698488059629 0.08358490605492154 0.792298109064482
9 22.0 34.0 -10.0 -18.0 -11.96 1.420769460041234 0.10673614554218983 0.08302511547384815 0.8102387389839617
9 23.0 8.0 -9.0 -18.0 -11.13 1.2198277739008077 0.12068587459949795 0.08792122268310078 0.7913929027174009
9 24.0 28.0 -8.0 -18.0 -10.35 1.3132964154171283 0.12682845231935613 0.09679986483561201 0.7763716828450318
9 25.0 58.0 -7.0 -18.0 -9.43 1.3577685198646177 0.1396819770194808 0.1098045910991107 0.7505134318814083
9 26.0 9.0 -7.0 -13.0 -8.63 1.0977939310961393 0.13710752494097103 0.12321356407107086 0.7396789109879581
9 27.0 3.0 -6.0 -11.0 -7.77 1.117853281784313 0.13800302379623397 0.12178728532796292 0.7402096908758028
9 28.0 5.0 -5.0 -11.0 -6.92 1.2033622929445684 0.14094402069103007 0.11365804116367306 0.745397938145297
9 29.0 18.0 -4.0 -11.0 -6.12 1.2413742791801756 0.1495481470149802 0.08958415631906017 0.7608676966659594
9 30.0 0.0 -4.0 -9.0 -5.21 1.0758600036597454 0.12702930981890337 0.1001010505398315 0.7728696396412653
9 31.0 7.0 -3.0 -9.0 -4.55 1.0859525446781406 0.11635112181773147 0.11042797077220129 0.7732209074100673
9 32.0 24.0 -2.0 -8.0 -3.85 0.9142530206997325 0.13378197224754895 0.12356739794457647 0.7426506298078741
9 33.0 58.0 -1.0 -8.0 -3.41 0.9544684913657974 0.1350187383728887 0.13392509106387268 0.7310561705632385
9 34.0 46.0 -1.0 -5.0 -2.89 0.7640270765734505 0.14675637782744091 0.14532779402273735 0.7079158281498217
9 35.0 7.0 -1.0 -5.0 -2.45 0.7961396760860396 0.16828395989387057 0.14519565788666416 0.6865203822194652
9 36.0 7.0 -1.0 -5.0 -2.04 0.6951491374031358 0.17057718322226242 0.16494908293848898 0.6644737338392482
9 37.0 2.0 -1.0 -4.0 -1.64 0.6279677016721755 0.18382298638529032 0.15962460647691565 0.6565524071377937
9 38.0 0.0 -1.0 -4.0 -1.34 0.5898125023079693 0.20813886665063255 0.16713561076955075 0.6247255225798167
9 39.0 0.0 -1.0 -4.0 -1.16 0.48658778937379565 0.22236790816329474 0.1934241832885565 0.5842079085481486
9 40.0 0.0 -1.0 -4.0 -1.1 0.4380858271151807 0.264633400915383 0.20920153740718217 0.5261650616774345
9 41.0 0.0 -1.0 -3.0 -1.06 0.27779797906341375 0.28320882285128623 0.254369124970017 0.46242205217869675
9 42.0 0.0 -1.0 -2.0 -1.03 0.17144660799776532 0.2879198312669798 0.2709320670081312 0.4411481017248892
9 43.0 0.0 -1.0 -2.0 -1.02 0.14070529413628957 0.29506799129103306 0.31990926776297846 0.38502274094598854
9 44.0 0.0 -1.0 -2.0 -1.02 0.14070529413628957 0.3146181237013906 0.3269514878378933 0.3584303884607163
9 45.0 0.0 -1.0 -1.0 -1.0 0.0 0.3492311077968012 0.31058084059984686 0.34018805160335197
9 46.0 0.0 -1.0 -1.0 -1.0 0.0 0.3533253018915594 0.3065424380295423 0.34013226007889835
9 47.0 0.0 -1.0 -1.0 -1.0 0.0 0.35755509124404933 0.28613542018580224 0.35630948857014816
9 48.0 0.0 -1.0 -1.0 -1.0 0.0 0.34803567033541916 0.29834032644467223 0.35362400321990883
9 49.0 0.0 -1.0 -1.0 -1.0 0.0 0.3544804376798285 0.2977611152207241 0.34775844709944714
9 50.0 0.0 -1.0 -1.0 -1.0 0.0 0.3245468606390087 0.3367877779480354 0.33866536141295617
9 51.0 0.0 -1.0 -1.0 -1.0 0.0 0.3469541122038243 0.34277199367564976 0.3102738941205261
9 52.0 0.0 -1.0 -1.0 -1.0 0.0 0.3424728724180315 0.30671738504421653 0.35080974253775193
9 53.0 0.0 -1.0 -1.0 -1.0 0.0 0.3386550274773552 0.30855678267927794 0.35278818984336674
9 54.0 0.0 -1.0 -1.0 -1.0 0.0 0.3514495966877495 0.30213041180461386 0.3464199915076368
9 55.0 0.0 -1.0 -1.0 -1.0 0.0 0.34432566958819905 0.307786150578051 0.34788817983375026
9 56.0 0.0 -1.0 -1.0 -1.0 0.0 0.36611940453241315 0.28607540658267266 0.3478051888849139
9 57.0 0.0 -1.0 -1.0 -1.0 0.0 0.34218855041706414 0.29185945573620414 0.36595199384673194
9 58.0 0.0 -1.0 -1.0 -1.0 0.0 0.3383927422787037 0.2872706029380682 0.37433665478322836
9 59.0 0.0 -1.0 -1.0 -1.0 0.0 0.3336779661311894 0.3007921405916943 0.36552989327711627
9 60.0 0.0 -1.0 -1.0 -1.0 0.0 0.31938080961516746 0.349486647427757 0.3311325429570756
9 61.0 0.0 -1.0 -1.0 -1.0 0.0 0.31518279179424996 0.3527201611913725 0.3320970470143774
9 62.0 0.0 -1.0 -1.0 -1.0 0.0 0.2948290196306102 0.35172748971344414 0.35344349065594577
9 63.0 0.0 -1.0 -1.0 -1.0 0.0 0.31055551857623354 0.34999467320819755 0.339449808215569
9 64.0 0.0 -1.0 -1.0 -1.0 0.0 0.30738520695462823 0.3679931253230093 0.3246216677223625
9 65.0 0.0 -1.0 -1.0 -1.0 0.0 0.320658764171023 0.36240826784675695 0.31693296798222026
9 66.0 0.0 -1.0 -1.0 -1.0 0.0 0.31084677598749155 0.36735102690812854 0.32180219710437996
9 67.0 0.0 -1.0 -1.0 -1.0 0.0 0.30324924260881153 0.37221501609419794 0.32453574129699064
9 68.0 0.0 -1.0 -1.0 -1.0 0.0 0.3255606583660819 0.3705343593339762 0.3039049822999418
9 69.0 0.0 -1.0 -1.0 -1.0 0.0 0.34346813061767667 0.3329316614349437 0.3236002079473794
9 70.0 0.0 -1.0 -1.0 -1.0 0.0 0.3147572521746056 0.3612166796797065 0.32402606814568796
9 71.0 0.0 -1.0 -1.0 -1.0 0.0 0.3047151278275912 0.3607621294247621 0.3345227427476467
9 72.0 0.0 -1.0 -1.0 -1.0 0.0 0.3349712516636172 0.360191066466672 0.3048376818697109
9 73.0 0.0 -1.0 -1.0 -1.0 0.0 0.33290756867507976 0.37119200822158704 0.2959004231033332
9 74.0 0.0 -1.0 -1.0 -1.0 0.0 0.3102910786279983 0.3457442997830369 0.3439646215889649
9 75.0 0.0 -1.0 -1.0 -1.0 0.0 0.31775409262167886 0.3187052590126119 0.36354064836570904
9 76.0 0.0 -1.0 -1.0 -1.0 0.0 0.32148744910510596 0.3210741840054822 0.3574383668894117
9 77.0 0.0 -1.0 -1.0 -1.0 0.0 0.2972802737691861 0.3119875244706374 0.3907322017601767
9 78.0 0.0 -1.0 -1.0 -1.0 0.0 0.335508031074558 0.30250575981664235 0.36198620910879975
9 79.0 0.0 -1.0 -1.0 -1.0 0.0 0.34420552987645137 0.31337499469870866 0.3424194754248401
9 80.0 0.0 -1.0 -1.0 -1.0 0.0 0.35443140522488487 0.3220860692728353 0.32348252550227974
9 81.0 0.0 -1.0 -1.0 -1.0 0.0 0.3282115231616899 0.3308186687986661 0.3409698080396443
9 82.0 0.0 -1.0 -1.0 -1.0 0.0 0.3275784043085041 0.3316842607776886 0.3407373349138075
9 83.0 0.0 -1.0 -1.0 -1.0 0.0 0.3373468714488054 0.31622579318145844 0.34642733536973647
9 84.0 0.0 -1.0 -1.0 -1.0 0.0 0.33601961953017645 0.3145047081949348 0.3494756722748889
9 85.0 0.0 -1.0 -1.0 -1.0 0.0 0.3220155505663436 0.32111687296092484 0.35686757647273176
9 86.0 0.0 -1.0 -1.0 -1.0 0.0 0.3070497548845247 0.3187866274989134 0.374163617616562
9 87.0 0.0 -1.0 -1.0 -1.0 0.0 0.31738041452066584 0.3333283573778298 0.3492912281015043
9 88.0 0.0 -1.0 -1.0 -1.0 0.0 0.3294270860828473 0.34065444030500686 0.3299184736121458
9 89.0 0.0 -1.0 -1.0 -1.0 0.0 0.3406829016384026 0.3196614380546861 0.3396556603069113
9 90.0 0.0 -1.0 -1.0 -1.0 0.0 0.32111614960321566 0.33948313752559756 0.3394007128711868
9 91.0 0.0 -1.0 -1.0 -1.0 0.0 0.3039515584531535 0.34871286810306196 0.3473355734437847
9 92.0 0.0 -1.0 -1.0 -1.0 0.0 0.3082823800866089 0.34952224184145764 0.34219537807193356
9 93.0 0.0 -1.0 -1.0 -1.0 0.0 0.35882994714472416 0.3082450021669775 0.3329250506882984
9 94.0 0.0 -1.0 -1.0 -1.0 0.0 0.35353024263467014 0.31804211330491966 0.32842764406041014
9 95.0 0.0 -1.0 -1.0 -1.0 0.0 0.3750563864042799 0.3098745650183046 0.31506904857741513
9 96.0 0.0 -1.0 -1.0 -1.0 0.0 0.3670247685133189 0.33081530136447623 0.3021599301222047
9 97.0 0.0 -1.0 -1.0 -1.0 0.0 0.3673185917039606 0.30383389099269137 0.3288475173033482
9 98.0 0.0 -1.0 -1.0 -1.0 0.0 0.3398123898215261 0.3320771300683609 0.32811048011011307
9 99.0 0.0 -1.0 -1.0 -1.0 0.0 0.35498801992119783 0.3192090903895533 0.3258028896892488
9 100.0 0.0 -1.0 -1.0 -1.0 0.0 0.3323860600745905 0.35472126734677367 0.3128926725786358
9 101.0 0.0 -1.0 -1.0 -1.0 0.0 0.32728188444453166 0.3618902456355135 0.3108278699199549
9 102.0 0.0 -1.0 -1.0 -1.0 0.0 0.3192579217972159 0.3717048775615394 0.3090372006412448
9 103.0 0.0 -1.0 -1.0 -1.0 0.0 0.33145892272418664 0.33229833966320876 0.33624273761260454
9 104.0 0.0 -1.0 -1.0 -1.0 0.0 0.34330779055099875 0.32256694240655903 0.33412526704244216
9 105.0 0.0 -1.0 -1.0 -1.0 0.0 0.34218330367786876 0.3184763777505276 0.3393403185716036
9 106.0 0.0 -1.0 -1.0 -1.0 0.0 0.34230690837142275 0.3207963053647939 0.33689678626378333
9 107.0 0.0 -1.0 -1.0 -1.0 0.0 0.3271262630390449 0.313435380190875 0.35943835677008024
9 108.0 0.0 -1.0 -1.0 -1.0 0.0 0.357403175176579 0.3234698800143272 0.3191269448090936
9 109.0 0.0 -1.0 -1.0 -1.0 0.0 0.33176173398055814 0.3438070004250344 0.32443126559440727
9 110.0 0.0 -1.0 -1.0 -1.0 0.0 0.3291969560069619 0.31649611288956947 0.3543069311034685
9 111.0 0.0 -1.0 -1.0 -1.0 0.0 0.33273251534494214 0.30751515628341075 0.35975232837164706
9 112.0 0.0 -1.0 -1.0 -1.0 0.0 0.33097484452667403 0.3134988450440172 0.35552631042930877
9 113.0 0.0 -1.0 -1.0 -1.0 0.0 0.32571823051241755 0.32502501841243053 0.3492567510751519
9 114.0 0.0 -1.0 -1.0 -1.0 0.0 0.31054603218132193 0.3415138906287087 0.34794007718996944
9 115.0 0.0 -1.0 -1.0 -1.0 0.0 0.3233051212080165 0.34827017009264344 0.32842470869933993
9 116.0 0.0 -1.0 -1.0 -1.0 0.0 0.3325981811870131 0.36966621550515677 0.2977356033078301
9 117.0 0.0 -1.0 -1.0 -1.0 0.0 0.32764048936152984 0.3772865296209369 0.2950729810175333
9 118.0 0.0 -1.0 -1.0 -1.0 0.0 0.3314814005802076 0.3718270160957208 0.296691583324072
9 119.0 0.0 -1.0 -1.0 -1.0 0.0 0.3580872516527593 0.3532984795458534 0.2886142688013874
9 120.0 0.0 -1.0 -1.0 -1.0 0.0 0.3449683712762967 0.33980756833873005 0.31522406038497325
9 121.0 0.0 -1.0 -1.0 -1.0 0.0 0.34439990596843795 0.31545601150429387 0.34014408252726824
9 122.0 0.0 -1.0 -1.0 -1.0 0.0 0.340570525920202 0.32121188693443625 0.33821758714536143
9 123.0 0.0 -1.0 -1.0 -1.0 0.0 0.3406655676060593 0.30408509772851944 0.3552493346654213
9 124.0 0.0 -1.0 -1.0 -1.0 0.0 0.3596446283841914 0.2960596067391204 0.34429576487668817
9 125.0 0.0 -1.0 -1.0 -1.0 0.0 0.3448594412835221 0.31471163689092735 0.34042892182555073
9 126.0 0.0 -1.0 -1.0 -1.0 0.0 0.3715338265260435 0.31623782131824907 0.3122283521557075
9 127.0 0.0 -1.0 -1.0 -1.0 0.0 0.390297023527917 0.3035726473503478 0.30613032912173527
9 128.0 0.0 -1.0 -1.0 -1.0 0.0 0.3785848973357194 0.3193954128117559 0.30201968985252475
9 129.0 0.0 -1.0 -1.0 -1.0 0.0 0.36076592631906473 0.33206209600455106 0.30717197767638443
9 130.0 0.0 -1.0 -1.0 -1.0 0.0 0.3560674486714032 0.34146527435483703 0.3024672769737598
9 131.0 0.0 -1.0 -1.0 -1.0 0.0 0.3838700230468626 0.2918576579846482 0.3242723189684893
9 132.0 0.0 -1.0 -1.0 -1.0 0.0 0.3493938153950438 0.3131225156448294 0.33748366896012677
9 133.0 0.0 -1.0 -1.0 -1.0 0.0 0.3672213456410466 0.29771503056368964 0.3350636237952639
9 134.0 0.0 -1.0 -1.0 -1.0 0.0 0.368626487930728 0.3216990254419565 0.3096744866273154
9 135.0 0.0 -1.0 -1.0 -1.0 0.0 0.3766077314717826 0.31225224033705584 0.3111400281911615
9 136.0 0.0 -1.0 -1.0 -1.0 0.0 0.3711958668653372 0.2966653700487713 0.3321387630858917
9 137.0 0.0 -1.0 -1.0 -1.0 0.0 0.36888180622227873 0.30407113493559956 0.3270470588421216
9 138.0 0.0 -1.0 -1.0 -1.0 0.0 0.3703619773731645 0.2938836270850831 0.33575439554175246
9 139.0 0.0 -1.0 -1.0 -1.0 0.0 0.3726678252045334 0.302998233696508 0.3243339410989585
9 140.0 0.0 -1.0 -1.0 -1.0 0.0 0.35615252862958774 0.3142481206181719 0.32959935075224034
9 141.0 0.0 -1.0 -1.0 -1.0 0.0 0.35051869324133283 0.309923161457417 0.3395581453012502
9 142.0 0.0 -1.0 -1.0 -1.0 0.0 0.34666006813581585 0.3063151837794351 0.3470247480847493
9 143.0 0.0 -1.0 -1.0 -1.0 0.0 0.3365292877700071 0.31758794447908645 0.34588276775090665
9 144.0 0.0 -1.0 -1.0 -1.0 0.0 0.3268408842400482 0.3139405378113458 0.35921857794860573
9 145.0 0.0 -1.0 -1.0 -1.0 0.0 0.3132842797845854 0.31734885566567383 0.36936686454974094
9 146.0 0.0 -1.0 -1.0 -1.0 0.0 0.33497958553295715 0.27956690416328867 0.38545351030375413
9 147.0 0.0 -1.0 -1.0 -1.0 0.0 0.3777302062561252 0.2682341013956098 0.35403569234826504
9 148.0 0.0 -1.0 -1.0 -1.0 0.0 0.35695356698727515 0.29330984930139375 0.3497365837113308
9 149.0 0.0 -1.0 -1.0 -1.0 0.0 0.3471772841148917 0.3126699290795792 0.34015278680552913
9 150.0 0.0 -1.0 -1.0 -1.0 0.0 0.3680678309304335 0.31503592080284676 0.31689624826671986
9 151.0 0.0 -1.0 -1.0 -1.0 0.0 0.3661994322199911 0.3024292484128871 0.3313713193671217
9 152.0 0.0 -1.0 -1.0 -1.0 0.0 0.37150424202703797 0.30000556570522446 0.3284901922677376
9 153.0 0.0 -1.0 -1.0 -1.0 0.0 0.35865225256554856 0.3281113199703246 0.31323642746412655
9 154.0 0.0 -1.0 -1.0 -1.0 0.0 0.37637886771464124 0.3522981471756733 0.2713229851096855
9 155.0 0.0 -1.0 -1.0 -1.0 0.0 0.36313874971160714 0.35486490174883584 0.2819963485395569
9 156.0 0.0 -1.0 -1.0 -1.0 0.0 0.3519460685083971 0.35488996664679073 0.29316396484481194
9 157.0 0.0 -1.0 -1.0 -1.0 0.0 0.35154907970246474 0.3715938137634546 0.27685710653408085
9 158.0 0.0 -1.0 -1.0 -1.0 0.0 0.358750746617864 0.356707451457922 0.28454180192421424
9 159.0 0.0 -1.0 -1.0 -1.0 0.0 0.34848198835106536 0.3801210135081617 0.27139699814077295
9 160.0 0.0 -1.0 -1.0 -1.0 0.0 0.3852299648825349 0.3423368281477723 0.27243320696969286
9 161.0 0.0 -1.0 -1.0 -1.0 0.0 0.3874654136771284 0.34444664498210764 0.268087941340764
9 162.0 0.0 -1.0 -1.0 -1.0 0.0 0.3903567051083386 0.32899268212024124 0.2806506127714201
9 163.0 0.0 -1.0 -1.0 -1.0 0.0 0.34388308564201636 0.3448071701061917 0.3113097442517917
9 164.0 0.0 -1.0 -1.0 -1.0 0.0 0.31877462245545823 0.3597854772567927 0.3214399002877494
9 165.0 0.0 -1.0 -1.0 -1.0 0.0 0.3239318233803335 0.35584549079969663 0.3202226858199699
9 166.0 0.0 -1.0 -1.0 -1.0 0.0 0.33324584530080337 0.3449735262041903 0.32178062849500627
9 167.0 0.0 -1.0 -1.0 -1.0 0.0 0.3140462387229426 0.3463742741887436 0.33957948708831387
9 168.0 0.0 -1.0 -1.0 -1.0 0.0 0.2926952300450169 0.34807147561294455 0.3592332943420385
9 169.0 0.0 -1.0 -1.0 -1.0 0.0 0.3165351145210505 0.33718098731787044 0.34628389816107896
9 170.0 0.0 -1.0 -1.0 -1.0 0.0 0.3300674024308873 0.3320816205585262 0.3378509770105866
9 171.0 0.0 -1.0 -1.0 -1.0 0.0 0.3413602578612343 0.3223726866251031 0.3362670555136625
9 172.0 0.0 -1.0 -1.0 -1.0 0.0 0.36980559595412416 0.3047587752869084 0.32543562875896725
9 173.0 0.0 -1.0 -1.0 -1.0 0.0 0.37617569277763185 0.3029741297848246 0.3208501774375436
9 174.0 0.0 -1.0 -1.0 -1.0 0.0 0.36705103675235196 0.3027424541379578 0.3302065091096904
9 175.0 0.0 -1.0 -1.0 -1.0 0.0 0.36049039906096164 0.3029791245881824 0.33653047635085614
9 176.0 0.0 -1.0 -1.0 -1.0 0.0 0.36022696335330684 0.3147471856061239 0.32502585104056897
9 177.0 0.0 -1.0 -1.0 -1.0 0.0 0.3390982498351765 0.3193296878194884 0.3415720623453351
9 178.0 0.0 -1.0 -1.0 -1.0 0.0 0.3618245292332379 0.33629002425451615 0.3018854465122459
9 179.0 0.0 -1.0 -1.0 -1.0 0.0 0.348523200400729 0.345383062091135 0.306093737508136
9 180.0 0.0 -1.0 -1.0 -1.0 0.0 0.3649750811631733 0.3383821959934316 0.29664272284339505
9 181.0 0.0 -1.0 -1.0 -1.0 0.0 0.35571703782928005 0.31837452366442887 0.32590843850629114
9 182.0 0.0 -1.0 -1.0 -1.0 0.0 0.3489739597644627 0.3314546058503936 0.31957143438514357
9 183.0 0.0 -1.0 -1.0 -1.0 0.0 0.34945744857407973 0.34423528014091187 0.30630727128500845
9 184.0 0.0 -1.0 -1.0 -1.0 0.0 0.3495918264116019 0.3362748562523504 0.3141333173360478
9 185.0 0.0 -1.0 -1.0 -1.0 0.0 0.3343417303329462 0.32617209649916373 0.33948617316789026
9 186.0 0.0 -1.0 -1.0 -1.0 0.0 0.3671762405821126 0.30765707684286225 0.32516668257502507
9 187.0 0.0 -1.0 -1.0 -1.0 0.0 0.35639843121296494 0.3233716684072927 0.32022990037974225
9 188.0 0.0 -1.0 -1.0 -1.0 0.0 0.3384101063462049 0.34379101587502364 0.31779887777877147
9 189.0 0.0 -1.0 -1.0 -1.0 0.0 0.35007203549961186 0.3360508345516296 0.3138771299487585
9 190.0 0.0 -1.0 -1.0 -1.0 0.0 0.3541696843238077 0.3205943485177844 0.3252359671584078
9 191.0 0.0 -1.0 -1.0 -1.0 0.0 0.3710170164161621 0.30305266432048333 0.32593031926335475
9 192.0 0.0 -1.0 -1.0 -1.0 0.0 0.36372590237081825 0.30011783927575264 0.33615625835342927
9 193.0 0.0 -1.0 -1.0 -1.0 0.0 0.3711898312961079 0.28416183856492533 0.3446483301389669
9 194.0 0.0 -1.0 -1.0 -1.0 0.0 0.38753621193545174 0.28098899559764257 0.3314747924669058
9 195.0 0.0 -1.0 -1.0 -1.0 0.0 0.4063836554981195 0.27975022099911184 0.31386612350276843
9 196.0 0.0 -1.0 -1.0 -1.0 0.0 0.3883271015936899 0.28977925874087385 0.3218936396654366
9 197.0 0.0 -1.0 -1.0 -1.0 0.0 0.3734544310000967 0.28424864197914146 0.3422969270207619
9 198.0 0.0 -1.0 -1.0 -1.0 0.0 0.35537600076026105 0.30222605066253067 0.3423979485772083
9 199.0 0.0 -1.0 -1.0 -1.0 0.0 0.3559320707905119 0.314609407889818 0.32945852131967013
9 200.0 0.0 -1.0 -1.0 -1.0 0.0 0.3553709168088194 0.3501247021470137 0.2945043810441671
9 201.0 0.0 -1.0 -1.0 -1.0 0.0 0.34752990971562936 0.31308559120454843 0.33938449907982204
9 202.0 0.0 -1.0 -1.0 -1.0 0.0 0.344084611956888 0.31790478746109907 0.3380106005820126
9 203.0 0.0 -1.0 -1.0 -1.0 0.0 0.3418322366103766 0.32873830926600084 0.3294294541236224
9 204.0 0.0 -1.0 -1.0 -1.0 0.0 0.3305054238670075 0.32325353345538305 0.34624104267760936
9 205.0 0.0 -1.0 -1.0 -1.0 0.0 0.315266253970824 0.31629609278346077 0.3684376532457154
9 206.0 0.0 -1.0 -1.0 -1.0 0.0 0.3489165132625896 0.2996510371485984 0.3514324495888119
9 207.0 0.0 -1.0 -1.0 -1.0 0.0 0.33699416216202466 0.32688282813140573 0.33612300970656966
9 208.0 0.0 -1.0 -1.0 -1.0 0.0 0.32159317821378425 0.30600241934701994 0.37240440243919565
9 209.0 0.0 -1.0 -1.0 -1.0 0.0 0.3496065408102433 0.33326609489817566 0.3171273642915813
9 210.0 0.0 -1.0 -1.0 -1.0 0.0 0.3353140448216424 0.35372125778639096 0.3109646973919664
9 211.0 0.0 -1.0 -1.0 -1.0 0.0 0.32406684808303127 0.3763059387834014 0.29962721313356755
9 212.0 0.0 -1.0 -1.0 -1.0 0.0 0.30392317709791916 0.36612871506597566 0.32994810783610545
9 213.0 0.0 -1.0 -1.0 -1.0 0.0 0.296130980741303 0.36104502490522783 0.34282399435346905
9 214.0 0.0 -1.0 -1.0 -1.0 0.0 0.2946436163163479 0.34718461703655473 0.3581717666470973
9 215.0 0.0 -1.0 -1.0 -1.0 0.0 0.2904223398158148 0.3442943971384798 0.36528326304570535
9 216.0 0.0 -1.0 -1.0 -1.0 0.0 0.2683193795562349 0.3568733446187814 0.37480727582498363
9 217.0 0.0 -1.0 -1.0 -1.0 0.0 0.2781225599825768 0.34589698245111544 0.37598045756630777
9 218.0 0.0 -1.0 -1.0 -1.0 0.0 0.2820549865146307 0.363599033827963 0.35434597965740644
9 219.0 0.0 -1.0 -1.0 -1.0 0.0 0.2738426132245553 0.34808477160798573 0.37807261516745894
9 220.0 0.0 -1.0 -1.0 -1.0 0.0 0.33170525561912734 0.3335015885185026 0.33479315586237035
9 221.0 0.0 -1.0 -1.0 -1.0 0.0 0.2877110470157035 0.3462462655907183 0.3660426873935782
9 222.0 0.0 -1.0 -1.0 -1.0 0.0 0.3114219209993125 0.32188409385566324 0.3666939851450241
9 223.0 0.0 -1.0 -1.0 -1.0 0.0 0.3021571417997799 0.345606813472084 0.3522360447281361
9 224.0 0.0 -1.0 -1.0 -1.0 0.0 0.33290758440626467 0.3236266741305128 0.3434657414632226
9 225.0 0.0 -1.0 -1.0 -1.0 0.0 0.3514891617423912 0.32025185388823063 0.328258984369378
9 226.0 0.0 -1.0 -1.0 -1.0 0.0 0.33187791286238494 0.3230603737763863 0.3450617133612288
9 227.0 0.0 -1.0 -1.0 -1.0 0.0 0.3149355728213407 0.3253421981580727 0.35972222902058676
9 228.0 0.0 -1.0 -1.0 -1.0 0.0 0.3494060581035426 0.31959534167122605 0.33099860022523125
9 229.0 0.0 -1.0 -1.0 -1.0 0.0 0.3568360531387708 0.31695787574573975 0.32620607111548927
9 230.0 0.0 -1.0 -1.0 -1.0 0.0 0.35325481976922013 0.3299658396794951 0.3167793405512847
9 231.0 0.0 -1.0 -1.0 -1.0 0.0 0.3600450865717285 0.32125431358625905 0.3187005998420125
9 232.0 0.0 -1.0 -1.0 -1.0 0.0 0.3398188313878407 0.3243957174941305 0.3357854511180288
9 233.0 0.0 -1.0 -1.0 -1.0 0.0 0.32914689059668917 0.333888895252816 0.33696421415049443
9 234.0 0.0 -1.0 -1.0 -1.0 0.0 0.3221318279739488 0.3508465547689498 0.3270216172571013
9 235.0 0.0 -1.0 -1.0 -1.0 0.0 0.31134544257911223 0.3567576093470644 0.3318969480738236
9 236.0 0.0 -1.0 -1.0 -1.0 0.0 0.3022222842356087 0.33244913616208194 0.36532857960230913
9 237.0 0.0 -1.0 -1.0 -1.0 0.0 0.29601067302328055 0.3250686397257796 0.3789206872509398
9 238.0 0.0 -1.0 -1.0 -1.0 0.0 0.33345519125104994 0.33225760844749724 0.3342872003014529
9 239.0 0.0 -1.0 -1.0 -1.0 0.0 0.32425659800428264 0.33116443564789416 0.3445789663478234
9 240.0 0.0 -1.0 -1.0 -1.0 0.0 0.32596774878520607 0.32771565616813836 0.34631659504665563
9 241.0 0.0 -1.0 -1.0 -1.0 0.0 0.32322130402313204 0.31017107494438184 0.366607621032486
9 242.0 0.0 -1.0 -1.0 -1.0 0.0 0.3274752738893816 0.3208506142741935 0.35167411183642505
9 243.0 0.0 -1.0 -1.0 -1.0 0.0 0.32723222205425195 0.3273390678736107 0.34542871007213727
9 244.0 0.0 -1.0 -1.0 -1.0 0.0 0.32189686189496974 0.3448734545754377 0.3332296835295926
9 245.0 0.0 -1.0 -1.0 -1.0 0.0 0.3371612872988129 0.31791264012118925 0.3449260725799979
9 246.0 0.0 -1.0 -1.0 -1.0 0.0 0.35387716192034735 0.3022286938857494 0.3438941441939031
9 247.0 0.0 -1.0 -1.0 -1.0 0.0 0.3235137767414018 0.3243491144515246 0.3521371088070736
9 248.0 0.0 -1.0 -1.0 -1.0 0.0 0.3446158970710467 0.3043113321758123 0.3510727707531409
9 249.0 0.0 -1.0 -1.0 -1.0 0.0 0.31018802073765467 0.3298252904395555 0.35998668882278984
9 250.0 0.0 -1.0 -1.0 -1.0 0.0 0.3430407737492627 0.33356038431848684 0.32339884193225055
9 251.0 0.0 -1.0 -1.0 -1.0 0.0 0.3365770670866639 0.3355856481434939 0.32783728476984214
9 252.0 0.0 -1.0 -1.0 -1.0 0.0 0.34450818187286236 0.3197660928849107 0.3357257252422269
9 253.0 0.0 -1.0 -1.0 -1.0 0.0 0.3357374076562462 0.2963840592224626 0.3678785331212911
9 254.0 0.0 -1.0 -1.0 -1.0 0.0 0.3218624124382748 0.32116184678727544 0.3569757407744498
9 255.0 0.0 -1.0 -1.0 -1.0 0.0 0.33732780606167045 0.2762433690710251 0.3864288248673041
9 256.0 0.0 -1.0 -1.0 -1.0 0.0 0.3185692062266375 0.3014413398927977 0.37998945388056504
9 257.0 0.0 -1.0 -1.0 -1.0 0.0 0.3154902948432526 0.3053314310087922 0.37917827414795524
9 258.0 0.0 -1.0 -1.0 -1.0 0.0 0.3035100087496989 0.3299965785390858 0.36649341271121527
9 259.0 0.0 -1.0 -1.0 -1.0 0.0 0.30378117999422816 0.36061474584396613 0.3356040741618056
9 260.0 0.0 -1.0 -1.0 -1.0 0.0 0.2922502984265488 0.3629585012338135 0.3447912003396377
9 261.0 0.0 -1.0 -1.0 -1.0 0.0 0.2987228713555757 0.36250767781071075 0.33876945083371346
9 262.0 0.0 -1.0 -1.0 -1.0 0.0 0.30262417684643395 0.36382792461008956 0.33354789854347694
9 263.0 0.0 -1.0 -1.0 -1.0 0.0 0.3074891581858797 0.37116096362466067 0.3213498781894596
9 264.0 0.0 -1.0 -1.0 -1.0 0.0 0.30558648421410534 0.34803197415774806 0.34638154162814666
9 265.0 0.0 -1.0 -1.0 -1.0 0.0 0.3145926800130638 0.342131469489856 0.3432758504970799
9 266.0 0.0 -1.0 -1.0 -1.0 0.0 0.34141920482982335 0.33885852813353273 0.3197222670366437
9 267.0 0.0 -1.0 -1.0 -1.0 0.0 0.3359377877369071 0.34014327273361156 0.3239189395294813
9 268.0 0.0 -1.0 -1.0 -1.0 0.0 0.3387734459620254 0.3413199531460359 0.3199066008919388
9 269.0 0.0 -1.0 -1.0 -1.0 0.0 0.33426318477137423 0.3311591593503245 0.33457765587830124
9 270.0 0.0 -1.0 -1.0 -1.0 0.0 0.35338022934039226 0.29612570240150193 0.3504940682581058
9 271.0 0.0 -1.0 -1.0 -1.0 0.0 0.3417353360778131 0.3082213373566231 0.35004332656556364
9 272.0 0.0 -1.0 -1.0 -1.0 0.0 0.3372864410143314 0.308636664857054 0.3540768941286148
9 273.0 0.0 -1.0 -1.0 -1.0 0.0 0.3369563018615663 0.3197479125610755 0.343295785577358
9 274.0 0.0 -1.0 -1.0 -1.0 0.0 0.32745965563333657 0.33713361478732345 0.33540672957933987
9 275.0 0.0 -1.0 -1.0 -1.0 0.0 0.36910958910651037 0.3083904373318594 0.32249997356163024
9 276.0 0.0 -1.0 -1.0 -1.0 0.0 0.36256930836932816 0.31857609856929603 0.31885459306137576
9 277.0 0.0 -1.0 -1.0 -1.0 0.0 0.34120063361693603 0.3368333185189212 0.3219660478641427
9 278.0 0.0 -1.0 -1.0 -1.0 0.0 0.3344710745726395 0.31704229255994515 0.3484866328674152
9 279.0 0.0 -1.0 -1.0 -1.0 0.0 0.35122429419128687 0.31065871083933283 0.33811699496938025
9 280.0 0.0 -1.0 -1.0 -1.0 0.0 0.34800454826188676 0.34125545258556594 0.3107399991525473
9 281.0 0.0 -1.0 -1.0 -1.0 0.0 0.3006011780878607 0.37877445799039977 0.32062436392173926
9 282.0 0.0 -1.0 -1.0 -1.0 0.0 0.294130204105451 0.38738657950387045 0.31848321639067895
9 283.0 0.0 -1.0 -1.0 -1.0 0.0 0.31364911656867167 0.3811980486587238 0.3051528347726045
9 284.0 0.0 -1.0 -1.0 -1.0 0.0 0.321575967645916 0.35300585541979457 0.32541817693428954
9 285.0 0.0 -1.0 -1.0 -1.0 0.0 0.32665651646965066 0.3581974207740736 0.3151460627562756
9 286.0 0.0 -1.0 -1.0 -1.0 0.0 0.3396257438593178 0.3439515895712746 0.31642266656940793
9 287.0 0.0 -1.0 -1.0 -1.0 0.0 0.34655538523353363 0.3110696879254115 0.3423749268410549
9 288.0 0.0 -1.0 -1.0 -1.0 0.0 0.35519549053959293 0.2961855498995262 0.3486189595608807
9 289.0 0.0 -1.0 -1.0 -1.0 0.0 0.3571889169248637 0.29523937240984655 0.34757171066528963
9 290.0 0.0 -1.0 -1.0 -1.0 0.0 0.37332417011257335 0.2753739226151744 0.35130190727225247
9 291.0 0.0 -1.0 -1.0 -1.0 0.0 0.35903136231997107 0.27814091247714434 0.3628277252028845
9 292.0 0.0 -1.0 -1.0 -1.0 0.0 0.3533310483119783 0.278685752276975 0.36798319941104657
9 293.0 0.0 -1.0 -1.0 -1.0 0.0 0.34496634913972524 0.28187072669382723 0.3731629241664476
9 294.0 0.0 -1.0 -1.0 -1.0 0.0 0.372978377696722 0.2849653938816592 0.3420562284216188
9 295.0 0.0 -1.0 -1.0 -1.0 0.0 0.38625939962100475 0.280978102634443 0.3327624977445521
9 296.0 0.0 -1.0 -1.0 -1.0 0.0 0.40134709236902166 0.30269797351500083 0.29595493411597756
9 297.0 0.0 -1.0 -1.0 -1.0 0.0 0.3893313341776763 0.30281711992011723 0.3078515459022065
9 298.0 0.0 -1.0 -1.0 -1.0 0.0 0.3758417912885123 0.3043219920235406 0.31983621668794704
9 299.0 0.0 -1.0 -1.0 -1.0 0.0 0.35554839947897554 0.3147363037278907 0.3297152967931336
9 300.0 0.0 -1.0 -1.0 -1.0 0.0 0.3666019434968616 0.3137985815054603 0.3195994749976784
9 301.0 0.0 -1.0 -1.0 -1.0 0.0 0.34192175534162766 0.35160437008818407 0.30647387457018865
9 302.0 0.0 -1.0 -1.0 -1.0 0.0 0.33918582867094993 0.33487992513642856 0.32593424619262146
9 303.0 0.0 -1.0 -1.0 -1.0 0.0 0.33306375095951574 0.33917976053413007 0.32775648850635414
9 304.0 0.0 -1.0 -1.0 -1.0 0.0 0.30858823956513437 0.3617487170827753 0.32966304335209023
9 305.0 0.0 -1.0 -1.0 -1.0 0.0 0.3244764513017533 0.3397555559262134 0.33576799277203323
9 306.0 0.0 -1.0 -1.0 -1.0 0.0 0.33379933559626646 0.30500096330921506 0.3611997010945187
9 307.0 0.0 -1.0 -1.0 -1.0 0.0 0.3410572199315861 0.31530526772119455 0.3436375123472194
9 308.0 0.0 -1.0 -1.0 -1.0 0.0 0.3499575116804274 0.32015372646533974 0.32988876185423266
9 309.0 0.0 -1.0 -1.0 -1.0 0.0 0.3601403549745308 0.35101429446534943 0.28884535056011973
9 310.0 0.0 -1.0 -1.0 -1.0 0.0 0.3335951585780284 0.35531680676575483 0.31108803465621687
9 311.0 0.0 -1.0 -1.0 -1.0 0.0 0.3271362341741758 0.35261064065279757 0.32025312517302673
9 312.0 0.0 -1.0 -1.0 -1.0 0.0 0.3380689991593026 0.3389567248318712 0.3229742760088263
9 313.0 0.0 -1.0 -1.0 -1.0 0.0 0.32083958807893204 0.3479031937502131 0.3312572181708549
9 314.0 0.0 -1.0 -1.0 -1.0 0.0 0.3259573096072215 0.33590846888528075 0.3381342215074977
9 315.0 0.0 -1.0 -1.0 -1.0 0.0 0.3206766950963316 0.32039367720228745 0.3589296277013812
9 316.0 0.0 -1.0 -1.0 -1.0 0.0 0.34590200414313527 0.33525522736544444 0.31884276849142046
9 317.0 0.0 -1.0 -1.0 -1.0 0.0 0.36343153698563735 0.3370911944559209 0.29947726855844203
9 318.0 0.0 -1.0 -1.0 -1.0 0.0 0.3613642827302004 0.33328675510779104 0.3053489621620087
9 319.0 0.0 -1.0 -1.0 -1.0 0.0 0.33744616068598904 0.3350600538968723 0.3274937854171386
9 320.0 0.0 -1.0 -1.0 -1.0 0.0 0.33234617828651336 0.3274892726113816 0.34016454910210536
9 321.0 0.0 -1.0 -1.0 -1.0 0.0 0.367404440550307 0.30592482390627906 0.32667073554341386
9 322.0 0.0 -1.0 -1.0 -1.0 0.0 0.3643460000142731 0.3073170469689581 0.32833695301676885
9 323.0 0.0 -1.0 -1.0 -1.0 0.0 0.36476603424332305 0.304540346792529 0.3306936189641478
9 324.0 0.0 -1.0 -1.0 -1.0 0.0 0.35978824400987647 0.31722759528042416 0.32298416070969965
9 325.0 0.0 -1.0 -1.0 -1.0 0.0 0.3559734658444521 0.3015650648658175 0.3424614692897303
9 326.0 0.0 -1.0 -1.0 -1.0 0.0 0.3195730955911103 0.32462416234344843 0.3558027420654413
9 327.0 0.0 -1.0 -1.0 -1.0 0.0 0.312646722841358 0.3450381018299071 0.3423151753287347
9 328.0 0.0 -1.0 -1.0 -1.0 0.0 0.34616716354138866 0.3363948483164598 0.31743798814215146
9 329.0 0.0 -1.0 -1.0 -1.0 0.0 0.30907611204156715 0.3348029738558755 0.3561209141025572
9 330.0 0.0 -1.0 -1.0 -1.0 0.0 0.31906559402366247 0.3363150487180884 0.3446193572582491
9 331.0 0.0 -1.0 -1.0 -1.0 0.0 0.3123558288469862 0.3234013285084986 0.36424284264451523
9 332.0 0.0 -1.0 -1.0 -1.0 0.0 0.3508593293841043 0.31811968628365034 0.33102098433224536
9 333.0 0.0 -1.0 -1.0 -1.0 0.0 0.31359091839801734 0.3462404320104131 0.34016864959156945
9 334.0 0.0 -1.0 -1.0 -1.0 0.0 0.31212973085705614 0.34067916798213616 0.347191101160808
9 335.0 0.0 -1.0 -1.0 -1.0 0.0 0.3017785347237831 0.34103672097655235 0.3571847442996645
9 336.0 0.0 -1.0 -1.0 -1.0 0.0 0.3246016766845738 0.3304577466304911 0.3449405766849351
9 337.0 0.0 -1.0 -1.0 -1.0 0.0 0.32527424225057056 0.3060118704228855 0.36871388732654414
9 338.0 0.0 -1.0 -1.0 -1.0 0.0 0.3104357449414585 0.32275354323336763 0.3668107118251737
9 339.0 0.0 -1.0 -1.0 -1.0 0.0 0.33159909089304185 0.32433596334643644 0.34406494576052177
9 340.0 0.0 -1.0 -1.0 -1.0 0.0 0.3322537717622962 0.324889306695277 0.3428569215424268
9 341.0 0.0 -1.0 -1.0 -1.0 0.0 0.3301142193538653 0.3416464285017156 0.32823935214441874
9 342.0 0.0 -1.0 -1.0 -1.0 0.0 0.302484446228631 0.3715765095112642 0.32593904426010484
9 343.0 0.0 -1.0 -1.0 -1.0 0.0 0.3270747336033356 0.3702485910834735 0.30267667531319087
9 344.0 0.0 -1.0 -1.0 -1.0 0.0 0.3387281679905562 0.34739806734982137 0.31387376465962247
9 345.0 0.0 -1.0 -1.0 -1.0 0.0 0.33121438074999915 0.3532135059092514 0.3155721133407496
9 346.0 0.0 -1.0 -1.0 -1.0 0.0 0.33313847771431637 0.35190304071601974 0.3149584815696641
9 347.0 0.0 -1.0 -1.0 -1.0 0.0 0.34861579354931344 0.35357825631608863 0.29780595013459804
9 348.0 0.0 -1.0 -1.0 -1.0 0.0 0.3075635037471662 0.3637859011194168 0.328650595133417
9 349.0 0.0 -1.0 -1.0 -1.0 0.0 0.3051582448969618 0.3578670042111067 0.33697475089193146
9 350.0 0.0 -1.0 -1.0 -1.0 0.0 0.3069362596173808 0.3673243601189809 0.32573938026363825
9 351.0 0.0 -1.0 -1.0 -1.0 0.0 0.29813873164990257 0.38355825967070367 0.318303008679394
9 352.0 0.0 -1.0 -1.0 -1.0 0.0 0.33340554607131906 0.36298860292849 0.303605851000191
9 353.0 0.0 -1.0 -1.0 -1.0 0.0 0.3587193063534573 0.3242193020688765 0.317061391577666
9 354.0 0.0 -1.0 -1.0 -1.0 0.0 0.37380212666530743 0.3290524769842733 0.29714539635041914
9 355.0 0.0 -1.0 -1.0 -1.0 0.0 0.4034088949462397 0.32872981190898815 0.26786129314477225
9 356.0 0.0 -1.0 -1.0 -1.0 0.0 0.39523810649906027 0.33778816166113346 0.26697373183980644
9 357.0 0.0 -1.0 -1.0 -1.0 0.0 0.3888759499449803 0.3362508611248228 0.2748731889301971
9 358.0 0.0 -1.0 -1.0 -1.0 0.0 0.37507508805047024 0.3420376239111444 0.2828872880383852
9 359.0 0.0 -1.0 -1.0 -1.0 0.0 0.3678481180717834 0.3340286368993847 0.2981232450288319
9 360.0 0.0 -1.0 -1.0 -1.0 0.0 0.3414441706418751 0.30587132224212665 0.3526845071159984
9 361.0 0.0 -1.0 -1.0 -1.0 0.0 0.3587404436164075 0.29962675443528647 0.34163280194830586
9 362.0 0.0 -1.0 -1.0 -1.0 0.0 0.3598875800767757 0.31193104973593594 0.32818137018728843
9 363.0 0.0 -1.0 -1.0 -1.0 0.0 0.3640926168368256 0.30868197681353904 0.32722540634963565
9 364.0 0.0 -1.0 -1.0 -1.0 0.0 0.3625063736586713 0.3079772986508126 0.3295163276905161
9 365.0 0.0 -1.0 -1.0 -1.0 0.0 0.3617592251291714 0.3010049505430338 0.3372358243277948
9 366.0 0.0 -1.0 -1.0 -1.0 0.0 0.33995834286641413 0.3204519262493984 0.3395897308841876
9 367.0 0.0 -1.0 -1.0 -1.0 0.0 0.3647294227464052 0.3370191081835305 0.2982514690700642
9 368.0 0.0 -1.0 -1.0 -1.0 0.0 0.3455336288206519 0.32427607483542403 0.3301902963439239
9 369.0 0.0 -1.0 -1.0 -1.0 0.0 0.38712715333898245 0.3130463574624752 0.2998264891985424
9 370.0 0.0 -1.0 -1.0 -1.0 0.0 0.402180943168257 0.31127336625426666 0.2865456905774764
9 371.0 0.0 -1.0 -1.0 -1.0 0.0 0.3655074835394342 0.29662946373409893 0.3378630527264669
9 372.0 0.0 -1.0 -1.0 -1.0 0.0 0.36043620533467374 0.320736213393734 0.3188275812715922
9 373.0 0.0 -1.0 -1.0 -1.0 0.0 0.3650277534754213 0.298080887675759 0.33689135884882
9 374.0 0.0 -1.0 -1.0 -1.0 0.0 0.35950400529839954 0.30020030395611885 0.34029569074548194
9 375.0 0.0 -1.0 -1.0 -1.0 0.0 0.34326392946250506 0.3334327087903038 0.3233033617471912
9 376.0 0.0 -1.0 -1.0 -1.0 0.0 0.3316434432400805 0.3440752146180597 0.32428134214185944
9 377.0 0.0 -1.0 -1.0 -1.0 0.0 0.31399771479049543 0.3630338975173796 0.322968387692125
9 378.0 0.0 -1.0 -1.0 -1.0 0.0 0.35469921441796953 0.35681122636518603 0.28848955921684455
9 379.0 0.0 -1.0 -1.0 -1.0 0.0 0.32861739864384376 0.36143579549123045 0.30994680586492573
9 380.0 0.0 -1.0 -1.0 -1.0 0.0 0.35799633170549233 0.3329698256996725 0.309033842594835
9 381.0 0.0 -1.0 -1.0 -1.0 0.0 0.3553007402489379 0.32517216588777836 0.3195270938632837
9 382.0 0.0 -1.0 -1.0 -1.0 0.0 0.3370715450533798 0.33099433133137424 0.33193412361524627
9 383.0 0.0 -1.0 -1.0 -1.0 0.0 0.32159239074122925 0.2991789440336973 0.3792286652250735
9 384.0 0.0 -1.0 -1.0 -1.0 0.0 0.3329222835973858 0.2978413468975973 0.36923636950501676
9 385.0 0.0 -1.0 -1.0 -1.0 0.0 0.32391726550449024 0.336438014232083 0.33964472026342674
9 386.0 0.0 -1.0 -1.0 -1.0 0.0 0.3193920918310352 0.3398824278878385 0.34072548028112626
9 387.0 0.0 -1.0 -1.0 -1.0 0.0 0.333037046706742 0.33042162924217294 0.3365413240510854
9 388.0 0.0 -1.0 -1.0 -1.0 0.0 0.318780976662564 0.341670214019429 0.33954880931800707
9 389.0 0.0 -1.0 -1.0 -1.0 0.0 0.27104948300196596 0.3457278811416807 0.38322263585635336
9 390.0 0.0 -1.0 -1.0 -1.0 0.0 0.27035820868678057 0.3363104853407033 0.3933313059725161
9 391.0 0.0 -1.0 -1.0 -1.0 0.0 0.2825652465464293 0.3178108514680622 0.3996239019855088
9 392.0 0.0 -1.0 -1.0 -1.0 0.0 0.2742264962688123 0.35067079400039913 0.3751027097307885
9 393.0 0.0 -1.0 -1.0 -1.0 0.0 0.2741460138540346 0.340962453588458 0.3848915325575073
9 394.0 0.0 -1.0 -1.0 -1.0 0.0 0.27538840193201797 0.33430649950804764 0.39030509855993456
9 395.0 0.0 -1.0 -1.0 -1.0 0.0 0.2947066276747564 0.3399930343699099 0.3653003379553336
9 396.0 0.0 -1.0 -1.0 -1.0 0.0 0.2998345284783067 0.36771838711745636 0.3324470844042369
9 397.0 0.0 -1.0 -1.0 -1.0 0.0 0.2959663954838409 0.37251882886722193 0.3315147756489369
9 398.0 0.0 -1.0 -1.0 -1.0 0.0 0.30347268674815026 0.368808543809773 0.3277187694420769
9 399.0 0.0 -1.0 -1.0 -1.0 0.0 0.2995454261536343 0.36769560188952255 0.33275897195684306
9 400.0 0.0 -1.0 -1.0 -1.0 0.0 0.2853816091169978 0.36137867975544885 0.35323971112755337
9 401.0 0.0 -1.0 -1.0 -1.0 0.0 0.2763553745579605 0.3369372940101165 0.3867073314319229
9 402.0 0.0 -1.0 -1.0 -1.0 0.0 0.3001905643926128 0.34653221743539747 0.35327721817198987
9 403.0 0.0 -1.0 -1.0 -1.0 0.0 0.307650123364496 0.3403389552875681 0.3520109213479359
9 404.0 0.0 -1.0 -1.0 -1.0 0.0 0.28993343503637686 0.3534893789153776 0.35657718604824573
9 405.0 0.0 -1.0 -1.0 -1.0 0.0 0.28421108917101295 0.36191528431952585 0.353873626509461
9 406.0 0.0 -1.0 -1.0 -1.0 0.0 0.29655552191481716 0.3247328526333927 0.37871162545179005
9 407.0 0.0 -1.0 -1.0 -1.0 0.0 0.319474061262048 0.30162281205019775 0.378903126687754
9 408.0 0.0 -1.0 -1.0 -1.0 0.0 0.328351678515436 0.3095721458113284 0.3620761756732355
9 409.0 0.0 -1.0 -1.0 -1.0 0.0 0.3259167740851226 0.31017570394606664 0.3639075219688104
9 410.0 0.0 -1.0 -1.0 -1.0 0.0 0.3261146538758117 0.31611986833295236 0.3577654777912362
9 411.0 0.0 -1.0 -1.0 -1.0 0.0 0.3436854720589123 0.3416142219512219 0.31470030598986565
9 412.0 0.0 -1.0 -1.0 -1.0 0.0 0.3248014635870027 0.35486060690496557 0.32033792950803175
9 413.0 0.0 -1.0 -1.0 -1.0 0.0 0.33407305659320863 0.34920826612056133 0.3167186772862303
9 414.0 0.0 -1.0 -1.0 -1.0 0.0 0.3347675202601062 0.3523052151783216 0.3129272645615721
9 415.0 0.0 -1.0 -1.0 -1.0 0.0 0.32627875439241527 0.3696957815937274 0.3040254640138573
9 416.0 0.0 -1.0 -1.0 -1.0 0.0 0.31198535538265154 0.3726012500920477 0.3154133945253007
9 417.0 0.0 -1.0 -1.0 -1.0 0.0 0.34275296662767746 0.3654165553365334 0.2918304780357893
9 418.0 0.0 -1.0 -1.0 -1.0 0.0 0.361418691116678 0.33514541208191045 0.30343589680141164
9 419.0 0.0 -1.0 -1.0 -1.0 0.0 0.3987040970167603 0.3186330748232225 0.28266282816001703
9 420.0 0.0 -1.0 -1.0 -1.0 0.0 0.3781741053173602 0.3112649130085382 0.3105609816741015
9 421.0 0.0 -1.0 -1.0 -1.0 0.0 0.33982411815678654 0.3339435935172637 0.32623228832595
9 422.0 0.0 -1.0 -1.0 -1.0 0.0 0.34986038808619085 0.3368141468270239 0.3133254650867854
9 423.0 0.0 -1.0 -1.0 -1.0 0.0 0.3110016553890284 0.3641629753890967 0.3248353692218751
9 424.0 0.0 -1.0 -1.0 -1.0 0.0 0.3438443470093045 0.3597648081111969 0.2963908448794987
9 425.0 0.0 -1.0 -1.0 -1.0 0.0 0.3296703534706984 0.36476850533895655 0.3055611411903449
9 426.0 0.0 -1.0 -1.0 -1.0 0.0 0.31936248723269345 0.34386620406470425 0.336771308702602
9 427.0 0.0 -1.0 -1.0 -1.0 0.0 0.3106679036979219 0.340538340392557 0.34879375590952116
9 428.0 0.0 -1.0 -1.0 -1.0 0.0 0.2995627192031861 0.34672934839544284 0.3537079324013714
9 429.0 0.0 -1.0 -1.0 -1.0 0.0 0.3094266322934773 0.35028243124983 0.3402909364566925
9 430.0 0.0 -1.0 -1.0 -1.0 0.0 0.3169084373246331 0.35489180832333067 0.32819975435203635
9 431.0 0.0 -1.0 -1.0 -1.0 0.0 0.30417126416718515 0.36907550733752664 0.32675322849528826
9 432.0 0.0 -1.0 -1.0 -1.0 0.0 0.29680028137532016 0.3417757367329641 0.36142398189171615
9 433.0 0.0 -1.0 -1.0 -1.0 0.0 0.2902708128730575 0.3521076819975223 0.35762150512942026
9 434.0 0.0 -1.0 -1.0 -1.0 0.0 0.2932022383901144 0.34867669938424656 0.358121062225639
9 435.0 0.0 -1.0 -1.0 -1.0 0.0 0.29099593296713194 0.37704207841326215 0.33196198861960574
9 436.0 0.0 -1.0 -1.0 -1.0 0.0 0.2972563434551103 0.34443330424019286 0.35831035230469693
9 437.0 0.0 -1.0 -1.0 -1.0 0.0 0.30960248865976114 0.3757950245970466 0.3146024867431922
9 438.0 0.0 -1.0 -1.0 -1.0 0.0 0.2983181601705306 0.387441183963128 0.3142406558663415
9 439.0 0.0 -1.0 -1.0 -1.0 0.0 0.3203629003472435 0.37632138740929216 0.303315712243464
9 440.0 0.0 -1.0 -1.0 -1.0 0.0 0.3358689539651455 0.37013343834054857 0.29399760769430566
9 441.0 0.0 -1.0 -1.0 -1.0 0.0 0.348355573134689 0.3581207190361134 0.2935237078291975
9 442.0 0.0 -1.0 -1.0 -1.0 0.0 0.3305979609211792 0.37531398728064436 0.2940880517981761
9 443.0 0.0 -1.0 -1.0 -1.0 0.0 0.3143089175065831 0.38171533626111603 0.3039757462323006
9 444.0 0.0 -1.0 -1.0 -1.0 0.0 0.31116842770100367 0.3844250112114381 0.30440656108755837
9 445.0 0.0 -1.0 -1.0 -1.0 0.0 0.35720863025223126 0.36978092387109984 0.2730104458766689
9 446.0 0.0 -1.0 -1.0 -1.0 0.0 0.34271541876600126 0.35945152185989065 0.2978330593741082
9 447.0 0.0 -1.0 -1.0 -1.0 0.0 0.36771607856715155 0.3277872927947274 0.3044966286381211
9 448.0 0.0 -1.0 -1.0 -1.0 0.0 0.3633851034699464 0.327252901206271 0.30936199532378256
9 449.0 0.0 -1.0 -1.0 -1.0 0.0 0.377509054310028 0.3183379455572638 0.3041530001327081
9 450.0 0.0 -1.0 -1.0 -1.0 0.0 0.3445277800081171 0.34987667313385834 0.3055955468580247
9 451.0 0.0 -1.0 -1.0 -1.0 0.0 0.31286909708416477 0.3677523666420786 0.3193785362737567
9 452.0 0.0 -1.0 -1.0 -1.0 0.0 0.30997474324659824 0.3499512777159993 0.3400739790374024
9 453.0 0.0 -1.0 -1.0 -1.0 0.0 0.3275676698138676 0.3297797312217746 0.34265259896435785
9 454.0 0.0 -1.0 -1.0 -1.0 0.0 0.3442446724462885 0.31470952484437176 0.3410458027093399
9 455.0 0.0 -1.0 -1.0 -1.0 0.0 0.3412119627884101 0.31562766369984496 0.3431603735117447
9 456.0 0.0 -1.0 -1.0 -1.0 0.0 0.3318387526087424 0.27994867623723013 0.38821257115402746
9 457.0 0.0 -1.0 -1.0 -1.0 0.0 0.35330267560967143 0.31162359302507453 0.33507373136525387
9 458.0 0.0 -1.0 -1.0 -1.0 0.0 0.3399201299415281 0.32909666367406737 0.3309832063844048
9 459.0 0.0 -1.0 -1.0 -1.0 0.0 0.3306794612937757 0.3575143078684829 0.3118062308377416
9 460.0 0.0 -1.0 -1.0 -1.0 0.0 0.3458738905773611 0.36271586908315584 0.2914102403394833
9 461.0 0.0 -1.0 -1.0 -1.0 0.0 0.3430744669037469 0.36028563790291585 0.2966398951933371
9 462.0 0.0 -1.0 -1.0 -1.0 0.0 0.3460365334602776 0.34534840998407773 0.3086150565556446
9 463.0 0.0 -1.0 -1.0 -1.0 0.0 0.33609977055495494 0.33582745313719975 0.3280727763078454
9 464.0 0.0 -1.0 -1.0 -1.0 0.0 0.3416126350325386 0.34915043483064956 0.3092369301368119
9 465.0 0.0 -1.0 -1.0 -1.0 0.0 0.34157553510985345 0.34888704461228975 0.3095374202778569
9 466.0 0.0 -1.0 -1.0 -1.0 0.0 0.31322884992992267 0.3650455505268948 0.32172559954318247
9 467.0 0.0 -1.0 -1.0 -1.0 0.0 0.28133227102737746 0.37288354447199556 0.34578418450062687
9 468.0 0.0 -1.0 -1.0 -1.0 0.0 0.2778855620679569 0.3607647522504928 0.36134968568155024
9 469.0 0.0 -1.0 -1.0 -1.0 0.0 0.30156807051316686 0.3738489964762738 0.32458293301055924
9 470.0 0.0 -1.0 -1.0 -1.0 0.0 0.3161336009936448 0.33520769390768557 0.34865870509866953
9 471.0 0.0 -1.0 -1.0 -1.0 0.0 0.32351105065843927 0.34516648525952726 0.3313224640820336
9 472.0 0.0 -1.0 -1.0 -1.0 0.0 0.3276943770427581 0.33418823875949066 0.3381173841977512
9 473.0 0.0 -1.0 -1.0 -1.0 0.0 0.3329975076071053 0.3220262772359355 0.34497621515695903
9 474.0 0.0 -1.0 -1.0 -1.0 0.0 0.3057537973451792 0.36287563156971464 0.33137057108510587
9 475.0 0.0 -1.0 -1.0 -1.0 0.0 0.3142099541435742 0.32806380125247264 0.3577262446039529
9 476.0 0.0 -1.0 -1.0 -1.0 0.0 0.3097382158282599 0.3248928066739477 0.3653689774977924
9 477.0 0.0 -1.0 -1.0 -1.0 0.0 0.3232778330317263 0.33623672671663085 0.34048544025164285
9 478.0 0.0 -1.0 -1.0 -1.0 0.0 0.3349403763628679 0.35525941575635067 0.30980020788078133
9 479.0 0.0 -1.0 -1.0 -1.0 0.0 0.31035750478111745 0.35498802026401566 0.33465447495486683
9 480.0 0.0 -1.0 -1.0 -1.0 0.0 0.30843902006166357 0.38048237403523827 0.31107860590309816
9 481.0 0.0 -1.0 -1.0 -1.0 0.0 0.3104547411997437 0.3680797165127938 0.32146554228746227
9 482.0 0.0 -1.0 -1.0 -1.0 0.0 0.33340729487652 0.3596263844724262 0.306966320651054
9 483.0 0.0 -1.0 -1.0 -1.0 0.0 0.3278579177632936 0.34732666588170213 0.3248154163550038
9 484.0 0.0 -1.0 -1.0 -1.0 0.0 0.3038722548192676 0.367832070564197 0.3282956746165351
9 485.0 0.0 -1.0 -1.0 -1.0 0.0 0.3125029651848483 0.3579937340998763 0.3295033007152752
9 486.0 0.0 -1.0 -1.0 -1.0 0.0 0.3169846049287679 0.36192725240227797 0.321088142668954
9 487.0 0.0 -1.0 -1.0 -1.0 0.0 0.29662222236977254 0.3666966352116053 0.3366811424186221
9 488.0 0.0 -1.0 -1.0 -1.0 0.0 0.32974828751673135 0.36193881187771154 0.30831290060555705
9 489.0 0.0 -1.0 -1.0 -1.0 0.0 0.3574332751224186 0.33743374488856803 0.3051329799890135
9 490.0 0.0 -1.0 -1.0 -1.0 0.0 0.30691084336897956 0.3258033476187681 0.3672858090122523
9 491.0 0.0 -1.0 -1.0 -1.0 0.0 0.2817441956582559 0.3516658204956869 0.3665899838460571
9 492.0 0.0 -1.0 -1.0 -1.0 0.0 0.29818677360345314 0.31461631294280507 0.38719691345374185
9 493.0 0.0 -1.0 -1.0 -1.0 0.0 0.3000062237883128 0.3401211139982363 0.3598726622134508
9 494.0 0.0 -1.0 -1.0 -1.0 0.0 0.3092039362038575 0.36255950065991294 0.32823656313622945
9 495.0 0.0 -1.0 -1.0 -1.0 0.0 0.29219457459145237 0.3644728331056335 0.3433325923029142
9 496.0 0.0 -1.0 -1.0 -1.0 0.0 0.32458680182751215 0.33763512821535685 0.337778069957131
9 497.0 0.0 -1.0 -1.0 -1.0 0.0 0.3110511045121849 0.3447155672991351 0.34423332818867997
9 498.0 0.0 -1.0 -1.0 -1.0 0.0 0.31461460968792127 0.34455803525069434 0.3408273550613844
9 499.0 0.0 -1.0 -1.0 -1.0 0.0 0.31451556171692546 0.35266683231708057 0.332817605965994
9 500.0 0.0 -1.0 -1.0 -1.0 0.0 0.32888420717561756 0.3618472345053365 0.309268558319046
9 501.0 0.0 -1.0 -1.0 -1.0 0.0 0.3435695825848854 0.37544242275087375 0.2809879946642412
9 502.0 0.0 -1.0 -1.0 -1.0 0.0 0.3543931468816459 0.34273565433012165 0.3028711987882325
9 503.0 0.0 -1.0 -1.0 -1.0 0.0 0.3366806034022097 0.3669868194078041 0.2963325771899864
9 504.0 0.0 -1.0 -1.0 -1.0 0.0 0.3256692258908452 0.34612607312551524 0.3282047009836393
9 505.0 0.0 -1.0 -1.0 -1.0 0.0 0.3347051847575348 0.3650783899421156 0.3002164253003493
9 506.0 0.0 -1.0 -1.0 -1.0 0.0 0.34333272934078274 0.3499484247076524 0.3067188459515649
9 507.0 0.0 -1.0 -1.0 -1.0 0.0 0.3418156404625277 0.3519282424453214 0.30625611709215106
9 508.0 0.0 -1.0 -1.0 -1.0 0.0 0.3510608169168972 0.3573207127070034 0.2916184703760994
9 509.0 0.0 -1.0 -1.0 -1.0 0.0 0.3307161458764047 0.36008788939904207 0.3091959647245534
9 510.0 0.0 -1.0 -1.0 -1.0 0.0 0.3417391398081486 0.3418855190725003 0.31637534111935095
9 511.0 0.0 -1.0 -1.0 -1.0 0.0 0.3234611607156851 0.35397842112376354 0.32256041816055125
9 512.0 0.0 -1.0 -1.0 -1.0 0.0 0.31098276664467817 0.348469779693781 0.3405474536615409
9 513.0 0.0 -1.0 -1.0 -1.0 0.0 0.30737495438525053 0.35958871679809107 0.3330363288166584
9 514.0 0.0 -1.0 -1.0 -1.0 0.0 0.33857651523017507 0.3322061852312455 0.32921729953857953
9 515.0 0.0 -1.0 -1.0 -1.0 0.0 0.33216158212644614 0.3445310501856331 0.32330736768792073
9 516.0 0.0 -1.0 -1.0 -1.0 0.0 0.3200526120276126 0.33246744517020765 0.34747994280217964
9 517.0 0.0 -1.0 -1.0 -1.0 0.0 0.3204613355135861 0.3352671602984391 0.3442715041879748
9 518.0 0.0 -1.0 -1.0 -1.0 0.0 0.3344130915989765 0.3428262732498192 0.32276063515120446
9 519.0 0.0 -1.0 -1.0 -1.0 0.0 0.3356049656565322 0.3697107474278873 0.2946842869155803
9 520.0 0.0 -1.0 -1.0 -1.0 0.0 0.3581179876584389 0.3224103863608797 0.31947162598068124
9 521.0 0.0 -1.0 -1.0 -1.0 0.0 0.36884099884633065 0.3024885330316401 0.3286704681220294
9 522.0 0.0 -1.0 -1.0 -1.0 0.0 0.37434661143045317 0.2991398552862282 0.32651353328331867
9 523.0 0.0 -1.0 -1.0 -1.0 0.0 0.37718253748129194 0.3089990833144885 0.31381837920421946
9 524.0 0.0 -1.0 -1.0 -1.0 0.0 0.3413723900566741 0.34602726247157 0.3126003474717558
9 525.0 0.0 -1.0 -1.0 -1.0 0.0 0.34520543579979807 0.3214374455611073 0.3333571186390945
9 526.0 0.0 -1.0 -1.0 -1.0 0.0 0.34041448177564054 0.33778437317636256 0.32180114504799695
9 527.0 0.0 -1.0 -1.0 -1.0 0.0 0.34814061723181244 0.3178238040099368 0.3340355787582508
9 528.0 0.0 -1.0 -1.0 -1.0 0.0 0.3875533640489293 0.3027780066062106 0.30966862934485995
9 529.0 0.0 -1.0 -1.0 -1.0 0.0 0.39982612881603025 0.2982433965200513 0.30193047466391865
9 530.0 0.0 -1.0 -1.0 -1.0 0.0 0.39579281532562793 0.2824727637839474 0.3217344208904246
9 531.0 0.0 -1.0 -1.0 -1.0 0.0 0.36036134280893484 0.2982147000819366 0.34142395710912865
9 532.0 0.0 -1.0 -1.0 -1.0 0.0 0.37171482514624443 0.2961852875678554 0.3320998872859001
9 533.0 0.0 -1.0 -1.0 -1.0 0.0 0.3890909449012423 0.28918791100233 0.3217211440964276
9 534.0 0.0 -1.0 -1.0 -1.0 0.0 0.37119780426722926 0.30654818567994463 0.32225401005282595
9 535.0 0.0 -1.0 -1.0 -1.0 0.0 0.36101724250847256 0.34145545998085636 0.2975272975106712
9 536.0 0.0 -1.0 -1.0 -1.0 0.0 0.3788448963969822 0.3342577959452797 0.2868973076577381
9 537.0 0.0 -1.0 -1.0 -1.0 0.0 0.3799085943735891 0.3140124153155032 0.3060789903109076
9 538.0 0.0 -1.0 -1.0 -1.0 0.0 0.3601552160071178 0.32478752924559495 0.3150572547472876
9 539.0 0.0 -1.0 -1.0 -1.0 0.0 0.3512947601405312 0.3252953326731812 0.32340990718628776
9 540.0 0.0 -1.0 -1.0 -1.0 0.0 0.31912872502305756 0.3288390266331138 0.3520322483438288
9 541.0 0.0 -1.0 -1.0 -1.0 0.0 0.3433412221969212 0.33203881415460706 0.3246199636484717
9 542.0 0.0 -1.0 -1.0 -1.0 0.0 0.34956339957653215 0.3266590943437866 0.3237775060796811
9 543.0 0.0 -1.0 -1.0 -1.0 0.0 0.3608571537103141 0.3212317147636188 0.3179111315260674
9 544.0 0.0 -1.0 -1.0 -1.0 0.0 0.36547939982928307 0.34628203862730467 0.28823856154341226
9 545.0 0.0 -1.0 -1.0 -1.0 0.0 0.3414377961142464 0.3480417356666847 0.31052046821906887
9 546.0 0.0 -1.0 -1.0 -1.0 0.0 0.3441258334187832 0.37234867519119696 0.2835254913900198
9 547.0 0.0 -1.0 -1.0 -1.0 0.0 0.33256314931985365 0.3797242628348023 0.28771258784534426
9 548.0 0.0 -1.0 -1.0 -1.0 0.0 0.33376180276805134 0.3780670396668458 0.28817115756510303
9 549.0 0.0 -1.0 -1.0 -1.0 0.0 0.3556478964009732 0.3482869216529408 0.2960651819460859
9 550.0 0.0 -1.0 -1.0 -1.0 0.0 0.3555828701991908 0.3398484488238765 0.30456868097693274
9 551.0 0.0 -1.0 -1.0 -1.0 0.0 0.3652118609745457 0.3230481609386155 0.31173997808683884
9 552.0 0.0 -1.0 -1.0 -1.0 0.0 0.35475044857855403 0.32634428574975644 0.3189052656716898
9 553.0 0.0 -1.0 -1.0 -1.0 0.0 0.33636707049171677 0.3521934910158507 0.3114394384924324
9 554.0 0.0 -1.0 -1.0 -1.0 0.0 0.33190216033783004 0.33843421614818964 0.3296636235139805
9 555.0 0.0 -1.0 -1.0 -1.0 0.0 0.3392387598069508 0.3447708408449951 0.3159903993480542
9 556.0 0.0 -1.0 -1.0 -1.0 0.0 0.32885736219361084 0.3388456329088203 0.332297004897569
9 557.0 0.0 -1.0 -1.0 -1.0 0.0 0.32127805672635823 0.36172419228540975 0.31699775098823196
9 558.0 0.0 -1.0 -1.0 -1.0 0.0 0.33522324193474007 0.3405659137485465 0.3242108443167133
9 559.0 0.0 -1.0 -1.0 -1.0 0.0 0.3278764930062706 0.35541491296279526 0.3167085940309342
9 560.0 0.0 -1.0 -1.0 -1.0 0.0 0.3318492430765561 0.37002154557848066 0.2981292113449635
9 561.0 0.0 -1.0 -1.0 -1.0 0.0 0.31756581059452216 0.3672209252841104 0.3152132641213673
9 562.0 0.0 -1.0 -1.0 -1.0 0.0 0.3067480903899271 0.37282757331113736 0.32042433629893563
9 563.0 0.0 -1.0 -1.0 -1.0 0.0 0.3355226896860788 0.36444441229357166 0.30003289802034955
9 564.0 0.0 -1.0 -1.0 -1.0 0.0 0.314543299964054 0.3915469578787954 0.2939097421571506
9 565.0 0.0 -1.0 -1.0 -1.0 0.0 0.34795621863760856 0.3661171764692865 0.28592660489310484
9 566.0 0.0 -1.0 -1.0 -1.0 0.0 0.34160251234555494 0.35883964885865133 0.2995578387957934
9 567.0 0.0 -1.0 -1.0 -1.0 0.0 0.3449999601445415 0.3533476826400493 0.30165235721540895
9 568.0 0.0 -1.0 -1.0 -1.0 0.0 0.3522228265272722 0.3316054047600739 0.31617176871265396
9 569.0 0.0 -1.0 -1.0 -1.0 0.0 0.3522899188119144 0.3157468038547572 0.33196327733332837
9 570.0 0.0 -1.0 -1.0 -1.0 0.0 0.35742937076267334 0.32585804459915474 0.3167125846381719
9 571.0 0.0 -1.0 -1.0 -1.0 0.0 0.3497825562095111 0.3260516487299738 0.32416579506051496
9 572.0 0.0 -1.0 -1.0 -1.0 0.0 0.3525624430637977 0.32880797019228214 0.31862958674392
9 573.0 0.0 -1.0 -1.0 -1.0 0.0 0.3630378671466592 0.3013937285160511 0.33556840433728996
9 574.0 0.0 -1.0 -1.0 -1.0 0.0 0.3601191838712306 0.3037861121851144 0.33609470394365504
9 575.0 0.0 -1.0 -1.0 -1.0 0.0 0.3499002963413478 0.2913194975569275 0.35878020610172484
9 576.0 0.0 -1.0 -1.0 -1.0 0.0 0.36792000735071967 0.2745431619035827 0.35753683074569764
9 577.0 0.0 -1.0 -1.0 -1.0 0.0 0.3761382718349621 0.2752384070945189 0.34862332107051885
9 578.0 0.0 -1.0 -1.0 -1.0 0.0 0.33865630813887593 0.2939909511609314 0.3673527407001926
9 579.0 0.0 -1.0 -1.0 -1.0 0.0 0.3396029156857756 0.31276583536451463 0.34763124894970987
9 580.0 0.0 -1.0 -1.0 -1.0 0.0 0.33700784614972545 0.32831611643471553 0.33467603741555896
9 581.0 0.0 -1.0 -1.0 -1.0 0.0 0.3456800680424139 0.33624711712505573 0.3180728148325303
9 582.0 0.0 -1.0 -1.0 -1.0 0.0 0.3449299075628279 0.33182847019972245 0.32324162223745007
9 583.0 0.0 -1.0 -1.0 -1.0 0.0 0.3202203090764726 0.341350143384827 0.3384295475387004
9 584.0 0.0 -1.0 -1.0 -1.0 0.0 0.293309629418696 0.36098881982816267 0.34570155075314163
9 585.0 0.0 -1.0 -1.0 -1.0 0.0 0.3010346947974909 0.36416984949587544 0.3347954557066336
9 586.0 0.0 -1.0 -1.0 -1.0 0.0 0.2982630786308178 0.35429612472916266 0.3474407966400196
9 587.0 0.0 -1.0 -1.0 -1.0 0.0 0.30382116254253494 0.34142651501025795 0.35475232244720734
9 588.0 0.0 -1.0 -1.0 -1.0 0.0 0.3251482451800385 0.30792637468063827 0.3669253801393234
9 589.0 0.0 -1.0 -1.0 -1.0 0.0 0.35247006780231 0.311408758740564 0.3361211734571258
9 590.0 0.0 -1.0 -1.0 -1.0 0.0 0.35126887843114857 0.322431048038837 0.32630007353001456
9 591.0 0.0 -1.0 -1.0 -1.0 0.0 0.3395348166848164 0.3324479520119983 0.32801723130318533
9 592.0 0.0 -1.0 -1.0 -1.0 0.0 0.3335683401371991 0.32871774174461804 0.3377139181181829
9 593.0 0.0 -1.0 -1.0 -1.0 0.0 0.33492835294578177 0.32409937499065644 0.3409722720635619
9 594.0 0.0 -1.0 -1.0 -1.0 0.0 0.33695225059054806 0.3130714700651665 0.3499762793442852
9 595.0 0.0 -1.0 -1.0 -1.0 0.0 0.3289657717075747 0.3239007676256649 0.3471334606667604
9 596.0 0.0 -1.0 -1.0 -1.0 0.0 0.3405598953408855 0.32398170043970786 0.33545840421940654
9 597.0 0.0 -1.0 -1.0 -1.0 0.0 0.3441814829833652 0.33072482439528694 0.32509369262134796
9 598.0 0.0 -1.0 -1.0 -1.0 0.0 0.33760474433051657 0.3354724221693461 0.32692283350013746
9 599.0 0.0 -1.0 -1.0 -1.0 0.0 0.3748846070982379 0.30383258551876685 0.3212828073829951
9 600.0 0.0 -1.0 -1.0 -1.0 0.0 0.3458791601751157 0.3198440355609151 0.3342768042639691
9 601.0 0.0 -1.0 -1.0 -1.0 0.0 0.3387515729222401 0.3386652326975508 0.32258319438020927
9 602.0 0.0 -1.0 -1.0 -1.0 0.0 0.3341262519270311 0.35503557711960326 0.3108381709533657
9 603.0 0.0 -1.0 -1.0 -1.0 0.0 0.296267401331669 0.3681565012579363 0.3355760974103948
9 604.0 0.0 -1.0 -1.0 -1.0 0.0 0.32185693205797167 0.3574695591900972 0.3206735087519311
9 605.0 0.0 -1.0 -1.0 -1.0 0.0 0.33946585191804624 0.3603861844010579 0.3001479636808961
9 606.0 0.0 -1.0 -1.0 -1.0 0.0 0.3290640581788262 0.3678536332385412 0.30308230858263263
9 607.0 0.0 -1.0 -1.0 -1.0 0.0 0.3547617796524708 0.3617494452791034 0.2834887750684258
9 608.0 0.0 -1.0 -1.0 -1.0 0.0 0.34826784377942976 0.3653732533491956 0.2863589028713745
9 609.0 0.0 -1.0 -1.0 -1.0 0.0 0.35526122948351 0.35908511753916195 0.2856536529773276
9 610.0 0.0 -1.0 -1.0 -1.0 0.0 0.3384757766039313 0.34111924205312344 0.32040498134294504
9 611.0 0.0 -1.0 -1.0 -1.0 0.0 0.30771194640993693 0.3518129535015191 0.34047510008854415
9 612.0 0.0 -1.0 -1.0 -1.0 0.0 0.2948621117574504 0.3642341172993191 0.34090377094323043
9 613.0 0.0 -1.0 -1.0 -1.0 0.0 0.3132330092687054 0.3440991585346037 0.34266783219669117
9 614.0 0.0 -1.0 -1.0 -1.0 0.0 0.3160777466096378 0.3268299067514813 0.3570923466388809
9 615.0 0.0 -1.0 -1.0 -1.0 0.0 0.3491341006272164 0.30800630385119976 0.34285959552158374
9 616.0 0.0 -1.0 -1.0 -1.0 0.0 0.3334534047819389 0.33899253300912663 0.32755406220893446
9 617.0 0.0 -1.0 -1.0 -1.0 0.0 0.32903034043631474 0.337501169833164 0.33346848973052134
9 618.0 0.0 -1.0 -1.0 -1.0 0.0 0.34271282975543005 0.3112630708758211 0.34602409936874884
9 619.0 0.0 -1.0 -1.0 -1.0 0.0 0.2977632125500257 0.32503452581293374 0.3772022616370407
9 620.0 0.0 -1.0 -1.0 -1.0 0.0 0.3116119234278462 0.3142939041803324 0.3740941723918214
9 621.0 0.0 -1.0 -1.0 -1.0 0.0 0.30133629574484866 0.34433564837460606 0.35432805588054533
9 622.0 0.0 -1.0 -1.0 -1.0 0.0 0.3030144377123717 0.3571891811827302 0.3397963811048983
9 623.0 0.0 -1.0 -1.0 -1.0 0.0 0.3138604086513403 0.3304972305173645 0.3556423608312953
9 624.0 0.0 -1.0 -1.0 -1.0 0.0 0.2989692127171502 0.34091189600321975 0.3601188912796301
9 625.0 0.0 -1.0 -1.0 -1.0 0.0 0.32167559538818813 0.3203315868391974 0.3579928177726145
9 626.0 0.0 -1.0 -1.0 -1.0 0.0 0.303076702196875 0.3238121827166704 0.3731111150864549
9 627.0 0.0 -1.0 -1.0 -1.0 0.0 0.31650294726650163 0.30753490534917277 0.3759621473843256
9 628.0 0.0 -1.0 -1.0 -1.0 0.0 0.34321588712274936 0.31759747629928464 0.3391866365779659
9 629.0 0.0 -1.0 -1.0 -1.0 0.0 0.352502095122303 0.32862800777197143 0.3188698971057254
9 630.0 0.0 -1.0 -1.0 -1.0 0.0 0.3524285644794023 0.3381784914119777 0.3093929441086202
9 631.0 0.0 -1.0 -1.0 -1.0 0.0 0.34211768295486217 0.3242000236454499 0.33368229339968797
9 632.0 0.0 -1.0 -1.0 -1.0 0.0 0.32558107227670596 0.33066398174345385 0.34375494597984013
9 633.0 0.0 -1.0 -1.0 -1.0 0.0 0.3561105026180135 0.3238160009699073 0.32007349641207894
9 634.0 0.0 -1.0 -1.0 -1.0 0.0 0.36265383033659937 0.3342401536813583 0.30310601598204245
9 635.0 0.0 -1.0 -1.0 -1.0 0.0 0.3582467867092922 0.32242257040253863 0.3193306428881694
9 636.0 0.0 -1.0 -1.0 -1.0 0.0 0.3705186080404641 0.3267090622671694 0.30277232969236645
9 637.0 0.0 -1.0 -1.0 -1.0 0.0 0.3629578654379609 0.33931324034587645 0.29772889421616217
9 638.0 0.0 -1.0 -1.0 -1.0 0.0 0.3796113845324338 0.30169849942359045 0.3186901160439756
9 639.0 0.0 -1.0 -1.0 -1.0 0.0 0.372289781871173 0.31107966956953736 0.31663054855928957
9 640.0 0.0 -1.0 -1.0 -1.0 0.0 0.34460547303797173 0.3290360780843152 0.32635844887771315
9 641.0 0.0 -1.0 -1.0 -1.0 0.0 0.3339563411795342 0.31233845588060694 0.3537052029398591
9 642.0 0.0 -1.0 -1.0 -1.0 0.0 0.3262123441219942 0.3132225727647736 0.3605650831132322
9 643.0 0.0 -1.0 -1.0 -1.0 0.0 0.33413978660081184 0.31660743378348044 0.34925277961570783
9 644.0 0.0 -1.0 -1.0 -1.0 0.0 0.33097951057691366 0.30424663436086136 0.36477385506222487
9 645.0 0.0 -1.0 -1.0 -1.0 0.0 0.29288702252646925 0.3252862845518002 0.38182669292173044
9 646.0 0.0 -1.0 -1.0 -1.0 0.0 0.2939785574734717 0.32842454863572856 0.3775968938907994
9 647.0 0.0 -1.0 -1.0 -1.0 0.0 0.3032263997786846 0.3446141069745117 0.3521594932468035
9 648.0 0.0 -1.0 -1.0 -1.0 0.0 0.31567226877156884 0.3329657387810601 0.35136199244737104
9 649.0 0.0 -1.0 -1.0 -1.0 0.0 0.33362970612046633 0.3311618159626736 0.33520847791686015
9 650.0 0.0 -1.0 -1.0 -1.0 0.0 0.3087103315461187 0.3557764294554833 0.3355132389983979
9 651.0 0.0 -1.0 -1.0 -1.0 0.0 0.28201959080177064 0.3763863701114679 0.3415940390867614
9 652.0 0.0 -1.0 -1.0 -1.0 0.0 0.29450473509562314 0.3699305179896147 0.3355647469147621
9 653.0 0.0 -1.0 -1.0 -1.0 0.0 0.2779580623045909 0.3984547525142287 0.32358718518118046
9 654.0 0.0 -1.0 -1.0 -1.0 0.0 0.30273637824696153 0.3638831262435486 0.3333804955094898
9 655.0 0.0 -1.0 -1.0 -1.0 0.0 0.3175317178065394 0.3427351651238728 0.3397331170695877
9 656.0 0.0 -1.0 -1.0 -1.0 0.0 0.30000961106919566 0.36544015159112836 0.3345502373396761
9 657.0 0.0 -1.0 -1.0 -1.0 0.0 0.32247109148961217 0.3666512267373752 0.31087768177301284
9 658.0 0.0 -1.0 -1.0 -1.0 0.0 0.33402604921572165 0.3478328307711993 0.31814112001307904
9 659.0 0.0 -1.0 -1.0 -1.0 0.0 0.3321633654306976 0.34527783047157706 0.32255880409772525
9 660.0 0.0 -1.0 -1.0 -1.0 0.0 0.31782988978444504 0.34276985138677857 0.33940025882877634
9 661.0 0.0 -1.0 -1.0 -1.0 0.0 0.34447865867667893 0.3200677328558406 0.3354536084674807
9 662.0 0.0 -1.0 -1.0 -1.0 0.0 0.33210348808963763 0.318590685640111 0.3493058262702513
9 663.0 0.0 -1.0 -1.0 -1.0 0.0 0.330999229013698 0.3127469057985326 0.35625386518776936
9 664.0 0.0 -1.0 -1.0 -1.0 0.0 0.353727060502027 0.3183549747427332 0.3279179647552394
9 665.0 0.0 -1.0 -1.0 -1.0 0.0 0.34684137559667433 0.3053541274059809 0.34780449699734534
9 666.0 0.0 -1.0 -1.0 -1.0 0.0 0.33523736799898196 0.3108955471426196 0.3538670848583987
9 667.0 0.0 -1.0 -1.0 -1.0 0.0 0.33545312904485264 0.2887203538404163 0.3758265171147313
9 668.0 0.0 -1.0 -1.0 -1.0 0.0 0.34283856821891767 0.26605452932150425 0.3911069024595782
9 669.0 0.0 -1.0 -1.0 -1.0 0.0 0.34970948590258744 0.27677618507202584 0.37351432902538656
9 670.0 0.0 -1.0 -1.0 -1.0 0.0 0.31663276187506373 0.27714648435469835 0.40622075377023803
9 671.0 0.0 -1.0 -1.0 -1.0 0.0 0.3213817304619709 0.27382017072178044 0.40479809881624873
9 672.0 0.0 -1.0 -1.0 -1.0 0.0 0.32822570800873274 0.2924472612757734 0.37932703071549406
9 673.0 0.0 -1.0 -1.0 -1.0 0.0 0.3328590393603166 0.29401515205728157 0.37312580858240174
9 674.0 0.0 -1.0 -1.0 -1.0 0.0 0.3424995389015133 0.2777368697652871 0.3797635913331996
9 675.0 0.0 -1.0 -1.0 -1.0 0.0 0.32092643947504096 0.2844478397351791 0.3946257207897797
9 676.0 0.0 -1.0 -1.0 -1.0 0.0 0.3178179995281603 0.29006924618636076 0.3921127542854789
9 677.0 0.0 -1.0 -1.0 -1.0 0.0 0.31887293249612403 0.33087501600691077 0.35025205149696503
9 678.0 0.0 -1.0 -1.0 -1.0 0.0 0.29008747225512826 0.362919782876441 0.3469927448684308
9 679.0 0.0 -1.0 -1.0 -1.0 0.0 0.30982787566908615 0.3644778086331953 0.32569431569771856
9 680.0 0.0 -1.0 -1.0 -1.0 0.0 0.29286742049984266 0.38102796947728207 0.32610461002287544
9 681.0 0.0 -1.0 -1.0 -1.0 0.0 0.31526491200034196 0.36153670056355436 0.3231983874361037
9 682.0 0.0 -1.0 -1.0 -1.0 0.0 0.3235719447809499 0.34287469454062797 0.3335533606784223
9 683.0 0.0 -1.0 -1.0 -1.0 0.0 0.3393636520757757 0.32349593865879 0.33714040926543426
9 684.0 0.0 -1.0 -1.0 -1.0 0.0 0.3339114240058842 0.3356723332104744 0.33041624278364123
9 685.0 0.0 -1.0 -1.0 -1.0 0.0 0.3372349735998252 0.3188753244779256 0.34388970192224927
9 686.0 0.0 -1.0 -1.0 -1.0 0.0 0.3137560316589516 0.3498863166288605 0.33635765171218823
9 687.0 0.0 -1.0 -1.0 -1.0 0.0 0.31681153635172343 0.348186963480079 0.33500150016819746
9 688.0 0.0 -1.0 -1.0 -1.0 0.0 0.32810600824091596 0.34721812279048236 0.3246758689686018
9 689.0 0.0 -1.0 -1.0 -1.0 0.0 0.33973475231272277 0.34636069359748395 0.3139045540897934
9 690.0 0.0 -1.0 -1.0 -1.0 0.0 0.3826231312649604 0.33198791063254546 0.2853889581024942
9 691.0 0.0 -1.0 -1.0 -1.0 0.0 0.38895141622308954 0.3361884465260293 0.2748601372508814
9 692.0 0.0 -1.0 -1.0 -1.0 0.0 0.37702918561679577 0.33090077829990333 0.29207003608330084
9 693.0 0.0 -1.0 -1.0 -1.0 0.0 0.3452684034998945 0.35488527190491126 0.2998463245951941
9 694.0 0.0 -1.0 -1.0 -1.0 0.0 0.3554439020594242 0.34248374757919015 0.30207235036138547
9 695.0 0.0 -1.0 -1.0 -1.0 0.0 0.3738795082935175 0.3088267469420656 0.31729374476441696
9 696.0 0.0 -1.0 -1.0 -1.0 0.0 0.3627640968308241 0.3163703236440556 0.3208655795251203
9 697.0 0.0 -1.0 -1.0 -1.0 0.0 0.3370096704381442 0.31187507894223265 0.3511152506196231
9 698.0 0.0 -1.0 -1.0 -1.0 0.0 0.3475309239477087 0.3101414755124922 0.3423276005397989
9 699.0 0.0 -1.0 -1.0 -1.0 0.0 0.3379390788726085 0.29909646300941184 0.3629644581179796
9 700.0 0.0 -1.0 -1.0 -1.0 0.0 0.33370627818560517 0.3090636788454601 0.35723004296893457
9 701.0 0.0 -1.0 -1.0 -1.0 0.0 0.3530723209218495 0.29856935544521085 0.34835832363293967
9 702.0 0.0 -1.0 -1.0 -1.0 0.0 0.3425787684409375 0.3256721272495109 0.33174910430955157
9 703.0 0.0 -1.0 -1.0 -1.0 0.0 0.34188725685389704 0.3336238078105277 0.3244889353355754
9 704.0 0.0 -1.0 -1.0 -1.0 0.0 0.32116332133504316 0.3651124547796549 0.3137242238853019
9 705.0 0.0 -1.0 -1.0 -1.0 0.0 0.32609205726320944 0.37139211195077537 0.3025158307860154
9 706.0 0.0 -1.0 -1.0 -1.0 0.0 0.3325786562769958 0.37470812168724266 0.29271322203576156
9 707.0 0.0 -1.0 -1.0 -1.0 0.0 0.37045073356445224 0.32111504546012737 0.30843422097542084
9 708.0 0.0 -1.0 -1.0 -1.0 0.0 0.36146110631241996 0.3308185528527465 0.3077203408348334
9 709.0 0.0 -1.0 -1.0 -1.0 0.0 0.3571259547341468 0.3222021971318618 0.3206718481339913
9 710.0 0.0 -1.0 -1.0 -1.0 0.0 0.3688545467638147 0.33900997208460304 0.2921354811515823
9 711.0 0.0 -1.0 -1.0 -1.0 0.0 0.3512847321684258 0.3392400206411551 0.30947524719041913
9 712.0 0.0 -1.0 -1.0 -1.0 0.0 0.3375973034713729 0.32506026751898626 0.33734242900964084
9 713.0 0.0 -1.0 -1.0 -1.0 0.0 0.3356743993313465 0.3416058826900585 0.3227197179785953
9 714.0 0.0 -1.0 -1.0 -1.0 0.0 0.31983568021053904 0.36581088630863945 0.3143534334808215
9 715.0 0.0 -1.0 -1.0 -1.0 0.0 0.315922339959878 0.3677541375874269 0.31632352245269507
9 716.0 0.0 -1.0 -1.0 -1.0 0.0 0.32575556310509635 0.381041516951955 0.29320291994294834
9 717.0 0.0 -1.0 -1.0 -1.0 0.0 0.33511476483134517 0.3561415222707394 0.30874371289791563
9 718.0 0.0 -1.0 -1.0 -1.0 0.0 0.35207775557242466 0.32939755090018197 0.3185246935273936
9 719.0 0.0 -1.0 -1.0 -1.0 0.0 0.344741258775904 0.3254097604078773 0.3298489808162184
9 720.0 0.0 -1.0 -1.0 -1.0 0.0 0.32685550786284007 0.3114972585668107 0.361647233570349
9 721.0 0.0 -1.0 -1.0 -1.0 0.0 0.3247411649606045 0.32363212075997827 0.35162671427941744
9 722.0 0.0 -1.0 -1.0 -1.0 0.0 0.33337723136004394 0.32440585041876674 0.3422169182211897
9 723.0 0.0 -1.0 -1.0 -1.0 0.0 0.3037683453406386 0.33464758790176463 0.3615840667575969
9 724.0 0.0 -1.0 -1.0 -1.0 0.0 0.33673808572040315 0.33929671588681154 0.32396519839278537
9 725.0 0.0 -1.0 -1.0 -1.0 0.0 0.31659308934954977 0.33900476303707516 0.3444021476133748
9 726.0 0.0 -1.0 -1.0 -1.0 0.0 0.33930011710155017 0.32512877627830006 0.3355711066201498
9 727.0 0.0 -1.0 -1.0 -1.0 0.0 0.36638076583671014 0.3383594311944526 0.29525980296883714
9 728.0 0.0 -1.0 -1.0 -1.0 0.0 0.3768572110876757 0.3423496649059136 0.280793124006411
9 729.0 0.0 -1.0 -1.0 -1.0 0.0 0.3470516385075809 0.3377390083585172 0.31520935313390175
9 730.0 0.0 -1.0 -1.0 -1.0 0.0 0.33439968451178353 0.34838689308751647 0.3172134224007
9 731.0 0.0 -1.0 -1.0 -1.0 0.0 0.3247862739612309 0.3741555550951688 0.30105817094360043
9 732.0 0.0 -1.0 -1.0 -1.0 0.0 0.30964556217035205 0.36159376306549135 0.32876067476415666
9 733.0 0.0 -1.0 -1.0 -1.0 0.0 0.33476130492757256 0.30882080921483834 0.35641788585758905
9 734.0 0.0 -1.0 -1.0 -1.0 0.0 0.32517838408437855 0.29890684351501096 0.3759147724006106
9 735.0 0.0 -1.0 -1.0 -1.0 0.0 0.32930474708700386 0.28927590578798 0.3814193471250162
9 736.0 0.0 -1.0 -1.0 -1.0 0.0 0.33486230126111005 0.3115377662808119 0.35359993245807814
9 737.0 0.0 -1.0 -1.0 -1.0 0.0 0.3093455011648295 0.33792949198588396 0.3527250068492866
9 738.0 0.0 -1.0 -1.0 -1.0 0.0 0.2974277842417785 0.3371529581031097 0.36541925765511185
9 739.0 0.0 -1.0 -1.0 -1.0 0.0 0.2963475438607112 0.35398122985154923 0.3496712262877395
9 740.0 0.0 -1.0 -1.0 -1.0 0.0 0.28370157055037354 0.36014585783067715 0.35615257161894914
9 741.0 0.0 -1.0 -1.0 -1.0 0.0 0.26794768439415945 0.360050649244009 0.3720016663618316
9 742.0 0.0 -1.0 -1.0 -1.0 0.0 0.2552343735829678 0.32606100177110264 0.41870462464592945
9 743.0 0.0 -1.0 -1.0 -1.0 0.0 0.3019686247241352 0.31068296668736983 0.387348408588495
9 744.0 0.0 -1.0 -1.0 -1.0 0.0 0.30381361744311325 0.29433640308344533 0.40184997947344153
9 745.0 0.0 -1.0 -1.0 -1.0 0.0 0.32140019464810854 0.29765361618363095 0.3809461891682606
9 746.0 0.0 -1.0 -1.0 -1.0 0.0 0.33489280935252697 0.29877993095020616 0.3663272596972671
9 747.0 0.0 -1.0 -1.0 -1.0 0.0 0.32369409408037847 0.3056884563452608 0.37061744957436055
9 748.0 0.0 -1.0 -1.0 -1.0 0.0 0.3380314411698466 0.3002878260517335 0.36168073277842017
9 749.0 0.0 -1.0 -1.0 -1.0 0.0 0.3189734017307083 0.31116466727447567 0.36986193099481585
9 750.0 0.0 -1.0 -1.0 -1.0 0.0 0.32151184345162703 0.3137096641756042 0.36477849237276877
9 751.0 0.0 -1.0 -1.0 -1.0 0.0 0.3202553202233511 0.31442469920939153 0.3653199805672573
9 752.0 0.0 -1.0 -1.0 -1.0 0.0 0.2891796664408248 0.30670891646745424 0.40411141709172077
9 753.0 0.0 -1.0 -1.0 -1.0 0.0 0.2853977041855911 0.3341080503522436 0.380494245462165
9 754.0 0.0 -1.0 -1.0 -1.0 0.0 0.2784667047866105 0.3252334972224905 0.39629979799089904
9 755.0 0.0 -1.0 -1.0 -1.0 0.0 0.27361659184091375 0.31358964071598505 0.41279376744310126
9 756.0 0.0 -1.0 -1.0 -1.0 0.0 0.281598006432181 0.28824494972964554 0.4301570438381735
9 757.0 0.0 -1.0 -1.0 -1.0 0.0 0.2928244801617461 0.30923675536123196 0.39793876447702203
9 758.0 0.0 -1.0 -1.0 -1.0 0.0 0.3049094255227677 0.3051813072437649 0.3899092672334675
9 759.0 0.0 -1.0 -1.0 -1.0 0.0 0.3319347168665381 0.3083275854089522 0.35973769772450964
9 760.0 0.0 -1.0 -1.0 -1.0 0.0 0.3543527703544541 0.3072776906197969 0.33836953902574884
9 761.0 0.0 -1.0 -1.0 -1.0 0.0 0.35776343483115647 0.27889665500843747 0.36333991016040623
9 762.0 0.0 -1.0 -1.0 -1.0 0.0 0.37241071949626736 0.2778985920718789 0.3496906884318537
9 763.0 0.0 -1.0 -1.0 -1.0 0.0 0.3743557918117178 0.2891527827039845 0.33649142548429767
9 764.0 0.0 -1.0 -1.0 -1.0 0.0 0.34510214710119813 0.30605612362006623 0.34884172927873563
9 765.0 0.0 -1.0 -1.0 -1.0 0.0 0.35102269150338505 0.3444257048996197 0.3045516035969952
9 766.0 0.0 -1.0 -1.0 -1.0 0.0 0.3501561830687322 0.32544422374650017 0.32439959318476747
9 767.0 0.0 -1.0 -1.0 -1.0 0.0 0.35978541147514725 0.32750911627595625 0.3127054722488964
9 768.0 0.0 -1.0 -1.0 -1.0 0.0 0.3194735062993083 0.33189324642094 0.34863324727975153
9 769.0 0.0 -1.0 -1.0 -1.0 0.0 0.3208404927377069 0.309768435400083 0.36939107186221015
9 770.0 0.0 -1.0 -1.0 -1.0 0.0 0.31047169030138744 0.343016190143579 0.3465121195550337
9 771.0 0.0 -1.0 -1.0 -1.0 0.0 0.30532150140905884 0.36763207815285814 0.32704642043808285
9 772.0 0.0 -1.0 -1.0 -1.0 0.0 0.31662248851509583 0.3727827962961941 0.3105947151887099
9 773.0 0.0 -1.0 -1.0 -1.0 0.0 0.31080735853622976 0.36646036013403277 0.32273228132973764
9 774.0 0.0 -1.0 -1.0 -1.0 0.0 0.31906551862095456 0.34566354447770997 0.3352709369013355
9 775.0 0.0 -1.0 -1.0 -1.0 0.0 0.33388643023792064 0.3226402287021678 0.3434733410599115
9 776.0 0.0 -1.0 -1.0 -1.0 0.0 0.33528400993811 0.3449785649611823 0.31973742510070785
9 777.0 0.0 -1.0 -1.0 -1.0 0.0 0.3397613992949217 0.3360521524256966 0.3241864482793819
9 778.0 0.0 -1.0 -1.0 -1.0 0.0 0.35404738692456755 0.3453410325866269 0.30061158048880565
9 779.0 0.0 -1.0 -1.0 -1.0 0.0 0.3919234359786391 0.3152116661763041 0.2928648978450566
9 780.0 0.0 -1.0 -1.0 -1.0 0.0 0.36316209017162665 0.3375913054419884 0.29924660438638484
9 781.0 0.0 -1.0 -1.0 -1.0 0.0 0.3235624257514141 0.3505954428472785 0.3258421314013075
9 782.0 0.0 -1.0 -1.0 -1.0 0.0 0.31170609157963997 0.3642217291367752 0.3240721792835848
9 783.0 0.0 -1.0 -1.0 -1.0 0.0 0.32465321942072234 0.3446598763671447 0.33068690421213304
9 784.0 0.0 -1.0 -1.0 -1.0 0.0 0.343230460345734 0.3377593771594844 0.31901016249478126
9 785.0 0.0 -1.0 -1.0 -1.0 0.0 0.34527304523773933 0.32616048100056494 0.3285664737616958
9 786.0 0.0 -1.0 -1.0 -1.0 0.0 0.34937771338056206 0.3405387021679955 0.3100835844514423
9 787.0 0.0 -1.0 -1.0 -1.0 0.0 0.3601925861482559 0.3298899052892684 0.3099175085624759
9 788.0 0.0 -1.0 -1.0 -1.0 0.0 0.37368468058299725 0.3417922075154955 0.28452311190150736
9 789.0 0.0 -1.0 -1.0 -1.0 0.0 0.3481694613100235 0.34619061166873677 0.30563992702123977
9 790.0 0.0 -1.0 -1.0 -1.0 0.0 0.3389357233778233 0.3379452551863119 0.323119021435865
9 791.0 0.0 -1.0 -1.0 -1.0 0.0 0.364305016936507 0.3079230004290094 0.3277719826344836
9 792.0 0.0 -1.0 -1.0 -1.0 0.0 0.34794799754689754 0.3082410146943106 0.3438109877587921
9 793.0 0.0 -1.0 -1.0 -1.0 0.0 0.34496342808176483 0.3048970418989583 0.35013953001927683
9 794.0 0.0 -1.0 -1.0 -1.0 0.0 0.3098800014102834 0.3317638225379635 0.3583561760517528
9 795.0 0.0 -1.0 -1.0 -1.0 0.0 0.31018444099058035 0.3478082829774486 0.34200727603197095
9 796.0 0.0 -1.0 -1.0 -1.0 0.0 0.3214168470002064 0.3652170952776115 0.3133660577221824
9 797.0 0.0 -1.0 -1.0 -1.0 0.0 0.3440860017842982 0.3516140892622424 0.3042999089534591
9 798.0 0.0 -1.0 -1.0 -1.0 0.0 0.34969401816938445 0.3319232060923052 0.3183827757383102
9 799.0 0.0 -1.0 -1.0 -1.0 0.0 0.3415100683923849 0.32155711202668047 0.33693281958093463
9 800.0 0.0 -1.0 -1.0 -1.0 0.0 0.3461959896604029 0.32068359390142204 0.3331204164381751
9 801.0 0.0 -1.0 -1.0 -1.0 0.0 0.3384342635886021 0.3242769903369041 0.33728874607449383
9 802.0 0.0 -1.0 -1.0 -1.0 0.0 0.31201214132643396 0.3576784948789287 0.33030936379463754
9 803.0 0.0 -1.0 -1.0 -1.0 0.0 0.292843306199721 0.35156484323816106 0.3555918505621182
9 804.0 0.0 -1.0 -1.0 -1.0 0.0 0.34233825461396067 0.3266148546923338 0.3310468906937054
9 805.0 0.0 -1.0 -1.0 -1.0 0.0 0.3561544149924847 0.31069913242228203 0.3331464525852331
9 806.0 0.0 -1.0 -1.0 -1.0 0.0 0.3552957919067292 0.30636183971734765 0.3383423683759231
9 807.0 0.0 -1.0 -1.0 -1.0 0.0 0.32885643732374836 0.3053478070732669 0.3657957556029845
9 808.0 0.0 -1.0 -1.0 -1.0 0.0 0.3264853290942943 0.3149028877725457 0.35861178313316017
9 809.0 0.0 -1.0 -1.0 -1.0 0.0 0.32433899531881666 0.34487723848333646 0.33078376619784694
9 810.0 0.0 -1.0 -1.0 -1.0 0.0 0.3086471610281529 0.33383972809979295 0.357513110872054
9 811.0 0.0 -1.0 -1.0 -1.0 0.0 0.3041490682014743 0.36665709728161366 0.329193834516912
9 812.0 0.0 -1.0 -1.0 -1.0 0.0 0.3149898464164372 0.36317918259010107 0.3218309709934615
9 813.0 0.0 -1.0 -1.0 -1.0 0.0 0.31620971472961357 0.3679507977625087 0.3158394875078779
9 814.0 0.0 -1.0 -1.0 -1.0 0.0 0.3165744824386283 0.3817111230232728 0.30171439453809845
9 815.0 0.0 -1.0 -1.0 -1.0 0.0 0.32795592281612795 0.35941383194422305 0.31263024523964916
9 816.0 0.0 -1.0 -1.0 -1.0 0.0 0.3411697562016076 0.33424120048936684 0.32458904330902527
9 817.0 0.0 -1.0 -1.0 -1.0 0.0 0.36235443843864457 0.3097196889772455 0.32792587258410966
9 818.0 0.0 -1.0 -1.0 -1.0 0.0 0.36672161949883425 0.2950678434256097 0.33821053707555593
9 819.0 0.0 -1.0 -1.0 -1.0 0.0 0.360622316058918 0.29099658155168695 0.34838110238939507
9 820.0 0.0 -1.0 -1.0 -1.0 0.0 0.36811472044305765 0.30987269021236524 0.3220125893445768
9 821.0 0.0 -1.0 -1.0 -1.0 0.0 0.3451159963572469 0.30303610845346557 0.35184789518928766
9 822.0 0.0 -1.0 -1.0 -1.0 0.0 0.3470643088899651 0.3153238265234098 0.3376118645866253
9 823.0 0.0 -1.0 -1.0 -1.0 0.0 0.35121237451214815 0.28916407246468906 0.3596235530231629
9 824.0 0.0 -1.0 -1.0 -1.0 0.0 0.34822009308205454 0.290272925786711 0.3615069811312343
9 825.0 0.0 -1.0 -1.0 -1.0 0.0 0.35176833669737534 0.3129238667468026 0.335307796555822
9 826.0 0.0 -1.0 -1.0 -1.0 0.0 0.3718418533600223 0.3062804583352291 0.32187768830474867
9 827.0 0.0 -1.0 -1.0 -1.0 0.0 0.39198279544944875 0.30344431523187976 0.3045728893186714
9 828.0 0.0 -1.0 -1.0 -1.0 0.0 0.39044792128394 0.28584969807577776 0.32370238064028206
9 829.0 0.0 -1.0 -1.0 -1.0 0.0 0.3608289748126448 0.2944131622159915 0.34475786297136396
9 830.0 0.0 -1.0 -1.0 -1.0 0.0 0.35124236383378943 0.28791720997193354 0.36084042619427714
9 831.0 0.0 -1.0 -1.0 -1.0 0.0 0.328476043014311 0.3155341487192605 0.35598980826642856
9 832.0 0.0 -1.0 -1.0 -1.0 0.0 0.3312033433264242 0.31756379217688485 0.351232864496691
9 833.0 0.0 -1.0 -1.0 -1.0 0.0 0.3067698072832935 0.33634462025016143 0.35688557246654506
9 834.0 0.0 -1.0 -1.0 -1.0 0.0 0.32792014206302467 0.32293725432879516 0.3491426036081803
9 835.0 0.0 -1.0 -1.0 -1.0 0.0 0.3338659275401455 0.3118064251553159 0.35432764730453853
9 836.0 0.0 -1.0 -1.0 -1.0 0.0 0.35712611175447134 0.310523141596556 0.33235074664897285
9 837.0 0.0 -1.0 -1.0 -1.0 0.0 0.36625603222432973 0.30404988138726163 0.3296940863884086
9 838.0 0.0 -1.0 -1.0 -1.0 0.0 0.35418792394318976 0.3270149130565238 0.3187971630002862
9 839.0 0.0 -1.0 -1.0 -1.0 0.0 0.3675244446284281 0.3043191129506969 0.3281564424208752
9 840.0 0.0 -1.0 -1.0 -1.0 0.0 0.34697982635513597 0.3208242456058953 0.33219592803896897
9 841.0 0.0 -1.0 -1.0 -1.0 0.0 0.3335169624534078 0.31746222467025853 0.34902081287633374
9 842.0 0.0 -1.0 -1.0 -1.0 0.0 0.3339305835326384 0.319321789964029 0.3467476265033325
9 843.0 0.0 -1.0 -1.0 -1.0 0.0 0.3656442077355709 0.2934974642281475 0.34085832803628163
9 844.0 0.0 -1.0 -1.0 -1.0 0.0 0.3459924893645575 0.28961929369625905 0.364388216939183
9 845.0 0.0 -1.0 -1.0 -1.0 0.0 0.3769720696641653 0.27717900614333446 0.3458489241925004
9 846.0 0.0 -1.0 -1.0 -1.0 0.0 0.35312492630720405 0.28380906878755285 0.36306600490524316
9 847.0 0.0 -1.0 -1.0 -1.0 0.0 0.34171244075737567 0.29574474460476724 0.36254281463785704
9 848.0 0.0 -1.0 -1.0 -1.0 0.0 0.3204273796796955 0.3299470278628108 0.3496255924574939
9 849.0 0.0 -1.0 -1.0 -1.0 0.0 0.32318000051851903 0.347142431845608 0.3296775676358729
9 850.0 0.0 -1.0 -1.0 -1.0 0.0 0.3433364076801198 0.32785598705658897 0.3288076052632911
9 851.0 0.0 -1.0 -1.0 -1.0 0.0 0.3140027441562517 0.33183552325896776 0.35416173258478056
9 852.0 0.0 -1.0 -1.0 -1.0 0.0 0.30351041267411616 0.30628193563142514 0.39020765169445865
9 853.0 0.0 -1.0 -1.0 -1.0 0.0 0.2983458013887727 0.3085450440924217 0.3931091545188055
9 854.0 0.0 -1.0 -1.0 -1.0 0.0 0.321337102570166 0.3233403507368739 0.35532254669296004
9 855.0 0.0 -1.0 -1.0 -1.0 0.0 0.32463926480152877 0.3484751351561939 0.3268856000422774
9 856.0 0.0 -1.0 -1.0 -1.0 0.0 0.314251599494227 0.3420996527959753 0.3436487477097977
9 857.0 0.0 -1.0 -1.0 -1.0 0.0 0.3309097963900192 0.2979079255104542 0.3711822780995266
9 858.0 0.0 -1.0 -1.0 -1.0 0.0 0.33897142687255216 0.31420049544779355 0.34682807767965435
9 859.0 0.0 -1.0 -1.0 -1.0 0.0 0.3395731450281211 0.33898501798970737 0.3214418369821717
9 860.0 0.0 -1.0 -1.0 -1.0 0.0 0.3461015132624552 0.3226757074353354 0.33122277930220945
9 861.0 0.0 -1.0 -1.0 -1.0 0.0 0.32740098888099134 0.3348866784806658 0.33771233263834305
9 862.0 0.0 -1.0 -1.0 -1.0 0.0 0.3355167080143845 0.36086460316822766 0.30361868881738796
9 863.0 0.0 -1.0 -1.0 -1.0 0.0 0.33987229624260273 0.3532271168408544 0.306900586916543
9 864.0 0.0 -1.0 -1.0 -1.0 0.0 0.3505787377264503 0.34438973509880433 0.3050315271747453
9 865.0 0.0 -1.0 -1.0 -1.0 0.0 0.32906812738141333 0.3418366797142582 0.3290951929043285
9 866.0 0.0 -1.0 -1.0 -1.0 0.0 0.33697646594434466 0.35724331645859864 0.30578021759705654
9 867.0 0.0 -1.0 -1.0 -1.0 0.0 0.31590870225075873 0.3613535076245297 0.3227377901247113
9 868.0 0.0 -1.0 -1.0 -1.0 0.0 0.3319768416474689 0.36954676569816125 0.2984763926543697
9 869.0 0.0 -1.0 -1.0 -1.0 0.0 0.34760324127108994 0.32800129055460353 0.3243954681743065
9 870.0 0.0 -1.0 -1.0 -1.0 0.0 0.3386195795139372 0.34482391656629496 0.3165565039197677
9 871.0 0.0 -1.0 -1.0 -1.0 0.0 0.3427263110380167 0.33281267962860156 0.3244610093333815
9 872.0 0.0 -1.0 -1.0 -1.0 0.0 0.3220064942612447 0.3639717506170148 0.31402175512174035
9 873.0 0.0 -1.0 -1.0 -1.0 0.0 0.29523514517368293 0.38634828665095583 0.31841656817536124
9 874.0 0.0 -1.0 -1.0 -1.0 0.0 0.3127335316849187 0.3534844151698062 0.333782053145275
9 875.0 0.0 -1.0 -1.0 -1.0 0.0 0.313568266422852 0.35522006996879063 0.33121166360835735
9 876.0 0.0 -1.0 -1.0 -1.0 0.0 0.32048382884408255 0.35133257686360275 0.3281835942923149
9 877.0 0.0 -1.0 -1.0 -1.0 0.0 0.3347864441589865 0.3383456858415858 0.32686786999942746
9 878.0 0.0 -1.0 -1.0 -1.0 0.0 0.33693711424159517 0.3420521106602491 0.3210107750981557
9 879.0 0.0 -1.0 -1.0 -1.0 0.0 0.3213414385119375 0.34318340962642063 0.33547515186164206
9 880.0 0.0 -1.0 -1.0 -1.0 0.0 0.3288213912838211 0.3339278123834582 0.3372507963327208
9 881.0 0.0 -1.0 -1.0 -1.0 0.0 0.3441631621405116 0.31541776017657996 0.3404190776829086
9 882.0 0.0 -1.0 -1.0 -1.0 0.0 0.3467234507329801 0.3290201689583171 0.3242563803087028
9 883.0 0.0 -1.0 -1.0 -1.0 0.0 0.3436489486327487 0.3549743386378746 0.30137671272937683
9 884.0 0.0 -1.0 -1.0 -1.0 0.0 0.34040621348567124 0.37771159934101656 0.2818821871733124
9 885.0 0.0 -1.0 -1.0 -1.0 0.0 0.3409141809715668 0.36388078274517904 0.2952050362832543
9 886.0 0.0 -1.0 -1.0 -1.0 0.0 0.33416291263194337 0.36448624597119456 0.3013508413968621
9 887.0 0.0 -1.0 -1.0 -1.0 0.0 0.3429385780415742 0.34661439743361605 0.3104470245248099
9 888.0 0.0 -1.0 -1.0 -1.0 0.0 0.3639671100584747 0.32822925219356747 0.3078036377479578
9 889.0 0.0 -1.0 -1.0 -1.0 0.0 0.350653707501823 0.3430628577757361 0.30628343472244085
9 890.0 0.0 -1.0 -1.0 -1.0 0.0 0.34803725065953744 0.3362161067097928 0.31574664263066965
9 891.0 0.0 -1.0 -1.0 -1.0 0.0 0.34467575428494207 0.3363382734459586 0.3189859722690993
9 892.0 0.0 -1.0 -1.0 -1.0 0.0 0.34307666037389306 0.3391152308460173 0.31780810878008964
9 893.0 0.0 -1.0 -1.0 -1.0 0.0 0.3713295533407944 0.31765807751357655 0.31101236914562913
9 894.0 0.0 -1.0 -1.0 -1.0 0.0 0.33245501640345837 0.3244298391733762 0.34311514442316565
9 895.0 0.0 -1.0 -1.0 -1.0 0.0 0.3028973210798036 0.34592256058620835 0.35118011833398816
9 896.0 0.0 -1.0 -1.0 -1.0 0.0 0.3024718776294513 0.3387043175373978 0.3588238048331509
9 897.0 0.0 -1.0 -1.0 -1.0 0.0 0.2917534408212488 0.3735569661330373 0.33468959304571383
9 898.0 0.0 -1.0 -1.0 -1.0 0.0 0.3129047658616698 0.3658487357114106 0.3212464984269196
9 899.0 0.0 -1.0 -1.0 -1.0 0.0 0.3032587628525584 0.38685786651847165 0.30988337062897
9 900.0 0.0 -1.0 -1.0 -1.0 0.0 0.35021463250083706 0.3540113402759352 0.2957740272232278
9 901.0 0.0 -1.0 -1.0 -1.0 0.0 0.33548178216814 0.34641270158747567 0.31810551624438427
9 902.0 0.0 -1.0 -1.0 -1.0 0.0 0.35136036657889347 0.3240307089833439 0.3246089244377628
9 903.0 0.0 -1.0 -1.0 -1.0 0.0 0.36523624123476917 0.3008642329679596 0.3338995257972713
9 904.0 0.0 -1.0 -1.0 -1.0 0.0 0.37418116844643057 0.2895390384767651 0.3362797930768042
9 905.0 0.0 -1.0 -1.0 -1.0 0.0 0.36084329368775725 0.3163547447603874 0.32280196155185537
9 906.0 0.0 -1.0 -1.0 -1.0 0.0 0.3487259745640338 0.3253372664203612 0.32593675901560504
9 907.0 0.0 -1.0 -1.0 -1.0 0.0 0.3500074950435982 0.33382830346304443 0.316164201493357
9 908.0 0.0 -1.0 -1.0 -1.0 0.0 0.32683906306218447 0.3553714220552824 0.3177895148825331
9 909.0 0.0 -1.0 -1.0 -1.0 0.0 0.29273095294617996 0.3825723588843436 0.32469668816947667
9 910.0 0.0 -1.0 -1.0 -1.0 0.0 0.30352501323928766 0.36742477848869354 0.32905020827201875
9 911.0 0.0 -1.0 -1.0 -1.0 0.0 0.32412893820176153 0.363727287275812 0.31214377452242664
9 912.0 0.0 -1.0 -1.0 -1.0 0.0 0.32537330582515867 0.3559273286058917 0.31869936556894973
9 913.0 0.0 -1.0 -1.0 -1.0 0.0 0.3300890510351864 0.3488538014291675 0.3210571475356464
9 914.0 0.0 -1.0 -1.0 -1.0 0.0 0.32429056128137485 0.3239520800009023 0.3517573587177231
9 915.0 0.0 -1.0 -1.0 -1.0 0.0 0.3199542332917412 0.3335493480294516 0.34649641867880754
9 916.0 0.0 -1.0 -1.0 -1.0 0.0 0.3089824045240271 0.3254715387532235 0.3655460567227493
9 917.0 0.0 -1.0 -1.0 -1.0 0.0 0.3039373153041042 0.3234845662911488 0.372578118404747
9 918.0 0.0 -1.0 -1.0 -1.0 0.0 0.33274620970251584 0.3004876551885818 0.3667661351089023
9 919.0 0.0 -1.0 -1.0 -1.0 0.0 0.349791188026662 0.30286427651046277 0.34734453546287525
9 920.0 0.0 -1.0 -1.0 -1.0 0.0 0.3437881027396976 0.32319200452193103 0.33301989273837124
9 921.0 0.0 -1.0 -1.0 -1.0 0.0 0.3480527416817099 0.32268130303098047 0.3292659552873098
9 922.0 0.0 -1.0 -1.0 -1.0 0.0 0.3491919735120007 0.3182095283831543 0.33259849810484515
9 923.0 0.0 -1.0 -1.0 -1.0 0.0 0.35820926514444607 0.3034769781579658 0.3383137566975881
9 924.0 0.0 -1.0 -1.0 -1.0 0.0 0.34020330080883654 0.31503367695892476 0.3447630222322387
9 925.0 0.0 -1.0 -1.0 -1.0 0.0 0.35170368860283835 0.29851197872586893 0.3497843326712926
9 926.0 0.0 -1.0 -1.0 -1.0 0.0 0.3230250812850147 0.301033806412785 0.3759411123022005
9 927.0 0.0 -1.0 -1.0 -1.0 0.0 0.33718712340364493 0.2704951755853251 0.39231770101103014
9 928.0 0.0 -1.0 -1.0 -1.0 0.0 0.31610713221980263 0.2865235227745815 0.39736934500561566
9 929.0 0.0 -1.0 -1.0 -1.0 0.0 0.29700145600168126 0.28657912467252566 0.416419419325793
9 930.0 0.0 -1.0 -1.0 -1.0 0.0 0.3169469254276845 0.2918088955292663 0.39124417904304915
9 931.0 0.0 -1.0 -1.0 -1.0 0.0 0.33781157128615574 0.3007566270095553 0.361431801704289
9 932.0 0.0 -1.0 -1.0 -1.0 0.0 0.3155547746915666 0.3170066842374041 0.36743854107102947
9 933.0 0.0 -1.0 -1.0 -1.0 0.0 0.30496682262964137 0.3569401806989953 0.33809299667136317
9 934.0 0.0 -1.0 -1.0 -1.0 0.0 0.308713031688751 0.34288392988065264 0.3484030384305962
9 935.0 0.0 -1.0 -1.0 -1.0 0.0 0.29524767047892037 0.3386941402583161 0.3660581892627636
9 936.0 0.0 -1.0 -1.0 -1.0 0.0 0.32363337130673947 0.3553726095466997 0.32099401914656084
9 937.0 0.0 -1.0 -1.0 -1.0 0.0 0.33685592724590196 0.3265433984604257 0.33660067429367246
9 938.0 0.0 -1.0 -1.0 -1.0 0.0 0.32600588373950173 0.3298972110724023 0.344096905188096
9 939.0 0.0 -1.0 -1.0 -1.0 0.0 0.32052612860937013 0.31869704937967674 0.36077682201095307
9 940.0 0.0 -1.0 -1.0 -1.0 0.0 0.30058248646255104 0.34887018982138296 0.3505473237160661
9 941.0 0.0 -1.0 -1.0 -1.0 0.0 0.31769239271088284 0.33007304994434294 0.3522345573447745
9 942.0 0.0 -1.0 -1.0 -1.0 0.0 0.32462156408645276 0.33484921756779396 0.3405292183457533
9 943.0 0.0 -1.0 -1.0 -1.0 0.0 0.3248286086884184 0.35223394580362394 0.3229374455079577
9 944.0 0.0 -1.0 -1.0 -1.0 0.0 0.32906614699899095 0.37117305807346723 0.29976079492754176
9 945.0 0.0 -1.0 -1.0 -1.0 0.0 0.3349502012446679 0.3574857189169468 0.3075640798383849
9 946.0 0.0 -1.0 -1.0 -1.0 0.0 0.34231619186861245 0.35283786720360644 0.30484594092778106
9 947.0 0.0 -1.0 -1.0 -1.0 0.0 0.30586600294878424 0.3710891265310468 0.3230448705201691
9 948.0 0.0 -1.0 -1.0 -1.0 0.0 0.31283510008534643 0.3691439541502958 0.3180209457643579
9 949.0 0.0 -1.0 -1.0 -1.0 0.0 0.32993369769565234 0.34744900529645695 0.32261729700789066
9 950.0 0.0 -1.0 -1.0 -1.0 0.0 0.32810714984109607 0.3449740058241879 0.32691884433471613
9 951.0 0.0 -1.0 -1.0 -1.0 0.0 0.3273366208563642 0.3548998971251461 0.3177634820184896
9 952.0 0.0 -1.0 -1.0 -1.0 0.0 0.3094691299606084 0.35163736636153337 0.33889350367785825
9 953.0 0.0 -1.0 -1.0 -1.0 0.0 0.3014329256906278 0.37008487430306 0.328482200006312
9 954.0 0.0 -1.0 -1.0 -1.0 0.0 0.27743349702334863 0.3878545882212403 0.33471191475541096
9 955.0 0.0 -1.0 -1.0 -1.0 0.0 0.2981930130286581 0.36348550968766175 0.3383214772836803
9 956.0 0.0 -1.0 -1.0 -1.0 0.0 0.30614570068262165 0.35428094114192654 0.33957335817545187
9 957.0 0.0 -1.0 -1.0 -1.0 0.0 0.3214792220213811 0.3559667220519664 0.32255405592665265
9 958.0 0.0 -1.0 -1.0 -1.0 0.0 0.28696012529379533 0.3559834711697165 0.35705640353648804
9 959.0 0.0 -1.0 -1.0 -1.0 0.0 0.29099399963637845 0.36222558563757146 0.34678041472605015
9 960.0 0.0 -1.0 -1.0 -1.0 0.0 0.29398058546462036 0.35564595521984266 0.3503734593155372
9 961.0 0.0 -1.0 -1.0 -1.0 0.0 0.2996459715235787 0.3407372834670885 0.35961674500933277
9 962.0 0.0 -1.0 -1.0 -1.0 0.0 0.2853433241506801 0.31359296267237213 0.40106371317694745
9 963.0 0.0 -1.0 -1.0 -1.0 0.0 0.31340180994694683 0.3050910030463364 0.3815071870067168
9 964.0 0.0 -1.0 -1.0 -1.0 0.0 0.3188285720431968 0.2934360015748441 0.387735426381959
9 965.0 0.0 -1.0 -1.0 -1.0 0.0 0.32670002230190565 0.33385710403789937 0.3394428736601948
9 966.0 0.0 -1.0 -1.0 -1.0 0.0 0.31951425195711025 0.34002301447658995 0.3404627335662997
9 967.0 0.0 -1.0 -1.0 -1.0 0.0 0.3321949436777379 0.3152622013352041 0.3525428549870578
9 968.0 0.0 -1.0 -1.0 -1.0 0.0 0.3257000535975405 0.3436971415010899 0.33060280490136984
9 969.0 0.0 -1.0 -1.0 -1.0 0.0 0.3215796596833001 0.3630646827825148 0.31535565753418504
9 970.0 0.0 -1.0 -1.0 -1.0 0.0 0.32919394244744515 0.3714100353367754 0.2993960222157794
9 971.0 0.0 -1.0 -1.0 -1.0 0.0 0.3315945149421684 0.3751308103289233 0.2932746747289082
9 972.0 0.0 -1.0 -1.0 -1.0 0.0 0.2954052381044502 0.367338634896126 0.33725612699942376
9 973.0 0.0 -1.0 -1.0 -1.0 0.0 0.3153356903308528 0.366478156608322 0.3181861530608252
9 974.0 0.0 -1.0 -1.0 -1.0 0.0 0.32264498396770186 0.3530339494891968 0.3243210665431014
9 975.0 0.0 -1.0 -1.0 -1.0 0.0 0.3489567571658621 0.31596181860848477 0.33508142422565285
9 976.0 0.0 -1.0 -1.0 -1.0 0.0 0.34833800516850666 0.31745754166390944 0.334204453167584
9 977.0 0.0 -1.0 -1.0 -1.0 0.0 0.3315024112918874 0.3350664216968638 0.3334311670112486
9 978.0 0.0 -1.0 -1.0 -1.0 0.0 0.3227455417277399 0.3309719737128212 0.346282484559439
9 979.0 0.0 -1.0 -1.0 -1.0 0.0 0.30507016987934654 0.3384297709055023 0.35650005921515127
9 980.0 0.0 -1.0 -1.0 -1.0 0.0 0.31166603003150756 0.31087360276098885 0.3774603672075038
9 981.0 0.0 -1.0 -1.0 -1.0 0.0 0.33878413361083226 0.2909071199176746 0.3703087464714929
9 982.0 0.0 -1.0 -1.0 -1.0 0.0 0.3472030214708933 0.29273054601556225 0.3600664325135444
9 983.0 0.0 -1.0 -1.0 -1.0 0.0 0.3484951400756103 0.31000388075127056 0.34150097917311895
9 984.0 0.0 -1.0 -1.0 -1.0 0.0 0.33482408008815595 0.33277724805817216 0.33239867185367183
9 985.0 0.0 -1.0 -1.0 -1.0 0.0 0.31164398906388796 0.34006026528015854 0.34829574565595345
9 986.0 0.0 -1.0 -1.0 -1.0 0.0 0.3075288731953555 0.3349481007827175 0.35752302602192715
9 987.0 0.0 -1.0 -1.0 -1.0 0.0 0.2921904648857413 0.31261592963695606 0.3951936054773026
9 988.0 0.0 -1.0 -1.0 -1.0 0.0 0.29856391533731036 0.31590733863304854 0.38552874602964093
9 989.0 0.0 -1.0 -1.0 -1.0 0.0 0.3026303436886344 0.31396161285398333 0.3834080434573822
9 990.0 0.0 -1.0 -1.0 -1.0 0.0 0.31209470940591266 0.3206774819401799 0.36722780865390736
9 991.0 0.0 -1.0 -1.0 -1.0 0.0 0.32613417531697 0.3217170543778051 0.3521487703052248
9 992.0 0.0 -1.0 -1.0 -1.0 0.0 0.32843965806506437 0.3328353605365193 0.33872498139841645
9 993.0 0.0 -1.0 -1.0 -1.0 0.0 0.3558902422803052 0.3361599783202014 0.30794977939949325
9 994.0 0.0 -1.0 -1.0 -1.0 0.0 0.34096160918399626 0.31995270557536204 0.33908568524064164
9 995.0 0.0 -1.0 -1.0 -1.0 0.0 0.3373455701370218 0.30364069684887607 0.3590137330141021
9 996.0 0.0 -1.0 -1.0 -1.0 0.0 0.34991438951902365 0.31353654349584337 0.3365490669851329
9 997.0 0.0 -1.0 -1.0 -1.0 0.0 0.3717851636664996 0.26446240864306136 0.36375242769043903
9 998.0 0.0 -1.0 -1.0 -1.0 0.0 0.3576238832505454 0.27114105190339566 0.37123506484605906
9 999.0 0.0 -1.0 -1.0 -1.0 0.0 0.36092751827303227 0.284341159194074 0.354731322532894
9 1000.0 0.0 -1.0 -1.0 -1.0 0.0 0.3659278240661808 0.3079845123948234 0.3260876635389958
1000000000000000000000000000000000000000000000000000000000000000000000000000000000000000000000000000
-1.0
solo con 1: -100.0
