9 0.0 79.0 -39.0 -164.0 -102.04 49.51153727397608 0.3333333333333333 0.3333333333333333 0.3333333333333333
9 1.0 95.0 -33.0 -159.0 -86.61 48.18920936257304 0.3383291882568134 0.2709168173722269 0.3907539943709601
9 2.0 95.0 -33.0 -159.0 -76.24 45.71124124061362 0.298834344427172 0.24318704822384624 0.4579786073489817
9 3.0 61.0 -33.0 -157.0 -65.66 41.52234885631417 0.2793927885432712 0.20442369611216804 0.516183515344561
9 4.0 95.0 -32.0 -157.0 -54.7 33.899882303660284 0.2765645479470313 0.17273614125357192 0.5506993107993969
9 5.0 15.0 -29.0 -156.0 -48.48 30.527510361784973 0.2360322985797264 0.16707526012894403 0.5968924412913293
9 6.0 15.0 -28.0 -156.0 -45.0 29.54982096717202 0.21107772294323054 0.152103247380756 0.6368190296760134
9 7.0 4.0 -26.0 -156.0 -40.75 28.00807062619666 0.20247811315246966 0.14483707236055685 0.6526848144869731
9 8.0 50.0 -25.0 -152.0 -35.06 20.5450084871575 0.18104107222202356 0.1417678296378165 0.6771910981401598
9 9.0 5.0 -24.0 -150.0 -32.11 16.969905031192035 0.16424156326051093 0.138713438322934 0.6970449984165548
9 10.0 71.0 -23.0 -150.0 -29.82 17.018338296785572 0.1376824946537543 0.14225462384938273 0.7200628814968633
9 11.0 6.0 -22.0 -150.0 -27.83 17.091586328726876 0.13785288607786841 0.1334165903500675 0.7287305235720644
9 12.0 4.0 -21.0 -150.0 -25.62 12.964426853369325 0.1311452821774568 0.12023927913734603 0.7486154386851972
9 13.0 21.0 -19.0 -150.0 -24.16 12.831243434710764 0.12254616694119948 0.11222519411785385 0.7652286389409463
9 14.0 42.0 -17.0 -37.0 -21.73 2.4978981063075714 0.11658587588799423 0.11073610114064865 0.772678022971357
9 15.0 54.0 -15.0 -31.0 -19.98 2.0200010000997626 0.10416936698734558 0.10440314639611278 0.7914274866165418
9 16.0 4.0 -15.0 -23.0 -18.5 1.5406937962286256 0.119068774475725 0.11579312935797165 0.7651380961663028
9 17.0 4.0 -15.0 -23.0 -17.39 1.4967641866048993 0.11161054782366465 0.11384865483785904 0.7745407973384763
9 18.0 22.0 -14.0 -23.0 -16.4 1.6017667013821237 0.10761955310311219 0.10730601314896356 0.7850744337479243
9 19.0 56.0 -12.0 -23.0 -15.26 1.5930404193798025 0.11089597369512921 0.10329495796097302 0.7858090683438977
9 20.0 4.0 -12.0 -23.0 -14.35 1.7545035845739472 0.11774417553477966 0.09384711476291752 0.788408709702303
9 21.0 30.0 -11.0 -20.0 -13.2 1.2949006435891819 0.12992302406201767 0.08542123379461035 0.7846557421433719
9 22.0 41.0 -9.0 -20.0 -12.23 1.4203072650918618 0.13165661714959506 0.08991749410433346 0.7784258887460715
9 23.0 15.0 -9.0 -20.0 -11.23 1.3622248586986516 0.1305406813831096 0.08894502427816439 0.7805142943387263
9 24.0 69.0 -8.0 -13.0 -10.21 0.9670845491747477 0.13638975041751694 0.10187575808518906 0.7617344914972936
9 25.0 7.0 -7.0 -13.0 -9.33 1.1725393318982889 0.13143781965147727 0.09741982782534889 0.771142352523174
9 26.0 24.0 -6.0 -13.0 -8.46 1.2746162028808772 0.1396381449363346 0.09950122313163129 0.7608606319320339
9 27.0 0.0 -5.0 -13.0 -7.51 1.2349702486908396 0.14306826094952815 0.11117297520949027 0.7457587638409819
9 28.0 0.0 -5.0 -13.0 -6.82 1.3808210118138649 0.13388055893734266 0.11808302848037215 0.7480364125822849
9 29.0 28.0 -4.0 -13.0 -5.95 1.4590366269521404 0.13607651484046257 0.11264533162504571 0.7512781535344913
9 30.0 28.0 -3.0 -11.0 -5.1 1.2831463854387957 0.1441156147053689 0.13043523944625468 0.7254491458483762
9 31.0 68.0 -2.0 -9.0 -4.31 1.1694339475044138 0.135111432525488 0.13721461986700006 0.7276739476075121
9 32.0 12.0 -2.0 -9.0 -3.73 1.2048303455740825 0.139583099189304 0.1339785992755723 0.7264383015351238
9 33.0 37.0 -1.0 -8.0 -3.13 1.079234670842017 0.1539021938777401 0.1476095115009323 0.6984882946213272
9 34.0 10.0 -1.0 -8.0 -2.51 1.0683225783035426 0.1606535161471216 0.13399278725285962 0.7053536966000189
9 35.0 2.0 -1.0 -5.0 -1.89 0.7900262110470847 0.16163440455339198 0.1418770087796752 0.6964885866669327
9 36.0 2.0 -1.0 -4.0 -1.48 0.6887259501016603 0.15551934719484722 0.14093584249538726 0.7035448103097656
9 37.0 0.0 -1.0 -4.0 -1.24 0.5706632681858596 0.17669764611779487 0.17416481319877705 0.6491375406834281
9 38.0 0.0 -1.0 -4.0 -1.09 0.378593889720019 0.21068644215175017 0.22309142973350418 0.5662221281147453
9 39.0 0.0 -1.0 -4.0 -1.06 0.34289321599553124 0.26865551301926127 0.22563797316879491 0.5057065138119436
9 40.0 0.0 -1.0 -4.0 -1.05 0.32952368440805296 0.2848887772595456 0.24169991266004692 0.4734113100804073
9 41.0 0.0 -1.0 -4.0 -1.04 0.31526804372460465 0.3099351322683599 0.2579602519844275 0.4321046157472127
9 42.0 0.0 -1.0 -4.0 -1.04 0.31526804372460465 0.302723792356568 0.29129960417470163 0.40597660346873027
9 43.0 0.0 -1.0 -4.0 -1.04 0.31526804372460465 0.3224273329465301 0.2840756357675858 0.3934970312858841
9 44.0 0.0 -1.0 -4.0 -1.03 0.29999999999999943 0.3392019526605287 0.28397884665262807 0.37681920068684327
9 45.0 0.0 -1.0 -4.0 -1.03 0.29999999999999943 0.3704007898661017 0.26816473536874 0.3614344747651582
9 46.0 0.0 -1.0 -2.0 -1.01 0.09999999999999994 0.3721819333636532 0.26760640578857925 0.36021166084776707
9 47.0 0.0 -1.0 -1.0 -1.0 0.0 0.37771521353226395 0.26564103841239567 0.35664374805534016
9 48.0 0.0 -1.0 -1.0 -1.0 0.0 0.3483771971499315 0.2850645759141754 0.3665582269358934
9 49.0 0.0 -1.0 -1.0 -1.0 0.0 0.3443714726207736 0.2722798958135109 0.3833486315657154
9 50.0 0.0 -1.0 -1.0 -1.0 0.0 0.3340045518077372 0.29323102700114445 0.3727644211911184
9 51.0 0.0 -1.0 -1.0 -1.0 0.0 0.36888371731853303 0.288978729652154 0.34213755302931304
9 52.0 0.0 -1.0 -1.0 -1.0 0.0 0.3496061154109477 0.31157278083822165 0.33882110375083074
9 53.0 0.0 -1.0 -1.0 -1.0 0.0 0.3115389242480009 0.3361057441272728 0.3523553316247265
9 54.0 0.0 -1.0 -1.0 -1.0 0.0 0.30508810340695147 0.3356758438003525 0.35923605279269616
9 55.0 0.0 -1.0 -1.0 -1.0 0.0 0.29386001370029363 0.3308569967501301 0.3752829895495763
9 56.0 0.0 -1.0 -1.0 -1.0 0.0 0.3120260756754276 0.32830762667846225 0.3596662976461101
9 57.0 0.0 -1.0 -1.0 -1.0 0.0 0.31796016490020135 0.33376482012634867 0.3482750149734501
9 58.0 0.0 -1.0 -1.0 -1.0 0.0 0.3283861570756607 0.329178855620797 0.34243498730354205
9 59.0 0.0 -1.0 -1.0 -1.0 0.0 0.3474345336433201 0.3243526266887229 0.32821283966795695
9 60.0 0.0 -1.0 -1.0 -1.0 0.0 0.34789091439636893 0.3191076469668722 0.33300143863675863
9 61.0 0.0 -1.0 -1.0 -1.0 0.0 0.36292923707258296 0.30700167782319304 0.330069085104224
9 62.0 0.0 -1.0 -1.0 -1.0 0.0 0.35781449953429983 0.3013827327389015 0.34080276772679907
9 63.0 0.0 -1.0 -1.0 -1.0 0.0 0.3195705548949449 0.31955235450138875 0.3608770906036666
9 64.0 0.0 -1.0 -1.0 -1.0 0.0 0.3185883049959511 0.3266790828564682 0.35473261214758084
9 65.0 0.0 -1.0 -1.0 -1.0 0.0 0.3285165804077403 0.34524080491092457 0.326242614681335
9 66.0 0.0 -1.0 -1.0 -1.0 0.0 0.3300363680512712 0.333197903871585 0.336765728077144
9 67.0 0.0 -1.0 -1.0 -1.0 0.0 0.33095429113871966 0.33986462363828535 0.32918108522299505
9 68.0 0.0 -1.0 -1.0 -1.0 0.0 0.35826740451630223 0.32629324120183 0.31543935428186787
9 69.0 0.0 -1.0 -1.0 -1.0 0.0 0.3517282779219491 0.3255808495646763 0.32269087251337447
9 70.0 0.0 -1.0 -1.0 -1.0 0.0 0.3522855788503227 0.31215475200841886 0.33555966914125857
9 71.0 0.0 -1.0 -1.0 -1.0 0.0 0.34612518040225176 0.3306925805580574 0.32318223903969084
9 72.0 0.0 -1.0 -1.0 -1.0 0.0 0.3371201538322664 0.33343796156222794 0.32944188460550605
9 73.0 0.0 -1.0 -1.0 -1.0 0.0 0.34694931275032487 0.3055800092082017 0.34747067804147347
9 74.0 0.0 -1.0 -1.0 -1.0 0.0 0.36697423431640963 0.31659514177376574 0.31643062390982446
9 75.0 0.0 -1.0 -1.0 -1.0 0.0 0.38513948266092307 0.29929065528536003 0.3155698620537173
9 76.0 0.0 -1.0 -1.0 -1.0 0.0 0.3981715409662712 0.29624329236769936 0.3055851666660296
9 77.0 0.0 -1.0 -1.0 -1.0 0.0 0.3985298461939106 0.29523901466534835 0.30623113914074085
9 78.0 0.0 -1.0 -1.0 -1.0 0.0 0.3764958104169508 0.31163425888786384 0.3118699306951853
9 79.0 0.0 -1.0 -1.0 -1.0 0.0 0.3470565817075844 0.3249788981058548 0.32796452018656086
9 80.0 0.0 -1.0 -1.0 -1.0 0.0 0.3452937957784096 0.3341851721501304 0.32052103207146004
9 81.0 0.0 -1.0 -1.0 -1.0 0.0 0.34561834731564856 0.3336933176575002 0.32068833502685107
9 82.0 0.0 -1.0 -1.0 -1.0 0.0 0.33205408692602 0.31880296778102 0.34914294529296
9 83.0 0.0 -1.0 -1.0 -1.0 0.0 0.3478757002282048 0.31723951477196377 0.3348847849998313
9 84.0 0.0 -1.0 -1.0 -1.0 0.0 0.3482426176868397 0.3159382124075027 0.33581916990565763
9 85.0 0.0 -1.0 -1.0 -1.0 0.0 0.36838740802271386 0.32202217205599026 0.309590419921296
9 86.0 0.0 -1.0 -1.0 -1.0 0.0 0.3705732313915634 0.3100894455802654 0.31933732302817114
9 87.0 0.0 -1.0 -1.0 -1.0 0.0 0.3100601012353075 0.34453963041106334 0.3454002683536291
9 88.0 0.0 -1.0 -1.0 -1.0 0.0 0.3080844264488955 0.3393148199590916 0.3526007535920131
9 89.0 0.0 -1.0 -1.0 -1.0 0.0 0.2891095924102793 0.3430557752062341 0.3678346323834867
9 90.0 0.0 -1.0 -1.0 -1.0 0.0 0.29557894222098824 0.32594825945104355 0.3784727983279684
9 91.0 0.0 -1.0 -1.0 -1.0 0.0 0.32436636776193395 0.3100352761300768 0.3655983561079891
9 92.0 0.0 -1.0 -1.0 -1.0 0.0 0.32582805712504354 0.3301050317849254 0.3440669110900313
9 93.0 0.0 -1.0 -1.0 -1.0 0.0 0.34877512539552774 0.329708498384191 0.3215163762202813
9 94.0 0.0 -1.0 -1.0 -1.0 0.0 0.33961314595313075 0.32471227212888665 0.3356745819179825
9 95.0 0.0 -1.0 -1.0 -1.0 0.0 0.32955535975563693 0.3488701263312459 0.3215745139131171
9 96.0 0.0 -1.0 -1.0 -1.0 0.0 0.323174618000285 0.36129008838082605 0.31553529361888905
9 97.0 0.0 -1.0 -1.0 -1.0 0.0 0.31911027999767594 0.3506339980420276 0.3302557219602963
9 98.0 0.0 -1.0 -1.0 -1.0 0.0 0.34141929340638183 0.3224056652110436 0.33617504138257454
9 99.0 0.0 -1.0 -1.0 -1.0 0.0 0.3328320698621409 0.34408059383543377 0.3230873363024253
9 100.0 0.0 -1.0 -1.0 -1.0 0.0 0.34437364485736033 0.3124232717216 0.34320308342103995
9 101.0 0.0 -1.0 -1.0 -1.0 0.0 0.3468810008944913 0.3066324800887237 0.3464865190167851
9 102.0 0.0 -1.0 -1.0 -1.0 0.0 0.3581766173145357 0.2896984247099359 0.3521249579755284
9 103.0 0.0 -1.0 -1.0 -1.0 0.0 0.3753641561162403 0.29107017913882277 0.3335656647449369
9 104.0 0.0 -1.0 -1.0 -1.0 0.0 0.3726755621700606 0.31027045269673853 0.31705398513320077
9 105.0 0.0 -1.0 -1.0 -1.0 0.0 0.3644982247809539 0.32980994851346473 0.3056918267055815
9 106.0 0.0 -1.0 -1.0 -1.0 0.0 0.35328546051317333 0.30862097294682383 0.33809356654000294
9 107.0 0.0 -1.0 -1.0 -1.0 0.0 0.3388732010448438 0.32011900681075517 0.341007792144401
9 108.0 0.0 -1.0 -1.0 -1.0 0.0 0.3378221876950323 0.3173430021100062 0.34483481019496137
9 109.0 0.0 -1.0 -1.0 -1.0 0.0 0.3318174732080438 0.30423974402288895 0.3639427827690671
9 110.0 0.0 -1.0 -1.0 -1.0 0.0 0.33525542999724095 0.28947003320357867 0.3752745367991804
9 111.0 0.0 -1.0 -1.0 -1.0 0.0 0.3161725338185667 0.30993469780303096 0.3738927683784026
9 112.0 0.0 -1.0 -1.0 -1.0 0.0 0.3541689380925602 0.30428946044434 0.34154160146309975
9 113.0 0.0 -1.0 -1.0 -1.0 0.0 0.3183048227922935 0.30742095841526923 0.3742742187924371
9 114.0 0.0 -1.0 -1.0 -1.0 0.0 0.3460211832701205 0.30188005892545944 0.35209875780442024
9 115.0 0.0 -1.0 -1.0 -1.0 0.0 0.3394511991627151 0.32848445668232074 0.33206434415496394
9 116.0 0.0 -1.0 -1.0 -1.0 0.0 0.3626040621412492 0.3038883926638833 0.33350754519486736
9 117.0 0.0 -1.0 -1.0 -1.0 0.0 0.34601812033682955 0.3110256114921159 0.34295626817105473
9 118.0 0.0 -1.0 -1.0 -1.0 0.0 0.345501406405916 0.31378727162916886 0.3407113219649149
9 119.0 0.0 -1.0 -1.0 -1.0 0.0 0.35256042701656964 0.35237953591659754 0.2950600370668326
9 120.0 0.0 -1.0 -1.0 -1.0 0.0 0.347043160815257 0.3413040849574179 0.31165275422732547
9 121.0 0.0 -1.0 -1.0 -1.0 0.0 0.35289338552798794 0.3607396823287789 0.28636693214323294
9 122.0 0.0 -1.0 -1.0 -1.0 0.0 0.3584844289117797 0.34914672093916577 0.29236885014905434
9 123.0 0.0 -1.0 -1.0 -1.0 0.0 0.3165301498511394 0.35756837004842146 0.3259014801004391
9 124.0 0.0 -1.0 -1.0 -1.0 0.0 0.28041895586515003 0.3684724778995361 0.3511085662353139
9 125.0 0.0 -1.0 -1.0 -1.0 0.0 0.3147886791962929 0.3376006608614155 0.3476106599422916
9 126.0 0.0 -1.0 -1.0 -1.0 0.0 0.30798959859767616 0.3323882175495211 0.3596221838528026
9 127.0 0.0 -1.0 -1.0 -1.0 0.0 0.3012190696553171 0.3423312100665881 0.35644972027809474
9 128.0 0.0 -1.0 -1.0 -1.0 0.0 0.33082083617294633 0.3254001722347505 0.3437789915923031
9 129.0 0.0 -1.0 -1.0 -1.0 0.0 0.341526770829524 0.31635690635041025 0.3421163228200657
9 130.0 0.0 -1.0 -1.0 -1.0 0.0 0.33175987251818173 0.33972351613237817 0.32851661134943994
9 131.0 0.0 -1.0 -1.0 -1.0 0.0 0.3373727723672456 0.35022048188107635 0.31240674575167804
9 132.0 0.0 -1.0 -1.0 -1.0 0.0 0.3455018947913168 0.36766290454606276 0.2868352006626205
9 133.0 0.0 -1.0 -1.0 -1.0 0.0 0.3234387615930994 0.37041126399518753 0.30614997441171293
9 134.0 0.0 -1.0 -1.0 -1.0 0.0 0.33491031604227073 0.35877633855073543 0.3063133454069939
9 135.0 0.0 -1.0 -1.0 -1.0 0.0 0.3251737730544476 0.35778672535549655 0.3170395015900558
9 136.0 0.0 -1.0 -1.0 -1.0 0.0 0.34021741777847736 0.3368782733813812 0.3229043088401415
9 137.0 0.0 -1.0 -1.0 -1.0 0.0 0.34339552766204195 0.3270754330464856 0.32952903929147204
9 138.0 0.0 -1.0 -1.0 -1.0 0.0 0.31663739429113 0.33213282922173903 0.3512297764871311
9 139.0 0.0 -1.0 -1.0 -1.0 0.0 0.3350894641225502 0.33346211871356796 0.33144841716388207
9 140.0 0.0 -1.0 -1.0 -1.0 0.0 0.34014618675368313 0.31505904452145866 0.34479476872485826
9 141.0 0.0 -1.0 -1.0 -1.0 0.0 0.34297893998155926 0.3163722526570006 0.34064880736144043
9 142.0 0.0 -1.0 -1.0 -1.0 0.0 0.3470145136905692 0.3133698748763656 0.33961561143306535
9 143.0 0.0 -1.0 -1.0 -1.0 0.0 0.31827789414742946 0.31286488661164485 0.3688572192409256
9 144.0 0.0 -1.0 -1.0 -1.0 0.0 0.3277517599440705 0.30347823459569256 0.36877000546023686
9 145.0 0.0 -1.0 -1.0 -1.0 0.0 0.3184916280677664 0.3223407849624103 0.3591675869698234
9 146.0 0.0 -1.0 -1.0 -1.0 0.0 0.3069080944138898 0.32224890661118594 0.37084299897492423
9 147.0 0.0 -1.0 -1.0 -1.0 0.0 0.3227568710504844 0.2912106863952883 0.3860324425542274
9 148.0 0.0 -1.0 -1.0 -1.0 0.0 0.31831842615297257 0.311858430497644 0.3698231433493835
9 149.0 0.0 -1.0 -1.0 -1.0 0.0 0.3220059886690366 0.31923117162286235 0.3587628397081011
9 150.0 0.0 -1.0 -1.0 -1.0 0.0 0.31715722647943795 0.31309659546177665 0.3697461780587853
9 151.0 0.0 -1.0 -1.0 -1.0 0.0 0.33969476034000784 0.33312910285261066 0.3271761368073813
9 152.0 0.0 -1.0 -1.0 -1.0 0.0 0.3388087633373219 0.32258138152290555 0.3386098551397727
9 153.0 0.0 -1.0 -1.0 -1.0 0.0 0.31333866155682943 0.33590304943236093 0.35075828901080996
9 154.0 0.0 -1.0 -1.0 -1.0 0.0 0.29946937291287434 0.34044933961579915 0.3600812874713265
9 155.0 0.0 -1.0 -1.0 -1.0 0.0 0.3004502973558565 0.34136733604539576 0.3581823665987479
9 156.0 0.0 -1.0 -1.0 -1.0 0.0 0.30664067004580825 0.32913436473002383 0.36422496522416786
9 157.0 0.0 -1.0 -1.0 -1.0 0.0 0.34104285924399347 0.33154212745254724 0.3274150133034592
9 158.0 0.0 -1.0 -1.0 -1.0 0.0 0.3379409876701934 0.35052043926477644 0.3115385730650302
9 159.0 0.0 -1.0 -1.0 -1.0 0.0 0.33522182200590267 0.348840902462566 0.3159372755315313
9 160.0 0.0 -1.0 -1.0 -1.0 0.0 0.33735966335344975 0.33838326482380177 0.32425707182274854
9 161.0 0.0 -1.0 -1.0 -1.0 0.0 0.3610780149038299 0.33169581840943996 0.3072261666867298
9 162.0 0.0 -1.0 -1.0 -1.0 0.0 0.3561516060943058 0.324258531624304 0.31958986228139014
9 163.0 0.0 -1.0 -1.0 -1.0 0.0 0.3361379102079491 0.35407749664356536 0.3097845931484854
9 164.0 0.0 -1.0 -1.0 -1.0 0.0 0.34473202574708595 0.35960907551149185 0.2956588987414223
9 165.0 0.0 -1.0 -1.0 -1.0 0.0 0.3463277071395003 0.35701704206571255 0.2966552507947872
9 166.0 0.0 -1.0 -1.0 -1.0 0.0 0.34463832048364124 0.37518695348133846 0.2801747260350203
9 167.0 0.0 -1.0 -1.0 -1.0 0.0 0.35028542596248635 0.36309633000644714 0.2866182440310665
9 168.0 0.0 -1.0 -1.0 -1.0 0.0 0.3431680994364148 0.338626309013531 0.3182055915500543
9 169.0 0.0 -1.0 -1.0 -1.0 0.0 0.3167478430937481 0.35313217105165473 0.33011998585459734
9 170.0 0.0 -1.0 -1.0 -1.0 0.0 0.3243140052622547 0.31567070069846026 0.36001529403928495
9 171.0 0.0 -1.0 -1.0 -1.0 0.0 0.32871447590476904 0.3184589086981374 0.3528266153970934
9 172.0 0.0 -1.0 -1.0 -1.0 0.0 0.32976843099602904 0.31099613685782485 0.3592354321461459
9 173.0 0.0 -1.0 -1.0 -1.0 0.0 0.318495034029598 0.34477335994518304 0.336731606025219
9 174.0 0.0 -1.0 -1.0 -1.0 0.0 0.33976491238761014 0.3305030978543786 0.3297319897580113
9 175.0 0.0 -1.0 -1.0 -1.0 0.0 0.3514426281805995 0.3133705179213869 0.3351868538980136
9 176.0 0.0 -1.0 -1.0 -1.0 0.0 0.3604198510677605 0.3251884719288004 0.31439167700343906
9 177.0 0.0 -1.0 -1.0 -1.0 0.0 0.33371356201827207 0.3457164750896343 0.32056996289209344
9 178.0 0.0 -1.0 -1.0 -1.0 0.0 0.30698784948690305 0.37148348828957983 0.32152866222351717
9 179.0 0.0 -1.0 -1.0 -1.0 0.0 0.32379340554464897 0.3792154290065626 0.29699116544878845
9 180.0 0.0 -1.0 -1.0 -1.0 0.0 0.3529036972787247 0.3349391848132748 0.31215711790800066
9 181.0 0.0 -1.0 -1.0 -1.0 0.0 0.33759311113679247 0.35319484801002327 0.3092120408531842
9 182.0 0.0 -1.0 -1.0 -1.0 0.0 0.3219844105814164 0.37793346426240093 0.3000821251561829
9 183.0 0.0 -1.0 -1.0 -1.0 0.0 0.3435043639730959 0.358032868345871 0.2984627676810329
9 184.0 0.0 -1.0 -1.0 -1.0 0.0 0.33378830686107364 0.35512355445187554 0.3110881386870507
9 185.0 0.0 -1.0 -1.0 -1.0 0.0 0.3276534244064675 0.3622278917143315 0.310118683879201
9 186.0 0.0 -1.0 -1.0 -1.0 0.0 0.348006573446262 0.3166877387692662 0.33530568778447184
9 187.0 0.0 -1.0 -1.0 -1.0 0.0 0.33532917474742613 0.3588978272334973 0.30577299801907665
9 188.0 0.0 -1.0 -1.0 -1.0 0.0 0.3592539692147428 0.3696520778290754 0.2710939529561817
9 189.0 0.0 -1.0 -1.0 -1.0 0.0 0.3561280885195364 0.36031064010359937 0.28356127137686415
9 190.0 0.0 -1.0 -1.0 -1.0 0.0 0.34781681282611726 0.3556971363705378 0.2964860508033449
9 191.0 0.0 -1.0 -1.0 -1.0 0.0 0.3358668190688344 0.3721942155397411 0.29193896539142455
9 192.0 0.0 -1.0 -1.0 -1.0 0.0 0.35830249693836985 0.3765193767370309 0.2651781263245993
9 193.0 0.0 -1.0 -1.0 -1.0 0.0 0.33540252926765135 0.37647089675339607 0.2881265739789524
9 194.0 0.0 -1.0 -1.0 -1.0 0.0 0.34285512321355327 0.4037756030710478 0.25336927371539897
9 195.0 0.0 -1.0 -1.0 -1.0 0.0 0.32588557074633534 0.38050659492154293 0.2936078343321216
9 196.0 0.0 -1.0 -1.0 -1.0 0.0 0.32800030712299205 0.37451443106727295 0.2974852618097351
9 197.0 0.0 -1.0 -1.0 -1.0 0.0 0.3340510817295712 0.3524602760047143 0.31348864226571466
9 198.0 0.0 -1.0 -1.0 -1.0 0.0 0.3195671701604088 0.34649019101288614 0.33394263882670505
9 199.0 0.0 -1.0 -1.0 -1.0 0.0 0.3107580544099835 0.359422717783984 0.3298192278060326
9 200.0 0.0 -1.0 -1.0 -1.0 0.0 0.30770750338139136 0.3567122063902588 0.33558029022834995
9 201.0 0.0 -1.0 -1.0 -1.0 0.0 0.3341956883512772 0.3569697454927108 0.30883456615601207
9 202.0 0.0 -1.0 -1.0 -1.0 0.0 0.3540809410770678 0.32541744141778495 0.3205016175051469
9 203.0 0.0 -1.0 -1.0 -1.0 0.0 0.36549256342226255 0.32481925622362984 0.30968818035410745
9 204.0 0.0 -1.0 -1.0 -1.0 0.0 0.36392364239560626 0.3229146392553349 0.3131617183490588
9 205.0 0.0 -1.0 -1.0 -1.0 0.0 0.36914549676517017 0.32007525840251105 0.3107792448323187
9 206.0 0.0 -1.0 -1.0 -1.0 0.0 0.3767105306338262 0.31909609470245803 0.3041933746637157
9 207.0 0.0 -1.0 -1.0 -1.0 0.0 0.3831174777156343 0.3049088347835979 0.31197368750076776
9 208.0 0.0 -1.0 -1.0 -1.0 0.0 0.3828066858514942 0.2890635439408984 0.32812977020760725
9 209.0 0.0 -1.0 -1.0 -1.0 0.0 0.34141620640893694 0.32367967836389755 0.33490411522716557
9 210.0 0.0 -1.0 -1.0 -1.0 0.0 0.346761924689811 0.324212769755037 0.3290253055551519
9 211.0 0.0 -1.0 -1.0 -1.0 0.0 0.36035396199156183 0.3290040529801177 0.31064198502832036
9 212.0 0.0 -1.0 -1.0 -1.0 0.0 0.36970776811876577 0.30302981861022277 0.32726241327101135
9 213.0 0.0 -1.0 -1.0 -1.0 0.0 0.3522556548011099 0.3112075191423156 0.3365368260565744
9 214.0 0.0 -1.0 -1.0 -1.0 0.0 0.3495351251241996 0.29924292101134886 0.35122195386445154
9 215.0 0.0 -1.0 -1.0 -1.0 0.0 0.3550600965103239 0.29042684051917456 0.3545130629705014
9 216.0 0.0 -1.0 -1.0 -1.0 0.0 0.37387727154107564 0.2913610826813257 0.33476164577759876
9 217.0 0.0 -1.0 -1.0 -1.0 0.0 0.3545582863056876 0.31823812739142243 0.32720358630289004
9 218.0 0.0 -1.0 -1.0 -1.0 0.0 0.3488926681941584 0.3161203067787034 0.3349870250271381
9 219.0 0.0 -1.0 -1.0 -1.0 0.0 0.36632621280597705 0.3172490191376901 0.316424768056333
9 220.0 0.0 -1.0 -1.0 -1.0 0.0 0.3393104156719106 0.3294112429278232 0.33127834140026613
9 221.0 0.0 -1.0 -1.0 -1.0 0.0 0.339519949759739 0.32210968834655673 0.33837036189370406
9 222.0 0.0 -1.0 -1.0 -1.0 0.0 0.3337573158387192 0.3277443343189411 0.3384983498423398
9 223.0 0.0 -1.0 -1.0 -1.0 0.0 0.3383538814076893 0.3260672752167935 0.33557884337551735
9 224.0 0.0 -1.0 -1.0 -1.0 0.0 0.341461564011324 0.3308617709608249 0.3276766650278511
9 225.0 0.0 -1.0 -1.0 -1.0 0.0 0.3485899383022925 0.32440688679841023 0.3270031748992973
9 226.0 0.0 -1.0 -1.0 -1.0 0.0 0.35414258310777014 0.34510517411407376 0.30075224277815604
9 227.0 0.0 -1.0 -1.0 -1.0 0.0 0.34780971716347303 0.36611378299609953 0.28607649984042743
9 228.0 0.0 -1.0 -1.0 -1.0 0.0 0.3636914596412041 0.33388823075777097 0.30242030960102506
9 229.0 0.0 -1.0 -1.0 -1.0 0.0 0.35586247796468107 0.32731460711254456 0.3168229149227746
9 230.0 0.0 -1.0 -1.0 -1.0 0.0 0.33579568825002276 0.3352180243065774 0.32898628744339997
9 231.0 0.0 -1.0 -1.0 -1.0 0.0 0.34562670923689326 0.33503369058568927 0.31933960017741736
9 232.0 0.0 -1.0 -1.0 -1.0 0.0 0.3210910684499684 0.32901694606106635 0.34989198548896516
9 233.0 0.0 -1.0 -1.0 -1.0 0.0 0.31411522420289667 0.33854587270270964 0.3473389030943941
9 234.0 0.0 -1.0 -1.0 -1.0 0.0 0.318261012529121 0.34310877403805695 0.338630213432822
9 235.0 0.0 -1.0 -1.0 -1.0 0.0 0.3327325516695954 0.33170156116837474 0.33556588716203
9 236.0 0.0 -1.0 -1.0 -1.0 0.0 0.33591155625676594 0.31570779952439215 0.34838064421884213
9 237.0 0.0 -1.0 -1.0 -1.0 0.0 0.31520353199044693 0.3374706859647688 0.3473257820447843
9 238.0 0.0 -1.0 -1.0 -1.0 0.0 0.33003299045128237 0.2964110757779455 0.3735559337707722
9 239.0 0.0 -1.0 -1.0 -1.0 0.0 0.330214291577537 0.326279434624953 0.3435062737975101
9 240.0 0.0 -1.0 -1.0 -1.0 0.0 0.3321070069660346 0.3479060591998466 0.3199869338341188
9 241.0 0.0 -1.0 -1.0 -1.0 0.0 0.3292083174810357 0.32632290439133227 0.3444687781276322
9 242.0 0.0 -1.0 -1.0 -1.0 0.0 0.34994086502086036 0.32535375227441576 0.3247053827047239
9 243.0 0.0 -1.0 -1.0 -1.0 0.0 0.36490132243837087 0.3160708823305945 0.31902779523103464
9 244.0 0.0 -1.0 -1.0 -1.0 0.0 0.3797274767886203 0.30992565389033827 0.31034686932104155
9 245.0 0.0 -1.0 -1.0 -1.0 0.0 0.3956872977420115 0.32355532470179765 0.2807573775561908
9 246.0 0.0 -1.0 -1.0 -1.0 0.0 0.3875814531197554 0.3209569172867064 0.2914616295935381
9 247.0 0.0 -1.0 -1.0 -1.0 0.0 0.36035036014928273 0.3393131263772753 0.30033651347344203
9 248.0 0.0 -1.0 -1.0 -1.0 0.0 0.3618363473418939 0.3309602356871075 0.3072034169709987
9 249.0 0.0 -1.0 -1.0 -1.0 0.0 0.3760560006787032 0.31126289499437 0.3126811043269265
9 250.0 0.0 -1.0 -1.0 -1.0 0.0 0.37239597960806753 0.3116679230843333 0.31593609730759925
9 251.0 0.0 -1.0 -1.0 -1.0 0.0 0.3834382783432122 0.3194970828563933 0.29706463880039446
9 252.0 0.0 -1.0 -1.0 -1.0 0.0 0.3659070041661078 0.33950075459309564 0.2945922412407968
9 253.0 0.0 -1.0 -1.0 -1.0 0.0 0.3497529437937892 0.340553614202294 0.3096934420039169
9 254.0 0.0 -1.0 -1.0 -1.0 0.0 0.29757910121133657 0.3638046440167348 0.33861625477192897
9 255.0 0.0 -1.0 -1.0 -1.0 0.0 0.3165806353587348 0.34698417309951773 0.33643519154174745
9 256.0 0.0 -1.0 -1.0 -1.0 0.0 0.3330283148437886 0.35499975888121826 0.31197192627499304
9 257.0 0.0 -1.0 -1.0 -1.0 0.0 0.295770208938056 0.36195484078831475 0.34227495027362925
9 258.0 0.0 -1.0 -1.0 -1.0 0.0 0.31862576577829016 0.339130538379789 0.3422436958419206
9 259.0 0.0 -1.0 -1.0 -1.0 0.0 0.34275753523911484 0.3342694875329018 0.3229729772279831
9 260.0 0.0 -1.0 -1.0 -1.0 0.0 0.3330948816710221 0.3536095199787013 0.3132955983502763
9 261.0 0.0 -1.0 -1.0 -1.0 0.0 0.31361690135691944 0.356114630795924 0.3302684678471568
9 262.0 0.0 -1.0 -1.0 -1.0 0.0 0.2916081985162908 0.35718285760370044 0.35120894388000906
9 263.0 0.0 -1.0 -1.0 -1.0 0.0 0.2887892385096125 0.3617373014870647 0.3494734600033227
9 264.0 0.0 -1.0 -1.0 -1.0 0.0 0.31768903409905325 0.35976137994294966 0.3225495859579972
9 265.0 0.0 -1.0 -1.0 -1.0 0.0 0.32677417560402056 0.3378304147012773 0.33539540969470233
9 266.0 0.0 -1.0 -1.0 -1.0 0.0 0.3269425416290131 0.3372510036338381 0.3358064547371491
9 267.0 0.0 -1.0 -1.0 -1.0 0.0 0.31651295621824865 0.3228325843819557 0.36065445939979596
9 268.0 0.0 -1.0 -1.0 -1.0 0.0 0.31673444289205527 0.3162799328298008 0.366985624278144
9 269.0 0.0 -1.0 -1.0 -1.0 0.0 0.31938278705854156 0.33925852897391046 0.3413586839675479
9 270.0 0.0 -1.0 -1.0 -1.0 0.0 0.3196460732505895 0.348179510757409 0.33217441599200165
9 271.0 0.0 -1.0 -1.0 -1.0 0.0 0.3200176769756382 0.37317896017417335 0.30680336285018883
9 272.0 0.0 -1.0 -1.0 -1.0 0.0 0.30061850137165586 0.35259167113667855 0.3467898274916653
9 273.0 0.0 -1.0 -1.0 -1.0 0.0 0.32057399812321985 0.34600225993359 0.33342374194319
9 274.0 0.0 -1.0 -1.0 -1.0 0.0 0.32390442897576804 0.32947404824168736 0.3466215227825444
9 275.0 0.0 -1.0 -1.0 -1.0 0.0 0.3324083056295967 0.3410036697894621 0.32658802458094116
9 276.0 0.0 -1.0 -1.0 -1.0 0.0 0.3231702264119536 0.370484089280608 0.3063456843074385
9 277.0 0.0 -1.0 -1.0 -1.0 0.0 0.3463117438810992 0.3318370383130555 0.32185121780584547
9 278.0 0.0 -1.0 -1.0 -1.0 0.0 0.35776986470368344 0.33440296311900886 0.3078271721773075
9 279.0 0.0 -1.0 -1.0 -1.0 0.0 0.35587191688920433 0.3136386669835221 0.33048941612727345
9 280.0 0.0 -1.0 -1.0 -1.0 0.0 0.34498752842644587 0.3043800431255161 0.35063242844803805
9 281.0 0.0 -1.0 -1.0 -1.0 0.0 0.33415611103781573 0.30942656592209067 0.35641732304009344
9 282.0 0.0 -1.0 -1.0 -1.0 0.0 0.31681977720981286 0.34003546027495885 0.3431447625152284
9 283.0 0.0 -1.0 -1.0 -1.0 0.0 0.33600438162244184 0.330015937204709 0.3339796811728491
9 284.0 0.0 -1.0 -1.0 -1.0 0.0 0.329379065303018 0.33699633014262337 0.33362460455435866
9 285.0 0.0 -1.0 -1.0 -1.0 0.0 0.3040436244207708 0.3492788668276638 0.3466775087515655
9 286.0 0.0 -1.0 -1.0 -1.0 0.0 0.3003186838032297 0.3299721148078502 0.3697092013889201
9 287.0 0.0 -1.0 -1.0 -1.0 0.0 0.33316642223299087 0.3333636398256153 0.3334699379413938
9 288.0 0.0 -1.0 -1.0 -1.0 0.0 0.3307713606607259 0.3210266535827572 0.3482019857565169
9 289.0 0.0 -1.0 -1.0 -1.0 0.0 0.29201119510595447 0.334574363180581 0.37341444171346433
9 290.0 0.0 -1.0 -1.0 -1.0 0.0 0.28706368132913357 0.34298507098381775 0.3699512476870488
9 291.0 0.0 -1.0 -1.0 -1.0 0.0 0.30730201550311453 0.30665835781960915 0.38603962667727637
9 292.0 0.0 -1.0 -1.0 -1.0 0.0 0.31450071822948744 0.35057613556251144 0.3349231462080009
9 293.0 0.0 -1.0 -1.0 -1.0 0.0 0.3018906799029056 0.35785384452216723 0.3402554755749271
9 294.0 0.0 -1.0 -1.0 -1.0 0.0 0.3184525174465102 0.35030532683049487 0.33124215572299454
9 295.0 0.0 -1.0 -1.0 -1.0 0.0 0.32523980136382635 0.349782273958537 0.324977924677637
9 296.0 0.0 -1.0 -1.0 -1.0 0.0 0.3168013178366447 0.3436284169906173 0.3395702651727377
9 297.0 0.0 -1.0 -1.0 -1.0 0.0 0.33206768212754545 0.3379686954494899 0.32996362242296484
9 298.0 0.0 -1.0 -1.0 -1.0 0.0 0.36903691887529905 0.32523135987697616 0.30573172124772513
9 299.0 0.0 -1.0 -1.0 -1.0 0.0 0.36064180253634176 0.3161834373103285 0.3231747601533297
9 300.0 0.0 -1.0 -1.0 -1.0 0.0 0.3514006435774678 0.3024800385504404 0.3461193178720917
9 301.0 0.0 -1.0 -1.0 -1.0 0.0 0.35360465795745044 0.31564106766899724 0.33075427437355254
9 302.0 0.0 -1.0 -1.0 -1.0 0.0 0.3369875118950849 0.3220289764364217 0.34098351166849367
9 303.0 0.0 -1.0 -1.0 -1.0 0.0 0.34971746421316063 0.3136903849993702 0.33659215078746924
9 304.0 0.0 -1.0 -1.0 -1.0 0.0 0.3674412714595137 0.2949063575069048 0.3376523710335815
9 305.0 0.0 -1.0 -1.0 -1.0 0.0 0.36027106466243164 0.29881292704349455 0.3409160082940737
9 306.0 0.0 -1.0 -1.0 -1.0 0.0 0.32564436730525825 0.3066388143875264 0.36771681830721525
9 307.0 0.0 -1.0 -1.0 -1.0 0.0 0.3418037845661028 0.2981476239725947 0.3600485914613023
9 308.0 0.0 -1.0 -1.0 -1.0 0.0 0.33381597446630545 0.30913057123601717 0.3570534542976773
9 309.0 0.0 -1.0 -1.0 -1.0 0.0 0.33076333738828856 0.3345241603494216 0.33471250226228993
9 310.0 0.0 -1.0 -1.0 -1.0 0.0 0.30641435297058917 0.3554912765667446 0.33809437046266594
9 311.0 0.0 -1.0 -1.0 -1.0 0.0 0.3178878910269917 0.37590119264298566 0.3062109163300227
9 312.0 0.0 -1.0 -1.0 -1.0 0.0 0.31439135400831175 0.3433022925355514 0.34230635345613664
9 313.0 0.0 -1.0 -1.0 -1.0 0.0 0.32026705044732495 0.3331148012830911 0.346618148269584
9 314.0 0.0 -1.0 -1.0 -1.0 0.0 0.3437673424186772 0.3252788831548709 0.33095377442645196
9 315.0 0.0 -1.0 -1.0 -1.0 0.0 0.32111514106865724 0.34690406109372596 0.33198079783761664
9 316.0 0.0 -1.0 -1.0 -1.0 0.0 0.34174397448195826 0.3449938182730154 0.31326220724502607
9 317.0 0.0 -1.0 -1.0 -1.0 0.0 0.35056231769190593 0.3128360761355653 0.3366016061725288
9 318.0 0.0 -1.0 -1.0 -1.0 0.0 0.3450627542425758 0.31854241519073273 0.3363948305666916
9 319.0 0.0 -1.0 -1.0 -1.0 0.0 0.3300456517514146 0.33948150069065397 0.33047284755793144
9 320.0 0.0 -1.0 -1.0 -1.0 0.0 0.3220513192676308 0.3415972415524564 0.3363514391799127
9 321.0 0.0 -1.0 -1.0 -1.0 0.0 0.32384167982918327 0.32543366346680214 0.35072465670401465
9 322.0 0.0 -1.0 -1.0 -1.0 0.0 0.3110860515083856 0.3398967459582647 0.34901720253334967
9 323.0 0.0 -1.0 -1.0 -1.0 0.0 0.30348362897291725 0.3594481213742779 0.33706824965280496
9 324.0 0.0 -1.0 -1.0 -1.0 0.0 0.3032784718650353 0.329671945460575 0.36704958267438975
9 325.0 0.0 -1.0 -1.0 -1.0 0.0 0.31570693667989924 0.34420177827756965 0.3400912850425311
9 326.0 0.0 -1.0 -1.0 -1.0 0.0 0.3157987861106435 0.35869620235692645 0.32550501153243006
9 327.0 0.0 -1.0 -1.0 -1.0 0.0 0.31692979438484925 0.32860745892289583 0.35446274669225475
9 328.0 0.0 -1.0 -1.0 -1.0 0.0 0.32931940000333015 0.32653464957706063 0.3441459504196095
9 329.0 0.0 -1.0 -1.0 -1.0 0.0 0.35266437573653386 0.309619518605526 0.3377161056579403
9 330.0 0.0 -1.0 -1.0 -1.0 0.0 0.34299950144407065 0.29107576847142846 0.3659247300845012
9 331.0 0.0 -1.0 -1.0 -1.0 0.0 0.3700062221576892 0.281157002908851 0.34883677493345966
9 332.0 0.0 -1.0 -1.0 -1.0 0.0 0.3659994365569002 0.2916551894946379 0.3423453739484617
9 333.0 0.0 -1.0 -1.0 -1.0 0.0 0.3516057199538675 0.2871552382603543 0.36123904178577787
9 334.0 0.0 -1.0 -1.0 -1.0 0.0 0.32804487024886286 0.30154646011741376 0.37040866963372343
9 335.0 0.0 -1.0 -1.0 -1.0 0.0 0.35333138260026087 0.29863565123772123 0.34803296616201784
9 336.0 0.0 -1.0 -1.0 -1.0 0.0 0.35755318289600757 0.2791453020063027 0.36330151509768976
9 337.0 0.0 -1.0 -1.0 -1.0 0.0 0.36155274825370776 0.29411326995997256 0.3443339817863197
9 338.0 0.0 -1.0 -1.0 -1.0 0.0 0.3649145745011595 0.2764725337485757 0.3586128917502648
9 339.0 0.0 -1.0 -1.0 -1.0 0.0 0.3628756838519216 0.27189479303526737 0.3652295231128109
9 340.0 0.0 -1.0 -1.0 -1.0 0.0 0.342939614868282 0.2853242047424788 0.37173618038923917
9 341.0 0.0 -1.0 -1.0 -1.0 0.0 0.3315689730941464 0.30093685369284445 0.36749417321300937
9 342.0 0.0 -1.0 -1.0 -1.0 0.0 0.34906949978295365 0.3031894992339119 0.34774100098313426
9 343.0 0.0 -1.0 -1.0 -1.0 0.0 0.34741292776138627 0.2959342419313511 0.35665283030726264
9 344.0 0.0 -1.0 -1.0 -1.0 0.0 0.3328762600471284 0.33483740678343366 0.33228633316943806
9 345.0 0.0 -1.0 -1.0 -1.0 0.0 0.32301856938718715 0.33958071069275514 0.3374007199200577
9 346.0 0.0 -1.0 -1.0 -1.0 0.0 0.31859062950908634 0.344221391239112 0.3371879792518014
9 347.0 0.0 -1.0 -1.0 -1.0 0.0 0.3209973256459765 0.3368698125663979 0.3421328617876253
9 348.0 0.0 -1.0 -1.0 -1.0 0.0 0.3239966445948903 0.35852838088368066 0.31747497452142903
9 349.0 0.0 -1.0 -1.0 -1.0 0.0 0.3032131359211398 0.34454047158407247 0.35224639249478756
9 350.0 0.0 -1.0 -1.0 -1.0 0.0 0.3407729699650126 0.30724615810171385 0.3519808719332734
9 351.0 0.0 -1.0 -1.0 -1.0 0.0 0.3535755126168343 0.30645758793388206 0.33996689944928377
9 352.0 0.0 -1.0 -1.0 -1.0 0.0 0.34018582458930974 0.3240413272016071 0.33577284820908304
9 353.0 0.0 -1.0 -1.0 -1.0 0.0 0.3338709674733674 0.33270835362852597 0.3334206788981067
9 354.0 0.0 -1.0 -1.0 -1.0 0.0 0.32908912165851384 0.34323744509918425 0.3276734332423019
9 355.0 0.0 -1.0 -1.0 -1.0 0.0 0.33391053777600505 0.31838617435079675 0.3477032878731985
9 356.0 0.0 -1.0 -1.0 -1.0 0.0 0.31993379934284133 0.3388289421251882 0.34123725853197023
9 357.0 0.0 -1.0 -1.0 -1.0 0.0 0.3143717510519103 0.3256974111904495 0.3599308377576401
9 358.0 0.0 -1.0 -1.0 -1.0 0.0 0.30978536812166824 0.3204978790948603 0.3697167527834715
9 359.0 0.0 -1.0 -1.0 -1.0 0.0 0.3192562544364594 0.3008485824638962 0.37989516309964444
9 360.0 0.0 -1.0 -1.0 -1.0 0.0 0.33086507457641545 0.31006085701675107 0.35907406840683337
9 361.0 0.0 -1.0 -1.0 -1.0 0.0 0.3291480570251003 0.3135301410056987 0.357321801969201
9 362.0 0.0 -1.0 -1.0 -1.0 0.0 0.3122001801380391 0.32026441712915366 0.36753540273280777
9 363.0 0.0 -1.0 -1.0 -1.0 0.0 0.3303946407329172 0.3232737548890551 0.34633160437802785
9 364.0 0.0 -1.0 -1.0 -1.0 0.0 0.3474950195219217 0.3320888864631692 0.3204160940149091
9 365.0 0.0 -1.0 -1.0 -1.0 0.0 0.3621869084130899 0.3418691303932071 0.29594396119370314
9 366.0 0.0 -1.0 -1.0 -1.0 0.0 0.3289119541720823 0.3639571153811216 0.30713093044679624
9 367.0 0.0 -1.0 -1.0 -1.0 0.0 0.3255147334558846 0.32992018714215854 0.34456507940195663
9 368.0 0.0 -1.0 -1.0 -1.0 0.0 0.33343380935274497 0.34938911568001246 0.3171770749672425
9 369.0 0.0 -1.0 -1.0 -1.0 0.0 0.3586196353791731 0.35359424306508536 0.2877861215557416
9 370.0 0.0 -1.0 -1.0 -1.0 0.0 0.363900992768735 0.3451262025043657 0.29097280472689924
9 371.0 0.0 -1.0 -1.0 -1.0 0.0 0.34565857717273657 0.381861925477399 0.2724794973498643
9 372.0 0.0 -1.0 -1.0 -1.0 0.0 0.35500161199468233 0.3535235814625015 0.2914748065428163
9 373.0 0.0 -1.0 -1.0 -1.0 0.0 0.36662407493626126 0.33363119909358707 0.29974472597015167
9 374.0 0.0 -1.0 -1.0 -1.0 0.0 0.37893666557249894 0.3140480829441128 0.3070152514833883
9 375.0 0.0 -1.0 -1.0 -1.0 0.0 0.3663904775443529 0.32732174288549165 0.3062877795701553
9 376.0 0.0 -1.0 -1.0 -1.0 0.0 0.3719364125008737 0.3262516501704972 0.30181193732862893
9 377.0 0.0 -1.0 -1.0 -1.0 0.0 0.3685980406150755 0.3110460871716403 0.32035587221328443
9 378.0 0.0 -1.0 -1.0 -1.0 0.0 0.3536365808743206 0.3124956276640866 0.33386779146159284
9 379.0 0.0 -1.0 -1.0 -1.0 0.0 0.3536850448249161 0.3330348652194005 0.3132800899556835
9 380.0 0.0 -1.0 -1.0 -1.0 0.0 0.3656403354480272 0.3391814103603075 0.29517825419166527
9 381.0 0.0 -1.0 -1.0 -1.0 0.0 0.39039235717392673 0.2951022655987051 0.3145053772273681
9 382.0 0.0 -1.0 -1.0 -1.0 0.0 0.3663719788177623 0.30041949832611553 0.33320852285612224
9 383.0 0.0 -1.0 -1.0 -1.0 0.0 0.3861029794528699 0.27901227873890433 0.3348847418082257
9 384.0 0.0 -1.0 -1.0 -1.0 0.0 0.3810569344106978 0.28301504461954097 0.33592802096976093
9 385.0 0.0 -1.0 -1.0 -1.0 0.0 0.3806274837501163 0.2734766653639825 0.34589585088590113
9 386.0 0.0 -1.0 -1.0 -1.0 0.0 0.35689566248893584 0.281625087679237 0.3614792498318275
9 387.0 0.0 -1.0 -1.0 -1.0 0.0 0.3503673470815379 0.29375809392986624 0.3558745589885959
9 388.0 0.0 -1.0 -1.0 -1.0 0.0 0.3369563048405301 0.2872439231403741 0.37579977201909576
9 389.0 0.0 -1.0 -1.0 -1.0 0.0 0.3204057009347152 0.3072281211431558 0.37236617792212884
9 390.0 0.0 -1.0 -1.0 -1.0 0.0 0.32900040053790824 0.32867935450508945 0.3423202449570026
9 391.0 0.0 -1.0 -1.0 -1.0 0.0 0.3590564375950917 0.3279564909029213 0.3129870715019868
9 392.0 0.0 -1.0 -1.0 -1.0 0.0 0.3599677208036499 0.3071870425343386 0.3328452366620116
9 393.0 0.0 -1.0 -1.0 -1.0 0.0 0.3586417302094636 0.3172420538755064 0.32411621591503
9 394.0 0.0 -1.0 -1.0 -1.0 0.0 0.3276434858584319 0.34214647355143185 0.33021004059013637
9 395.0 0.0 -1.0 -1.0 -1.0 0.0 0.33448195070724024 0.3328420801048558 0.332675969187904
9 396.0 0.0 -1.0 -1.0 -1.0 0.0 0.3052675617161742 0.35308939279756113 0.3416430454862646
9 397.0 0.0 -1.0 -1.0 -1.0 0.0 0.30291165477379783 0.3450364484254615 0.3520518968007407
9 398.0 0.0 -1.0 -1.0 -1.0 0.0 0.32252976442999054 0.355413959348989 0.32205627622102057
9 399.0 0.0 -1.0 -1.0 -1.0 0.0 0.3314374653544305 0.3416451217015982 0.3269174129439712
9 400.0 0.0 -1.0 -1.0 -1.0 0.0 0.3372943061476155 0.36072238281840446 0.30198331103397996
9 401.0 0.0 -1.0 -1.0 -1.0 0.0 0.3025503302960638 0.3696842896234908 0.3277653800804454
9 402.0 0.0 -1.0 -1.0 -1.0 0.0 0.3338486324031385 0.33720903604512453 0.32894233155173697
9 403.0 0.0 -1.0 -1.0 -1.0 0.0 0.34881161646816994 0.30920668738585116 0.34198169614597873
9 404.0 0.0 -1.0 -1.0 -1.0 0.0 0.3276722402669227 0.3067378678830542 0.3655898918500231
9 405.0 0.0 -1.0 -1.0 -1.0 0.0 0.31398384198018137 0.301413391485957 0.3846027665338616
9 406.0 0.0 -1.0 -1.0 -1.0 0.0 0.315111294901155 0.32163996358176516 0.36324874151708
9 407.0 0.0 -1.0 -1.0 -1.0 0.0 0.3317669886918821 0.3084117731924964 0.35982123811562156
9 408.0 0.0 -1.0 -1.0 -1.0 0.0 0.31900521313648744 0.30637570946607323 0.37461907739743944
9 409.0 0.0 -1.0 -1.0 -1.0 0.0 0.32933375047446334 0.31075700687421504 0.3599092426513216
9 410.0 0.0 -1.0 -1.0 -1.0 0.0 0.3096958581308528 0.327676531954917 0.36262760991423026
9 411.0 0.0 -1.0 -1.0 -1.0 0.0 0.32198216366643884 0.3167566751348182 0.3612611611987432
9 412.0 0.0 -1.0 -1.0 -1.0 0.0 0.3365252169658712 0.3120279624553538 0.351446820578775
9 413.0 0.0 -1.0 -1.0 -1.0 0.0 0.29349672646268654 0.33803982690366063 0.36846344663365266
9 414.0 0.0 -1.0 -1.0 -1.0 0.0 0.28668095806191357 0.34999640643354746 0.363322635504539
9 415.0 0.0 -1.0 -1.0 -1.0 0.0 0.28521754096631313 0.35435197752080116 0.3604304815128854
9 416.0 0.0 -1.0 -1.0 -1.0 0.0 0.2917172012716948 0.3461983630495464 0.3620844356787588
9 417.0 0.0 -1.0 -1.0 -1.0 0.0 0.3019641852475996 0.33139071310140467 0.36664510165099584
9 418.0 0.0 -1.0 -1.0 -1.0 0.0 0.3144188116785248 0.3403083334155378 0.3452728549059374
9 419.0 0.0 -1.0 -1.0 -1.0 0.0 0.323144919290669 0.33900230545833776 0.3378527752509932
9 420.0 0.0 -1.0 -1.0 -1.0 0.0 0.3487217773004041 0.30041737769679955 0.3508608450027965
9 421.0 0.0 -1.0 -1.0 -1.0 0.0 0.3318655524747349 0.3217829909334569 0.34635145659180816
9 422.0 0.0 -1.0 -1.0 -1.0 0.0 0.2950389912076311 0.34657943920991535 0.35838156958245365
9 423.0 0.0 -1.0 -1.0 -1.0 0.0 0.29224514245107275 0.33853459880075476 0.3692202587481724
9 424.0 0.0 -1.0 -1.0 -1.0 0.0 0.28015504303213 0.36192884284713683 0.35791611412073293
9 425.0 0.0 -1.0 -1.0 -1.0 0.0 0.2989892328786534 0.34129050835592895 0.3597202587654176
9 426.0 0.0 -1.0 -1.0 -1.0 0.0 0.30712471274055697 0.3193949288335937 0.3734803584258492
9 427.0 0.0 -1.0 -1.0 -1.0 0.0 0.29314238441986196 0.3240053800079054 0.38285223557223264
9 428.0 0.0 -1.0 -1.0 -1.0 0.0 0.3038286335958593 0.32010698804438836 0.3760643783597524
9 429.0 0.0 -1.0 -1.0 -1.0 0.0 0.31054614542804204 0.33267147161786076 0.356782382954097
9 430.0 0.0 -1.0 -1.0 -1.0 0.0 0.317687387575698 0.33207103988028336 0.3502415725440187
9 431.0 0.0 -1.0 -1.0 -1.0 0.0 0.3203254409385508 0.33476963253566255 0.3449049265257866
9 432.0 0.0 -1.0 -1.0 -1.0 0.0 0.3269783135137817 0.31894289132167997 0.3540787951645384
9 433.0 0.0 -1.0 -1.0 -1.0 0.0 0.34333317804843516 0.28306351021727744 0.37360331173428735
9 434.0 0.0 -1.0 -1.0 -1.0 0.0 0.3332381831759321 0.3167540458070143 0.35000777101705366
9 435.0 0.0 -1.0 -1.0 -1.0 0.0 0.3526882763039963 0.30455329474135867 0.34275842895464537
9 436.0 0.0 -1.0 -1.0 -1.0 0.0 0.35487126561664106 0.31158041253845037 0.33354832184490824
9 437.0 0.0 -1.0 -1.0 -1.0 0.0 0.31948490740074953 0.34168237232302323 0.3388327202762272
9 438.0 0.0 -1.0 -1.0 -1.0 0.0 0.30917611820663576 0.3381573451596369 0.35266653663372743
9 439.0 0.0 -1.0 -1.0 -1.0 0.0 0.31854957815486923 0.32051776939600535 0.36093265244912554
9 440.0 0.0 -1.0 -1.0 -1.0 0.0 0.303185773589208 0.33578184360437846 0.3610323828064136
9 441.0 0.0 -1.0 -1.0 -1.0 0.0 0.2913233025192391 0.3470957173010724 0.3615809801796886
9 442.0 0.0 -1.0 -1.0 -1.0 0.0 0.29268342643294243 0.35988557665249693 0.3474309969145606
9 443.0 0.0 -1.0 -1.0 -1.0 0.0 0.29268821805588 0.35051555552225244 0.3567962264218675
9 444.0 0.0 -1.0 -1.0 -1.0 0.0 0.30223334363523086 0.3439052813128977 0.35386137505187143
9 445.0 0.0 -1.0 -1.0 -1.0 0.0 0.3181739274648125 0.34267698511853467 0.33914908741665306
9 446.0 0.0 -1.0 -1.0 -1.0 0.0 0.30920782700088717 0.3384272038034002 0.3523649691957128
9 447.0 0.0 -1.0 -1.0 -1.0 0.0 0.3342525727750384 0.32478301408967775 0.34096441313528414
9 448.0 0.0 -1.0 -1.0 -1.0 0.0 0.32278684117056744 0.33316633799071915 0.3440468208387135
9 449.0 0.0 -1.0 -1.0 -1.0 0.0 0.31599064904639634 0.3399315669821161 0.3440777839714873
9 450.0 0.0 -1.0 -1.0 -1.0 0.0 0.3289515404177314 0.29903812905590277 0.3720103305263657
9 451.0 0.0 -1.0 -1.0 -1.0 0.0 0.3352633705089159 0.32173551423629776 0.3430011152547862
9 452.0 0.0 -1.0 -1.0 -1.0 0.0 0.34801923084933756 0.32590117354213033 0.3260795956085324
9 453.0 0.0 -1.0 -1.0 -1.0 0.0 0.3584354081543903 0.32139192071987277 0.320172671125737
9 454.0 0.0 -1.0 -1.0 -1.0 0.0 0.3325502284133435 0.3407255942336208 0.32672417735303605
9 455.0 0.0 -1.0 -1.0 -1.0 0.0 0.34422522703700614 0.3388044658558176 0.316970307107176
9 456.0 0.0 -1.0 -1.0 -1.0 0.0 0.34917024173182976 0.3487448951096106 0.3020848631585595
9 457.0 0.0 -1.0 -1.0 -1.0 0.0 0.3401427396671173 0.33484552006560425 0.3250117402672785
9 458.0 0.0 -1.0 -1.0 -1.0 0.0 0.33028811908875544 0.33164290671816077 0.33806897419308385
9 459.0 0.0 -1.0 -1.0 -1.0 0.0 0.30316410404220795 0.36288038104979714 0.33395551490799485
9 460.0 0.0 -1.0 -1.0 -1.0 0.0 0.3114752558392728 0.33628581753936265 0.3522389266213646
9 461.0 0.0 -1.0 -1.0 -1.0 0.0 0.31085772384520355 0.3448827162116321 0.3442595599431643
9 462.0 0.0 -1.0 -1.0 -1.0 0.0 0.32386018969873587 0.34074308628238986 0.33539672401887416
9 463.0 0.0 -1.0 -1.0 -1.0 0.0 0.3235207808603995 0.3138956979435357 0.362583521196065
9 464.0 0.0 -1.0 -1.0 -1.0 0.0 0.32968993527145046 0.3115667662768133 0.35874329845173636
9 465.0 0.0 -1.0 -1.0 -1.0 0.0 0.3534370640545032 0.31119946959864825 0.3353634663468485
9 466.0 0.0 -1.0 -1.0 -1.0 0.0 0.3726853968163091 0.3189943632028792 0.3083202399808118
9 467.0 0.0 -1.0 -1.0 -1.0 0.0 0.34497480930613783 0.36665576658551907 0.2883694241083432
9 468.0 0.0 -1.0 -1.0 -1.0 0.0 0.3308211781883722 0.3527740127937416 0.3164048090178865
9 469.0 0.0 -1.0 -1.0 -1.0 0.0 0.3526267583992338 0.340915448743987 0.30645779285677927
9 470.0 0.0 -1.0 -1.0 -1.0 0.0 0.3477014356560371 0.3327335728024914 0.3195649915414715
9 471.0 0.0 -1.0 -1.0 -1.0 0.0 0.33185241587504877 0.3232169061227604 0.34493067800219096
9 472.0 0.0 -1.0 -1.0 -1.0 0.0 0.3060787041008042 0.3415257465260542 0.35239554937314155
9 473.0 0.0 -1.0 -1.0 -1.0 0.0 0.310679725223595 0.321804739134492 0.36751553564191286
9 474.0 0.0 -1.0 -1.0 -1.0 0.0 0.32452167956322486 0.3111335896146094 0.3643447308221656
9 475.0 0.0 -1.0 -1.0 -1.0 0.0 0.3079507040744919 0.33555305027735327 0.35649624564815474
9 476.0 0.0 -1.0 -1.0 -1.0 0.0 0.32493336579677307 0.3133987365295589 0.36166789767366786
9 477.0 0.0 -1.0 -1.0 -1.0 0.0 0.3034539433042905 0.3362079135283677 0.36033814316734164
9 478.0 0.0 -1.0 -1.0 -1.0 0.0 0.31805328356024853 0.3143402725597085 0.36760644388004315
9 479.0 0.0 -1.0 -1.0 -1.0 0.0 0.29818113952781605 0.32553223045603835 0.3762866300161452
9 480.0 0.0 -1.0 -1.0 -1.0 0.0 0.28625310899155254 0.33750930660528283 0.37623758440316446
9 481.0 0.0 -1.0 -1.0 -1.0 0.0 0.30520032821530024 0.31324966390482 0.38155000787987936
9 482.0 0.0 -1.0 -1.0 -1.0 0.0 0.3377421050036903 0.30421233816745114 0.3580455568288585
9 483.0 0.0 -1.0 -1.0 -1.0 0.0 0.3400764709825792 0.3193079676945157 0.3406155613229051
9 484.0 0.0 -1.0 -1.0 -1.0 0.0 0.31521738758315704 0.3292441242516637 0.3555384881651791
9 485.0 0.0 -1.0 -1.0 -1.0 0.0 0.3420445846253357 0.29139235817303244 0.36656305720163185
9 486.0 0.0 -1.0 -1.0 -1.0 0.0 0.31484574731131837 0.32300490247988295 0.3621493502087989
9 487.0 0.0 -1.0 -1.0 -1.0 0.0 0.31777159514732156 0.31937327481296607 0.3628551300397123
9 488.0 0.0 -1.0 -1.0 -1.0 0.0 0.33864052944001616 0.3093461620662653 0.35201330849371865
9 489.0 0.0 -1.0 -1.0 -1.0 0.0 0.343326733773842 0.2856230116578843 0.371050254568274
9 490.0 0.0 -1.0 -1.0 -1.0 0.0 0.3267836153337768 0.29384859827168913 0.379367786394534
9 491.0 0.0 -1.0 -1.0 -1.0 0.0 0.33528909117409944 0.29096395242189943 0.37374695640400096
9 492.0 0.0 -1.0 -1.0 -1.0 0.0 0.3445835154032201 0.31974712651855197 0.3356693580782282
9 493.0 0.0 -1.0 -1.0 -1.0 0.0 0.3475745284205024 0.32305650125106405 0.3293689703284336
9 494.0 0.0 -1.0 -1.0 -1.0 0.0 0.3456861047934111 0.3038533789789108 0.35046051622767815
9 495.0 0.0 -1.0 -1.0 -1.0 0.0 0.3423929977861818 0.2967664219409022 0.360840580272916
9 496.0 0.0 -1.0 -1.0 -1.0 0.0 0.33729995513959316 0.30471014344380676 0.3579899014166
9 497.0 0.0 -1.0 -1.0 -1.0 0.0 0.33842650769218063 0.3250918292165275 0.336481663091292
9 498.0 0.0 -1.0 -1.0 -1.0 0.0 0.3566292858574638 0.3122009133966612 0.3311698007458749
9 499.0 0.0 -1.0 -1.0 -1.0 0.0 0.34109487740667377 0.31198320496680443 0.3469219176265218
9 500.0 0.0 -1.0 -1.0 -1.0 0.0 0.35533643205348525 0.3088360825530223 0.33582748539349216
9 501.0 0.0 -1.0 -1.0 -1.0 0.0 0.35186047516335167 0.30067389960509905 0.3474656252315493
9 502.0 0.0 -1.0 -1.0 -1.0 0.0 0.3568277143173681 0.3156740933236821 0.3274981923589496
9 503.0 0.0 -1.0 -1.0 -1.0 0.0 0.3561754725052704 0.31525606865432215 0.32856845884040764
9 504.0 0.0 -1.0 -1.0 -1.0 0.0 0.3359815961737558 0.33659307495739105 0.32742532886885306
9 505.0 0.0 -1.0 -1.0 -1.0 0.0 0.32944268678369226 0.31543419921047317 0.35512311400583463
9 506.0 0.0 -1.0 -1.0 -1.0 0.0 0.3168806509864896 0.3136747396135117 0.3694446093999988
9 507.0 0.0 -1.0 -1.0 -1.0 0.0 0.30239126372637914 0.3185218186483989 0.379086917625222
9 508.0 0.0 -1.0 -1.0 -1.0 0.0 0.295642797676393 0.31186017391332416 0.39249702841028294
9 509.0 0.0 -1.0 -1.0 -1.0 0.0 0.3167068739037364 0.32613142785615046 0.3571616982401133
9 510.0 0.0 -1.0 -1.0 -1.0 0.0 0.3168262383745337 0.3344075024542249 0.34876625917124143
9 511.0 0.0 -1.0 -1.0 -1.0 0.0 0.3013610606381516 0.33611431393843705 0.3625246254234114
9 512.0 0.0 -1.0 -1.0 -1.0 0.0 0.32797611033394736 0.30382209426351947 0.3682017954025328
9 513.0 0.0 -1.0 -1.0 -1.0 0.0 0.35720796934072496 0.2723970905256341 0.37039494013364077
9 514.0 0.0 -1.0 -1.0 -1.0 0.0 0.3706602326136463 0.29232016259715826 0.3370196047891954
9 515.0 0.0 -1.0 -1.0 -1.0 0.0 0.3558744795639656 0.2819814640482042 0.3621440563878302
9 516.0 0.0 -1.0 -1.0 -1.0 0.0 0.35716824334512476 0.2878025503545149 0.3550292063003604
9 517.0 0.0 -1.0 -1.0 -1.0 0.0 0.3330207427959951 0.3053589927853647 0.3616202644186402
9 518.0 0.0 -1.0 -1.0 -1.0 0.0 0.33330079932696144 0.31947561044735495 0.34722359022568383
9 519.0 0.0 -1.0 -1.0 -1.0 0.0 0.33189728978519023 0.3139151768476778 0.3541875333671318
9 520.0 0.0 -1.0 -1.0 -1.0 0.0 0.3131379188133636 0.30961116577231357 0.37725091541432293
9 521.0 0.0 -1.0 -1.0 -1.0 0.0 0.3134927862511455 0.2990184944767578 0.3874887192720966
9 522.0 0.0 -1.0 -1.0 -1.0 0.0 0.35034592107398993 0.283154332152937 0.3664997467730731
9 523.0 0.0 -1.0 -1.0 -1.0 0.0 0.34754349021845726 0.28565754644828595 0.3667989633332568
9 524.0 0.0 -1.0 -1.0 -1.0 0.0 0.35555648504880755 0.2806925058123727 0.36375100913881975
9 525.0 0.0 -1.0 -1.0 -1.0 0.0 0.3780966746961552 0.29485323684482806 0.3270500884590169
9 526.0 0.0 -1.0 -1.0 -1.0 0.0 0.3770036388062946 0.3017620356841123 0.3212343255095931
9 527.0 0.0 -1.0 -1.0 -1.0 0.0 0.352350354012535 0.3046824449267811 0.3429672010606838
9 528.0 0.0 -1.0 -1.0 -1.0 0.0 0.3338119244426231 0.3166606769764109 0.34952739858096593
9 529.0 0.0 -1.0 -1.0 -1.0 0.0 0.3365467220556882 0.30865500925918044 0.3547982686851312
9 530.0 0.0 -1.0 -1.0 -1.0 0.0 0.33791030815687717 0.29259978826203464 0.36948990358108824
9 531.0 0.0 -1.0 -1.0 -1.0 0.0 0.3112567782244817 0.33881329055214926 0.34992993122336885
9 532.0 0.0 -1.0 -1.0 -1.0 0.0 0.29795975466305225 0.361815879380044 0.3402243659569039
9 533.0 0.0 -1.0 -1.0 -1.0 0.0 0.32875218638622206 0.32600352897447066 0.3452442846393072
9 534.0 0.0 -1.0 -1.0 -1.0 0.0 0.3429525250325969 0.3031330898913683 0.35391438507603473
9 535.0 0.0 -1.0 -1.0 -1.0 0.0 0.3349710606728193 0.29948425051146177 0.36554468881571894
9 536.0 0.0 -1.0 -1.0 -1.0 0.0 0.34697983596919457 0.3254733541181028 0.3275468099127029
9 537.0 0.0 -1.0 -1.0 -1.0 0.0 0.36109631169229767 0.3132453597553512 0.3256583285523512
9 538.0 0.0 -1.0 -1.0 -1.0 0.0 0.3329185840229148 0.3607222270987646 0.30635918887832064
9 539.0 0.0 -1.0 -1.0 -1.0 0.0 0.3531543888588835 0.3519244121512494 0.29492119898986696
9 540.0 0.0 -1.0 -1.0 -1.0 0.0 0.3441094570364196 0.3465125195614228 0.3093780234021577
9 541.0 0.0 -1.0 -1.0 -1.0 0.0 0.357635453592414 0.32419007311186326 0.31817447329572285
9 542.0 0.0 -1.0 -1.0 -1.0 0.0 0.35032586708901264 0.34793042206055785 0.3017437108504292
9 543.0 0.0 -1.0 -1.0 -1.0 0.0 0.34746548357842705 0.3460849322079993 0.3064495842135735
9 544.0 0.0 -1.0 -1.0 -1.0 0.0 0.3346579747216765 0.3489937308505253 0.3163482944277983
9 545.0 0.0 -1.0 -1.0 -1.0 0.0 0.32337089218328485 0.31183227463576724 0.36479683318094763
9 546.0 0.0 -1.0 -1.0 -1.0 0.0 0.3365660746859093 0.31261223750635525 0.3508216878077354
9 547.0 0.0 -1.0 -1.0 -1.0 0.0 0.32606506705176236 0.3292466956549638 0.34468823729327375
9 548.0 0.0 -1.0 -1.0 -1.0 0.0 0.3007670477359135 0.3526717562711096 0.34656119599297697
9 549.0 0.0 -1.0 -1.0 -1.0 0.0 0.3012629880797934 0.352025491297763 0.3467115206224436
9 550.0 0.0 -1.0 -1.0 -1.0 0.0 0.3270831033967767 0.35736256869782534 0.31555432790539784
9 551.0 0.0 -1.0 -1.0 -1.0 0.0 0.31420916440722846 0.3411062215749485 0.344684614017823
9 552.0 0.0 -1.0 -1.0 -1.0 0.0 0.324521123860371 0.3365185334111013 0.3389603427285277
9 553.0 0.0 -1.0 -1.0 -1.0 0.0 0.31672966623359433 0.3409035185082114 0.34236681525819385
9 554.0 0.0 -1.0 -1.0 -1.0 0.0 0.2897093650640377 0.373975611288526 0.33631502364743615
9 555.0 0.0 -1.0 -1.0 -1.0 0.0 0.27887943175245666 0.3526579205028492 0.36846264774469417
9 556.0 0.0 -1.0 -1.0 -1.0 0.0 0.2950607895788727 0.3483798007042913 0.3565594097168361
9 557.0 0.0 -1.0 -1.0 -1.0 0.0 0.32102593716516914 0.33426878707361923 0.3447052757612116
9 558.0 0.0 -1.0 -1.0 -1.0 0.0 0.32041425658024364 0.32905553390711434 0.350530209512642
9 559.0 0.0 -1.0 -1.0 -1.0 0.0 0.317155276002442 0.3199243424761384 0.36292038152141953
9 560.0 0.0 -1.0 -1.0 -1.0 0.0 0.3265316309797522 0.3104819190267892 0.3629864499934584
9 561.0 0.0 -1.0 -1.0 -1.0 0.0 0.35195983203860925 0.3201369630572976 0.327903204904093
9 562.0 0.0 -1.0 -1.0 -1.0 0.0 0.3360647913760111 0.32466636135703036 0.33926884726695844
9 563.0 0.0 -1.0 -1.0 -1.0 0.0 0.3192092609236774 0.3300387443177237 0.350751994758599
9 564.0 0.0 -1.0 -1.0 -1.0 0.0 0.3191825142752133 0.31628352188527986 0.3645339638395068
9 565.0 0.0 -1.0 -1.0 -1.0 0.0 0.3033334403605228 0.3082053755387583 0.38846118410071884
9 566.0 0.0 -1.0 -1.0 -1.0 0.0 0.32002058193105154 0.32184866447438615 0.3581307535945624
9 567.0 0.0 -1.0 -1.0 -1.0 0.0 0.33591411642213587 0.3234893456290438 0.34059653794882044
9 568.0 0.0 -1.0 -1.0 -1.0 0.0 0.333929079610343 0.29521407508737635 0.37085684530228036
9 569.0 0.0 -1.0 -1.0 -1.0 0.0 0.33025524018079666 0.3111663017847872 0.3585784580344158
9 570.0 0.0 -1.0 -1.0 -1.0 0.0 0.3442002447060076 0.28768489657252566 0.3681148587214668
9 571.0 0.0 -1.0 -1.0 -1.0 0.0 0.37240561868342686 0.2839304041903338 0.3436639771262394
9 572.0 0.0 -1.0 -1.0 -1.0 0.0 0.36897916221125227 0.2858787441830141 0.34514209360573334
9 573.0 0.0 -1.0 -1.0 -1.0 0.0 0.35170998229354944 0.2936409547390879 0.3546490629673629
9 574.0 0.0 -1.0 -1.0 -1.0 0.0 0.3458833803171901 0.30812396149609583 0.34599265818671404
9 575.0 0.0 -1.0 -1.0 -1.0 0.0 0.32295256180872506 0.30929414091559937 0.36775329727567546
9 576.0 0.0 -1.0 -1.0 -1.0 0.0 0.3152132136461631 0.3179851419123907 0.36680164444144614
9 577.0 0.0 -1.0 -1.0 -1.0 0.0 0.3148022680298054 0.30943308943406267 0.37576464253613173
9 578.0 0.0 -1.0 -1.0 -1.0 0.0 0.29103071917131956 0.3344427378482269 0.3745265429804538
9 579.0 0.0 -1.0 -1.0 -1.0 0.0 0.3190094947489407 0.3235174775983124 0.3574730276527468
9 580.0 0.0 -1.0 -1.0 -1.0 0.0 0.3420730269640829 0.31941251181505415 0.3385144612208629
9 581.0 0.0 -1.0 -1.0 -1.0 0.0 0.3548192364452242 0.297591526819342 0.34758923673543374
9 582.0 0.0 -1.0 -1.0 -1.0 0.0 0.3383041630141077 0.30581235181979743 0.35588348516609486
9 583.0 0.0 -1.0 -1.0 -1.0 0.0 0.3445206040598741 0.2964061096760032 0.3590732862641226
9 584.0 0.0 -1.0 -1.0 -1.0 0.0 0.35271862381322416 0.2954046884561118 0.35187668773066383
9 585.0 0.0 -1.0 -1.0 -1.0 0.0 0.3390081992798394 0.3164084435428876 0.3445833571772729
9 586.0 0.0 -1.0 -1.0 -1.0 0.0 0.31018922232602053 0.3317939283700932 0.35801684930388616
9 587.0 0.0 -1.0 -1.0 -1.0 0.0 0.32055524634863636 0.35298821909596223 0.3264565345554016
9 588.0 0.0 -1.0 -1.0 -1.0 0.0 0.3246978292901784 0.3513436975415151 0.32395847316830617
9 589.0 0.0 -1.0 -1.0 -1.0 0.0 0.28320784732299065 0.38458675346096116 0.3322053992160482
9 590.0 0.0 -1.0 -1.0 -1.0 0.0 0.2693512864477044 0.38971095135880957 0.3409377621934859
9 591.0 0.0 -1.0 -1.0 -1.0 0.0 0.2632058154801995 0.40297210638844844 0.333822078131352
9 592.0 0.0 -1.0 -1.0 -1.0 0.0 0.2860566744045596 0.36672609091539354 0.3472172346800471
9 593.0 0.0 -1.0 -1.0 -1.0 0.0 0.290889592542017 0.3582182891813657 0.35089211827661726
9 594.0 0.0 -1.0 -1.0 -1.0 0.0 0.2835529698063065 0.35967974700957633 0.3567672831841171
9 595.0 0.0 -1.0 -1.0 -1.0 0.0 0.2977747354729296 0.33087074887155965 0.3713545156555106
9 596.0 0.0 -1.0 -1.0 -1.0 0.0 0.2932207844066305 0.36017023038006557 0.3466089852133041
9 597.0 0.0 -1.0 -1.0 -1.0 0.0 0.3026612080231741 0.3554577042407081 0.34188108773611786
9 598.0 0.0 -1.0 -1.0 -1.0 0.0 0.3134537462111481 0.3559015933646485 0.3306446604242034
9 599.0 0.0 -1.0 -1.0 -1.0 0.0 0.29386164122702224 0.333938327784241 0.37220003098873666
9 600.0 0.0 -1.0 -1.0 -1.0 0.0 0.2992615797477562 0.30704733821791313 0.39369108203433045
9 601.0 0.0 -1.0 -1.0 -1.0 0.0 0.2920431541204494 0.3028242462353813 0.40513259964416937
9 602.0 0.0 -1.0 -1.0 -1.0 0.0 0.27717829053383797 0.3213722065653408 0.4014495029008211
9 603.0 0.0 -1.0 -1.0 -1.0 0.0 0.3216791392905124 0.33090451966680506 0.34741634104268293
9 604.0 0.0 -1.0 -1.0 -1.0 0.0 0.3260167034457781 0.34728878782426925 0.3266945087299525
9 605.0 0.0 -1.0 -1.0 -1.0 0.0 0.32763662115605924 0.3690647516162333 0.3032986272277077
9 606.0 0.0 -1.0 -1.0 -1.0 0.0 0.3401821901998695 0.366756802492943 0.29306100730718754
9 607.0 0.0 -1.0 -1.0 -1.0 0.0 0.3357343623974757 0.3873302799089964 0.27693535769352773
9 608.0 0.0 -1.0 -1.0 -1.0 0.0 0.3153632667520785 0.37912496843356225 0.30551176481435927
9 609.0 0.0 -1.0 -1.0 -1.0 0.0 0.3322414137016213 0.34832589909620176 0.31943268720217705
9 610.0 0.0 -1.0 -1.0 -1.0 0.0 0.33124436178075883 0.3410502067184553 0.327705431500786
9 611.0 0.0 -1.0 -1.0 -1.0 0.0 0.3279946837110665 0.3357290653778563 0.3362762509110773
9 612.0 0.0 -1.0 -1.0 -1.0 0.0 0.3051463005699103 0.3516065190322825 0.3432471803978071
9 613.0 0.0 -1.0 -1.0 -1.0 0.0 0.29227951191251017 0.3540752333322708 0.35364525475521885
9 614.0 0.0 -1.0 -1.0 -1.0 0.0 0.30857569993490286 0.34316600096741395 0.348258299097683
9 615.0 0.0 -1.0 -1.0 -1.0 0.0 0.30296313160708016 0.3417404876261528 0.35529638076676695
9 616.0 0.0 -1.0 -1.0 -1.0 0.0 0.32298443867171195 0.3269000685817837 0.3501154927465043
9 617.0 0.0 -1.0 -1.0 -1.0 0.0 0.35075532454119057 0.3127617004444671 0.33648297501434243
9 618.0 0.0 -1.0 -1.0 -1.0 0.0 0.35694773174572625 0.29959393862122424 0.3434583296330496
9 619.0 0.0 -1.0 -1.0 -1.0 0.0 0.3359451250172317 0.30060332496942077 0.3634515500133475
9 620.0 0.0 -1.0 -1.0 -1.0 0.0 0.3257768555673585 0.3135581049181838 0.3606650395144577
9 621.0 0.0 -1.0 -1.0 -1.0 0.0 0.31506417117924185 0.3065579709554451 0.37837785786531297
9 622.0 0.0 -1.0 -1.0 -1.0 0.0 0.2997768354212341 0.34812704087437474 0.3520961237043911
9 623.0 0.0 -1.0 -1.0 -1.0 0.0 0.3041375811335592 0.34105113198426806 0.35481128688217245
9 624.0 0.0 -1.0 -1.0 -1.0 0.0 0.2775539325172304 0.3157070752827084 0.4067389922000612
9 625.0 0.0 -1.0 -1.0 -1.0 0.0 0.2764739615028177 0.3260004833697286 0.39752555512745397
9 626.0 0.0 -1.0 -1.0 -1.0 0.0 0.2870736215384239 0.3419048647630108 0.37102151369856506
9 627.0 0.0 -1.0 -1.0 -1.0 0.0 0.2799512572247885 0.3671711401328778 0.35287760264233364
9 628.0 0.0 -1.0 -1.0 -1.0 0.0 0.2994767569525826 0.3489906721482192 0.35153257089919826
9 629.0 0.0 -1.0 -1.0 -1.0 0.0 0.2868928430612897 0.3504759410759047 0.36263121586280567
9 630.0 0.0 -1.0 -1.0 -1.0 0.0 0.28481438330823805 0.3481596343460758 0.3670259823456862
9 631.0 0.0 -1.0 -1.0 -1.0 0.0 0.284193438333225 0.3308834076669545 0.38492315399982047
9 632.0 0.0 -1.0 -1.0 -1.0 0.0 0.31496230116279716 0.31415887851926255 0.3708788203179404
9 633.0 0.0 -1.0 -1.0 -1.0 0.0 0.3126663911135012 0.32664302568514103 0.36069058320135783
9 634.0 0.0 -1.0 -1.0 -1.0 0.0 0.29022731725905415 0.3283111770582434 0.3814615056827022
9 635.0 0.0 -1.0 -1.0 -1.0 0.0 0.3015075557221769 0.2997182225539499 0.39877422172387333
9 636.0 0.0 -1.0 -1.0 -1.0 0.0 0.3180358443735116 0.2781037713903686 0.4038603842361198
9 637.0 0.0 -1.0 -1.0 -1.0 0.0 0.3158551332298534 0.2934496281966209 0.39069523857352517
9 638.0 0.0 -1.0 -1.0 -1.0 0.0 0.3102158969663933 0.30470710561664677 0.3850769974169597
9 639.0 0.0 -1.0 -1.0 -1.0 0.0 0.29663694593371 0.3362348629755668 0.3671281910907234
9 640.0 0.0 -1.0 -1.0 -1.0 0.0 0.32988101771894873 0.3260431059910701 0.3440758762899813
9 641.0 0.0 -1.0 -1.0 -1.0 0.0 0.34706428834578346 0.3203645036749443 0.33257120797927187
9 642.0 0.0 -1.0 -1.0 -1.0 0.0 0.35646100060528724 0.31547958854032315 0.3280594108543897
9 643.0 0.0 -1.0 -1.0 -1.0 0.0 0.338162714443892 0.3223420691618973 0.3394952163942109
9 644.0 0.0 -1.0 -1.0 -1.0 0.0 0.32959420317869054 0.32832009115260796 0.3420857056687014
9 645.0 0.0 -1.0 -1.0 -1.0 0.0 0.3352569341781048 0.331731945376474 0.333011120445421
9 646.0 0.0 -1.0 -1.0 -1.0 0.0 0.3581168674567144 0.33162149800722074 0.310261634536065
9 647.0 0.0 -1.0 -1.0 -1.0 0.0 0.3754899780911281 0.30631117007361813 0.318198851835254
9 648.0 0.0 -1.0 -1.0 -1.0 0.0 0.36278439375190125 0.31118118485769375 0.326034421390405
9 649.0 0.0 -1.0 -1.0 -1.0 0.0 0.3768165259414588 0.2917046842520441 0.3314787898064972
9 650.0 0.0 -1.0 -1.0 -1.0 0.0 0.3627579456983767 0.3105249547456419 0.32671709955598116
9 651.0 0.0 -1.0 -1.0 -1.0 0.0 0.3547578608615302 0.31393238194793294 0.3313097571905368
9 652.0 0.0 -1.0 -1.0 -1.0 0.0 0.3728580395368497 0.316276807254561 0.31086515320858943
9 653.0 0.0 -1.0 -1.0 -1.0 0.0 0.395536865974251 0.30551581663572763 0.2989473173900215
9 654.0 0.0 -1.0 -1.0 -1.0 0.0 0.34415680026379225 0.35248458611578626 0.3033586136204213
9 655.0 0.0 -1.0 -1.0 -1.0 0.0 0.33240284544474075 0.3519128713514828 0.3156842832037761
9 656.0 0.0 -1.0 -1.0 -1.0 0.0 0.3417016169010362 0.34522615641405274 0.313072226684911
9 657.0 0.0 -1.0 -1.0 -1.0 0.0 0.3321692996588812 0.3293824777268115 0.33844822261430735
9 658.0 0.0 -1.0 -1.0 -1.0 0.0 0.3468936839091777 0.30584681481610365 0.3472595012747186
9 659.0 0.0 -1.0 -1.0 -1.0 0.0 0.36048775363403734 0.30451418348884773 0.3349980628771148
9 660.0 0.0 -1.0 -1.0 -1.0 0.0 0.3617896713451227 0.28450486724801677 0.35370546140686054
9 661.0 0.0 -1.0 -1.0 -1.0 0.0 0.3608037708311766 0.2953878670881874 0.34380836208063587
9 662.0 0.0 -1.0 -1.0 -1.0 0.0 0.3545107058188786 0.295145790010632 0.35034350417048954
9 663.0 0.0 -1.0 -1.0 -1.0 0.0 0.34305845939707424 0.33476549285745405 0.3221760477454713
9 664.0 0.0 -1.0 -1.0 -1.0 0.0 0.2914581735593069 0.3659700919353501 0.34257173450534273
9 665.0 0.0 -1.0 -1.0 -1.0 0.0 0.30225784698913016 0.34153141577852897 0.356210737232341
9 666.0 0.0 -1.0 -1.0 -1.0 0.0 0.30807088849010683 0.32360142911146694 0.36832768239842606
9 667.0 0.0 -1.0 -1.0 -1.0 0.0 0.31186030522916025 0.31701750973474224 0.3711221850360977
9 668.0 0.0 -1.0 -1.0 -1.0 0.0 0.3092305956289179 0.30276047484088897 0.38800892953019317
9 669.0 0.0 -1.0 -1.0 -1.0 0.0 0.31195267648749514 0.32973551801062034 0.3583118055018845
9 670.0 0.0 -1.0 -1.0 -1.0 0.0 0.317543605868714 0.3581166493858487 0.3243397447454373
9 671.0 0.0 -1.0 -1.0 -1.0 0.0 0.2945106093012018 0.3777882784784218 0.32770111222037607
9 672.0 0.0 -1.0 -1.0 -1.0 0.0 0.30202037526669917 0.37473897336667084 0.32324065136663016
9 673.0 0.0 -1.0 -1.0 -1.0 0.0 0.31949395718672036 0.37881121435493503 0.3016948284583446
9 674.0 0.0 -1.0 -1.0 -1.0 0.0 0.3333596665872866 0.36610525734149646 0.3005350760712169
9 675.0 0.0 -1.0 -1.0 -1.0 0.0 0.3299381422825873 0.35250818995705624 0.3175536677603564
9 676.0 0.0 -1.0 -1.0 -1.0 0.0 0.3122988832484403 0.3809789134287388 0.3067222033228208
9 677.0 0.0 -1.0 -1.0 -1.0 0.0 0.3280230164291364 0.35310854777261413 0.3188684357982495
9 678.0 0.0 -1.0 -1.0 -1.0 0.0 0.34232450684432164 0.33324093425981344 0.3244345588958648
9 679.0 0.0 -1.0 -1.0 -1.0 0.0 0.3444818714554156 0.33821279269272686 0.31730533585185744
9 680.0 0.0 -1.0 -1.0 -1.0 0.0 0.33109808190550377 0.35326070039742036 0.3156412176970758
9 681.0 0.0 -1.0 -1.0 -1.0 0.0 0.33968104563202944 0.3409562198607329 0.3193627345072378
9 682.0 0.0 -1.0 -1.0 -1.0 0.0 0.3445796957179968 0.32273897786975125 0.33268132641225207
9 683.0 0.0 -1.0 -1.0 -1.0 0.0 0.3467944448634719 0.3044200266589376 0.34878552847759076
9 684.0 0.0 -1.0 -1.0 -1.0 0.0 0.3402603402466366 0.3259788305673503 0.3337608291860132
9 685.0 0.0 -1.0 -1.0 -1.0 0.0 0.31996791200496505 0.3525711036497705 0.3274609843452644
9 686.0 0.0 -1.0 -1.0 -1.0 0.0 0.32564615831160654 0.362876548742215 0.3114772929461785
9 687.0 0.0 -1.0 -1.0 -1.0 0.0 0.3336839056622359 0.3633686280577606 0.3029474662800036
9 688.0 0.0 -1.0 -1.0 -1.0 0.0 0.3534202417378925 0.33991354162777787 0.30666621663433014
9 689.0 0.0 -1.0 -1.0 -1.0 0.0 0.3498132970984759 0.3369295038280391 0.3132571990734851
9 690.0 0.0 -1.0 -1.0 -1.0 0.0 0.3541451378177937 0.3266984703810804 0.31915639180112554
9 691.0 0.0 -1.0 -1.0 -1.0 0.0 0.3566726548255052 0.32963883993067655 0.31368850524381836
9 692.0 0.0 -1.0 -1.0 -1.0 0.0 0.34705704128132586 0.3193404088652104 0.3336025498534637
9 693.0 0.0 -1.0 -1.0 -1.0 0.0 0.37471195597927925 0.2975840221373468 0.32770402188337383
9 694.0 0.0 -1.0 -1.0 -1.0 0.0 0.3493284342034112 0.31727952041195295 0.3333920453846359
9 695.0 0.0 -1.0 -1.0 -1.0 0.0 0.35159400137694374 0.3350998783588497 0.31330612026420657
9 696.0 0.0 -1.0 -1.0 -1.0 0.0 0.3606736969124824 0.3357210045572112 0.3036052985303062
9 697.0 0.0 -1.0 -1.0 -1.0 0.0 0.355474710318245 0.3589960492664796 0.2855292404152754
9 698.0 0.0 -1.0 -1.0 -1.0 0.0 0.3207653586112375 0.3935476349498706 0.2856870064388917
9 699.0 0.0 -1.0 -1.0 -1.0 0.0 0.32531345627887753 0.3880578705982332 0.28662867312288937
9 700.0 0.0 -1.0 -1.0 -1.0 0.0 0.3146883919077457 0.3759256998779096 0.30938590821434486
9 701.0 0.0 -1.0 -1.0 -1.0 0.0 0.3089087314789202 0.38349581426128593 0.30759545425979407
9 702.0 0.0 -1.0 -1.0 -1.0 0.0 0.3019446384706945 0.39242460389429157 0.305630757635014
9 703.0 0.0 -1.0 -1.0 -1.0 0.0 0.3255528010858527 0.36705438331747603 0.30739281559667136
9 704.0 0.0 -1.0 -1.0 -1.0 0.0 0.34026019095893695 0.3602886264373335 0.29945118260372966
9 705.0 0.0 -1.0 -1.0 -1.0 0.0 0.342750312522788 0.32993884172434995 0.3273108457528619
9 706.0 0.0 -1.0 -1.0 -1.0 0.0 0.33645947572772494 0.3634213177059533 0.3001192065663218
9 707.0 0.0 -1.0 -1.0 -1.0 0.0 0.3422855210875804 0.373664640371387 0.2840498385410325
9 708.0 0.0 -1.0 -1.0 -1.0 0.0 0.3467049415178179 0.38288487732174004 0.27041018116044196
9 709.0 0.0 -1.0 -1.0 -1.0 0.0 0.3379183025595228 0.39172050487808285 0.2703611925623945
9 710.0 0.0 -1.0 -1.0 -1.0 0.0 0.3426803349215476 0.34628328451543217 0.31103638056302
9 711.0 0.0 -1.0 -1.0 -1.0 0.0 0.3248025426606454 0.31844698356878 0.3567504737705746
9 712.0 0.0 -1.0 -1.0 -1.0 0.0 0.32617354818428296 0.32616220346652325 0.34766424834919357
9 713.0 0.0 -1.0 -1.0 -1.0 0.0 0.33243885522266725 0.32224721615320967 0.34531392862412313
9 714.0 0.0 -1.0 -1.0 -1.0 0.0 0.3369070610642641 0.3281880411522908 0.3349048977834451
9 715.0 0.0 -1.0 -1.0 -1.0 0.0 0.3525900135628545 0.31711778976452015 0.33029219667262516
9 716.0 0.0 -1.0 -1.0 -1.0 0.0 0.32818606214560136 0.33207337224212485 0.3397405656122737
9 717.0 0.0 -1.0 -1.0 -1.0 0.0 0.33682590302318904 0.323614211363503 0.3395598856133079
9 718.0 0.0 -1.0 -1.0 -1.0 0.0 0.29979412238227265 0.3214388257372566 0.37876705188047066
9 719.0 0.0 -1.0 -1.0 -1.0 0.0 0.28674377642437204 0.3558616041163333 0.35739461945929457
9 720.0 0.0 -1.0 -1.0 -1.0 0.0 0.27414617465409036 0.3646884948332876 0.3611653305126218
9 721.0 0.0 -1.0 -1.0 -1.0 0.0 0.2866894522757373 0.35007870720533313 0.36323184051892937
9 722.0 0.0 -1.0 -1.0 -1.0 0.0 0.3083070811241029 0.34418706124342613 0.347505857632471
9 723.0 0.0 -1.0 -1.0 -1.0 0.0 0.33037403423626793 0.31580893375602875 0.3538170320077035
9 724.0 0.0 -1.0 -1.0 -1.0 0.0 0.3137466557357354 0.3109763332927347 0.3752770109715298
9 725.0 0.0 -1.0 -1.0 -1.0 0.0 0.3157354169627721 0.32546964667268236 0.3587949363645457
9 726.0 0.0 -1.0 -1.0 -1.0 0.0 0.3339062093366256 0.29318160017263134 0.3729121904907431
9 727.0 0.0 -1.0 -1.0 -1.0 0.0 0.3255822575840658 0.3169408483479243 0.35747689406800987
9 728.0 0.0 -1.0 -1.0 -1.0 0.0 0.33042796645953404 0.32642320009994874 0.34314883344051694
9 729.0 0.0 -1.0 -1.0 -1.0 0.0 0.3187987942426488 0.3343369754349578 0.34686423032239333
9 730.0 0.0 -1.0 -1.0 -1.0 0.0 0.30637831549825345 0.33041253969414197 0.36320914480760463
9 731.0 0.0 -1.0 -1.0 -1.0 0.0 0.31373405128242504 0.3383331475805398 0.347932801137035
9 732.0 0.0 -1.0 -1.0 -1.0 0.0 0.3100577556930576 0.3271277764382936 0.3628144678686486
9 733.0 0.0 -1.0 -1.0 -1.0 0.0 0.3209409626593138 0.317512437424686 0.36154659991600013
9 734.0 0.0 -1.0 -1.0 -1.0 0.0 0.3318022434437766 0.3260747713003818 0.3421229852558416
9 735.0 0.0 -1.0 -1.0 -1.0 0.0 0.33569694343554685 0.3105671095823844 0.35373594698206867
9 736.0 0.0 -1.0 -1.0 -1.0 0.0 0.32618759782151363 0.32733578243529243 0.34647661974319377
9 737.0 0.0 -1.0 -1.0 -1.0 0.0 0.30069649635540374 0.35386543310940555 0.3454380705351904
9 738.0 0.0 -1.0 -1.0 -1.0 0.0 0.32437633156827766 0.3347580216198618 0.34086564681186077
9 739.0 0.0 -1.0 -1.0 -1.0 0.0 0.32866423107755877 0.32261341750207195 0.3487223514203693
9 740.0 0.0 -1.0 -1.0 -1.0 0.0 0.31657112375852353 0.32089629472034287 0.36253258152113377
9 741.0 0.0 -1.0 -1.0 -1.0 0.0 0.3122428066598472 0.34335036145088765 0.3444068318892654
9 742.0 0.0 -1.0 -1.0 -1.0 0.0 0.3360244764377863 0.33546448578463867 0.32851103777757507
9 743.0 0.0 -1.0 -1.0 -1.0 0.0 0.34154700699517376 0.3465314219617903 0.31192157104303564
9 744.0 0.0 -1.0 -1.0 -1.0 0.0 0.35869708733183353 0.3371224431517089 0.30418046951645766
9 745.0 0.0 -1.0 -1.0 -1.0 0.0 0.32519290096939046 0.3376214071654192 0.3371856918651903
9 746.0 0.0 -1.0 -1.0 -1.0 0.0 0.3016928963202639 0.3560155512675675 0.3422915524121686
9 747.0 0.0 -1.0 -1.0 -1.0 0.0 0.31207152831639823 0.33068269745663464 0.3572457742269672
9 748.0 0.0 -1.0 -1.0 -1.0 0.0 0.3317550793909361 0.3063322481937059 0.3619126724153581
9 749.0 0.0 -1.0 -1.0 -1.0 0.0 0.3362168912056254 0.3241938259685686 0.33958928282580586
9 750.0 0.0 -1.0 -1.0 -1.0 0.0 0.33867368722733454 0.3312121811280175 0.3301141316446479
9 751.0 0.0 -1.0 -1.0 -1.0 0.0 0.3240577185983765 0.32165933549815734 0.35428294590346626
9 752.0 0.0 -1.0 -1.0 -1.0 0.0 0.3204117755732013 0.344526177779638 0.3350620466471607
9 753.0 0.0 -1.0 -1.0 -1.0 0.0 0.3213112995602744 0.35107763843603296 0.3276110620036927
9 754.0 0.0 -1.0 -1.0 -1.0 0.0 0.3157027766295406 0.3388376117334605 0.345459611636999
9 755.0 0.0 -1.0 -1.0 -1.0 0.0 0.31619763322328515 0.33703177178615357 0.34677059499056123
9 756.0 0.0 -1.0 -1.0 -1.0 0.0 0.3053577237632277 0.32744931612663736 0.367192960110135
9 757.0 0.0 -1.0 -1.0 -1.0 0.0 0.30236044301671233 0.36163060789618895 0.33600894908709866
9 758.0 0.0 -1.0 -1.0 -1.0 0.0 0.2868531306103533 0.3764440818057762 0.3367027875838707
9 759.0 0.0 -1.0 -1.0 -1.0 0.0 0.3080019811142276 0.3563203117690913 0.33567770711668116
9 760.0 0.0 -1.0 -1.0 -1.0 0.0 0.3371445903590272 0.3568500995951957 0.30600531004577736
9 761.0 0.0 -1.0 -1.0 -1.0 0.0 0.32453975012974956 0.3411658094719009 0.33429444039834955
9 762.0 0.0 -1.0 -1.0 -1.0 0.0 0.3371135987417641 0.3116743266681036 0.35121207459013226
9 763.0 0.0 -1.0 -1.0 -1.0 0.0 0.33071978731016377 0.3312798153798138 0.33800039731002246
9 764.0 0.0 -1.0 -1.0 -1.0 0.0 0.3642992166048047 0.30103046937825184 0.3346703140169433
9 765.0 0.0 -1.0 -1.0 -1.0 0.0 0.34442008017988873 0.29822717611062605 0.35735274370948544
9 766.0 0.0 -1.0 -1.0 -1.0 0.0 0.3198313346373169 0.2952308117740347 0.38493785358864857
9 767.0 0.0 -1.0 -1.0 -1.0 0.0 0.3121935603588064 0.33042714262884976 0.35737929701234367
9 768.0 0.0 -1.0 -1.0 -1.0 0.0 0.3094208103916839 0.33356660282066825 0.3570125867876477
9 769.0 0.0 -1.0 -1.0 -1.0 0.0 0.3249857811697269 0.34166402243658 0.33335019639369323
9 770.0 0.0 -1.0 -1.0 -1.0 0.0 0.34562582127498587 0.3345144236568125 0.3198597550682014
9 771.0 0.0 -1.0 -1.0 -1.0 0.0 0.3582048042788606 0.3280155631474416 0.31377963257369784
9 772.0 0.0 -1.0 -1.0 -1.0 0.0 0.369425594668796 0.32746461054401993 0.30310979478718386
9 773.0 0.0 -1.0 -1.0 -1.0 0.0 0.36271627179687144 0.29947417523035413 0.33780955297277443
9 774.0 0.0 -1.0 -1.0 -1.0 0.0 0.3428935292869427 0.30361994766989553 0.35348652304316175
9 775.0 0.0 -1.0 -1.0 -1.0 0.0 0.33768398159765733 0.28984430302702996 0.3724717153753126
9 776.0 0.0 -1.0 -1.0 -1.0 0.0 0.3237665882392308 0.29648069473212363 0.37975271702864544
9 777.0 0.0 -1.0 -1.0 -1.0 0.0 0.3567669539382262 0.30430419192911773 0.3389288541326561
9 778.0 0.0 -1.0 -1.0 -1.0 0.0 0.32907410324271874 0.33000321191256005 0.3409226848447212
9 779.0 0.0 -1.0 -1.0 -1.0 0.0 0.3471346374997769 0.32064980768391976 0.3322155548163034
9 780.0 0.0 -1.0 -1.0 -1.0 0.0 0.33588715572897265 0.32368303334860504 0.3404298109224226
9 781.0 0.0 -1.0 -1.0 -1.0 0.0 0.33335018983882386 0.3377222442760536 0.32892756588512256
9 782.0 0.0 -1.0 -1.0 -1.0 0.0 0.30695384322097186 0.36789341666026126 0.32515274011876694
9 783.0 0.0 -1.0 -1.0 -1.0 0.0 0.315003800400083 0.3408293343575344 0.34416686524238266
9 784.0 0.0 -1.0 -1.0 -1.0 0.0 0.34096293227653673 0.33856272826429745 0.32047433945916576
9 785.0 0.0 -1.0 -1.0 -1.0 0.0 0.33890657766546356 0.3210397827804219 0.34005363955411466
9 786.0 0.0 -1.0 -1.0 -1.0 0.0 0.3205698597981714 0.345540180493462 0.33388995970836644
9 787.0 0.0 -1.0 -1.0 -1.0 0.0 0.34151029368935854 0.3521777433682825 0.3063119629423593
9 788.0 0.0 -1.0 -1.0 -1.0 0.0 0.31861912495539985 0.3586112750025025 0.3227696000420977
9 789.0 0.0 -1.0 -1.0 -1.0 0.0 0.3564454841282449 0.34078115851005175 0.30277335736170347
9 790.0 0.0 -1.0 -1.0 -1.0 0.0 0.36242411663725416 0.3464862479497078 0.29108963541303795
9 791.0 0.0 -1.0 -1.0 -1.0 0.0 0.35893552670114814 0.34944288728763595 0.291621586011216
9 792.0 0.0 -1.0 -1.0 -1.0 0.0 0.354813277361909 0.3153868470839229 0.329799875554168
9 793.0 0.0 -1.0 -1.0 -1.0 0.0 0.39044021709984267 0.3191016510362755 0.29045813186388225
9 794.0 0.0 -1.0 -1.0 -1.0 0.0 0.3905384548270541 0.3209736519920942 0.28848789318085183
9 795.0 0.0 -1.0 -1.0 -1.0 0.0 0.396539179505149 0.32675688646089 0.27670393403396115
9 796.0 0.0 -1.0 -1.0 -1.0 0.0 0.37467913907929523 0.33638078074210426 0.2889400801786006
9 797.0 0.0 -1.0 -1.0 -1.0 0.0 0.36917664563311753 0.3091209649604035 0.3217023894064791
9 798.0 0.0 -1.0 -1.0 -1.0 0.0 0.3453728498437225 0.3164726164100711 0.3381545337462064
9 799.0 0.0 -1.0 -1.0 -1.0 0.0 0.3742790036848238 0.28643019172867723 0.33929080458649913
9 800.0 0.0 -1.0 -1.0 -1.0 0.0 0.3616224909788326 0.29950822836837726 0.3388692806527902
9 801.0 0.0 -1.0 -1.0 -1.0 0.0 0.3775344745311778 0.29875578586905716 0.3237097395997651
9 802.0 0.0 -1.0 -1.0 -1.0 0.0 0.38382634663146603 0.3079415292701308 0.30823212409840317
9 803.0 0.0 -1.0 -1.0 -1.0 0.0 0.41479041072877704 0.28919436600448806 0.2960152232667351
9 804.0 0.0 -1.0 -1.0 -1.0 0.0 0.3866566188044919 0.3065518293196711 0.3067915518758371
9 805.0 0.0 -1.0 -1.0 -1.0 0.0 0.37196789041667544 0.29543463715928264 0.3325974724240418
9 806.0 0.0 -1.0 -1.0 -1.0 0.0 0.3703969228364584 0.29502040272027286 0.33458267444326895
9 807.0 0.0 -1.0 -1.0 -1.0 0.0 0.37198412469238873 0.30137978329850684 0.32663609200910426
9 808.0 0.0 -1.0 -1.0 -1.0 0.0 0.37149587900662034 0.3022358837480533 0.32626823724532633
9 809.0 0.0 -1.0 -1.0 -1.0 0.0 0.35074967962786124 0.31265810263946475 0.3365922177326743
9 810.0 0.0 -1.0 -1.0 -1.0 0.0 0.3691142229990902 0.30246881919472346 0.32841695780618635
9 811.0 0.0 -1.0 -1.0 -1.0 0.0 0.3840805075933501 0.3065903339414055 0.3093291584652444
9 812.0 0.0 -1.0 -1.0 -1.0 0.0 0.3794515216691739 0.3081531443891468 0.3123953339416794
9 813.0 0.0 -1.0 -1.0 -1.0 0.0 0.33960953643665703 0.3457227486323067 0.3146677149310361
9 814.0 0.0 -1.0 -1.0 -1.0 0.0 0.34743674052420515 0.350313233791563 0.3022500256842321
9 815.0 0.0 -1.0 -1.0 -1.0 0.0 0.3477382585665943 0.37359192647494205 0.27866981495846355
9 816.0 0.0 -1.0 -1.0 -1.0 0.0 0.3621737115637466 0.34536400713561866 0.29246228130063484
9 817.0 0.0 -1.0 -1.0 -1.0 0.0 0.38276134243244025 0.33647639690171055 0.28076226066584914
9 818.0 0.0 -1.0 -1.0 -1.0 0.0 0.36294337121947157 0.35168204194275887 0.2853745868377691
9 819.0 0.0 -1.0 -1.0 -1.0 0.0 0.4049187511549266 0.31859059665379486 0.27649065219127855
9 820.0 0.0 -1.0 -1.0 -1.0 0.0 0.38726549827013584 0.31785350012625385 0.29488100160360997
9 821.0 0.0 -1.0 -1.0 -1.0 0.0 0.36203481402563076 0.361955196294754 0.27600998967961543
9 822.0 0.0 -1.0 -1.0 -1.0 0.0 0.3305783797476199 0.34960288085893176 0.3198187393934482
9 823.0 0.0 -1.0 -1.0 -1.0 0.0 0.3184527853925197 0.3684644549983042 0.3130827596091759
9 824.0 0.0 -1.0 -1.0 -1.0 0.0 0.338041019257751 0.3598571004855362 0.30210188025671275
9 825.0 0.0 -1.0 -1.0 -1.0 0.0 0.33439932822482304 0.3617856296496911 0.30381504212548605
9 826.0 0.0 -1.0 -1.0 -1.0 0.0 0.3463398248026428 0.3548177370093473 0.2988424381880096
9 827.0 0.0 -1.0 -1.0 -1.0 0.0 0.3295025184886237 0.3706979973632173 0.2997994841481589
9 828.0 0.0 -1.0 -1.0 -1.0 0.0 0.31550377403707325 0.38353245750005693 0.3009637684628699
9 829.0 0.0 -1.0 -1.0 -1.0 0.0 0.3210254834827511 0.38564766761239544 0.29332684890485333
9 830.0 0.0 -1.0 -1.0 -1.0 0.0 0.3601129202233439 0.35933504387483983 0.28055203590181615
9 831.0 0.0 -1.0 -1.0 -1.0 0.0 0.3821715716208383 0.3446869971818861 0.27314143119727563
9 832.0 0.0 -1.0 -1.0 -1.0 0.0 0.38580048983470067 0.32615061607490875 0.28804889409039053
9 833.0 0.0 -1.0 -1.0 -1.0 0.0 0.3805032279708848 0.3141695839852565 0.3053271880438585
9 834.0 0.0 -1.0 -1.0 -1.0 0.0 0.34118282082055934 0.33676844876178913 0.32204873041765175
9 835.0 0.0 -1.0 -1.0 -1.0 0.0 0.3361104682107258 0.35962116701452523 0.3042683647747491
9 836.0 0.0 -1.0 -1.0 -1.0 0.0 0.3512550730757905 0.3496920743867441 0.2990528525374652
9 837.0 0.0 -1.0 -1.0 -1.0 0.0 0.3333188327532311 0.34459118542699096 0.3220899818197783
9 838.0 0.0 -1.0 -1.0 -1.0 0.0 0.33202307830189765 0.36151068050470064 0.30646624119340177
9 839.0 0.0 -1.0 -1.0 -1.0 0.0 0.3134024356272078 0.34893452688088156 0.3376630374919103
9 840.0 0.0 -1.0 -1.0 -1.0 0.0 0.3325835345689996 0.34107105247890807 0.3263454129520923
9 841.0 0.0 -1.0 -1.0 -1.0 0.0 0.3311063276416887 0.33364869045417167 0.3352449819041396
9 842.0 0.0 -1.0 -1.0 -1.0 0.0 0.3244527625309513 0.3283980168020461 0.347149220667003
9 843.0 0.0 -1.0 -1.0 -1.0 0.0 0.3333835777722032 0.3367725069936571 0.32984391523413975
9 844.0 0.0 -1.0 -1.0 -1.0 0.0 0.334158490800151 0.3336074852429119 0.332234023956937
9 845.0 0.0 -1.0 -1.0 -1.0 0.0 0.33580351575360373 0.33005299861960374 0.3341434856267926
9 846.0 0.0 -1.0 -1.0 -1.0 0.0 0.343360262772535 0.3405481551745855 0.31609158205287946
9 847.0 0.0 -1.0 -1.0 -1.0 0.0 0.35012729861060476 0.30330897624445774 0.34656372514493733
9 848.0 0.0 -1.0 -1.0 -1.0 0.0 0.3252412913551021 0.32280678713566113 0.3519519215092371
9 849.0 0.0 -1.0 -1.0 -1.0 0.0 0.3203710396254567 0.31915349382896596 0.3604754665455773
9 850.0 0.0 -1.0 -1.0 -1.0 0.0 0.30330184851585085 0.32425302636135805 0.3724451251227911
9 851.0 0.0 -1.0 -1.0 -1.0 0.0 0.31903334426455887 0.334062331580828 0.3469043241546131
9 852.0 0.0 -1.0 -1.0 -1.0 0.0 0.3220560174854459 0.3544163404349957 0.32352764207955836
9 853.0 0.0 -1.0 -1.0 -1.0 0.0 0.30489664135985683 0.3553210737240155 0.33978228491612766
9 854.0 0.0 -1.0 -1.0 -1.0 0.0 0.30961023947636207 0.3521341384594458 0.3382556220641922
9 855.0 0.0 -1.0 -1.0 -1.0 0.0 0.32598909548131116 0.31794072190644884 0.3560701826122401
9 856.0 0.0 -1.0 -1.0 -1.0 0.0 0.32966467642209457 0.3358829712249365 0.33445235235296905
9 857.0 0.0 -1.0 -1.0 -1.0 0.0 0.3589725575298436 0.3052085041787067 0.3358189382914499
9 858.0 0.0 -1.0 -1.0 -1.0 0.0 0.353579066308596 0.3206527552880603 0.32576817840334393
9 859.0 0.0 -1.0 -1.0 -1.0 0.0 0.34057691941035456 0.3434752305753576 0.31594785001428793
9 860.0 0.0 -1.0 -1.0 -1.0 0.0 0.3745903299113248 0.3299900971780818 0.2954195729105935
9 861.0 0.0 -1.0 -1.0 -1.0 0.0 0.3973475292507186 0.31301213422951546 0.28964033651976595
9 862.0 0.0 -1.0 -1.0 -1.0 0.0 0.3676534149967861 0.3260629501485521 0.3062836348546619
9 863.0 0.0 -1.0 -1.0 -1.0 0.0 0.3450187258825992 0.3464691570065233 0.3085121171108774
9 864.0 0.0 -1.0 -1.0 -1.0 0.0 0.33662024928190604 0.3520942268922728 0.3112855238258211
9 865.0 0.0 -1.0 -1.0 -1.0 0.0 0.35355669629371084 0.37684132550359734 0.2696019782026917
9 866.0 0.0 -1.0 -1.0 -1.0 0.0 0.3340648750202645 0.39450545711199525 0.2714296678677407
9 867.0 0.0 -1.0 -1.0 -1.0 0.0 0.34388232859611534 0.36310850012713375 0.29300917127675113
9 868.0 0.0 -1.0 -1.0 -1.0 0.0 0.3565053217786932 0.3517811589172 0.2917135193041066
9 869.0 0.0 -1.0 -1.0 -1.0 0.0 0.37774425027757474 0.3351769412108548 0.28707880851157025
9 870.0 0.0 -1.0 -1.0 -1.0 0.0 0.37871154379064526 0.3471392674842619 0.2741491887250927
9 871.0 0.0 -1.0 -1.0 -1.0 0.0 0.35759323532903975 0.36045099427307653 0.2819557703978838
9 872.0 0.0 -1.0 -1.0 -1.0 0.0 0.31298287346057746 0.3724207571657429 0.3145963693736798
9 873.0 0.0 -1.0 -1.0 -1.0 0.0 0.33524020194967763 0.36148233576263405 0.3032774622876885
9 874.0 0.0 -1.0 -1.0 -1.0 0.0 0.3378905786196492 0.35409658089741647 0.3080128404829342
9 875.0 0.0 -1.0 -1.0 -1.0 0.0 0.3559010883737613 0.3314489812747325 0.31264993035150623
9 876.0 0.0 -1.0 -1.0 -1.0 0.0 0.3567541755811612 0.3223658084185464 0.32088001600029226
9 877.0 0.0 -1.0 -1.0 -1.0 0.0 0.3653158690933601 0.34489197483966827 0.2897921560669716
9 878.0 0.0 -1.0 -1.0 -1.0 0.0 0.3429498624123914 0.35802660625612115 0.29902353133148746
9 879.0 0.0 -1.0 -1.0 -1.0 0.0 0.3231420457795787 0.3802029219399738 0.2966550322804477
9 880.0 0.0 -1.0 -1.0 -1.0 0.0 0.3200349620635625 0.3686837168943288 0.3112813210421086
9 881.0 0.0 -1.0 -1.0 -1.0 0.0 0.3491299614204044 0.348082594971459 0.3027874436081367
9 882.0 0.0 -1.0 -1.0 -1.0 0.0 0.3106320133278496 0.37191024596130084 0.3174577407108494
9 883.0 0.0 -1.0 -1.0 -1.0 0.0 0.28131616821922356 0.39236371228025974 0.3263201195005168
9 884.0 0.0 -1.0 -1.0 -1.0 0.0 0.2996788268520063 0.3552688445935363 0.34505232855445733
9 885.0 0.0 -1.0 -1.0 -1.0 0.0 0.3102971488364155 0.33590082163756135 0.35380202952602313
9 886.0 0.0 -1.0 -1.0 -1.0 0.0 0.3165672454853359 0.3447328002173592 0.3386999542973047
9 887.0 0.0 -1.0 -1.0 -1.0 0.0 0.3439128889335949 0.3122749821324245 0.3438121289339807
9 888.0 0.0 -1.0 -1.0 -1.0 0.0 0.3554155940525475 0.32308299678288394 0.32150140916456843
9 889.0 0.0 -1.0 -1.0 -1.0 0.0 0.3489953745749417 0.3199945333434632 0.3310100920815949
9 890.0 0.0 -1.0 -1.0 -1.0 0.0 0.3521086602571899 0.32431743548276615 0.323573904260044
9 891.0 0.0 -1.0 -1.0 -1.0 0.0 0.32779939707238476 0.33523653516956453 0.3369640677580507
9 892.0 0.0 -1.0 -1.0 -1.0 0.0 0.33195213447101823 0.3365853084180259 0.33146255711095596
9 893.0 0.0 -1.0 -1.0 -1.0 0.0 0.31648370666191195 0.3469646301128709 0.33655166322521723
9 894.0 0.0 -1.0 -1.0 -1.0 0.0 0.34548621700496385 0.3394268016859442 0.315086981309092
9 895.0 0.0 -1.0 -1.0 -1.0 0.0 0.3378718269114072 0.35507612398649746 0.30705204910209516
9 896.0 0.0 -1.0 -1.0 -1.0 0.0 0.3379307704239106 0.3468639619890753 0.3152052675870141
9 897.0 0.0 -1.0 -1.0 -1.0 0.0 0.33078370828458037 0.3526446452266774 0.3165716464887422
9 898.0 0.0 -1.0 -1.0 -1.0 0.0 0.33908996681091386 0.34232385606292953 0.3185861771261564
9 899.0 0.0 -1.0 -1.0 -1.0 0.0 0.33383879521345655 0.34601253124329906 0.32014867354324444
9 900.0 0.0 -1.0 -1.0 -1.0 0.0 0.3453471211442379 0.31368486348948016 0.34096801536628235
9 901.0 0.0 -1.0 -1.0 -1.0 0.0 0.3386302735445682 0.3053524029710408 0.35601732348439086
9 902.0 0.0 -1.0 -1.0 -1.0 0.0 0.30938048252503153 0.336338134351668 0.3542813831233005
9 903.0 0.0 -1.0 -1.0 -1.0 0.0 0.30319846014150137 0.32841760819203364 0.36838393166646477
9 904.0 0.0 -1.0 -1.0 -1.0 0.0 0.3326658446663794 0.31729930571041354 0.3500348496232067
9 905.0 0.0 -1.0 -1.0 -1.0 0.0 0.32913682524533905 0.3046533060850074 0.36620986866965366
9 906.0 0.0 -1.0 -1.0 -1.0 0.0 0.34407748061081184 0.3339332875369862 0.32198923185220196
9 907.0 0.0 -1.0 -1.0 -1.0 0.0 0.33306159729146956 0.3345439317824105 0.33239447092611973
9 908.0 0.0 -1.0 -1.0 -1.0 0.0 0.3416483450853049 0.3223651090448476 0.33598654586984755
9 909.0 0.0 -1.0 -1.0 -1.0 0.0 0.3325224798538214 0.33128139358470926 0.33619612656146947
9 910.0 0.0 -1.0 -1.0 -1.0 0.0 0.34205856778316956 0.3494676188445442 0.30847381337228674
9 911.0 0.0 -1.0 -1.0 -1.0 0.0 0.32275961920024426 0.3553791822290266 0.32186119857072926
9 912.0 0.0 -1.0 -1.0 -1.0 0.0 0.35006296497502654 0.36508215649058134 0.2848548785343921
9 913.0 0.0 -1.0 -1.0 -1.0 0.0 0.3505205446426726 0.3710220191711335 0.2784574361861942
9 914.0 0.0 -1.0 -1.0 -1.0 0.0 0.3853149987851124 0.32101284304292244 0.29367215817196507
9 915.0 0.0 -1.0 -1.0 -1.0 0.0 0.37830483821489785 0.34367792207157244 0.2780172397135299
9 916.0 0.0 -1.0 -1.0 -1.0 0.0 0.37075730254789785 0.3256182005104289 0.3036244969416733
9 917.0 0.0 -1.0 -1.0 -1.0 0.0 0.34751050276867695 0.31564723246094967 0.3368422647703735
9 918.0 0.0 -1.0 -1.0 -1.0 0.0 0.34161510857600275 0.31961178660498685 0.33877310481901035
9 919.0 0.0 -1.0 -1.0 -1.0 0.0 0.34680864896766395 0.3362605616358109 0.31693078939652497
9 920.0 0.0 -1.0 -1.0 -1.0 0.0 0.35154910529714634 0.2867584486897934 0.3616924460130603
9 921.0 0.0 -1.0 -1.0 -1.0 0.0 0.36513092411260734 0.30227801876713156 0.33259105712026105
9 922.0 0.0 -1.0 -1.0 -1.0 0.0 0.36108708885763086 0.3155641830144633 0.3233487281279057
9 923.0 0.0 -1.0 -1.0 -1.0 0.0 0.3766818095958162 0.3180219137703713 0.3052962766338124
9 924.0 0.0 -1.0 -1.0 -1.0 0.0 0.36385052848076577 0.30013318080716145 0.336016290712073
9 925.0 0.0 -1.0 -1.0 -1.0 0.0 0.3339974135857686 0.31690444942776524 0.3490981369864661
9 926.0 0.0 -1.0 -1.0 -1.0 0.0 0.31894922483660737 0.33133595209836925 0.3497148230650232
9 927.0 0.0 -1.0 -1.0 -1.0 0.0 0.29667396950408204 0.33690245024935367 0.3664235802465644
9 928.0 0.0 -1.0 -1.0 -1.0 0.0 0.30485565876538895 0.3494944619601035 0.34564987927450797
9 929.0 0.0 -1.0 -1.0 -1.0 0.0 0.31404153310456523 0.3440300557949245 0.34192841110051014
9 930.0 0.0 -1.0 -1.0 -1.0 0.0 0.3093247484146355 0.3622250947524462 0.3284501568329185
9 931.0 0.0 -1.0 -1.0 -1.0 0.0 0.30220109084786784 0.3549415109807918 0.3428573981713404
9 932.0 0.0 -1.0 -1.0 -1.0 0.0 0.33088292459651697 0.32175451081591466 0.34736256458756853
9 933.0 0.0 -1.0 -1.0 -1.0 0.0 0.32327585245051016 0.3176353078170146 0.3590888397324754
9 934.0 0.0 -1.0 -1.0 -1.0 0.0 0.30926476149178955 0.3413012023854661 0.34943403612274443
9 935.0 0.0 -1.0 -1.0 -1.0 0.0 0.3259128896639973 0.3337715344218863 0.34031557591411643
9 936.0 0.0 -1.0 -1.0 -1.0 0.0 0.32696090073562784 0.3137071314882775 0.3593319677760946
9 937.0 0.0 -1.0 -1.0 -1.0 0.0 0.33424945579305143 0.3036131245742477 0.36213741963270074
9 938.0 0.0 -1.0 -1.0 -1.0 0.0 0.370068656775142 0.3119488868663669 0.31798245635849104
9 939.0 0.0 -1.0 -1.0 -1.0 0.0 0.3680923766627638 0.3211128442387779 0.31079477909845826
9 940.0 0.0 -1.0 -1.0 -1.0 0.0 0.380608362552501 0.3199167701709939 0.2994748672765052
9 941.0 0.0 -1.0 -1.0 -1.0 0.0 0.3786630060519617 0.32357965435212177 0.2977573395959163
9 942.0 0.0 -1.0 -1.0 -1.0 0.0 0.3778682844906205 0.32094604092751394 0.30118567458186585
9 943.0 0.0 -1.0 -1.0 -1.0 0.0 0.3920937177600304 0.3292941420567698 0.2786121401832001
9 944.0 0.0 -1.0 -1.0 -1.0 0.0 0.37968914312874635 0.31079010594655043 0.309520750924703
9 945.0 0.0 -1.0 -1.0 -1.0 0.0 0.37756450175268524 0.31788352295578187 0.30455197529153294
9 946.0 0.0 -1.0 -1.0 -1.0 0.0 0.3555603693054233 0.28932291830552426 0.35511671238905235
9 947.0 0.0 -1.0 -1.0 -1.0 0.0 0.32811288195726135 0.33041387974829084 0.3414732382944477
9 948.0 0.0 -1.0 -1.0 -1.0 0.0 0.3306736417673214 0.3217505867093613 0.3475757715233174
9 949.0 0.0 -1.0 -1.0 -1.0 0.0 0.32049719094930085 0.3138401604624061 0.3656626485882932
9 950.0 0.0 -1.0 -1.0 -1.0 0.0 0.3337863128677332 0.3076622283121043 0.35855145882016254
9 951.0 0.0 -1.0 -1.0 -1.0 0.0 0.3192403789722997 0.3202015330476032 0.360558087980097
9 952.0 0.0 -1.0 -1.0 -1.0 0.0 0.313274773303147 0.3377503945990896 0.3489748320977635
9 953.0 0.0 -1.0 -1.0 -1.0 0.0 0.30130580516640365 0.329910721499681 0.36878347333391537
9 954.0 0.0 -1.0 -1.0 -1.0 0.0 0.31357908788119276 0.3271582855875784 0.35926262653122903
9 955.0 0.0 -1.0 -1.0 -1.0 0.0 0.32625620975897335 0.3246571087170683 0.3490866815239586
9 956.0 0.0 -1.0 -1.0 -1.0 0.0 0.34008051148477086 0.3413193521408291 0.3186001363744
9 957.0 0.0 -1.0 -1.0 -1.0 0.0 0.34370629388598445 0.34876593437491915 0.30752777173909673
9 958.0 0.0 -1.0 -1.0 -1.0 0.0 0.30130994157070756 0.3850829726621797 0.31360708576711277
9 959.0 0.0 -1.0 -1.0 -1.0 0.0 0.2902449888431034 0.3913245321723549 0.3184304789845417
9 960.0 0.0 -1.0 -1.0 -1.0 0.0 0.31441538568527405 0.35424401313457005 0.33134060118015607
9 961.0 0.0 -1.0 -1.0 -1.0 0.0 0.32084006985946567 0.3251204472576219 0.35403948288291254
9 962.0 0.0 -1.0 -1.0 -1.0 0.0 0.35408143990837915 0.2913812158469149 0.354537344244706
9 963.0 0.0 -1.0 -1.0 -1.0 0.0 0.37871767393811345 0.2855234650020254 0.33575886105986114
9 964.0 0.0 -1.0 -1.0 -1.0 0.0 0.36586074007297065 0.30380332188813375 0.3303359380388956
9 965.0 0.0 -1.0 -1.0 -1.0 0.0 0.33936992261393845 0.3039266800415485 0.3567033973445131
9 966.0 0.0 -1.0 -1.0 -1.0 0.0 0.3280911897537888 0.3121756794360971 0.3597331308101141
9 967.0 0.0 -1.0 -1.0 -1.0 0.0 0.29408327653963673 0.3278246218526828 0.37809210160768053
9 968.0 0.0 -1.0 -1.0 -1.0 0.0 0.30042315619523613 0.33389507536554563 0.3656817684392182
9 969.0 0.0 -1.0 -1.0 -1.0 0.0 0.31813350648599814 0.33419410002016575 0.347672393493836
9 970.0 0.0 -1.0 -1.0 -1.0 0.0 0.2950033922094809 0.35030773069392546 0.3546888770965936
9 971.0 0.0 -1.0 -1.0 -1.0 0.0 0.30631171255089595 0.3442265639806962 0.34946172346840776
9 972.0 0.0 -1.0 -1.0 -1.0 0.0 0.3332607873374811 0.34639349939671005 0.32034571326580874
9 973.0 0.0 -1.0 -1.0 -1.0 0.0 0.3664312002029673 0.31551459841232743 0.31805420138470514
9 974.0 0.0 -1.0 -1.0 -1.0 0.0 0.35433092831450996 0.2933218674718138 0.35234720421367627
9 975.0 0.0 -1.0 -1.0 -1.0 0.0 0.34694897065005775 0.3082727184738388 0.34477831087610367
9 976.0 0.0 -1.0 -1.0 -1.0 0.0 0.3491279273579565 0.3156875408482901 0.33518453179375357
9 977.0 0.0 -1.0 -1.0 -1.0 0.0 0.34299835420795505 0.2815469078208005 0.37545473797124446
9 978.0 0.0 -1.0 -1.0 -1.0 0.0 0.3298554486246176 0.2986573746152698 0.37148717676011267
9 979.0 0.0 -1.0 -1.0 -1.0 0.0 0.34439715104336605 0.32112815971536024 0.3344746892412735
9 980.0 0.0 -1.0 -1.0 -1.0 0.0 0.33291096992962177 0.3170542419257781 0.35003478814460026
9 981.0 0.0 -1.0 -1.0 -1.0 0.0 0.35904256904547077 0.306506590555564 0.33445084039896533
9 982.0 0.0 -1.0 -1.0 -1.0 0.0 0.3616256481155666 0.30832638959275177 0.3300479622916817
9 983.0 0.0 -1.0 -1.0 -1.0 0.0 0.35772073436947316 0.31481157898816065 0.3274676866423663
9 984.0 0.0 -1.0 -1.0 -1.0 0.0 0.3579661894054442 0.3258579538190449 0.3161758567755111
9 985.0 0.0 -1.0 -1.0 -1.0 0.0 0.3648415999978238 0.3169184895527928 0.31823991044938343
9 986.0 0.0 -1.0 -1.0 -1.0 0.0 0.34830473431604225 0.3398388838792888 0.3118563818046691
9 987.0 0.0 -1.0 -1.0 -1.0 0.0 0.35089217698404485 0.33573293041924734 0.3133748925967081
9 988.0 0.0 -1.0 -1.0 -1.0 0.0 0.31997419794853055 0.3510036219838064 0.329022180067663
9 989.0 0.0 -1.0 -1.0 -1.0 0.0 0.3275468134036117 0.329689929819951 0.34276325677643726
9 990.0 0.0 -1.0 -1.0 -1.0 0.0 0.328526995931039 0.3052174565994911 0.36625554746947026
9 991.0 0.0 -1.0 -1.0 -1.0 0.0 0.35012725219812935 0.28357387395568684 0.36629887384618387
9 992.0 0.0 -1.0 -1.0 -1.0 0.0 0.36392553646537307 0.2662070168831068 0.3698674466515203
9 993.0 0.0 -1.0 -1.0 -1.0 0.0 0.3413398088773871 0.29612068678940007 0.362539504333213
9 994.0 0.0 -1.0 -1.0 -1.0 0.0 0.3435844941071068 0.2892458142414879 0.3671696916514052
9 995.0 0.0 -1.0 -1.0 -1.0 0.0 0.36959938283013755 0.29551491143125697 0.33488570573860543
9 996.0 0.0 -1.0 -1.0 -1.0 0.0 0.3755971175216725 0.28000175795254945 0.3444011245257779
9 997.0 0.0 -1.0 -1.0 -1.0 0.0 0.37685566982252766 0.2901552378062181 0.3329890923712543
9 998.0 0.0 -1.0 -1.0 -1.0 0.0 0.3849741750257797 0.31717325468358654 0.29785257029063394
9 999.0 0.0 -1.0 -1.0 -1.0 0.0 0.3704457425884543 0.3185447056839383 0.3110095517276073
9 1000.0 0.0 -1.0 -1.0 -1.0 0.0 0.33676999880333985 0.32723457742489354 0.3359954237717669
1000000000000000000000000000000000000000000000000000000000000000000000000000000000000000000000000000
-1.0
solo con 1: -100.0
