9 0.0 14.0 -34.0 -159.0 -102.35 50.40129367427393 0.3333333333333333 0.3333333333333333 0.3333333333333333
9 1.0 51.0 -27.0 -158.0 -84.24 48.97167187736852 0.29385049674433034 0.3038712282589595 0.4022782749967101
9 2.0 36.0 -26.0 -158.0 -64.72 40.3520066966247 0.275091110837356 0.2592043598414737 0.46570452932117057
9 3.0 36.0 -26.0 -157.0 -58.57 39.05196098233298 0.2511290452502783 0.22360794217249155 0.5252630125772305
9 4.0 36.0 -26.0 -157.0 -44.64 25.01939449727153 0.22002547418618032 0.1955876988383921 0.5843868269754274
9 5.0 23.0 -22.0 -156.0 -40.71 25.77811106541769 0.21317839689973458 0.16999586852471335 0.6168257345755522
9 6.0 23.0 -20.0 -147.0 -34.48 20.57726508513312 0.19432202414249644 0.14895016557878185 0.656727810278722
9 7.0 23.0 -20.0 -147.0 -29.26 13.822555129317816 0.1749129663256669 0.14253060967744333 0.6825564239968896
9 8.0 82.0 -18.0 -57.0 -25.23 6.109861212859426 0.1779475479682757 0.1341670506367846 0.6878854013949396
9 9.0 59.0 -17.0 -55.0 -22.82 5.591082365714353 0.15781958304615623 0.11531337420367133 0.7268670427501723
9 10.0 54.0 -15.0 -52.0 -21.0 4.662335652585916 0.14514867770105758 0.11694473385465914 0.7379065884442835
9 11.0 35.0 -14.0 -52.0 -19.1 5.002019794063396 0.14214196439689566 0.10194732081918614 0.7559107147839184
9 12.0 75.0 -13.0 -52.0 -17.18 4.628371007365139 0.1252184934083542 0.09881052553219258 0.7759709810594534
9 13.0 0.0 -12.0 -52.0 -15.74 4.567385477602049 0.12610224981891371 0.0977436010653622 0.7761541491157241
9 14.0 28.0 -11.0 -31.0 -14.2 2.846227345278325 0.12013973220112184 0.1072283922602827 0.7726318755385954
9 15.0 37.0 -9.0 -25.0 -12.99 2.2629872096658232 0.1209721430177246 0.09869450063387783 0.7803333563483974
9 16.0 94.0 -8.0 -25.0 -11.87 1.7902936952219646 0.137973939120321 0.10456413135011265 0.7574619295295666
9 17.0 6.0 -8.0 -25.0 -10.84 1.8894710926873188 0.12813138381485892 0.11280196574979243 0.7590666504353485
9 18.0 68.0 -7.0 -25.0 -9.88 1.991294183502912 0.145068725877816 0.11989656539258021 0.7350347087296037
9 19.0 61.0 -6.0 -15.0 -8.56 1.451714416638049 0.1268587823105879 0.11895099467387714 0.7541902230155353
9 20.0 61.0 -5.0 -15.0 -7.55 1.5067189585991212 0.12349196873528871 0.10441875542744633 0.772089275837265
9 21.0 86.0 -4.0 -12.0 -6.67 1.4074477222650559 0.11714425250624595 0.11667125301684442 0.7661844944769094
9 22.0 15.0 -4.0 -10.0 -5.84 1.1867960433388918 0.11966188089331109 0.13427796175691312 0.7460601573497757
9 23.0 28.0 -3.0 -10.0 -5.13 1.0698343117256324 0.132934838324627 0.14160199255064043 0.7254631691247329
9 24.0 4.0 -3.0 -10.0 -4.5 1.0963668190985179 0.127117228786084 0.16171832077094417 0.7111644504429716
9 25.0 9.0 -2.0 -7.0 -3.83 1.025483379492891 0.12139327240582957 0.16389738057979758 0.7147093470143727
9 26.0 2.0 -2.0 -7.0 -3.14 1.0919355440332685 0.12520032378704207 0.14299611898116923 0.7318035572317884
9 27.0 1.0 -1.0 -7.0 -2.6 1.091750517251625 0.1434215604368057 0.14038908993881752 0.7161893496243765
9 28.0 1.0 -1.0 -6.0 -2.27 0.8147007878585689 0.17301393971924106 0.14309639286557338 0.6838896674151855
9 29.0 1.0 -1.0 -6.0 -2.1 0.784959627090219 0.1956858755712313 0.16029839684043182 0.6440157275883368
9 30.0 1.0 -1.0 -6.0 -1.74 0.7865022940753947 0.2018935491376586 0.16844549807173637 0.6296609527906051
9 31.0 1.0 -1.0 -5.0 -1.38 0.6479181891241972 0.22989495001318644 0.168163601473343 0.6019414485134705
9 32.0 0.0 -1.0 -5.0 -1.26 0.5794459213400119 0.26734684449220797 0.20822885997480234 0.5244242955329895
9 33.0 0.0 -1.0 -3.0 -1.15 0.385992097056273 0.29904747591265957 0.21184800220640237 0.4891045218809381
9 34.0 0.0 -1.0 -3.0 -1.1 0.3333333333333332 0.3117449367842078 0.2506885000137129 0.4375665632020791
9 35.0 0.0 -1.0 -2.0 -1.06 0.23868325657594183 0.3103567688274862 0.27314666009207395 0.4164965710804396
9 36.0 0.0 -1.0 -2.0 -1.04 0.19694638556693228 0.28093253691759384 0.31953597950109397 0.39953148358131224
9 37.0 0.0 -1.0 -2.0 -1.02 0.14070529413628963 0.2958879938802379 0.3131798972564134 0.3909321088633487
9 38.0 0.0 -1.0 -2.0 -1.01 0.09999999999999998 0.3184615846142934 0.3098660078125313 0.37167240757317527
9 39.0 0.0 -1.0 -1.0 -1.0 0.0 0.33399692858511476 0.31170087002705216 0.3543022013878332
9 40.0 0.0 -1.0 -1.0 -1.0 0.0 0.3362829058170636 0.2815830160361271 0.38213407814680933
9 41.0 0.0 -1.0 -1.0 -1.0 0.0 0.33032810522890393 0.3007681671160284 0.36890372765506785
9 42.0 0.0 -1.0 -1.0 -1.0 0.0 0.33948057372103363 0.2907840764532415 0.369735349825725
9 43.0 0.0 -1.0 -1.0 -1.0 0.0 0.3596812243608968 0.274602060074763 0.3657167155643401
9 44.0 0.0 -1.0 -1.0 -1.0 0.0 0.37473261830294646 0.28269917734515704 0.34256820435189644
9 45.0 0.0 -1.0 -1.0 -1.0 0.0 0.3814631129729701 0.28521098183394245 0.3333259051930873
9 46.0 0.0 -1.0 -1.0 -1.0 0.0 0.35438766835678526 0.301441592336753 0.34417073930646147
9 47.0 0.0 -1.0 -1.0 -1.0 0.0 0.3505682550980023 0.3128327303925565 0.3365990145094414
9 48.0 0.0 -1.0 -1.0 -1.0 0.0 0.37393545896973485 0.31808074492265664 0.3079837961076082
9 49.0 0.0 -1.0 -1.0 -1.0 0.0 0.3633295058059455 0.32158154710666564 0.3150889470873887
9 50.0 0.0 -1.0 -1.0 -1.0 0.0 0.34095103634452334 0.3089498408110342 0.3500991228444425
9 51.0 0.0 -1.0 -1.0 -1.0 0.0 0.34402015433519423 0.3146264152907385 0.34135343037406707
9 52.0 0.0 -1.0 -1.0 -1.0 0.0 0.34597637202909104 0.32666298497214563 0.3273606429987634
9 53.0 0.0 -1.0 -1.0 -1.0 0.0 0.3309722069421441 0.34390762193095137 0.32512017112690456
9 54.0 0.0 -1.0 -1.0 -1.0 0.0 0.3130837671042152 0.34821127522699363 0.33870495766879133
9 55.0 0.0 -1.0 -1.0 -1.0 0.0 0.2964517767054425 0.37141856110711524 0.33212966218744205
9 56.0 0.0 -1.0 -1.0 -1.0 0.0 0.3022315618633097 0.34673950036734347 0.35102893776934674
9 57.0 0.0 -1.0 -1.0 -1.0 0.0 0.2774674677072045 0.3706182830209168 0.35191424927187903
9 58.0 0.0 -1.0 -1.0 -1.0 0.0 0.2946181556474501 0.35060848949773615 0.3547733548548136
9 59.0 0.0 -1.0 -1.0 -1.0 0.0 0.29205380849940177 0.3752583665739176 0.33268782492668036
9 60.0 0.0 -1.0 -1.0 -1.0 0.0 0.32303689607018915 0.353472197651095 0.32349090627871574
9 61.0 0.0 -1.0 -1.0 -1.0 0.0 0.33237353570279693 0.32818002740693314 0.3394464368902699
9 62.0 0.0 -1.0 -1.0 -1.0 0.0 0.3385722145602413 0.33585253627257683 0.3255752491671818
9 63.0 0.0 -1.0 -1.0 -1.0 0.0 0.3529674172406463 0.3311624306841546 0.3158701520751989
9 64.0 0.0 -1.0 -1.0 -1.0 0.0 0.3561028667721653 0.32914830549968394 0.31474882772815066
9 65.0 0.0 -1.0 -1.0 -1.0 0.0 0.3681407383397224 0.29780142903613255 0.3340578326241449
9 66.0 0.0 -1.0 -1.0 -1.0 0.0 0.37970951042220386 0.3311206477915625 0.2891698417862337
9 67.0 0.0 -1.0 -1.0 -1.0 0.0 0.37786677920290224 0.3195285188923528 0.30260470190474503
9 68.0 0.0 -1.0 -1.0 -1.0 0.0 0.3736906418693397 0.3168027079404542 0.30950665019020607
9 69.0 0.0 -1.0 -1.0 -1.0 0.0 0.3630489463071813 0.3106438110180493 0.3263072426747693
9 70.0 0.0 -1.0 -1.0 -1.0 0.0 0.3401252619140854 0.29587595287912277 0.36399878520679196
9 71.0 0.0 -1.0 -1.0 -1.0 0.0 0.369049843977765 0.2758466905701784 0.3551034654520566
9 72.0 0.0 -1.0 -1.0 -1.0 0.0 0.38890848090345914 0.2740903180573159 0.33700120103922515
9 73.0 0.0 -1.0 -1.0 -1.0 0.0 0.4009028999138735 0.28510695184762863 0.3139901482384979
9 74.0 0.0 -1.0 -1.0 -1.0 0.0 0.3959557745812408 0.28713052272360007 0.31691370269515917
9 75.0 0.0 -1.0 -1.0 -1.0 0.0 0.3696272772879846 0.291000279469775 0.3393724432422403
9 76.0 0.0 -1.0 -1.0 -1.0 0.0 0.3475655527163579 0.28597143779022155 0.3664630094934207
9 77.0 0.0 -1.0 -1.0 -1.0 0.0 0.305385759175087 0.3219571811628221 0.3726570596620908
9 78.0 0.0 -1.0 -1.0 -1.0 0.0 0.324220330212973 0.3222501985903072 0.3535294711967199
9 79.0 0.0 -1.0 -1.0 -1.0 0.0 0.31725404207779495 0.34149620031236216 0.34124975760984294
9 80.0 0.0 -1.0 -1.0 -1.0 0.0 0.3280088282738526 0.3532598968348209 0.31873127489132663
9 81.0 0.0 -1.0 -1.0 -1.0 0.0 0.3455729941788772 0.3380076636363286 0.3164193421847941
9 82.0 0.0 -1.0 -1.0 -1.0 0.0 0.3696639101461506 0.32413039641629565 0.30620569343755394
9 83.0 0.0 -1.0 -1.0 -1.0 0.0 0.35043378079839227 0.33921533500204804 0.3103508841995597
9 84.0 0.0 -1.0 -1.0 -1.0 0.0 0.32141448212457496 0.32392851202492523 0.3546570058504999
9 85.0 0.0 -1.0 -1.0 -1.0 0.0 0.3268061736513962 0.3225742022873894 0.3506196240612146
9 86.0 0.0 -1.0 -1.0 -1.0 0.0 0.3456808364602364 0.32185037728867655 0.3324687862510871
9 87.0 0.0 -1.0 -1.0 -1.0 0.0 0.3422524477416867 0.3324927018407727 0.32525485041754076
9 88.0 0.0 -1.0 -1.0 -1.0 0.0 0.3550040715549286 0.3204819830734912 0.32451394537158007
9 89.0 0.0 -1.0 -1.0 -1.0 0.0 0.3534863004773184 0.33835473383790776 0.3081589656847738
9 90.0 0.0 -1.0 -1.0 -1.0 0.0 0.3550337935848041 0.34340757315931164 0.30155863325588445
9 91.0 0.0 -1.0 -1.0 -1.0 0.0 0.3339006706942317 0.3546588591362196 0.3114404701695486
9 92.0 0.0 -1.0 -1.0 -1.0 0.0 0.3384989427403061 0.31768512738569593 0.34381592987399784
9 93.0 0.0 -1.0 -1.0 -1.0 0.0 0.3503613151022691 0.30264476195999146 0.34699392293773956
9 94.0 0.0 -1.0 -1.0 -1.0 0.0 0.3722452398839493 0.2882015603136278 0.33955319980242293
9 95.0 0.0 -1.0 -1.0 -1.0 0.0 0.34421190746880875 0.31048951698173505 0.3452985755494562
9 96.0 0.0 -1.0 -1.0 -1.0 0.0 0.3304007745821443 0.2939864234133106 0.37561280200454517
9 97.0 0.0 -1.0 -1.0 -1.0 0.0 0.3271810257711166 0.2957814787829423 0.37703749544594095
9 98.0 0.0 -1.0 -1.0 -1.0 0.0 0.33521718775794507 0.30839746898517656 0.35638534325687843
9 99.0 0.0 -1.0 -1.0 -1.0 0.0 0.3326682650213452 0.3101810756101718 0.35715065936848256
9 100.0 0.0 -1.0 -1.0 -1.0 0.0 0.3369155035093 0.3397046606396137 0.32337983585108626
9 101.0 0.0 -1.0 -1.0 -1.0 0.0 0.305015250686943 0.3524116189681331 0.342573130344924
9 102.0 0.0 -1.0 -1.0 -1.0 0.0 0.2956614620950224 0.3546044419107289 0.3497340959942487
9 103.0 0.0 -1.0 -1.0 -1.0 0.0 0.32224859710954923 0.32303388589691745 0.35471751699353327
9 104.0 0.0 -1.0 -1.0 -1.0 0.0 0.3041978828660266 0.3451043666387204 0.350697750495253
9 105.0 0.0 -1.0 -1.0 -1.0 0.0 0.31438319786438834 0.3279045189461328 0.35771228318947884
9 106.0 0.0 -1.0 -1.0 -1.0 0.0 0.305498820070338 0.3218994428499075 0.3726017370797543
9 107.0 0.0 -1.0 -1.0 -1.0 0.0 0.30640479663529085 0.30356440437073784 0.39003079899397136
9 108.0 0.0 -1.0 -1.0 -1.0 0.0 0.2979522103550644 0.31555232727003224 0.3864954623749033
9 109.0 0.0 -1.0 -1.0 -1.0 0.0 0.3106240597733931 0.32443352928696567 0.3649424109396414
9 110.0 0.0 -1.0 -1.0 -1.0 0.0 0.3383125612189148 0.3164827422655751 0.34520469651551017
9 111.0 0.0 -1.0 -1.0 -1.0 0.0 0.3286325438955837 0.3353259958479049 0.3360414602565116
9 112.0 0.0 -1.0 -1.0 -1.0 0.0 0.3328518970384681 0.3344326946921973 0.3327154082693346
9 113.0 0.0 -1.0 -1.0 -1.0 0.0 0.32672210977953825 0.33514407768002014 0.33813381254044167
9 114.0 0.0 -1.0 -1.0 -1.0 0.0 0.3255715756756239 0.3240827717268847 0.3503456525974913
9 115.0 0.0 -1.0 -1.0 -1.0 0.0 0.3329992833923392 0.3156579987803943 0.35134271782726656
9 116.0 0.0 -1.0 -1.0 -1.0 0.0 0.3393835736025007 0.301161077632436 0.35945534876506313
9 117.0 0.0 -1.0 -1.0 -1.0 0.0 0.3504892124206792 0.3037474075496151 0.3457633800297058
9 118.0 0.0 -1.0 -1.0 -1.0 0.0 0.3764197917270814 0.29217255647768015 0.33140765179523823
9 119.0 0.0 -1.0 -1.0 -1.0 0.0 0.3721197862056594 0.293628484320975 0.334251729473366
9 120.0 0.0 -1.0 -1.0 -1.0 0.0 0.3367568237812385 0.31419631547303556 0.3490468607457257
9 121.0 0.0 -1.0 -1.0 -1.0 0.0 0.34098401135170525 0.33463389308690344 0.32438209556139136
9 122.0 0.0 -1.0 -1.0 -1.0 0.0 0.3237584668352422 0.3709112673310002 0.3053302658337576
9 123.0 0.0 -1.0 -1.0 -1.0 0.0 0.32704530832334816 0.37073322298919337 0.30222146868745847
9 124.0 0.0 -1.0 -1.0 -1.0 0.0 0.31625743933524536 0.38901486844780636 0.29472769221694817
9 125.0 0.0 -1.0 -1.0 -1.0 0.0 0.3276467662753432 0.3658219337634963 0.3065312999611607
9 126.0 0.0 -1.0 -1.0 -1.0 0.0 0.32530088261017664 0.3609223734945429 0.31377674389528026
9 127.0 0.0 -1.0 -1.0 -1.0 0.0 0.3147063770518476 0.37051060910375555 0.3147830138443968
9 128.0 0.0 -1.0 -1.0 -1.0 0.0 0.3458946617293648 0.3415523106407571 0.31255302762987824
9 129.0 0.0 -1.0 -1.0 -1.0 0.0 0.3621406815200075 0.318971041214244 0.3188882772657485
9 130.0 0.0 -1.0 -1.0 -1.0 0.0 0.3377736092154613 0.3349078134441883 0.3273185773403506
9 131.0 0.0 -1.0 -1.0 -1.0 0.0 0.2990824737500068 0.3438832679785544 0.3570342582714388
9 132.0 0.0 -1.0 -1.0 -1.0 0.0 0.3093223555536972 0.31160509280550713 0.37907255164079573
9 133.0 0.0 -1.0 -1.0 -1.0 0.0 0.3104870251293272 0.32780125144032296 0.3617117234303498
9 134.0 0.0 -1.0 -1.0 -1.0 0.0 0.2785938542755234 0.3442725115241025 0.37713363420037394
9 135.0 0.0 -1.0 -1.0 -1.0 0.0 0.3077777240366747 0.346054821760457 0.34616745420286854
9 136.0 0.0 -1.0 -1.0 -1.0 0.0 0.2970050855826325 0.35310810401228165 0.3498868104050857
9 137.0 0.0 -1.0 -1.0 -1.0 0.0 0.29491104944024227 0.35496041501418624 0.3501285355455716
9 138.0 0.0 -1.0 -1.0 -1.0 0.0 0.3121321999243582 0.3410917184591375 0.3467760816165044
9 139.0 0.0 -1.0 -1.0 -1.0 0.0 0.32317847086600127 0.3489036006302937 0.3279179285037052
9 140.0 0.0 -1.0 -1.0 -1.0 0.0 0.32457942694545067 0.3509924856760051 0.3244280873785442
9 141.0 0.0 -1.0 -1.0 -1.0 0.0 0.31892088780587036 0.35963331617022837 0.3214457960239012
9 142.0 0.0 -1.0 -1.0 -1.0 0.0 0.3099675398323612 0.37453517154259514 0.3154972886250438
9 143.0 0.0 -1.0 -1.0 -1.0 0.0 0.3051140339649509 0.3608785518317339 0.33400741420331537
9 144.0 0.0 -1.0 -1.0 -1.0 0.0 0.309091311055345 0.3564372684118516 0.33447142053280343
9 145.0 0.0 -1.0 -1.0 -1.0 0.0 0.3263152454851296 0.3631079615258534 0.31057679298901714
9 146.0 0.0 -1.0 -1.0 -1.0 0.0 0.33457448927100913 0.3551293997394793 0.3102961109895116
9 147.0 0.0 -1.0 -1.0 -1.0 0.0 0.2929130975413817 0.3874797159096782 0.31960718654894005
9 148.0 0.0 -1.0 -1.0 -1.0 0.0 0.3052966234314937 0.38718779385565133 0.30751558271285495
9 149.0 0.0 -1.0 -1.0 -1.0 0.0 0.32429640689147293 0.36895897381329457 0.3067446192952325
9 150.0 0.0 -1.0 -1.0 -1.0 0.0 0.29961819508736093 0.3875534697925781 0.312828335120061
9 151.0 0.0 -1.0 -1.0 -1.0 0.0 0.31871699151589034 0.379356352758745 0.30192665572536465
9 152.0 0.0 -1.0 -1.0 -1.0 0.0 0.34912567333440564 0.3395512775557192 0.31132304910987524
9 153.0 0.0 -1.0 -1.0 -1.0 0.0 0.3725888703691862 0.34051183828685727 0.28689929134395636
9 154.0 0.0 -1.0 -1.0 -1.0 0.0 0.3592417392299004 0.33680073207999883 0.3039575286901006
9 155.0 0.0 -1.0 -1.0 -1.0 0.0 0.35501094261084204 0.3716144042659991 0.2733746531231589
9 156.0 0.0 -1.0 -1.0 -1.0 0.0 0.3453339999980301 0.3683314784955359 0.286334521506434
9 157.0 0.0 -1.0 -1.0 -1.0 0.0 0.31444119659376796 0.37933149186293164 0.3062273115433002
9 158.0 0.0 -1.0 -1.0 -1.0 0.0 0.2921940880023514 0.3856754632075408 0.3221304487901079
9 159.0 0.0 -1.0 -1.0 -1.0 0.0 0.27610844568615134 0.3884217718659474 0.3354697824479014
9 160.0 0.0 -1.0 -1.0 -1.0 0.0 0.29793882520824977 0.3642950562811377 0.3377661185106128
9 161.0 0.0 -1.0 -1.0 -1.0 0.0 0.29391935308623585 0.3854897575141505 0.3205908893996137
9 162.0 0.0 -1.0 -1.0 -1.0 0.0 0.3171637647806701 0.3512100285784153 0.33162620664091447
9 163.0 0.0 -1.0 -1.0 -1.0 0.0 0.33908304141962553 0.3261344211670826 0.334782537413292
9 164.0 0.0 -1.0 -1.0 -1.0 0.0 0.34659994468630567 0.3087126940757855 0.344687361237909
9 165.0 0.0 -1.0 -1.0 -1.0 0.0 0.32473981706057553 0.3179235346136009 0.3573366483258236
9 166.0 0.0 -1.0 -1.0 -1.0 0.0 0.311839548057462 0.3578667491536385 0.33029370278889947
9 167.0 0.0 -1.0 -1.0 -1.0 0.0 0.3239036375760421 0.33301793394321694 0.34307842848074105
9 168.0 0.0 -1.0 -1.0 -1.0 0.0 0.3178447048903606 0.3340099465654577 0.3481453485441816
9 169.0 0.0 -1.0 -1.0 -1.0 0.0 0.3202579761175166 0.32665916468454315 0.3530828591979403
9 170.0 0.0 -1.0 -1.0 -1.0 0.0 0.32313080610982986 0.34493821434833394 0.33193097954183626
9 171.0 0.0 -1.0 -1.0 -1.0 0.0 0.31935785872545924 0.3428210697536615 0.33782107152087937
9 172.0 0.0 -1.0 -1.0 -1.0 0.0 0.3141788683494489 0.3503708257755227 0.33545030587502855
9 173.0 0.0 -1.0 -1.0 -1.0 0.0 0.34568908482872723 0.32538355533713775 0.32892735983413524
9 174.0 0.0 -1.0 -1.0 -1.0 0.0 0.3114013889221722 0.31065451249448633 0.3779440985833413
9 175.0 0.0 -1.0 -1.0 -1.0 0.0 0.3381855096312816 0.2885680909456083 0.3732463994231101
9 176.0 0.0 -1.0 -1.0 -1.0 0.0 0.3343850999084966 0.2880990867738067 0.37751581331769674
9 177.0 0.0 -1.0 -1.0 -1.0 0.0 0.32799373767893997 0.3026059820476574 0.36940028027340277
9 178.0 0.0 -1.0 -1.0 -1.0 0.0 0.34917890984785205 0.300065986534137 0.35075510361801093
9 179.0 0.0 -1.0 -1.0 -1.0 0.0 0.34203544655924106 0.30976773023751103 0.34819682320324785
9 180.0 0.0 -1.0 -1.0 -1.0 0.0 0.32787380690434204 0.3262944183625586 0.3458317747330995
9 181.0 0.0 -1.0 -1.0 -1.0 0.0 0.3036254897685302 0.3386051028432635 0.35776940738820606
9 182.0 0.0 -1.0 -1.0 -1.0 0.0 0.2887724745194926 0.33604360075950285 0.3751839247210046
9 183.0 0.0 -1.0 -1.0 -1.0 0.0 0.283844400015845 0.34918207176259924 0.3669735282215558
9 184.0 0.0 -1.0 -1.0 -1.0 0.0 0.2953124698929245 0.3401863604656659 0.3645011696414096
9 185.0 0.0 -1.0 -1.0 -1.0 0.0 0.29328631013721224 0.31886532965873754 0.3878483602040502
9 186.0 0.0 -1.0 -1.0 -1.0 0.0 0.30886143594584037 0.33405898026862607 0.3570795837855337
9 187.0 0.0 -1.0 -1.0 -1.0 0.0 0.3189936032980183 0.343952945517078 0.33705345118490376
9 188.0 0.0 -1.0 -1.0 -1.0 0.0 0.309496228851555 0.3350787052339859 0.355425065914459
9 189.0 0.0 -1.0 -1.0 -1.0 0.0 0.3280207933611636 0.31686180452252566 0.35511740211631077
9 190.0 0.0 -1.0 -1.0 -1.0 0.0 0.31614786712179993 0.32524910778835986 0.3586030250898402
9 191.0 0.0 -1.0 -1.0 -1.0 0.0 0.3083282945539303 0.31492278480076297 0.3767489206453069
9 192.0 0.0 -1.0 -1.0 -1.0 0.0 0.32901925282042405 0.3139689795643799 0.3570117676151958
9 193.0 0.0 -1.0 -1.0 -1.0 0.0 0.3270529571698539 0.325376524585068 0.3475705182450782
9 194.0 0.0 -1.0 -1.0 -1.0 0.0 0.33252366967302505 0.32401216275286776 0.3434641675741073
9 195.0 0.0 -1.0 -1.0 -1.0 0.0 0.3307406998914304 0.333762582001988 0.33549671810658166
9 196.0 0.0 -1.0 -1.0 -1.0 0.0 0.36788031129300164 0.3206244803664 0.3114952083405985
9 197.0 0.0 -1.0 -1.0 -1.0 0.0 0.3535223575651646 0.30822566502311366 0.3382519774117221
9 198.0 0.0 -1.0 -1.0 -1.0 0.0 0.3683046803200653 0.2999597615007772 0.33173555817915734
9 199.0 0.0 -1.0 -1.0 -1.0 0.0 0.3412844166344505 0.30410205545440283 0.35461352791114664
9 200.0 0.0 -1.0 -1.0 -1.0 0.0 0.33278492096320433 0.30681249677993044 0.36040258225686556
9 201.0 0.0 -1.0 -1.0 -1.0 0.0 0.34826999002202474 0.3094974522633363 0.3422325577146389
9 202.0 0.0 -1.0 -1.0 -1.0 0.0 0.33025393924756 0.3232307654020129 0.3465152953504271
9 203.0 0.0 -1.0 -1.0 -1.0 0.0 0.3218940673743787 0.351106383897866 0.326999548727755
9 204.0 0.0 -1.0 -1.0 -1.0 0.0 0.33470446468549675 0.33934869471723433 0.325946840597269
9 205.0 0.0 -1.0 -1.0 -1.0 0.0 0.3413677456719321 0.3564568939859844 0.3021753603420834
9 206.0 0.0 -1.0 -1.0 -1.0 0.0 0.29325213294366154 0.38935620556192424 0.317391661494414
9 207.0 0.0 -1.0 -1.0 -1.0 0.0 0.2724335014664929 0.3997686533393392 0.3277978451941677
9 208.0 0.0 -1.0 -1.0 -1.0 0.0 0.2843284819788834 0.37154942877603614 0.3441220892450805
9 209.0 0.0 -1.0 -1.0 -1.0 0.0 0.309308947397278 0.3523420058237204 0.33834904677900157
9 210.0 0.0 -1.0 -1.0 -1.0 0.0 0.29576571128182416 0.3555814461409259 0.34865284257724993
9 211.0 0.0 -1.0 -1.0 -1.0 0.0 0.2914297955629571 0.3705752612905205 0.3379949431465225
9 212.0 0.0 -1.0 -1.0 -1.0 0.0 0.3078266195726018 0.3483362032037664 0.3438371772236317
9 213.0 0.0 -1.0 -1.0 -1.0 0.0 0.3015472484052687 0.3567682502303966 0.3416845013643346
9 214.0 0.0 -1.0 -1.0 -1.0 0.0 0.29934471185745903 0.36770362411288393 0.332951664029657
9 215.0 0.0 -1.0 -1.0 -1.0 0.0 0.2988121676392289 0.37385980863161516 0.32732802372915587
9 216.0 0.0 -1.0 -1.0 -1.0 0.0 0.3187186315244265 0.3461285425152726 0.33515282596030105
9 217.0 0.0 -1.0 -1.0 -1.0 0.0 0.3133832217465398 0.33737472418701664 0.3492420540664435
9 218.0 0.0 -1.0 -1.0 -1.0 0.0 0.3052370388807617 0.36900679712283796 0.32575616399640056
9 219.0 0.0 -1.0 -1.0 -1.0 0.0 0.2997347697997925 0.37699376816458274 0.32327146203562473
9 220.0 0.0 -1.0 -1.0 -1.0 0.0 0.28351771646249235 0.39204027477088865 0.3244420087666192
9 221.0 0.0 -1.0 -1.0 -1.0 0.0 0.2874139800169831 0.38115149530027603 0.3314345246827409
9 222.0 0.0 -1.0 -1.0 -1.0 0.0 0.2907980027634894 0.36505864846332037 0.3441433487731903
9 223.0 0.0 -1.0 -1.0 -1.0 0.0 0.3078842038188342 0.362993684381242 0.3291221117999239
9 224.0 0.0 -1.0 -1.0 -1.0 0.0 0.29589239031033665 0.3563101618850551 0.34779744780460825
9 225.0 0.0 -1.0 -1.0 -1.0 0.0 0.30483101897669423 0.3580557772178008 0.33711320380550497
9 226.0 0.0 -1.0 -1.0 -1.0 0.0 0.320287532640059 0.33652659033561294 0.3431858770243281
9 227.0 0.0 -1.0 -1.0 -1.0 0.0 0.3451225120244819 0.3236792173508895 0.3311982706246285
9 228.0 0.0 -1.0 -1.0 -1.0 0.0 0.3426821882351798 0.31987627318007605 0.33744153858474424
9 229.0 0.0 -1.0 -1.0 -1.0 0.0 0.31980549388617807 0.33466190037385724 0.3455326057399646
9 230.0 0.0 -1.0 -1.0 -1.0 0.0 0.3144820741386241 0.33330457128835606 0.3522133545730201
9 231.0 0.0 -1.0 -1.0 -1.0 0.0 0.30787973902938054 0.35330219945145347 0.33881806151916594
9 232.0 0.0 -1.0 -1.0 -1.0 0.0 0.32321249426657744 0.34712553468957386 0.32966197104384853
9 233.0 0.0 -1.0 -1.0 -1.0 0.0 0.36443216789426225 0.3404015058009668 0.2951663263047711
9 234.0 0.0 -1.0 -1.0 -1.0 0.0 0.3683889691355968 0.33045814569253046 0.3011528851718728
9 235.0 0.0 -1.0 -1.0 -1.0 0.0 0.3610155199957504 0.31086914118550973 0.32811533881874005
9 236.0 0.0 -1.0 -1.0 -1.0 0.0 0.34480845652712333 0.3146879371757346 0.3405036062971421
9 237.0 0.0 -1.0 -1.0 -1.0 0.0 0.3364286202668339 0.32504845594914655 0.33852292378401977
9 238.0 0.0 -1.0 -1.0 -1.0 0.0 0.34093919792982436 0.3161250518236817 0.34293575024649364
9 239.0 0.0 -1.0 -1.0 -1.0 0.0 0.318468001569755 0.31795500763138984 0.3635769907988552
9 240.0 0.0 -1.0 -1.0 -1.0 0.0 0.30654409693827234 0.3030897333723736 0.39036616968935417
9 241.0 0.0 -1.0 -1.0 -1.0 0.0 0.30524321485218003 0.298204597307274 0.39655218784054597
9 242.0 0.0 -1.0 -1.0 -1.0 0.0 0.31265625242732276 0.3179928164090395 0.36935093116363765
9 243.0 0.0 -1.0 -1.0 -1.0 0.0 0.3136854096019687 0.31511062107121474 0.3712039693268164
9 244.0 0.0 -1.0 -1.0 -1.0 0.0 0.3313645904742367 0.30778094931832817 0.3608544602074351
9 245.0 0.0 -1.0 -1.0 -1.0 0.0 0.33924396862353556 0.33305481758990474 0.3277012137865596
9 246.0 0.0 -1.0 -1.0 -1.0 0.0 0.36493623684641185 0.3200618193501301 0.3150019438034581
9 247.0 0.0 -1.0 -1.0 -1.0 0.0 0.3778439776084579 0.34237479330581033 0.27978122908573183
9 248.0 0.0 -1.0 -1.0 -1.0 0.0 0.37572079443026474 0.3450079697475459 0.27927123582218927
9 249.0 0.0 -1.0 -1.0 -1.0 0.0 0.3594565392310084 0.33118632710301554 0.30935713366597617
9 250.0 0.0 -1.0 -1.0 -1.0 0.0 0.37289572420546674 0.31267061059069 0.3144336652038432
9 251.0 0.0 -1.0 -1.0 -1.0 0.0 0.34215075330060285 0.3251780507850524 0.33267119591434474
9 252.0 0.0 -1.0 -1.0 -1.0 0.0 0.3506197069049083 0.2999787930507142 0.3494015000443776
9 253.0 0.0 -1.0 -1.0 -1.0 0.0 0.33315708347790995 0.3426152417327109 0.324227674789379
9 254.0 0.0 -1.0 -1.0 -1.0 0.0 0.3177884385362582 0.34416870819604556 0.3380428532676962
9 255.0 0.0 -1.0 -1.0 -1.0 0.0 0.2940137960585957 0.3562574093209032 0.3497287946205014
9 256.0 0.0 -1.0 -1.0 -1.0 0.0 0.2909728179195321 0.34591264905602775 0.36311453302444
9 257.0 0.0 -1.0 -1.0 -1.0 0.0 0.32961548313910005 0.34364393927354475 0.3267405775873549
9 258.0 0.0 -1.0 -1.0 -1.0 0.0 0.30644206318856254 0.338560270631212 0.3549976661802252
9 259.0 0.0 -1.0 -1.0 -1.0 0.0 0.31359077650811584 0.34478956042336956 0.3416196630685146
9 260.0 0.0 -1.0 -1.0 -1.0 0.0 0.3056854643754493 0.3424528825061786 0.35186165311837214
9 261.0 0.0 -1.0 -1.0 -1.0 0.0 0.3469436461663841 0.3359574716079638 0.31709888222565197
9 262.0 0.0 -1.0 -1.0 -1.0 0.0 0.30605766406139556 0.372785824657117 0.3211565112814874
9 263.0 0.0 -1.0 -1.0 -1.0 0.0 0.32409528884812544 0.3618305597592576 0.314074151392617
9 264.0 0.0 -1.0 -1.0 -1.0 0.0 0.3116150657640151 0.3674632165701186 0.32092171766586647
9 265.0 0.0 -1.0 -1.0 -1.0 0.0 0.3317894460203107 0.3365839098292326 0.33162664415045684
9 266.0 0.0 -1.0 -1.0 -1.0 0.0 0.33911053307780553 0.3207861843622202 0.34010328255997424
9 267.0 0.0 -1.0 -1.0 -1.0 0.0 0.32966211401494766 0.3097521788217059 0.3605857071633465
9 268.0 0.0 -1.0 -1.0 -1.0 0.0 0.3107614484107367 0.3110528083241065 0.378185743265157
9 269.0 0.0 -1.0 -1.0 -1.0 0.0 0.3059421437650504 0.3299203046047674 0.3641375516301818
9 270.0 0.0 -1.0 -1.0 -1.0 0.0 0.3000545862282188 0.34251653502184665 0.35742887874993456
9 271.0 0.0 -1.0 -1.0 -1.0 0.0 0.3138091268127177 0.35363711882882853 0.33255375435845363
9 272.0 0.0 -1.0 -1.0 -1.0 0.0 0.33034094519162865 0.32415286085101813 0.3455061939573534
9 273.0 0.0 -1.0 -1.0 -1.0 0.0 0.3559557768821383 0.3081149637287641 0.33592925938909746
9 274.0 0.0 -1.0 -1.0 -1.0 0.0 0.3664819593802435 0.30858535818498156 0.3249326824347751
9 275.0 0.0 -1.0 -1.0 -1.0 0.0 0.32064629405120143 0.34922616078590474 0.330127545162894
9 276.0 0.0 -1.0 -1.0 -1.0 0.0 0.3108306465811505 0.3660351248978745 0.32313422852097523
9 277.0 0.0 -1.0 -1.0 -1.0 0.0 0.3190987522392296 0.3743533733746276 0.30654787438614267
9 278.0 0.0 -1.0 -1.0 -1.0 0.0 0.31219150665946255 0.3607267309283207 0.3270817624122169
9 279.0 0.0 -1.0 -1.0 -1.0 0.0 0.29854809406479466 0.38701096256136225 0.31444094337384315
9 280.0 0.0 -1.0 -1.0 -1.0 0.0 0.2835651434410212 0.37207411000538543 0.3443607465535936
9 281.0 0.0 -1.0 -1.0 -1.0 0.0 0.3069739662286484 0.38385025706432935 0.30917577670702234
9 282.0 0.0 -1.0 -1.0 -1.0 0.0 0.28252096648288627 0.3752439396921438 0.34223509382496986
9 283.0 0.0 -1.0 -1.0 -1.0 0.0 0.2657494271022011 0.39093202132154076 0.3433185515762581
9 284.0 0.0 -1.0 -1.0 -1.0 0.0 0.3072602763020964 0.3616840647035988 0.33105565899430467
9 285.0 0.0 -1.0 -1.0 -1.0 0.0 0.33153002926231645 0.34164568940678086 0.32682428133090247
9 286.0 0.0 -1.0 -1.0 -1.0 0.0 0.347448058975479 0.3437622267873616 0.3087897142371594
9 287.0 0.0 -1.0 -1.0 -1.0 0.0 0.35135155120630507 0.3397574702839771 0.3088909785097178
9 288.0 0.0 -1.0 -1.0 -1.0 0.0 0.3411353277390908 0.3421975018303789 0.3166671704305304
9 289.0 0.0 -1.0 -1.0 -1.0 0.0 0.3421703976104489 0.32001295510198186 0.33781664728756916
9 290.0 0.0 -1.0 -1.0 -1.0 0.0 0.3325123083955599 0.3381780755032359 0.3293096161012043
9 291.0 0.0 -1.0 -1.0 -1.0 0.0 0.33364596746636954 0.34533221881530296 0.3210218137183275
9 292.0 0.0 -1.0 -1.0 -1.0 0.0 0.3355811965062309 0.32527314510287625 0.33914565839089283
9 293.0 0.0 -1.0 -1.0 -1.0 0.0 0.3369252636677343 0.32466145210825187 0.3384132842240137
9 294.0 0.0 -1.0 -1.0 -1.0 0.0 0.315645293234479 0.33739798069734306 0.34695672606817785
9 295.0 0.0 -1.0 -1.0 -1.0 0.0 0.3230244512561162 0.33323944055401655 0.3437361081898672
9 296.0 0.0 -1.0 -1.0 -1.0 0.0 0.3387289934142958 0.3380507650029982 0.32322024158270607
9 297.0 0.0 -1.0 -1.0 -1.0 0.0 0.3563413183176387 0.35640874875980905 0.2872499329225521
9 298.0 0.0 -1.0 -1.0 -1.0 0.0 0.34958358075250173 0.34098545819576 0.3094309610517383
9 299.0 0.0 -1.0 -1.0 -1.0 0.0 0.3386274703317463 0.33777516601728835 0.3235973636509655
9 300.0 0.0 -1.0 -1.0 -1.0 0.0 0.33661980903391125 0.3427492950631189 0.3206308959029699
9 301.0 0.0 -1.0 -1.0 -1.0 0.0 0.33138161335938254 0.34025849655506574 0.3283598900855517
9 302.0 0.0 -1.0 -1.0 -1.0 0.0 0.3355219012366988 0.34391383547043697 0.320564263292864
9 303.0 0.0 -1.0 -1.0 -1.0 0.0 0.32307749504079725 0.31928514363709487 0.357637361322108
9 304.0 0.0 -1.0 -1.0 -1.0 0.0 0.32888495598353584 0.3270698934589638 0.3440451505575002
9 305.0 0.0 -1.0 -1.0 -1.0 0.0 0.33302200197152243 0.3212935072509417 0.34568449077753605
9 306.0 0.0 -1.0 -1.0 -1.0 0.0 0.3001493565793196 0.34058612689292644 0.35926451652775376
9 307.0 0.0 -1.0 -1.0 -1.0 0.0 0.3166584295154127 0.3576289001232573 0.32571267036133
9 308.0 0.0 -1.0 -1.0 -1.0 0.0 0.2879243538459075 0.3878044779021158 0.32427116825197655
9 309.0 0.0 -1.0 -1.0 -1.0 0.0 0.30135523723318336 0.3775983553333305 0.32104640743348606
9 310.0 0.0 -1.0 -1.0 -1.0 0.0 0.35239773496548976 0.3216362674517947 0.32596599758271544
9 311.0 0.0 -1.0 -1.0 -1.0 0.0 0.36294768863475096 0.32997277413300624 0.3070795372322426
9 312.0 0.0 -1.0 -1.0 -1.0 0.0 0.3225656319137805 0.3511534879889183 0.3262808800973013
9 313.0 0.0 -1.0 -1.0 -1.0 0.0 0.3147436678518322 0.33681946726872597 0.3484368648794421
9 314.0 0.0 -1.0 -1.0 -1.0 0.0 0.30466245270047226 0.34460190530648555 0.350735641993042
9 315.0 0.0 -1.0 -1.0 -1.0 0.0 0.2781219620867251 0.33441113470483735 0.38746690320843763
9 316.0 0.0 -1.0 -1.0 -1.0 0.0 0.2818028212100996 0.3421655788153894 0.3760315999745111
9 317.0 0.0 -1.0 -1.0 -1.0 0.0 0.29477762383534434 0.3358445007441627 0.3693778754204927
9 318.0 0.0 -1.0 -1.0 -1.0 0.0 0.2726563124154923 0.35295110133719304 0.3743925862473144
9 319.0 0.0 -1.0 -1.0 -1.0 0.0 0.28267504343138933 0.36806402758191514 0.3492609289866956
9 320.0 0.0 -1.0 -1.0 -1.0 0.0 0.2718683342665057 0.37244700934762437 0.35568465638586994
9 321.0 0.0 -1.0 -1.0 -1.0 0.0 0.2889134078763044 0.3701661207565785 0.34092047136711706
9 322.0 0.0 -1.0 -1.0 -1.0 0.0 0.29845391116102904 0.3494041411782567 0.3521419476607146
9 323.0 0.0 -1.0 -1.0 -1.0 0.0 0.2985237063473058 0.3693959251365599 0.33208036851613437
9 324.0 0.0 -1.0 -1.0 -1.0 0.0 0.31014788999586457 0.35406221976941354 0.33578989023472183
9 325.0 0.0 -1.0 -1.0 -1.0 0.0 0.3351743603661297 0.3587650288268874 0.30606061080698277
9 326.0 0.0 -1.0 -1.0 -1.0 0.0 0.3527885628012233 0.32918730923365763 0.318024127965119
9 327.0 0.0 -1.0 -1.0 -1.0 0.0 0.34446625545295534 0.31825033612280146 0.33728340842424315
9 328.0 0.0 -1.0 -1.0 -1.0 0.0 0.3556002165941588 0.30140333927431207 0.34299644413152947
9 329.0 0.0 -1.0 -1.0 -1.0 0.0 0.3500713991428983 0.3008301230198407 0.34909847783726117
9 330.0 0.0 -1.0 -1.0 -1.0 0.0 0.34553214932987136 0.31484782494113417 0.3396200257289943
9 331.0 0.0 -1.0 -1.0 -1.0 0.0 0.3312528341110509 0.31229149249995647 0.35645567338899253
9 332.0 0.0 -1.0 -1.0 -1.0 0.0 0.3203862430899614 0.3255733185767742 0.3540404383332645
9 333.0 0.0 -1.0 -1.0 -1.0 0.0 0.34353082243550725 0.30282625123556206 0.3536429263289309
9 334.0 0.0 -1.0 -1.0 -1.0 0.0 0.35087922403551663 0.32435614098505866 0.3247646349794248
9 335.0 0.0 -1.0 -1.0 -1.0 0.0 0.3702121189610903 0.2834665584586325 0.3463213225802771
9 336.0 0.0 -1.0 -1.0 -1.0 0.0 0.37861602080576273 0.3001729706175548 0.32121100857668233
9 337.0 0.0 -1.0 -1.0 -1.0 0.0 0.36432451859857584 0.3052226765061523 0.33045280489527157
9 338.0 0.0 -1.0 -1.0 -1.0 0.0 0.3328893069408428 0.3192462465117135 0.34786444654744386
9 339.0 0.0 -1.0 -1.0 -1.0 0.0 0.3032685908684598 0.337388803484521 0.35934260564701914
9 340.0 0.0 -1.0 -1.0 -1.0 0.0 0.31147186451262093 0.31683760347016937 0.37169053201720964
9 341.0 0.0 -1.0 -1.0 -1.0 0.0 0.317167578059975 0.3142012549714691 0.3686311669685557
9 342.0 0.0 -1.0 -1.0 -1.0 0.0 0.34637689776335473 0.302736158872948 0.35088694336369736
9 343.0 0.0 -1.0 -1.0 -1.0 0.0 0.33307749339904574 0.30391666636586 0.363005840235094
9 344.0 0.0 -1.0 -1.0 -1.0 0.0 0.32374787349056133 0.31560996913921746 0.36064215737022115
9 345.0 0.0 -1.0 -1.0 -1.0 0.0 0.33721809780787915 0.3021742570539234 0.36060764513819715
9 346.0 0.0 -1.0 -1.0 -1.0 0.0 0.3050268401068166 0.3159248919165891 0.37904826797659424
9 347.0 0.0 -1.0 -1.0 -1.0 0.0 0.31728762290085905 0.31891163771387276 0.36380073938526813
9 348.0 0.0 -1.0 -1.0 -1.0 0.0 0.3081967345701054 0.3166306958129362 0.37517256961695855
9 349.0 0.0 -1.0 -1.0 -1.0 0.0 0.3297336772239208 0.31832667499902423 0.3519396477770549
9 350.0 0.0 -1.0 -1.0 -1.0 0.0 0.3240735903342309 0.3166282284735353 0.35929818119223383
9 351.0 0.0 -1.0 -1.0 -1.0 0.0 0.2978455236598514 0.3689775366516205 0.33317693968852796
9 352.0 0.0 -1.0 -1.0 -1.0 0.0 0.319357348946928 0.3520179707676435 0.32862468028542835
9 353.0 0.0 -1.0 -1.0 -1.0 0.0 0.33205334459973856 0.3171037535759628 0.35084290182429845
9 354.0 0.0 -1.0 -1.0 -1.0 0.0 0.3152390864957765 0.3039112885711556 0.38084962493306795
9 355.0 0.0 -1.0 -1.0 -1.0 0.0 0.32566270375116924 0.31320494904575663 0.3611323472030742
9 356.0 0.0 -1.0 -1.0 -1.0 0.0 0.3221563018265111 0.3167919104964142 0.3610517876770746
9 357.0 0.0 -1.0 -1.0 -1.0 0.0 0.3330392445277972 0.30678244756797135 0.3601783079042316
9 358.0 0.0 -1.0 -1.0 -1.0 0.0 0.3394051267522045 0.29160952157769154 0.3689853516701041
9 359.0 0.0 -1.0 -1.0 -1.0 0.0 0.3363215835699016 0.3069930512059904 0.3566853652241082
9 360.0 0.0 -1.0 -1.0 -1.0 0.0 0.33001968529530123 0.3358781354682192 0.3341021792364794
9 361.0 0.0 -1.0 -1.0 -1.0 0.0 0.32906989152239174 0.32628455891715086 0.3446455495604574
9 362.0 0.0 -1.0 -1.0 -1.0 0.0 0.32961963552574064 0.29095236998865004 0.3794279944856095
9 363.0 0.0 -1.0 -1.0 -1.0 0.0 0.30226850560335494 0.30762591068860007 0.3901055837080446
9 364.0 0.0 -1.0 -1.0 -1.0 0.0 0.3296753706938788 0.2973442811165902 0.37298034818953085
9 365.0 0.0 -1.0 -1.0 -1.0 0.0 0.3316127743661638 0.3087490073149379 0.35963821831889853
9 366.0 0.0 -1.0 -1.0 -1.0 0.0 0.3363535813402256 0.3216803036917921 0.3419661149679824
9 367.0 0.0 -1.0 -1.0 -1.0 0.0 0.3387917428935326 0.3318537259363817 0.32935453117008556
9 368.0 0.0 -1.0 -1.0 -1.0 0.0 0.3477599695958946 0.3257566983650713 0.32648333203903407
9 369.0 0.0 -1.0 -1.0 -1.0 0.0 0.35126220157230326 0.3230760791034736 0.32566171932422344
9 370.0 0.0 -1.0 -1.0 -1.0 0.0 0.34489589486289274 0.3480262378837822 0.3070778672533252
9 371.0 0.0 -1.0 -1.0 -1.0 0.0 0.35061190045160495 0.3403832490222563 0.3090048505261389
9 372.0 0.0 -1.0 -1.0 -1.0 0.0 0.35417235607912434 0.33692730101593965 0.308900342904936
9 373.0 0.0 -1.0 -1.0 -1.0 0.0 0.3543269865238935 0.3296746583968937 0.3159983550792127
9 374.0 0.0 -1.0 -1.0 -1.0 0.0 0.35240516910243724 0.34381121931387404 0.3037836115836884
9 375.0 0.0 -1.0 -1.0 -1.0 0.0 0.34560751828739905 0.3424455911603457 0.31194689055225505
9 376.0 0.0 -1.0 -1.0 -1.0 0.0 0.3445632971156347 0.34651066024011207 0.308926042644253
9 377.0 0.0 -1.0 -1.0 -1.0 0.0 0.33122931973885245 0.33745690226403335 0.3313137779971144
9 378.0 0.0 -1.0 -1.0 -1.0 0.0 0.32251164237007496 0.3458137638914587 0.3316745937384664
9 379.0 0.0 -1.0 -1.0 -1.0 0.0 0.3428162398394507 0.326972157667239 0.33021160249331066
9 380.0 0.0 -1.0 -1.0 -1.0 0.0 0.3425337136951345 0.3219022255563533 0.3355640607485122
9 381.0 0.0 -1.0 -1.0 -1.0 0.0 0.3789244623363973 0.3207943119990784 0.3002812256645244
9 382.0 0.0 -1.0 -1.0 -1.0 0.0 0.3890367307129068 0.3066606524383214 0.3043026168487718
9 383.0 0.0 -1.0 -1.0 -1.0 0.0 0.3812412880702141 0.31305330135787335 0.3057054105719125
9 384.0 0.0 -1.0 -1.0 -1.0 0.0 0.3553601108606875 0.30817481986781353 0.336465069271499
9 385.0 0.0 -1.0 -1.0 -1.0 0.0 0.3325944683240071 0.32926205037727224 0.3381434812987205
9 386.0 0.0 -1.0 -1.0 -1.0 0.0 0.3056044918506274 0.3344418072825996 0.3599537008667729
9 387.0 0.0 -1.0 -1.0 -1.0 0.0 0.31111589092553804 0.32019621055187897 0.36868789852258316
9 388.0 0.0 -1.0 -1.0 -1.0 0.0 0.29011756304539316 0.32566125166443116 0.3842211852901755
9 389.0 0.0 -1.0 -1.0 -1.0 0.0 0.28123426248551187 0.3237008571854073 0.3950648803290809
9 390.0 0.0 -1.0 -1.0 -1.0 0.0 0.2869453500106804 0.3292631120876739 0.3837915379016455
9 391.0 0.0 -1.0 -1.0 -1.0 0.0 0.3014378604239468 0.3302615059970234 0.3683006335790298
9 392.0 0.0 -1.0 -1.0 -1.0 0.0 0.32053567031344293 0.35161720217644055 0.3278471275101163
9 393.0 0.0 -1.0 -1.0 -1.0 0.0 0.3339719577591667 0.3435958900541985 0.32243215218663485
9 394.0 0.0 -1.0 -1.0 -1.0 0.0 0.3146809787742979 0.3382764251426098 0.3470425960830921
9 395.0 0.0 -1.0 -1.0 -1.0 0.0 0.315562462143814 0.34356850460708743 0.34086903324909856
9 396.0 0.0 -1.0 -1.0 -1.0 0.0 0.3031467661927936 0.36196517031151887 0.33488806349568756
9 397.0 0.0 -1.0 -1.0 -1.0 0.0 0.29880969973904314 0.34899761622761993 0.35219268403333687
9 398.0 0.0 -1.0 -1.0 -1.0 0.0 0.27798091723127405 0.36163678042568337 0.36038230234304286
9 399.0 0.0 -1.0 -1.0 -1.0 0.0 0.2769430863147779 0.3439361727018258 0.3791207409833963
9 400.0 0.0 -1.0 -1.0 -1.0 0.0 0.29706756520695804 0.3457712675014371 0.35716116729160463
9 401.0 0.0 -1.0 -1.0 -1.0 0.0 0.31620731183904127 0.3146038923731255 0.3691887957878332
9 402.0 0.0 -1.0 -1.0 -1.0 0.0 0.3284075904164006 0.3203493971265557 0.35124301245704354
9 403.0 0.0 -1.0 -1.0 -1.0 0.0 0.3542165922689459 0.30286610939956693 0.3429172983314869
9 404.0 0.0 -1.0 -1.0 -1.0 0.0 0.33314831571437326 0.3150343509751448 0.35181733331048193
9 405.0 0.0 -1.0 -1.0 -1.0 0.0 0.31854640075713475 0.3253467523001856 0.3561068469426795
9 406.0 0.0 -1.0 -1.0 -1.0 0.0 0.3268183034125427 0.3250365903555699 0.3481451062318872
9 407.0 0.0 -1.0 -1.0 -1.0 0.0 0.34526375740337273 0.3454594383320034 0.30927680426462384
9 408.0 0.0 -1.0 -1.0 -1.0 0.0 0.3302842804942919 0.3351775168795506 0.3345382026261574
9 409.0 0.0 -1.0 -1.0 -1.0 0.0 0.35592873797242525 0.33236123176121973 0.31171003026635535
9 410.0 0.0 -1.0 -1.0 -1.0 0.0 0.3569397080394422 0.3217872832651757 0.32127300869538206
9 411.0 0.0 -1.0 -1.0 -1.0 0.0 0.3752940243064019 0.29958069149433486 0.3251252841992631
9 412.0 0.0 -1.0 -1.0 -1.0 0.0 0.3589394301551152 0.31819826693446474 0.32286230291042023
9 413.0 0.0 -1.0 -1.0 -1.0 0.0 0.3759441488663649 0.3266252355014675 0.29743061563216733
9 414.0 0.0 -1.0 -1.0 -1.0 0.0 0.35560549962598614 0.3192507592853251 0.32514374108868876
9 415.0 0.0 -1.0 -1.0 -1.0 0.0 0.34635378121132104 0.32722765294916606 0.3264185658395127
9 416.0 0.0 -1.0 -1.0 -1.0 0.0 0.3359087580541218 0.32149055219197387 0.34260068975390434
9 417.0 0.0 -1.0 -1.0 -1.0 0.0 0.3360715475528447 0.31886956454354953 0.34505888790360584
9 418.0 0.0 -1.0 -1.0 -1.0 0.0 0.3116372581388573 0.35188916454850416 0.33647357731263866
9 419.0 0.0 -1.0 -1.0 -1.0 0.0 0.3040621644985234 0.345982743980451 0.34995509152102555
9 420.0 0.0 -1.0 -1.0 -1.0 0.0 0.3257173169754071 0.32334691144679717 0.35093577157779543
9 421.0 0.0 -1.0 -1.0 -1.0 0.0 0.31547036451479604 0.3316105835065774 0.3529190519786265
9 422.0 0.0 -1.0 -1.0 -1.0 0.0 0.32090842224646826 0.3194032431161143 0.3596883346374174
9 423.0 0.0 -1.0 -1.0 -1.0 0.0 0.3326348289366149 0.3157110421159866 0.3516541289473985
9 424.0 0.0 -1.0 -1.0 -1.0 0.0 0.3190648787872781 0.3377894215336506 0.3431456996790713
9 425.0 0.0 -1.0 -1.0 -1.0 0.0 0.323382134081484 0.347448631317446 0.3291692346010698
9 426.0 0.0 -1.0 -1.0 -1.0 0.0 0.36433289945522884 0.3267430643926344 0.3089240361521367
9 427.0 0.0 -1.0 -1.0 -1.0 0.0 0.36136941412049983 0.30030207960585986 0.33832850627364036
9 428.0 0.0 -1.0 -1.0 -1.0 0.0 0.382663726872288 0.2791196563612211 0.338216616766491
9 429.0 0.0 -1.0 -1.0 -1.0 0.0 0.35172745842690134 0.2754121105147701 0.3728604310583287
9 430.0 0.0 -1.0 -1.0 -1.0 0.0 0.34253817435147177 0.2976299185283733 0.3598319071201547
9 431.0 0.0 -1.0 -1.0 -1.0 0.0 0.3239550676758802 0.329571794693905 0.34647313763021503
9 432.0 0.0 -1.0 -1.0 -1.0 0.0 0.31684749313087984 0.33624104841818786 0.3469114584509323
9 433.0 0.0 -1.0 -1.0 -1.0 0.0 0.3192077402576019 0.3443174984009459 0.33647476134145216
9 434.0 0.0 -1.0 -1.0 -1.0 0.0 0.31572373117137464 0.33327318892224267 0.3510030799063827
9 435.0 0.0 -1.0 -1.0 -1.0 0.0 0.32571009679389085 0.3037487518723409 0.3705411513337684
9 436.0 0.0 -1.0 -1.0 -1.0 0.0 0.3249150721911335 0.30780918504373517 0.36727574276513125
9 437.0 0.0 -1.0 -1.0 -1.0 0.0 0.32303260704840414 0.3032376709766973 0.3737297219748987
9 438.0 0.0 -1.0 -1.0 -1.0 0.0 0.3247956499239578 0.2845438669292392 0.39066048314680285
9 439.0 0.0 -1.0 -1.0 -1.0 0.0 0.3049061807295567 0.2989206786763563 0.39617314059408676
9 440.0 0.0 -1.0 -1.0 -1.0 0.0 0.3087206696813583 0.336487595603654 0.3547917347149876
9 441.0 0.0 -1.0 -1.0 -1.0 0.0 0.3084048868537257 0.31628742265527504 0.37530769049099943
9 442.0 0.0 -1.0 -1.0 -1.0 0.0 0.28092410707541643 0.3347572504717467 0.3843186424528369
9 443.0 0.0 -1.0 -1.0 -1.0 0.0 0.26805919993804955 0.3411170330061545 0.3908237670557961
9 444.0 0.0 -1.0 -1.0 -1.0 0.0 0.2676658102710831 0.32807778376552577 0.40425640596339124
9 445.0 0.0 -1.0 -1.0 -1.0 0.0 0.30313906600243945 0.3290324771241893 0.36782845687337107
9 446.0 0.0 -1.0 -1.0 -1.0 0.0 0.2874567620030797 0.35961830733644823 0.3529249306604716
9 447.0 0.0 -1.0 -1.0 -1.0 0.0 0.29137890941030475 0.3723790755749921 0.3362420150147033
9 448.0 0.0 -1.0 -1.0 -1.0 0.0 0.3478947071235794 0.3350800855203019 0.3170252073561186
9 449.0 0.0 -1.0 -1.0 -1.0 0.0 0.3507425261327224 0.31994322969019 0.3293142441770874
9 450.0 0.0 -1.0 -1.0 -1.0 0.0 0.35774886303841563 0.3151556503199687 0.3270954866416156
9 451.0 0.0 -1.0 -1.0 -1.0 0.0 0.34297478070996723 0.30833404899358663 0.34869117029644614
9 452.0 0.0 -1.0 -1.0 -1.0 0.0 0.34884412912223745 0.32184728767825344 0.3293085831995091
9 453.0 0.0 -1.0 -1.0 -1.0 0.0 0.3689969235758811 0.34422783303960486 0.28677524338451404
9 454.0 0.0 -1.0 -1.0 -1.0 0.0 0.3586902365851298 0.33974462404030115 0.3015651393745691
9 455.0 0.0 -1.0 -1.0 -1.0 0.0 0.38312112874462273 0.2839091590951281 0.3329697121602491
9 456.0 0.0 -1.0 -1.0 -1.0 0.0 0.3864107128129819 0.27208352033914596 0.34150576684787187
9 457.0 0.0 -1.0 -1.0 -1.0 0.0 0.37944659440801226 0.26996658802826645 0.35058681756372123
9 458.0 0.0 -1.0 -1.0 -1.0 0.0 0.36623012514988784 0.26384214761261143 0.3699277272375003
9 459.0 0.0 -1.0 -1.0 -1.0 0.0 0.37268864692647546 0.28128516789732366 0.34602618517620093
9 460.0 0.0 -1.0 -1.0 -1.0 0.0 0.3498210692809572 0.3034293190844616 0.3467496116345813
9 461.0 0.0 -1.0 -1.0 -1.0 0.0 0.3278397671192643 0.35589259125357203 0.31626764162716353
9 462.0 0.0 -1.0 -1.0 -1.0 0.0 0.3193423428610509 0.35005713070131655 0.3306005264376327
9 463.0 0.0 -1.0 -1.0 -1.0 0.0 0.32911326254729395 0.36583626913410705 0.30505046831859867
9 464.0 0.0 -1.0 -1.0 -1.0 0.0 0.3034029699863127 0.37988621634817443 0.3167108136655129
9 465.0 0.0 -1.0 -1.0 -1.0 0.0 0.3071239195209117 0.3528583081095596 0.3400177723695286
9 466.0 0.0 -1.0 -1.0 -1.0 0.0 0.32688227803863973 0.3338487391062027 0.3392689828551574
9 467.0 0.0 -1.0 -1.0 -1.0 0.0 0.34318967402574097 0.35670679794141075 0.3001035280328487
9 468.0 0.0 -1.0 -1.0 -1.0 0.0 0.32112232024126075 0.3915071419198348 0.28737053783890454
9 469.0 0.0 -1.0 -1.0 -1.0 0.0 0.32502640245725106 0.40217230323498265 0.2728012943077662
9 470.0 0.0 -1.0 -1.0 -1.0 0.0 0.3367849877142667 0.3685409143638571 0.29467409792187615
9 471.0 0.0 -1.0 -1.0 -1.0 0.0 0.3366145997439544 0.35875770687218145 0.30462769338386425
9 472.0 0.0 -1.0 -1.0 -1.0 0.0 0.3360403898945239 0.3398858234589146 0.3240737866465612
9 473.0 0.0 -1.0 -1.0 -1.0 0.0 0.33585442152724726 0.32645736075371096 0.33768821771904156
9 474.0 0.0 -1.0 -1.0 -1.0 0.0 0.3341537775222703 0.32733833774949145 0.3385078847282385
9 475.0 0.0 -1.0 -1.0 -1.0 0.0 0.31290129028355146 0.35046525596818945 0.3366334537482591
9 476.0 0.0 -1.0 -1.0 -1.0 0.0 0.3021718849184041 0.3504652929272573 0.34736282215433834
9 477.0 0.0 -1.0 -1.0 -1.0 0.0 0.3293511278087051 0.31288169487781603 0.35776717731347885
9 478.0 0.0 -1.0 -1.0 -1.0 0.0 0.3068665143118722 0.3294817276799098 0.3636517580082177
9 479.0 0.0 -1.0 -1.0 -1.0 0.0 0.33134120935172784 0.3008352047481247 0.3678235859001473
9 480.0 0.0 -1.0 -1.0 -1.0 0.0 0.3250387460293277 0.31314975107959986 0.36181150289107256
9 481.0 0.0 -1.0 -1.0 -1.0 0.0 0.35287051173018186 0.3083631136161049 0.3387663746537131
9 482.0 0.0 -1.0 -1.0 -1.0 0.0 0.34055177923867463 0.3202747358110852 0.33917348495024013
9 483.0 0.0 -1.0 -1.0 -1.0 0.0 0.35962258965891414 0.31775677976420774 0.32262063057687834
9 484.0 0.0 -1.0 -1.0 -1.0 0.0 0.3752293699805914 0.30542660077937195 0.3193440292400372
9 485.0 0.0 -1.0 -1.0 -1.0 0.0 0.37483556382374106 0.30268402970377345 0.32248040647248544
9 486.0 0.0 -1.0 -1.0 -1.0 0.0 0.39201816558588604 0.27681642357936936 0.33116541083474504
9 487.0 0.0 -1.0 -1.0 -1.0 0.0 0.3454495874695408 0.2822550657832123 0.37229534674724674
9 488.0 0.0 -1.0 -1.0 -1.0 0.0 0.3398861171643817 0.2955385948888602 0.3645752879467585
9 489.0 0.0 -1.0 -1.0 -1.0 0.0 0.3641769815885612 0.3050786174178135 0.3307444009936253
9 490.0 0.0 -1.0 -1.0 -1.0 0.0 0.3266218809979705 0.31638360257989956 0.3569945164221302
9 491.0 0.0 -1.0 -1.0 -1.0 0.0 0.3344813375538508 0.31121783787769686 0.35430082456845224
9 492.0 0.0 -1.0 -1.0 -1.0 0.0 0.3466562571884493 0.32830416069684376 0.325039582114707
9 493.0 0.0 -1.0 -1.0 -1.0 0.0 0.3487447473288091 0.31212060519274115 0.33913464747845007
9 494.0 0.0 -1.0 -1.0 -1.0 0.0 0.36251983243967767 0.29610701525618127 0.34137315230414095
9 495.0 0.0 -1.0 -1.0 -1.0 0.0 0.3667167957112207 0.30393613987143836 0.329347064417341
9 496.0 0.0 -1.0 -1.0 -1.0 0.0 0.39253496026913176 0.28644304209771826 0.3210219976331499
9 497.0 0.0 -1.0 -1.0 -1.0 0.0 0.41610026242938 0.2819988923680334 0.30190084520258664
9 498.0 0.0 -1.0 -1.0 -1.0 0.0 0.4164846677210436 0.3181033080549027 0.26541202422405363
9 499.0 0.0 -1.0 -1.0 -1.0 0.0 0.3829791990820719 0.33578996816433176 0.2812308327535964
9 500.0 0.0 -1.0 -1.0 -1.0 0.0 0.3868080373456296 0.3510158160182607 0.2621761466361101
9 501.0 0.0 -1.0 -1.0 -1.0 0.0 0.3757043549425708 0.34230567954381835 0.281989965513611
9 502.0 0.0 -1.0 -1.0 -1.0 0.0 0.35586640732719504 0.36171685097239015 0.28241674170041453
9 503.0 0.0 -1.0 -1.0 -1.0 0.0 0.3353178958927591 0.35756673945394013 0.3071153646533007
9 504.0 0.0 -1.0 -1.0 -1.0 0.0 0.34713063799735416 0.3426409198372034 0.3102284421654426
9 505.0 0.0 -1.0 -1.0 -1.0 0.0 0.3176704982412366 0.35413867629610296 0.3281908254626603
9 506.0 0.0 -1.0 -1.0 -1.0 0.0 0.32689597761290917 0.33080287882243903 0.34230114356465163
9 507.0 0.0 -1.0 -1.0 -1.0 0.0 0.33956182940336654 0.3172303041708097 0.34320786642582346
9 508.0 0.0 -1.0 -1.0 -1.0 0.0 0.35062261604299944 0.30217755104036553 0.347199832916635
9 509.0 0.0 -1.0 -1.0 -1.0 0.0 0.362512631217008 0.34165667883991774 0.2958306899430744
9 510.0 0.0 -1.0 -1.0 -1.0 0.0 0.34590324087200736 0.3516967664099059 0.30239999271808676
9 511.0 0.0 -1.0 -1.0 -1.0 0.0 0.30643338679400695 0.34553119535387056 0.34803541785212266
9 512.0 0.0 -1.0 -1.0 -1.0 0.0 0.3021454459357101 0.3613520432024097 0.33650251086188027
9 513.0 0.0 -1.0 -1.0 -1.0 0.0 0.3030148355688147 0.36090699244805824 0.33607817198312695
9 514.0 0.0 -1.0 -1.0 -1.0 0.0 0.33520413188257125 0.3176317977881345 0.3471640703292942
9 515.0 0.0 -1.0 -1.0 -1.0 0.0 0.3404356786615267 0.32565098863919084 0.3339133326992825
9 516.0 0.0 -1.0 -1.0 -1.0 0.0 0.3333098955116667 0.34752301343567205 0.3191670910526616
9 517.0 0.0 -1.0 -1.0 -1.0 0.0 0.33031050836471904 0.3315917115009344 0.3380977801343464
9 518.0 0.0 -1.0 -1.0 -1.0 0.0 0.3604715500220933 0.32750824941070283 0.31202020056720364
9 519.0 0.0 -1.0 -1.0 -1.0 0.0 0.34765839167471063 0.3554378982077313 0.2969037101175582
9 520.0 0.0 -1.0 -1.0 -1.0 0.0 0.3128084983263457 0.377213244015074 0.3099782576585804
9 521.0 0.0 -1.0 -1.0 -1.0 0.0 0.32693586283389736 0.36419845701857584 0.308865680147527
9 522.0 0.0 -1.0 -1.0 -1.0 0.0 0.3166145233138105 0.3508483831067531 0.33253709357943634
9 523.0 0.0 -1.0 -1.0 -1.0 0.0 0.33370632317459653 0.318388578695804 0.3479050981295992
9 524.0 0.0 -1.0 -1.0 -1.0 0.0 0.32903938275779365 0.32605442823143105 0.3449061890107753
9 525.0 0.0 -1.0 -1.0 -1.0 0.0 0.3340041405574462 0.2955626280310526 0.3704332314115011
9 526.0 0.0 -1.0 -1.0 -1.0 0.0 0.32884292879824917 0.31974889560326314 0.35140817559848764
9 527.0 0.0 -1.0 -1.0 -1.0 0.0 0.31174555254978636 0.30941014752390605 0.3788442999263075
9 528.0 0.0 -1.0 -1.0 -1.0 0.0 0.3068389142925165 0.3187864504882706 0.3743746352192129
9 529.0 0.0 -1.0 -1.0 -1.0 0.0 0.3348957848153926 0.31223187604211283 0.3528723391424948
9 530.0 0.0 -1.0 -1.0 -1.0 0.0 0.3444037874009174 0.28412443483189603 0.37147177776718665
9 531.0 0.0 -1.0 -1.0 -1.0 0.0 0.37219442360594274 0.31496297046064436 0.31284260593341273
9 532.0 0.0 -1.0 -1.0 -1.0 0.0 0.3590743574124183 0.32681299509842016 0.3141126474891616
9 533.0 0.0 -1.0 -1.0 -1.0 0.0 0.3266521946427789 0.33225363108752803 0.3410941742696933
9 534.0 0.0 -1.0 -1.0 -1.0 0.0 0.3308469586424735 0.3237784417680918 0.34537459958943467
9 535.0 0.0 -1.0 -1.0 -1.0 0.0 0.34683804825264025 0.3386605531289857 0.31450139861837395
9 536.0 0.0 -1.0 -1.0 -1.0 0.0 0.33965729275340023 0.3392178795239664 0.3211248277226335
9 537.0 0.0 -1.0 -1.0 -1.0 0.0 0.32546121946645223 0.33318211358320954 0.341356666950338
9 538.0 0.0 -1.0 -1.0 -1.0 0.0 0.3213025140784856 0.3559935755839291 0.3227039103375853
9 539.0 0.0 -1.0 -1.0 -1.0 0.0 0.31029767160401106 0.34761564519235405 0.3420866832036348
9 540.0 0.0 -1.0 -1.0 -1.0 0.0 0.2995994040517785 0.31817913926709146 0.38222145668113
9 541.0 0.0 -1.0 -1.0 -1.0 0.0 0.2956542544020477 0.32547249254238436 0.37887325305556824
9 542.0 0.0 -1.0 -1.0 -1.0 0.0 0.2934050574860269 0.31777880264130753 0.38881613987266567
9 543.0 0.0 -1.0 -1.0 -1.0 0.0 0.2965895669905818 0.3195329417090026 0.3838774913004153
9 544.0 0.0 -1.0 -1.0 -1.0 0.0 0.2970315819666769 0.30421460064701095 0.3987538173863122
9 545.0 0.0 -1.0 -1.0 -1.0 0.0 0.29802337103437615 0.29583241410891253 0.4061442148567109
9 546.0 0.0 -1.0 -1.0 -1.0 0.0 0.3108535123686103 0.3015875693849045 0.3875589182464849
9 547.0 0.0 -1.0 -1.0 -1.0 0.0 0.321466808036676 0.3080457414740476 0.3704874504892763
9 548.0 0.0 -1.0 -1.0 -1.0 0.0 0.3373839327158285 0.3102282434033017 0.35238782388087003
9 549.0 0.0 -1.0 -1.0 -1.0 0.0 0.34527289271755385 0.3141612462392389 0.34056586104320724
9 550.0 0.0 -1.0 -1.0 -1.0 0.0 0.32472862615666187 0.3368271176642287 0.33844425617910945
9 551.0 0.0 -1.0 -1.0 -1.0 0.0 0.32529732147689083 0.3258670691636255 0.3488356093594838
9 552.0 0.0 -1.0 -1.0 -1.0 0.0 0.3030643463898582 0.34581611709890536 0.3511195365112365
9 553.0 0.0 -1.0 -1.0 -1.0 0.0 0.31682803001078463 0.3101039243373858 0.3730680456518297
9 554.0 0.0 -1.0 -1.0 -1.0 0.0 0.34789027057195454 0.3020361946354241 0.3500735347926216
9 555.0 0.0 -1.0 -1.0 -1.0 0.0 0.326924653060362 0.30361463845949777 0.3694607084801401
9 556.0 0.0 -1.0 -1.0 -1.0 0.0 0.3282287625687988 0.32401167479261017 0.347759562638591
9 557.0 0.0 -1.0 -1.0 -1.0 0.0 0.3410366597711602 0.34045994691694514 0.31850339331189464
9 558.0 0.0 -1.0 -1.0 -1.0 0.0 0.34459633989454064 0.35345316911272134 0.3019504909927378
9 559.0 0.0 -1.0 -1.0 -1.0 0.0 0.3255361353784058 0.35819115633091597 0.3162727082906782
9 560.0 0.0 -1.0 -1.0 -1.0 0.0 0.3213439106630125 0.35281035636901686 0.3258457329679706
9 561.0 0.0 -1.0 -1.0 -1.0 0.0 0.3340434249244537 0.3484765694379891 0.31748000563755713
9 562.0 0.0 -1.0 -1.0 -1.0 0.0 0.34421788360142985 0.34259982251702426 0.3131822938815457
9 563.0 0.0 -1.0 -1.0 -1.0 0.0 0.3398481952162443 0.33932906206550917 0.3208227427182463
9 564.0 0.0 -1.0 -1.0 -1.0 0.0 0.32825040381379084 0.328733789449921 0.3430158067362882
9 565.0 0.0 -1.0 -1.0 -1.0 0.0 0.31501475014569164 0.33573358374831097 0.34925166610599767
9 566.0 0.0 -1.0 -1.0 -1.0 0.0 0.3338798268323465 0.3289024313050736 0.3372177418625799
9 567.0 0.0 -1.0 -1.0 -1.0 0.0 0.33763025764288757 0.31713774732429767 0.3452319950328146
9 568.0 0.0 -1.0 -1.0 -1.0 0.0 0.33646987429052005 0.3210049104649128 0.3425252152445673
9 569.0 0.0 -1.0 -1.0 -1.0 0.0 0.3486342508244909 0.3428478976685089 0.3085178515070001
9 570.0 0.0 -1.0 -1.0 -1.0 0.0 0.35578877453334273 0.34161366489627976 0.3025975605703777
9 571.0 0.0 -1.0 -1.0 -1.0 0.0 0.3672656099400948 0.32689723146624033 0.30583715859366495
9 572.0 0.0 -1.0 -1.0 -1.0 0.0 0.34596245106143236 0.3298707235067029 0.32416682543186454
9 573.0 0.0 -1.0 -1.0 -1.0 0.0 0.33524311389176475 0.3406719884173664 0.3240848976908686
9 574.0 0.0 -1.0 -1.0 -1.0 0.0 0.333300238911691 0.35408707477731943 0.31261268631098965
9 575.0 0.0 -1.0 -1.0 -1.0 0.0 0.36470410563676176 0.35013376323522755 0.2851621311280108
9 576.0 0.0 -1.0 -1.0 -1.0 0.0 0.3774849815193588 0.3200521168854853 0.30246290159515593
9 577.0 0.0 -1.0 -1.0 -1.0 0.0 0.3732185124406516 0.3063563761628078 0.32042511139654045
9 578.0 0.0 -1.0 -1.0 -1.0 0.0 0.3443567437560771 0.3207180744088213 0.3349251818351016
9 579.0 0.0 -1.0 -1.0 -1.0 0.0 0.32706292143310045 0.3492535670770655 0.32368351148983426
9 580.0 0.0 -1.0 -1.0 -1.0 0.0 0.33317792743157165 0.3488440172790561 0.31797805528937206
9 581.0 0.0 -1.0 -1.0 -1.0 0.0 0.3247796302083532 0.36823512193758723 0.30698524785405945
9 582.0 0.0 -1.0 -1.0 -1.0 0.0 0.33498146033738635 0.36107444747515366 0.3039440921874601
9 583.0 0.0 -1.0 -1.0 -1.0 0.0 0.3466427922919286 0.3614244378926426 0.2919327698154285
9 584.0 0.0 -1.0 -1.0 -1.0 0.0 0.3516634092001747 0.3520097781241345 0.29632681267569094
9 585.0 0.0 -1.0 -1.0 -1.0 0.0 0.35447078171361496 0.3358275408581569 0.3097016774282279
9 586.0 0.0 -1.0 -1.0 -1.0 0.0 0.33629219929548115 0.3155384253066552 0.3481693753978638
9 587.0 0.0 -1.0 -1.0 -1.0 0.0 0.35144501574614556 0.3156325872387996 0.33292239701505494
9 588.0 0.0 -1.0 -1.0 -1.0 0.0 0.3484259062951481 0.31992351431891336 0.33165057938593845
9 589.0 0.0 -1.0 -1.0 -1.0 0.0 0.32949550791119103 0.3131352072365724 0.35736928485223673
9 590.0 0.0 -1.0 -1.0 -1.0 0.0 0.35387543523156073 0.3309734063762455 0.3151511583921938
9 591.0 0.0 -1.0 -1.0 -1.0 0.0 0.33416219407134357 0.3344609988787182 0.3313768070499384
9 592.0 0.0 -1.0 -1.0 -1.0 0.0 0.34261207037969155 0.3204852503930823 0.3369026792272261
9 593.0 0.0 -1.0 -1.0 -1.0 0.0 0.31141250665580816 0.3559868530334579 0.3326006403107339
9 594.0 0.0 -1.0 -1.0 -1.0 0.0 0.3332924270879822 0.33316853207817787 0.3335390408338398
9 595.0 0.0 -1.0 -1.0 -1.0 0.0 0.3237747768384363 0.33326414912248625 0.34296107403907733
9 596.0 0.0 -1.0 -1.0 -1.0 0.0 0.30726583810347696 0.33010970915866295 0.36262445273786037
9 597.0 0.0 -1.0 -1.0 -1.0 0.0 0.3190937841657847 0.32076254483451877 0.3601436709996964
9 598.0 0.0 -1.0 -1.0 -1.0 0.0 0.31632822562189733 0.3328828214895873 0.35078895288851525
9 599.0 0.0 -1.0 -1.0 -1.0 0.0 0.317712504434827 0.34078923292279 0.3414982626423831
9 600.0 0.0 -1.0 -1.0 -1.0 0.0 0.28492327990899385 0.35719497119414384 0.3578817488968623
9 601.0 0.0 -1.0 -1.0 -1.0 0.0 0.29503341496533947 0.35835870039904294 0.3466078846356174
9 602.0 0.0 -1.0 -1.0 -1.0 0.0 0.30201898190159127 0.3470381870381635 0.35094283106024515
9 603.0 0.0 -1.0 -1.0 -1.0 0.0 0.296992432891189 0.3307881526591336 0.3722194144496775
9 604.0 0.0 -1.0 -1.0 -1.0 0.0 0.29234728872344873 0.3338322471057218 0.3738204641708297
9 605.0 0.0 -1.0 -1.0 -1.0 0.0 0.3175891764505164 0.2992698382640526 0.3831409852854314
9 606.0 0.0 -1.0 -1.0 -1.0 0.0 0.332984957083977 0.31262263862657597 0.3543924042894468
9 607.0 0.0 -1.0 -1.0 -1.0 0.0 0.3244631088442869 0.3259708286703442 0.34956606248536887
9 608.0 0.0 -1.0 -1.0 -1.0 0.0 0.3181161928199524 0.3168741449164882 0.3650096622635594
9 609.0 0.0 -1.0 -1.0 -1.0 0.0 0.3175439703218908 0.318803602938002 0.363652426740107
9 610.0 0.0 -1.0 -1.0 -1.0 0.0 0.3010119053142917 0.30659477129893653 0.3923933233867718
9 611.0 0.0 -1.0 -1.0 -1.0 0.0 0.3340892405292879 0.30999281967903153 0.35591793979168057
9 612.0 0.0 -1.0 -1.0 -1.0 0.0 0.3469287272357173 0.3125521199138397 0.34051915285044293
9 613.0 0.0 -1.0 -1.0 -1.0 0.0 0.35028347594039205 0.32001513074149457 0.32970139331811343
9 614.0 0.0 -1.0 -1.0 -1.0 0.0 0.35262564004899644 0.33322713902032564 0.314147220930678
9 615.0 0.0 -1.0 -1.0 -1.0 0.0 0.34451994119530993 0.3553416083607642 0.3001384504439259
9 616.0 0.0 -1.0 -1.0 -1.0 0.0 0.3502487255834192 0.37862969338707475 0.27112158102950623
9 617.0 0.0 -1.0 -1.0 -1.0 0.0 0.3433646781118684 0.36352917838984455 0.2931061434982873
9 618.0 0.0 -1.0 -1.0 -1.0 0.0 0.3318972130461755 0.37830614573495575 0.28979664121886883
9 619.0 0.0 -1.0 -1.0 -1.0 0.0 0.3171236810665376 0.39074181059088253 0.2921345083425801
9 620.0 0.0 -1.0 -1.0 -1.0 0.0 0.3424167128204582 0.37227775505967353 0.28530553211986837
9 621.0 0.0 -1.0 -1.0 -1.0 0.0 0.30874873407055237 0.3712514911722974 0.3199997747571503
9 622.0 0.0 -1.0 -1.0 -1.0 0.0 0.29700896301472784 0.36441236206751365 0.33857867491775856
9 623.0 0.0 -1.0 -1.0 -1.0 0.0 0.29672163540564817 0.3452071245242695 0.3580712400700826
9 624.0 0.0 -1.0 -1.0 -1.0 0.0 0.30573521578788726 0.34647671153613596 0.3477880726759767
9 625.0 0.0 -1.0 -1.0 -1.0 0.0 0.33130946017022966 0.32828246531080346 0.3404080745189667
9 626.0 0.0 -1.0 -1.0 -1.0 0.0 0.35508463659665096 0.3110969685821271 0.33381839482122194
9 627.0 0.0 -1.0 -1.0 -1.0 0.0 0.3565480932743009 0.3267078612270715 0.31674404549862756
9 628.0 0.0 -1.0 -1.0 -1.0 0.0 0.3603665994816575 0.33179577537355975 0.3078376251447828
9 629.0 0.0 -1.0 -1.0 -1.0 0.0 0.3362298821273725 0.30907946171803485 0.35469065615459283
9 630.0 0.0 -1.0 -1.0 -1.0 0.0 0.3442331700260817 0.3296893763839689 0.3260774535899495
9 631.0 0.0 -1.0 -1.0 -1.0 0.0 0.32369506890021815 0.3481974404482034 0.3281074906515786
9 632.0 0.0 -1.0 -1.0 -1.0 0.0 0.3376627961399153 0.3383919085798219 0.3239452952802626
9 633.0 0.0 -1.0 -1.0 -1.0 0.0 0.3311845622859409 0.3434801330414761 0.32533530467258276
9 634.0 0.0 -1.0 -1.0 -1.0 0.0 0.3531620819640414 0.3439779374875867 0.30285998054837177
9 635.0 0.0 -1.0 -1.0 -1.0 0.0 0.3234723090944643 0.36361851178844445 0.3129091791170913
9 636.0 0.0 -1.0 -1.0 -1.0 0.0 0.3213800388039311 0.3682050944604675 0.3104148667356016
9 637.0 0.0 -1.0 -1.0 -1.0 0.0 0.3308875140186466 0.33853530107339547 0.33057718490795773
9 638.0 0.0 -1.0 -1.0 -1.0 0.0 0.32990864909764994 0.3546256911182295 0.31546565978412056
9 639.0 0.0 -1.0 -1.0 -1.0 0.0 0.3289426759141144 0.34647947062805395 0.32457785345783186
9 640.0 0.0 -1.0 -1.0 -1.0 0.0 0.3182642542469631 0.33787096882112067 0.3438647769319161
9 641.0 0.0 -1.0 -1.0 -1.0 0.0 0.31650584021600375 0.34936065546053674 0.33413350432345956
9 642.0 0.0 -1.0 -1.0 -1.0 0.0 0.2954628411449037 0.3622523049900222 0.34228485386507407
9 643.0 0.0 -1.0 -1.0 -1.0 0.0 0.2903508592641011 0.37545819587018464 0.33419094486571427
9 644.0 0.0 -1.0 -1.0 -1.0 0.0 0.2652215077395411 0.37682470902689763 0.3579537832335609
9 645.0 0.0 -1.0 -1.0 -1.0 0.0 0.25976248330122587 0.37070312068586586 0.3695343960129083
9 646.0 0.0 -1.0 -1.0 -1.0 0.0 0.2700007571513349 0.3712606102870592 0.3587386325616058
9 647.0 0.0 -1.0 -1.0 -1.0 0.0 0.29107055350154304 0.35520478808367734 0.3537246584147794
9 648.0 0.0 -1.0 -1.0 -1.0 0.0 0.2885351100275054 0.3869303030156179 0.32453458695687715
9 649.0 0.0 -1.0 -1.0 -1.0 0.0 0.28378559136962256 0.36807602936219086 0.34813837926818647
9 650.0 0.0 -1.0 -1.0 -1.0 0.0 0.30911282891446473 0.3201323929677866 0.3707547781177489
9 651.0 0.0 -1.0 -1.0 -1.0 0.0 0.3346148497101342 0.2978952505561351 0.36748989973373086
9 652.0 0.0 -1.0 -1.0 -1.0 0.0 0.3356922518897879 0.314669672037961 0.3496380760722511
9 653.0 0.0 -1.0 -1.0 -1.0 0.0 0.3402353626241032 0.299069236357839 0.36069540101805786
9 654.0 0.0 -1.0 -1.0 -1.0 0.0 0.310177002847359 0.3175229643290163 0.3723000328236246
9 655.0 0.0 -1.0 -1.0 -1.0 0.0 0.30261053435154167 0.3265932531657823 0.37079621248267614
9 656.0 0.0 -1.0 -1.0 -1.0 0.0 0.32403082489269575 0.30359638200313105 0.3723727931041731
9 657.0 0.0 -1.0 -1.0 -1.0 0.0 0.33195726907994527 0.3473224258147838 0.32072030510527094
9 658.0 0.0 -1.0 -1.0 -1.0 0.0 0.3597089991883306 0.3407271963812569 0.29956380443041214
9 659.0 0.0 -1.0 -1.0 -1.0 0.0 0.3732586322864235 0.34316714808296667 0.28357421963061014
9 660.0 0.0 -1.0 -1.0 -1.0 0.0 0.37994672232272747 0.35262118714204965 0.2674320905352229
9 661.0 0.0 -1.0 -1.0 -1.0 0.0 0.3471545523238298 0.36903485711808465 0.28381059055808566
9 662.0 0.0 -1.0 -1.0 -1.0 0.0 0.3401374468844734 0.33091034017743226 0.32895221293809435
9 663.0 0.0 -1.0 -1.0 -1.0 0.0 0.3481744096960429 0.34964268343839316 0.3021829068655641
9 664.0 0.0 -1.0 -1.0 -1.0 0.0 0.3760267602041196 0.32615314375538135 0.29782009604049936
9 665.0 0.0 -1.0 -1.0 -1.0 0.0 0.3463782931277244 0.33646278640875193 0.3171589204635237
9 666.0 0.0 -1.0 -1.0 -1.0 0.0 0.36886034479643004 0.2905362334420782 0.3406034217614918
9 667.0 0.0 -1.0 -1.0 -1.0 0.0 0.3758671576253086 0.26434679522023624 0.3597860471544551
9 668.0 0.0 -1.0 -1.0 -1.0 0.0 0.35541257839579904 0.27903412004452877 0.36555330155967214
9 669.0 0.0 -1.0 -1.0 -1.0 0.0 0.33198065207447675 0.3075164033016858 0.36050294462383775
9 670.0 0.0 -1.0 -1.0 -1.0 0.0 0.34979051877509365 0.3346179883324556 0.3155914928924506
9 671.0 0.0 -1.0 -1.0 -1.0 0.0 0.32262394834402797 0.3562770885262474 0.3210989631297247
9 672.0 0.0 -1.0 -1.0 -1.0 0.0 0.3176359966730822 0.34837508839944126 0.3339889149274764
9 673.0 0.0 -1.0 -1.0 -1.0 0.0 0.3258773438820274 0.3432136072941539 0.3309090488238187
9 674.0 0.0 -1.0 -1.0 -1.0 0.0 0.32680940116554097 0.30425848031620883 0.3689321185182502
9 675.0 0.0 -1.0 -1.0 -1.0 0.0 0.3389835606829926 0.28820727981917454 0.37280915949783294
9 676.0 0.0 -1.0 -1.0 -1.0 0.0 0.31954175060841644 0.29247068385932457 0.38798756553225905
9 677.0 0.0 -1.0 -1.0 -1.0 0.0 0.322298328403893 0.3125714614531347 0.36513021014297237
9 678.0 0.0 -1.0 -1.0 -1.0 0.0 0.3196344375318521 0.33732626042635544 0.3430393020417927
9 679.0 0.0 -1.0 -1.0 -1.0 0.0 0.32786834187178554 0.34687994065523364 0.32525171747298065
9 680.0 0.0 -1.0 -1.0 -1.0 0.0 0.33119451253251014 0.34490336130821886 0.32390212615927116
9 681.0 0.0 -1.0 -1.0 -1.0 0.0 0.34467523857700255 0.3469624520435051 0.30836230937949227
9 682.0 0.0 -1.0 -1.0 -1.0 0.0 0.3298785158197489 0.3761344864742544 0.2939869977059968
9 683.0 0.0 -1.0 -1.0 -1.0 0.0 0.32670193121717567 0.3886605895295866 0.28463747925323774
9 684.0 0.0 -1.0 -1.0 -1.0 0.0 0.33199134655768964 0.38153399216503403 0.2864746612772764
9 685.0 0.0 -1.0 -1.0 -1.0 0.0 0.3466167679950084 0.320844272525547 0.3325389594794448
9 686.0 0.0 -1.0 -1.0 -1.0 0.0 0.3265473279159059 0.32558580327368747 0.34786686881040696
9 687.0 0.0 -1.0 -1.0 -1.0 0.0 0.3577838476427321 0.2979230614242834 0.34429309093298505
9 688.0 0.0 -1.0 -1.0 -1.0 0.0 0.32654065594981413 0.3163619352519504 0.3570974087982354
9 689.0 0.0 -1.0 -1.0 -1.0 0.0 0.30823141917840036 0.3334140995851442 0.3583544812364556
9 690.0 0.0 -1.0 -1.0 -1.0 0.0 0.3179368768147334 0.32711812697362874 0.35494499621163766
9 691.0 0.0 -1.0 -1.0 -1.0 0.0 0.30961357508642184 0.33645660197542926 0.35392982293814884
9 692.0 0.0 -1.0 -1.0 -1.0 0.0 0.3331419045184136 0.29793528876467923 0.3689228067169072
9 693.0 0.0 -1.0 -1.0 -1.0 0.0 0.33348601471215167 0.30251789026674286 0.3639960950211054
9 694.0 0.0 -1.0 -1.0 -1.0 0.0 0.3521554376129316 0.2980951941113149 0.3497493682757534
9 695.0 0.0 -1.0 -1.0 -1.0 0.0 0.355278986287066 0.3079319551881548 0.3367890585247793
9 696.0 0.0 -1.0 -1.0 -1.0 0.0 0.3663820618169462 0.31762544527089503 0.3159924929121589
9 697.0 0.0 -1.0 -1.0 -1.0 0.0 0.3745350875469948 0.3386272874223158 0.2868376250306893
9 698.0 0.0 -1.0 -1.0 -1.0 0.0 0.34259786360205824 0.348297114955291 0.30910502144265095
9 699.0 0.0 -1.0 -1.0 -1.0 0.0 0.3547882799966318 0.3366826886402183 0.30852903136314996
9 700.0 0.0 -1.0 -1.0 -1.0 0.0 0.33456325508552515 0.35774934217664744 0.30768740273782735
9 701.0 0.0 -1.0 -1.0 -1.0 0.0 0.3217954711764748 0.37167320679283733 0.3065313220306878
9 702.0 0.0 -1.0 -1.0 -1.0 0.0 0.3294657061870774 0.35651179369682984 0.31402250011609284
9 703.0 0.0 -1.0 -1.0 -1.0 0.0 0.35614432658240813 0.3568295126319802 0.28702616078561155
9 704.0 0.0 -1.0 -1.0 -1.0 0.0 0.3508360151194909 0.36185206365767064 0.28731192122283866
9 705.0 0.0 -1.0 -1.0 -1.0 0.0 0.36528777694851955 0.3397840497997028 0.29492817325177745
9 706.0 0.0 -1.0 -1.0 -1.0 0.0 0.3920308630839685 0.3083153423753361 0.2996537945406957
9 707.0 0.0 -1.0 -1.0 -1.0 0.0 0.3970441044692995 0.28933424480119074 0.31362165072950937
9 708.0 0.0 -1.0 -1.0 -1.0 0.0 0.3566413129308673 0.32892193504774925 0.3144367520213835
9 709.0 0.0 -1.0 -1.0 -1.0 0.0 0.3877874065146535 0.3095104010183701 0.30270219246697655
9 710.0 0.0 -1.0 -1.0 -1.0 0.0 0.34738745867261484 0.3176548870028589 0.33495765432452634
9 711.0 0.0 -1.0 -1.0 -1.0 0.0 0.36960522774629356 0.3180418873383363 0.3123528849153699
9 712.0 0.0 -1.0 -1.0 -1.0 0.0 0.33398854213511064 0.3349537436850254 0.331057714179864
9 713.0 0.0 -1.0 -1.0 -1.0 0.0 0.30948015193035516 0.372412549214026 0.31810729885561884
9 714.0 0.0 -1.0 -1.0 -1.0 0.0 0.3292761480986063 0.3417402264701391 0.3289836254312546
9 715.0 0.0 -1.0 -1.0 -1.0 0.0 0.290010445579474 0.3589572081786517 0.3510323462418741
9 716.0 0.0 -1.0 -1.0 -1.0 0.0 0.2818853454173624 0.3698901901550298 0.34822446442760785
9 717.0 0.0 -1.0 -1.0 -1.0 0.0 0.3036667050767685 0.3645082839332608 0.33182501098997086
9 718.0 0.0 -1.0 -1.0 -1.0 0.0 0.32051323059186304 0.33750695017277826 0.3419798192353585
9 719.0 0.0 -1.0 -1.0 -1.0 0.0 0.32490751537297813 0.35347662918262635 0.3216158554443954
9 720.0 0.0 -1.0 -1.0 -1.0 0.0 0.34320592301284397 0.3448713623183878 0.31192271466876825
9 721.0 0.0 -1.0 -1.0 -1.0 0.0 0.35112492571491166 0.33490812232519623 0.3139669519598919
9 722.0 0.0 -1.0 -1.0 -1.0 0.0 0.3615383474322201 0.34046293066501837 0.2979987219027614
9 723.0 0.0 -1.0 -1.0 -1.0 0.0 0.37442442974354956 0.3203683404014269 0.3052072298550237
9 724.0 0.0 -1.0 -1.0 -1.0 0.0 0.3613982298621844 0.31362346775344646 0.3249783023843693
9 725.0 0.0 -1.0 -1.0 -1.0 0.0 0.33928578287500955 0.3385378102512853 0.322176406873705
9 726.0 0.0 -1.0 -1.0 -1.0 0.0 0.33875862295711023 0.3161770736645781 0.34506430337831184
9 727.0 0.0 -1.0 -1.0 -1.0 0.0 0.3161678929739471 0.33568923711611204 0.34814286990994087
9 728.0 0.0 -1.0 -1.0 -1.0 0.0 0.3261067979361581 0.2958911494642286 0.3780020525996135
9 729.0 0.0 -1.0 -1.0 -1.0 0.0 0.3242448865119262 0.29446914811920777 0.3812859653688661
9 730.0 0.0 -1.0 -1.0 -1.0 0.0 0.36173427676320424 0.3115182065979253 0.3267475166388705
9 731.0 0.0 -1.0 -1.0 -1.0 0.0 0.336147764025089 0.3190601973085988 0.34479203866631253
9 732.0 0.0 -1.0 -1.0 -1.0 0.0 0.3125225145271635 0.3297943865929721 0.3576830988798644
9 733.0 0.0 -1.0 -1.0 -1.0 0.0 0.3318449002828617 0.2962696424239154 0.37188545729322314
9 734.0 0.0 -1.0 -1.0 -1.0 0.0 0.3172889312367628 0.3099951838861166 0.37271588487712065
9 735.0 0.0 -1.0 -1.0 -1.0 0.0 0.3340894749788139 0.32199697393816057 0.34391355108302557
9 736.0 0.0 -1.0 -1.0 -1.0 0.0 0.3444254571483045 0.3313635180124216 0.32421102483927383
9 737.0 0.0 -1.0 -1.0 -1.0 0.0 0.337198780244963 0.3357877490811398 0.3270134706738969
9 738.0 0.0 -1.0 -1.0 -1.0 0.0 0.3480213941956336 0.3220464861727649 0.3299321196316015
9 739.0 0.0 -1.0 -1.0 -1.0 0.0 0.3342400277588621 0.31889139577399267 0.3468685764671452
9 740.0 0.0 -1.0 -1.0 -1.0 0.0 0.3404891740521556 0.32264605313662886 0.33686477281121546
9 741.0 0.0 -1.0 -1.0 -1.0 0.0 0.32793573911818025 0.339009050200933 0.33305521068088695
9 742.0 0.0 -1.0 -1.0 -1.0 0.0 0.34886822226463216 0.3467177535689646 0.3044140241664032
9 743.0 0.0 -1.0 -1.0 -1.0 0.0 0.3364855007944648 0.3322622001965358 0.33125229900899955
9 744.0 0.0 -1.0 -1.0 -1.0 0.0 0.3406482998772781 0.3166378596408181 0.342713840481904
9 745.0 0.0 -1.0 -1.0 -1.0 0.0 0.33843282921962775 0.34960913858473835 0.3119580321956341
9 746.0 0.0 -1.0 -1.0 -1.0 0.0 0.32895451240317497 0.32413154040380265 0.34691394719302243
9 747.0 0.0 -1.0 -1.0 -1.0 0.0 0.3159668324429747 0.34366989021043026 0.340363277346595
9 748.0 0.0 -1.0 -1.0 -1.0 0.0 0.3457477648095422 0.360539177010652 0.29371305817980575
9 749.0 0.0 -1.0 -1.0 -1.0 0.0 0.32600407819334715 0.38927940237687936 0.28471651942977366
9 750.0 0.0 -1.0 -1.0 -1.0 0.0 0.3188127039942472 0.38234348333792734 0.2988438126678254
9 751.0 0.0 -1.0 -1.0 -1.0 0.0 0.3441845482206467 0.32059751944344794 0.3352179323359053
9 752.0 0.0 -1.0 -1.0 -1.0 0.0 0.36124842639227817 0.3069735142104933 0.3317780593972286
9 753.0 0.0 -1.0 -1.0 -1.0 0.0 0.3490659720188984 0.3280797704495078 0.32285425753159375
9 754.0 0.0 -1.0 -1.0 -1.0 0.0 0.3515977898370625 0.3196031291295401 0.3287990810333972
9 755.0 0.0 -1.0 -1.0 -1.0 0.0 0.3570658203458435 0.3613408073379031 0.2815933723162536
9 756.0 0.0 -1.0 -1.0 -1.0 0.0 0.35924417118093016 0.33868045110678513 0.30207537771228493
9 757.0 0.0 -1.0 -1.0 -1.0 0.0 0.3532320551920752 0.3572735831098106 0.28949436169811416
9 758.0 0.0 -1.0 -1.0 -1.0 0.0 0.36953121303008074 0.34799661259668624 0.28247217437323296
9 759.0 0.0 -1.0 -1.0 -1.0 0.0 0.3669196079572622 0.35243688048020627 0.28064351156253176
9 760.0 0.0 -1.0 -1.0 -1.0 0.0 0.3733684577818013 0.321081406281557 0.30555013593664176
9 761.0 0.0 -1.0 -1.0 -1.0 0.0 0.3488336471873304 0.3315388219982674 0.31962753081440226
9 762.0 0.0 -1.0 -1.0 -1.0 0.0 0.34126039952523174 0.35233667008918884 0.30640293038557975
9 763.0 0.0 -1.0 -1.0 -1.0 0.0 0.3265613502598502 0.35466215772786086 0.318776492012289
9 764.0 0.0 -1.0 -1.0 -1.0 0.0 0.30572217251946077 0.3672913439604553 0.32698648352008386
9 765.0 0.0 -1.0 -1.0 -1.0 0.0 0.31588978955099134 0.36782075063506503 0.31628945981394346
9 766.0 0.0 -1.0 -1.0 -1.0 0.0 0.2891420789371043 0.36605920394199065 0.344798717120905
9 767.0 0.0 -1.0 -1.0 -1.0 0.0 0.30220210600238395 0.3376775159696343 0.36012037802798175
9 768.0 0.0 -1.0 -1.0 -1.0 0.0 0.2818801864595799 0.3330464541388436 0.3850733594015767
9 769.0 0.0 -1.0 -1.0 -1.0 0.0 0.28679026666110125 0.3435385462150119 0.369671187123887
9 770.0 0.0 -1.0 -1.0 -1.0 0.0 0.29567624348899346 0.3224035852126476 0.381920171298359
9 771.0 0.0 -1.0 -1.0 -1.0 0.0 0.30452682402786224 0.31787992205419546 0.37759325391794235
9 772.0 0.0 -1.0 -1.0 -1.0 0.0 0.318104081764142 0.32050731423120626 0.3613886040046519
9 773.0 0.0 -1.0 -1.0 -1.0 0.0 0.3123858328158474 0.35334455108766305 0.33426961609648953
9 774.0 0.0 -1.0 -1.0 -1.0 0.0 0.3424619303801598 0.34766954993253035 0.3098685196873098
9 775.0 0.0 -1.0 -1.0 -1.0 0.0 0.3413854966194895 0.33054507294165353 0.3280694304388567
9 776.0 0.0 -1.0 -1.0 -1.0 0.0 0.34215619297229 0.3174426694239591 0.34040113760375085
9 777.0 0.0 -1.0 -1.0 -1.0 0.0 0.3423194313570152 0.3288386255602284 0.3288419430827566
9 778.0 0.0 -1.0 -1.0 -1.0 0.0 0.3606563836085644 0.3214758816150167 0.3178677347764191
9 779.0 0.0 -1.0 -1.0 -1.0 0.0 0.3504513118829628 0.32800150776935716 0.32154718034768015
9 780.0 0.0 -1.0 -1.0 -1.0 0.0 0.3555162439340424 0.3276813481438592 0.3168024079220983
9 781.0 0.0 -1.0 -1.0 -1.0 0.0 0.3293804596774006 0.3607205451775068 0.30989899514509267
9 782.0 0.0 -1.0 -1.0 -1.0 0.0 0.32778301877418997 0.3482747457180131 0.32394223550779716
9 783.0 0.0 -1.0 -1.0 -1.0 0.0 0.3319033569279675 0.35566968659971215 0.3124269564723204
9 784.0 0.0 -1.0 -1.0 -1.0 0.0 0.3399175548743202 0.34088950915194666 0.31919293597373327
9 785.0 0.0 -1.0 -1.0 -1.0 0.0 0.3287649511413746 0.335015494203009 0.3362195546556163
9 786.0 0.0 -1.0 -1.0 -1.0 0.0 0.334296095954272 0.3338762230605124 0.33182768098521565
9 787.0 0.0 -1.0 -1.0 -1.0 0.0 0.3358366400800581 0.3322853577984499 0.3318780021214922
9 788.0 0.0 -1.0 -1.0 -1.0 0.0 0.34207032301322876 0.32286942671990354 0.335060250266868
9 789.0 0.0 -1.0 -1.0 -1.0 0.0 0.3231472395709525 0.32383383131963556 0.35301892910941196
9 790.0 0.0 -1.0 -1.0 -1.0 0.0 0.30161909085923405 0.3145191998409668 0.38386170929979935
9 791.0 0.0 -1.0 -1.0 -1.0 0.0 0.3065013784788633 0.3147861788045169 0.37871244271661986
9 792.0 0.0 -1.0 -1.0 -1.0 0.0 0.3053866262696557 0.31371803621581584 0.3808953375145285
9 793.0 0.0 -1.0 -1.0 -1.0 0.0 0.3216817415769507 0.34035250824559077 0.33796575017745845
9 794.0 0.0 -1.0 -1.0 -1.0 0.0 0.3245126235151304 0.3314710681301144 0.3440163083547553
9 795.0 0.0 -1.0 -1.0 -1.0 0.0 0.3275988494158962 0.30818968393667623 0.3642114666474277
9 796.0 0.0 -1.0 -1.0 -1.0 0.0 0.3037077014180636 0.31419658920868837 0.38209570937324794
9 797.0 0.0 -1.0 -1.0 -1.0 0.0 0.2971515409211855 0.3111133994909435 0.391735059587871
9 798.0 0.0 -1.0 -1.0 -1.0 0.0 0.32076792951459987 0.3424295882577584 0.3368024822276415
9 799.0 0.0 -1.0 -1.0 -1.0 0.0 0.3110914887689658 0.34377110442403674 0.3451374068069978
9 800.0 0.0 -1.0 -1.0 -1.0 0.0 0.3289328218505462 0.3137074009967174 0.35735977715273637
9 801.0 0.0 -1.0 -1.0 -1.0 0.0 0.35446158813453615 0.29648086556009423 0.3490575463053699
9 802.0 0.0 -1.0 -1.0 -1.0 0.0 0.3466939936715706 0.31855031794689354 0.3347556883815361
9 803.0 0.0 -1.0 -1.0 -1.0 0.0 0.3235230376412519 0.3284081146022033 0.3480688477565445
9 804.0 0.0 -1.0 -1.0 -1.0 0.0 0.32656517792633055 0.322944958224604 0.3504898638490655
9 805.0 0.0 -1.0 -1.0 -1.0 0.0 0.32847612895975586 0.3173232694340825 0.3542006016061615
9 806.0 0.0 -1.0 -1.0 -1.0 0.0 0.3335195006105912 0.30702429736368175 0.359456202025727
9 807.0 0.0 -1.0 -1.0 -1.0 0.0 0.32509950675804883 0.3208716329422217 0.35402886029972924
9 808.0 0.0 -1.0 -1.0 -1.0 0.0 0.35890542789269214 0.334397936047625 0.3066966360596829
9 809.0 0.0 -1.0 -1.0 -1.0 0.0 0.35043036548287665 0.32402405582288873 0.32554557869423467
9 810.0 0.0 -1.0 -1.0 -1.0 0.0 0.3444365464250738 0.3309787837122808 0.32458466986264556
9 811.0 0.0 -1.0 -1.0 -1.0 0.0 0.3399436090094241 0.341238107917818 0.3188182830727576
9 812.0 0.0 -1.0 -1.0 -1.0 0.0 0.35108483273814045 0.3393904997613458 0.30952466750051366
9 813.0 0.0 -1.0 -1.0 -1.0 0.0 0.3379195167571176 0.35317928104719853 0.30890120219568395
9 814.0 0.0 -1.0 -1.0 -1.0 0.0 0.32359815133782943 0.35352846097039486 0.32287338769177537
9 815.0 0.0 -1.0 -1.0 -1.0 0.0 0.32474938297596473 0.34952983877112936 0.32572077825290585
9 816.0 0.0 -1.0 -1.0 -1.0 0.0 0.3311280076947584 0.3424967989477786 0.3263751933574629
9 817.0 0.0 -1.0 -1.0 -1.0 0.0 0.3488081799719851 0.3435529632145483 0.3076388568134666
9 818.0 0.0 -1.0 -1.0 -1.0 0.0 0.3297990785877885 0.3463007646476261 0.32390015676458556
9 819.0 0.0 -1.0 -1.0 -1.0 0.0 0.32093296688081274 0.3391598489436185 0.3399071841755685
9 820.0 0.0 -1.0 -1.0 -1.0 0.0 0.34486140794443115 0.3104856966466533 0.34465289540891575
9 821.0 0.0 -1.0 -1.0 -1.0 0.0 0.33702285259459336 0.3140958357726673 0.34888131163273933
9 822.0 0.0 -1.0 -1.0 -1.0 0.0 0.35225177939426666 0.30559121925659727 0.3421570013491356
9 823.0 0.0 -1.0 -1.0 -1.0 0.0 0.34143366264609104 0.3192101280454875 0.3393562093084214
9 824.0 0.0 -1.0 -1.0 -1.0 0.0 0.3158871327666496 0.3446996810802693 0.33941318615308136
9 825.0 0.0 -1.0 -1.0 -1.0 0.0 0.32734075155689224 0.3440191735703436 0.32864007487276387
9 826.0 0.0 -1.0 -1.0 -1.0 0.0 0.33550006452880105 0.3440280156708664 0.32047191980033246
9 827.0 0.0 -1.0 -1.0 -1.0 0.0 0.333763291347926 0.3276246194779283 0.3386120891741458
9 828.0 0.0 -1.0 -1.0 -1.0 0.0 0.3473752376674016 0.33819038911150806 0.31443437322109025
9 829.0 0.0 -1.0 -1.0 -1.0 0.0 0.36299798768001046 0.3210984162413388 0.31590359607865054
9 830.0 0.0 -1.0 -1.0 -1.0 0.0 0.36067089831936094 0.3237482178479414 0.31558088383269767
9 831.0 0.0 -1.0 -1.0 -1.0 0.0 0.32395865084405656 0.3378175545452004 0.33822379461074314
9 832.0 0.0 -1.0 -1.0 -1.0 0.0 0.354683367609532 0.2943370695253803 0.3509795628650878
9 833.0 0.0 -1.0 -1.0 -1.0 0.0 0.34140643601122284 0.3128400780853161 0.34575348590346117
9 834.0 0.0 -1.0 -1.0 -1.0 0.0 0.3348644661825599 0.30348572990136796 0.36164980391607215
9 835.0 0.0 -1.0 -1.0 -1.0 0.0 0.34738259335713245 0.2868420605537328 0.3657753460891348
9 836.0 0.0 -1.0 -1.0 -1.0 0.0 0.33783948008621356 0.31199065455370656 0.3501698653600797
9 837.0 0.0 -1.0 -1.0 -1.0 0.0 0.3479383042687994 0.321622039676132 0.3304396560550685
9 838.0 0.0 -1.0 -1.0 -1.0 0.0 0.34819029943021357 0.3530025466005474 0.29880715396923896
9 839.0 0.0 -1.0 -1.0 -1.0 0.0 0.32065610198558003 0.36152590614381697 0.3178179918706028
9 840.0 0.0 -1.0 -1.0 -1.0 0.0 0.3218040867987316 0.3531120954325347 0.3250838177687334
9 841.0 0.0 -1.0 -1.0 -1.0 0.0 0.327775408433595 0.3313781146580601 0.3408464769083451
9 842.0 0.0 -1.0 -1.0 -1.0 0.0 0.3249830458753287 0.307407085045929 0.36760986907874227
9 843.0 0.0 -1.0 -1.0 -1.0 0.0 0.3579128490761692 0.2765021190780719 0.36558503184575913
9 844.0 0.0 -1.0 -1.0 -1.0 0.0 0.3640502481947439 0.2802929247782629 0.3556568270269929
9 845.0 0.0 -1.0 -1.0 -1.0 0.0 0.33352301541993445 0.3135682073539367 0.35290877722612846
9 846.0 0.0 -1.0 -1.0 -1.0 0.0 0.3515372747518601 0.3169121695467044 0.3315505557014354
9 847.0 0.0 -1.0 -1.0 -1.0 0.0 0.33874967803301614 0.33272898342140217 0.328521338545582
9 848.0 0.0 -1.0 -1.0 -1.0 0.0 0.35502001537188266 0.3097575895694186 0.33522239505869883
9 849.0 0.0 -1.0 -1.0 -1.0 0.0 0.35782777632161383 0.3010033899330932 0.3411688337452926
9 850.0 0.0 -1.0 -1.0 -1.0 0.0 0.3382525706163061 0.31422970137484874 0.3475177280088451
9 851.0 0.0 -1.0 -1.0 -1.0 0.0 0.34370271341415454 0.2954840305100538 0.36081325607579173
9 852.0 0.0 -1.0 -1.0 -1.0 0.0 0.32149958035386866 0.3161728404990416 0.36232757914708974
9 853.0 0.0 -1.0 -1.0 -1.0 0.0 0.31204530254335894 0.33604365279430726 0.35191104466233375
9 854.0 0.0 -1.0 -1.0 -1.0 0.0 0.3110444705790542 0.35168933186757284 0.33726619755337306
9 855.0 0.0 -1.0 -1.0 -1.0 0.0 0.3162417187899294 0.3535105519779236 0.33024772923214696
9 856.0 0.0 -1.0 -1.0 -1.0 0.0 0.32785684048838304 0.3545870781652959 0.3175560813463209
9 857.0 0.0 -1.0 -1.0 -1.0 0.0 0.3362600879362705 0.32795828947568395 0.33578162258804556
9 858.0 0.0 -1.0 -1.0 -1.0 0.0 0.34955957902076157 0.3350143629292047 0.31542605805003354
9 859.0 0.0 -1.0 -1.0 -1.0 0.0 0.36868405212755967 0.31757759352840975 0.31373835434403036
9 860.0 0.0 -1.0 -1.0 -1.0 0.0 0.35212886924585246 0.3194144880496165 0.328456642704531
9 861.0 0.0 -1.0 -1.0 -1.0 0.0 0.32250976888411004 0.326023893885149 0.3514663372307407
9 862.0 0.0 -1.0 -1.0 -1.0 0.0 0.3239880742914247 0.33858005819248604 0.3374318675160892
9 863.0 0.0 -1.0 -1.0 -1.0 0.0 0.3062017396692538 0.3351706513246584 0.3586276090060879
9 864.0 0.0 -1.0 -1.0 -1.0 0.0 0.31392584866887757 0.3192604683282742 0.36681368300284833
9 865.0 0.0 -1.0 -1.0 -1.0 0.0 0.29373150026627426 0.3376987806008798 0.36856971913284603
9 866.0 0.0 -1.0 -1.0 -1.0 0.0 0.2864188231447404 0.33608965335300467 0.37749152350225496
9 867.0 0.0 -1.0 -1.0 -1.0 0.0 0.27600938985908646 0.36144557061435534 0.36254503952655814
9 868.0 0.0 -1.0 -1.0 -1.0 0.0 0.2821116096704547 0.38801305263813624 0.3298753376914091
9 869.0 0.0 -1.0 -1.0 -1.0 0.0 0.2786293854368886 0.4024046413606146 0.3189659732024968
9 870.0 0.0 -1.0 -1.0 -1.0 0.0 0.2819724927598985 0.4094928922675292 0.30853461497257223
9 871.0 0.0 -1.0 -1.0 -1.0 0.0 0.28424689704989725 0.38165835875307846 0.3340947441970244
9 872.0 0.0 -1.0 -1.0 -1.0 0.0 0.271622733897292 0.39089420407732967 0.3374830620253782
9 873.0 0.0 -1.0 -1.0 -1.0 0.0 0.2902421663666669 0.33978173152252444 0.3699761021108088
9 874.0 0.0 -1.0 -1.0 -1.0 0.0 0.29578010290121914 0.3388192149679945 0.3654006821307864
9 875.0 0.0 -1.0 -1.0 -1.0 0.0 0.3069789782134044 0.33865588990098955 0.354365131885606
9 876.0 0.0 -1.0 -1.0 -1.0 0.0 0.3044340447752177 0.36217541753490357 0.3333905376898788
9 877.0 0.0 -1.0 -1.0 -1.0 0.0 0.31203801557375466 0.3427173893852796 0.34524459504096583
9 878.0 0.0 -1.0 -1.0 -1.0 0.0 0.31233582670510585 0.34014668243200297 0.347517490862891
9 879.0 0.0 -1.0 -1.0 -1.0 0.0 0.3239255286783987 0.344775229122684 0.33129924219891743
9 880.0 0.0 -1.0 -1.0 -1.0 0.0 0.31599760075231137 0.33422111502093804 0.3497812842267505
9 881.0 0.0 -1.0 -1.0 -1.0 0.0 0.3234575023202806 0.3344270854213878 0.34211541225833136
9 882.0 0.0 -1.0 -1.0 -1.0 0.0 0.2895531797398314 0.34382176169363343 0.36662505856653516
9 883.0 0.0 -1.0 -1.0 -1.0 0.0 0.3290530012090979 0.3323644240226455 0.3385825747682564
9 884.0 0.0 -1.0 -1.0 -1.0 0.0 0.33524337604641685 0.3471375456834688 0.3176190782701143
9 885.0 0.0 -1.0 -1.0 -1.0 0.0 0.3122225479305639 0.33808077993381713 0.3496966721356189
9 886.0 0.0 -1.0 -1.0 -1.0 0.0 0.32771192887444583 0.34504712879289634 0.32724094233265805
9 887.0 0.0 -1.0 -1.0 -1.0 0.0 0.3474431712619067 0.32768407589503207 0.32487275284306105
9 888.0 0.0 -1.0 -1.0 -1.0 0.0 0.3259105122148447 0.3345914480513538 0.33949803973380144
9 889.0 0.0 -1.0 -1.0 -1.0 0.0 0.36066727022699957 0.3131894559785312 0.3261432737944694
9 890.0 0.0 -1.0 -1.0 -1.0 0.0 0.3743537700303582 0.3106964926230617 0.3149497373465803
9 891.0 0.0 -1.0 -1.0 -1.0 0.0 0.3421370674320516 0.33376553607186255 0.3240973964960859
9 892.0 0.0 -1.0 -1.0 -1.0 0.0 0.33269062805187594 0.35695191024905853 0.31035746169906564
9 893.0 0.0 -1.0 -1.0 -1.0 0.0 0.33566744827874934 0.34669713340822095 0.3176354183130298
9 894.0 0.0 -1.0 -1.0 -1.0 0.0 0.33710054394937694 0.32857817248886667 0.33432128356175644
9 895.0 0.0 -1.0 -1.0 -1.0 0.0 0.3158570034345208 0.34971065929257755 0.33443233727290156
9 896.0 0.0 -1.0 -1.0 -1.0 0.0 0.3326893844458484 0.3469432269185028 0.3203673886356489
9 897.0 0.0 -1.0 -1.0 -1.0 0.0 0.32220411504362284 0.32474144094969687 0.3530544440066803
9 898.0 0.0 -1.0 -1.0 -1.0 0.0 0.3408969961787783 0.33459896006813383 0.32450404375308806
9 899.0 0.0 -1.0 -1.0 -1.0 0.0 0.35899442334928133 0.31125246143847785 0.32975311521224093
9 900.0 0.0 -1.0 -1.0 -1.0 0.0 0.3754196385820603 0.3026088979505282 0.32197146346741157
9 901.0 0.0 -1.0 -1.0 -1.0 0.0 0.380959967212139 0.2854297166163077 0.3336103161715533
9 902.0 0.0 -1.0 -1.0 -1.0 0.0 0.39185776856682625 0.2875790281970183 0.3205632032361553
9 903.0 0.0 -1.0 -1.0 -1.0 0.0 0.3817852462053374 0.3037073696016122 0.31450738419305035
9 904.0 0.0 -1.0 -1.0 -1.0 0.0 0.35696059823678034 0.31202239110463204 0.3310170106585876
9 905.0 0.0 -1.0 -1.0 -1.0 0.0 0.3355135978451764 0.3456250671684401 0.3188613349863834
9 906.0 0.0 -1.0 -1.0 -1.0 0.0 0.32720331615320786 0.35722674926077624 0.315569934586016
9 907.0 0.0 -1.0 -1.0 -1.0 0.0 0.3027879584895599 0.36295794799998915 0.334254093510451
9 908.0 0.0 -1.0 -1.0 -1.0 0.0 0.2901902249454877 0.3621516781115793 0.34765809694293315
9 909.0 0.0 -1.0 -1.0 -1.0 0.0 0.29795531216604226 0.35076364864620635 0.35128103918775133
9 910.0 0.0 -1.0 -1.0 -1.0 0.0 0.307765814821639 0.3860982020987902 0.3061359830795706
9 911.0 0.0 -1.0 -1.0 -1.0 0.0 0.32253786177998395 0.3598637921148814 0.3175983461051347
9 912.0 0.0 -1.0 -1.0 -1.0 0.0 0.3157752251752065 0.3618743158426948 0.3223504589820989
9 913.0 0.0 -1.0 -1.0 -1.0 0.0 0.32200096905785364 0.35525180917471877 0.3227472217674275
9 914.0 0.0 -1.0 -1.0 -1.0 0.0 0.30729431456704304 0.3406194934915964 0.35208619194136065
9 915.0 0.0 -1.0 -1.0 -1.0 0.0 0.3272923154539864 0.34183440368222984 0.33087328086378365
9 916.0 0.0 -1.0 -1.0 -1.0 0.0 0.30670247405023554 0.35293436082859414 0.3403631651211707
9 917.0 0.0 -1.0 -1.0 -1.0 0.0 0.2962691973225136 0.368719578965853 0.33501122371163333
9 918.0 0.0 -1.0 -1.0 -1.0 0.0 0.32298685071255306 0.3437435312130569 0.33326961807439015
9 919.0 0.0 -1.0 -1.0 -1.0 0.0 0.3455396027616031 0.3334910912675715 0.32096930597082546
9 920.0 0.0 -1.0 -1.0 -1.0 0.0 0.3404903967799085 0.3033507752833262 0.3561588279367653
9 921.0 0.0 -1.0 -1.0 -1.0 0.0 0.3131410721068113 0.3153092932139809 0.3715496346792077
9 922.0 0.0 -1.0 -1.0 -1.0 0.0 0.3456688235252791 0.30652459269272353 0.34780658378199725
9 923.0 0.0 -1.0 -1.0 -1.0 0.0 0.3341934251210944 0.3300968403154835 0.3357097345634222
9 924.0 0.0 -1.0 -1.0 -1.0 0.0 0.3272895370566981 0.34049635766311726 0.3322141052801846
9 925.0 0.0 -1.0 -1.0 -1.0 0.0 0.3094796179482895 0.3449189375184105 0.34560144453330005
9 926.0 0.0 -1.0 -1.0 -1.0 0.0 0.3188428688264755 0.333863332008131 0.34729379916539344
9 927.0 0.0 -1.0 -1.0 -1.0 0.0 0.33119570457494296 0.33671317416082014 0.33209112126423695
9 928.0 0.0 -1.0 -1.0 -1.0 0.0 0.3522348155428167 0.3206031359049659 0.32716204855221726
9 929.0 0.0 -1.0 -1.0 -1.0 0.0 0.34414316641946485 0.34508505067335454 0.31077178290718094
9 930.0 0.0 -1.0 -1.0 -1.0 0.0 0.3393619403682914 0.3269105305250438 0.33372752910666487
9 931.0 0.0 -1.0 -1.0 -1.0 0.0 0.3509095504354147 0.31750832611830393 0.33158212344628124
9 932.0 0.0 -1.0 -1.0 -1.0 0.0 0.3558918763842117 0.313988940576073 0.33011918303971544
9 933.0 0.0 -1.0 -1.0 -1.0 0.0 0.3545667854608404 0.338130379757936 0.30730283478122344
9 934.0 0.0 -1.0 -1.0 -1.0 0.0 0.3349414654625896 0.3531201399259639 0.3119383946114463
9 935.0 0.0 -1.0 -1.0 -1.0 0.0 0.3555610693740124 0.3408111136905639 0.3036278169354237
9 936.0 0.0 -1.0 -1.0 -1.0 0.0 0.3586666049212379 0.33433321153982454 0.30700018353893765
9 937.0 0.0 -1.0 -1.0 -1.0 0.0 0.36334930356992085 0.3473223158623879 0.2893283805676915
9 938.0 0.0 -1.0 -1.0 -1.0 0.0 0.35184620663092564 0.33990266565886196 0.30825112771021246
9 939.0 0.0 -1.0 -1.0 -1.0 0.0 0.3314093925187096 0.35970269564651774 0.30888791183477243
9 940.0 0.0 -1.0 -1.0 -1.0 0.0 0.3503321238906625 0.34823952242682116 0.30142835368251636
9 941.0 0.0 -1.0 -1.0 -1.0 0.0 0.3625395931377114 0.3162224347238136 0.32123797213847494
9 942.0 0.0 -1.0 -1.0 -1.0 0.0 0.36178427503149857 0.32013641638589746 0.3180793085826041
9 943.0 0.0 -1.0 -1.0 -1.0 0.0 0.34538810911613793 0.3139241224921748 0.34068776839168735
9 944.0 0.0 -1.0 -1.0 -1.0 0.0 0.3181582304687085 0.3161812328807116 0.36566053665058007
9 945.0 0.0 -1.0 -1.0 -1.0 0.0 0.32899049793887075 0.31835300878081635 0.35265649328031273
9 946.0 0.0 -1.0 -1.0 -1.0 0.0 0.3117404498887151 0.31552035206307916 0.37273919804820577
9 947.0 0.0 -1.0 -1.0 -1.0 0.0 0.30467532255961155 0.3065848583440488 0.3887398190963397
9 948.0 0.0 -1.0 -1.0 -1.0 0.0 0.33394466592559224 0.325620298849903 0.340435035224505
9 949.0 0.0 -1.0 -1.0 -1.0 0.0 0.30958911265567707 0.3502989462700091 0.3401119410743139
9 950.0 0.0 -1.0 -1.0 -1.0 0.0 0.30675211926769586 0.3588112145242758 0.3344366662080286
9 951.0 0.0 -1.0 -1.0 -1.0 0.0 0.3185174421628932 0.36699041348570366 0.3144921443514032
9 952.0 0.0 -1.0 -1.0 -1.0 0.0 0.32275329121047813 0.37328962703904367 0.3039570817504785
9 953.0 0.0 -1.0 -1.0 -1.0 0.0 0.32547443438726076 0.3790026611585895 0.29552290445414964
9 954.0 0.0 -1.0 -1.0 -1.0 0.0 0.316253077700075 0.37103683061264514 0.3127100916872798
9 955.0 0.0 -1.0 -1.0 -1.0 0.0 0.33601292273774575 0.3781526925133778 0.2858343847488765
9 956.0 0.0 -1.0 -1.0 -1.0 0.0 0.32543452324486016 0.38539507507214177 0.2891704016829981
9 957.0 0.0 -1.0 -1.0 -1.0 0.0 0.33426519923031306 0.36643274246413954 0.29930205830554724
9 958.0 0.0 -1.0 -1.0 -1.0 0.0 0.33045786752202816 0.38456480295971845 0.28497732951825366
9 959.0 0.0 -1.0 -1.0 -1.0 0.0 0.3244034722118041 0.38048859488336284 0.2951079329048329
9 960.0 0.0 -1.0 -1.0 -1.0 0.0 0.32104754293219734 0.3854206074657325 0.29353184960207007
9 961.0 0.0 -1.0 -1.0 -1.0 0.0 0.3399810524876416 0.3883035858516161 0.2717153616607424
9 962.0 0.0 -1.0 -1.0 -1.0 0.0 0.33214924997047474 0.3483437156016742 0.3195070344278511
9 963.0 0.0 -1.0 -1.0 -1.0 0.0 0.35483100405982215 0.3198673285898913 0.3253016673502867
9 964.0 0.0 -1.0 -1.0 -1.0 0.0 0.36117541092757927 0.3080384601425232 0.33078612892989767
9 965.0 0.0 -1.0 -1.0 -1.0 0.0 0.35060626894298347 0.3123833434674601 0.33701038758955676
9 966.0 0.0 -1.0 -1.0 -1.0 0.0 0.35175363985434027 0.30665818771958553 0.3415881724260742
9 967.0 0.0 -1.0 -1.0 -1.0 0.0 0.3192302524111469 0.3002127229456165 0.38055702464323654
9 968.0 0.0 -1.0 -1.0 -1.0 0.0 0.3365660006821318 0.3061519907398668 0.35728200857800163
9 969.0 0.0 -1.0 -1.0 -1.0 0.0 0.3390425784479014 0.30358816186627524 0.35736925968582317
9 970.0 0.0 -1.0 -1.0 -1.0 0.0 0.3447562296177476 0.30416151745963516 0.3510822529226173
9 971.0 0.0 -1.0 -1.0 -1.0 0.0 0.3440786987159355 0.31463798627036904 0.34128331501369563
9 972.0 0.0 -1.0 -1.0 -1.0 0.0 0.3393334296828607 0.3116863148282356 0.3489802554889038
9 973.0 0.0 -1.0 -1.0 -1.0 0.0 0.36970981799019575 0.2860022506670994 0.3442879313427049
9 974.0 0.0 -1.0 -1.0 -1.0 0.0 0.36061678872830016 0.2939855138894828 0.34539769738221693
9 975.0 0.0 -1.0 -1.0 -1.0 0.0 0.3574862462917327 0.287214692109453 0.35529906159881414
9 976.0 0.0 -1.0 -1.0 -1.0 0.0 0.337368001839952 0.30841109813331946 0.3542209000267286
9 977.0 0.0 -1.0 -1.0 -1.0 0.0 0.3354290023198597 0.31623608541450904 0.3483349122656312
9 978.0 0.0 -1.0 -1.0 -1.0 0.0 0.3403076283540476 0.3162377253601772 0.34345464628577554
9 979.0 0.0 -1.0 -1.0 -1.0 0.0 0.33951672168840724 0.3255208372736391 0.3349624410379537
9 980.0 0.0 -1.0 -1.0 -1.0 0.0 0.34632887917907934 0.32136477602510993 0.3323063447958108
9 981.0 0.0 -1.0 -1.0 -1.0 0.0 0.3257397539047951 0.3381238894072727 0.3361363566879321
9 982.0 0.0 -1.0 -1.0 -1.0 0.0 0.32452500343213225 0.3352137837017105 0.3402612128661573
9 983.0 0.0 -1.0 -1.0 -1.0 0.0 0.344276758625856 0.3246818478830024 0.3310413934911417
9 984.0 0.0 -1.0 -1.0 -1.0 0.0 0.34915602815702684 0.32976504766150455 0.32107892418146844
9 985.0 0.0 -1.0 -1.0 -1.0 0.0 0.35660438826231855 0.3333971678602608 0.3099984438774205
9 986.0 0.0 -1.0 -1.0 -1.0 0.0 0.3245362682418169 0.370366099838383 0.30509763191980005
9 987.0 0.0 -1.0 -1.0 -1.0 0.0 0.3058833053624136 0.3558858212712109 0.3382308733663756
9 988.0 0.0 -1.0 -1.0 -1.0 0.0 0.31480632703717065 0.3560405654347505 0.329153107528079
9 989.0 0.0 -1.0 -1.0 -1.0 0.0 0.32618763127382644 0.34066002146624613 0.33315234725992776
9 990.0 0.0 -1.0 -1.0 -1.0 0.0 0.3367479677777729 0.3256847973598266 0.33756723486240053
9 991.0 0.0 -1.0 -1.0 -1.0 0.0 0.3387699136824519 0.3260908384632166 0.33513924785433136
9 992.0 0.0 -1.0 -1.0 -1.0 0.0 0.3301693136178706 0.32405602357957813 0.3457746628025513
9 993.0 0.0 -1.0 -1.0 -1.0 0.0 0.3332787224886636 0.34781395268650506 0.3189073248248316
9 994.0 0.0 -1.0 -1.0 -1.0 0.0 0.3059925840028123 0.34613736341390305 0.3478700525832846
9 995.0 0.0 -1.0 -1.0 -1.0 0.0 0.30470678383263544 0.34935182529856634 0.34594139086879844
9 996.0 0.0 -1.0 -1.0 -1.0 0.0 0.29408284057901346 0.3495084832179908 0.3564086762029956
9 997.0 0.0 -1.0 -1.0 -1.0 0.0 0.30172932845948497 0.36063402918206194 0.337636642358453
9 998.0 0.0 -1.0 -1.0 -1.0 0.0 0.2944074368926388 0.37760110007995806 0.32799146302740323
9 999.0 0.0 -1.0 -1.0 -1.0 0.0 0.29804470504979463 0.3777315956463162 0.32422369930388906
9 1000.0 0.0 -1.0 -1.0 -1.0 0.0 0.3159042263229145 0.3643768144549919 0.31971895922209365
1000000000000000000000000000000000000000000000000000000000000000000000000000000000000000000000000000
-1.0
solo con 1: -100.0
