9 0.0 44.0 -40.0 -160.0 -99.6 49.53093105639275 0.3333333333333333 0.3333333333333333 0.3333333333333333
9 1.0 44.0 -40.0 -156.0 -79.93 45.71966731941494 0.3194523299503808 0.27655751539682116 0.4039901546527981
9 2.0 27.0 -39.0 -156.0 -69.33 41.05011841910109 0.274124775256743 0.24349182750720696 0.48238339723605017
9 3.0 44.0 -38.0 -156.0 -59.18 35.04870492859498 0.239431773665053 0.21075704541405368 0.5498111809208932
9 4.0 37.0 -33.0 -156.0 -53.76 32.02307249027132 0.22315663511881415 0.18107682826677138 0.5957665366144148
9 5.0 42.0 -32.0 -156.0 -50.24 31.65569825992205 0.21691142903872138 0.15575749184610452 0.6273310791151743
9 6.0 42.0 -29.0 -156.0 -42.43 22.609220877484223 0.191760260338542 0.14802284200056776 0.6602168976608901
9 7.0 47.0 -28.0 -156.0 -38.32 20.0815911478723 0.1849158579606353 0.1249079439249922 0.6901761981143728
9 8.0 29.0 -27.0 -156.0 -35.22 20.384971687669093 0.1678347045419077 0.1187083732225161 0.7134569222355761
9 9.0 2.0 -25.0 -142.0 -30.68 11.994005236623897 0.16826433952400052 0.11573348371284968 0.7160021767631498
9 10.0 43.0 -22.0 -142.0 -28.59 11.859527133844066 0.14762068259965833 0.10652270856065243 0.745856608839689
9 11.0 9.0 -22.0 -55.0 -26.31 4.305727920955173 0.15655729855485936 0.11204114305050666 0.731401558394634
9 12.0 9.0 -17.0 -54.0 -24.76 3.885013942488927 0.1630123773567945 0.10389737189588306 0.7330902507473227
9 13.0 9.0 -17.0 -54.0 -23.02 4.2115281902142945 0.17664018124678765 0.10009470378469881 0.7232651149685136
9 14.0 20.0 -16.0 -29.0 -21.05 2.467465063254967 0.1712192727486611 0.0853118622063423 0.7434688650449965
9 15.0 64.0 -14.0 -29.0 -19.41 2.470410753888772 0.14424581023376426 0.09118129035753428 0.764572899408701
9 16.0 51.0 -12.0 -29.0 -17.52 2.638028036089062 0.12736351094707385 0.09520437002262329 0.7774321190303032
9 17.0 2.0 -12.0 -25.0 -15.56 2.0514591998099427 0.12381714573162146 0.09389444890937801 0.7822884053590003
9 18.0 56.0 -11.0 -25.0 -14.26 1.9520514979131702 0.12703453475053095 0.09328811642859262 0.7796773488208766
9 19.0 68.0 -9.0 -17.0 -12.85 1.3807844352271847 0.13022090386896243 0.10086617284414544 0.7689129232868919
9 20.0 5.0 -9.0 -16.0 -11.68 1.3989895343324468 0.1378397582448501 0.10064599790099296 0.7615142438541569
9 21.0 4.0 -8.0 -15.0 -10.49 1.4389600621998033 0.125070973647598 0.09740708011056123 0.777521946241841
9 22.0 49.0 -6.0 -15.0 -9.19 1.4333333333333336 0.11280239379419335 0.1089945126904912 0.7782030935153156
9 23.0 22.0 -5.0 -12.0 -8.08 1.2117272086913082 0.11351614707178659 0.10646643532394352 0.7800174176042703
9 24.0 20.0 -4.0 -12.0 -7.12 1.2892719737209135 0.12167292129985219 0.09469701266923483 0.7836300660309129
9 25.0 20.0 -4.0 -12.0 -6.15 1.2900160518929262 0.11462957653594603 0.08885194829865631 0.7965184751653978
9 26.0 6.0 -4.0 -12.0 -5.27 1.2131851391350714 0.11336610936575613 0.08415319969090508 0.802480690943339
9 27.0 10.0 -2.0 -12.0 -4.24 1.3113336568531897 0.10434926790994091 0.0818048603387102 0.8138458717513489
9 28.0 19.0 -1.0 -12.0 -3.31 1.3080558478177087 0.10574165040605124 0.09673497661676457 0.7975233729771845
9 29.0 0.0 -1.0 -6.0 -2.54 0.9579017473497783 0.10748103688438972 0.11589717605537825 0.7766217870602321
9 30.0 0.0 -1.0 -6.0 -1.85 0.8333333333333335 0.12122764488326132 0.12392374121190483 0.7548486139048336
9 31.0 0.0 -1.0 -6.0 -1.42 0.7272474743090477 0.14074038672195616 0.13092268632757073 0.7283369269504734
9 32.0 0.0 -1.0 -3.0 -1.14 0.4025173313289776 0.17160122200056022 0.1479107144820726 0.6804880635173671
9 33.0 0.0 -1.0 -3.0 -1.08 0.30748244591432305 0.19600502439929066 0.18630729177610458 0.6176876838246046
9 34.0 0.0 -1.0 -2.0 -1.07 0.2564323999762429 0.2437036562324938 0.2385836206329274 0.5177127231345786
9 35.0 0.0 -1.0 -2.0 -1.04 0.1969463855669323 0.25499206531432433 0.25143399527917387 0.4935739394065019
9 36.0 0.0 -1.0 -1.0 -1.0 0.0 0.2759470306337052 0.2788054016386906 0.44524756772760393
9 37.0 0.0 -1.0 -1.0 -1.0 0.0 0.29110952164792486 0.30735316522235895 0.40153731312971597
9 38.0 0.0 -1.0 -1.0 -1.0 0.0 0.3044264416580512 0.29382931116968536 0.4017442471722633
9 39.0 0.0 -1.0 -1.0 -1.0 0.0 0.30060116821727506 0.3091682748165057 0.3902305569662191
9 40.0 0.0 -1.0 -1.0 -1.0 0.0 0.3141148518735452 0.3073059407106047 0.3785792074158501
9 41.0 0.0 -1.0 -1.0 -1.0 0.0 0.33480829830698816 0.3039090222574602 0.3612826794355514
9 42.0 0.0 -1.0 -1.0 -1.0 0.0 0.31886755742830714 0.3134437527261057 0.3676886898455872
9 43.0 0.0 -1.0 -1.0 -1.0 0.0 0.32090473058739405 0.28868294226176056 0.3904123271508453
9 44.0 0.0 -1.0 -1.0 -1.0 0.0 0.3306228361820609 0.32126176002331586 0.3481154037946233
9 45.0 0.0 -1.0 -1.0 -1.0 0.0 0.34632512398578763 0.3271807719146757 0.32649410409953644
9 46.0 0.0 -1.0 -1.0 -1.0 0.0 0.3193034519131148 0.3343472924792675 0.3463492556076176
9 47.0 0.0 -1.0 -1.0 -1.0 0.0 0.321538154558082 0.3226720409256064 0.3557898045163117
9 48.0 0.0 -1.0 -1.0 -1.0 0.0 0.28979367801510414 0.3613896511529917 0.34881667083190426
9 49.0 0.0 -1.0 -1.0 -1.0 0.0 0.3033817219298737 0.37080829542930455 0.3258099826408216
9 50.0 0.0 -1.0 -1.0 -1.0 0.0 0.3050723880486961 0.3680628529318137 0.32686475901948997
9 51.0 0.0 -1.0 -1.0 -1.0 0.0 0.3218224640454597 0.3495042080175132 0.32867332793702725
9 52.0 0.0 -1.0 -1.0 -1.0 0.0 0.3083255864831223 0.3362216507819874 0.35545276273489007
9 53.0 0.0 -1.0 -1.0 -1.0 0.0 0.3178124130311281 0.32841765707125653 0.3537699298976152
9 54.0 0.0 -1.0 -1.0 -1.0 0.0 0.3444867678630471 0.3473973163751159 0.30811591576183717
9 55.0 0.0 -1.0 -1.0 -1.0 0.0 0.33814144907604515 0.31983410451117494 0.3420244464127802
9 56.0 0.0 -1.0 -1.0 -1.0 0.0 0.30460879740029434 0.3233183172972573 0.37207288530244825
9 57.0 0.0 -1.0 -1.0 -1.0 0.0 0.3250916242353306 0.3480666278316833 0.3268417479329861
9 58.0 0.0 -1.0 -1.0 -1.0 0.0 0.32615991539962985 0.32151143992721026 0.35232864467315994
9 59.0 0.0 -1.0 -1.0 -1.0 0.0 0.3458904565182147 0.3248322512302718 0.3292772922515137
9 60.0 0.0 -1.0 -1.0 -1.0 0.0 0.33687584471601334 0.3352520015448195 0.32787215373916717
9 61.0 0.0 -1.0 -1.0 -1.0 0.0 0.3183496276128962 0.3551097850265373 0.3265405873605666
9 62.0 0.0 -1.0 -1.0 -1.0 0.0 0.3008475584298773 0.35986671579287266 0.3392857257772499
9 63.0 0.0 -1.0 -1.0 -1.0 0.0 0.3026991040606506 0.34155782111064775 0.35574307482870177
9 64.0 0.0 -1.0 -1.0 -1.0 0.0 0.30778286888309236 0.3300487749087174 0.36216835620819027
9 65.0 0.0 -1.0 -1.0 -1.0 0.0 0.34322584522283833 0.3219399874966759 0.334834167280486
9 66.0 0.0 -1.0 -1.0 -1.0 0.0 0.34312583455135587 0.32436039542179124 0.3325137700268529
9 67.0 0.0 -1.0 -1.0 -1.0 0.0 0.32670988994924727 0.32840369982612616 0.34488641022462646
9 68.0 0.0 -1.0 -1.0 -1.0 0.0 0.3571064019395493 0.27173358369039824 0.3711600143700526
9 69.0 0.0 -1.0 -1.0 -1.0 0.0 0.3658938579421045 0.2877645507184179 0.34634159133947756
9 70.0 0.0 -1.0 -1.0 -1.0 0.0 0.3625471684990603 0.29277182432188537 0.34468100717905437
9 71.0 0.0 -1.0 -1.0 -1.0 0.0 0.3541858023597025 0.31006615033376855 0.33574804730652913
9 72.0 0.0 -1.0 -1.0 -1.0 0.0 0.3382977444876776 0.34211236096870506 0.3195898945436173
9 73.0 0.0 -1.0 -1.0 -1.0 0.0 0.3372621676859886 0.324168010990857 0.3385698213231541
9 74.0 0.0 -1.0 -1.0 -1.0 0.0 0.32390548515009654 0.33489512867277194 0.34119938617713125
9 75.0 0.0 -1.0 -1.0 -1.0 0.0 0.32938670990869434 0.3255512991471777 0.3450619909441279
9 76.0 0.0 -1.0 -1.0 -1.0 0.0 0.3034028278961194 0.35627670020234325 0.3403204719015372
9 77.0 0.0 -1.0 -1.0 -1.0 0.0 0.3265853897570796 0.3605643768309635 0.3128502334119567
9 78.0 0.0 -1.0 -1.0 -1.0 0.0 0.33302288180123296 0.3640073054926459 0.3029698127061212
9 79.0 0.0 -1.0 -1.0 -1.0 0.0 0.3302721189192945 0.3464241618836962 0.32330371919700956
9 80.0 0.0 -1.0 -1.0 -1.0 0.0 0.34906498159467647 0.3397142660887758 0.31122075231654794
9 81.0 0.0 -1.0 -1.0 -1.0 0.0 0.32447439764443553 0.3801611923594723 0.29536440999609204
9 82.0 0.0 -1.0 -1.0 -1.0 0.0 0.3037424841712589 0.3939692481950557 0.3022882676336855
9 83.0 0.0 -1.0 -1.0 -1.0 0.0 0.33209495999144634 0.37233122668823543 0.29557381332031857
9 84.0 0.0 -1.0 -1.0 -1.0 0.0 0.3355213303747242 0.38142668561460186 0.283051984010674
9 85.0 0.0 -1.0 -1.0 -1.0 0.0 0.31576869066473656 0.3672359682489697 0.31699534108629385
9 86.0 0.0 -1.0 -1.0 -1.0 0.0 0.3195932126566112 0.3791020555115607 0.3013047318318282
9 87.0 0.0 -1.0 -1.0 -1.0 0.0 0.3225852768915947 0.38935690730862654 0.28805781579977885
9 88.0 0.0 -1.0 -1.0 -1.0 0.0 0.3246138415163932 0.3590095357304473 0.3163766227531595
9 89.0 0.0 -1.0 -1.0 -1.0 0.0 0.3074090148468176 0.36539406571641286 0.3271969194367697
9 90.0 0.0 -1.0 -1.0 -1.0 0.0 0.33053902381647715 0.35261685717270025 0.31684411901082254
9 91.0 0.0 -1.0 -1.0 -1.0 0.0 0.3408620181471875 0.3447242532027435 0.314413728650069
9 92.0 0.0 -1.0 -1.0 -1.0 0.0 0.32926385134925346 0.3611251803782527 0.3096109682724936
9 93.0 0.0 -1.0 -1.0 -1.0 0.0 0.3550971821368061 0.3396446988645006 0.3052581189986935
9 94.0 0.0 -1.0 -1.0 -1.0 0.0 0.36854211275313015 0.3232610342675274 0.3081968529793427
9 95.0 0.0 -1.0 -1.0 -1.0 0.0 0.3669461721038498 0.3230331710356895 0.31002065686046065
9 96.0 0.0 -1.0 -1.0 -1.0 0.0 0.3678841408593184 0.3201025584618568 0.3120133006788248
9 97.0 0.0 -1.0 -1.0 -1.0 0.0 0.3430432137345043 0.3252722327124099 0.3316845535530858
9 98.0 0.0 -1.0 -1.0 -1.0 0.0 0.29998472445958285 0.34847732617062005 0.3515379493697971
9 99.0 0.0 -1.0 -1.0 -1.0 0.0 0.3118578686573948 0.3540159757214717 0.33412615562113357
9 100.0 0.0 -1.0 -1.0 -1.0 0.0 0.3211966162292098 0.3324891080158123 0.34631427575497786
9 101.0 0.0 -1.0 -1.0 -1.0 0.0 0.32767088052855314 0.320470402464137 0.35185871700730986
9 102.0 0.0 -1.0 -1.0 -1.0 0.0 0.3000142344299791 0.329820011159441 0.3701657544105798
9 103.0 0.0 -1.0 -1.0 -1.0 0.0 0.2973097918740123 0.34257938211174105 0.3601108260142466
9 104.0 0.0 -1.0 -1.0 -1.0 0.0 0.29936956365577405 0.3688913992963881 0.3317390370478378
9 105.0 0.0 -1.0 -1.0 -1.0 0.0 0.29291578056812095 0.3785475425438806 0.32853667688799826
9 106.0 0.0 -1.0 -1.0 -1.0 0.0 0.29095990896712864 0.370177368107683 0.33886272292518865
9 107.0 0.0 -1.0 -1.0 -1.0 0.0 0.29742223012443264 0.35338186063579735 0.34919590923976995
9 108.0 0.0 -1.0 -1.0 -1.0 0.0 0.3053470189072193 0.3488144979042761 0.3458384831885046
9 109.0 0.0 -1.0 -1.0 -1.0 0.0 0.31680418277810307 0.3496915858774527 0.33350423134444435
9 110.0 0.0 -1.0 -1.0 -1.0 0.0 0.35229105327209004 0.3293127935118361 0.31839615321607373
9 111.0 0.0 -1.0 -1.0 -1.0 0.0 0.3288958293717284 0.3401403142801665 0.3309638563481052
9 112.0 0.0 -1.0 -1.0 -1.0 0.0 0.36002932613449135 0.3138332588288069 0.3261374150367019
9 113.0 0.0 -1.0 -1.0 -1.0 0.0 0.36372885424765644 0.2883661584439533 0.34790498730839026
9 114.0 0.0 -1.0 -1.0 -1.0 0.0 0.34533739517000256 0.30788733502136245 0.3467752698086349
9 115.0 0.0 -1.0 -1.0 -1.0 0.0 0.35148136834216315 0.32760020325214156 0.3209184284056953
9 116.0 0.0 -1.0 -1.0 -1.0 0.0 0.3251827548220224 0.3554745484629062 0.31934269671507143
9 117.0 0.0 -1.0 -1.0 -1.0 0.0 0.3089312840762822 0.3806076799354722 0.3104610359882458
9 118.0 0.0 -1.0 -1.0 -1.0 0.0 0.3000416857453422 0.3588605275963104 0.34109778665834756
9 119.0 0.0 -1.0 -1.0 -1.0 0.0 0.3218661520293314 0.3558368219159416 0.3222970260547269
9 120.0 0.0 -1.0 -1.0 -1.0 0.0 0.3396725332972929 0.33232940333522665 0.32799806336748055
9 121.0 0.0 -1.0 -1.0 -1.0 0.0 0.3276628721251316 0.3309463421763411 0.34139078569852754
9 122.0 0.0 -1.0 -1.0 -1.0 0.0 0.3374075227828747 0.32295308040652493 0.33963939681060046
9 123.0 0.0 -1.0 -1.0 -1.0 0.0 0.3378402871089733 0.3289008725883079 0.33325884030271874
9 124.0 0.0 -1.0 -1.0 -1.0 0.0 0.34024058447052774 0.31617601271331297 0.34358340281615946
9 125.0 0.0 -1.0 -1.0 -1.0 0.0 0.3279056992221359 0.35624183888911465 0.3158524618887496
9 126.0 0.0 -1.0 -1.0 -1.0 0.0 0.32129510009667245 0.3944744041267193 0.28423049577660836
9 127.0 0.0 -1.0 -1.0 -1.0 0.0 0.31147392753377817 0.39158940327496594 0.2969366691912558
9 128.0 0.0 -1.0 -1.0 -1.0 0.0 0.3200441244874051 0.35381670210279487 0.3261391734097998
9 129.0 0.0 -1.0 -1.0 -1.0 0.0 0.3117324494651052 0.3344276009022298 0.353839949632665
9 130.0 0.0 -1.0 -1.0 -1.0 0.0 0.30337605507683363 0.35120785016362244 0.3454160947595438
9 131.0 0.0 -1.0 -1.0 -1.0 0.0 0.32262729204069246 0.33913462198978545 0.33823808596952204
9 132.0 0.0 -1.0 -1.0 -1.0 0.0 0.3242415077408304 0.3522830804095195 0.3234754118496499
9 133.0 0.0 -1.0 -1.0 -1.0 0.0 0.36532992151785487 0.33359909146089367 0.30107098702125135
9 134.0 0.0 -1.0 -1.0 -1.0 0.0 0.3589042697206009 0.3090948766192956 0.3320008536601038
9 135.0 0.0 -1.0 -1.0 -1.0 0.0 0.3581782066035257 0.3098020903045677 0.3320197030919067
9 136.0 0.0 -1.0 -1.0 -1.0 0.0 0.3674821167723074 0.29200470395392647 0.34051317927376606
9 137.0 0.0 -1.0 -1.0 -1.0 0.0 0.3501619262879918 0.3246679656191469 0.3251701080928613
9 138.0 0.0 -1.0 -1.0 -1.0 0.0 0.3548161505269773 0.3216707691690646 0.3235130803039584
9 139.0 0.0 -1.0 -1.0 -1.0 0.0 0.3286700336070648 0.34548816134006666 0.32584180505286847
9 140.0 0.0 -1.0 -1.0 -1.0 0.0 0.3274379127373057 0.34697763976837565 0.3255844474943187
9 141.0 0.0 -1.0 -1.0 -1.0 0.0 0.3425821913154412 0.3366320199918611 0.3207857886926975
9 142.0 0.0 -1.0 -1.0 -1.0 0.0 0.36431578287309024 0.31092031284242816 0.3247639042844818
9 143.0 0.0 -1.0 -1.0 -1.0 0.0 0.36880027971307244 0.30610293133570526 0.3250967889512223
9 144.0 0.0 -1.0 -1.0 -1.0 0.0 0.38005216295601024 0.29976644873353925 0.32018138831045073
9 145.0 0.0 -1.0 -1.0 -1.0 0.0 0.3786630395275099 0.29959168520900986 0.3217452752634802
9 146.0 0.0 -1.0 -1.0 -1.0 0.0 0.3674200723358719 0.2916889436920391 0.3408909839720893
9 147.0 0.0 -1.0 -1.0 -1.0 0.0 0.3758371531347393 0.3036108291818974 0.3205520176833632
9 148.0 0.0 -1.0 -1.0 -1.0 0.0 0.370167166475426 0.29943925999397025 0.33039357353060383
9 149.0 0.0 -1.0 -1.0 -1.0 0.0 0.3716208001952054 0.28740483906023045 0.3409743607445641
9 150.0 0.0 -1.0 -1.0 -1.0 0.0 0.38713693874459343 0.2856138864014463 0.3272491748539602
9 151.0 0.0 -1.0 -1.0 -1.0 0.0 0.36243833511583895 0.28706876151075006 0.35049290337341077
9 152.0 0.0 -1.0 -1.0 -1.0 0.0 0.3431168233261069 0.31149474775851405 0.3453884289153793
9 153.0 0.0 -1.0 -1.0 -1.0 0.0 0.33805846011376817 0.3263092551790953 0.3356322847071367
9 154.0 0.0 -1.0 -1.0 -1.0 0.0 0.3243238557035572 0.317892605284552 0.3577835390118906
9 155.0 0.0 -1.0 -1.0 -1.0 0.0 0.36606538631112023 0.29992813258347933 0.3340064811054003
9 156.0 0.0 -1.0 -1.0 -1.0 0.0 0.36755614190462765 0.3169462949742962 0.31549756312107613
9 157.0 0.0 -1.0 -1.0 -1.0 0.0 0.3473877982738248 0.3353864735576824 0.31722572816849287
9 158.0 0.0 -1.0 -1.0 -1.0 0.0 0.3403942086826376 0.36574836659727517 0.2938574247200875
9 159.0 0.0 -1.0 -1.0 -1.0 0.0 0.3395514428650792 0.354471242877528 0.3059773142573928
9 160.0 0.0 -1.0 -1.0 -1.0 0.0 0.33734737958568345 0.3496428945008772 0.313009725913439
9 161.0 0.0 -1.0 -1.0 -1.0 0.0 0.32399318923084947 0.37397163488798923 0.3020351758811613
9 162.0 0.0 -1.0 -1.0 -1.0 0.0 0.32019315200406395 0.37584207491286425 0.30396477308307185
9 163.0 0.0 -1.0 -1.0 -1.0 0.0 0.32065384124867885 0.3665454193393962 0.31280073941192543
9 164.0 0.0 -1.0 -1.0 -1.0 0.0 0.30506369207903533 0.38466842703628545 0.3102678808846793
9 165.0 0.0 -1.0 -1.0 -1.0 0.0 0.3059032446479599 0.39528653415660264 0.29881022119543776
9 166.0 0.0 -1.0 -1.0 -1.0 0.0 0.3389432950689269 0.3539094917606766 0.30714721317039667
9 167.0 0.0 -1.0 -1.0 -1.0 0.0 0.361148029857914 0.35082061808907006 0.288031352053016
9 168.0 0.0 -1.0 -1.0 -1.0 0.0 0.34133814897783665 0.3558228306430873 0.30283902037907606
9 169.0 0.0 -1.0 -1.0 -1.0 0.0 0.3409834523819736 0.36683401992659914 0.2921825276914275
9 170.0 0.0 -1.0 -1.0 -1.0 0.0 0.3136769553975987 0.3487145075604763 0.3376085370419248
9 171.0 0.0 -1.0 -1.0 -1.0 0.0 0.30458864278365083 0.3441442154975053 0.3512671417188438
9 172.0 0.0 -1.0 -1.0 -1.0 0.0 0.3192772667095037 0.3200855099330252 0.36063722335747117
9 173.0 0.0 -1.0 -1.0 -1.0 0.0 0.309064015079709 0.30260454185876057 0.38833144306153045
9 174.0 0.0 -1.0 -1.0 -1.0 0.0 0.2989870340514463 0.3112543790498132 0.3897585868987404
9 175.0 0.0 -1.0 -1.0 -1.0 0.0 0.31821519457292496 0.3203611461376869 0.36142365928938813
9 176.0 0.0 -1.0 -1.0 -1.0 0.0 0.32085463922678265 0.32228692818086463 0.3568584325923527
9 177.0 0.0 -1.0 -1.0 -1.0 0.0 0.319048464822667 0.31480947910874724 0.3661420560685859
9 178.0 0.0 -1.0 -1.0 -1.0 0.0 0.31353317814097204 0.3435367028972245 0.3429301189618035
9 179.0 0.0 -1.0 -1.0 -1.0 0.0 0.3000721027823801 0.33812057149351454 0.36180732572410557
9 180.0 0.0 -1.0 -1.0 -1.0 0.0 0.2950858988101391 0.3375518486195541 0.3673622525703064
9 181.0 0.0 -1.0 -1.0 -1.0 0.0 0.2904442313294322 0.36889342609922693 0.34066234257134087
9 182.0 0.0 -1.0 -1.0 -1.0 0.0 0.2991077778401715 0.3684859967358233 0.33240622542400516
9 183.0 0.0 -1.0 -1.0 -1.0 0.0 0.29464692641816426 0.38052071965519446 0.324832353926641
9 184.0 0.0 -1.0 -1.0 -1.0 0.0 0.3137134837095876 0.365394815472421 0.3208917008179914
9 185.0 0.0 -1.0 -1.0 -1.0 0.0 0.3019172547876461 0.36440821485979247 0.3336745303525614
9 186.0 0.0 -1.0 -1.0 -1.0 0.0 0.2990937563586369 0.39774328944647513 0.30316295419488815
9 187.0 0.0 -1.0 -1.0 -1.0 0.0 0.2906870805601917 0.3926759982392901 0.31663692120051795
9 188.0 0.0 -1.0 -1.0 -1.0 0.0 0.3033325840596407 0.36552840347230203 0.3311390124680576
9 189.0 0.0 -1.0 -1.0 -1.0 0.0 0.3346466319324002 0.3505720799852594 0.31478128808234035
9 190.0 0.0 -1.0 -1.0 -1.0 0.0 0.34290368468832194 0.3624473524623496 0.2946489628493286
9 191.0 0.0 -1.0 -1.0 -1.0 0.0 0.34208534470423557 0.34891394473854503 0.3090007105572191
9 192.0 0.0 -1.0 -1.0 -1.0 0.0 0.3261540816382707 0.36222934289091724 0.3116165754708121
9 193.0 0.0 -1.0 -1.0 -1.0 0.0 0.32036696388238434 0.38012566289984717 0.2995073732177686
9 194.0 0.0 -1.0 -1.0 -1.0 0.0 0.3427513661632443 0.3568161051320473 0.30043252870470843
9 195.0 0.0 -1.0 -1.0 -1.0 0.0 0.3394228575510173 0.3631482955579399 0.2974288468910426
9 196.0 0.0 -1.0 -1.0 -1.0 0.0 0.34901310673264474 0.35582526724501984 0.2951616260223356
9 197.0 0.0 -1.0 -1.0 -1.0 0.0 0.37236573838978027 0.34132666426220426 0.2863075973480154
9 198.0 0.0 -1.0 -1.0 -1.0 0.0 0.375725966724448 0.3269020974950565 0.2973719357804955
9 199.0 0.0 -1.0 -1.0 -1.0 0.0 0.3278504248716525 0.3408495361101715 0.331300039018176
9 200.0 0.0 -1.0 -1.0 -1.0 0.0 0.32890280045111203 0.3361327916911497 0.3349644078577383
9 201.0 0.0 -1.0 -1.0 -1.0 0.0 0.3350625786796919 0.32416857366450746 0.3407688476558007
9 202.0 0.0 -1.0 -1.0 -1.0 0.0 0.333097000459938 0.31284606312102836 0.3540569364190336
9 203.0 0.0 -1.0 -1.0 -1.0 0.0 0.3223828964054904 0.3563558932854909 0.32126121030901894
9 204.0 0.0 -1.0 -1.0 -1.0 0.0 0.3279393303027575 0.3566534185297334 0.31540725116750906
9 205.0 0.0 -1.0 -1.0 -1.0 0.0 0.32068132619272793 0.35207544278128794 0.3272432310259841
9 206.0 0.0 -1.0 -1.0 -1.0 0.0 0.34075951894793116 0.3350884888481423 0.3241519922039266
9 207.0 0.0 -1.0 -1.0 -1.0 0.0 0.36632091840538494 0.3088193760650641 0.3248597055295509
9 208.0 0.0 -1.0 -1.0 -1.0 0.0 0.39230475597960024 0.319192558672425 0.28850268534797485
9 209.0 0.0 -1.0 -1.0 -1.0 0.0 0.3834771373466128 0.3242009982069366 0.29232186444645064
9 210.0 0.0 -1.0 -1.0 -1.0 0.0 0.371715209468482 0.3503972710776444 0.27788751945387363
9 211.0 0.0 -1.0 -1.0 -1.0 0.0 0.38459063329816273 0.3160748641902387 0.2993345025115987
9 212.0 0.0 -1.0 -1.0 -1.0 0.0 0.3864539989879416 0.3231988413662104 0.2903471596458478
9 213.0 0.0 -1.0 -1.0 -1.0 0.0 0.35973435525300446 0.3254622698015938 0.31480337494540167
9 214.0 0.0 -1.0 -1.0 -1.0 0.0 0.32140796942657074 0.3385919361668411 0.34000009440658824
9 215.0 0.0 -1.0 -1.0 -1.0 0.0 0.33128586321489173 0.3492030098239129 0.31951112696119505
9 216.0 0.0 -1.0 -1.0 -1.0 0.0 0.3412594194278503 0.3328415458003971 0.32589903477175247
9 217.0 0.0 -1.0 -1.0 -1.0 0.0 0.3373014307715935 0.31082073046816766 0.3518778387602388
9 218.0 0.0 -1.0 -1.0 -1.0 0.0 0.3006830377417411 0.32212559570655896 0.3771913665516999
9 219.0 0.0 -1.0 -1.0 -1.0 0.0 0.31178602296256286 0.33968634840433615 0.3485276286331009
9 220.0 0.0 -1.0 -1.0 -1.0 0.0 0.3273655174337113 0.3508486113707342 0.32178587119555446
9 221.0 0.0 -1.0 -1.0 -1.0 0.0 0.3324891362673956 0.3484921469708259 0.31901871676177856
9 222.0 0.0 -1.0 -1.0 -1.0 0.0 0.3525335174608515 0.32494485806561174 0.32252162447353655
9 223.0 0.0 -1.0 -1.0 -1.0 0.0 0.35992726776089945 0.3263921904360402 0.3136805418030601
9 224.0 0.0 -1.0 -1.0 -1.0 0.0 0.34059921078001126 0.33196817072083024 0.32743261849915867
9 225.0 0.0 -1.0 -1.0 -1.0 0.0 0.3138542797472447 0.3118003750485844 0.3743453452041707
9 226.0 0.0 -1.0 -1.0 -1.0 0.0 0.3476879013827354 0.3104162662304326 0.34189583238683185
9 227.0 0.0 -1.0 -1.0 -1.0 0.0 0.3370435305053067 0.33071821443068516 0.33223825506400817
9 228.0 0.0 -1.0 -1.0 -1.0 0.0 0.3526895225901567 0.3048568887306343 0.3424535886792092
9 229.0 0.0 -1.0 -1.0 -1.0 0.0 0.3398820529562952 0.313466058877506 0.34665188816619863
9 230.0 0.0 -1.0 -1.0 -1.0 0.0 0.34380866204849553 0.35727013742422953 0.29892120052727494
9 231.0 0.0 -1.0 -1.0 -1.0 0.0 0.35120475670215 0.34020898974245883 0.3085862535553911
9 232.0 0.0 -1.0 -1.0 -1.0 0.0 0.3651956335393171 0.34413012515659785 0.2906742413040853
9 233.0 0.0 -1.0 -1.0 -1.0 0.0 0.3151849302899991 0.37227817535399355 0.31253689435600723
9 234.0 0.0 -1.0 -1.0 -1.0 0.0 0.3250009150960695 0.3888253964745565 0.2861736884293739
9 235.0 0.0 -1.0 -1.0 -1.0 0.0 0.3339522425084852 0.36889281089551096 0.29715494659600367
9 236.0 0.0 -1.0 -1.0 -1.0 0.0 0.33038727805660834 0.3592028458267602 0.3104098761166316
9 237.0 0.0 -1.0 -1.0 -1.0 0.0 0.33356034377344335 0.3215170964128514 0.3449225598137052
9 238.0 0.0 -1.0 -1.0 -1.0 0.0 0.3446087473355368 0.33155354809199644 0.3238377045724669
9 239.0 0.0 -1.0 -1.0 -1.0 0.0 0.33143459371936324 0.32576529790539865 0.34280010837523806
9 240.0 0.0 -1.0 -1.0 -1.0 0.0 0.33361461151948874 0.3220726343333595 0.3443127541471517
9 241.0 0.0 -1.0 -1.0 -1.0 0.0 0.34938698082513686 0.2954543820944112 0.3551586370804516
9 242.0 0.0 -1.0 -1.0 -1.0 0.0 0.3400814272555482 0.3058975344480111 0.3540210382964404
9 243.0 0.0 -1.0 -1.0 -1.0 0.0 0.3314799960675102 0.30814491842940367 0.3603750855030863
9 244.0 0.0 -1.0 -1.0 -1.0 0.0 0.32619526409435545 0.3297713062907413 0.3440334296149033
9 245.0 0.0 -1.0 -1.0 -1.0 0.0 0.31441220666244085 0.3342649700927673 0.35132282324479197
9 246.0 0.0 -1.0 -1.0 -1.0 0.0 0.2991502794194493 0.3207290879626929 0.38012063261785767
9 247.0 0.0 -1.0 -1.0 -1.0 0.0 0.2919113442337713 0.33923502399856426 0.36885363176766445
9 248.0 0.0 -1.0 -1.0 -1.0 0.0 0.30367721413661586 0.3346687547301159 0.3616540311332681
9 249.0 0.0 -1.0 -1.0 -1.0 0.0 0.3512109503440314 0.32690761883105474 0.3218814308249138
9 250.0 0.0 -1.0 -1.0 -1.0 0.0 0.3645210674675489 0.3173225938296863 0.31815633870276455
9 251.0 0.0 -1.0 -1.0 -1.0 0.0 0.3507242297574106 0.3269704747679622 0.3223052954746271
9 252.0 0.0 -1.0 -1.0 -1.0 0.0 0.3556323447292039 0.3244884168742063 0.31987923839658994
9 253.0 0.0 -1.0 -1.0 -1.0 0.0 0.3471747079147395 0.3112973607815024 0.341527931303758
9 254.0 0.0 -1.0 -1.0 -1.0 0.0 0.3579791099141577 0.3241603726912331 0.3178605173946092
9 255.0 0.0 -1.0 -1.0 -1.0 0.0 0.353102137108473 0.3327643391127147 0.31413352377881243
9 256.0 0.0 -1.0 -1.0 -1.0 0.0 0.350178823505878 0.3353882839924701 0.31443289250165213
9 257.0 0.0 -1.0 -1.0 -1.0 0.0 0.36771919243977513 0.3316680020273538 0.3006128055328712
9 258.0 0.0 -1.0 -1.0 -1.0 0.0 0.3677392353440893 0.326249567786301 0.30601119686960954
9 259.0 0.0 -1.0 -1.0 -1.0 0.0 0.3375956166549823 0.36514417764045115 0.29726020570456685
9 260.0 0.0 -1.0 -1.0 -1.0 0.0 0.3193504837373234 0.3633459163314255 0.3173035999312512
9 261.0 0.0 -1.0 -1.0 -1.0 0.0 0.32626167428037883 0.36865404881667296 0.30508427690294815
9 262.0 0.0 -1.0 -1.0 -1.0 0.0 0.33224069506477144 0.3860783157598735 0.281680989175355
9 263.0 0.0 -1.0 -1.0 -1.0 0.0 0.3398003432166046 0.37006722047761975 0.29013243630577573
9 264.0 0.0 -1.0 -1.0 -1.0 0.0 0.33043263691100383 0.3529484091618888 0.3166189539271072
9 265.0 0.0 -1.0 -1.0 -1.0 0.0 0.3507742814784896 0.3309697546469171 0.31825596387459326
9 266.0 0.0 -1.0 -1.0 -1.0 0.0 0.33939999021095885 0.32070153119857475 0.33989847859046657
9 267.0 0.0 -1.0 -1.0 -1.0 0.0 0.3382040241199414 0.3368880034047011 0.3249079724753577
9 268.0 0.0 -1.0 -1.0 -1.0 0.0 0.3350080535230169 0.3389070435440374 0.32608490293294573
9 269.0 0.0 -1.0 -1.0 -1.0 0.0 0.3291486711404573 0.32781307245226016 0.3430382564072821
9 270.0 0.0 -1.0 -1.0 -1.0 0.0 0.3218541764069734 0.3219446928831089 0.35620113070991755
9 271.0 0.0 -1.0 -1.0 -1.0 0.0 0.34014622701130875 0.31281041383755964 0.34704335915113177
9 272.0 0.0 -1.0 -1.0 -1.0 0.0 0.32966941786190157 0.3053418859130572 0.36498869622504093
9 273.0 0.0 -1.0 -1.0 -1.0 0.0 0.3387303463018705 0.30761327274606853 0.35365638095206103
9 274.0 0.0 -1.0 -1.0 -1.0 0.0 0.35202494271850404 0.28269311744633024 0.36528193983516566
9 275.0 0.0 -1.0 -1.0 -1.0 0.0 0.3506136419565472 0.2783878264188029 0.3709985316246503
9 276.0 0.0 -1.0 -1.0 -1.0 0.0 0.33672273711733136 0.31275480674679285 0.3505224561358757
9 277.0 0.0 -1.0 -1.0 -1.0 0.0 0.3114503983680064 0.32673007026764955 0.36181953136434414
9 278.0 0.0 -1.0 -1.0 -1.0 0.0 0.31057206163979384 0.3160807756468616 0.37334716271334467
9 279.0 0.0 -1.0 -1.0 -1.0 0.0 0.29752312695797456 0.3317676994335589 0.37070917360846667
9 280.0 0.0 -1.0 -1.0 -1.0 0.0 0.2933348789694984 0.34947383943696286 0.3571912815935384
9 281.0 0.0 -1.0 -1.0 -1.0 0.0 0.3148048281665165 0.3317034980935859 0.3534916737398975
9 282.0 0.0 -1.0 -1.0 -1.0 0.0 0.32899887638130665 0.3311264441388127 0.3398746794798806
9 283.0 0.0 -1.0 -1.0 -1.0 0.0 0.3286070338243345 0.32425967883719387 0.34713328733847176
9 284.0 0.0 -1.0 -1.0 -1.0 0.0 0.32622266072937833 0.32797344422418 0.34580389504644166
9 285.0 0.0 -1.0 -1.0 -1.0 0.0 0.30799992878411336 0.3510042638891057 0.34099580732678086
9 286.0 0.0 -1.0 -1.0 -1.0 0.0 0.32715830584910877 0.34474004995719804 0.32810164419369314
9 287.0 0.0 -1.0 -1.0 -1.0 0.0 0.33222678118594723 0.3473986570209592 0.32037456179309387
9 288.0 0.0 -1.0 -1.0 -1.0 0.0 0.3287587589308581 0.34958817436233935 0.3216530667068025
9 289.0 0.0 -1.0 -1.0 -1.0 0.0 0.3291365742119037 0.3230781703069293 0.3477852554811672
9 290.0 0.0 -1.0 -1.0 -1.0 0.0 0.3347514385831982 0.3215391754375186 0.34370938597928313
9 291.0 0.0 -1.0 -1.0 -1.0 0.0 0.34590395396423895 0.32641647412593444 0.32767957190982666
9 292.0 0.0 -1.0 -1.0 -1.0 0.0 0.3257104877846224 0.322131710973514 0.3521578012418635
9 293.0 0.0 -1.0 -1.0 -1.0 0.0 0.30545994713302976 0.34446859634573407 0.3500714565212363
9 294.0 0.0 -1.0 -1.0 -1.0 0.0 0.3382837748742978 0.3296815271980188 0.33203469792768314
9 295.0 0.0 -1.0 -1.0 -1.0 0.0 0.33704226991454583 0.3309672086067676 0.33199052147868635
9 296.0 0.0 -1.0 -1.0 -1.0 0.0 0.3357021497818769 0.33368800469625703 0.3306098455218661
9 297.0 0.0 -1.0 -1.0 -1.0 0.0 0.3343054098686297 0.34077454074479685 0.3249200493865734
9 298.0 0.0 -1.0 -1.0 -1.0 0.0 0.3277928662894291 0.34837691546298877 0.3238302182475819
9 299.0 0.0 -1.0 -1.0 -1.0 0.0 0.3181011815526599 0.35321523341436595 0.3286835850329741
9 300.0 0.0 -1.0 -1.0 -1.0 0.0 0.3364073518811292 0.354220929264353 0.3093717188545181
9 301.0 0.0 -1.0 -1.0 -1.0 0.0 0.3483471818408262 0.35467005861438416 0.29698275954478937
9 302.0 0.0 -1.0 -1.0 -1.0 0.0 0.3474254920540528 0.3461681836287209 0.306406324317226
9 303.0 0.0 -1.0 -1.0 -1.0 0.0 0.334795127745552 0.33346702862717514 0.3317378436272728
9 304.0 0.0 -1.0 -1.0 -1.0 0.0 0.3179100697802582 0.3242953417431574 0.35779458847658446
9 305.0 0.0 -1.0 -1.0 -1.0 0.0 0.3140458774034211 0.3186065387911792 0.36734758380539956
9 306.0 0.0 -1.0 -1.0 -1.0 0.0 0.3350862447034702 0.31060328213933036 0.3543104731571995
9 307.0 0.0 -1.0 -1.0 -1.0 0.0 0.35824327567561787 0.29407458919797275 0.3476821351264092
9 308.0 0.0 -1.0 -1.0 -1.0 0.0 0.35193612854057643 0.27987921243966174 0.3681846590197618
9 309.0 0.0 -1.0 -1.0 -1.0 0.0 0.37049391968409057 0.273426362878459 0.3560797174374502
9 310.0 0.0 -1.0 -1.0 -1.0 0.0 0.36139442411929434 0.2788946224020263 0.3597109534786794
9 311.0 0.0 -1.0 -1.0 -1.0 0.0 0.3631664101310507 0.30029511878214415 0.33653847108680496
9 312.0 0.0 -1.0 -1.0 -1.0 0.0 0.3517230682307051 0.28980577104974076 0.358471160719554
9 313.0 0.0 -1.0 -1.0 -1.0 0.0 0.31959977239213433 0.2845927760895696 0.3958074515182961
9 314.0 0.0 -1.0 -1.0 -1.0 0.0 0.3049972243988743 0.2951682201323862 0.3998345554687394
9 315.0 0.0 -1.0 -1.0 -1.0 0.0 0.3086937138575597 0.31389124219397496 0.3774150439484651
9 316.0 0.0 -1.0 -1.0 -1.0 0.0 0.316305332744079 0.3177722888971376 0.3659223783587833
9 317.0 0.0 -1.0 -1.0 -1.0 0.0 0.3215825401035262 0.33742686873508665 0.3409905911613869
9 318.0 0.0 -1.0 -1.0 -1.0 0.0 0.310226130857851 0.3489573997822162 0.3408164693599332
9 319.0 0.0 -1.0 -1.0 -1.0 0.0 0.30595155824709347 0.3607971162420616 0.33325132551084485
9 320.0 0.0 -1.0 -1.0 -1.0 0.0 0.2997517841994039 0.3610177340003505 0.3392304818002453
9 321.0 0.0 -1.0 -1.0 -1.0 0.0 0.3101502453358159 0.356063737538714 0.33378601712547
9 322.0 0.0 -1.0 -1.0 -1.0 0.0 0.30980195446402536 0.3655036476872295 0.32469439784874515
9 323.0 0.0 -1.0 -1.0 -1.0 0.0 0.295468888026088 0.3579684265273284 0.34656268544658336
9 324.0 0.0 -1.0 -1.0 -1.0 0.0 0.3176633619874326 0.34508131129446196 0.3372553267181056
9 325.0 0.0 -1.0 -1.0 -1.0 0.0 0.3138687298989639 0.3422324768834726 0.3438987932175637
9 326.0 0.0 -1.0 -1.0 -1.0 0.0 0.2973433815893383 0.364708306220422 0.33794831219023963
9 327.0 0.0 -1.0 -1.0 -1.0 0.0 0.30966242832925756 0.36254358400721615 0.32779398766352635
9 328.0 0.0 -1.0 -1.0 -1.0 0.0 0.3205916249025609 0.3687159196241469 0.31069245547329244
9 329.0 0.0 -1.0 -1.0 -1.0 0.0 0.33104009884624686 0.36866427499574145 0.3002956261580119
9 330.0 0.0 -1.0 -1.0 -1.0 0.0 0.32963753234428916 0.3666261238782779 0.3037363437774328
9 331.0 0.0 -1.0 -1.0 -1.0 0.0 0.33449419216394843 0.3545082462933396 0.31099756154271185
9 332.0 0.0 -1.0 -1.0 -1.0 0.0 0.332577434488226 0.3466336761964866 0.3207888893152874
9 333.0 0.0 -1.0 -1.0 -1.0 0.0 0.3431505759833346 0.3656808156667332 0.29116860834993225
9 334.0 0.0 -1.0 -1.0 -1.0 0.0 0.343146092333914 0.38363787290833806 0.27321603475774814
9 335.0 0.0 -1.0 -1.0 -1.0 0.0 0.3535002687769086 0.3555573091433659 0.29094242207972526
9 336.0 0.0 -1.0 -1.0 -1.0 0.0 0.36615703140523315 0.36049557799102977 0.2733473906037369
9 337.0 0.0 -1.0 -1.0 -1.0 0.0 0.37768084230662957 0.3125154641573696 0.309803693536001
9 338.0 0.0 -1.0 -1.0 -1.0 0.0 0.38467821615424663 0.3076481799247994 0.3076736039209541
9 339.0 0.0 -1.0 -1.0 -1.0 0.0 0.3698247179987322 0.32412325447577495 0.30605202752549315
9 340.0 0.0 -1.0 -1.0 -1.0 0.0 0.34503888052209214 0.3440287199178893 0.3109323995600184
9 341.0 0.0 -1.0 -1.0 -1.0 0.0 0.34545430675707145 0.3482041755770176 0.3063415176659109
9 342.0 0.0 -1.0 -1.0 -1.0 0.0 0.3665646735441353 0.32238589114837596 0.31104943530748896
9 343.0 0.0 -1.0 -1.0 -1.0 0.0 0.34759483350545184 0.3320883691877408 0.32031679730680773
9 344.0 0.0 -1.0 -1.0 -1.0 0.0 0.35267817009984037 0.33988873005128406 0.30743309984887546
9 345.0 0.0 -1.0 -1.0 -1.0 0.0 0.3357261036557406 0.34356441640971364 0.3207094799345457
9 346.0 0.0 -1.0 -1.0 -1.0 0.0 0.31231302368710123 0.35794951991713275 0.329737456395766
9 347.0 0.0 -1.0 -1.0 -1.0 0.0 0.3381513119458196 0.35209732322346504 0.3097513648307151
9 348.0 0.0 -1.0 -1.0 -1.0 0.0 0.32965116795004973 0.35465182627795583 0.3156970057719943
9 349.0 0.0 -1.0 -1.0 -1.0 0.0 0.34277587665166487 0.3614453006833999 0.29577882266493527
9 350.0 0.0 -1.0 -1.0 -1.0 0.0 0.34938735783276437 0.36966378058212873 0.28094886158510685
9 351.0 0.0 -1.0 -1.0 -1.0 0.0 0.36732729164617367 0.33493911683204713 0.2977335915217787
9 352.0 0.0 -1.0 -1.0 -1.0 0.0 0.3563208275770557 0.34001311359495207 0.3036660588279922
9 353.0 0.0 -1.0 -1.0 -1.0 0.0 0.3440385391132251 0.3334264199007745 0.32253504098600055
9 354.0 0.0 -1.0 -1.0 -1.0 0.0 0.33848331885266497 0.32119643131139447 0.3403202498359407
9 355.0 0.0 -1.0 -1.0 -1.0 0.0 0.3281790873689288 0.34313637379612816 0.3286845388349432
9 356.0 0.0 -1.0 -1.0 -1.0 0.0 0.3266202677746034 0.3364822585461507 0.3368974736792459
9 357.0 0.0 -1.0 -1.0 -1.0 0.0 0.33918828193992145 0.3142822721266928 0.346529445933386
9 358.0 0.0 -1.0 -1.0 -1.0 0.0 0.34494743092683366 0.31240249378914997 0.3426500752840164
9 359.0 0.0 -1.0 -1.0 -1.0 0.0 0.3500449944071788 0.32737956868204676 0.3225754369107744
9 360.0 0.0 -1.0 -1.0 -1.0 0.0 0.3132251500641525 0.34528002465979407 0.3414948252760533
9 361.0 0.0 -1.0 -1.0 -1.0 0.0 0.31994324273543095 0.3412299262899742 0.33882683097459493
9 362.0 0.0 -1.0 -1.0 -1.0 0.0 0.31902787567832613 0.3403887085767013 0.3405834157449725
9 363.0 0.0 -1.0 -1.0 -1.0 0.0 0.3322748708204031 0.335262763177852 0.3324623660017451
9 364.0 0.0 -1.0 -1.0 -1.0 0.0 0.3596154916427381 0.31169449886706935 0.3286900094901924
9 365.0 0.0 -1.0 -1.0 -1.0 0.0 0.3488847663022623 0.3109247966510502 0.34019043704668755
9 366.0 0.0 -1.0 -1.0 -1.0 0.0 0.3513720913832533 0.3154318717417102 0.3331960368750365
9 367.0 0.0 -1.0 -1.0 -1.0 0.0 0.35760130446841343 0.32393550361262674 0.3184631919189599
9 368.0 0.0 -1.0 -1.0 -1.0 0.0 0.37305136525876925 0.3124276849639539 0.3145209497772771
9 369.0 0.0 -1.0 -1.0 -1.0 0.0 0.3767199448180149 0.321463799623675 0.3018162555583103
9 370.0 0.0 -1.0 -1.0 -1.0 0.0 0.36799422635367407 0.33352878210957443 0.2984769915367513
9 371.0 0.0 -1.0 -1.0 -1.0 0.0 0.33001025699940656 0.36389406506779504 0.3060956779327986
9 372.0 0.0 -1.0 -1.0 -1.0 0.0 0.3207749154013614 0.3725605785895536 0.30666450600908485
9 373.0 0.0 -1.0 -1.0 -1.0 0.0 0.32701757119775976 0.3781207821299602 0.29486164667228004
9 374.0 0.0 -1.0 -1.0 -1.0 0.0 0.32899985371156676 0.3661201848427097 0.30487996144572377
9 375.0 0.0 -1.0 -1.0 -1.0 0.0 0.323091338730825 0.33498391631717384 0.34192474495200104
9 376.0 0.0 -1.0 -1.0 -1.0 0.0 0.3308850065701939 0.35083939950013915 0.3182755939296669
9 377.0 0.0 -1.0 -1.0 -1.0 0.0 0.3263797649275028 0.32438191994752913 0.3492383151249683
9 378.0 0.0 -1.0 -1.0 -1.0 0.0 0.3104921262104 0.3691026555834689 0.32040521820613094
9 379.0 0.0 -1.0 -1.0 -1.0 0.0 0.3093273858894195 0.3903561348685045 0.30031647924207566
9 380.0 0.0 -1.0 -1.0 -1.0 0.0 0.31012098458018234 0.3562266393140802 0.3336523761057373
9 381.0 0.0 -1.0 -1.0 -1.0 0.0 0.32369651133448657 0.3490976190210066 0.3272058696445069
9 382.0 0.0 -1.0 -1.0 -1.0 0.0 0.3128354551093898 0.355956681781673 0.3312078631089372
9 383.0 0.0 -1.0 -1.0 -1.0 0.0 0.2991945054375443 0.3574007032742302 0.34340479128822565
9 384.0 0.0 -1.0 -1.0 -1.0 0.0 0.3069746413910742 0.35105134580149894 0.3419740128074271
9 385.0 0.0 -1.0 -1.0 -1.0 0.0 0.32618870584443777 0.3556241242083283 0.3181871699472339
9 386.0 0.0 -1.0 -1.0 -1.0 0.0 0.3320204274756702 0.3625248540047993 0.30545471851953043
9 387.0 0.0 -1.0 -1.0 -1.0 0.0 0.3301406680068773 0.3636849207472173 0.3061744112459054
9 388.0 0.0 -1.0 -1.0 -1.0 0.0 0.33499757527328233 0.35199527653940554 0.3130071481873122
9 389.0 0.0 -1.0 -1.0 -1.0 0.0 0.3463305351266269 0.3621357972869512 0.2915336675864218
9 390.0 0.0 -1.0 -1.0 -1.0 0.0 0.33728348022684174 0.3509420754356069 0.3117744443375511
9 391.0 0.0 -1.0 -1.0 -1.0 0.0 0.33726018723483475 0.35143827588297943 0.3113015368821857
9 392.0 0.0 -1.0 -1.0 -1.0 0.0 0.3393127887912971 0.34938564327435373 0.31130156793434915
9 393.0 0.0 -1.0 -1.0 -1.0 0.0 0.3754874589667494 0.3094722263276998 0.31504031470555094
9 394.0 0.0 -1.0 -1.0 -1.0 0.0 0.3676452584448659 0.3103629696375053 0.3219917719176288
9 395.0 0.0 -1.0 -1.0 -1.0 0.0 0.3659987282205082 0.3273156560638559 0.306685615715636
9 396.0 0.0 -1.0 -1.0 -1.0 0.0 0.3419342383118099 0.32872925787384216 0.3293365038143478
9 397.0 0.0 -1.0 -1.0 -1.0 0.0 0.33114891580086536 0.3509670663366781 0.3178840178624566
9 398.0 0.0 -1.0 -1.0 -1.0 0.0 0.33506528184836987 0.35307035289567784 0.3118643652559523
9 399.0 0.0 -1.0 -1.0 -1.0 0.0 0.34552606517209755 0.3557827021254994 0.29869123270240305
9 400.0 0.0 -1.0 -1.0 -1.0 0.0 0.34845746858610965 0.35932925054106674 0.29221328087282367
9 401.0 0.0 -1.0 -1.0 -1.0 0.0 0.3332791860494028 0.35856758185161886 0.3081532320989783
9 402.0 0.0 -1.0 -1.0 -1.0 0.0 0.2929709447883378 0.3761111135862983 0.33091794162536403
9 403.0 0.0 -1.0 -1.0 -1.0 0.0 0.2866537169271785 0.3911149140507326 0.32223136902208865
9 404.0 0.0 -1.0 -1.0 -1.0 0.0 0.3106954466641661 0.3559430443725151 0.33336150896331873
9 405.0 0.0 -1.0 -1.0 -1.0 0.0 0.29904644100570854 0.3535908587543296 0.3473627002399621
9 406.0 0.0 -1.0 -1.0 -1.0 0.0 0.295851927929201 0.37339546648598926 0.33075260558481
9 407.0 0.0 -1.0 -1.0 -1.0 0.0 0.2990013941650467 0.36851999972041666 0.33247860611453667
9 408.0 0.0 -1.0 -1.0 -1.0 0.0 0.3175069145519245 0.3508590679954881 0.3316340174525873
9 409.0 0.0 -1.0 -1.0 -1.0 0.0 0.3254504531315066 0.3586012224527846 0.31594832441570847
9 410.0 0.0 -1.0 -1.0 -1.0 0.0 0.28837963912871867 0.37621191799984055 0.3354084428714409
9 411.0 0.0 -1.0 -1.0 -1.0 0.0 0.27952512107120064 0.3879196194990987 0.33255525942970066
9 412.0 0.0 -1.0 -1.0 -1.0 0.0 0.28714169573515613 0.3796417860642858 0.33321651820055825
9 413.0 0.0 -1.0 -1.0 -1.0 0.0 0.26170243779283203 0.391848846173233 0.34644871603393473
9 414.0 0.0 -1.0 -1.0 -1.0 0.0 0.2914423077819887 0.37394518155505 0.33461251066296127
9 415.0 0.0 -1.0 -1.0 -1.0 0.0 0.31573563364917256 0.3470016508049968 0.3372627155458307
9 416.0 0.0 -1.0 -1.0 -1.0 0.0 0.31111359260931937 0.37050543797447505 0.3183809694162059
9 417.0 0.0 -1.0 -1.0 -1.0 0.0 0.3093137532008607 0.35739058201277907 0.33329566478636025
9 418.0 0.0 -1.0 -1.0 -1.0 0.0 0.33832666048206955 0.3330739880263666 0.32859935149156383
9 419.0 0.0 -1.0 -1.0 -1.0 0.0 0.33464323188439105 0.3279492982909635 0.3374074698246454
9 420.0 0.0 -1.0 -1.0 -1.0 0.0 0.3340885831578602 0.31983448280563215 0.3460769340365075
9 421.0 0.0 -1.0 -1.0 -1.0 0.0 0.3366698870467419 0.3176598771454382 0.3456702358078197
9 422.0 0.0 -1.0 -1.0 -1.0 0.0 0.32972718195215833 0.3233025845998594 0.3469702334479823
9 423.0 0.0 -1.0 -1.0 -1.0 0.0 0.3395259088631024 0.29438445646804196 0.36608963466885547
9 424.0 0.0 -1.0 -1.0 -1.0 0.0 0.3276588853394427 0.2919332898877759 0.3804078247727814
9 425.0 0.0 -1.0 -1.0 -1.0 0.0 0.30510993073413994 0.3098931785123872 0.3849968907534728
9 426.0 0.0 -1.0 -1.0 -1.0 0.0 0.34128165591832454 0.2685580002397875 0.39016034384188786
9 427.0 0.0 -1.0 -1.0 -1.0 0.0 0.3438822986494777 0.2926437572929387 0.36347394405758343
9 428.0 0.0 -1.0 -1.0 -1.0 0.0 0.3317469096833928 0.3167257192748789 0.3515273710417282
9 429.0 0.0 -1.0 -1.0 -1.0 0.0 0.34600058951848994 0.29981112006265076 0.3541882904188592
9 430.0 0.0 -1.0 -1.0 -1.0 0.0 0.3468867562548409 0.27456797272614525 0.3785452710190138
9 431.0 0.0 -1.0 -1.0 -1.0 0.0 0.33291168270874477 0.2853273391167844 0.3817609781744708
9 432.0 0.0 -1.0 -1.0 -1.0 0.0 0.317872248490129 0.27252737847218605 0.40960037303768504
9 433.0 0.0 -1.0 -1.0 -1.0 0.0 0.2862694233647409 0.2945256474960538 0.419204929139205
9 434.0 0.0 -1.0 -1.0 -1.0 0.0 0.31804368760224305 0.27959688912701514 0.402359423270742
9 435.0 0.0 -1.0 -1.0 -1.0 0.0 0.3307589451600019 0.2909813159876228 0.37825973885237546
9 436.0 0.0 -1.0 -1.0 -1.0 0.0 0.317122780077512 0.31316059198410234 0.3697166279383853
9 437.0 0.0 -1.0 -1.0 -1.0 0.0 0.32076857406606973 0.32029617344466116 0.35893525248926894
9 438.0 0.0 -1.0 -1.0 -1.0 0.0 0.33939759083731164 0.29312302658155753 0.36747938258113083
9 439.0 0.0 -1.0 -1.0 -1.0 0.0 0.348421151177104 0.30177595657923867 0.3498028922436574
9 440.0 0.0 -1.0 -1.0 -1.0 0.0 0.3557406443219246 0.3201110964478253 0.32414825923025015
9 441.0 0.0 -1.0 -1.0 -1.0 0.0 0.3573075494541559 0.306309711425312 0.3363827391205323
9 442.0 0.0 -1.0 -1.0 -1.0 0.0 0.3709961942176965 0.30249132464754097 0.32651248113476283
9 443.0 0.0 -1.0 -1.0 -1.0 0.0 0.3519641745778015 0.31737189900636537 0.3306639264158331
9 444.0 0.0 -1.0 -1.0 -1.0 0.0 0.3412471221895877 0.3106056193605717 0.3481472584498409
9 445.0 0.0 -1.0 -1.0 -1.0 0.0 0.35088759779482925 0.2841722891829508 0.3649401130222199
9 446.0 0.0 -1.0 -1.0 -1.0 0.0 0.35364577806585684 0.28419127794252275 0.3621629439916205
9 447.0 0.0 -1.0 -1.0 -1.0 0.0 0.3675163403893634 0.2932069584816657 0.3392767011289709
9 448.0 0.0 -1.0 -1.0 -1.0 0.0 0.33536581728851944 0.33070061377772825 0.3339335689337522
9 449.0 0.0 -1.0 -1.0 -1.0 0.0 0.34710802311611877 0.320041870890005 0.3328501059938762
9 450.0 0.0 -1.0 -1.0 -1.0 0.0 0.3560707552156119 0.32919376063316763 0.3147354841512207
9 451.0 0.0 -1.0 -1.0 -1.0 0.0 0.35391448753537275 0.32481380646461616 0.32127170600001137
9 452.0 0.0 -1.0 -1.0 -1.0 0.0 0.35294285697435407 0.33476484484690133 0.3122922981787446
9 453.0 0.0 -1.0 -1.0 -1.0 0.0 0.32886981097008317 0.36092133310651753 0.31020885592339914
9 454.0 0.0 -1.0 -1.0 -1.0 0.0 0.34319749402693733 0.3645199350978146 0.2922825708752481
9 455.0 0.0 -1.0 -1.0 -1.0 0.0 0.3432435214645684 0.35600695202435384 0.300749526511078
9 456.0 0.0 -1.0 -1.0 -1.0 0.0 0.34835358751118756 0.35947291509645124 0.29217349739236126
9 457.0 0.0 -1.0 -1.0 -1.0 0.0 0.3644407936224729 0.3477149461509286 0.2878442602265986
9 458.0 0.0 -1.0 -1.0 -1.0 0.0 0.38746118480240604 0.3318161516442765 0.28072266355331743
9 459.0 0.0 -1.0 -1.0 -1.0 0.0 0.3944178757301119 0.3225727402331147 0.2830093840367732
9 460.0 0.0 -1.0 -1.0 -1.0 0.0 0.39229514158022555 0.3225931883159063 0.28511167010386823
9 461.0 0.0 -1.0 -1.0 -1.0 0.0 0.3914244344403353 0.31345196832758304 0.29512359723208165
9 462.0 0.0 -1.0 -1.0 -1.0 0.0 0.3594248455427065 0.3500524728026694 0.29052268165462425
9 463.0 0.0 -1.0 -1.0 -1.0 0.0 0.36725892200393223 0.3382306914692139 0.29451038652685385
9 464.0 0.0 -1.0 -1.0 -1.0 0.0 0.36378105565548596 0.31486644200868374 0.32135250233583024
9 465.0 0.0 -1.0 -1.0 -1.0 0.0 0.3506354050392643 0.3069479030467598 0.34241669191397583
9 466.0 0.0 -1.0 -1.0 -1.0 0.0 0.36138618602478656 0.2784853058285844 0.36012850814662906
9 467.0 0.0 -1.0 -1.0 -1.0 0.0 0.34233645709615784 0.30198116280341325 0.35568238010042896
9 468.0 0.0 -1.0 -1.0 -1.0 0.0 0.3756746802862335 0.273150900946819 0.35117441876694744
9 469.0 0.0 -1.0 -1.0 -1.0 0.0 0.3630501684512319 0.29641298560989426 0.34053684593887384
9 470.0 0.0 -1.0 -1.0 -1.0 0.0 0.3730922043625494 0.3010145540295714 0.32589324160787897
9 471.0 0.0 -1.0 -1.0 -1.0 0.0 0.36742902498704993 0.3080119292079879 0.32455904580496187
9 472.0 0.0 -1.0 -1.0 -1.0 0.0 0.3657449768351585 0.3013852430803924 0.3328697800844492
9 473.0 0.0 -1.0 -1.0 -1.0 0.0 0.3638070186315965 0.3324751167632094 0.303717864605194
9 474.0 0.0 -1.0 -1.0 -1.0 0.0 0.3488772157815058 0.3484221382840546 0.30270064593443974
9 475.0 0.0 -1.0 -1.0 -1.0 0.0 0.3370028989679851 0.3619494179518905 0.3010476830801244
9 476.0 0.0 -1.0 -1.0 -1.0 0.0 0.3596162809556114 0.33396279494404063 0.30642092410034805
9 477.0 0.0 -1.0 -1.0 -1.0 0.0 0.32282534213728015 0.3505637748997706 0.32661088296294943
9 478.0 0.0 -1.0 -1.0 -1.0 0.0 0.3198472370478072 0.37005080626905285 0.3101019566831396
9 479.0 0.0 -1.0 -1.0 -1.0 0.0 0.31536343808122974 0.36600220457392196 0.3186343573448483
9 480.0 0.0 -1.0 -1.0 -1.0 0.0 0.3342077540249778 0.34528046164553955 0.32051178432948263
9 481.0 0.0 -1.0 -1.0 -1.0 0.0 0.34446324647603815 0.3490255887668113 0.3065111647571505
9 482.0 0.0 -1.0 -1.0 -1.0 0.0 0.35032028162444484 0.3234640185999709 0.32621569977558396
9 483.0 0.0 -1.0 -1.0 -1.0 0.0 0.3223939799559547 0.35180683505674976 0.32579918498729554
9 484.0 0.0 -1.0 -1.0 -1.0 0.0 0.3116689023079239 0.34384990923087144 0.34448118846120457
9 485.0 0.0 -1.0 -1.0 -1.0 0.0 0.33110010770457116 0.33868225504525673 0.330217637250172
9 486.0 0.0 -1.0 -1.0 -1.0 0.0 0.34381464554184527 0.30850620194887723 0.34767915250927706
9 487.0 0.0 -1.0 -1.0 -1.0 0.0 0.34673767515677617 0.31763814864835593 0.3356241761948677
9 488.0 0.0 -1.0 -1.0 -1.0 0.0 0.32798231216804474 0.35369285972754483 0.3183248281044103
9 489.0 0.0 -1.0 -1.0 -1.0 0.0 0.3492159069417419 0.3405101288402449 0.3102739642180131
9 490.0 0.0 -1.0 -1.0 -1.0 0.0 0.37010730533926806 0.3273682529691699 0.3025244416915621
9 491.0 0.0 -1.0 -1.0 -1.0 0.0 0.34513892818240033 0.32413788956494366 0.3307231822526561
9 492.0 0.0 -1.0 -1.0 -1.0 0.0 0.3558095179952377 0.3195966110341868 0.32459387097057585
9 493.0 0.0 -1.0 -1.0 -1.0 0.0 0.3573036580858539 0.348582109035032 0.2941142328791141
9 494.0 0.0 -1.0 -1.0 -1.0 0.0 0.3457542579278456 0.33827870916990604 0.3159670329022484
9 495.0 0.0 -1.0 -1.0 -1.0 0.0 0.3417025879481973 0.3344080521888712 0.32388935986293144
9 496.0 0.0 -1.0 -1.0 -1.0 0.0 0.35510728738295355 0.3132287860939523 0.33166392652309434
9 497.0 0.0 -1.0 -1.0 -1.0 0.0 0.33557150706659283 0.34450909741419955 0.3199193955192076
9 498.0 0.0 -1.0 -1.0 -1.0 0.0 0.33988749731542245 0.3395837793321602 0.32052872335241717
9 499.0 0.0 -1.0 -1.0 -1.0 0.0 0.355040176548696 0.3250799335500592 0.31987988990124505
9 500.0 0.0 -1.0 -1.0 -1.0 0.0 0.3459896111481362 0.32635567455062875 0.32765471430123505
9 501.0 0.0 -1.0 -1.0 -1.0 0.0 0.33071322954507026 0.3342176605748665 0.3350691098800631
9 502.0 0.0 -1.0 -1.0 -1.0 0.0 0.3173467507404886 0.35804009652964675 0.3246131527298648
9 503.0 0.0 -1.0 -1.0 -1.0 0.0 0.2930599813737713 0.34005542001407696 0.3668845986121517
9 504.0 0.0 -1.0 -1.0 -1.0 0.0 0.32500533241832924 0.32594145929375834 0.3490532082879124
9 505.0 0.0 -1.0 -1.0 -1.0 0.0 0.2919104348367158 0.3364032051428286 0.37168636002045574
9 506.0 0.0 -1.0 -1.0 -1.0 0.0 0.31320446999109064 0.2969158583919663 0.3898796716169432
9 507.0 0.0 -1.0 -1.0 -1.0 0.0 0.32389493404405256 0.3006052880513815 0.3754997779045659
9 508.0 0.0 -1.0 -1.0 -1.0 0.0 0.30302086298067593 0.3232328245083258 0.3737463125109987
9 509.0 0.0 -1.0 -1.0 -1.0 0.0 0.2985362379278926 0.3533264417278683 0.34813732034423905
9 510.0 0.0 -1.0 -1.0 -1.0 0.0 0.28611955289923474 0.3793317011884909 0.3345487459122743
9 511.0 0.0 -1.0 -1.0 -1.0 0.0 0.3040155452096307 0.3319249882942213 0.3640594664961482
9 512.0 0.0 -1.0 -1.0 -1.0 0.0 0.3084793996884912 0.3455083635847038 0.3460122367268051
9 513.0 0.0 -1.0 -1.0 -1.0 0.0 0.3172050939574512 0.3664019867751058 0.3163929192674431
9 514.0 0.0 -1.0 -1.0 -1.0 0.0 0.3138078254778097 0.35852489159941753 0.32766728292277286
9 515.0 0.0 -1.0 -1.0 -1.0 0.0 0.3120131027770821 0.3631173719881997 0.32486952523471807
9 516.0 0.0 -1.0 -1.0 -1.0 0.0 0.31934500649119785 0.3444429996071691 0.3362119939016328
9 517.0 0.0 -1.0 -1.0 -1.0 0.0 0.34426196444532325 0.3195685592061727 0.33616947634850414
9 518.0 0.0 -1.0 -1.0 -1.0 0.0 0.3262367884716319 0.3414906989476165 0.3322725125807514
9 519.0 0.0 -1.0 -1.0 -1.0 0.0 0.3469975697795723 0.3240188543019728 0.3289835759184549
9 520.0 0.0 -1.0 -1.0 -1.0 0.0 0.31414070049728493 0.3498936504303405 0.33596564907237464
9 521.0 0.0 -1.0 -1.0 -1.0 0.0 0.3128831370399398 0.3609511331630734 0.3261657297969868
9 522.0 0.0 -1.0 -1.0 -1.0 0.0 0.3389241468598374 0.3549217028366747 0.30615415030348764
9 523.0 0.0 -1.0 -1.0 -1.0 0.0 0.33852235718147766 0.3366647230525007 0.32481291976602156
9 524.0 0.0 -1.0 -1.0 -1.0 0.0 0.3202066605664099 0.32899047528786324 0.350802864145727
9 525.0 0.0 -1.0 -1.0 -1.0 0.0 0.3258738183311629 0.33255089921686576 0.34157528245197144
9 526.0 0.0 -1.0 -1.0 -1.0 0.0 0.30326503088835194 0.3343216187818177 0.36241335032983024
9 527.0 0.0 -1.0 -1.0 -1.0 0.0 0.3042426984714637 0.31579775885396427 0.37995954267457216
9 528.0 0.0 -1.0 -1.0 -1.0 0.0 0.3295802999270609 0.3081129330459348 0.3623067670270044
9 529.0 0.0 -1.0 -1.0 -1.0 0.0 0.3336136918093658 0.2990722024301615 0.36731410576047274
9 530.0 0.0 -1.0 -1.0 -1.0 0.0 0.31657767998009523 0.3013658463747664 0.3820564736451383
9 531.0 0.0 -1.0 -1.0 -1.0 0.0 0.29212164114797845 0.33952150122865166 0.36835685762336967
9 532.0 0.0 -1.0 -1.0 -1.0 0.0 0.311303608335809 0.33731871474634934 0.35137767691784155
9 533.0 0.0 -1.0 -1.0 -1.0 0.0 0.3161723501435291 0.3501103991635086 0.3337172506929624
9 534.0 0.0 -1.0 -1.0 -1.0 0.0 0.31192327577297463 0.3819757339549529 0.3061009902720726
9 535.0 0.0 -1.0 -1.0 -1.0 0.0 0.3185631640550224 0.3760906576984893 0.30534617824648835
9 536.0 0.0 -1.0 -1.0 -1.0 0.0 0.34148655458225635 0.3504238996012198 0.30808954581652376
9 537.0 0.0 -1.0 -1.0 -1.0 0.0 0.3626161791422786 0.3463353668181528 0.2910484540395687
9 538.0 0.0 -1.0 -1.0 -1.0 0.0 0.3468613052185861 0.3531675446940578 0.2999711500873559
9 539.0 0.0 -1.0 -1.0 -1.0 0.0 0.33680904789980204 0.3441560471982815 0.31903490490191644
9 540.0 0.0 -1.0 -1.0 -1.0 0.0 0.3259326605044881 0.3427731910047027 0.33129414849080946
9 541.0 0.0 -1.0 -1.0 -1.0 0.0 0.3203490824154359 0.335798695751208 0.34385222183335606
9 542.0 0.0 -1.0 -1.0 -1.0 0.0 0.322828679852833 0.35233655690624943 0.3248347632409176
9 543.0 0.0 -1.0 -1.0 -1.0 0.0 0.31795134394883223 0.3402261330546349 0.34182252299653293
9 544.0 0.0 -1.0 -1.0 -1.0 0.0 0.32187552903141836 0.34628875477557064 0.3318357161930112
9 545.0 0.0 -1.0 -1.0 -1.0 0.0 0.3084157628515126 0.3441508467806463 0.34743339036784093
9 546.0 0.0 -1.0 -1.0 -1.0 0.0 0.29698675559866416 0.33290506078571996 0.3701081836156157
9 547.0 0.0 -1.0 -1.0 -1.0 0.0 0.3198900923916624 0.32443715259446365 0.35567275501387385
9 548.0 0.0 -1.0 -1.0 -1.0 0.0 0.3236222858260524 0.3264768168732883 0.3499008973006593
9 549.0 0.0 -1.0 -1.0 -1.0 0.0 0.34212585400483275 0.30389749471006744 0.3539766512850997
9 550.0 0.0 -1.0 -1.0 -1.0 0.0 0.3496114657759169 0.28551461502409864 0.3648739191999846
9 551.0 0.0 -1.0 -1.0 -1.0 0.0 0.34067705180209484 0.2982171277615059 0.361105820436399
9 552.0 0.0 -1.0 -1.0 -1.0 0.0 0.3612791880620236 0.3206033863452929 0.3181174255926837
9 553.0 0.0 -1.0 -1.0 -1.0 0.0 0.3207744821106406 0.3274483228164227 0.3517771950729366
9 554.0 0.0 -1.0 -1.0 -1.0 0.0 0.3243039003165796 0.3423162571184218 0.3333798425649986
9 555.0 0.0 -1.0 -1.0 -1.0 0.0 0.31916010122551364 0.3488446848829152 0.3319952138915712
9 556.0 0.0 -1.0 -1.0 -1.0 0.0 0.31471811758847784 0.35653491260917664 0.3287469698023457
9 557.0 0.0 -1.0 -1.0 -1.0 0.0 0.33069186247578664 0.3470658779807494 0.3222422595434638
9 558.0 0.0 -1.0 -1.0 -1.0 0.0 0.3271922634784253 0.33582847908326824 0.3369792574383063
9 559.0 0.0 -1.0 -1.0 -1.0 0.0 0.296313753522356 0.3417651246407211 0.36192112183692265
9 560.0 0.0 -1.0 -1.0 -1.0 0.0 0.30181168800566843 0.34616032390872886 0.352027988085603
9 561.0 0.0 -1.0 -1.0 -1.0 0.0 0.3225535575684969 0.31996513946027144 0.3574813029712318
9 562.0 0.0 -1.0 -1.0 -1.0 0.0 0.313785917600231 0.32271457952292065 0.3634995028768481
9 563.0 0.0 -1.0 -1.0 -1.0 0.0 0.2847046617195684 0.31380928119605883 0.40148605708437257
9 564.0 0.0 -1.0 -1.0 -1.0 0.0 0.3055320665347365 0.31741329396688217 0.37705463949838125
9 565.0 0.0 -1.0 -1.0 -1.0 0.0 0.3073921464055242 0.31378588463245066 0.37882196896202525
9 566.0 0.0 -1.0 -1.0 -1.0 0.0 0.296868329883697 0.32669900143888453 0.37643266867741837
9 567.0 0.0 -1.0 -1.0 -1.0 0.0 0.328974357079938 0.3197430457505386 0.35128259716952326
9 568.0 0.0 -1.0 -1.0 -1.0 0.0 0.34204267606138267 0.31522295299569647 0.342734370942921
9 569.0 0.0 -1.0 -1.0 -1.0 0.0 0.34550640723424986 0.3310028014787902 0.32349079128696007
9 570.0 0.0 -1.0 -1.0 -1.0 0.0 0.316136892401995 0.3476084094433686 0.33625469815463654
9 571.0 0.0 -1.0 -1.0 -1.0 0.0 0.32677863275165137 0.33585551478989295 0.33736585245845574
9 572.0 0.0 -1.0 -1.0 -1.0 0.0 0.32491766768646124 0.34953227203403225 0.32555006027950656
9 573.0 0.0 -1.0 -1.0 -1.0 0.0 0.33447532115844303 0.3464948476677072 0.3190298311738496
9 574.0 0.0 -1.0 -1.0 -1.0 0.0 0.34665492062784603 0.33374844006663495 0.31959663930551885
9 575.0 0.0 -1.0 -1.0 -1.0 0.0 0.34538964041213527 0.33333601815142294 0.32127434143644185
9 576.0 0.0 -1.0 -1.0 -1.0 0.0 0.3457478554831149 0.33594627768776386 0.31830586682912115
9 577.0 0.0 -1.0 -1.0 -1.0 0.0 0.33158539004385235 0.3251132392624412 0.3433013706937066
9 578.0 0.0 -1.0 -1.0 -1.0 0.0 0.33510058158478423 0.3247140295937961 0.3401853888214198
9 579.0 0.0 -1.0 -1.0 -1.0 0.0 0.3576540469828794 0.31328460205878295 0.32906135095833755
9 580.0 0.0 -1.0 -1.0 -1.0 0.0 0.33550859290000945 0.3035625449181721 0.3609288621818185
9 581.0 0.0 -1.0 -1.0 -1.0 0.0 0.34408672616713615 0.28503081340519454 0.3708824604276692
9 582.0 0.0 -1.0 -1.0 -1.0 0.0 0.359592385302139 0.3163514738174436 0.3240561408804174
9 583.0 0.0 -1.0 -1.0 -1.0 0.0 0.36052937653087347 0.3183320152497314 0.321138608219395
9 584.0 0.0 -1.0 -1.0 -1.0 0.0 0.33456088656222815 0.33930940282139443 0.32612971061637713
9 585.0 0.0 -1.0 -1.0 -1.0 0.0 0.32152353660608723 0.3603034290766546 0.318173034317258
9 586.0 0.0 -1.0 -1.0 -1.0 0.0 0.3161385818941739 0.36587118298986276 0.3179902351159633
9 587.0 0.0 -1.0 -1.0 -1.0 0.0 0.34767170994928626 0.36247266350867063 0.28985562654204305
9 588.0 0.0 -1.0 -1.0 -1.0 0.0 0.32980604592226825 0.365194785967466 0.30499916811026556
9 589.0 0.0 -1.0 -1.0 -1.0 0.0 0.34662008446297293 0.35922878725952423 0.2941511282775029
9 590.0 0.0 -1.0 -1.0 -1.0 0.0 0.3346490051195486 0.3491379846465988 0.31621301023385273
9 591.0 0.0 -1.0 -1.0 -1.0 0.0 0.3067903385290373 0.3687363312705702 0.32447333020039276
9 592.0 0.0 -1.0 -1.0 -1.0 0.0 0.32600957889643356 0.3194027363367935 0.35458768476677277
9 593.0 0.0 -1.0 -1.0 -1.0 0.0 0.33768081423546975 0.3407950587991837 0.3215241269653466
9 594.0 0.0 -1.0 -1.0 -1.0 0.0 0.31983946445247463 0.3455188705950494 0.33464166495247605
9 595.0 0.0 -1.0 -1.0 -1.0 0.0 0.3450472737786176 0.3191188829564868 0.3358338432648955
9 596.0 0.0 -1.0 -1.0 -1.0 0.0 0.35370755499206064 0.3133077575399044 0.33298468746803495
9 597.0 0.0 -1.0 -1.0 -1.0 0.0 0.3488549843309093 0.3312317780392566 0.31991323762983387
9 598.0 0.0 -1.0 -1.0 -1.0 0.0 0.3389956453438613 0.33603011219342405 0.3249742424627148
9 599.0 0.0 -1.0 -1.0 -1.0 0.0 0.30418278282849076 0.36502115238085264 0.3307960647906566
9 600.0 0.0 -1.0 -1.0 -1.0 0.0 0.30630909982123045 0.3686810468653794 0.3250098533133901
9 601.0 0.0 -1.0 -1.0 -1.0 0.0 0.32705600219350883 0.35050931764115084 0.32243468016534055
9 602.0 0.0 -1.0 -1.0 -1.0 0.0 0.32000120583810693 0.33931661840777577 0.34068217575411736
9 603.0 0.0 -1.0 -1.0 -1.0 0.0 0.27330458997283563 0.4077305866498106 0.31896482337735366
9 604.0 0.0 -1.0 -1.0 -1.0 0.0 0.2939182949826651 0.38883578176009176 0.3172459232572432
9 605.0 0.0 -1.0 -1.0 -1.0 0.0 0.29011918815382637 0.38902778350350536 0.3208530283426681
9 606.0 0.0 -1.0 -1.0 -1.0 0.0 0.2855568826408874 0.3741859412452221 0.34025717611389056
9 607.0 0.0 -1.0 -1.0 -1.0 0.0 0.2992112986914045 0.36489509440701634 0.3358936069015793
9 608.0 0.0 -1.0 -1.0 -1.0 0.0 0.29595824066192483 0.35848436873939915 0.34555739059867624
9 609.0 0.0 -1.0 -1.0 -1.0 0.0 0.30975777843315183 0.3353597197915284 0.3548825017753196
9 610.0 0.0 -1.0 -1.0 -1.0 0.0 0.32335221112031626 0.344179376357067 0.33246841252261683
9 611.0 0.0 -1.0 -1.0 -1.0 0.0 0.3181318567808516 0.328867041434707 0.3530011017844413
9 612.0 0.0 -1.0 -1.0 -1.0 0.0 0.2994143767300396 0.34996067693933475 0.3506249463306257
9 613.0 0.0 -1.0 -1.0 -1.0 0.0 0.3124205261658944 0.3369453122943217 0.35063416153978394
9 614.0 0.0 -1.0 -1.0 -1.0 0.0 0.29344492282005136 0.3653430965551558 0.341211980624793
9 615.0 0.0 -1.0 -1.0 -1.0 0.0 0.31551438823964784 0.36269829030534806 0.3217873214550042
9 616.0 0.0 -1.0 -1.0 -1.0 0.0 0.28949981310415707 0.32931349436706064 0.3811866925287826
9 617.0 0.0 -1.0 -1.0 -1.0 0.0 0.31284528866791483 0.3012541052352299 0.3859006060968552
9 618.0 0.0 -1.0 -1.0 -1.0 0.0 0.32010032289659335 0.3136286824556986 0.3662709946477083
9 619.0 0.0 -1.0 -1.0 -1.0 0.0 0.3298489216823194 0.3272720677839771 0.3428790105337036
9 620.0 0.0 -1.0 -1.0 -1.0 0.0 0.3435034438521084 0.337863908235279 0.31863264791261225
9 621.0 0.0 -1.0 -1.0 -1.0 0.0 0.3334448598763757 0.333667105603273 0.33288803452035126
9 622.0 0.0 -1.0 -1.0 -1.0 0.0 0.32738028050902945 0.34197560225539275 0.3306441172355777
9 623.0 0.0 -1.0 -1.0 -1.0 0.0 0.33096144774939357 0.3602624219951875 0.30877613025541917
9 624.0 0.0 -1.0 -1.0 -1.0 0.0 0.31692994639606376 0.3563804153618 0.32668963824213626
9 625.0 0.0 -1.0 -1.0 -1.0 0.0 0.3200195725665244 0.363299858580241 0.3166805688532345
9 626.0 0.0 -1.0 -1.0 -1.0 0.0 0.34164942133249127 0.33194036112362324 0.32641021754388533
9 627.0 0.0 -1.0 -1.0 -1.0 0.0 0.33575714611764323 0.3233736762539063 0.3408691776284506
9 628.0 0.0 -1.0 -1.0 -1.0 0.0 0.3473944264769952 0.3159189657831104 0.3366866077398943
9 629.0 0.0 -1.0 -1.0 -1.0 0.0 0.3662066165562845 0.3309785121140183 0.3028148713296973
9 630.0 0.0 -1.0 -1.0 -1.0 0.0 0.3835061564877211 0.3378557313755806 0.27863811213669837
9 631.0 0.0 -1.0 -1.0 -1.0 0.0 0.3398323103033753 0.333802945451601 0.32636474424502376
9 632.0 0.0 -1.0 -1.0 -1.0 0.0 0.34360858449389187 0.34828905719692344 0.3081023583091849
9 633.0 0.0 -1.0 -1.0 -1.0 0.0 0.32658260804143907 0.3506251392509785 0.32279225270758233
9 634.0 0.0 -1.0 -1.0 -1.0 0.0 0.3023282687721093 0.34080959818879664 0.3568621330390939
9 635.0 0.0 -1.0 -1.0 -1.0 0.0 0.3055267731376242 0.32542691369133464 0.369046313171041
9 636.0 0.0 -1.0 -1.0 -1.0 0.0 0.30255790251336606 0.3252054152074617 0.372236682279172
9 637.0 0.0 -1.0 -1.0 -1.0 0.0 0.32333537046998023 0.32821342963966765 0.34845119989035195
9 638.0 0.0 -1.0 -1.0 -1.0 0.0 0.3525421995982338 0.3115521962839616 0.33590560411780485
9 639.0 0.0 -1.0 -1.0 -1.0 0.0 0.34382449052767194 0.30716558795402416 0.34900992151830396
9 640.0 0.0 -1.0 -1.0 -1.0 0.0 0.36030126988240413 0.2753306241492048 0.3643681059683911
9 641.0 0.0 -1.0 -1.0 -1.0 0.0 0.36274620042053557 0.30056545763387416 0.33668834194559044
9 642.0 0.0 -1.0 -1.0 -1.0 0.0 0.3599185812766628 0.2860155947492557 0.3540658239740814
9 643.0 0.0 -1.0 -1.0 -1.0 0.0 0.35453292427024474 0.2725515817240969 0.3729154940056585
9 644.0 0.0 -1.0 -1.0 -1.0 0.0 0.36417484098720315 0.289738501302785 0.34608665771001207
9 645.0 0.0 -1.0 -1.0 -1.0 0.0 0.35957500767515016 0.31690954676767724 0.3235154455571726
9 646.0 0.0 -1.0 -1.0 -1.0 0.0 0.3643820149697443 0.3116786981880441 0.32393928684221157
9 647.0 0.0 -1.0 -1.0 -1.0 0.0 0.3708042144752972 0.3055858509788595 0.3236099345458433
9 648.0 0.0 -1.0 -1.0 -1.0 0.0 0.38206045518970555 0.2966848291921121 0.3212547156181824
9 649.0 0.0 -1.0 -1.0 -1.0 0.0 0.3847534124331854 0.3033883190713982 0.31185826849541654
9 650.0 0.0 -1.0 -1.0 -1.0 0.0 0.38012767665402364 0.3145380049919688 0.30533431835400743
9 651.0 0.0 -1.0 -1.0 -1.0 0.0 0.39376838655753715 0.3040769207988515 0.30215469264361117
9 652.0 0.0 -1.0 -1.0 -1.0 0.0 0.38935632481409704 0.27734084616233423 0.3333028290235689
9 653.0 0.0 -1.0 -1.0 -1.0 0.0 0.3921449818866459 0.29658274498210896 0.31127227313124506
9 654.0 0.0 -1.0 -1.0 -1.0 0.0 0.3617990057091137 0.3104086436826472 0.3277923506082392
9 655.0 0.0 -1.0 -1.0 -1.0 0.0 0.32764371057739167 0.3281862232027526 0.34417006621985585
9 656.0 0.0 -1.0 -1.0 -1.0 0.0 0.34038101794019554 0.3200171239961485 0.3396018580636558
9 657.0 0.0 -1.0 -1.0 -1.0 0.0 0.34820036975710644 0.33216497331647277 0.3196346569264213
9 658.0 0.0 -1.0 -1.0 -1.0 0.0 0.3276394121818951 0.3449714521261898 0.3273891356919153
9 659.0 0.0 -1.0 -1.0 -1.0 0.0 0.2976744906182744 0.35450863342620553 0.34781687595552024
9 660.0 0.0 -1.0 -1.0 -1.0 0.0 0.27697412513157976 0.3504722768029646 0.3725535980654556
9 661.0 0.0 -1.0 -1.0 -1.0 0.0 0.30718157555136427 0.3334668410271264 0.35935158342150936
9 662.0 0.0 -1.0 -1.0 -1.0 0.0 0.31436255647823064 0.34185601693334 0.3437814265884294
9 663.0 0.0 -1.0 -1.0 -1.0 0.0 0.30910334724230376 0.3365502641313127 0.35434638862638357
9 664.0 0.0 -1.0 -1.0 -1.0 0.0 0.3226027730610681 0.3201231798106577 0.3572740471282744
9 665.0 0.0 -1.0 -1.0 -1.0 0.0 0.34061793333529394 0.3381587936587115 0.32122327300599457
9 666.0 0.0 -1.0 -1.0 -1.0 0.0 0.3528669102139538 0.34561717434978134 0.30151591543626466
9 667.0 0.0 -1.0 -1.0 -1.0 0.0 0.3325654915225542 0.35615262824614197 0.31128188023130376
9 668.0 0.0 -1.0 -1.0 -1.0 0.0 0.34809196180238894 0.3367922668274899 0.3151157713701213
9 669.0 0.0 -1.0 -1.0 -1.0 0.0 0.3254398007670338 0.3441767791191714 0.33038342011379485
9 670.0 0.0 -1.0 -1.0 -1.0 0.0 0.3177842577220227 0.335377447726309 0.34683829455166804
9 671.0 0.0 -1.0 -1.0 -1.0 0.0 0.2916728174167417 0.35933714841627756 0.3489900341669805
9 672.0 0.0 -1.0 -1.0 -1.0 0.0 0.276120311370648 0.3807615534482561 0.3431181351810959
9 673.0 0.0 -1.0 -1.0 -1.0 0.0 0.2881881648266973 0.3415027691005764 0.3703090660727261
9 674.0 0.0 -1.0 -1.0 -1.0 0.0 0.3054102605700862 0.3184218043162914 0.37616793511362234
9 675.0 0.0 -1.0 -1.0 -1.0 0.0 0.33285889528161783 0.313038371438333 0.35410273328004926
9 676.0 0.0 -1.0 -1.0 -1.0 0.0 0.3448472575512572 0.3085684060400918 0.3465843364086512
9 677.0 0.0 -1.0 -1.0 -1.0 0.0 0.35152549427607593 0.2857577397061777 0.3627167660177464
9 678.0 0.0 -1.0 -1.0 -1.0 0.0 0.3375311285189911 0.31226713096295955 0.3502017405180496
9 679.0 0.0 -1.0 -1.0 -1.0 0.0 0.32940796151905766 0.32742853092858437 0.3431635075523576
9 680.0 0.0 -1.0 -1.0 -1.0 0.0 0.3396269759631712 0.3209316966314284 0.3394413274054005
9 681.0 0.0 -1.0 -1.0 -1.0 0.0 0.3617342563296618 0.3083554079477055 0.3299103357226331
9 682.0 0.0 -1.0 -1.0 -1.0 0.0 0.3372850885373466 0.3288187672646895 0.3338961441979641
9 683.0 0.0 -1.0 -1.0 -1.0 0.0 0.316643926825843 0.3367699655904137 0.34658610758374353
9 684.0 0.0 -1.0 -1.0 -1.0 0.0 0.3262347049919287 0.30613077582602116 0.3676345191820501
9 685.0 0.0 -1.0 -1.0 -1.0 0.0 0.30293344787122023 0.3371928187048833 0.3598737334238965
9 686.0 0.0 -1.0 -1.0 -1.0 0.0 0.3319698743211934 0.33703070463160956 0.3309994210471967
9 687.0 0.0 -1.0 -1.0 -1.0 0.0 0.3297033226001552 0.3480683143564317 0.32222836304341307
9 688.0 0.0 -1.0 -1.0 -1.0 0.0 0.32470751234096723 0.35220687941712653 0.3230856082419063
9 689.0 0.0 -1.0 -1.0 -1.0 0.0 0.3295100995387416 0.3414513933828866 0.32903850707837196
9 690.0 0.0 -1.0 -1.0 -1.0 0.0 0.3316752975309166 0.35572187631786906 0.3126028261512143
9 691.0 0.0 -1.0 -1.0 -1.0 0.0 0.3412566269418838 0.3301992122631259 0.32854416079499044
9 692.0 0.0 -1.0 -1.0 -1.0 0.0 0.3758139021595718 0.3241005572609017 0.3000855405795264
9 693.0 0.0 -1.0 -1.0 -1.0 0.0 0.3352320256230356 0.35281807593341846 0.3119498984435459
9 694.0 0.0 -1.0 -1.0 -1.0 0.0 0.3343582859090281 0.33073278898385616 0.33490892510711584
9 695.0 0.0 -1.0 -1.0 -1.0 0.0 0.34542831231300997 0.3266706863928329 0.3279010012941572
9 696.0 0.0 -1.0 -1.0 -1.0 0.0 0.3592309725147693 0.33548744966915045 0.30528157781608023
9 697.0 0.0 -1.0 -1.0 -1.0 0.0 0.3639079604009494 0.3100392050467509 0.3260528345522998
9 698.0 0.0 -1.0 -1.0 -1.0 0.0 0.33714876155180257 0.3356977626592165 0.3271534757889809
9 699.0 0.0 -1.0 -1.0 -1.0 0.0 0.35758386680499027 0.29897043395001754 0.343445699244992
9 700.0 0.0 -1.0 -1.0 -1.0 0.0 0.366811957965292 0.30540901683150135 0.32777902520320673
9 701.0 0.0 -1.0 -1.0 -1.0 0.0 0.3455157518561016 0.33936688335825393 0.31511736478564445
9 702.0 0.0 -1.0 -1.0 -1.0 0.0 0.3194262785508773 0.3383724229937596 0.342201298455363
9 703.0 0.0 -1.0 -1.0 -1.0 0.0 0.30210184116547245 0.37275728460679325 0.3251408742277342
9 704.0 0.0 -1.0 -1.0 -1.0 0.0 0.2849440630208221 0.3957592139864879 0.31929672299268996
9 705.0 0.0 -1.0 -1.0 -1.0 0.0 0.2539954141044255 0.42486706583586775 0.3211375200597066
9 706.0 0.0 -1.0 -1.0 -1.0 0.0 0.28354219451194174 0.3878215259497263 0.3286362795383322
9 707.0 0.0 -1.0 -1.0 -1.0 0.0 0.2628528091353185 0.4067561803885429 0.33039101047613856
9 708.0 0.0 -1.0 -1.0 -1.0 0.0 0.27980801482851686 0.3907585603101372 0.3294334248613458
9 709.0 0.0 -1.0 -1.0 -1.0 0.0 0.2740726092843127 0.4071875822665826 0.3187398084491049
9 710.0 0.0 -1.0 -1.0 -1.0 0.0 0.2721786462079988 0.3994109444525282 0.3284104093394729
9 711.0 0.0 -1.0 -1.0 -1.0 0.0 0.3012063077487223 0.38304473028690483 0.3157489619643727
9 712.0 0.0 -1.0 -1.0 -1.0 0.0 0.2984634373623141 0.36905065784225954 0.33248590479542645
9 713.0 0.0 -1.0 -1.0 -1.0 0.0 0.30658990112962403 0.36454330440129945 0.3288667944690763
9 714.0 0.0 -1.0 -1.0 -1.0 0.0 0.3054796912554435 0.39710471478546167 0.2974155939590948
9 715.0 0.0 -1.0 -1.0 -1.0 0.0 0.2992009988741049 0.38791732278916286 0.31288167833673197
9 716.0 0.0 -1.0 -1.0 -1.0 0.0 0.3153737123451769 0.3613481451166296 0.3232781425381934
9 717.0 0.0 -1.0 -1.0 -1.0 0.0 0.32422607315552576 0.36777339555093363 0.3080005312935407
9 718.0 0.0 -1.0 -1.0 -1.0 0.0 0.3729278122859288 0.3663615963765451 0.26071059133752605
9 719.0 0.0 -1.0 -1.0 -1.0 0.0 0.367696729268665 0.3671121313370726 0.2651911393942624
9 720.0 0.0 -1.0 -1.0 -1.0 0.0 0.33638521901199403 0.3658355589795566 0.29777922200844925
9 721.0 0.0 -1.0 -1.0 -1.0 0.0 0.3429810324283373 0.34810312984166436 0.3089158377299986
9 722.0 0.0 -1.0 -1.0 -1.0 0.0 0.3336715029837207 0.3451206531617062 0.3212078438545733
9 723.0 0.0 -1.0 -1.0 -1.0 0.0 0.3269718473557318 0.35042236343942584 0.3226057892048425
9 724.0 0.0 -1.0 -1.0 -1.0 0.0 0.3465424273619404 0.3306422494553736 0.32281532318268574
9 725.0 0.0 -1.0 -1.0 -1.0 0.0 0.35091579283081376 0.341199811744952 0.3078843954242343
9 726.0 0.0 -1.0 -1.0 -1.0 0.0 0.3715694216297426 0.3289478398729835 0.299482738497274
9 727.0 0.0 -1.0 -1.0 -1.0 0.0 0.37862617670489074 0.3073323264285442 0.3140414968665651
9 728.0 0.0 -1.0 -1.0 -1.0 0.0 0.33402891693993497 0.3440257384369756 0.3219453446230893
9 729.0 0.0 -1.0 -1.0 -1.0 0.0 0.3589675309171633 0.3279045486844159 0.3131279203984209
9 730.0 0.0 -1.0 -1.0 -1.0 0.0 0.36405449328926187 0.3234692363486416 0.3124762703620965
9 731.0 0.0 -1.0 -1.0 -1.0 0.0 0.34340946636936365 0.3315013178842513 0.325089215746385
9 732.0 0.0 -1.0 -1.0 -1.0 0.0 0.3459399023730604 0.3164851353676663 0.33757496225927364
9 733.0 0.0 -1.0 -1.0 -1.0 0.0 0.3488146231350717 0.3331842704071888 0.3180011064577396
9 734.0 0.0 -1.0 -1.0 -1.0 0.0 0.32508662141278527 0.3298694799888866 0.34504389859832807
9 735.0 0.0 -1.0 -1.0 -1.0 0.0 0.31468541876482087 0.34535098705182954 0.3399635941833495
9 736.0 0.0 -1.0 -1.0 -1.0 0.0 0.3156730008208797 0.3559814078627561 0.32834559131636404
9 737.0 0.0 -1.0 -1.0 -1.0 0.0 0.3182932739655723 0.3722592600102169 0.3094474660242109
9 738.0 0.0 -1.0 -1.0 -1.0 0.0 0.35601430127287137 0.3437818600425824 0.3002038386845462
9 739.0 0.0 -1.0 -1.0 -1.0 0.0 0.34351076061205255 0.324942468224464 0.3315467711634834
9 740.0 0.0 -1.0 -1.0 -1.0 0.0 0.34077426494895896 0.3225656475151606 0.3366600875358803
9 741.0 0.0 -1.0 -1.0 -1.0 0.0 0.33890887615955045 0.3240294478983096 0.3370616759421398
9 742.0 0.0 -1.0 -1.0 -1.0 0.0 0.3067524305203927 0.32185354136933503 0.3713940281102721
9 743.0 0.0 -1.0 -1.0 -1.0 0.0 0.30322406541839386 0.32212323566628315 0.37465269891532293
9 744.0 0.0 -1.0 -1.0 -1.0 0.0 0.3401319312948467 0.3032303564144301 0.35663771229072294
9 745.0 0.0 -1.0 -1.0 -1.0 0.0 0.34934489588051953 0.29778525957816787 0.3528698445413127
9 746.0 0.0 -1.0 -1.0 -1.0 0.0 0.36361653996724647 0.29907377477070246 0.3373096852620512
9 747.0 0.0 -1.0 -1.0 -1.0 0.0 0.3579180855066063 0.3224045680510389 0.3196773464423547
9 748.0 0.0 -1.0 -1.0 -1.0 0.0 0.3224607966538357 0.3340985581231958 0.34344064522296874
9 749.0 0.0 -1.0 -1.0 -1.0 0.0 0.3386176254290841 0.32706535919819824 0.3343170153727177
9 750.0 0.0 -1.0 -1.0 -1.0 0.0 0.3196543553855563 0.32588250288410414 0.35446314173033966
9 751.0 0.0 -1.0 -1.0 -1.0 0.0 0.30471953594195755 0.35203750597819083 0.3432429580798516
9 752.0 0.0 -1.0 -1.0 -1.0 0.0 0.311879035371945 0.3600712890494984 0.32804967557855647
9 753.0 0.0 -1.0 -1.0 -1.0 0.0 0.32168195921832843 0.3472719579598193 0.33104608282185255
9 754.0 0.0 -1.0 -1.0 -1.0 0.0 0.31991041148186466 0.342228850131901 0.33786073838623437
9 755.0 0.0 -1.0 -1.0 -1.0 0.0 0.3617055977933032 0.32390905975019557 0.31438534245650124
9 756.0 0.0 -1.0 -1.0 -1.0 0.0 0.3407578215910718 0.34183876268068936 0.31740341572823866
9 757.0 0.0 -1.0 -1.0 -1.0 0.0 0.35302004092506395 0.33455680129843984 0.31242315777649643
9 758.0 0.0 -1.0 -1.0 -1.0 0.0 0.3528772005657275 0.3428788240332057 0.3042439754010669
9 759.0 0.0 -1.0 -1.0 -1.0 0.0 0.33074985174001476 0.32803476504581 0.34121538321417505
9 760.0 0.0 -1.0 -1.0 -1.0 0.0 0.3110764132196218 0.3333340530603227 0.3555895337200555
9 761.0 0.0 -1.0 -1.0 -1.0 0.0 0.30231873026405176 0.33458235278128784 0.36309891695466007
9 762.0 0.0 -1.0 -1.0 -1.0 0.0 0.28754643848892364 0.3291572829857013 0.3832962785253748
9 763.0 0.0 -1.0 -1.0 -1.0 0.0 0.3039798756598964 0.3497014430868377 0.346318681253266
9 764.0 0.0 -1.0 -1.0 -1.0 0.0 0.3145878637824107 0.35937232366884325 0.3260398125487458
9 765.0 0.0 -1.0 -1.0 -1.0 0.0 0.3234702427782832 0.3590716498290067 0.3174581073927103
9 766.0 0.0 -1.0 -1.0 -1.0 0.0 0.3582620773894732 0.32227604616260064 0.31946187644792595
9 767.0 0.0 -1.0 -1.0 -1.0 0.0 0.3776165719223883 0.3145331173103101 0.3078503107673016
9 768.0 0.0 -1.0 -1.0 -1.0 0.0 0.3770251848277843 0.3006004066341034 0.3223744085381123
9 769.0 0.0 -1.0 -1.0 -1.0 0.0 0.3713163651199649 0.3091021530471611 0.3195814818328738
9 770.0 0.0 -1.0 -1.0 -1.0 0.0 0.3424293304503854 0.30437132541257034 0.3531993441370443
9 771.0 0.0 -1.0 -1.0 -1.0 0.0 0.3365987128672387 0.3150239979330035 0.34837728919975786
9 772.0 0.0 -1.0 -1.0 -1.0 0.0 0.3358126644353731 0.32702288857658457 0.3371644469880423
9 773.0 0.0 -1.0 -1.0 -1.0 0.0 0.3359748775875638 0.31320386660430094 0.35082125580813556
9 774.0 0.0 -1.0 -1.0 -1.0 0.0 0.34816844674419384 0.3432155196782679 0.3086160335775381
9 775.0 0.0 -1.0 -1.0 -1.0 0.0 0.3354603780069683 0.34866182753840386 0.315877794454628
9 776.0 0.0 -1.0 -1.0 -1.0 0.0 0.32509118297754425 0.3544710573851434 0.32043775963731247
9 777.0 0.0 -1.0 -1.0 -1.0 0.0 0.32934386369908103 0.35675283376399947 0.31390330253691956
9 778.0 0.0 -1.0 -1.0 -1.0 0.0 0.31122206247572437 0.352224911194118 0.3365530263301579
9 779.0 0.0 -1.0 -1.0 -1.0 0.0 0.29599865396220126 0.352407141604245 0.3515942044335535
9 780.0 0.0 -1.0 -1.0 -1.0 0.0 0.3282787030489602 0.32473915824930955 0.3469821387017302
9 781.0 0.0 -1.0 -1.0 -1.0 0.0 0.32415298600391845 0.33580179915064207 0.3400452148454397
9 782.0 0.0 -1.0 -1.0 -1.0 0.0 0.2912118372670584 0.3499331872975164 0.3588549754354251
9 783.0 0.0 -1.0 -1.0 -1.0 0.0 0.29826684490133976 0.34754786318787717 0.354185291910783
9 784.0 0.0 -1.0 -1.0 -1.0 0.0 0.29885838080727534 0.34735241103018777 0.35378920816253684
9 785.0 0.0 -1.0 -1.0 -1.0 0.0 0.33787058349670174 0.3429545738232509 0.3191748426800473
9 786.0 0.0 -1.0 -1.0 -1.0 0.0 0.36011246838322214 0.31476352775573235 0.3251240038610454
9 787.0 0.0 -1.0 -1.0 -1.0 0.0 0.37207790464532176 0.3012490578452307 0.3266730375094478
9 788.0 0.0 -1.0 -1.0 -1.0 0.0 0.35259394913432024 0.3091971356269693 0.33820891523871055
9 789.0 0.0 -1.0 -1.0 -1.0 0.0 0.3460519999668568 0.3110831977988269 0.34286480223431653
9 790.0 0.0 -1.0 -1.0 -1.0 0.0 0.36805340712542106 0.29874982100860936 0.3331967718659697
9 791.0 0.0 -1.0 -1.0 -1.0 0.0 0.3837118037108068 0.3048198931572382 0.311468303131955
9 792.0 0.0 -1.0 -1.0 -1.0 0.0 0.40008492528056006 0.3074564105956327 0.29245866412380706
9 793.0 0.0 -1.0 -1.0 -1.0 0.0 0.3997868621333338 0.3169709085026756 0.2832422293639905
9 794.0 0.0 -1.0 -1.0 -1.0 0.0 0.3830302028921644 0.32855978589984147 0.28841001120799453
9 795.0 0.0 -1.0 -1.0 -1.0 0.0 0.36606333831412613 0.3367335186211296 0.2972031430647444
9 796.0 0.0 -1.0 -1.0 -1.0 0.0 0.3557290391275557 0.33748765288407784 0.30678330798836667
9 797.0 0.0 -1.0 -1.0 -1.0 0.0 0.3389656655283453 0.3305442690656292 0.3304900654060253
9 798.0 0.0 -1.0 -1.0 -1.0 0.0 0.3326727250692474 0.3191507716894828 0.34817650324126964
9 799.0 0.0 -1.0 -1.0 -1.0 0.0 0.3452950190762873 0.32189359501771314 0.3328113859059993
9 800.0 0.0 -1.0 -1.0 -1.0 0.0 0.3310991946554712 0.34026930153476775 0.3286315038097613
9 801.0 0.0 -1.0 -1.0 -1.0 0.0 0.33328275008169633 0.3288092403765049 0.3379080095417988
9 802.0 0.0 -1.0 -1.0 -1.0 0.0 0.3150708206597862 0.33235647210787916 0.35257270723233475
9 803.0 0.0 -1.0 -1.0 -1.0 0.0 0.33355072148824383 0.32910566748546294 0.3373436110262933
9 804.0 0.0 -1.0 -1.0 -1.0 0.0 0.33506913877364675 0.34191377058809963 0.3230170906382538
9 805.0 0.0 -1.0 -1.0 -1.0 0.0 0.33795168013891036 0.32636603583360296 0.3356822840274867
9 806.0 0.0 -1.0 -1.0 -1.0 0.0 0.3280952164059863 0.31471887909014634 0.3571859045038673
9 807.0 0.0 -1.0 -1.0 -1.0 0.0 0.3189395828844112 0.3483060010037758 0.33275441611181306
9 808.0 0.0 -1.0 -1.0 -1.0 0.0 0.3266087311077031 0.33853352250606206 0.33485774638623483
9 809.0 0.0 -1.0 -1.0 -1.0 0.0 0.32422506530960926 0.32257371806763885 0.3532012166227519
9 810.0 0.0 -1.0 -1.0 -1.0 0.0 0.31748926836241464 0.2988402204722213 0.3836705111653641
9 811.0 0.0 -1.0 -1.0 -1.0 0.0 0.3288190187894617 0.3290375574819702 0.3421434237285681
9 812.0 0.0 -1.0 -1.0 -1.0 0.0 0.3382980457372646 0.33232256390630516 0.3293793903564305
9 813.0 0.0 -1.0 -1.0 -1.0 0.0 0.3182511426241459 0.3418159454606233 0.3399329119152309
9 814.0 0.0 -1.0 -1.0 -1.0 0.0 0.3187521012621225 0.3348589503601357 0.34638894837774203
9 815.0 0.0 -1.0 -1.0 -1.0 0.0 0.33756601303041933 0.30900256099401646 0.353431425975564
9 816.0 0.0 -1.0 -1.0 -1.0 0.0 0.35738250313109843 0.31505325176444626 0.3275642451044554
9 817.0 0.0 -1.0 -1.0 -1.0 0.0 0.3629546041265885 0.286930657440842 0.35011473843256946
9 818.0 0.0 -1.0 -1.0 -1.0 0.0 0.3226482229098386 0.31165881845177185 0.3656929586383895
9 819.0 0.0 -1.0 -1.0 -1.0 0.0 0.30177572853686935 0.32662888575968524 0.3715953857034455
9 820.0 0.0 -1.0 -1.0 -1.0 0.0 0.3059651210826835 0.31506116670985135 0.37897371220746495
9 821.0 0.0 -1.0 -1.0 -1.0 0.0 0.3382951631930549 0.32076874789432047 0.34093608891262456
9 822.0 0.0 -1.0 -1.0 -1.0 0.0 0.319643592399131 0.31331751063501606 0.3670388969658531
9 823.0 0.0 -1.0 -1.0 -1.0 0.0 0.3093634617752056 0.31417811263890966 0.37645842558588494
9 824.0 0.0 -1.0 -1.0 -1.0 0.0 0.31143247916238104 0.35467626170804145 0.3338912591295774
9 825.0 0.0 -1.0 -1.0 -1.0 0.0 0.3259249671439499 0.34217836109891997 0.3318966717571303
9 826.0 0.0 -1.0 -1.0 -1.0 0.0 0.3229393810440986 0.35367624855975516 0.32338437039614626
9 827.0 0.0 -1.0 -1.0 -1.0 0.0 0.31455384700609396 0.354080928148568 0.331365224845338
9 828.0 0.0 -1.0 -1.0 -1.0 0.0 0.3190830525720897 0.3543580434164514 0.32655890401145904
9 829.0 0.0 -1.0 -1.0 -1.0 0.0 0.3251357324584858 0.3572166519157443 0.31764761562576993
9 830.0 0.0 -1.0 -1.0 -1.0 0.0 0.3230452968094483 0.355151021861452 0.3218036813291
9 831.0 0.0 -1.0 -1.0 -1.0 0.0 0.3583396212043701 0.3243156961267697 0.31734468266886023
9 832.0 0.0 -1.0 -1.0 -1.0 0.0 0.36201833394310085 0.33749269559133327 0.3004889704655659
9 833.0 0.0 -1.0 -1.0 -1.0 0.0 0.3646266599498823 0.3233167025962642 0.31205663745385387
9 834.0 0.0 -1.0 -1.0 -1.0 0.0 0.34766561026689613 0.3438325557428219 0.3085018339902822
9 835.0 0.0 -1.0 -1.0 -1.0 0.0 0.34530678564048733 0.34044634063923646 0.3142468737202763
9 836.0 0.0 -1.0 -1.0 -1.0 0.0 0.3494562628442669 0.3284405222484216 0.3221032149073117
9 837.0 0.0 -1.0 -1.0 -1.0 0.0 0.33625127491712353 0.3457919127439188 0.3179568123389576
9 838.0 0.0 -1.0 -1.0 -1.0 0.0 0.34859405098989393 0.3312641523776512 0.32014179663245473
9 839.0 0.0 -1.0 -1.0 -1.0 0.0 0.35798089040425135 0.31459360629511723 0.3274255033006315
9 840.0 0.0 -1.0 -1.0 -1.0 0.0 0.38243422891502304 0.30089643042837166 0.3166693406566051
9 841.0 0.0 -1.0 -1.0 -1.0 0.0 0.3618618059671714 0.3161651708560763 0.3219730231767526
9 842.0 0.0 -1.0 -1.0 -1.0 0.0 0.36940643206672746 0.3093558123030226 0.32123775563024975
9 843.0 0.0 -1.0 -1.0 -1.0 0.0 0.3612771406510698 0.318858660864696 0.3198641984842342
9 844.0 0.0 -1.0 -1.0 -1.0 0.0 0.353728329071535 0.29830093660261187 0.347970734325853
9 845.0 0.0 -1.0 -1.0 -1.0 0.0 0.3503516679048729 0.3115297542494557 0.3381185778456711
9 846.0 0.0 -1.0 -1.0 -1.0 0.0 0.3620581222192814 0.2986966612110254 0.33924521656969325
9 847.0 0.0 -1.0 -1.0 -1.0 0.0 0.3697536127026551 0.2901526867835688 0.3400937005137763
9 848.0 0.0 -1.0 -1.0 -1.0 0.0 0.3591387603566264 0.3015879528153817 0.33927328682799185
9 849.0 0.0 -1.0 -1.0 -1.0 0.0 0.34728419489034856 0.3070792615528834 0.345636543556768
9 850.0 0.0 -1.0 -1.0 -1.0 0.0 0.3384737908870919 0.30564350031950793 0.3558827087933999
9 851.0 0.0 -1.0 -1.0 -1.0 0.0 0.33716758537588204 0.33479976855966753 0.3280326460644502
9 852.0 0.0 -1.0 -1.0 -1.0 0.0 0.34347992607756694 0.3486494947408821 0.307870579181551
9 853.0 0.0 -1.0 -1.0 -1.0 0.0 0.3471098673986742 0.34185822489917117 0.31103190770215483
9 854.0 0.0 -1.0 -1.0 -1.0 0.0 0.33953100044576945 0.34885296235068625 0.31161603720354436
9 855.0 0.0 -1.0 -1.0 -1.0 0.0 0.3478137943094868 0.2992800834071667 0.35290612228334667
9 856.0 0.0 -1.0 -1.0 -1.0 0.0 0.3367897123865642 0.2833297426445097 0.3798805449689263
9 857.0 0.0 -1.0 -1.0 -1.0 0.0 0.3595539308944739 0.2660943692043437 0.3743516999011823
9 858.0 0.0 -1.0 -1.0 -1.0 0.0 0.33266927580476613 0.25721448036894745 0.4101162438262865
9 859.0 0.0 -1.0 -1.0 -1.0 0.0 0.34212051638621443 0.27645424568904814 0.3814252379247376
9 860.0 0.0 -1.0 -1.0 -1.0 0.0 0.326137714076689 0.3135173557775905 0.36034493014572055
9 861.0 0.0 -1.0 -1.0 -1.0 0.0 0.32807252537378967 0.3113629067465121 0.36056456787969837
9 862.0 0.0 -1.0 -1.0 -1.0 0.0 0.3308868235869595 0.30823634091336555 0.36087683549967514
9 863.0 0.0 -1.0 -1.0 -1.0 0.0 0.33216041886546954 0.32576967133235124 0.3420699098021792
9 864.0 0.0 -1.0 -1.0 -1.0 0.0 0.3429564652321435 0.3441339420351654 0.31290959273269087
9 865.0 0.0 -1.0 -1.0 -1.0 0.0 0.3259139900379116 0.34004413390103344 0.3340418760610549
9 866.0 0.0 -1.0 -1.0 -1.0 0.0 0.3346922652167328 0.3573240558325117 0.30798367895075546
9 867.0 0.0 -1.0 -1.0 -1.0 0.0 0.33045777184980246 0.33234015778840637 0.3372020703617911
9 868.0 0.0 -1.0 -1.0 -1.0 0.0 0.32863871793349125 0.318076997164788 0.35328428490172087
9 869.0 0.0 -1.0 -1.0 -1.0 0.0 0.3233512687559122 0.30777308636685824 0.3688756448772294
9 870.0 0.0 -1.0 -1.0 -1.0 0.0 0.3240271891100586 0.30411841559478503 0.3718543952951566
9 871.0 0.0 -1.0 -1.0 -1.0 0.0 0.32282729267521143 0.3039333038201498 0.37323940350463886
9 872.0 0.0 -1.0 -1.0 -1.0 0.0 0.3286245515415052 0.30013257920293 0.37124286925556477
9 873.0 0.0 -1.0 -1.0 -1.0 0.0 0.3572629146450138 0.3100293263345606 0.33270775902042565
9 874.0 0.0 -1.0 -1.0 -1.0 0.0 0.3544774583542072 0.29885848745602056 0.3466640541897721
9 875.0 0.0 -1.0 -1.0 -1.0 0.0 0.3637756952640095 0.31920716009970684 0.3170171446362842
9 876.0 0.0 -1.0 -1.0 -1.0 0.0 0.37386778764609213 0.2941047461624994 0.33202746619140877
9 877.0 0.0 -1.0 -1.0 -1.0 0.0 0.35855397602923267 0.2892625343554453 0.3521834896153218
9 878.0 0.0 -1.0 -1.0 -1.0 0.0 0.32915767735131496 0.3035272553287013 0.36731506731998353
9 879.0 0.0 -1.0 -1.0 -1.0 0.0 0.36350735403785983 0.28609616431236906 0.35039648164977094
9 880.0 0.0 -1.0 -1.0 -1.0 0.0 0.3375986905291355 0.3038545174658564 0.35854679200500816
9 881.0 0.0 -1.0 -1.0 -1.0 0.0 0.323586362007524 0.28907086914329533 0.3873427688491806
9 882.0 0.0 -1.0 -1.0 -1.0 0.0 0.33595974056181205 0.3074200793492251 0.35662018008896273
9 883.0 0.0 -1.0 -1.0 -1.0 0.0 0.33821038621068467 0.3125902675532869 0.3491993462360286
9 884.0 0.0 -1.0 -1.0 -1.0 0.0 0.3223102233870939 0.33082479366586937 0.3468649829470369
9 885.0 0.0 -1.0 -1.0 -1.0 0.0 0.30394948195847404 0.3410950428483364 0.3549554751931896
9 886.0 0.0 -1.0 -1.0 -1.0 0.0 0.3331789934423209 0.33018053403135544 0.33664047252632345
9 887.0 0.0 -1.0 -1.0 -1.0 0.0 0.3195565300200436 0.3427813396704453 0.3376621303095113
9 888.0 0.0 -1.0 -1.0 -1.0 0.0 0.28774174682960924 0.35936125927363344 0.35289699389675705
9 889.0 0.0 -1.0 -1.0 -1.0 0.0 0.3046021602736013 0.3687908029909949 0.32660703673540376
9 890.0 0.0 -1.0 -1.0 -1.0 0.0 0.31827511280364645 0.3563370035807521 0.3253878836156013
9 891.0 0.0 -1.0 -1.0 -1.0 0.0 0.329080462679858 0.36883570580264957 0.3020838315174926
9 892.0 0.0 -1.0 -1.0 -1.0 0.0 0.33461665082004877 0.34953829074436094 0.31584505843559046
9 893.0 0.0 -1.0 -1.0 -1.0 0.0 0.32155206261788033 0.3484879032519437 0.3299600341301758
9 894.0 0.0 -1.0 -1.0 -1.0 0.0 0.325991723746832 0.34492081509162986 0.329087461161538
9 895.0 0.0 -1.0 -1.0 -1.0 0.0 0.32340340513103605 0.3409615266950929 0.3356350681738711
9 896.0 0.0 -1.0 -1.0 -1.0 0.0 0.31802723001048866 0.35794460469863437 0.3240281652908771
9 897.0 0.0 -1.0 -1.0 -1.0 0.0 0.30746341252289033 0.3448276774101331 0.3477089100669765
9 898.0 0.0 -1.0 -1.0 -1.0 0.0 0.30150333228581266 0.34162425820133385 0.35687240951285354
9 899.0 0.0 -1.0 -1.0 -1.0 0.0 0.3164685718739413 0.3522974145870046 0.3312340135390541
9 900.0 0.0 -1.0 -1.0 -1.0 0.0 0.3231769933023618 0.37277362400478714 0.3040493826928512
9 901.0 0.0 -1.0 -1.0 -1.0 0.0 0.31572815378203356 0.3714850847631612 0.31278676145480516
9 902.0 0.0 -1.0 -1.0 -1.0 0.0 0.28849805047802485 0.4044716579832063 0.30703029153876926
9 903.0 0.0 -1.0 -1.0 -1.0 0.0 0.31078785711591933 0.36081402996685197 0.3283981129172286
9 904.0 0.0 -1.0 -1.0 -1.0 0.0 0.29609578311730955 0.36474414507328023 0.33916007180941016
9 905.0 0.0 -1.0 -1.0 -1.0 0.0 0.2809858643446936 0.37593646638575284 0.34307766926955346
9 906.0 0.0 -1.0 -1.0 -1.0 0.0 0.3280930705820315 0.3447000919300232 0.3272068374879453
9 907.0 0.0 -1.0 -1.0 -1.0 0.0 0.3396642925120812 0.326832053621283 0.33350365386663566
9 908.0 0.0 -1.0 -1.0 -1.0 0.0 0.32671346344941676 0.34263254715319164 0.3306539893973916
9 909.0 0.0 -1.0 -1.0 -1.0 0.0 0.3570796903997806 0.32057959718292134 0.32234071241729806
9 910.0 0.0 -1.0 -1.0 -1.0 0.0 0.3703899825673675 0.32627202781105574 0.3033379896215766
9 911.0 0.0 -1.0 -1.0 -1.0 0.0 0.3766829583424044 0.3265657460655636 0.29675129559203184
9 912.0 0.0 -1.0 -1.0 -1.0 0.0 0.3465128424727091 0.31464437836593623 0.3388427791613546
9 913.0 0.0 -1.0 -1.0 -1.0 0.0 0.35170649715941205 0.31910475145441936 0.3291887513861687
9 914.0 0.0 -1.0 -1.0 -1.0 0.0 0.34372171400036144 0.3206479767496056 0.3356303092500331
9 915.0 0.0 -1.0 -1.0 -1.0 0.0 0.3354493689082967 0.3435787710044572 0.32097186008724626
9 916.0 0.0 -1.0 -1.0 -1.0 0.0 0.3565963223024023 0.3190374429603148 0.32436623473728304
9 917.0 0.0 -1.0 -1.0 -1.0 0.0 0.32320002832281125 0.32057285303309335 0.35622711864409545
9 918.0 0.0 -1.0 -1.0 -1.0 0.0 0.31377983647441104 0.3075779090806975 0.3786422544448915
9 919.0 0.0 -1.0 -1.0 -1.0 0.0 0.3106618289309628 0.3222302740361212 0.3671078970329161
9 920.0 0.0 -1.0 -1.0 -1.0 0.0 0.2916316870782405 0.3240529543595443 0.3843153585622152
9 921.0 0.0 -1.0 -1.0 -1.0 0.0 0.29011809707340425 0.3310549611832419 0.37882694174335413
9 922.0 0.0 -1.0 -1.0 -1.0 0.0 0.3004797006456362 0.32555580035802817 0.3739644989963357
9 923.0 0.0 -1.0 -1.0 -1.0 0.0 0.32978363544355643 0.31730604271194046 0.3529103218445033
9 924.0 0.0 -1.0 -1.0 -1.0 0.0 0.3344804726402702 0.29885438974595474 0.3666651376137748
9 925.0 0.0 -1.0 -1.0 -1.0 0.0 0.31971057951564175 0.30759683300410184 0.37269258748025613
9 926.0 0.0 -1.0 -1.0 -1.0 0.0 0.30225677677657875 0.33358267686129756 0.3641605463621234
9 927.0 0.0 -1.0 -1.0 -1.0 0.0 0.32936441422776597 0.3359637840094796 0.33467180176275435
9 928.0 0.0 -1.0 -1.0 -1.0 0.0 0.3427288374040871 0.338001052935738 0.3192701096601749
9 929.0 0.0 -1.0 -1.0 -1.0 0.0 0.3591008829852383 0.31723796807691057 0.32366114893785125
9 930.0 0.0 -1.0 -1.0 -1.0 0.0 0.3522489089554311 0.334852919264036 0.3128981717805329
9 931.0 0.0 -1.0 -1.0 -1.0 0.0 0.3458696658724271 0.342644407064519 0.3114859270630539
9 932.0 0.0 -1.0 -1.0 -1.0 0.0 0.30751540317001824 0.36862817740192766 0.323856419428054
9 933.0 0.0 -1.0 -1.0 -1.0 0.0 0.3140926411506133 0.3302020041663774 0.35570535468300934
9 934.0 0.0 -1.0 -1.0 -1.0 0.0 0.3227308933312798 0.316505296084735 0.36076381058398505
9 935.0 0.0 -1.0 -1.0 -1.0 0.0 0.31857114163738476 0.31953963812166064 0.3618892202409545
9 936.0 0.0 -1.0 -1.0 -1.0 0.0 0.30805275014734806 0.3220847413657154 0.3698625084869364
9 937.0 0.0 -1.0 -1.0 -1.0 0.0 0.32064327525407926 0.33236538572369206 0.34699133902222856
9 938.0 0.0 -1.0 -1.0 -1.0 0.0 0.31450155923138146 0.3215511230461008 0.3639473177225176
9 939.0 0.0 -1.0 -1.0 -1.0 0.0 0.32048460816563834 0.3120175098575006 0.367497881976861
9 940.0 0.0 -1.0 -1.0 -1.0 0.0 0.32024370329089985 0.30058926112305295 0.3791670355860473
9 941.0 0.0 -1.0 -1.0 -1.0 0.0 0.33107296512077977 0.3227701571382146 0.34615687774100534
9 942.0 0.0 -1.0 -1.0 -1.0 0.0 0.3488532807920002 0.3188359265138924 0.3323107926941073
9 943.0 0.0 -1.0 -1.0 -1.0 0.0 0.35108112692938875 0.3086701542413651 0.34024871882924623
9 944.0 0.0 -1.0 -1.0 -1.0 0.0 0.3269240674693033 0.32550554312653274 0.347570389404164
9 945.0 0.0 -1.0 -1.0 -1.0 0.0 0.35537702480395167 0.3363361001726642 0.308286875023384
9 946.0 0.0 -1.0 -1.0 -1.0 0.0 0.32554226501626304 0.35049217211316713 0.32396556287056966
9 947.0 0.0 -1.0 -1.0 -1.0 0.0 0.3407200453599741 0.32684649115285985 0.33243346348716607
9 948.0 0.0 -1.0 -1.0 -1.0 0.0 0.339599784509628 0.32170512715480626 0.3386950883355658
9 949.0 0.0 -1.0 -1.0 -1.0 0.0 0.36177132962757647 0.3175832955892939 0.3206453747831295
9 950.0 0.0 -1.0 -1.0 -1.0 0.0 0.35578746389769245 0.3242000218332415 0.32001251426906596
9 951.0 0.0 -1.0 -1.0 -1.0 0.0 0.33630960252355196 0.3299964939495191 0.33369390352692896
9 952.0 0.0 -1.0 -1.0 -1.0 0.0 0.3168519516299815 0.34291893051626715 0.3402291178537514
9 953.0 0.0 -1.0 -1.0 -1.0 0.0 0.32888201882771073 0.32842115977689784 0.34269682139539176
9 954.0 0.0 -1.0 -1.0 -1.0 0.0 0.3376345682802816 0.3222439141393563 0.340121517580362
9 955.0 0.0 -1.0 -1.0 -1.0 0.0 0.33707719215950793 0.3350162715231699 0.32790653631732225
9 956.0 0.0 -1.0 -1.0 -1.0 0.0 0.34305237546817907 0.3234211995330151 0.3335264249988058
9 957.0 0.0 -1.0 -1.0 -1.0 0.0 0.36164372718272936 0.3278214174885111 0.3105348553287597
9 958.0 0.0 -1.0 -1.0 -1.0 0.0 0.3377665424795062 0.3592779031479641 0.3029555543725297
9 959.0 0.0 -1.0 -1.0 -1.0 0.0 0.31952511646461573 0.3451414896516464 0.3353333938837379
9 960.0 0.0 -1.0 -1.0 -1.0 0.0 0.3105878530934939 0.36775792519247097 0.32165422171403485
9 961.0 0.0 -1.0 -1.0 -1.0 0.0 0.33546072100950985 0.34587210882181496 0.31866717016867513
9 962.0 0.0 -1.0 -1.0 -1.0 0.0 0.3172804186644831 0.3556554503501822 0.32706413098533477
9 963.0 0.0 -1.0 -1.0 -1.0 0.0 0.3335759882768449 0.3470048129736118 0.31941919874954333
9 964.0 0.0 -1.0 -1.0 -1.0 0.0 0.2976973636366931 0.36021718181152595 0.3420854545517809
9 965.0 0.0 -1.0 -1.0 -1.0 0.0 0.3212602099306225 0.36406036100394984 0.3146794290654277
9 966.0 0.0 -1.0 -1.0 -1.0 0.0 0.31431003473542474 0.3599348922916583 0.32575507297291667
9 967.0 0.0 -1.0 -1.0 -1.0 0.0 0.3083729455868813 0.35970828327622845 0.33191877113688995
9 968.0 0.0 -1.0 -1.0 -1.0 0.0 0.32779249101684277 0.34174422400136356 0.3304632849817937
9 969.0 0.0 -1.0 -1.0 -1.0 0.0 0.3406245255527374 0.30239934511470573 0.3569761293325568
9 970.0 0.0 -1.0 -1.0 -1.0 0.0 0.3539436709156557 0.3067472172161439 0.3393091118682001
9 971.0 0.0 -1.0 -1.0 -1.0 0.0 0.34818353894672854 0.3122085307854693 0.3396079302678021
9 972.0 0.0 -1.0 -1.0 -1.0 0.0 0.36218262472063595 0.32093379229831875 0.31688358298104524
9 973.0 0.0 -1.0 -1.0 -1.0 0.0 0.3862936562284565 0.30021546110277336 0.3134908826687701
9 974.0 0.0 -1.0 -1.0 -1.0 0.0 0.35364873082441045 0.3108101689352645 0.3355411002403254
9 975.0 0.0 -1.0 -1.0 -1.0 0.0 0.34764909567519775 0.32868106276357495 0.32366984156122736
9 976.0 0.0 -1.0 -1.0 -1.0 0.0 0.3413874450711822 0.32892635384569 0.32968620108312763
9 977.0 0.0 -1.0 -1.0 -1.0 0.0 0.3716441490031055 0.31011510916621315 0.3182407418306814
9 978.0 0.0 -1.0 -1.0 -1.0 0.0 0.3642893707408305 0.30711510739144837 0.32859552186772123
9 979.0 0.0 -1.0 -1.0 -1.0 0.0 0.3710243266182303 0.2756183510388935 0.35335732234287626
9 980.0 0.0 -1.0 -1.0 -1.0 0.0 0.35265282709883855 0.2913043160695943 0.35604285683156706
9 981.0 0.0 -1.0 -1.0 -1.0 0.0 0.3519809059226317 0.30442256230575504 0.34359653177161337
9 982.0 0.0 -1.0 -1.0 -1.0 0.0 0.36739788686146535 0.2909387615884756 0.34166335155005934
9 983.0 0.0 -1.0 -1.0 -1.0 0.0 0.3261242005667673 0.3047535715158038 0.3691222279174291
9 984.0 0.0 -1.0 -1.0 -1.0 0.0 0.3079926298737161 0.3234985004660727 0.36850886966021107
9 985.0 0.0 -1.0 -1.0 -1.0 0.0 0.2992554266520286 0.3569452879286378 0.34379928541933347
9 986.0 0.0 -1.0 -1.0 -1.0 0.0 0.303927515789419 0.3633326720363209 0.33273981217425996
9 987.0 0.0 -1.0 -1.0 -1.0 0.0 0.3144216503632156 0.35906049649784694 0.32651785313893755
9 988.0 0.0 -1.0 -1.0 -1.0 0.0 0.330337648334412 0.34540995193130714 0.324252399734281
9 989.0 0.0 -1.0 -1.0 -1.0 0.0 0.3637337720553816 0.30677615675330433 0.32949007119131407
9 990.0 0.0 -1.0 -1.0 -1.0 0.0 0.3784017199522104 0.3044971395255974 0.31710114052219224
9 991.0 0.0 -1.0 -1.0 -1.0 0.0 0.3648405040299047 0.3152224999033833 0.3199369960667123
9 992.0 0.0 -1.0 -1.0 -1.0 0.0 0.34737338078355806 0.31121009501057106 0.34141652420587115
9 993.0 0.0 -1.0 -1.0 -1.0 0.0 0.3559480262640682 0.2772085252275084 0.3668434485084235
9 994.0 0.0 -1.0 -1.0 -1.0 0.0 0.36482517145793486 0.3014254570533274 0.3337493714887378
9 995.0 0.0 -1.0 -1.0 -1.0 0.0 0.3807123301517031 0.2954184859616178 0.32386918388667907
9 996.0 0.0 -1.0 -1.0 -1.0 0.0 0.3608876536041508 0.30667363375218193 0.33243871264366703
9 997.0 0.0 -1.0 -1.0 -1.0 0.0 0.34727416937278927 0.32883417805956566 0.3238916525676452
9 998.0 0.0 -1.0 -1.0 -1.0 0.0 0.3432119757324118 0.3302384435076814 0.32654958075990675
9 999.0 0.0 -1.0 -1.0 -1.0 0.0 0.323216887565342 0.31499483552002805 0.36178827691462984
9 1000.0 0.0 -1.0 -1.0 -1.0 0.0 0.3262853510571893 0.3525706747735994 0.3211439741692114
1000000000000000000000000000000000000000000000000000000000000000000000000000000000000000000000000000
-1.0
solo con 1: -100.0
