9 0.0 27.0 -40.0 -162.0 -103.16 49.835227490098795 0.3333333333333333 0.3333333333333333 0.3333333333333333
9 1.0 77.0 -39.0 -159.0 -79.78 46.18924182757344 0.3251759574116182 0.2787630401639493 0.3960610024244326
9 2.0 14.0 -38.0 -154.0 -66.56 39.49563842433054 0.3038844631680904 0.24589201215059098 0.4502235246813184
9 3.0 14.0 -36.0 -153.0 -58.8 35.62203381236524 0.2715889289492619 0.22353466397837085 0.5048764070723671
9 4.0 8.0 -33.0 -151.0 -48.37 23.879603316333682 0.23921544213828003 0.20006302429234402 0.560721533569376
9 5.0 8.0 -31.0 -151.0 -43.08 16.723346047675474 0.22441709435937585 0.17875653743986522 0.5968263682007591
9 6.0 72.0 -30.0 -55.0 -38.26 5.629324375916964 0.210889732433728 0.16502992760410845 0.6240803399621637
9 7.0 76.0 -27.0 -53.0 -35.31 5.374265277480011 0.20614338341386854 0.1320312300640888 0.6618253865220425
9 8.0 48.0 -26.0 -53.0 -32.7 5.062238894625836 0.19255526815712407 0.1116439151120203 0.6958008167308556
9 9.0 78.0 -24.0 -53.0 -30.74 5.219659805470895 0.17387241763528116 0.11480795718706835 0.7113196251776503
9 10.0 24.0 -21.0 -50.0 -28.03 4.850190041054414 0.16777250066686883 0.1106679079143785 0.7215595914187528
9 11.0 21.0 -21.0 -50.0 -26.38 4.974236655310067 0.15733950666297056 0.10611573902002235 0.7365447543170073
9 12.0 69.0 -20.0 -50.0 -24.11 4.277956181508766 0.1521564607377899 0.10218932557519102 0.7456542136870193
9 13.0 2.0 -19.0 -50.0 -22.6 4.177863742936747 0.13326445598903164 0.08641793989416494 0.7803176041168034
9 14.0 64.0 -16.0 -50.0 -21.13 4.289180656847034 0.14074852574632035 0.08480651805239761 0.7744449562012816
9 15.0 64.0 -15.0 -50.0 -19.53 3.3588568281365 0.13137335790740542 0.08653135727403527 0.7820952848185598
9 16.0 35.0 -15.0 -30.0 -18.16 1.7736568399379242 0.12919159146804238 0.09053606318286755 0.7802723453490898
9 17.0 50.0 -13.0 -21.0 -16.78 1.53465029083225 0.13187119205777578 0.07988342827656425 0.7882453796656599
9 18.0 11.0 -13.0 -21.0 -15.29 1.5128740459099295 0.13345773059645066 0.07726285522258211 0.7892794141809675
9 19.0 11.0 -12.0 -20.0 -13.98 1.3997113699587924 0.11476049103002804 0.07477978195434054 0.8104597270156311
9 20.0 9.0 -11.0 -18.0 -12.73 1.1446405637587818 0.10653206002452303 0.07015567659857971 0.8233122633768969
9 21.0 57.0 -9.0 -15.0 -11.61 1.1537816609792868 0.11272283713242222 0.07943508737735008 0.8078420754902276
9 22.0 0.0 -9.0 -15.0 -10.68 0.9731755787475909 0.12124688851577892 0.0907985465190683 0.7879545649651528
9 23.0 62.0 -8.0 -12.0 -9.94 0.7890667035341575 0.1159099379043583 0.09642390984916945 0.7876661522464724
9 24.0 10.0 -7.0 -11.0 -9.16 0.8253557543339238 0.11690582854437097 0.11111040724114318 0.7719837642144859
9 25.0 0.0 -6.0 -11.0 -8.42 0.9553676113032471 0.11400736421343356 0.11473562946568386 0.7712570063208827
9 26.0 58.0 -5.0 -11.0 -7.46 0.9683892697555971 0.1220107350732471 0.10713211594320972 0.7708571489835431
9 27.0 16.0 -5.0 -11.0 -6.62 1.0615407137122375 0.11685655958227467 0.11687619065907139 0.7662672497586537
9 28.0 6.0 -4.0 -11.0 -5.85 1.1135075167680675 0.13104699861515612 0.1261856839655654 0.7427673174192785
9 29.0 6.0 -3.0 -9.0 -5.15 0.925235432774062 0.12605794081766003 0.11974879639867306 0.7541932627836669
9 30.0 6.0 -3.0 -9.0 -4.62 0.982472658781162 0.1524104788686422 0.11957011816713047 0.7280194029642273
9 31.0 1.0 -3.0 -9.0 -4.07 0.9873441572463404 0.1447768533085504 0.11957746034462949 0.73564568634682
9 32.0 17.0 -2.0 -9.0 -3.56 0.998180162277149 0.15045959911390566 0.12715048900384965 0.7223899118822444
9 33.0 17.0 -2.0 -9.0 -3.13 0.8245598764789553 0.1533341721073432 0.1533713889763471 0.6932944389163097
9 34.0 24.0 -1.0 -6.0 -2.82 0.7437279832918179 0.15298854157696884 0.1613536664725984 0.6856577919504327
9 35.0 13.0 -1.0 -6.0 -2.42 0.7545150292028178 0.14817155963737647 0.14403595632628233 0.7077924840363409
9 36.0 5.0 -1.0 -6.0 -1.9 0.7849596270902193 0.1418941126574524 0.15768733767799167 0.7004185496645556
9 37.0 1.0 -1.0 -6.0 -1.48 0.7717224601860159 0.15187952905693886 0.1575329762649235 0.6905874946781375
9 38.0 0.0 -1.0 -6.0 -1.25 0.6871842709362768 0.1916740511997557 0.18304098704167632 0.6252849617585678
9 39.0 0.0 -1.0 -6.0 -1.18 0.6257117159804128 0.19147248793262028 0.21614633278404904 0.5923811792833306
9 40.0 0.0 -1.0 -6.0 -1.11 0.5666666666666668 0.20367717582945322 0.23877578306306485 0.557547041107482
9 41.0 0.0 -1.0 -2.0 -1.01 0.09999999999999998 0.2326730628157775 0.26870895842255166 0.4986179787616706
9 42.0 0.0 -1.0 -1.0 -1.0 0.0 0.24643883021282156 0.29112067124271507 0.4624404985444633
9 43.0 0.0 -1.0 -1.0 -1.0 0.0 0.2558248291015693 0.3002370552206504 0.44393811567777985
9 44.0 0.0 -1.0 -1.0 -1.0 0.0 0.28509070981629014 0.32110528044357145 0.393804009740138
9 45.0 0.0 -1.0 -1.0 -1.0 0.0 0.28663477048934577 0.32073310133527744 0.39263212817537707
9 46.0 0.0 -1.0 -1.0 -1.0 0.0 0.3076863230566884 0.3321400808893753 0.36017359605393623
9 47.0 0.0 -1.0 -1.0 -1.0 0.0 0.3059475791035101 0.3395742415143802 0.3544781793821099
9 48.0 0.0 -1.0 -1.0 -1.0 0.0 0.3208613582017991 0.3450028513177352 0.33413579048046577
9 49.0 0.0 -1.0 -1.0 -1.0 0.0 0.3296400870024842 0.34922490065536166 0.3211350123421541
9 50.0 0.0 -1.0 -1.0 -1.0 0.0 0.309744223062491 0.34690587758138713 0.3433498993561219
9 51.0 0.0 -1.0 -1.0 -1.0 0.0 0.3368057138602813 0.3259647156557856 0.3372295704839331
9 52.0 0.0 -1.0 -1.0 -1.0 0.0 0.326285642776429 0.3500687435334388 0.32364561369013195
9 53.0 0.0 -1.0 -1.0 -1.0 0.0 0.306477888708019 0.3494220173317042 0.34410009396027674
9 54.0 0.0 -1.0 -1.0 -1.0 0.0 0.3368212325856196 0.3228018839198694 0.340376883494511
9 55.0 0.0 -1.0 -1.0 -1.0 0.0 0.3349908703593206 0.30426835207919306 0.3607407775614861
9 56.0 0.0 -1.0 -1.0 -1.0 0.0 0.32666752417462147 0.3432354158702705 0.330097059955108
9 57.0 0.0 -1.0 -1.0 -1.0 0.0 0.3481775908752629 0.3263341891971058 0.3254882199276312
9 58.0 0.0 -1.0 -1.0 -1.0 0.0 0.32869575247050725 0.3379561440352144 0.3333481034942781
9 59.0 0.0 -1.0 -1.0 -1.0 0.0 0.3123226744540625 0.3469434076600157 0.3407339178859219
9 60.0 0.0 -1.0 -1.0 -1.0 0.0 0.31016781575554503 0.35104789714591855 0.33878428709853653
9 61.0 0.0 -1.0 -1.0 -1.0 0.0 0.3239975552379269 0.3441761415678514 0.3318263031942218
9 62.0 0.0 -1.0 -1.0 -1.0 0.0 0.339735721370538 0.34750576186935483 0.3127585167601072
9 63.0 0.0 -1.0 -1.0 -1.0 0.0 0.34996558257711036 0.3295234090250987 0.32051100839779084
9 64.0 0.0 -1.0 -1.0 -1.0 0.0 0.33568741200719115 0.34023592091082117 0.32407666708198785
9 65.0 0.0 -1.0 -1.0 -1.0 0.0 0.3421005708533156 0.34358190865007854 0.3143175204966059
9 66.0 0.0 -1.0 -1.0 -1.0 0.0 0.35906327590599846 0.3332920876592892 0.30764463643471246
9 67.0 0.0 -1.0 -1.0 -1.0 0.0 0.37456066820741335 0.31751775658513554 0.3079215752074516
9 68.0 0.0 -1.0 -1.0 -1.0 0.0 0.3631048549938558 0.32261116018297803 0.3142839848231662
9 69.0 0.0 -1.0 -1.0 -1.0 0.0 0.34052914845876747 0.3193976708166763 0.3400731807245559
9 70.0 0.0 -1.0 -1.0 -1.0 0.0 0.3328562123943552 0.3228508159183063 0.3442929716873385
9 71.0 0.0 -1.0 -1.0 -1.0 0.0 0.3279109072043856 0.33479244814545767 0.33729664465015685
9 72.0 0.0 -1.0 -1.0 -1.0 0.0 0.32567491489211514 0.32815624899135704 0.34616883611652777
9 73.0 0.0 -1.0 -1.0 -1.0 0.0 0.3264167046302097 0.2994192604670549 0.37416403490273503
9 74.0 0.0 -1.0 -1.0 -1.0 0.0 0.33517608159868817 0.3190025107625015 0.34582140763881014
9 75.0 0.0 -1.0 -1.0 -1.0 0.0 0.3200989507564415 0.3251917202431126 0.3547093290004456
9 76.0 0.0 -1.0 -1.0 -1.0 0.0 0.3058582749860578 0.3433391499729833 0.350802575040959
9 77.0 0.0 -1.0 -1.0 -1.0 0.0 0.3158399359305047 0.336597899283584 0.34756216478591123
9 78.0 0.0 -1.0 -1.0 -1.0 0.0 0.31446232641329985 0.3371542604364875 0.3483834131502126
9 79.0 0.0 -1.0 -1.0 -1.0 0.0 0.31787927519918535 0.2936998770125119 0.3884208477883027
9 80.0 0.0 -1.0 -1.0 -1.0 0.0 0.3175632419466288 0.29514897506518073 0.38728778298819044
9 81.0 0.0 -1.0 -1.0 -1.0 0.0 0.31072650340137054 0.2721527093101952 0.41712078728843416
9 82.0 0.0 -1.0 -1.0 -1.0 0.0 0.30929075251054156 0.30540090880503995 0.3853083386844186
9 83.0 0.0 -1.0 -1.0 -1.0 0.0 0.2895601310091946 0.3138409959816501 0.3965988730091552
9 84.0 0.0 -1.0 -1.0 -1.0 0.0 0.28936283750352254 0.3170007079148244 0.39363645458165303
9 85.0 0.0 -1.0 -1.0 -1.0 0.0 0.2957433626563978 0.32216746602207336 0.382089171321529
9 86.0 0.0 -1.0 -1.0 -1.0 0.0 0.2880041097019002 0.3300680937075471 0.3819277965905527
9 87.0 0.0 -1.0 -1.0 -1.0 0.0 0.3084749769121336 0.31707521747518425 0.37444980561268215
9 88.0 0.0 -1.0 -1.0 -1.0 0.0 0.3360139887991966 0.2795238916841306 0.38446211951667236
9 89.0 0.0 -1.0 -1.0 -1.0 0.0 0.34775804192159726 0.2774889268606833 0.37475303121771913
9 90.0 0.0 -1.0 -1.0 -1.0 0.0 0.3295795636215104 0.3003656150049827 0.3700548213735068
9 91.0 0.0 -1.0 -1.0 -1.0 0.0 0.35124565506087413 0.3035040564995135 0.34525028843961214
9 92.0 0.0 -1.0 -1.0 -1.0 0.0 0.35023975877962504 0.3078123477300381 0.3419478934903369
9 93.0 0.0 -1.0 -1.0 -1.0 0.0 0.36864512255958887 0.2793846926668643 0.3519701847735471
9 94.0 0.0 -1.0 -1.0 -1.0 0.0 0.34911739136644454 0.28427929122037915 0.36660331741317587
9 95.0 0.0 -1.0 -1.0 -1.0 0.0 0.3444126280267589 0.28006397929383153 0.3755233926794093
9 96.0 0.0 -1.0 -1.0 -1.0 0.0 0.3231935742304136 0.2927479793640155 0.3840584464055712
9 97.0 0.0 -1.0 -1.0 -1.0 0.0 0.34279489200916546 0.314497548706984 0.34270755928385094
9 98.0 0.0 -1.0 -1.0 -1.0 0.0 0.34952296688219087 0.31200802645767156 0.3384690066601378
9 99.0 0.0 -1.0 -1.0 -1.0 0.0 0.35668539162029417 0.30822535159584663 0.33508925678385926
9 100.0 0.0 -1.0 -1.0 -1.0 0.0 0.36079950435407016 0.32824254278662296 0.31095795285930705
9 101.0 0.0 -1.0 -1.0 -1.0 0.0 0.3896933040943299 0.3175693495587604 0.29273734634690973
9 102.0 0.0 -1.0 -1.0 -1.0 0.0 0.3474768164490291 0.3473560960657343 0.3051670874852365
9 103.0 0.0 -1.0 -1.0 -1.0 0.0 0.35344095497425493 0.30311218390161554 0.34344686112412953
9 104.0 0.0 -1.0 -1.0 -1.0 0.0 0.3442659352826811 0.30433694152702007 0.3513971231902988
9 105.0 0.0 -1.0 -1.0 -1.0 0.0 0.358646894197096 0.29319740000588396 0.34815570579702
9 106.0 0.0 -1.0 -1.0 -1.0 0.0 0.354700887396267 0.3133876460878179 0.33191146651591524
9 107.0 0.0 -1.0 -1.0 -1.0 0.0 0.37282122079948193 0.30766874404231354 0.31951003515820486
9 108.0 0.0 -1.0 -1.0 -1.0 0.0 0.3482659888604635 0.32288317113880743 0.32885084000072895
9 109.0 0.0 -1.0 -1.0 -1.0 0.0 0.34209278914508223 0.3256793197316968 0.3322278911232211
9 110.0 0.0 -1.0 -1.0 -1.0 0.0 0.3519410761418338 0.29541897176331383 0.35263995209485216
9 111.0 0.0 -1.0 -1.0 -1.0 0.0 0.35838829434522085 0.296219811197561 0.3453918944572182
9 112.0 0.0 -1.0 -1.0 -1.0 0.0 0.33195877948041336 0.3302613068043035 0.3377799137152835
9 113.0 0.0 -1.0 -1.0 -1.0 0.0 0.31722960442298886 0.32549538212314444 0.3572750134538667
9 114.0 0.0 -1.0 -1.0 -1.0 0.0 0.3319345418846275 0.3297020640680954 0.33836339404727717
9 115.0 0.0 -1.0 -1.0 -1.0 0.0 0.327497707931413 0.3175902450337958 0.3549120470347911
9 116.0 0.0 -1.0 -1.0 -1.0 0.0 0.32676712236848265 0.34547980414440965 0.3277530734871078
9 117.0 0.0 -1.0 -1.0 -1.0 0.0 0.3095806895734032 0.3407034085361297 0.34971590189046714
9 118.0 0.0 -1.0 -1.0 -1.0 0.0 0.32778746174613865 0.3357476469891014 0.33646489126475965
9 119.0 0.0 -1.0 -1.0 -1.0 0.0 0.3312129691069391 0.3291754747442399 0.33961155614882105
9 120.0 0.0 -1.0 -1.0 -1.0 0.0 0.35596296400070726 0.28024873032024356 0.36378830567904913
9 121.0 0.0 -1.0 -1.0 -1.0 0.0 0.32859211250101233 0.2868083129722587 0.38459957452672916
9 122.0 0.0 -1.0 -1.0 -1.0 0.0 0.29030777635327254 0.3058274349456628 0.4038647887010648
9 123.0 0.0 -1.0 -1.0 -1.0 0.0 0.3245455652394709 0.3039684333385133 0.3714860014220159
9 124.0 0.0 -1.0 -1.0 -1.0 0.0 0.32447104053426 0.33178580682572667 0.34374315264001337
9 125.0 0.0 -1.0 -1.0 -1.0 0.0 0.2973438765008329 0.3275198751722134 0.3751362483269541
9 126.0 0.0 -1.0 -1.0 -1.0 0.0 0.3071909914370092 0.3357240705083383 0.35708493805465236
9 127.0 0.0 -1.0 -1.0 -1.0 0.0 0.32008578058527276 0.3287578017835282 0.35115641763119937
9 128.0 0.0 -1.0 -1.0 -1.0 0.0 0.3267418386515095 0.3475533678626037 0.32570479348588677
9 129.0 0.0 -1.0 -1.0 -1.0 0.0 0.30207001196522454 0.36643611500164913 0.3314938730331265
9 130.0 0.0 -1.0 -1.0 -1.0 0.0 0.30882763879627295 0.3680716247864414 0.3231007364172857
9 131.0 0.0 -1.0 -1.0 -1.0 0.0 0.2963759878017839 0.34641432770993136 0.35720968448828505
9 132.0 0.0 -1.0 -1.0 -1.0 0.0 0.32426356019973795 0.3606295328027464 0.31510690699751565
9 133.0 0.0 -1.0 -1.0 -1.0 0.0 0.330324779169687 0.3434902633710704 0.32618495745924236
9 134.0 0.0 -1.0 -1.0 -1.0 0.0 0.3387728378686192 0.3432679336893786 0.31795922844200253
9 135.0 0.0 -1.0 -1.0 -1.0 0.0 0.3369819372816492 0.35537823574573063 0.3076398269726202
9 136.0 0.0 -1.0 -1.0 -1.0 0.0 0.32780059934938927 0.3449575473072135 0.32724185334339717
9 137.0 0.0 -1.0 -1.0 -1.0 0.0 0.326632565542638 0.35179223680015703 0.3215751976572051
9 138.0 0.0 -1.0 -1.0 -1.0 0.0 0.31975284962439643 0.33998932980858676 0.34025782056701687
9 139.0 0.0 -1.0 -1.0 -1.0 0.0 0.34354811751483555 0.3337442516357774 0.32270763084938714
9 140.0 0.0 -1.0 -1.0 -1.0 0.0 0.3336432868624615 0.32795058333530286 0.33840612980223567
9 141.0 0.0 -1.0 -1.0 -1.0 0.0 0.37142288745158786 0.32684532214572604 0.30173179040268616
9 142.0 0.0 -1.0 -1.0 -1.0 0.0 0.34826491672043597 0.3141886323255207 0.33754645095404334
9 143.0 0.0 -1.0 -1.0 -1.0 0.0 0.3237525078877723 0.31326153471365353 0.36298595739857425
9 144.0 0.0 -1.0 -1.0 -1.0 0.0 0.3178992383499642 0.3022935843182649 0.3798071773317707
9 145.0 0.0 -1.0 -1.0 -1.0 0.0 0.34098286631196467 0.29820419084336414 0.3608129428446714
9 146.0 0.0 -1.0 -1.0 -1.0 0.0 0.33054794453690695 0.34227498815611684 0.3271770673069762
9 147.0 0.0 -1.0 -1.0 -1.0 0.0 0.3193560054995033 0.33809443743753353 0.34254955706296303
9 148.0 0.0 -1.0 -1.0 -1.0 0.0 0.30072067207313075 0.3395031778418591 0.3597761500850101
9 149.0 0.0 -1.0 -1.0 -1.0 0.0 0.3018821460724995 0.3502675991135501 0.3478502548139506
9 150.0 0.0 -1.0 -1.0 -1.0 0.0 0.3090450635606712 0.35861497844302836 0.33233995799630045
9 151.0 0.0 -1.0 -1.0 -1.0 0.0 0.32029148059954105 0.3582378842637442 0.3214706351367147
9 152.0 0.0 -1.0 -1.0 -1.0 0.0 0.3220393410985381 0.3529193088522191 0.32504135004924295
9 153.0 0.0 -1.0 -1.0 -1.0 0.0 0.30308309847252607 0.34425710265971965 0.352659798867754
9 154.0 0.0 -1.0 -1.0 -1.0 0.0 0.28504649660377096 0.3681242820236652 0.346829221372564
9 155.0 0.0 -1.0 -1.0 -1.0 0.0 0.32199497603820876 0.3474178182585171 0.3305872057032741
9 156.0 0.0 -1.0 -1.0 -1.0 0.0 0.34671842208860426 0.34349608086290073 0.3097854970484949
9 157.0 0.0 -1.0 -1.0 -1.0 0.0 0.3484768871257007 0.3595800065114087 0.29194310636289045
9 158.0 0.0 -1.0 -1.0 -1.0 0.0 0.3366086202148735 0.367368479808419 0.29602289997670783
9 159.0 0.0 -1.0 -1.0 -1.0 0.0 0.33781379383082916 0.3505658208882118 0.31162038528095887
9 160.0 0.0 -1.0 -1.0 -1.0 0.0 0.3563923368256796 0.32780760090105765 0.31580006227326274
9 161.0 0.0 -1.0 -1.0 -1.0 0.0 0.3622548321026094 0.33347961664678233 0.3042655512506085
9 162.0 0.0 -1.0 -1.0 -1.0 0.0 0.3578808194408506 0.3363254638819136 0.30579371667723604
9 163.0 0.0 -1.0 -1.0 -1.0 0.0 0.34435868794649066 0.339920856553501 0.31572045550000805
9 164.0 0.0 -1.0 -1.0 -1.0 0.0 0.3392731275931149 0.33972298223977887 0.32100389016710645
9 165.0 0.0 -1.0 -1.0 -1.0 0.0 0.3273677523004668 0.348878221964028 0.3237540257355052
9 166.0 0.0 -1.0 -1.0 -1.0 0.0 0.3403283905896737 0.35139149615533605 0.3082801132549902
9 167.0 0.0 -1.0 -1.0 -1.0 0.0 0.37165198581957404 0.3282297990512989 0.3001182151291271
9 168.0 0.0 -1.0 -1.0 -1.0 0.0 0.33484969420359967 0.3305905229752614 0.3345597828211385
9 169.0 0.0 -1.0 -1.0 -1.0 0.0 0.3283799804681848 0.3348225392433642 0.3367974802884512
9 170.0 0.0 -1.0 -1.0 -1.0 0.0 0.33981526038321436 0.33206312969075463 0.32812160992603107
9 171.0 0.0 -1.0 -1.0 -1.0 0.0 0.3313669685349441 0.33027376238692446 0.3383592690781314
9 172.0 0.0 -1.0 -1.0 -1.0 0.0 0.3404735665580615 0.30103855746860997 0.3584878759733286
9 173.0 0.0 -1.0 -1.0 -1.0 0.0 0.3206880576498985 0.33774872435066994 0.34156321799943157
9 174.0 0.0 -1.0 -1.0 -1.0 0.0 0.3283298840986012 0.3291294274346474 0.34254068846675123
9 175.0 0.0 -1.0 -1.0 -1.0 0.0 0.3446691386224866 0.3230456119711141 0.3322852494063992
9 176.0 0.0 -1.0 -1.0 -1.0 0.0 0.34551804246939405 0.3278552152650207 0.32662674226558536
9 177.0 0.0 -1.0 -1.0 -1.0 0.0 0.3160440590958871 0.32776283236167225 0.3561931085424407
9 178.0 0.0 -1.0 -1.0 -1.0 0.0 0.32390277504892767 0.3131656058021697 0.3629316191489028
9 179.0 0.0 -1.0 -1.0 -1.0 0.0 0.3140695602196497 0.3208954624438843 0.36503497733646595
9 180.0 0.0 -1.0 -1.0 -1.0 0.0 0.30014627010585937 0.3295346996286025 0.370319030265538
9 181.0 0.0 -1.0 -1.0 -1.0 0.0 0.3439373780876901 0.3038603258670656 0.3522022960452443
9 182.0 0.0 -1.0 -1.0 -1.0 0.0 0.32393506957809115 0.32765083709983706 0.3484140933220715
9 183.0 0.0 -1.0 -1.0 -1.0 0.0 0.30698493169091656 0.3280325348812017 0.3649825334278817
9 184.0 0.0 -1.0 -1.0 -1.0 0.0 0.32381970851751896 0.32626162520728885 0.3499186662751923
9 185.0 0.0 -1.0 -1.0 -1.0 0.0 0.3224221389427499 0.3420522168133311 0.335525644243919
9 186.0 0.0 -1.0 -1.0 -1.0 0.0 0.3303590203690998 0.3273224253243209 0.3423185543065794
9 187.0 0.0 -1.0 -1.0 -1.0 0.0 0.3365946598655812 0.317037439073591 0.3463679010608277
9 188.0 0.0 -1.0 -1.0 -1.0 0.0 0.3495554659580637 0.3094122123746566 0.34103232166727965
9 189.0 0.0 -1.0 -1.0 -1.0 0.0 0.37134976727574004 0.3181690646203639 0.31048116810389625
9 190.0 0.0 -1.0 -1.0 -1.0 0.0 0.36458697891789427 0.3022688319565018 0.3331441891256039
9 191.0 0.0 -1.0 -1.0 -1.0 0.0 0.3525282113533105 0.3255672531049262 0.3219045355417633
9 192.0 0.0 -1.0 -1.0 -1.0 0.0 0.3394615184198802 0.3281942432215155 0.3323442383586045
9 193.0 0.0 -1.0 -1.0 -1.0 0.0 0.34166174531661864 0.3271342066957565 0.3312040479876247
9 194.0 0.0 -1.0 -1.0 -1.0 0.0 0.3571598850602694 0.3165232108262145 0.326316904113516
9 195.0 0.0 -1.0 -1.0 -1.0 0.0 0.3353558178958363 0.3220931131786851 0.3425510689254787
9 196.0 0.0 -1.0 -1.0 -1.0 0.0 0.33343042817393026 0.3201763484184047 0.34639322340766476
9 197.0 0.0 -1.0 -1.0 -1.0 0.0 0.3335422999409639 0.3199587677678012 0.3464989322912347
9 198.0 0.0 -1.0 -1.0 -1.0 0.0 0.3225264153184417 0.3332086772470262 0.34426490743453236
9 199.0 0.0 -1.0 -1.0 -1.0 0.0 0.35912779006159196 0.30330266743217954 0.3375695425062284
9 200.0 0.0 -1.0 -1.0 -1.0 0.0 0.3604084981281616 0.28514537242776217 0.3544461294440764
9 201.0 0.0 -1.0 -1.0 -1.0 0.0 0.33330009777103664 0.3225071106391945 0.3441927915897687
9 202.0 0.0 -1.0 -1.0 -1.0 0.0 0.30767385886005943 0.3410016766029301 0.35132446453701094
9 203.0 0.0 -1.0 -1.0 -1.0 0.0 0.3224492701753842 0.3521139795192697 0.3254367503053463
9 204.0 0.0 -1.0 -1.0 -1.0 0.0 0.3163421655245203 0.35515134211086347 0.32850649236461626
9 205.0 0.0 -1.0 -1.0 -1.0 0.0 0.33080458525327067 0.3432537701570642 0.32594164458966496
9 206.0 0.0 -1.0 -1.0 -1.0 0.0 0.31709465429994893 0.3217996265061076 0.3611057191939434
9 207.0 0.0 -1.0 -1.0 -1.0 0.0 0.3012623212854656 0.31916943406473325 0.3795682446498014
9 208.0 0.0 -1.0 -1.0 -1.0 0.0 0.3050672762695369 0.3157936275716806 0.37913909615878244
9 209.0 0.0 -1.0 -1.0 -1.0 0.0 0.3119600605776631 0.32273750560461567 0.3653024338177214
9 210.0 0.0 -1.0 -1.0 -1.0 0.0 0.35227847409530605 0.3080327116057481 0.33968881429894593
9 211.0 0.0 -1.0 -1.0 -1.0 0.0 0.3651270115959001 0.3018296402256867 0.33304334817841336
9 212.0 0.0 -1.0 -1.0 -1.0 0.0 0.37339389295594944 0.29542773022650104 0.33117837681754947
9 213.0 0.0 -1.0 -1.0 -1.0 0.0 0.330295087330075 0.31697229146982137 0.3527326212001038
9 214.0 0.0 -1.0 -1.0 -1.0 0.0 0.33807005401360113 0.31946632936233116 0.34246361662406793
9 215.0 0.0 -1.0 -1.0 -1.0 0.0 0.33348397631023025 0.31380227237454045 0.3527137513152294
9 216.0 0.0 -1.0 -1.0 -1.0 0.0 0.32945049330357684 0.3325325364830617 0.3380169702133616
9 217.0 0.0 -1.0 -1.0 -1.0 0.0 0.3295740683044894 0.3411394056928112 0.32928652600269936
9 218.0 0.0 -1.0 -1.0 -1.0 0.0 0.3182041545130106 0.34084410785596075 0.3409517376310287
9 219.0 0.0 -1.0 -1.0 -1.0 0.0 0.32371122700768057 0.35386327066697815 0.32242550232534134
9 220.0 0.0 -1.0 -1.0 -1.0 0.0 0.3325166866475053 0.328166347830623 0.3393169655218716
9 221.0 0.0 -1.0 -1.0 -1.0 0.0 0.3488230836737184 0.3357139431950617 0.3154629731312201
9 222.0 0.0 -1.0 -1.0 -1.0 0.0 0.3544987284934564 0.3115408254157599 0.3339604460907837
9 223.0 0.0 -1.0 -1.0 -1.0 0.0 0.3620798117340211 0.3166102292773548 0.3213099589886241
9 224.0 0.0 -1.0 -1.0 -1.0 0.0 0.3702962653121434 0.29915510763191316 0.33054862705594346
9 225.0 0.0 -1.0 -1.0 -1.0 0.0 0.3615154618901802 0.2968923371596779 0.34159220095014214
9 226.0 0.0 -1.0 -1.0 -1.0 0.0 0.3623158268271072 0.2911317385866412 0.3465524345862515
9 227.0 0.0 -1.0 -1.0 -1.0 0.0 0.33080831569195285 0.29929042013699014 0.369901264171057
9 228.0 0.0 -1.0 -1.0 -1.0 0.0 0.3578962530337989 0.29255000788689617 0.34955373907930487
9 229.0 0.0 -1.0 -1.0 -1.0 0.0 0.379372200757038 0.2828956809032766 0.3377321183396855
9 230.0 0.0 -1.0 -1.0 -1.0 0.0 0.36083869267833535 0.3015666489708895 0.33759465835077535
9 231.0 0.0 -1.0 -1.0 -1.0 0.0 0.35750187008127954 0.3010893001931315 0.34140882972558906
9 232.0 0.0 -1.0 -1.0 -1.0 0.0 0.33958558916694137 0.3122731781123875 0.348141232720671
9 233.0 0.0 -1.0 -1.0 -1.0 0.0 0.34320062221857933 0.3154152540112378 0.3413841237701828
9 234.0 0.0 -1.0 -1.0 -1.0 0.0 0.3028579895770616 0.3324949245194089 0.3646470859035294
9 235.0 0.0 -1.0 -1.0 -1.0 0.0 0.30914164745153927 0.3282775843632967 0.36258076818516405
9 236.0 0.0 -1.0 -1.0 -1.0 0.0 0.3131555580565259 0.31885828226589796 0.3679861596775765
9 237.0 0.0 -1.0 -1.0 -1.0 0.0 0.32767856566039266 0.30466634272098064 0.3676550916186266
9 238.0 0.0 -1.0 -1.0 -1.0 0.0 0.3020929117423517 0.32429312294690804 0.3736139653107404
9 239.0 0.0 -1.0 -1.0 -1.0 0.0 0.3018300524431181 0.31782764978648614 0.38034229777039585
9 240.0 0.0 -1.0 -1.0 -1.0 0.0 0.3139423476028562 0.314614059731676 0.37144359266546756
9 241.0 0.0 -1.0 -1.0 -1.0 0.0 0.3206051469299871 0.3275322600017988 0.3518625930682141
9 242.0 0.0 -1.0 -1.0 -1.0 0.0 0.3251081983074757 0.3081906750052134 0.3667011266873109
9 243.0 0.0 -1.0 -1.0 -1.0 0.0 0.31767520575095237 0.30703234085700676 0.3752924533920408
9 244.0 0.0 -1.0 -1.0 -1.0 0.0 0.31446581934561607 0.3137637367836422 0.3717704438707416
9 245.0 0.0 -1.0 -1.0 -1.0 0.0 0.33004109660843134 0.338288100963208 0.33167080242836067
9 246.0 0.0 -1.0 -1.0 -1.0 0.0 0.3164024128525861 0.3392994033176438 0.34429818382977023
9 247.0 0.0 -1.0 -1.0 -1.0 0.0 0.31227713133419877 0.34575196131201863 0.34197090735378266
9 248.0 0.0 -1.0 -1.0 -1.0 0.0 0.3209725282134738 0.3524053041020528 0.32662216768447366
9 249.0 0.0 -1.0 -1.0 -1.0 0.0 0.32550538382898 0.36882330636822047 0.3056713098027996
9 250.0 0.0 -1.0 -1.0 -1.0 0.0 0.31211432799297023 0.3762532168422041 0.31163245516482563
9 251.0 0.0 -1.0 -1.0 -1.0 0.0 0.3221304063940849 0.37277013728499936 0.30509945632091556
9 252.0 0.0 -1.0 -1.0 -1.0 0.0 0.34321075576006577 0.36297112455271674 0.29381811968721755
9 253.0 0.0 -1.0 -1.0 -1.0 0.0 0.33368810848118186 0.3620682195486946 0.3042436719701234
9 254.0 0.0 -1.0 -1.0 -1.0 0.0 0.34279919596386266 0.3371996641974153 0.32000113983872175
9 255.0 0.0 -1.0 -1.0 -1.0 0.0 0.33827595485554307 0.3324363726008602 0.32928767254359653
9 256.0 0.0 -1.0 -1.0 -1.0 0.0 0.3289708889164389 0.34440373772068306 0.32662537336287767
9 257.0 0.0 -1.0 -1.0 -1.0 0.0 0.30668425650609926 0.3497919384677455 0.3435238050261553
9 258.0 0.0 -1.0 -1.0 -1.0 0.0 0.31896439306001345 0.35960247777596754 0.32143312916401895
9 259.0 0.0 -1.0 -1.0 -1.0 0.0 0.3273360497528492 0.3615526527646531 0.3111112974824978
9 260.0 0.0 -1.0 -1.0 -1.0 0.0 0.3159064049195572 0.3703739932217087 0.31371960185873393
9 261.0 0.0 -1.0 -1.0 -1.0 0.0 0.3394169565801192 0.3576526584800716 0.30293038493980917
9 262.0 0.0 -1.0 -1.0 -1.0 0.0 0.3305669534270731 0.35010989010384286 0.31932315646908405
9 263.0 0.0 -1.0 -1.0 -1.0 0.0 0.3285194998099751 0.3450001998676602 0.32648030032236486
9 264.0 0.0 -1.0 -1.0 -1.0 0.0 0.31645075289540253 0.3521089362151109 0.33144031088948667
9 265.0 0.0 -1.0 -1.0 -1.0 0.0 0.30309350425491294 0.3785291079372368 0.3183773878078504
9 266.0 0.0 -1.0 -1.0 -1.0 0.0 0.3026569138013715 0.3642655264273605 0.3330775597712682
9 267.0 0.0 -1.0 -1.0 -1.0 0.0 0.29439038130477063 0.3384350336267788 0.36717458506845024
9 268.0 0.0 -1.0 -1.0 -1.0 0.0 0.32264074529983655 0.30788824342741117 0.36947101127275234
9 269.0 0.0 -1.0 -1.0 -1.0 0.0 0.3310477743715027 0.298794550877193 0.3701576747513042
9 270.0 0.0 -1.0 -1.0 -1.0 0.0 0.3262394113343989 0.3059754888035998 0.36778509986200136
9 271.0 0.0 -1.0 -1.0 -1.0 0.0 0.3286560881352124 0.3230703847354349 0.3482735271293526
9 272.0 0.0 -1.0 -1.0 -1.0 0.0 0.31649591312626557 0.3340477636713166 0.34945632320241776
9 273.0 0.0 -1.0 -1.0 -1.0 0.0 0.32090288060023586 0.3105805217997722 0.3685165975999919
9 274.0 0.0 -1.0 -1.0 -1.0 0.0 0.3193441166924532 0.32979488788813216 0.35086099541941496
9 275.0 0.0 -1.0 -1.0 -1.0 0.0 0.34467964628675873 0.3086086376571961 0.34671171605604534
9 276.0 0.0 -1.0 -1.0 -1.0 0.0 0.333024201946829 0.3228295119523845 0.3441462861007868
9 277.0 0.0 -1.0 -1.0 -1.0 0.0 0.33322516536215707 0.30163200994119777 0.365142824696645
9 278.0 0.0 -1.0 -1.0 -1.0 0.0 0.3536036980492099 0.27837847469029753 0.36801782726049276
9 279.0 0.0 -1.0 -1.0 -1.0 0.0 0.3552910472372458 0.3066847398020124 0.3380242129607419
9 280.0 0.0 -1.0 -1.0 -1.0 0.0 0.3466495428383534 0.302256576946383 0.35109388021526367
9 281.0 0.0 -1.0 -1.0 -1.0 0.0 0.35108793474184474 0.30295471717862543 0.3459573480795299
9 282.0 0.0 -1.0 -1.0 -1.0 0.0 0.3620441023702428 0.28951946165308295 0.348436435976674
9 283.0 0.0 -1.0 -1.0 -1.0 0.0 0.371242389281403 0.2932946086980957 0.3354630020205015
9 284.0 0.0 -1.0 -1.0 -1.0 0.0 0.3524970880070539 0.3153473297277132 0.33215558226523284
9 285.0 0.0 -1.0 -1.0 -1.0 0.0 0.3484604240811068 0.3185955945383441 0.3329439813805493
9 286.0 0.0 -1.0 -1.0 -1.0 0.0 0.34355255857191147 0.320061614616477 0.33638582681161144
9 287.0 0.0 -1.0 -1.0 -1.0 0.0 0.3520175833231965 0.31581745289388874 0.33216496378291455
9 288.0 0.0 -1.0 -1.0 -1.0 0.0 0.37458479675378326 0.297693072957228 0.3277221302889889
9 289.0 0.0 -1.0 -1.0 -1.0 0.0 0.3314114709436176 0.3175304507691353 0.35105807828724706
9 290.0 0.0 -1.0 -1.0 -1.0 0.0 0.288603243333918 0.3630584323890688 0.3483383242770132
9 291.0 0.0 -1.0 -1.0 -1.0 0.0 0.3011902052842848 0.3465090769152544 0.3523007178004609
9 292.0 0.0 -1.0 -1.0 -1.0 0.0 0.28638374977539593 0.36821431156898277 0.34540193865562124
9 293.0 0.0 -1.0 -1.0 -1.0 0.0 0.30329107710168984 0.36491347877123576 0.3317954441270745
9 294.0 0.0 -1.0 -1.0 -1.0 0.0 0.3000006497299877 0.3619707567632613 0.3380285935067512
9 295.0 0.0 -1.0 -1.0 -1.0 0.0 0.3292992890210194 0.3341453653222697 0.3365553456567109
9 296.0 0.0 -1.0 -1.0 -1.0 0.0 0.3236089531239822 0.3003672860731014 0.37602376080291633
9 297.0 0.0 -1.0 -1.0 -1.0 0.0 0.3162989082755142 0.296908504626161 0.38679258709832465
9 298.0 0.0 -1.0 -1.0 -1.0 0.0 0.3250489216833873 0.2912483022725455 0.38370277604406716
9 299.0 0.0 -1.0 -1.0 -1.0 0.0 0.3156792217765714 0.31331729349546505 0.3710034847279633
9 300.0 0.0 -1.0 -1.0 -1.0 0.0 0.32331081031122844 0.32631893003585694 0.3503702596529147
9 301.0 0.0 -1.0 -1.0 -1.0 0.0 0.3137911247505362 0.34673207020650343 0.3394768050429603
9 302.0 0.0 -1.0 -1.0 -1.0 0.0 0.3157758454368344 0.3508946520325804 0.3333295025305851
9 303.0 0.0 -1.0 -1.0 -1.0 0.0 0.31223092781489226 0.3468532068000221 0.34091586538508567
9 304.0 0.0 -1.0 -1.0 -1.0 0.0 0.3026399850783677 0.3542868802134658 0.34307313470816636
9 305.0 0.0 -1.0 -1.0 -1.0 0.0 0.32696054002641295 0.3435251606023408 0.3295142993712461
9 306.0 0.0 -1.0 -1.0 -1.0 0.0 0.3212021990056393 0.3379621075415375 0.340835693452823
9 307.0 0.0 -1.0 -1.0 -1.0 0.0 0.30963550993438205 0.3218762714030079 0.36848821866260983
9 308.0 0.0 -1.0 -1.0 -1.0 0.0 0.31358249977793695 0.334853033455138 0.3515644667669249
9 309.0 0.0 -1.0 -1.0 -1.0 0.0 0.30683457030073097 0.3320021833594355 0.3611632463398335
9 310.0 0.0 -1.0 -1.0 -1.0 0.0 0.32145866061245376 0.2972548222946398 0.3812865170929063
9 311.0 0.0 -1.0 -1.0 -1.0 0.0 0.3146087546940338 0.30603876545384223 0.37935247985212384
9 312.0 0.0 -1.0 -1.0 -1.0 0.0 0.3101136871506604 0.2939945193097517 0.3958917935395879
9 313.0 0.0 -1.0 -1.0 -1.0 0.0 0.31363462309895557 0.30704001085904276 0.3793253660420018
9 314.0 0.0 -1.0 -1.0 -1.0 0.0 0.34420637269247956 0.31406645003754796 0.34172717726997265
9 315.0 0.0 -1.0 -1.0 -1.0 0.0 0.35549032634753064 0.32755148900017533 0.31695818465229403
9 316.0 0.0 -1.0 -1.0 -1.0 0.0 0.34445416008817625 0.3509882604191332 0.3045575794926903
9 317.0 0.0 -1.0 -1.0 -1.0 0.0 0.3434937580324945 0.33630780475635413 0.3201984372111514
9 318.0 0.0 -1.0 -1.0 -1.0 0.0 0.3315510470438916 0.34670837136939314 0.32174058158671526
9 319.0 0.0 -1.0 -1.0 -1.0 0.0 0.32700276943645806 0.3425166380072582 0.3304805925562836
9 320.0 0.0 -1.0 -1.0 -1.0 0.0 0.3147093634688498 0.3545155039768655 0.33077513255428487
9 321.0 0.0 -1.0 -1.0 -1.0 0.0 0.3168782315625808 0.3513699349189841 0.33175183351843507
9 322.0 0.0 -1.0 -1.0 -1.0 0.0 0.3259575863403031 0.32786905136218325 0.3461733622975137
9 323.0 0.0 -1.0 -1.0 -1.0 0.0 0.3403348222821601 0.3321253099740938 0.3275398677437464
9 324.0 0.0 -1.0 -1.0 -1.0 0.0 0.3560382438363661 0.31159112152267066 0.33237063464096345
9 325.0 0.0 -1.0 -1.0 -1.0 0.0 0.3415412040572711 0.3175445055998028 0.34091429034292603
9 326.0 0.0 -1.0 -1.0 -1.0 0.0 0.337560338477649 0.31821814255994996 0.34422151896240116
9 327.0 0.0 -1.0 -1.0 -1.0 0.0 0.36168040510426985 0.290855677014099 0.3474639178816311
9 328.0 0.0 -1.0 -1.0 -1.0 0.0 0.34612361532661035 0.30436682221635186 0.3495095624570375
9 329.0 0.0 -1.0 -1.0 -1.0 0.0 0.3563819994891194 0.30733259604034957 0.3362854044705312
9 330.0 0.0 -1.0 -1.0 -1.0 0.0 0.3578819193088992 0.31541893945377064 0.32669914123733024
9 331.0 0.0 -1.0 -1.0 -1.0 0.0 0.342885272718809 0.3142340083910823 0.3428807188901086
9 332.0 0.0 -1.0 -1.0 -1.0 0.0 0.32648246234250655 0.32389254418058366 0.3496249934769097
9 333.0 0.0 -1.0 -1.0 -1.0 0.0 0.35589563639405897 0.311240067340323 0.3328642962656184
9 334.0 0.0 -1.0 -1.0 -1.0 0.0 0.354899309783708 0.2999017179622488 0.3451989722540432
9 335.0 0.0 -1.0 -1.0 -1.0 0.0 0.35405448732106537 0.30487639093388436 0.34106912174505055
9 336.0 0.0 -1.0 -1.0 -1.0 0.0 0.34910840509210367 0.3053781149318736 0.3455134799760227
9 337.0 0.0 -1.0 -1.0 -1.0 0.0 0.3428829240961372 0.32165997861763657 0.3354570972862262
9 338.0 0.0 -1.0 -1.0 -1.0 0.0 0.35391065273694494 0.32867565844467544 0.31741368881837984
9 339.0 0.0 -1.0 -1.0 -1.0 0.0 0.36192089984143083 0.3370081162417685 0.3010709839168004
9 340.0 0.0 -1.0 -1.0 -1.0 0.0 0.3577884639465483 0.32511724383653606 0.31709429221691565
9 341.0 0.0 -1.0 -1.0 -1.0 0.0 0.3802517621479148 0.32649859840344014 0.2932496394486453
9 342.0 0.0 -1.0 -1.0 -1.0 0.0 0.33561559676489183 0.3458683690072008 0.31851603422790753
9 343.0 0.0 -1.0 -1.0 -1.0 0.0 0.3822531329655706 0.3363926543797856 0.2813542126546439
9 344.0 0.0 -1.0 -1.0 -1.0 0.0 0.357843068299096 0.3426528221609395 0.2995041095399645
9 345.0 0.0 -1.0 -1.0 -1.0 0.0 0.3369752818161419 0.37344805987203394 0.2895766583118242
9 346.0 0.0 -1.0 -1.0 -1.0 0.0 0.31928737665105045 0.3652481292087706 0.31546449414017885
9 347.0 0.0 -1.0 -1.0 -1.0 0.0 0.3449232406597524 0.3431154871698571 0.3119612721703905
9 348.0 0.0 -1.0 -1.0 -1.0 0.0 0.3488471695807502 0.35031335394383833 0.3008394764754117
9 349.0 0.0 -1.0 -1.0 -1.0 0.0 0.3800567270386782 0.3126508637178812 0.3072924092434404
9 350.0 0.0 -1.0 -1.0 -1.0 0.0 0.35942935036052176 0.3131107437662514 0.32745990587322693
9 351.0 0.0 -1.0 -1.0 -1.0 0.0 0.34127093490453464 0.31618396649797753 0.34254509859748794
9 352.0 0.0 -1.0 -1.0 -1.0 0.0 0.32181916006001887 0.34298695629672177 0.33519388364325936
9 353.0 0.0 -1.0 -1.0 -1.0 0.0 0.31258989616002325 0.3515204032327422 0.3358897006072345
9 354.0 0.0 -1.0 -1.0 -1.0 0.0 0.32683143368524253 0.3512817779943085 0.3218867883204489
9 355.0 0.0 -1.0 -1.0 -1.0 0.0 0.312315737204391 0.3509613066245819 0.336722956171027
9 356.0 0.0 -1.0 -1.0 -1.0 0.0 0.329081795348791 0.3384848379947676 0.3324333666564414
9 357.0 0.0 -1.0 -1.0 -1.0 0.0 0.3241665979154708 0.35804142462312893 0.31779197746140014
9 358.0 0.0 -1.0 -1.0 -1.0 0.0 0.3416620629850112 0.34869632192810307 0.3096416150868858
9 359.0 0.0 -1.0 -1.0 -1.0 0.0 0.35226177904323586 0.32952838460501505 0.3182098363517491
9 360.0 0.0 -1.0 -1.0 -1.0 0.0 0.3775125554867256 0.3199837493369 0.3025036951763743
9 361.0 0.0 -1.0 -1.0 -1.0 0.0 0.36632844262451875 0.3158648589945101 0.31780669838097103
9 362.0 0.0 -1.0 -1.0 -1.0 0.0 0.35229614928091635 0.34000964231645514 0.3076942084026286
9 363.0 0.0 -1.0 -1.0 -1.0 0.0 0.32830459666684225 0.35683785923885986 0.314857544094298
9 364.0 0.0 -1.0 -1.0 -1.0 0.0 0.3121461088596525 0.3605701458229763 0.3272837453173711
9 365.0 0.0 -1.0 -1.0 -1.0 0.0 0.3217883761745179 0.3414985987766424 0.3367130250488398
9 366.0 0.0 -1.0 -1.0 -1.0 0.0 0.3175937597596539 0.3570176054975044 0.32538863474284163
9 367.0 0.0 -1.0 -1.0 -1.0 0.0 0.3149522464285658 0.3396825414121923 0.3453652121592418
9 368.0 0.0 -1.0 -1.0 -1.0 0.0 0.32360634571533403 0.3009793653491515 0.3754142889355146
9 369.0 0.0 -1.0 -1.0 -1.0 0.0 0.3531311316220942 0.29905195260562056 0.3478169157722854
9 370.0 0.0 -1.0 -1.0 -1.0 0.0 0.3568158215876613 0.32267341649038495 0.32051076192195377
9 371.0 0.0 -1.0 -1.0 -1.0 0.0 0.35434396913363037 0.33575622735110644 0.3098998035152633
9 372.0 0.0 -1.0 -1.0 -1.0 0.0 0.33416536448715317 0.3484304754212691 0.3174041600915775
9 373.0 0.0 -1.0 -1.0 -1.0 0.0 0.3414306640085899 0.32944060492402955 0.3291287310673804
9 374.0 0.0 -1.0 -1.0 -1.0 0.0 0.3310117362665364 0.3281602832056082 0.3408279805278552
9 375.0 0.0 -1.0 -1.0 -1.0 0.0 0.3740392606178135 0.32297981737946574 0.30298092200272075
9 376.0 0.0 -1.0 -1.0 -1.0 0.0 0.35760102285747536 0.3449575225785397 0.2974414545639852
9 377.0 0.0 -1.0 -1.0 -1.0 0.0 0.3356895152808055 0.33251239866920984 0.33179808604998456
9 378.0 0.0 -1.0 -1.0 -1.0 0.0 0.336051509947897 0.3190583744517421 0.3448901156003609
9 379.0 0.0 -1.0 -1.0 -1.0 0.0 0.3242922342342649 0.31193493310366566 0.3637728326620693
9 380.0 0.0 -1.0 -1.0 -1.0 0.0 0.32945451696540856 0.3097316650366062 0.36081381799798506
9 381.0 0.0 -1.0 -1.0 -1.0 0.0 0.3298868053094718 0.31222190633141644 0.3578912883591115
9 382.0 0.0 -1.0 -1.0 -1.0 0.0 0.3386380899822982 0.3199301530248802 0.3414317569928216
9 383.0 0.0 -1.0 -1.0 -1.0 0.0 0.319667962256407 0.33749087842187875 0.3428411593217141
9 384.0 0.0 -1.0 -1.0 -1.0 0.0 0.3147179836736785 0.3328032465662568 0.35247876976006476
9 385.0 0.0 -1.0 -1.0 -1.0 0.0 0.3210648771609428 0.3151990107453145 0.3637361120937427
9 386.0 0.0 -1.0 -1.0 -1.0 0.0 0.3019887344408424 0.33615576765061816 0.3618554979085396
9 387.0 0.0 -1.0 -1.0 -1.0 0.0 0.30515744210112955 0.35395644598898973 0.3408861119098809
9 388.0 0.0 -1.0 -1.0 -1.0 0.0 0.33254364382080537 0.3278023548679097 0.3396540013112846
9 389.0 0.0 -1.0 -1.0 -1.0 0.0 0.3351497490310366 0.3124415967941135 0.35240865417484996
9 390.0 0.0 -1.0 -1.0 -1.0 0.0 0.3383117801342032 0.3350221023775273 0.3266661174882699
9 391.0 0.0 -1.0 -1.0 -1.0 0.0 0.3213801405850855 0.3355096574919634 0.3431102019229509
9 392.0 0.0 -1.0 -1.0 -1.0 0.0 0.322253668459213 0.3253617053022931 0.3523846262384938
9 393.0 0.0 -1.0 -1.0 -1.0 0.0 0.3133474781527416 0.3258091439598332 0.3608433778874251
9 394.0 0.0 -1.0 -1.0 -1.0 0.0 0.3160881711478131 0.33850682979896424 0.3454049990532228
9 395.0 0.0 -1.0 -1.0 -1.0 0.0 0.3295287091024375 0.3680698852419011 0.3024014056556613
9 396.0 0.0 -1.0 -1.0 -1.0 0.0 0.3476678640429736 0.33441229117959376 0.31791984477743285
9 397.0 0.0 -1.0 -1.0 -1.0 0.0 0.35438453184530866 0.32642382375325546 0.31919164440143627
9 398.0 0.0 -1.0 -1.0 -1.0 0.0 0.34624925428263686 0.3199729510204273 0.33377779469693586
9 399.0 0.0 -1.0 -1.0 -1.0 0.0 0.32315048118339623 0.33604492176996215 0.3408045970466416
9 400.0 0.0 -1.0 -1.0 -1.0 0.0 0.33638916891726184 0.3386276449969715 0.3249831860857665
9 401.0 0.0 -1.0 -1.0 -1.0 0.0 0.30529349052734056 0.37273073406876095 0.3219757754038987
9 402.0 0.0 -1.0 -1.0 -1.0 0.0 0.31465539965052225 0.3824395917502367 0.3029050085992411
9 403.0 0.0 -1.0 -1.0 -1.0 0.0 0.34619999348154634 0.33242324384896427 0.3213767626694892
9 404.0 0.0 -1.0 -1.0 -1.0 0.0 0.33548967729966295 0.31578115199101614 0.34872917070932113
9 405.0 0.0 -1.0 -1.0 -1.0 0.0 0.3603008758832352 0.30249354404182843 0.3372055800749365
9 406.0 0.0 -1.0 -1.0 -1.0 0.0 0.403047741704412 0.27971565993680086 0.31723659835878704
9 407.0 0.0 -1.0 -1.0 -1.0 0.0 0.3584291277151238 0.3178825490089594 0.32368832327591657
9 408.0 0.0 -1.0 -1.0 -1.0 0.0 0.354670626515263 0.3079965978075798 0.33733277567715736
9 409.0 0.0 -1.0 -1.0 -1.0 0.0 0.355222836294933 0.2949231703844833 0.3498539933205836
9 410.0 0.0 -1.0 -1.0 -1.0 0.0 0.3459094925543338 0.3162622634918069 0.337828243953859
9 411.0 0.0 -1.0 -1.0 -1.0 0.0 0.33318421937096276 0.3371232085885187 0.32969257204051877
9 412.0 0.0 -1.0 -1.0 -1.0 0.0 0.330171411015768 0.34303792758136575 0.326790661402866
9 413.0 0.0 -1.0 -1.0 -1.0 0.0 0.3601203292491343 0.32786703069142303 0.3120126400594428
9 414.0 0.0 -1.0 -1.0 -1.0 0.0 0.3372854835274246 0.35394816948602903 0.30876634698654615
9 415.0 0.0 -1.0 -1.0 -1.0 0.0 0.34033082927331726 0.351191355594089 0.30847781513259387
9 416.0 0.0 -1.0 -1.0 -1.0 0.0 0.3625838052279027 0.322648133349737 0.31476806142236013
9 417.0 0.0 -1.0 -1.0 -1.0 0.0 0.33333768498793104 0.3352310232218641 0.33143129179020475
9 418.0 0.0 -1.0 -1.0 -1.0 0.0 0.3092209655001535 0.3529710568557136 0.33780797764413295
9 419.0 0.0 -1.0 -1.0 -1.0 0.0 0.3300597412266118 0.34371533309503455 0.3262249256783538
9 420.0 0.0 -1.0 -1.0 -1.0 0.0 0.3277598453688 0.3370242017257604 0.33521595290543965
9 421.0 0.0 -1.0 -1.0 -1.0 0.0 0.3337916831878507 0.3312826816366157 0.3349256351755337
9 422.0 0.0 -1.0 -1.0 -1.0 0.0 0.34415080330324677 0.3090030747135019 0.3468461219832512
9 423.0 0.0 -1.0 -1.0 -1.0 0.0 0.3518829044443465 0.30913267463071564 0.33898442092493786
9 424.0 0.0 -1.0 -1.0 -1.0 0.0 0.3599471135301531 0.3121953209217131 0.32785756554813383
9 425.0 0.0 -1.0 -1.0 -1.0 0.0 0.3521462432347078 0.32026295649756453 0.3275908002677275
9 426.0 0.0 -1.0 -1.0 -1.0 0.0 0.3259630749698118 0.3401077536589986 0.33392917137118966
9 427.0 0.0 -1.0 -1.0 -1.0 0.0 0.3357160092121928 0.32277881463313773 0.34150517615466924
9 428.0 0.0 -1.0 -1.0 -1.0 0.0 0.33721821037339716 0.309458972072375 0.3533228175542274
9 429.0 0.0 -1.0 -1.0 -1.0 0.0 0.337712388067138 0.3443486813601371 0.31793893057272515
9 430.0 0.0 -1.0 -1.0 -1.0 0.0 0.33203071358125874 0.35086428064233455 0.3171050057764067
9 431.0 0.0 -1.0 -1.0 -1.0 0.0 0.30669855691703596 0.3632571283367303 0.3300443147462336
9 432.0 0.0 -1.0 -1.0 -1.0 0.0 0.2942468117664941 0.3844166654195622 0.3213365228139436
9 433.0 0.0 -1.0 -1.0 -1.0 0.0 0.29404327667931063 0.3644097810873108 0.34154694223337856
9 434.0 0.0 -1.0 -1.0 -1.0 0.0 0.30855490002377245 0.3657090807886356 0.32573601918759204
9 435.0 0.0 -1.0 -1.0 -1.0 0.0 0.32952906268773696 0.34083559606477815 0.32963534124748506
9 436.0 0.0 -1.0 -1.0 -1.0 0.0 0.3334878424379838 0.35334526227401114 0.313166895288005
9 437.0 0.0 -1.0 -1.0 -1.0 0.0 0.3315046575641791 0.36715514525926873 0.3013401971765522
9 438.0 0.0 -1.0 -1.0 -1.0 0.0 0.34376146237009164 0.33094345526146457 0.3252950823684438
9 439.0 0.0 -1.0 -1.0 -1.0 0.0 0.35601557837052783 0.3264699822747378 0.31751443935473445
9 440.0 0.0 -1.0 -1.0 -1.0 0.0 0.3697020236457266 0.32075167901910207 0.30954629733517175
9 441.0 0.0 -1.0 -1.0 -1.0 0.0 0.36614365919813807 0.3212894744623358 0.3125668663395262
9 442.0 0.0 -1.0 -1.0 -1.0 0.0 0.3492986684595445 0.33407016499683023 0.3166311665436251
9 443.0 0.0 -1.0 -1.0 -1.0 0.0 0.33325108227890055 0.34943740065347384 0.3173115170676257
9 444.0 0.0 -1.0 -1.0 -1.0 0.0 0.3211483554212529 0.3601912597699424 0.31866038480880454
9 445.0 0.0 -1.0 -1.0 -1.0 0.0 0.30138777156512675 0.35191157017455765 0.34670065826031554
9 446.0 0.0 -1.0 -1.0 -1.0 0.0 0.2980254337236828 0.3346225555741241 0.3673520107021933
9 447.0 0.0 -1.0 -1.0 -1.0 0.0 0.3179605667879889 0.3270237447357638 0.35501568847624726
9 448.0 0.0 -1.0 -1.0 -1.0 0.0 0.2874676565126493 0.34270038384145024 0.3698319596459006
9 449.0 0.0 -1.0 -1.0 -1.0 0.0 0.3155687993313073 0.3305404226729111 0.3538907779957816
9 450.0 0.0 -1.0 -1.0 -1.0 0.0 0.33297135356722535 0.3120018102863889 0.3550268361463859
9 451.0 0.0 -1.0 -1.0 -1.0 0.0 0.3242592238633074 0.3396020865599514 0.33613868957674137
9 452.0 0.0 -1.0 -1.0 -1.0 0.0 0.3263225729944061 0.34276147100282295 0.3309159560027708
9 453.0 0.0 -1.0 -1.0 -1.0 0.0 0.3448890156355764 0.3519477519368504 0.30316323242757304
9 454.0 0.0 -1.0 -1.0 -1.0 0.0 0.3538567856227899 0.3277102306036958 0.3184329837735144
9 455.0 0.0 -1.0 -1.0 -1.0 0.0 0.35160436127229183 0.3272297617191787 0.32116587700852933
9 456.0 0.0 -1.0 -1.0 -1.0 0.0 0.34017825120093265 0.33950872937892684 0.32031301942014045
9 457.0 0.0 -1.0 -1.0 -1.0 0.0 0.3092254640793721 0.33819883816687374 0.3525756977537541
9 458.0 0.0 -1.0 -1.0 -1.0 0.0 0.33447287161896805 0.34023495237771134 0.32529217600332067
9 459.0 0.0 -1.0 -1.0 -1.0 0.0 0.33196074918246815 0.3356882536360237 0.33235099718150835
9 460.0 0.0 -1.0 -1.0 -1.0 0.0 0.31148893818395607 0.36161155541975143 0.32689950639629245
9 461.0 0.0 -1.0 -1.0 -1.0 0.0 0.3309978887700273 0.3539170594386461 0.31508505179132645
9 462.0 0.0 -1.0 -1.0 -1.0 0.0 0.34453339658124027 0.35012986853860784 0.305336734880152
9 463.0 0.0 -1.0 -1.0 -1.0 0.0 0.3536203646176527 0.3370685610058265 0.309311074376521
9 464.0 0.0 -1.0 -1.0 -1.0 0.0 0.3363142776268295 0.34625774589898334 0.31742797647418713
9 465.0 0.0 -1.0 -1.0 -1.0 0.0 0.3396530900587498 0.3331438276873368 0.3272030822539134
9 466.0 0.0 -1.0 -1.0 -1.0 0.0 0.33064700086786475 0.3303306515486358 0.3390223475834997
9 467.0 0.0 -1.0 -1.0 -1.0 0.0 0.3165004237314142 0.34079583962539217 0.3427037366431934
9 468.0 0.0 -1.0 -1.0 -1.0 0.0 0.2979967240291946 0.3528014297998883 0.34920184617091704
9 469.0 0.0 -1.0 -1.0 -1.0 0.0 0.3026630167287131 0.34973898913805007 0.347597994133237
9 470.0 0.0 -1.0 -1.0 -1.0 0.0 0.3104009205807617 0.33262791875784187 0.3569711606613961
9 471.0 0.0 -1.0 -1.0 -1.0 0.0 0.33303830713971644 0.3639185259204369 0.3030431669398466
9 472.0 0.0 -1.0 -1.0 -1.0 0.0 0.35381319068685685 0.3558394600338126 0.2903473492793303
9 473.0 0.0 -1.0 -1.0 -1.0 0.0 0.3341834932804386 0.36698903659729004 0.2988274701222713
9 474.0 0.0 -1.0 -1.0 -1.0 0.0 0.32807490915902676 0.3555329745393121 0.31639211630166103
9 475.0 0.0 -1.0 -1.0 -1.0 0.0 0.3506971672159699 0.3592248217899306 0.2900780109940998
9 476.0 0.0 -1.0 -1.0 -1.0 0.0 0.3325289272011843 0.3770090392434872 0.29046203355532874
9 477.0 0.0 -1.0 -1.0 -1.0 0.0 0.334838980563458 0.36936607329568055 0.2957949461408615
9 478.0 0.0 -1.0 -1.0 -1.0 0.0 0.32744811557345926 0.35448050474893544 0.3180713796776053
9 479.0 0.0 -1.0 -1.0 -1.0 0.0 0.294178644978537 0.37299177026396385 0.3328295847574993
9 480.0 0.0 -1.0 -1.0 -1.0 0.0 0.28041819861433465 0.3987406258446367 0.32084117554102887
9 481.0 0.0 -1.0 -1.0 -1.0 0.0 0.29463173048844415 0.3934498341973505 0.3119184353142052
9 482.0 0.0 -1.0 -1.0 -1.0 0.0 0.28433334828839457 0.3934788337391392 0.32218781797246615
9 483.0 0.0 -1.0 -1.0 -1.0 0.0 0.29252900050144315 0.3892829215869435 0.3181880779116135
9 484.0 0.0 -1.0 -1.0 -1.0 0.0 0.30478067313011614 0.38652110920243404 0.30869821766745
9 485.0 0.0 -1.0 -1.0 -1.0 0.0 0.32027198065465134 0.37050229971523885 0.30922571963010964
9 486.0 0.0 -1.0 -1.0 -1.0 0.0 0.3410505820015917 0.3564463227224548 0.30250309527595354
9 487.0 0.0 -1.0 -1.0 -1.0 0.0 0.3190966013751099 0.3765505563971903 0.3043528422276999
9 488.0 0.0 -1.0 -1.0 -1.0 0.0 0.31850342030041423 0.36052522061455766 0.32097135908502805
9 489.0 0.0 -1.0 -1.0 -1.0 0.0 0.3068049461694437 0.39380644131053094 0.2993886125200254
9 490.0 0.0 -1.0 -1.0 -1.0 0.0 0.33594643995992995 0.34780092613233043 0.3162526339077395
9 491.0 0.0 -1.0 -1.0 -1.0 0.0 0.3535798882869664 0.3320636633970045 0.3143564483160287
9 492.0 0.0 -1.0 -1.0 -1.0 0.0 0.3627263791862431 0.33911550493004483 0.29815811588371216
9 493.0 0.0 -1.0 -1.0 -1.0 0.0 0.37756723715127927 0.3204561728883835 0.3019765899603371
9 494.0 0.0 -1.0 -1.0 -1.0 0.0 0.3710409839536593 0.3397650303377222 0.2891939857086186
9 495.0 0.0 -1.0 -1.0 -1.0 0.0 0.38004805817823445 0.3289099755051025 0.291041966316663
9 496.0 0.0 -1.0 -1.0 -1.0 0.0 0.35738817409869506 0.3268208943479057 0.3157909315533993
9 497.0 0.0 -1.0 -1.0 -1.0 0.0 0.34968345830986886 0.36641874196282787 0.2838977997273035
9 498.0 0.0 -1.0 -1.0 -1.0 0.0 0.37209152173117127 0.3421893387854223 0.2857191394834064
9 499.0 0.0 -1.0 -1.0 -1.0 0.0 0.37551138917735716 0.35615304263666014 0.2683355681859828
9 500.0 0.0 -1.0 -1.0 -1.0 0.0 0.3677588374377465 0.3749473495512 0.2572938130110535
9 501.0 0.0 -1.0 -1.0 -1.0 0.0 0.3414267328101669 0.3625025813839495 0.2960706858058837
9 502.0 0.0 -1.0 -1.0 -1.0 0.0 0.32005229523899836 0.3718473887597868 0.308100316001215
9 503.0 0.0 -1.0 -1.0 -1.0 0.0 0.30839188718555854 0.36254354301212727 0.3290645698023143
9 504.0 0.0 -1.0 -1.0 -1.0 0.0 0.32919537619861855 0.3407604183051975 0.33004420549618385
9 505.0 0.0 -1.0 -1.0 -1.0 0.0 0.3384469729980845 0.3118276420576291 0.34972538494428645
9 506.0 0.0 -1.0 -1.0 -1.0 0.0 0.35365641839916107 0.31102230093079597 0.3353212806700431
9 507.0 0.0 -1.0 -1.0 -1.0 0.0 0.36854904698525 0.3073173002806326 0.32413365273411726
9 508.0 0.0 -1.0 -1.0 -1.0 0.0 0.33630466627277933 0.33797161535008624 0.3257237183771346
9 509.0 0.0 -1.0 -1.0 -1.0 0.0 0.3162675266903119 0.3579815530477902 0.32575092026189806
9 510.0 0.0 -1.0 -1.0 -1.0 0.0 0.3207084507460531 0.35684029262633415 0.32245125662761254
9 511.0 0.0 -1.0 -1.0 -1.0 0.0 0.3164075846255364 0.3617771586175224 0.32181525675694106
9 512.0 0.0 -1.0 -1.0 -1.0 0.0 0.29459926183219354 0.38928913804823884 0.31611160011956757
9 513.0 0.0 -1.0 -1.0 -1.0 0.0 0.3071177283727119 0.37363947234768236 0.3192427992796058
9 514.0 0.0 -1.0 -1.0 -1.0 0.0 0.30289417337471086 0.37854467100378025 0.3185611556215091
9 515.0 0.0 -1.0 -1.0 -1.0 0.0 0.2979052927594356 0.361002046479442 0.34109266076112255
9 516.0 0.0 -1.0 -1.0 -1.0 0.0 0.29935436245397595 0.3416780109117374 0.35896762663428655
9 517.0 0.0 -1.0 -1.0 -1.0 0.0 0.2914835317854882 0.3500650659465183 0.3584514022679934
9 518.0 0.0 -1.0 -1.0 -1.0 0.0 0.28742253676125823 0.3684955201441133 0.3440819430946285
9 519.0 0.0 -1.0 -1.0 -1.0 0.0 0.32097006124294064 0.3473192924001811 0.3317106463568781
9 520.0 0.0 -1.0 -1.0 -1.0 0.0 0.31758411238182616 0.3335814650747168 0.34883442254345703
9 521.0 0.0 -1.0 -1.0 -1.0 0.0 0.3279814588541796 0.34296745186422656 0.32905108928159377
9 522.0 0.0 -1.0 -1.0 -1.0 0.0 0.3389865578643807 0.33311976522415826 0.3278936769114608
9 523.0 0.0 -1.0 -1.0 -1.0 0.0 0.34357562350649473 0.3372306985453082 0.3191936779481971
9 524.0 0.0 -1.0 -1.0 -1.0 0.0 0.3342359968817123 0.3598029510245821 0.3059610520937057
9 525.0 0.0 -1.0 -1.0 -1.0 0.0 0.33129843309096246 0.36513984534097504 0.3035617215680622
9 526.0 0.0 -1.0 -1.0 -1.0 0.0 0.3244144799094048 0.35705893954520845 0.3185265805453865
9 527.0 0.0 -1.0 -1.0 -1.0 0.0 0.3456886162483028 0.32290580598475876 0.3314055777669383
9 528.0 0.0 -1.0 -1.0 -1.0 0.0 0.34078435482595765 0.32825592183535945 0.33095972333868295
9 529.0 0.0 -1.0 -1.0 -1.0 0.0 0.32068691323529736 0.35478179115501 0.32453129560969274
9 530.0 0.0 -1.0 -1.0 -1.0 0.0 0.30463307058283445 0.38611541738938976 0.3092515120277757
9 531.0 0.0 -1.0 -1.0 -1.0 0.0 0.30705667336010345 0.363571277286118 0.3293720493537785
9 532.0 0.0 -1.0 -1.0 -1.0 0.0 0.32266741289941286 0.35546190412116635 0.3218706829794208
9 533.0 0.0 -1.0 -1.0 -1.0 0.0 0.3122848111929791 0.3655794797143255 0.3221357090926955
9 534.0 0.0 -1.0 -1.0 -1.0 0.0 0.32748239582142263 0.37214669971903697 0.30037090445954034
9 535.0 0.0 -1.0 -1.0 -1.0 0.0 0.33541768830506696 0.3589815585459206 0.3056007531490125
9 536.0 0.0 -1.0 -1.0 -1.0 0.0 0.342350241175348 0.3440173280330731 0.31363243079157893
9 537.0 0.0 -1.0 -1.0 -1.0 0.0 0.34010896867604573 0.3280187254934381 0.3318723058305164
9 538.0 0.0 -1.0 -1.0 -1.0 0.0 0.35350538520849495 0.323178844543527 0.3233157702479781
9 539.0 0.0 -1.0 -1.0 -1.0 0.0 0.34334135439612157 0.3081554498230286 0.3485031957808495
9 540.0 0.0 -1.0 -1.0 -1.0 0.0 0.327219165875179 0.3142459103907962 0.358534923734025
9 541.0 0.0 -1.0 -1.0 -1.0 0.0 0.3459827221009548 0.32383863398705676 0.33017864391198853
9 542.0 0.0 -1.0 -1.0 -1.0 0.0 0.34459041280292363 0.3347656138269397 0.3206439733701366
9 543.0 0.0 -1.0 -1.0 -1.0 0.0 0.347264810542081 0.34580393643393414 0.3069312530239849
9 544.0 0.0 -1.0 -1.0 -1.0 0.0 0.3878908395286168 0.30269988008330245 0.3094092803880807
9 545.0 0.0 -1.0 -1.0 -1.0 0.0 0.3585643841468755 0.31896409309974394 0.32247152275338037
9 546.0 0.0 -1.0 -1.0 -1.0 0.0 0.355336355041505 0.32539690578690533 0.31926673917158965
9 547.0 0.0 -1.0 -1.0 -1.0 0.0 0.3565310196742662 0.32365870226519067 0.31981027806054285
9 548.0 0.0 -1.0 -1.0 -1.0 0.0 0.3320920848266246 0.3360217962645454 0.33188611890883
9 549.0 0.0 -1.0 -1.0 -1.0 0.0 0.3263294496240101 0.326588175601172 0.3470823747748179
9 550.0 0.0 -1.0 -1.0 -1.0 0.0 0.33882994700772917 0.32749594449053954 0.3336741085017313
9 551.0 0.0 -1.0 -1.0 -1.0 0.0 0.33435125556718814 0.31265779757549206 0.35299094685731974
9 552.0 0.0 -1.0 -1.0 -1.0 0.0 0.33735083667416127 0.3266471910219089 0.3360019723039301
9 553.0 0.0 -1.0 -1.0 -1.0 0.0 0.3281840408242814 0.33321413723454335 0.3386018219411753
9 554.0 0.0 -1.0 -1.0 -1.0 0.0 0.3343909456831062 0.3294814584932047 0.3361275958236894
9 555.0 0.0 -1.0 -1.0 -1.0 0.0 0.333585808573356 0.3066021863135155 0.3598120051131283
9 556.0 0.0 -1.0 -1.0 -1.0 0.0 0.32157873520576385 0.32688160704203445 0.35153965775220153
9 557.0 0.0 -1.0 -1.0 -1.0 0.0 0.3167913683239803 0.33830789186194693 0.34490073981407265
9 558.0 0.0 -1.0 -1.0 -1.0 0.0 0.3142139274895158 0.3262371304874858 0.3595489420229983
9 559.0 0.0 -1.0 -1.0 -1.0 0.0 0.31916217490677373 0.28464330728745113 0.3961945178057752
9 560.0 0.0 -1.0 -1.0 -1.0 0.0 0.32575618321865824 0.3181495899669524 0.3560942268143891
9 561.0 0.0 -1.0 -1.0 -1.0 0.0 0.31740842743680064 0.3321356370491658 0.35045593551403387
9 562.0 0.0 -1.0 -1.0 -1.0 0.0 0.3266679379816273 0.3170940006298666 0.3562380613885061
9 563.0 0.0 -1.0 -1.0 -1.0 0.0 0.35076170881915625 0.3042647991694639 0.34497349201137983
9 564.0 0.0 -1.0 -1.0 -1.0 0.0 0.33915737156076753 0.3257642635729787 0.33507836486625353
9 565.0 0.0 -1.0 -1.0 -1.0 0.0 0.3237817647320524 0.3243721881229273 0.35184604714502027
9 566.0 0.0 -1.0 -1.0 -1.0 0.0 0.3470072022804742 0.30806071176348415 0.3449320859560415
9 567.0 0.0 -1.0 -1.0 -1.0 0.0 0.3220998135924066 0.3317878477426106 0.34611233866498287
9 568.0 0.0 -1.0 -1.0 -1.0 0.0 0.3224419032592189 0.33560017448642776 0.34195792225435345
9 569.0 0.0 -1.0 -1.0 -1.0 0.0 0.33588134370954775 0.3372229401515916 0.3268957161388604
9 570.0 0.0 -1.0 -1.0 -1.0 0.0 0.3424947875976551 0.3168450739287653 0.34066013847358
9 571.0 0.0 -1.0 -1.0 -1.0 0.0 0.341473695540105 0.3265605669387473 0.33196573752114794
9 572.0 0.0 -1.0 -1.0 -1.0 0.0 0.3472234965371542 0.3454261605798493 0.30735034288299656
9 573.0 0.0 -1.0 -1.0 -1.0 0.0 0.31683314258752365 0.35987292677736704 0.32329393063510936
9 574.0 0.0 -1.0 -1.0 -1.0 0.0 0.30042167065788095 0.4031017401059716 0.29647658923614767
9 575.0 0.0 -1.0 -1.0 -1.0 0.0 0.3205053536244619 0.3751446782663823 0.3043499681091558
9 576.0 0.0 -1.0 -1.0 -1.0 0.0 0.37884861549251225 0.33398446910565505 0.28716691540183287
9 577.0 0.0 -1.0 -1.0 -1.0 0.0 0.35846182577672786 0.34844867550927155 0.29308949871400075
9 578.0 0.0 -1.0 -1.0 -1.0 0.0 0.3801664246638324 0.3400316874641524 0.27980188787201526
9 579.0 0.0 -1.0 -1.0 -1.0 0.0 0.3704769752010319 0.3305550362944725 0.2989679885044955
9 580.0 0.0 -1.0 -1.0 -1.0 0.0 0.345399162178357 0.34301045392634905 0.31159038389529403
9 581.0 0.0 -1.0 -1.0 -1.0 0.0 0.3232497816901531 0.35767292851318827 0.31907728979665856
9 582.0 0.0 -1.0 -1.0 -1.0 0.0 0.3612597051635826 0.30862307744365514 0.3301172173927621
9 583.0 0.0 -1.0 -1.0 -1.0 0.0 0.3733646255336203 0.29422017573958725 0.33241519872679226
9 584.0 0.0 -1.0 -1.0 -1.0 0.0 0.3791898022465228 0.29720061268330333 0.32360958507017384
9 585.0 0.0 -1.0 -1.0 -1.0 0.0 0.35859447712203746 0.31375189698161027 0.32765362589635216
9 586.0 0.0 -1.0 -1.0 -1.0 0.0 0.346062041485824 0.31817588609923825 0.33576207241493783
9 587.0 0.0 -1.0 -1.0 -1.0 0.0 0.3546649302907774 0.3039864033637627 0.3413486663454601
9 588.0 0.0 -1.0 -1.0 -1.0 0.0 0.3422711677222774 0.31803640762880314 0.33969242464891963
9 589.0 0.0 -1.0 -1.0 -1.0 0.0 0.3289743816251855 0.33312924034132985 0.3378963780334845
9 590.0 0.0 -1.0 -1.0 -1.0 0.0 0.3057380207083655 0.353839194541836 0.34042278474979853
9 591.0 0.0 -1.0 -1.0 -1.0 0.0 0.32729946668125653 0.34479166123531857 0.3279088720834251
9 592.0 0.0 -1.0 -1.0 -1.0 0.0 0.33234265592346474 0.31677353175760453 0.3508838123189307
9 593.0 0.0 -1.0 -1.0 -1.0 0.0 0.31825891155699887 0.3201767290655971 0.36156435937740405
9 594.0 0.0 -1.0 -1.0 -1.0 0.0 0.3119615718833862 0.3260763814432764 0.36196204667333753
9 595.0 0.0 -1.0 -1.0 -1.0 0.0 0.3212229812869595 0.3326959107267118 0.3460811079863288
9 596.0 0.0 -1.0 -1.0 -1.0 0.0 0.32796560215829645 0.3175282702924389 0.35450612754926447
9 597.0 0.0 -1.0 -1.0 -1.0 0.0 0.3283815012678899 0.34409186618603094 0.3275266325460792
9 598.0 0.0 -1.0 -1.0 -1.0 0.0 0.3471419363610213 0.3265299976827511 0.3263280659562274
9 599.0 0.0 -1.0 -1.0 -1.0 0.0 0.3414616392158319 0.32427034941802146 0.3342680113661467
9 600.0 0.0 -1.0 -1.0 -1.0 0.0 0.3513266429509735 0.31202371323369976 0.33664964381532664
9 601.0 0.0 -1.0 -1.0 -1.0 0.0 0.35587058719924064 0.2997727216840102 0.3443566911167492
9 602.0 0.0 -1.0 -1.0 -1.0 0.0 0.3794816155746358 0.28690299364732413 0.3336153907780398
9 603.0 0.0 -1.0 -1.0 -1.0 0.0 0.35322445208307374 0.30090570434453145 0.3458698435723948
9 604.0 0.0 -1.0 -1.0 -1.0 0.0 0.34518503886725005 0.3033829038042107 0.3514320573285394
9 605.0 0.0 -1.0 -1.0 -1.0 0.0 0.3657070990309422 0.27121029595114016 0.36308260501791756
9 606.0 0.0 -1.0 -1.0 -1.0 0.0 0.32928251488252364 0.30978363311966484 0.3609338519978115
9 607.0 0.0 -1.0 -1.0 -1.0 0.0 0.33672473529388947 0.31664034848546846 0.346634916220642
9 608.0 0.0 -1.0 -1.0 -1.0 0.0 0.33098248338147096 0.32197407859761723 0.34704343802091203
9 609.0 0.0 -1.0 -1.0 -1.0 0.0 0.33582049529625935 0.32601529462760603 0.3381642100761346
9 610.0 0.0 -1.0 -1.0 -1.0 0.0 0.3710640916145448 0.2885953218850509 0.3403405865004043
9 611.0 0.0 -1.0 -1.0 -1.0 0.0 0.3616931651020691 0.28458925060043516 0.35371758429749584
9 612.0 0.0 -1.0 -1.0 -1.0 0.0 0.3596057078658758 0.30156712159203003 0.3388271705420942
9 613.0 0.0 -1.0 -1.0 -1.0 0.0 0.33445647869901435 0.3113779555107881 0.35416556579019753
9 614.0 0.0 -1.0 -1.0 -1.0 0.0 0.31798206791936734 0.3349448418596135 0.347073090221019
9 615.0 0.0 -1.0 -1.0 -1.0 0.0 0.35082612436132865 0.3293288918044795 0.3198449838341919
9 616.0 0.0 -1.0 -1.0 -1.0 0.0 0.33546081659735044 0.37087133459690813 0.2936678488057414
9 617.0 0.0 -1.0 -1.0 -1.0 0.0 0.3570496967321533 0.3535930207715334 0.28935728249631315
9 618.0 0.0 -1.0 -1.0 -1.0 0.0 0.3237186824421496 0.3702213268223186 0.30605999073553203
9 619.0 0.0 -1.0 -1.0 -1.0 0.0 0.3340824887269454 0.36539783207664195 0.3005196791964129
9 620.0 0.0 -1.0 -1.0 -1.0 0.0 0.34884639707286397 0.35129152849170503 0.29986207443543095
9 621.0 0.0 -1.0 -1.0 -1.0 0.0 0.3377163769063415 0.33567629879243405 0.3266073243012244
9 622.0 0.0 -1.0 -1.0 -1.0 0.0 0.32740747970499684 0.3311389948914518 0.3414535254035511
9 623.0 0.0 -1.0 -1.0 -1.0 0.0 0.3246569696646921 0.3421243823236155 0.33321864801169254
9 624.0 0.0 -1.0 -1.0 -1.0 0.0 0.3332824747664052 0.3469018982043072 0.3198156270292875
9 625.0 0.0 -1.0 -1.0 -1.0 0.0 0.33990227085238717 0.32505783764146334 0.33503989150614993
9 626.0 0.0 -1.0 -1.0 -1.0 0.0 0.3175118294817612 0.34447567122525313 0.33801249929298555
9 627.0 0.0 -1.0 -1.0 -1.0 0.0 0.3418511506478729 0.3192784664420033 0.3388703829101237
9 628.0 0.0 -1.0 -1.0 -1.0 0.0 0.3509673731310491 0.2978181294753258 0.35121449739362487
9 629.0 0.0 -1.0 -1.0 -1.0 0.0 0.31721488563243033 0.31098160349049503 0.3718035108770747
9 630.0 0.0 -1.0 -1.0 -1.0 0.0 0.3019025072831472 0.32932150883788636 0.36877598387896654
9 631.0 0.0 -1.0 -1.0 -1.0 0.0 0.308851080839077 0.33081190812480377 0.3603370110361193
9 632.0 0.0 -1.0 -1.0 -1.0 0.0 0.32647777504557657 0.3301105956706381 0.3434116292837854
9 633.0 0.0 -1.0 -1.0 -1.0 0.0 0.3496121662457226 0.33736427257126517 0.3130235611830123
9 634.0 0.0 -1.0 -1.0 -1.0 0.0 0.33927837073089534 0.3304868160046068 0.3302348132644979
9 635.0 0.0 -1.0 -1.0 -1.0 0.0 0.34322092313579455 0.32998987443561306 0.3267892024285922
9 636.0 0.0 -1.0 -1.0 -1.0 0.0 0.3402957006666826 0.3309170851725933 0.3287872141607243
9 637.0 0.0 -1.0 -1.0 -1.0 0.0 0.3238811175836231 0.340796288017341 0.335322594399036
9 638.0 0.0 -1.0 -1.0 -1.0 0.0 0.33008254028555056 0.3230324758113283 0.34688498390312117
9 639.0 0.0 -1.0 -1.0 -1.0 0.0 0.32319055640405303 0.3288743290043278 0.3479351145916196
9 640.0 0.0 -1.0 -1.0 -1.0 0.0 0.294834400473223 0.32911630215645116 0.3760492973703258
9 641.0 0.0 -1.0 -1.0 -1.0 0.0 0.30179763025580486 0.31738580457016397 0.3808165651740311
9 642.0 0.0 -1.0 -1.0 -1.0 0.0 0.3152807472865009 0.3166778675555702 0.3680413851579287
9 643.0 0.0 -1.0 -1.0 -1.0 0.0 0.3162614776585627 0.31628548646131277 0.36745303588012446
9 644.0 0.0 -1.0 -1.0 -1.0 0.0 0.31280366326456677 0.3220609982433115 0.36513533849212154
9 645.0 0.0 -1.0 -1.0 -1.0 0.0 0.2909427107282739 0.35983279331783563 0.34922449595389027
9 646.0 0.0 -1.0 -1.0 -1.0 0.0 0.31109030216386674 0.36518595921047114 0.3237237386256622
9 647.0 0.0 -1.0 -1.0 -1.0 0.0 0.3053334963102191 0.391208952461381 0.3034575512283999
9 648.0 0.0 -1.0 -1.0 -1.0 0.0 0.3090566410017043 0.3699809884563109 0.32096237054198506
9 649.0 0.0 -1.0 -1.0 -1.0 0.0 0.3186334296610161 0.32105908810936257 0.3603074822296211
9 650.0 0.0 -1.0 -1.0 -1.0 0.0 0.32848094143830986 0.3184040538992105 0.3531150046624799
9 651.0 0.0 -1.0 -1.0 -1.0 0.0 0.3281061670946796 0.32446075767725774 0.3474330752280625
9 652.0 0.0 -1.0 -1.0 -1.0 0.0 0.3230086881809084 0.34156847761635634 0.33542283420273505
9 653.0 0.0 -1.0 -1.0 -1.0 0.0 0.33085618839553793 0.3543213735219364 0.3148224380825255
9 654.0 0.0 -1.0 -1.0 -1.0 0.0 0.35212817940196284 0.32252824068542324 0.3253435799126139
9 655.0 0.0 -1.0 -1.0 -1.0 0.0 0.32067738326303663 0.3637989690119147 0.31552364772504854
9 656.0 0.0 -1.0 -1.0 -1.0 0.0 0.3099245671045723 0.35643348884394727 0.3336419440514804
9 657.0 0.0 -1.0 -1.0 -1.0 0.0 0.2782722235690718 0.37476022234840767 0.3469675540825209
9 658.0 0.0 -1.0 -1.0 -1.0 0.0 0.3047841436568319 0.3558615211865396 0.3393543351566286
9 659.0 0.0 -1.0 -1.0 -1.0 0.0 0.30413210688646486 0.3724054810644217 0.3234624120491133
9 660.0 0.0 -1.0 -1.0 -1.0 0.0 0.32229409670274883 0.36744638303130295 0.31025952026594855
9 661.0 0.0 -1.0 -1.0 -1.0 0.0 0.33852199867038096 0.3114347580868998 0.35004324324271907
9 662.0 0.0 -1.0 -1.0 -1.0 0.0 0.34396433097464296 0.2990189440124628 0.3570167250128943
9 663.0 0.0 -1.0 -1.0 -1.0 0.0 0.3345672707710455 0.28929051317818283 0.37614221605077164
9 664.0 0.0 -1.0 -1.0 -1.0 0.0 0.34254350681027235 0.30389567742775025 0.3535608157619776
9 665.0 0.0 -1.0 -1.0 -1.0 0.0 0.32735120534550466 0.3315619909214119 0.3410868037330833
9 666.0 0.0 -1.0 -1.0 -1.0 0.0 0.3395293868503299 0.3290013586655444 0.3314692544841257
9 667.0 0.0 -1.0 -1.0 -1.0 0.0 0.33063823662603187 0.3479475409570826 0.3214142224168856
9 668.0 0.0 -1.0 -1.0 -1.0 0.0 0.3166289693219402 0.3703934752918633 0.3129775553861964
9 669.0 0.0 -1.0 -1.0 -1.0 0.0 0.3226212336960929 0.3512912021580982 0.3260875641458091
9 670.0 0.0 -1.0 -1.0 -1.0 0.0 0.32986212281215815 0.3526640386013004 0.3174738385865415
9 671.0 0.0 -1.0 -1.0 -1.0 0.0 0.325975185194123 0.32692820240612164 0.34709661239975526
9 672.0 0.0 -1.0 -1.0 -1.0 0.0 0.3454789584261019 0.3174750871689626 0.3370459544049356
9 673.0 0.0 -1.0 -1.0 -1.0 0.0 0.36570717988841317 0.31795778849758705 0.31633503161399973
9 674.0 0.0 -1.0 -1.0 -1.0 0.0 0.3375012987626069 0.31971286291659856 0.3427858383207944
9 675.0 0.0 -1.0 -1.0 -1.0 0.0 0.33685043057549735 0.3418709771574758 0.3212785922670267
9 676.0 0.0 -1.0 -1.0 -1.0 0.0 0.32109904959782554 0.34769023475759037 0.3312107156445844
9 677.0 0.0 -1.0 -1.0 -1.0 0.0 0.332179557918613 0.3544035160387431 0.3134169260426439
9 678.0 0.0 -1.0 -1.0 -1.0 0.0 0.3320021030539844 0.34520669723066727 0.3227911997153483
9 679.0 0.0 -1.0 -1.0 -1.0 0.0 0.31974041745409554 0.3410919532935346 0.33916762925236965
9 680.0 0.0 -1.0 -1.0 -1.0 0.0 0.331668723750176 0.32492057370838373 0.34341070254144035
9 681.0 0.0 -1.0 -1.0 -1.0 0.0 0.3457728647222267 0.3310562236647811 0.3231709116129922
9 682.0 0.0 -1.0 -1.0 -1.0 0.0 0.31787389665670224 0.3440275595398245 0.3380985438034729
9 683.0 0.0 -1.0 -1.0 -1.0 0.0 0.33934484284867567 0.3225430784054163 0.33811207874590826
9 684.0 0.0 -1.0 -1.0 -1.0 0.0 0.3235914616066647 0.3393496232638541 0.33705891512948105
9 685.0 0.0 -1.0 -1.0 -1.0 0.0 0.30429268526356884 0.35394728762297306 0.3417600271134582
9 686.0 0.0 -1.0 -1.0 -1.0 0.0 0.31920765796964434 0.3654347486342759 0.3153575933960797
9 687.0 0.0 -1.0 -1.0 -1.0 0.0 0.3116834139154045 0.3475294821493028 0.34078710393529277
9 688.0 0.0 -1.0 -1.0 -1.0 0.0 0.3282804186129828 0.3197295188672788 0.3519900625197383
9 689.0 0.0 -1.0 -1.0 -1.0 0.0 0.348852950822139 0.29741579134434076 0.35373125783352044
9 690.0 0.0 -1.0 -1.0 -1.0 0.0 0.3330649491591435 0.30640636215453204 0.3605286886863244
9 691.0 0.0 -1.0 -1.0 -1.0 0.0 0.3373885278910141 0.29315763837841524 0.36945383373057067
9 692.0 0.0 -1.0 -1.0 -1.0 0.0 0.346411856228171 0.32547914556186197 0.32810899820996703
9 693.0 0.0 -1.0 -1.0 -1.0 0.0 0.3339745224321193 0.35167754823422337 0.31434792933365746
9 694.0 0.0 -1.0 -1.0 -1.0 0.0 0.34571987624325706 0.3202120729131886 0.33406805084355456
9 695.0 0.0 -1.0 -1.0 -1.0 0.0 0.3104041267621815 0.3392431337294418 0.3503527395083767
9 696.0 0.0 -1.0 -1.0 -1.0 0.0 0.29819790822312875 0.3296201264809359 0.37218196529593534
9 697.0 0.0 -1.0 -1.0 -1.0 0.0 0.29734778366426157 0.31579220783741935 0.38686000849831886
9 698.0 0.0 -1.0 -1.0 -1.0 0.0 0.3411492525191818 0.3111233702168091 0.34772737726400893
9 699.0 0.0 -1.0 -1.0 -1.0 0.0 0.31065368741617727 0.3320821852941239 0.3572641272896988
9 700.0 0.0 -1.0 -1.0 -1.0 0.0 0.30603915529436143 0.336400252157776 0.35756059254786265
9 701.0 0.0 -1.0 -1.0 -1.0 0.0 0.31422346514319305 0.3057145241565909 0.3800620107002159
9 702.0 0.0 -1.0 -1.0 -1.0 0.0 0.3089964908819397 0.318646645955164 0.3723568631628963
9 703.0 0.0 -1.0 -1.0 -1.0 0.0 0.32319258476211926 0.2914849260795039 0.3853224891583769
9 704.0 0.0 -1.0 -1.0 -1.0 0.0 0.32521952787307096 0.30488834035389023 0.36989213177303876
9 705.0 0.0 -1.0 -1.0 -1.0 0.0 0.3241591150387346 0.3157611140496388 0.36007977091162696
9 706.0 0.0 -1.0 -1.0 -1.0 0.0 0.3397403839645981 0.31308335531794784 0.347176260717454
9 707.0 0.0 -1.0 -1.0 -1.0 0.0 0.3409129164289717 0.31607380418848835 0.34301327938254
9 708.0 0.0 -1.0 -1.0 -1.0 0.0 0.32372552921490155 0.35039018939606914 0.3258842813890292
9 709.0 0.0 -1.0 -1.0 -1.0 0.0 0.32671154027018323 0.35686427487964856 0.31642418485016827
9 710.0 0.0 -1.0 -1.0 -1.0 0.0 0.31379442859819884 0.3414852100006111 0.34472036140119017
9 711.0 0.0 -1.0 -1.0 -1.0 0.0 0.3092940827961002 0.32467865215808706 0.3660272650458126
9 712.0 0.0 -1.0 -1.0 -1.0 0.0 0.3215910134277292 0.35413513815426756 0.32427384841800344
9 713.0 0.0 -1.0 -1.0 -1.0 0.0 0.33066127210042273 0.3236372146225457 0.3457015132770313
9 714.0 0.0 -1.0 -1.0 -1.0 0.0 0.3263067727785156 0.32319868440135946 0.350494542820125
9 715.0 0.0 -1.0 -1.0 -1.0 0.0 0.30235391966052755 0.3279282533221254 0.369717827017347
9 716.0 0.0 -1.0 -1.0 -1.0 0.0 0.32184312650572167 0.32470267488940885 0.35345419860486954
9 717.0 0.0 -1.0 -1.0 -1.0 0.0 0.3254973144655906 0.34885901709265943 0.32564366844174975
9 718.0 0.0 -1.0 -1.0 -1.0 0.0 0.33804318689591667 0.3351024083177837 0.32685440478629935
9 719.0 0.0 -1.0 -1.0 -1.0 0.0 0.3399864383044527 0.329160805494492 0.33085275620105564
9 720.0 0.0 -1.0 -1.0 -1.0 0.0 0.3592538951574334 0.3266751300138737 0.3140709748286932
9 721.0 0.0 -1.0 -1.0 -1.0 0.0 0.3604636957047148 0.3209061717079459 0.31863013258733924
9 722.0 0.0 -1.0 -1.0 -1.0 0.0 0.35028030537812205 0.3269518791437253 0.3227678154781527
9 723.0 0.0 -1.0 -1.0 -1.0 0.0 0.3363151305282967 0.3579520510669208 0.3057328184047826
9 724.0 0.0 -1.0 -1.0 -1.0 0.0 0.3650185464521434 0.3452472610715528 0.2897341924763037
9 725.0 0.0 -1.0 -1.0 -1.0 0.0 0.37375695236150913 0.3397200699697913 0.2865229776686998
9 726.0 0.0 -1.0 -1.0 -1.0 0.0 0.3738769601017799 0.3567330369475036 0.26939000295071625
9 727.0 0.0 -1.0 -1.0 -1.0 0.0 0.37034716574608095 0.3439352367649755 0.28571759748894343
9 728.0 0.0 -1.0 -1.0 -1.0 0.0 0.37491163437149566 0.3299980726801756 0.29509029294832856
9 729.0 0.0 -1.0 -1.0 -1.0 0.0 0.3632181044087457 0.3246257248725787 0.3121561707186757
9 730.0 0.0 -1.0 -1.0 -1.0 0.0 0.3905038984294805 0.3337075162828019 0.2757885852877175
9 731.0 0.0 -1.0 -1.0 -1.0 0.0 0.3681545072280676 0.3283412026011971 0.3035042901707353
9 732.0 0.0 -1.0 -1.0 -1.0 0.0 0.32837244922739006 0.3577687448566315 0.31385880591597853
9 733.0 0.0 -1.0 -1.0 -1.0 0.0 0.3247766210420893 0.3316336904452075 0.3435896885127033
9 734.0 0.0 -1.0 -1.0 -1.0 0.0 0.32468246773962295 0.31822277592392034 0.3570947563364568
9 735.0 0.0 -1.0 -1.0 -1.0 0.0 0.2877800004737226 0.36211856471162607 0.35010143481465106
9 736.0 0.0 -1.0 -1.0 -1.0 0.0 0.2902713446262265 0.36075516240857647 0.3489734929651971
9 737.0 0.0 -1.0 -1.0 -1.0 0.0 0.2683712242983985 0.37053042680109316 0.36109834890050835
9 738.0 0.0 -1.0 -1.0 -1.0 0.0 0.28835493438228627 0.3639260906154124 0.3477189750023015
9 739.0 0.0 -1.0 -1.0 -1.0 0.0 0.30311317652301334 0.3267350235165727 0.3701517999604142
9 740.0 0.0 -1.0 -1.0 -1.0 0.0 0.3311005034460687 0.31686589405314725 0.35203360250078375
9 741.0 0.0 -1.0 -1.0 -1.0 0.0 0.33126533824347765 0.3252125879400263 0.34352207381649597
9 742.0 0.0 -1.0 -1.0 -1.0 0.0 0.34874575495795185 0.301266196108993 0.34998804893305496
9 743.0 0.0 -1.0 -1.0 -1.0 0.0 0.3638635472949933 0.32677551870267807 0.3093609340023285
9 744.0 0.0 -1.0 -1.0 -1.0 0.0 0.3519484894432701 0.33007270360547525 0.3179788069512545
9 745.0 0.0 -1.0 -1.0 -1.0 0.0 0.34388299323821875 0.34913569864233246 0.3069813081194489
9 746.0 0.0 -1.0 -1.0 -1.0 0.0 0.3381655285212411 0.35632689115496186 0.3055075803237971
9 747.0 0.0 -1.0 -1.0 -1.0 0.0 0.3130290899749843 0.34661361039439337 0.3403572996306221
9 748.0 0.0 -1.0 -1.0 -1.0 0.0 0.3194068499602485 0.36187258559494645 0.3187205644448051
9 749.0 0.0 -1.0 -1.0 -1.0 0.0 0.3099804760799849 0.34485531417496595 0.34516420974504924
9 750.0 0.0 -1.0 -1.0 -1.0 0.0 0.3233159198715424 0.3593988368938315 0.3172852432346256
9 751.0 0.0 -1.0 -1.0 -1.0 0.0 0.32211891616651483 0.36181491946984623 0.31606616436363916
9 752.0 0.0 -1.0 -1.0 -1.0 0.0 0.3278272783589027 0.34556228709992354 0.3266104345411736
9 753.0 0.0 -1.0 -1.0 -1.0 0.0 0.3287351612354019 0.3574509685069269 0.3138138702576711
9 754.0 0.0 -1.0 -1.0 -1.0 0.0 0.3275755402092283 0.3675201172618599 0.3049043425289121
9 755.0 0.0 -1.0 -1.0 -1.0 0.0 0.31377612681978545 0.38982698599280263 0.2963968871874118
9 756.0 0.0 -1.0 -1.0 -1.0 0.0 0.3209123433404998 0.3840791752410645 0.2950084814184357
9 757.0 0.0 -1.0 -1.0 -1.0 0.0 0.31279470764333067 0.37589041080886004 0.31131488154780934
9 758.0 0.0 -1.0 -1.0 -1.0 0.0 0.31033664186083937 0.3720798424997191 0.3175835156394416
9 759.0 0.0 -1.0 -1.0 -1.0 0.0 0.3097162721576231 0.3966881516248321 0.2935955762175448
9 760.0 0.0 -1.0 -1.0 -1.0 0.0 0.31997545815376655 0.3632689408728058 0.3167556009734278
9 761.0 0.0 -1.0 -1.0 -1.0 0.0 0.31151124651558626 0.37957933840404984 0.3089094150803638
9 762.0 0.0 -1.0 -1.0 -1.0 0.0 0.29428339238037377 0.3804721836186081 0.32524442400101833
9 763.0 0.0 -1.0 -1.0 -1.0 0.0 0.304660908549706 0.3693021335971606 0.32603695785313336
9 764.0 0.0 -1.0 -1.0 -1.0 0.0 0.33256206679012545 0.37059498049326434 0.29684295271661015
9 765.0 0.0 -1.0 -1.0 -1.0 0.0 0.3490158438262917 0.3689842535739058 0.2819999025998028
9 766.0 0.0 -1.0 -1.0 -1.0 0.0 0.3299869337241286 0.37283648949200504 0.2971765767838664
9 767.0 0.0 -1.0 -1.0 -1.0 0.0 0.31673860398101883 0.3791693190358317 0.30409207698314966
9 768.0 0.0 -1.0 -1.0 -1.0 0.0 0.3081730345643014 0.3769299851074726 0.3148969803282259
9 769.0 0.0 -1.0 -1.0 -1.0 0.0 0.31641866109856076 0.3757763597387459 0.3078049791626931
9 770.0 0.0 -1.0 -1.0 -1.0 0.0 0.3293048060065383 0.35017263392985065 0.3205225600636111
9 771.0 0.0 -1.0 -1.0 -1.0 0.0 0.3275500633854728 0.3376855180612086 0.3347644185533188
9 772.0 0.0 -1.0 -1.0 -1.0 0.0 0.3398563514798061 0.3329439912181502 0.3271996573020437
9 773.0 0.0 -1.0 -1.0 -1.0 0.0 0.3323186784393869 0.3458537253207373 0.321827596239876
9 774.0 0.0 -1.0 -1.0 -1.0 0.0 0.33183592736509454 0.35307823012484624 0.31508584251005956
9 775.0 0.0 -1.0 -1.0 -1.0 0.0 0.3454208613933001 0.3456889761548981 0.3088901624518018
9 776.0 0.0 -1.0 -1.0 -1.0 0.0 0.3435544863986905 0.33120514790816946 0.3252403656931401
9 777.0 0.0 -1.0 -1.0 -1.0 0.0 0.35578770002170323 0.3072026384802841 0.3370096614980126
9 778.0 0.0 -1.0 -1.0 -1.0 0.0 0.364000251837381 0.3156682813932289 0.32033146676938995
9 779.0 0.0 -1.0 -1.0 -1.0 0.0 0.38538374926368746 0.31909884985677367 0.29551740087953915
9 780.0 0.0 -1.0 -1.0 -1.0 0.0 0.35524019771045034 0.35595320357556537 0.28880659871398445
9 781.0 0.0 -1.0 -1.0 -1.0 0.0 0.3342602210692118 0.36520694152693545 0.30053283740385306
9 782.0 0.0 -1.0 -1.0 -1.0 0.0 0.3540602500689987 0.3323803644484187 0.3135593854825824
9 783.0 0.0 -1.0 -1.0 -1.0 0.0 0.34922061605499266 0.3243711384223562 0.32640824552265113
9 784.0 0.0 -1.0 -1.0 -1.0 0.0 0.3408947701957073 0.3259836669264625 0.33312156287783024
9 785.0 0.0 -1.0 -1.0 -1.0 0.0 0.34762617059508477 0.34419406709459255 0.3081797623103228
9 786.0 0.0 -1.0 -1.0 -1.0 0.0 0.31015320607834596 0.355823073108147 0.3340237208135069
9 787.0 0.0 -1.0 -1.0 -1.0 0.0 0.2988889908736965 0.3639068242303113 0.3372041848959922
9 788.0 0.0 -1.0 -1.0 -1.0 0.0 0.2925645916443874 0.38235412547105324 0.32508128288455956
9 789.0 0.0 -1.0 -1.0 -1.0 0.0 0.2761766631071784 0.4133444341053913 0.31047890278743034
9 790.0 0.0 -1.0 -1.0 -1.0 0.0 0.290608876921864 0.41242252610707114 0.2969685969710649
9 791.0 0.0 -1.0 -1.0 -1.0 0.0 0.311460277621455 0.3615222107692658 0.3270175116092793
9 792.0 0.0 -1.0 -1.0 -1.0 0.0 0.3233524142791313 0.33835108650708645 0.33829649921378213
9 793.0 0.0 -1.0 -1.0 -1.0 0.0 0.31195224676177064 0.3566607792296194 0.3313869740086099
9 794.0 0.0 -1.0 -1.0 -1.0 0.0 0.33121190019500263 0.3338376586870164 0.3349504411179809
9 795.0 0.0 -1.0 -1.0 -1.0 0.0 0.3363077281147648 0.3398201659507716 0.3238721059344639
9 796.0 0.0 -1.0 -1.0 -1.0 0.0 0.3246609652097005 0.36458758782024503 0.3107514469700546
9 797.0 0.0 -1.0 -1.0 -1.0 0.0 0.3137992566784908 0.3648677490869683 0.3213329942345407
9 798.0 0.0 -1.0 -1.0 -1.0 0.0 0.3168967287686498 0.36403529354272995 0.3190679776886202
9 799.0 0.0 -1.0 -1.0 -1.0 0.0 0.3063519669147708 0.37128868203731896 0.32235935104791025
9 800.0 0.0 -1.0 -1.0 -1.0 0.0 0.3075597794364155 0.35702688253846027 0.33541333802512396
9 801.0 0.0 -1.0 -1.0 -1.0 0.0 0.32151010468117247 0.3631454417238276 0.3153444535949997
9 802.0 0.0 -1.0 -1.0 -1.0 0.0 0.3313136224040414 0.3357616972639123 0.3329246803320464
9 803.0 0.0 -1.0 -1.0 -1.0 0.0 0.32869657015106246 0.3263797803589242 0.3449236494900136
9 804.0 0.0 -1.0 -1.0 -1.0 0.0 0.34391012117258973 0.34703690415109795 0.30905297467631204
9 805.0 0.0 -1.0 -1.0 -1.0 0.0 0.3218548748473607 0.34184006328629507 0.3363050618663441
9 806.0 0.0 -1.0 -1.0 -1.0 0.0 0.32612832597961444 0.33000008212747894 0.3438715918929068
9 807.0 0.0 -1.0 -1.0 -1.0 0.0 0.32010335420365554 0.33943413421589175 0.34046251158045265
9 808.0 0.0 -1.0 -1.0 -1.0 0.0 0.340422521708251 0.32252503789178355 0.33705244039996535
9 809.0 0.0 -1.0 -1.0 -1.0 0.0 0.33315956203155067 0.3339138770087306 0.3329265609597185
9 810.0 0.0 -1.0 -1.0 -1.0 0.0 0.3233368559147688 0.33675030958047925 0.33991283450475207
9 811.0 0.0 -1.0 -1.0 -1.0 0.0 0.33181490701875566 0.34036165335536994 0.32782343962587424
9 812.0 0.0 -1.0 -1.0 -1.0 0.0 0.33815290209913423 0.3305881815798746 0.33125891632099125
9 813.0 0.0 -1.0 -1.0 -1.0 0.0 0.3456358925741057 0.33905200405189356 0.31531210337400084
9 814.0 0.0 -1.0 -1.0 -1.0 0.0 0.35811871485804353 0.3309231998936458 0.3109580852483107
9 815.0 0.0 -1.0 -1.0 -1.0 0.0 0.358369157017574 0.3410857991985122 0.3005450437839137
9 816.0 0.0 -1.0 -1.0 -1.0 0.0 0.3460394266195285 0.344955850633993 0.30900472274647844
9 817.0 0.0 -1.0 -1.0 -1.0 0.0 0.3648299042372154 0.33380445177005774 0.30136564399272703
9 818.0 0.0 -1.0 -1.0 -1.0 0.0 0.37108805025090386 0.32578215236425995 0.30312979738483653
9 819.0 0.0 -1.0 -1.0 -1.0 0.0 0.36029163860558283 0.3556487117383172 0.28405964965610003
9 820.0 0.0 -1.0 -1.0 -1.0 0.0 0.34122574594253613 0.3726797519121223 0.28609450214534154
9 821.0 0.0 -1.0 -1.0 -1.0 0.0 0.3620507868006879 0.35803633971031984 0.27991287348899196
9 822.0 0.0 -1.0 -1.0 -1.0 0.0 0.35204902206863087 0.367916244782399 0.28003473314897026
9 823.0 0.0 -1.0 -1.0 -1.0 0.0 0.3544630403887868 0.34036057919777124 0.30517638041344197
9 824.0 0.0 -1.0 -1.0 -1.0 0.0 0.3392989585679201 0.36191479956994355 0.29878624186213637
9 825.0 0.0 -1.0 -1.0 -1.0 0.0 0.32582627250497176 0.3578272578906536 0.3163464696043745
9 826.0 0.0 -1.0 -1.0 -1.0 0.0 0.32973308925985756 0.3404190830304752 0.32984782770966725
9 827.0 0.0 -1.0 -1.0 -1.0 0.0 0.31209402935464536 0.3798669437325769 0.3080390269127776
9 828.0 0.0 -1.0 -1.0 -1.0 0.0 0.3259694650949264 0.38012154388135677 0.29390899102371676
9 829.0 0.0 -1.0 -1.0 -1.0 0.0 0.3137557391935699 0.3602407908859111 0.3260034699205191
9 830.0 0.0 -1.0 -1.0 -1.0 0.0 0.3255399029550277 0.3297365581155263 0.34472353892944585
9 831.0 0.0 -1.0 -1.0 -1.0 0.0 0.33293377817228786 0.3213133703158802 0.34575285151183155
9 832.0 0.0 -1.0 -1.0 -1.0 0.0 0.3385337664446891 0.3103489267670662 0.3511173067882446
9 833.0 0.0 -1.0 -1.0 -1.0 0.0 0.33334159192852647 0.32041985744016654 0.34623855063130693
9 834.0 0.0 -1.0 -1.0 -1.0 0.0 0.3480999862502789 0.31199232184362397 0.33990769190609726
9 835.0 0.0 -1.0 -1.0 -1.0 0.0 0.36958248665344245 0.29289351453359147 0.33752399881296596
9 836.0 0.0 -1.0 -1.0 -1.0 0.0 0.3526535443635119 0.31677997706577715 0.33056647857071114
9 837.0 0.0 -1.0 -1.0 -1.0 0.0 0.3533039531506185 0.3185649195551799 0.32813112729420124
9 838.0 0.0 -1.0 -1.0 -1.0 0.0 0.3452173425595984 0.293933520645683 0.36084913679471875
9 839.0 0.0 -1.0 -1.0 -1.0 0.0 0.3549706607752741 0.27908821488423685 0.36594112434048914
9 840.0 0.0 -1.0 -1.0 -1.0 0.0 0.35930750817191287 0.29186383497175555 0.34882865685633146
9 841.0 0.0 -1.0 -1.0 -1.0 0.0 0.3501648732041789 0.30930011513407757 0.34053501166174344
9 842.0 0.0 -1.0 -1.0 -1.0 0.0 0.3243167770811696 0.3180965964530252 0.3575866264658053
9 843.0 0.0 -1.0 -1.0 -1.0 0.0 0.3489546462591925 0.2994612407112999 0.3515841130295075
9 844.0 0.0 -1.0 -1.0 -1.0 0.0 0.3522246467378414 0.3187866483024864 0.3289887049596721
9 845.0 0.0 -1.0 -1.0 -1.0 0.0 0.33671788533413355 0.32021132823245607 0.34307078643341044
9 846.0 0.0 -1.0 -1.0 -1.0 0.0 0.30118964640939966 0.34299931969720193 0.35581103389339847
9 847.0 0.0 -1.0 -1.0 -1.0 0.0 0.3080649907286106 0.35813687947236356 0.333798129799026
9 848.0 0.0 -1.0 -1.0 -1.0 0.0 0.32568317043558076 0.3334190561591108 0.3408977734053083
9 849.0 0.0 -1.0 -1.0 -1.0 0.0 0.3425617109692968 0.32790082049611763 0.32953746853458576
9 850.0 0.0 -1.0 -1.0 -1.0 0.0 0.3396314839445483 0.337692870661601 0.3226756453938506
9 851.0 0.0 -1.0 -1.0 -1.0 0.0 0.3375007365047118 0.3430671922755179 0.31943207121977035
9 852.0 0.0 -1.0 -1.0 -1.0 0.0 0.3529550558810216 0.3358772829131849 0.3111676612057937
9 853.0 0.0 -1.0 -1.0 -1.0 0.0 0.3574632216878454 0.3248145533336516 0.31772222497850294
9 854.0 0.0 -1.0 -1.0 -1.0 0.0 0.3340952213285442 0.3340847354475269 0.3318200432239287
9 855.0 0.0 -1.0 -1.0 -1.0 0.0 0.34662647032539823 0.31844466797003385 0.3349288617045677
9 856.0 0.0 -1.0 -1.0 -1.0 0.0 0.3427427140945101 0.3059290501036809 0.351328235801809
9 857.0 0.0 -1.0 -1.0 -1.0 0.0 0.36217065223448985 0.30973171855731285 0.32809762920819735
9 858.0 0.0 -1.0 -1.0 -1.0 0.0 0.3482410693277506 0.3151875343009823 0.3365713963712672
9 859.0 0.0 -1.0 -1.0 -1.0 0.0 0.36101683849315697 0.33218012197858476 0.30680303952825855
9 860.0 0.0 -1.0 -1.0 -1.0 0.0 0.34688722911551984 0.355796325267572 0.2973164456169084
9 861.0 0.0 -1.0 -1.0 -1.0 0.0 0.337297593615494 0.35242935291818 0.3102730534663257
9 862.0 0.0 -1.0 -1.0 -1.0 0.0 0.3344844144633862 0.3544594563112511 0.31105612922536297
9 863.0 0.0 -1.0 -1.0 -1.0 0.0 0.3360382177758307 0.3588701848562312 0.30509159736793817
9 864.0 0.0 -1.0 -1.0 -1.0 0.0 0.3415691241822179 0.36590769012911845 0.2925231856886638
9 865.0 0.0 -1.0 -1.0 -1.0 0.0 0.33533604287647323 0.36268865622623886 0.30197530089728797
9 866.0 0.0 -1.0 -1.0 -1.0 0.0 0.3303558842759006 0.33914930581956865 0.3304948099045309
9 867.0 0.0 -1.0 -1.0 -1.0 0.0 0.3436423763522099 0.31123851482466214 0.3451191088231279
9 868.0 0.0 -1.0 -1.0 -1.0 0.0 0.33505242708728916 0.30236518831357295 0.3625823845991381
9 869.0 0.0 -1.0 -1.0 -1.0 0.0 0.3450355962476434 0.30465563692216635 0.3503087668301903
9 870.0 0.0 -1.0 -1.0 -1.0 0.0 0.35577919058473134 0.2777390780943104 0.3664817313209582
9 871.0 0.0 -1.0 -1.0 -1.0 0.0 0.34375242479556706 0.27460701781431585 0.3816405573901171
9 872.0 0.0 -1.0 -1.0 -1.0 0.0 0.3516129200863972 0.2856382656165703 0.3627488142970324
9 873.0 0.0 -1.0 -1.0 -1.0 0.0 0.33796049885253987 0.3071723751229478 0.35486712602451237
9 874.0 0.0 -1.0 -1.0 -1.0 0.0 0.3433555001319572 0.31051556216555587 0.3461289377024868
9 875.0 0.0 -1.0 -1.0 -1.0 0.0 0.3640703968675946 0.30007063014439017 0.33585897298801504
9 876.0 0.0 -1.0 -1.0 -1.0 0.0 0.34156413792360824 0.30116059687053565 0.3572752652058563
9 877.0 0.0 -1.0 -1.0 -1.0 0.0 0.2964097566522903 0.3181933942042553 0.38539684914345446
9 878.0 0.0 -1.0 -1.0 -1.0 0.0 0.2917096853896555 0.3506276139365 0.35766270067384454
9 879.0 0.0 -1.0 -1.0 -1.0 0.0 0.31830234631273024 0.33643308993443094 0.34526456375283865
9 880.0 0.0 -1.0 -1.0 -1.0 0.0 0.31423384497170426 0.33165207511625844 0.3541140799120373
9 881.0 0.0 -1.0 -1.0 -1.0 0.0 0.32742732224447885 0.3162172698175879 0.35635540793793324
9 882.0 0.0 -1.0 -1.0 -1.0 0.0 0.3353833950277687 0.31679546419245935 0.34782114077977183
9 883.0 0.0 -1.0 -1.0 -1.0 0.0 0.3473406120992091 0.3281278741937528 0.3245315137070384
9 884.0 0.0 -1.0 -1.0 -1.0 0.0 0.3472211729993399 0.3433811496951428 0.3093976773055172
9 885.0 0.0 -1.0 -1.0 -1.0 0.0 0.347324813568457 0.31134735967318894 0.34132782675835394
9 886.0 0.0 -1.0 -1.0 -1.0 0.0 0.34570754513223756 0.3121439601841677 0.34214849468359454
9 887.0 0.0 -1.0 -1.0 -1.0 0.0 0.325898714763544 0.3369707296713064 0.33713055556514965
9 888.0 0.0 -1.0 -1.0 -1.0 0.0 0.3212649035832191 0.36119124067291813 0.3175438557438629
9 889.0 0.0 -1.0 -1.0 -1.0 0.0 0.3173865302883454 0.37542652565710743 0.30718694405454716
9 890.0 0.0 -1.0 -1.0 -1.0 0.0 0.32668458073790146 0.36286472022624416 0.3104506990358543
9 891.0 0.0 -1.0 -1.0 -1.0 0.0 0.31785958472163217 0.34651589754163065 0.335624517736737
9 892.0 0.0 -1.0 -1.0 -1.0 0.0 0.3437987219458492 0.3343554645382655 0.32184581351588515
9 893.0 0.0 -1.0 -1.0 -1.0 0.0 0.37292086770859406 0.32455854666499656 0.30252058562640927
9 894.0 0.0 -1.0 -1.0 -1.0 0.0 0.3236458488200441 0.3406582027509993 0.33569594842895656
9 895.0 0.0 -1.0 -1.0 -1.0 0.0 0.3016933578241794 0.37214585396655936 0.3261607882092614
9 896.0 0.0 -1.0 -1.0 -1.0 0.0 0.30112256905088064 0.37986901633920506 0.31900841460991425
9 897.0 0.0 -1.0 -1.0 -1.0 0.0 0.31923049780004065 0.3571622607478181 0.3236072414521414
9 898.0 0.0 -1.0 -1.0 -1.0 0.0 0.3255566791592433 0.36075207218683764 0.313691248653919
9 899.0 0.0 -1.0 -1.0 -1.0 0.0 0.3307204578394073 0.33534406390054416 0.33393547826004844
9 900.0 0.0 -1.0 -1.0 -1.0 0.0 0.31769730768848753 0.332282142020327 0.3500205502911855
9 901.0 0.0 -1.0 -1.0 -1.0 0.0 0.31298740723512003 0.31079655190749766 0.3762160408573824
9 902.0 0.0 -1.0 -1.0 -1.0 0.0 0.3135404801212838 0.33029305559422406 0.35616646428449206
9 903.0 0.0 -1.0 -1.0 -1.0 0.0 0.30335067015645967 0.34755955305761604 0.34908977678592445
9 904.0 0.0 -1.0 -1.0 -1.0 0.0 0.29638844968575045 0.3609343791653321 0.3426771711489176
9 905.0 0.0 -1.0 -1.0 -1.0 0.0 0.3070599309016609 0.3599725612353635 0.3329675078629758
9 906.0 0.0 -1.0 -1.0 -1.0 0.0 0.3219069709636213 0.3598656581304908 0.31822737090588776
9 907.0 0.0 -1.0 -1.0 -1.0 0.0 0.2828812310329098 0.3902168750667534 0.32690189390033675
9 908.0 0.0 -1.0 -1.0 -1.0 0.0 0.29440750127546483 0.36660605388036804 0.3389864448441668
9 909.0 0.0 -1.0 -1.0 -1.0 0.0 0.3247359763654224 0.3563449446905501 0.31891907894402727
9 910.0 0.0 -1.0 -1.0 -1.0 0.0 0.3218739526225399 0.33784488170747673 0.34028116566998307
9 911.0 0.0 -1.0 -1.0 -1.0 0.0 0.32767948798900803 0.34711671380665854 0.32520379820433304
9 912.0 0.0 -1.0 -1.0 -1.0 0.0 0.3323109776080668 0.3447150320005242 0.3229739903914089
9 913.0 0.0 -1.0 -1.0 -1.0 0.0 0.31220124514561914 0.3612800446313786 0.32651871022300244
9 914.0 0.0 -1.0 -1.0 -1.0 0.0 0.3348332177050559 0.3698012322722844 0.29536555002265963
9 915.0 0.0 -1.0 -1.0 -1.0 0.0 0.3537540400285715 0.3333565041007971 0.3128894558706317
9 916.0 0.0 -1.0 -1.0 -1.0 0.0 0.3396236474188854 0.31670311866677087 0.34367323391434385
9 917.0 0.0 -1.0 -1.0 -1.0 0.0 0.33127429556345916 0.31845353919767516 0.3502721652388654
9 918.0 0.0 -1.0 -1.0 -1.0 0.0 0.3065352500009448 0.34958956409756103 0.34387518590149424
9 919.0 0.0 -1.0 -1.0 -1.0 0.0 0.3231408118469139 0.33501115319843094 0.3418480349546553
9 920.0 0.0 -1.0 -1.0 -1.0 0.0 0.333624114385021 0.3296235159157797 0.33675236969919936
9 921.0 0.0 -1.0 -1.0 -1.0 0.0 0.3330109874498668 0.3379601167973423 0.329028895752791
9 922.0 0.0 -1.0 -1.0 -1.0 0.0 0.3281665201918554 0.32024721612754997 0.35158626368059465
9 923.0 0.0 -1.0 -1.0 -1.0 0.0 0.33128978125123887 0.3415211989831204 0.3271890197656404
9 924.0 0.0 -1.0 -1.0 -1.0 0.0 0.30903875057016844 0.3556441254343198 0.3353171239955119
9 925.0 0.0 -1.0 -1.0 -1.0 0.0 0.30843744310536586 0.37413049058950476 0.3174320663051295
9 926.0 0.0 -1.0 -1.0 -1.0 0.0 0.2982624622737392 0.34923096881541005 0.3525065689108508
9 927.0 0.0 -1.0 -1.0 -1.0 0.0 0.2832854649098556 0.37606449334400255 0.34065004174614144
9 928.0 0.0 -1.0 -1.0 -1.0 0.0 0.31766271662471157 0.35702334546648745 0.325313937908801
9 929.0 0.0 -1.0 -1.0 -1.0 0.0 0.32173923231205703 0.3317673195862735 0.34649344810166965
9 930.0 0.0 -1.0 -1.0 -1.0 0.0 0.32608995125803547 0.31028943088123223 0.36362061786073235
9 931.0 0.0 -1.0 -1.0 -1.0 0.0 0.36807360393347255 0.31549217371555843 0.31643422235096896
9 932.0 0.0 -1.0 -1.0 -1.0 0.0 0.38629064108776684 0.30396194611168215 0.309747412800551
9 933.0 0.0 -1.0 -1.0 -1.0 0.0 0.3548134122187922 0.3327213974914076 0.31246519028980013
9 934.0 0.0 -1.0 -1.0 -1.0 0.0 0.35535133710626016 0.337185778260001 0.3074628846337388
9 935.0 0.0 -1.0 -1.0 -1.0 0.0 0.34361954864402505 0.34815718080117103 0.3082232705548043
9 936.0 0.0 -1.0 -1.0 -1.0 0.0 0.35138941428809617 0.35007455323031844 0.2985360324815855
9 937.0 0.0 -1.0 -1.0 -1.0 0.0 0.3542728157471348 0.34554816485492496 0.30017901939794056
9 938.0 0.0 -1.0 -1.0 -1.0 0.0 0.3772817994138272 0.32911047054003084 0.29360773004614216
9 939.0 0.0 -1.0 -1.0 -1.0 0.0 0.3705187950567289 0.307682236565649 0.321798968377622
9 940.0 0.0 -1.0 -1.0 -1.0 0.0 0.35061998832692054 0.3039804799877143 0.34539953168536514
9 941.0 0.0 -1.0 -1.0 -1.0 0.0 0.38102579649423374 0.2719830301397505 0.34699117336601565
9 942.0 0.0 -1.0 -1.0 -1.0 0.0 0.37950924115801415 0.2893087347592547 0.3311820240827311
9 943.0 0.0 -1.0 -1.0 -1.0 0.0 0.32239242181733063 0.3212842892118497 0.3563232889708199
9 944.0 0.0 -1.0 -1.0 -1.0 0.0 0.3123568749083286 0.31382890553536735 0.37381421955630406
9 945.0 0.0 -1.0 -1.0 -1.0 0.0 0.3182588676502277 0.3093273012513348 0.37241383109843745
9 946.0 0.0 -1.0 -1.0 -1.0 0.0 0.332286361417951 0.3175344376299198 0.35017920095212934
9 947.0 0.0 -1.0 -1.0 -1.0 0.0 0.34605227322113913 0.32838693479222086 0.32556079198664006
9 948.0 0.0 -1.0 -1.0 -1.0 0.0 0.3313783651652363 0.34175619807736013 0.3268654367574036
9 949.0 0.0 -1.0 -1.0 -1.0 0.0 0.3244826867470247 0.3500008856548449 0.3255164275981302
9 950.0 0.0 -1.0 -1.0 -1.0 0.0 0.33874047355856135 0.34057964015598896 0.32067988628544974
9 951.0 0.0 -1.0 -1.0 -1.0 0.0 0.352248088357265 0.32398921108814965 0.3237627005545854
9 952.0 0.0 -1.0 -1.0 -1.0 0.0 0.35404893159911227 0.32399352593590536 0.32195754246498254
9 953.0 0.0 -1.0 -1.0 -1.0 0.0 0.32232138971345214 0.3451487811862487 0.33252982910029927
9 954.0 0.0 -1.0 -1.0 -1.0 0.0 0.34450935054016907 0.326158232535018 0.329332416924813
9 955.0 0.0 -1.0 -1.0 -1.0 0.0 0.3379416415840705 0.35017622751698996 0.3118821308989396
9 956.0 0.0 -1.0 -1.0 -1.0 0.0 0.34808702138643866 0.34394994805223594 0.30796303056132535
9 957.0 0.0 -1.0 -1.0 -1.0 0.0 0.3451288991958507 0.3374958639698476 0.31737523683430174
9 958.0 0.0 -1.0 -1.0 -1.0 0.0 0.33048352555319077 0.3570560888148937 0.3124603856319155
9 959.0 0.0 -1.0 -1.0 -1.0 0.0 0.3333107967489991 0.3642299308051102 0.30245927244589055
9 960.0 0.0 -1.0 -1.0 -1.0 0.0 0.3148467314330257 0.3611236331736832 0.3240296353932912
9 961.0 0.0 -1.0 -1.0 -1.0 0.0 0.3287646396776569 0.3422177806666315 0.32901757965571155
9 962.0 0.0 -1.0 -1.0 -1.0 0.0 0.3354697138695855 0.3215868565571296 0.3429434295732847
9 963.0 0.0 -1.0 -1.0 -1.0 0.0 0.3225929854468965 0.3346759721343669 0.34273104241873653
9 964.0 0.0 -1.0 -1.0 -1.0 0.0 0.3581724620043987 0.30131340287440767 0.34051413512119366
9 965.0 0.0 -1.0 -1.0 -1.0 0.0 0.3605836644980724 0.31026836621812026 0.3291479692838075
9 966.0 0.0 -1.0 -1.0 -1.0 0.0 0.33274545738718564 0.3215485546935335 0.3457059879192809
9 967.0 0.0 -1.0 -1.0 -1.0 0.0 0.34208908772327506 0.32774765104078113 0.3301632612359439
9 968.0 0.0 -1.0 -1.0 -1.0 0.0 0.3462389993667054 0.34898928330750345 0.30477171732579117
9 969.0 0.0 -1.0 -1.0 -1.0 0.0 0.3436981519856537 0.339074649235535 0.3172271987788115
9 970.0 0.0 -1.0 -1.0 -1.0 0.0 0.3353558989151423 0.3461833166118694 0.3184607844729883
9 971.0 0.0 -1.0 -1.0 -1.0 0.0 0.3122238007317465 0.35391096950619044 0.33386522976206306
9 972.0 0.0 -1.0 -1.0 -1.0 0.0 0.30198190026811084 0.36934926666466084 0.3286688330672287
9 973.0 0.0 -1.0 -1.0 -1.0 0.0 0.3226715978180143 0.3714209929324987 0.30590740924948717
9 974.0 0.0 -1.0 -1.0 -1.0 0.0 0.33686180177267305 0.3499181966215304 0.3132200016057967
9 975.0 0.0 -1.0 -1.0 -1.0 0.0 0.335421716342713 0.3573033427231311 0.3072749409341559
9 976.0 0.0 -1.0 -1.0 -1.0 0.0 0.33075425127580876 0.35781956562713285 0.31142618309705855
9 977.0 0.0 -1.0 -1.0 -1.0 0.0 0.3405979774363652 0.35244818147889134 0.30695384108474355
9 978.0 0.0 -1.0 -1.0 -1.0 0.0 0.3449813267919172 0.3443382532513244 0.3106804199567582
9 979.0 0.0 -1.0 -1.0 -1.0 0.0 0.34274993366411144 0.3553012536949428 0.30194881264094575
9 980.0 0.0 -1.0 -1.0 -1.0 0.0 0.3470952609389719 0.36946379578275346 0.2834409432782744
9 981.0 0.0 -1.0 -1.0 -1.0 0.0 0.3470069049619823 0.3531593603845496 0.2998337346534682
9 982.0 0.0 -1.0 -1.0 -1.0 0.0 0.34060745365191386 0.3384336805008284 0.32095886584725775
9 983.0 0.0 -1.0 -1.0 -1.0 0.0 0.29848823217526443 0.3531473909806781 0.34836437684405747
9 984.0 0.0 -1.0 -1.0 -1.0 0.0 0.3299826523757713 0.3269880865882244 0.34302926103600434
9 985.0 0.0 -1.0 -1.0 -1.0 0.0 0.3317789720087674 0.3390567321925302 0.3291642957987025
9 986.0 0.0 -1.0 -1.0 -1.0 0.0 0.34355517433686944 0.321935142193538 0.3345096834695928
9 987.0 0.0 -1.0 -1.0 -1.0 0.0 0.33232774363158646 0.34012814038800954 0.3275441159804039
9 988.0 0.0 -1.0 -1.0 -1.0 0.0 0.3777323766666608 0.3413540396805588 0.28091358365278046
9 989.0 0.0 -1.0 -1.0 -1.0 0.0 0.36018729626801216 0.34312632686369704 0.29668637686829075
9 990.0 0.0 -1.0 -1.0 -1.0 0.0 0.3723725342888372 0.33838705263663704 0.28924041307452564
9 991.0 0.0 -1.0 -1.0 -1.0 0.0 0.3699664217416108 0.32963648636598014 0.30039709189240904
9 992.0 0.0 -1.0 -1.0 -1.0 0.0 0.37582421970973245 0.3241370981098588 0.3000386821804089
9 993.0 0.0 -1.0 -1.0 -1.0 0.0 0.3633593193129072 0.30542577359833184 0.3312149070887611
9 994.0 0.0 -1.0 -1.0 -1.0 0.0 0.33835084943199434 0.31957042301892435 0.34207872754908125
9 995.0 0.0 -1.0 -1.0 -1.0 0.0 0.35751165459197554 0.29459735905763806 0.34789098635038634
9 996.0 0.0 -1.0 -1.0 -1.0 0.0 0.3207420144908925 0.3189776270857182 0.3602803584233893
9 997.0 0.0 -1.0 -1.0 -1.0 0.0 0.3286339961171756 0.3246069303628999 0.3467590735199243
9 998.0 0.0 -1.0 -1.0 -1.0 0.0 0.3202399966590075 0.33548019565658754 0.34427980768440486
9 999.0 0.0 -1.0 -1.0 -1.0 0.0 0.31886027058031025 0.31973750250157207 0.3614022269181176
9 1000.0 0.0 -1.0 -1.0 -1.0 0.0 0.2858896407940554 0.33059873429773146 0.38351162490821333
1000000000000000000000000000000000000000000000000000000000000000000000000000000000000000000000000000
-1.0
solo con 1: -100.0
