9 0.0 92.0 -38.0 -164.0 -100.22 51.19591603030283 0.3333333333333333 0.3333333333333333 0.3333333333333333
9 1.0 92.0 -37.0 -164.0 -88.23 50.592221025399034 0.3220677007748399 0.30095917565157054 0.37697312357358953
9 2.0 64.0 -35.0 -164.0 -73.37 45.797899250485024 0.294640495672363 0.2648768997971802 0.4404826045304564
9 3.0 80.0 -32.0 -157.0 -60.83 39.35183309169687 0.28346531907165384 0.22879332691476542 0.4877413540135811
9 4.0 14.0 -29.0 -157.0 -50.57 31.85708458700887 0.27435526501335117 0.1982669992849765 0.5273777357016722
9 5.0 14.0 -27.0 -157.0 -45.16 29.34253299264129 0.2557171662840789 0.1585843902092285 0.5856984435066928
9 6.0 14.0 -27.0 -157.0 -39.57 23.337772305034093 0.23188864024555614 0.14341506343244043 0.6246962963220035
9 7.0 31.0 -26.0 -149.0 -36.05 20.520684317256205 0.20052731678622393 0.13556780784685166 0.6639048753669248
9 8.0 38.0 -23.0 -149.0 -33.44 17.37426402772361 0.1913838996701094 0.12607471371726128 0.6825413866126294
9 9.0 4.0 -23.0 -146.0 -29.88 12.82932247437546 0.17458579604533372 0.1296596191657244 0.695754584788942
9 10.0 89.0 -20.0 -146.0 -27.77 12.578525069708808 0.15245313938659305 0.12852766721382516 0.7190191933995819
9 11.0 29.0 -19.0 -146.0 -25.58 12.786656555119709 0.15574283551557322 0.11451075202276961 0.7297464124616572
9 12.0 29.0 -18.0 -146.0 -23.67 12.843309778270006 0.16201153119180384 0.09844829905377135 0.7395401697544253
9 13.0 43.0 -16.0 -48.0 -20.6 3.4786506149669716 0.14412423107969421 0.09816524533399221 0.7577105235863135
9 14.0 19.0 -15.0 -48.0 -19.15 3.6191828979045604 0.13940502768699978 0.11175221319348816 0.7488427591195123
9 15.0 6.0 -14.0 -48.0 -17.91 3.771490609048554 0.1408361258223108 0.11726222889426548 0.7419016452834241
9 16.0 19.0 -12.0 -30.0 -16.17 2.4865496763445725 0.1358813927469476 0.10805135200467568 0.7560672552483766
9 17.0 71.0 -11.0 -30.0 -14.79 2.5157885283131254 0.12650853190003622 0.10177743566910237 0.7717140324308612
9 18.0 51.0 -10.0 -30.0 -13.57 2.4669737728560466 0.13839840296192452 0.11284978364555863 0.7487518133925168
9 19.0 77.0 -8.0 -30.0 -12.29 2.3625658026216265 0.12367970895551039 0.1001843230559939 0.7761359679884953
9 20.0 56.0 -7.0 -18.0 -11.12 1.765436964824198 0.12873736132513802 0.10654233525386564 0.7647203034209963
9 21.0 46.0 -7.0 -18.0 -10.05 1.6291225871739685 0.10696658395648356 0.11596888192661023 0.7770645341169061
9 22.0 1.0 -7.0 -13.0 -8.82 1.3881169572009 0.1132717857692253 0.11811345352889939 0.7686147607018755
9 23.0 12.0 -6.0 -11.0 -7.8 1.1891767800211266 0.11283667236701207 0.1142572218028667 0.7729061058301214
9 24.0 1.0 -5.0 -11.0 -6.98 1.044272498203917 0.13010829898819826 0.11906280732192873 0.7508288936898728
9 25.0 67.0 -4.0 -11.0 -6.23 1.1534314198963198 0.13206430398573188 0.10920129575036489 0.7587344002639028
9 26.0 24.0 -3.0 -8.0 -5.25 0.9574271077563381 0.13072530181091677 0.10957542270666026 0.7596992754824226
9 27.0 12.0 -3.0 -8.0 -4.56 0.891259465219548 0.13067683025066287 0.12082092367750283 0.7485022460718347
9 28.0 8.0 -3.0 -8.0 -4.06 0.7890667035341576 0.14752327737581475 0.1586765897710427 0.6938001328531425
9 29.0 76.0 -2.0 -6.0 -3.6 0.7521014330903545 0.1642921662302078 0.1431526422342201 0.6925551915355723
9 30.0 75.0 -2.0 -6.0 -3.25 0.701729465267237 0.18504085249177538 0.1631278041387217 0.6518313433695024
9 31.0 4.0 -2.0 -6.0 -3.0 0.7247430753394787 0.20465787538734465 0.174171296306364 0.6211708283062913
9 32.0 1.0 -2.0 -6.0 -2.57 0.7420283421851623 0.19598869461175078 0.1752529404112995 0.6287583649769499
9 33.0 2.0 -1.0 -6.0 -2.28 0.739642283182017 0.22918936961352723 0.19680873256255915 0.5740018978239138
9 34.0 2.0 -1.0 -5.0 -1.99 0.6741249472052231 0.20211076962506197 0.21201813475010595 0.5858710956248321
9 35.0 2.0 -1.0 -5.0 -1.65 0.7571210756756961 0.2022772265876425 0.22271534554700229 0.5750074278653554
9 36.0 0.0 -1.0 -5.0 -1.29 0.6558978733019494 0.21467068457213706 0.22399645442484079 0.561332861003022
9 37.0 0.0 -1.0 -5.0 -1.16 0.545319848688582 0.19961119558338195 0.2619336386852029 0.5384551657314154
9 38.0 0.0 -1.0 -2.0 -1.05 0.2190429135575903 0.20608424558551774 0.30236609828808597 0.49154965612639634
9 39.0 0.0 -1.0 -2.0 -1.04 0.1969463855669323 0.23699281642069955 0.29072013754331416 0.47228704603598604
9 40.0 0.0 -1.0 -2.0 -1.04 0.1969463855669323 0.2709267855394553 0.2887335397380298 0.4403396747225148
9 41.0 0.0 -1.0 -2.0 -1.02 0.14070529413628954 0.28330576320286616 0.31477643777851755 0.4019177990186161
9 42.0 0.0 -1.0 -2.0 -1.02 0.14070529413628954 0.3023037221582032 0.32266593889824 0.37503033894355686
9 43.0 0.0 -1.0 -2.0 -1.02 0.14070529413628954 0.2905180851419924 0.34811059468434835 0.3613713201736593
9 44.0 0.0 -1.0 -2.0 -1.02 0.14070529413628954 0.29857515801005574 0.33768142991967554 0.3637434120702685
9 45.0 0.0 -1.0 -2.0 -1.02 0.14070529413628954 0.2908706514900285 0.34201260687273866 0.36711674163723246
9 46.0 0.0 -1.0 -1.0 -1.0 0.0 0.30561314525505684 0.3184310638409824 0.37595579090396086
9 47.0 0.0 -1.0 -1.0 -1.0 0.0 0.3006766353018644 0.3265064654720443 0.37281689922609096
9 48.0 0.0 -1.0 -1.0 -1.0 0.0 0.302627277558819 0.3189344837130489 0.37843823872813226
9 49.0 0.0 -1.0 -1.0 -1.0 0.0 0.29844324595756805 0.3625560353927139 0.3390007186497179
9 50.0 0.0 -1.0 -1.0 -1.0 0.0 0.3101419469323715 0.34188891233597496 0.3479691407316535
9 51.0 0.0 -1.0 -1.0 -1.0 0.0 0.3078480497144413 0.3147027597155984 0.3774491905699604
9 52.0 0.0 -1.0 -1.0 -1.0 0.0 0.31213468665396177 0.34738918106958316 0.3404761322764552
9 53.0 0.0 -1.0 -1.0 -1.0 0.0 0.32414201947960986 0.33821381682316215 0.3376441636972281
9 54.0 0.0 -1.0 -1.0 -1.0 0.0 0.3338334578684781 0.31044343257757917 0.3557231095539429
9 55.0 0.0 -1.0 -1.0 -1.0 0.0 0.3613904710601834 0.30164693292049544 0.33696259601932144
9 56.0 0.0 -1.0 -1.0 -1.0 0.0 0.36264189000319325 0.2896190560973156 0.34773905389949095
9 57.0 0.0 -1.0 -1.0 -1.0 0.0 0.3719444704981655 0.29685590808268875 0.3311996214191457
9 58.0 0.0 -1.0 -1.0 -1.0 0.0 0.3292891137897718 0.3083256073241309 0.3623852788860973
9 59.0 0.0 -1.0 -1.0 -1.0 0.0 0.329453572278527 0.3247418918193101 0.3458045359021628
9 60.0 0.0 -1.0 -1.0 -1.0 0.0 0.339294808785645 0.31431013721358114 0.34639505400077397
9 61.0 0.0 -1.0 -1.0 -1.0 0.0 0.3559527486478196 0.33925846575886504 0.30478878559331557
9 62.0 0.0 -1.0 -1.0 -1.0 0.0 0.35230823264772027 0.3212174574717645 0.3264743098805155
9 63.0 0.0 -1.0 -1.0 -1.0 0.0 0.35519352719643393 0.32859393745887944 0.3162125353446864
9 64.0 0.0 -1.0 -1.0 -1.0 0.0 0.33618087657496815 0.332489754877661 0.33132936854737094
9 65.0 0.0 -1.0 -1.0 -1.0 0.0 0.33495006100861724 0.3282815028278597 0.33676843616352287
9 66.0 0.0 -1.0 -1.0 -1.0 0.0 0.34473438871557976 0.32169766069454886 0.3335679505898713
9 67.0 0.0 -1.0 -1.0 -1.0 0.0 0.3694308404630575 0.29989159784112823 0.3306775616958139
9 68.0 0.0 -1.0 -1.0 -1.0 0.0 0.3662499617066725 0.3197745378632772 0.3139755004300503
9 69.0 0.0 -1.0 -1.0 -1.0 0.0 0.3598853994084017 0.3362003107171664 0.3039142898744316
9 70.0 0.0 -1.0 -1.0 -1.0 0.0 0.34627677359867576 0.3257154946169119 0.3280077317844124
9 71.0 0.0 -1.0 -1.0 -1.0 0.0 0.3183351873621169 0.33576032126291044 0.34590449137497276
9 72.0 0.0 -1.0 -1.0 -1.0 0.0 0.3237870325558413 0.3307285853378844 0.3454843821062743
9 73.0 0.0 -1.0 -1.0 -1.0 0.0 0.3198520287830424 0.33718856328543345 0.34295940793152413
9 74.0 0.0 -1.0 -1.0 -1.0 0.0 0.2992299279377493 0.3557183441750577 0.34505172788719285
9 75.0 0.0 -1.0 -1.0 -1.0 0.0 0.2927350171694593 0.3708616564156284 0.33640332641491233
9 76.0 0.0 -1.0 -1.0 -1.0 0.0 0.3099315308479708 0.3809809701715542 0.30908749898047494
9 77.0 0.0 -1.0 -1.0 -1.0 0.0 0.30573991315512594 0.3604002699465012 0.33385981689837274
9 78.0 0.0 -1.0 -1.0 -1.0 0.0 0.3194468026596564 0.34871964478017037 0.3318335525601733
9 79.0 0.0 -1.0 -1.0 -1.0 0.0 0.33807317512438023 0.33280739950598226 0.3291194253696375
9 80.0 0.0 -1.0 -1.0 -1.0 0.0 0.3301122546341717 0.33805790470766717 0.33182984065816123
9 81.0 0.0 -1.0 -1.0 -1.0 0.0 0.3029022054453787 0.3614343902862169 0.33566340426840463
9 82.0 0.0 -1.0 -1.0 -1.0 0.0 0.315383587366869 0.35057832205096756 0.33403809058216366
9 83.0 0.0 -1.0 -1.0 -1.0 0.0 0.3398996699176112 0.3403237112083995 0.3197766188739895
9 84.0 0.0 -1.0 -1.0 -1.0 0.0 0.33847168165598995 0.3261827217282696 0.33534559661574065
9 85.0 0.0 -1.0 -1.0 -1.0 0.0 0.3320795282804678 0.31910659783953516 0.34881387387999696
9 86.0 0.0 -1.0 -1.0 -1.0 0.0 0.3192876362473217 0.32876112933650764 0.3519512344161707
9 87.0 0.0 -1.0 -1.0 -1.0 0.0 0.3503849522516083 0.310993290285445 0.33862175746294654
9 88.0 0.0 -1.0 -1.0 -1.0 0.0 0.3618255151048397 0.3018026157673191 0.3363718691278413
9 89.0 0.0 -1.0 -1.0 -1.0 0.0 0.3748807776969567 0.3178152108699885 0.3073040114330545
9 90.0 0.0 -1.0 -1.0 -1.0 0.0 0.375396715780091 0.32332016103335603 0.3012831231865531
9 91.0 0.0 -1.0 -1.0 -1.0 0.0 0.37941601393144103 0.30681961297842636 0.3137643730901326
9 92.0 0.0 -1.0 -1.0 -1.0 0.0 0.3802021728553165 0.3065607605802854 0.3132370665643981
9 93.0 0.0 -1.0 -1.0 -1.0 0.0 0.373363692254701 0.3326893715681915 0.29394693617710765
9 94.0 0.0 -1.0 -1.0 -1.0 0.0 0.37288595627473936 0.32922906758885984 0.29788497613640075
9 95.0 0.0 -1.0 -1.0 -1.0 0.0 0.3566018298816809 0.32734069424547174 0.3160574758728475
9 96.0 0.0 -1.0 -1.0 -1.0 0.0 0.3352325650964427 0.34300465241504474 0.3217627824885125
9 97.0 0.0 -1.0 -1.0 -1.0 0.0 0.3450486617226274 0.3576726101269396 0.29727872815043305
9 98.0 0.0 -1.0 -1.0 -1.0 0.0 0.3318650024885361 0.3426498173372755 0.3254851801741885
9 99.0 0.0 -1.0 -1.0 -1.0 0.0 0.33321871905969785 0.35144443792145724 0.31533684301884507
9 100.0 0.0 -1.0 -1.0 -1.0 0.0 0.36240398602245577 0.3322001790475047 0.3053958349300396
9 101.0 0.0 -1.0 -1.0 -1.0 0.0 0.34763053899666163 0.326667226770629 0.3257022342327094
9 102.0 0.0 -1.0 -1.0 -1.0 0.0 0.3264292409037823 0.34597246031431317 0.32759829878190444
9 103.0 0.0 -1.0 -1.0 -1.0 0.0 0.32780495518955904 0.36277017104305714 0.309424873767384
9 104.0 0.0 -1.0 -1.0 -1.0 0.0 0.31987784456653295 0.3669475423273155 0.31317461310615147
9 105.0 0.0 -1.0 -1.0 -1.0 0.0 0.32223110201769933 0.3605430682247157 0.3172258297575852
9 106.0 0.0 -1.0 -1.0 -1.0 0.0 0.34028182541155916 0.35227403914353544 0.30744413544490523
9 107.0 0.0 -1.0 -1.0 -1.0 0.0 0.3394201259255654 0.34128068547382573 0.31929918860060885
9 108.0 0.0 -1.0 -1.0 -1.0 0.0 0.35139486384255714 0.34809296912590754 0.30051216703153527
9 109.0 0.0 -1.0 -1.0 -1.0 0.0 0.341921016538222 0.34931376280609333 0.3087652206556847
9 110.0 0.0 -1.0 -1.0 -1.0 0.0 0.3201225492721542 0.36754048649141724 0.3123369642364283
9 111.0 0.0 -1.0 -1.0 -1.0 0.0 0.31837206991382905 0.349864661035669 0.3317632690505019
9 112.0 0.0 -1.0 -1.0 -1.0 0.0 0.3124350939927365 0.3622444129110095 0.325320493096254
9 113.0 0.0 -1.0 -1.0 -1.0 0.0 0.3290861997347269 0.36041339765336317 0.3105004026119101
9 114.0 0.0 -1.0 -1.0 -1.0 0.0 0.3417816339279816 0.367092508927755 0.2911258571442634
9 115.0 0.0 -1.0 -1.0 -1.0 0.0 0.34426445701694647 0.354232611406443 0.3015029315766104
9 116.0 0.0 -1.0 -1.0 -1.0 0.0 0.3510655882243062 0.3283768398381213 0.3205575719375724
9 117.0 0.0 -1.0 -1.0 -1.0 0.0 0.32669052806352794 0.3397437604104235 0.3335657115260485
9 118.0 0.0 -1.0 -1.0 -1.0 0.0 0.33921730597290906 0.3230845999530814 0.33769809407400964
9 119.0 0.0 -1.0 -1.0 -1.0 0.0 0.3287685003531717 0.34110642908086697 0.3301250705659616
9 120.0 0.0 -1.0 -1.0 -1.0 0.0 0.3590476416318466 0.32186399194603266 0.3190883664221207
9 121.0 0.0 -1.0 -1.0 -1.0 0.0 0.3424386397550663 0.3407371965490016 0.3168241636959321
9 122.0 0.0 -1.0 -1.0 -1.0 0.0 0.3385946847179443 0.3379531054797084 0.3234522098023471
9 123.0 0.0 -1.0 -1.0 -1.0 0.0 0.3384968652209114 0.3289604280169781 0.33254270676211056
9 124.0 0.0 -1.0 -1.0 -1.0 0.0 0.3446987375951867 0.3330149882380106 0.32228627416680283
9 125.0 0.0 -1.0 -1.0 -1.0 0.0 0.32365541954889515 0.33517572398714585 0.34116885646395917
9 126.0 0.0 -1.0 -1.0 -1.0 0.0 0.3463679991690134 0.314037308000349 0.33959469283063753
9 127.0 0.0 -1.0 -1.0 -1.0 0.0 0.36524143405995907 0.3157453640611011 0.3190132018789398
9 128.0 0.0 -1.0 -1.0 -1.0 0.0 0.36271649184371646 0.3139185650074183 0.32336494314886527
9 129.0 0.0 -1.0 -1.0 -1.0 0.0 0.3600841509580864 0.33838184428352475 0.3015340047583889
9 130.0 0.0 -1.0 -1.0 -1.0 0.0 0.35225409923613754 0.3410548360615222 0.3066910647023403
9 131.0 0.0 -1.0 -1.0 -1.0 0.0 0.3362827754289941 0.3576742909217899 0.3060429336492162
9 132.0 0.0 -1.0 -1.0 -1.0 0.0 0.322720744793632 0.36315627094206393 0.3141229842643039
9 133.0 0.0 -1.0 -1.0 -1.0 0.0 0.3176750212321928 0.34927926595470715 0.33304571281309997
9 134.0 0.0 -1.0 -1.0 -1.0 0.0 0.3253587693488011 0.3527513829537914 0.32188984769740764
9 135.0 0.0 -1.0 -1.0 -1.0 0.0 0.3415388596750315 0.334082484359252 0.32437865596571674
9 136.0 0.0 -1.0 -1.0 -1.0 0.0 0.33281615237023465 0.34736584707346 0.3198180005563053
9 137.0 0.0 -1.0 -1.0 -1.0 0.0 0.3371181033966898 0.3452013876069958 0.31768050899631445
9 138.0 0.0 -1.0 -1.0 -1.0 0.0 0.3611246868010028 0.3290413060322731 0.30983400716672416
9 139.0 0.0 -1.0 -1.0 -1.0 0.0 0.3556309001216467 0.3338777336335958 0.3104913662447575
9 140.0 0.0 -1.0 -1.0 -1.0 0.0 0.3534142916217673 0.3496187719841242 0.2969669363941088
9 141.0 0.0 -1.0 -1.0 -1.0 0.0 0.3560775967508918 0.32048573316353285 0.3234366700855755
9 142.0 0.0 -1.0 -1.0 -1.0 0.0 0.3215844964325873 0.3217993573334445 0.3566161462339682
9 143.0 0.0 -1.0 -1.0 -1.0 0.0 0.3203865820637061 0.3115054492167549 0.36810796871953905
9 144.0 0.0 -1.0 -1.0 -1.0 0.0 0.3190354935310271 0.28522307838573013 0.39574142808324303
9 145.0 0.0 -1.0 -1.0 -1.0 0.0 0.3182525372488658 0.30175047030860974 0.37999699244252433
9 146.0 0.0 -1.0 -1.0 -1.0 0.0 0.3163136152882464 0.3426953853085024 0.3409909994032511
9 147.0 0.0 -1.0 -1.0 -1.0 0.0 0.3562218992409036 0.31725374070028883 0.3265243600588076
9 148.0 0.0 -1.0 -1.0 -1.0 0.0 0.3405028805640943 0.33228286013319247 0.32721425930271325
9 149.0 0.0 -1.0 -1.0 -1.0 0.0 0.3171951656977017 0.3296147330132967 0.35319010128900175
9 150.0 0.0 -1.0 -1.0 -1.0 0.0 0.2774272920777652 0.3653188925911217 0.35725381533111344
9 151.0 0.0 -1.0 -1.0 -1.0 0.0 0.2793088831535004 0.37073685214576274 0.34995426470073676
9 152.0 0.0 -1.0 -1.0 -1.0 0.0 0.28401634022180583 0.36620208111573105 0.34978157866246307
9 153.0 0.0 -1.0 -1.0 -1.0 0.0 0.2986181309455047 0.34787285600408524 0.35350901305040994
9 154.0 0.0 -1.0 -1.0 -1.0 0.0 0.30721073579688324 0.3556008606471326 0.33718840355598395
9 155.0 0.0 -1.0 -1.0 -1.0 0.0 0.30185247793263037 0.37207738920856925 0.3260701328588005
9 156.0 0.0 -1.0 -1.0 -1.0 0.0 0.3143107548070809 0.33934835839177957 0.34634088680113984
9 157.0 0.0 -1.0 -1.0 -1.0 0.0 0.35413748230838915 0.318340280731622 0.327522236959989
9 158.0 0.0 -1.0 -1.0 -1.0 0.0 0.36019072894009774 0.3054813719832352 0.33432789907666693
9 159.0 0.0 -1.0 -1.0 -1.0 0.0 0.34568334863595446 0.3060834548406203 0.3482331965234253
9 160.0 0.0 -1.0 -1.0 -1.0 0.0 0.3382300218282067 0.3001857494952262 0.36158422867656703
9 161.0 0.0 -1.0 -1.0 -1.0 0.0 0.3181593879470076 0.32836807773115323 0.35347253432183945
9 162.0 0.0 -1.0 -1.0 -1.0 0.0 0.3488715499658344 0.3376804570524958 0.31344799298166975
9 163.0 0.0 -1.0 -1.0 -1.0 0.0 0.34191486730814347 0.3339125882483356 0.32417254444352106
9 164.0 0.0 -1.0 -1.0 -1.0 0.0 0.3062778321850812 0.35392601612362073 0.3397961516912983
9 165.0 0.0 -1.0 -1.0 -1.0 0.0 0.30177222726505454 0.3892773147607241 0.3089504579742211
9 166.0 0.0 -1.0 -1.0 -1.0 0.0 0.351425424801594 0.3645142807276873 0.2840602944707186
9 167.0 0.0 -1.0 -1.0 -1.0 0.0 0.3707915945727062 0.3349917434394631 0.2942166619878306
9 168.0 0.0 -1.0 -1.0 -1.0 0.0 0.3385748195762406 0.34281942757584394 0.31860575284791554
9 169.0 0.0 -1.0 -1.0 -1.0 0.0 0.3538234043267656 0.340118938383613 0.30605765728962153
9 170.0 0.0 -1.0 -1.0 -1.0 0.0 0.35018814214323923 0.34363223828619466 0.3061796195705661
9 171.0 0.0 -1.0 -1.0 -1.0 0.0 0.34655160938616125 0.34243719189604854 0.31101119871779015
9 172.0 0.0 -1.0 -1.0 -1.0 0.0 0.3512873962922056 0.3348357807430469 0.3138768229647473
9 173.0 0.0 -1.0 -1.0 -1.0 0.0 0.3590832264426344 0.3512392655851391 0.2896775079722265
9 174.0 0.0 -1.0 -1.0 -1.0 0.0 0.36415923015205237 0.3309366536151678 0.3049041162327799
9 175.0 0.0 -1.0 -1.0 -1.0 0.0 0.3408100444857969 0.3376473408801099 0.3215426146340933
9 176.0 0.0 -1.0 -1.0 -1.0 0.0 0.3127173381288846 0.35230623272222267 0.3349764291488927
9 177.0 0.0 -1.0 -1.0 -1.0 0.0 0.3113540544461206 0.33562600919549057 0.35301993635838874
9 178.0 0.0 -1.0 -1.0 -1.0 0.0 0.27262041266076226 0.35448368038370964 0.3728959069555283
9 179.0 0.0 -1.0 -1.0 -1.0 0.0 0.29951534558756554 0.33985590679736405 0.3606287476150704
9 180.0 0.0 -1.0 -1.0 -1.0 0.0 0.3073546469376266 0.3363761466764496 0.35626920638592374
9 181.0 0.0 -1.0 -1.0 -1.0 0.0 0.31148989084753437 0.31930130506963555 0.36920880408283013
9 182.0 0.0 -1.0 -1.0 -1.0 0.0 0.3004239061268481 0.32039925370821476 0.37917684016493725
9 183.0 0.0 -1.0 -1.0 -1.0 0.0 0.3424830951930825 0.31478469096228545 0.342732213844632
9 184.0 0.0 -1.0 -1.0 -1.0 0.0 0.33385675305731755 0.3125332628772506 0.35360998406543165
9 185.0 0.0 -1.0 -1.0 -1.0 0.0 0.2934715770594526 0.335448428325483 0.37107999461506475
9 186.0 0.0 -1.0 -1.0 -1.0 0.0 0.2975735679805138 0.348057700806291 0.35436873121319523
9 187.0 0.0 -1.0 -1.0 -1.0 0.0 0.318929892658415 0.3213574656960671 0.3597126416455177
9 188.0 0.0 -1.0 -1.0 -1.0 0.0 0.32753372999855584 0.3087788579808116 0.3636874120206326
9 189.0 0.0 -1.0 -1.0 -1.0 0.0 0.3394260450351502 0.3085467879622809 0.3520271670025691
9 190.0 0.0 -1.0 -1.0 -1.0 0.0 0.3246789880433031 0.3024337455843958 0.3728872663723011
9 191.0 0.0 -1.0 -1.0 -1.0 0.0 0.3162783199619137 0.3085685563594127 0.3751531236786739
9 192.0 0.0 -1.0 -1.0 -1.0 0.0 0.299560346922863 0.33116786576952506 0.36927178730761184
9 193.0 0.0 -1.0 -1.0 -1.0 0.0 0.3183808918341972 0.3293447461253055 0.3522743620404972
9 194.0 0.0 -1.0 -1.0 -1.0 0.0 0.31297834964107596 0.312281593660162 0.37474005669876187
9 195.0 0.0 -1.0 -1.0 -1.0 0.0 0.3148733946866079 0.32844791083088665 0.3566786944825055
9 196.0 0.0 -1.0 -1.0 -1.0 0.0 0.32319502577470177 0.3316195505573241 0.34518542366797417
9 197.0 0.0 -1.0 -1.0 -1.0 0.0 0.3218592725598532 0.3300083547857593 0.3481323726543878
9 198.0 0.0 -1.0 -1.0 -1.0 0.0 0.3086387576501224 0.3283357481493654 0.36302549420051233
9 199.0 0.0 -1.0 -1.0 -1.0 0.0 0.31402900954025964 0.3215857621880594 0.3643852282716808
9 200.0 0.0 -1.0 -1.0 -1.0 0.0 0.2894612798974934 0.33247025112857975 0.37806846897392693
9 201.0 0.0 -1.0 -1.0 -1.0 0.0 0.3244597987965938 0.3389987568920478 0.3365414443113586
9 202.0 0.0 -1.0 -1.0 -1.0 0.0 0.31439741403274707 0.31058870097193486 0.3750138849953181
9 203.0 0.0 -1.0 -1.0 -1.0 0.0 0.34596030194986066 0.3000683096978634 0.35397138835227615
9 204.0 0.0 -1.0 -1.0 -1.0 0.0 0.3686419877707874 0.2951406534431542 0.3362173587860585
9 205.0 0.0 -1.0 -1.0 -1.0 0.0 0.37431508862234497 0.2969206192748476 0.3287642921028076
9 206.0 0.0 -1.0 -1.0 -1.0 0.0 0.383931137461536 0.2970685604082766 0.3190003021301873
9 207.0 0.0 -1.0 -1.0 -1.0 0.0 0.3785746052521059 0.29594289539858454 0.3254824993493095
9 208.0 0.0 -1.0 -1.0 -1.0 0.0 0.33432749142851337 0.31206955569755906 0.3536029528739275
9 209.0 0.0 -1.0 -1.0 -1.0 0.0 0.32345327204666413 0.3317065006606165 0.3448402272927197
9 210.0 0.0 -1.0 -1.0 -1.0 0.0 0.3776419136908602 0.3113228206584397 0.3110352656507003
9 211.0 0.0 -1.0 -1.0 -1.0 0.0 0.3607387787979601 0.3133653419447647 0.32589587925727515
9 212.0 0.0 -1.0 -1.0 -1.0 0.0 0.3337660722736371 0.3494127072753097 0.3168212204510529
9 213.0 0.0 -1.0 -1.0 -1.0 0.0 0.3314686190027289 0.32459205608722497 0.34393932491004603
9 214.0 0.0 -1.0 -1.0 -1.0 0.0 0.3288418674759244 0.3413724312682717 0.329785701255804
9 215.0 0.0 -1.0 -1.0 -1.0 0.0 0.29632352623682673 0.35123562716312146 0.3524408466000519
9 216.0 0.0 -1.0 -1.0 -1.0 0.0 0.28256597518904636 0.39457222097845723 0.3228618038324965
9 217.0 0.0 -1.0 -1.0 -1.0 0.0 0.29063818037559613 0.38881121744537717 0.3205506021790265
9 218.0 0.0 -1.0 -1.0 -1.0 0.0 0.2918888844346786 0.38467451329577007 0.3234366022695514
9 219.0 0.0 -1.0 -1.0 -1.0 0.0 0.2973816679873211 0.39533358684370595 0.3072847451689731
9 220.0 0.0 -1.0 -1.0 -1.0 0.0 0.2920449042880719 0.3995779749146671 0.308377120797261
9 221.0 0.0 -1.0 -1.0 -1.0 0.0 0.29077745243559167 0.4124325984113264 0.2967899491530821
9 222.0 0.0 -1.0 -1.0 -1.0 0.0 0.32812136567477723 0.37266052985196346 0.2992181044732591
9 223.0 0.0 -1.0 -1.0 -1.0 0.0 0.2954264618895224 0.38220177793851723 0.3223717601719606
9 224.0 0.0 -1.0 -1.0 -1.0 0.0 0.30720762700628473 0.3606504575188644 0.3321419154748508
9 225.0 0.0 -1.0 -1.0 -1.0 0.0 0.319055845920064 0.36779312020548455 0.31315103387445153
9 226.0 0.0 -1.0 -1.0 -1.0 0.0 0.33891037454935136 0.3283902396668247 0.33269938578382385
9 227.0 0.0 -1.0 -1.0 -1.0 0.0 0.30459003679125013 0.35581767463745606 0.3395922885712937
9 228.0 0.0 -1.0 -1.0 -1.0 0.0 0.2950208695985783 0.33202736869372174 0.3729517617077002
9 229.0 0.0 -1.0 -1.0 -1.0 0.0 0.3055831946936941 0.31779199688036 0.3766248084259462
9 230.0 0.0 -1.0 -1.0 -1.0 0.0 0.3069541788493989 0.3065605284641171 0.3864852926864839
9 231.0 0.0 -1.0 -1.0 -1.0 0.0 0.30929636376547426 0.2909381357395285 0.3997655004949971
9 232.0 0.0 -1.0 -1.0 -1.0 0.0 0.3355569472024278 0.29373782225410733 0.37070523054346494
9 233.0 0.0 -1.0 -1.0 -1.0 0.0 0.32371966727992385 0.32684613629379045 0.34943419642628576
9 234.0 0.0 -1.0 -1.0 -1.0 0.0 0.3519748906963416 0.2988416788881216 0.3491834304155366
9 235.0 0.0 -1.0 -1.0 -1.0 0.0 0.3489996992082951 0.2819756629963214 0.3690246377953835
9 236.0 0.0 -1.0 -1.0 -1.0 0.0 0.3317662926802619 0.31432147441446573 0.35391223290527235
9 237.0 0.0 -1.0 -1.0 -1.0 0.0 0.3629784967185832 0.2967473302038146 0.3402741730776022
9 238.0 0.0 -1.0 -1.0 -1.0 0.0 0.3360160627945416 0.31559095466217546 0.34839298254328294
9 239.0 0.0 -1.0 -1.0 -1.0 0.0 0.35840710573991524 0.33342838610374953 0.3081645081563353
9 240.0 0.0 -1.0 -1.0 -1.0 0.0 0.3417025586089313 0.35834686297457247 0.2999505784164962
9 241.0 0.0 -1.0 -1.0 -1.0 0.0 0.34358459661871776 0.35240734071613944 0.30400806266514285
9 242.0 0.0 -1.0 -1.0 -1.0 0.0 0.3450434028638114 0.3577553632815233 0.2972012338546655
9 243.0 0.0 -1.0 -1.0 -1.0 0.0 0.34858180684156614 0.3543300370250379 0.2970881561333962
9 244.0 0.0 -1.0 -1.0 -1.0 0.0 0.33569137988445447 0.36536447194243754 0.2989441481731082
9 245.0 0.0 -1.0 -1.0 -1.0 0.0 0.3587677381992499 0.34327879535045847 0.29795346645029147
9 246.0 0.0 -1.0 -1.0 -1.0 0.0 0.33232069636596456 0.3608029891979269 0.30687631443610863
9 247.0 0.0 -1.0 -1.0 -1.0 0.0 0.3303823289545575 0.37622756876092256 0.29339010228451995
9 248.0 0.0 -1.0 -1.0 -1.0 0.0 0.33622132190875753 0.3407958399803379 0.32298283811090456
9 249.0 0.0 -1.0 -1.0 -1.0 0.0 0.32794077873040633 0.3507697327090651 0.3212894885605284
9 250.0 0.0 -1.0 -1.0 -1.0 0.0 0.3419793923841098 0.3412590192946203 0.3167615883212699
9 251.0 0.0 -1.0 -1.0 -1.0 0.0 0.34633685387992885 0.34230509914135365 0.3113580469787176
9 252.0 0.0 -1.0 -1.0 -1.0 0.0 0.3317397925345324 0.35637568570278383 0.3118845217626839
9 253.0 0.0 -1.0 -1.0 -1.0 0.0 0.3243494332668493 0.34100337325964114 0.3346471934735093
9 254.0 0.0 -1.0 -1.0 -1.0 0.0 0.3430611795680739 0.31299348139154454 0.34394533904038177
9 255.0 0.0 -1.0 -1.0 -1.0 0.0 0.3270981794740603 0.32607896520344537 0.34682285532249446
9 256.0 0.0 -1.0 -1.0 -1.0 0.0 0.30624277651070403 0.3447562080568975 0.34900101543239836
9 257.0 0.0 -1.0 -1.0 -1.0 0.0 0.32810653306308757 0.363640729027428 0.3082527379094846
9 258.0 0.0 -1.0 -1.0 -1.0 0.0 0.32945025254145927 0.3431657555976297 0.32738399186091116
9 259.0 0.0 -1.0 -1.0 -1.0 0.0 0.34005259179577146 0.339416164017402 0.32053124418682644
9 260.0 0.0 -1.0 -1.0 -1.0 0.0 0.356754849381717 0.34811538178078716 0.29512976883749586
9 261.0 0.0 -1.0 -1.0 -1.0 0.0 0.36345387348791036 0.3496865833975001 0.28685954311458944
9 262.0 0.0 -1.0 -1.0 -1.0 0.0 0.3894421388896178 0.33054460603751656 0.28001325507286573
9 263.0 0.0 -1.0 -1.0 -1.0 0.0 0.36284586264253443 0.32684150960336894 0.31031262775409657
9 264.0 0.0 -1.0 -1.0 -1.0 0.0 0.3269450776605056 0.3509008794016228 0.3221540429378718
9 265.0 0.0 -1.0 -1.0 -1.0 0.0 0.3271081796845541 0.33937624895189905 0.33351557136354726
9 266.0 0.0 -1.0 -1.0 -1.0 0.0 0.3077318905055339 0.35609173366543034 0.3361763758290359
9 267.0 0.0 -1.0 -1.0 -1.0 0.0 0.30956846010591976 0.35448318015327 0.3359483597408103
9 268.0 0.0 -1.0 -1.0 -1.0 0.0 0.3200525983733212 0.3436841260501033 0.33626327557657576
9 269.0 0.0 -1.0 -1.0 -1.0 0.0 0.3322983836732519 0.34210284213134334 0.32559877419540484
9 270.0 0.0 -1.0 -1.0 -1.0 0.0 0.313218999501659 0.34956923820053126 0.3372117622978098
9 271.0 0.0 -1.0 -1.0 -1.0 0.0 0.307817840429436 0.37908995216502683 0.31309220740553717
9 272.0 0.0 -1.0 -1.0 -1.0 0.0 0.30676986643486986 0.3753318184499817 0.31789831511514877
9 273.0 0.0 -1.0 -1.0 -1.0 0.0 0.305420287506478 0.35450833013081384 0.3400713823627083
9 274.0 0.0 -1.0 -1.0 -1.0 0.0 0.30000039188477823 0.3720051960465128 0.32799441206870905
9 275.0 0.0 -1.0 -1.0 -1.0 0.0 0.29788538246123364 0.35763553895275507 0.3444790785860112
9 276.0 0.0 -1.0 -1.0 -1.0 0.0 0.3152664707212213 0.31913508521509115 0.3655984440636875
9 277.0 0.0 -1.0 -1.0 -1.0 0.0 0.288722485519142 0.3525083412196709 0.358769173261187
9 278.0 0.0 -1.0 -1.0 -1.0 0.0 0.27315429083148934 0.3592290180891182 0.3676166910793925
9 279.0 0.0 -1.0 -1.0 -1.0 0.0 0.280100632938792 0.3727066558850078 0.3471927111762003
9 280.0 0.0 -1.0 -1.0 -1.0 0.0 0.2852689206759905 0.38547153955655 0.32925953976745914
9 281.0 0.0 -1.0 -1.0 -1.0 0.0 0.29806854489783463 0.38727724467293767 0.31465421042922764
9 282.0 0.0 -1.0 -1.0 -1.0 0.0 0.30364800698076694 0.3775855147579981 0.31876647826123494
9 283.0 0.0 -1.0 -1.0 -1.0 0.0 0.33169557350264567 0.35244104460973347 0.31586338188762086
9 284.0 0.0 -1.0 -1.0 -1.0 0.0 0.31572048344343906 0.37933823011724166 0.3049412864393193
9 285.0 0.0 -1.0 -1.0 -1.0 0.0 0.31703077529600227 0.3783778460334426 0.3045913786705551
9 286.0 0.0 -1.0 -1.0 -1.0 0.0 0.3480239898212548 0.36148234807786284 0.29049366210088245
9 287.0 0.0 -1.0 -1.0 -1.0 0.0 0.33615996010106725 0.36278632352715184 0.3010537163717807
9 288.0 0.0 -1.0 -1.0 -1.0 0.0 0.36673891728225105 0.3232761444427847 0.3099849382749642
9 289.0 0.0 -1.0 -1.0 -1.0 0.0 0.36055723435156023 0.3085086058547365 0.3309341597937031
9 290.0 0.0 -1.0 -1.0 -1.0 0.0 0.3634308744893022 0.3104607724470696 0.32610835306362806
9 291.0 0.0 -1.0 -1.0 -1.0 0.0 0.3369592520037405 0.31329186452068325 0.34974888347557637
9 292.0 0.0 -1.0 -1.0 -1.0 0.0 0.3416136136311565 0.32433038541902603 0.33405600094981736
9 293.0 0.0 -1.0 -1.0 -1.0 0.0 0.3449968619265832 0.3416120858593543 0.31339105221406244
9 294.0 0.0 -1.0 -1.0 -1.0 0.0 0.30829202849820964 0.35246745614042063 0.33924051536136984
9 295.0 0.0 -1.0 -1.0 -1.0 0.0 0.30263475979439525 0.3526869742163077 0.34467826598929685
9 296.0 0.0 -1.0 -1.0 -1.0 0.0 0.29754153293064134 0.3511624630322109 0.3512960040371478
9 297.0 0.0 -1.0 -1.0 -1.0 0.0 0.31664501186564 0.35052019159076686 0.33283479654359327
9 298.0 0.0 -1.0 -1.0 -1.0 0.0 0.32399526435955933 0.34472441683484933 0.3312803188055915
9 299.0 0.0 -1.0 -1.0 -1.0 0.0 0.302135309831272 0.3607940600880152 0.3370706300807129
9 300.0 0.0 -1.0 -1.0 -1.0 0.0 0.32175176036312886 0.33020974647407336 0.3480384931627979
9 301.0 0.0 -1.0 -1.0 -1.0 0.0 0.3397524350923012 0.31941451863517967 0.34083304627251926
9 302.0 0.0 -1.0 -1.0 -1.0 0.0 0.33793569337791785 0.3310719280397826 0.3309923785822994
9 303.0 0.0 -1.0 -1.0 -1.0 0.0 0.3644647776190566 0.33286592940493603 0.3026692929760075
9 304.0 0.0 -1.0 -1.0 -1.0 0.0 0.3689901497280883 0.32707337210230863 0.30393647816960323
9 305.0 0.0 -1.0 -1.0 -1.0 0.0 0.3691641513002104 0.3222770258348425 0.30855882286494696
9 306.0 0.0 -1.0 -1.0 -1.0 0.0 0.3572404597979272 0.3292766876637802 0.3134828525382927
9 307.0 0.0 -1.0 -1.0 -1.0 0.0 0.33111451094436556 0.33068774708445575 0.33819774197117863
9 308.0 0.0 -1.0 -1.0 -1.0 0.0 0.3477664376783218 0.3211330712838177 0.3311004910378608
9 309.0 0.0 -1.0 -1.0 -1.0 0.0 0.31976114088455243 0.3501106776848511 0.33012818143059647
9 310.0 0.0 -1.0 -1.0 -1.0 0.0 0.31055157545596473 0.352856692418676 0.33659173212535903
9 311.0 0.0 -1.0 -1.0 -1.0 0.0 0.28889014580587646 0.3682180859087735 0.34289176828534984
9 312.0 0.0 -1.0 -1.0 -1.0 0.0 0.30804939823449873 0.3712126972632053 0.3207379045022958
9 313.0 0.0 -1.0 -1.0 -1.0 0.0 0.296241917547894 0.3602186374474005 0.3435394450047054
9 314.0 0.0 -1.0 -1.0 -1.0 0.0 0.29172420593137377 0.36091310173422175 0.3473626923344045
9 315.0 0.0 -1.0 -1.0 -1.0 0.0 0.31370284640918833 0.3626245384938723 0.3236726150969396
9 316.0 0.0 -1.0 -1.0 -1.0 0.0 0.3161599000496105 0.348955144222653 0.33488495572773647
9 317.0 0.0 -1.0 -1.0 -1.0 0.0 0.30864327234154343 0.35747413925554733 0.3338825884029093
9 318.0 0.0 -1.0 -1.0 -1.0 0.0 0.3266751814765532 0.36457478115947567 0.308750037363971
9 319.0 0.0 -1.0 -1.0 -1.0 0.0 0.3499879340723882 0.32752740064123453 0.3224846652863774
9 320.0 0.0 -1.0 -1.0 -1.0 0.0 0.3542858497208713 0.32707778244915453 0.3186363678299742
9 321.0 0.0 -1.0 -1.0 -1.0 0.0 0.34839323009899054 0.31844326587426663 0.3331635040267431
9 322.0 0.0 -1.0 -1.0 -1.0 0.0 0.36792598171946694 0.304964097139351 0.3271099211411823
9 323.0 0.0 -1.0 -1.0 -1.0 0.0 0.373280839892729 0.29085645439727953 0.3358627057099915
9 324.0 0.0 -1.0 -1.0 -1.0 0.0 0.36646624347341417 0.2864595458336735 0.34707421069291217
9 325.0 0.0 -1.0 -1.0 -1.0 0.0 0.3401421787175652 0.31278301161772964 0.34707480966470533
9 326.0 0.0 -1.0 -1.0 -1.0 0.0 0.3255450035198236 0.3165364641196279 0.3579185323605485
9 327.0 0.0 -1.0 -1.0 -1.0 0.0 0.35391422798934513 0.29588511293666275 0.35020065907399195
9 328.0 0.0 -1.0 -1.0 -1.0 0.0 0.3352099166511737 0.3209115160657385 0.34387856728308785
9 329.0 0.0 -1.0 -1.0 -1.0 0.0 0.33853580683095297 0.3132433891707555 0.3482208039982914
9 330.0 0.0 -1.0 -1.0 -1.0 0.0 0.35991989497891 0.28857305015681084 0.35150705486427897
9 331.0 0.0 -1.0 -1.0 -1.0 0.0 0.3528890285025949 0.31943232301855107 0.32767864847885414
9 332.0 0.0 -1.0 -1.0 -1.0 0.0 0.3431384453053809 0.3339344851175464 0.3229270695770725
9 333.0 0.0 -1.0 -1.0 -1.0 0.0 0.3252214430662799 0.3524849139846799 0.32229364294904017
9 334.0 0.0 -1.0 -1.0 -1.0 0.0 0.32355732885144434 0.3593655610602011 0.3170771100883547
9 335.0 0.0 -1.0 -1.0 -1.0 0.0 0.3159195578615666 0.35415887409664265 0.32992156804179085
9 336.0 0.0 -1.0 -1.0 -1.0 0.0 0.3166882708412968 0.3652543442637778 0.3180573848949254
9 337.0 0.0 -1.0 -1.0 -1.0 0.0 0.30323777276863007 0.35828412472536597 0.338478102506004
9 338.0 0.0 -1.0 -1.0 -1.0 0.0 0.30811573973981177 0.35476350576330107 0.33712075449688705
9 339.0 0.0 -1.0 -1.0 -1.0 0.0 0.31158288458777333 0.36245923252790485 0.32595788288432176
9 340.0 0.0 -1.0 -1.0 -1.0 0.0 0.3101657955236256 0.36745703441686733 0.32237717005950683
9 341.0 0.0 -1.0 -1.0 -1.0 0.0 0.2989045389829437 0.38766832984655664 0.3134271311704998
9 342.0 0.0 -1.0 -1.0 -1.0 0.0 0.32252202730052415 0.3720315386217834 0.3054464340776925
9 343.0 0.0 -1.0 -1.0 -1.0 0.0 0.34282858266677685 0.33814140046780156 0.3190300168654217
9 344.0 0.0 -1.0 -1.0 -1.0 0.0 0.3554934385497253 0.33074516287885475 0.3137613985714199
9 345.0 0.0 -1.0 -1.0 -1.0 0.0 0.3747662715074042 0.3199371168461804 0.30529661164641536
9 346.0 0.0 -1.0 -1.0 -1.0 0.0 0.377841893819618 0.31288882743371693 0.3092692787466648
9 347.0 0.0 -1.0 -1.0 -1.0 0.0 0.35766127078491194 0.31709113752199475 0.32524759169309303
9 348.0 0.0 -1.0 -1.0 -1.0 0.0 0.34007322567346165 0.3288272711089145 0.331099503217624
9 349.0 0.0 -1.0 -1.0 -1.0 0.0 0.3613373873721864 0.3224383458311078 0.31622426679670557
9 350.0 0.0 -1.0 -1.0 -1.0 0.0 0.34929998256537664 0.3144960443013005 0.3362039731333229
9 351.0 0.0 -1.0 -1.0 -1.0 0.0 0.31885614783927435 0.3382923158695064 0.34285153629121917
9 352.0 0.0 -1.0 -1.0 -1.0 0.0 0.3185445303984596 0.324937602581529 0.3565178670200116
9 353.0 0.0 -1.0 -1.0 -1.0 0.0 0.3289635391132292 0.31183145835264314 0.35920500253412796
9 354.0 0.0 -1.0 -1.0 -1.0 0.0 0.3142207133342555 0.29622615996789664 0.389553126697848
9 355.0 0.0 -1.0 -1.0 -1.0 0.0 0.3031500767241173 0.29245553937570523 0.4043943839001773
9 356.0 0.0 -1.0 -1.0 -1.0 0.0 0.3394747403492863 0.29259439768527634 0.3679308619654372
9 357.0 0.0 -1.0 -1.0 -1.0 0.0 0.3334959922504631 0.2949323005681023 0.3715717071814348
9 358.0 0.0 -1.0 -1.0 -1.0 0.0 0.3253257705980901 0.29133970843562546 0.3833345209662845
9 359.0 0.0 -1.0 -1.0 -1.0 0.0 0.3372282454646063 0.2935506709526627 0.36922108358273115
9 360.0 0.0 -1.0 -1.0 -1.0 0.0 0.33900203084040287 0.299746018189644 0.36125195096995283
9 361.0 0.0 -1.0 -1.0 -1.0 0.0 0.3303137606208563 0.3291114637477354 0.3405747756314078
9 362.0 0.0 -1.0 -1.0 -1.0 0.0 0.3457624238973668 0.3266184293736649 0.327619146728968
9 363.0 0.0 -1.0 -1.0 -1.0 0.0 0.3591024325825451 0.31280435715376437 0.3280932102636905
9 364.0 0.0 -1.0 -1.0 -1.0 0.0 0.3453038124264724 0.2982509621617983 0.35644522541172924
9 365.0 0.0 -1.0 -1.0 -1.0 0.0 0.333121245183257 0.319585032549082 0.3472937222676608
9 366.0 0.0 -1.0 -1.0 -1.0 0.0 0.32748172431234074 0.33899049668247777 0.33352777900518155
9 367.0 0.0 -1.0 -1.0 -1.0 0.0 0.32699156647637423 0.3478312961861221 0.3251771373375035
9 368.0 0.0 -1.0 -1.0 -1.0 0.0 0.3685261118300139 0.3307835039095308 0.30069038426045547
9 369.0 0.0 -1.0 -1.0 -1.0 0.0 0.35882375673766 0.3446487675994094 0.29652747566293064
9 370.0 0.0 -1.0 -1.0 -1.0 0.0 0.38960702298576516 0.3111966120931968 0.29919636492103785
9 371.0 0.0 -1.0 -1.0 -1.0 0.0 0.3979583097339262 0.3068088500096156 0.2952328402564579
9 372.0 0.0 -1.0 -1.0 -1.0 0.0 0.38213370621752263 0.3284380014488621 0.2894282923336153
9 373.0 0.0 -1.0 -1.0 -1.0 0.0 0.39477960308217236 0.33491490184396616 0.27030549507386165
9 374.0 0.0 -1.0 -1.0 -1.0 0.0 0.3664242014055571 0.3337615412567592 0.2998142573376836
9 375.0 0.0 -1.0 -1.0 -1.0 0.0 0.3790022004415173 0.324503075348233 0.2964947242102497
9 376.0 0.0 -1.0 -1.0 -1.0 0.0 0.34997739880050277 0.34677226384870025 0.30325033735079715
9 377.0 0.0 -1.0 -1.0 -1.0 0.0 0.3349729881500256 0.35345656662870467 0.31157044522127
9 378.0 0.0 -1.0 -1.0 -1.0 0.0 0.35319343352789007 0.33550498167282045 0.31130158479928954
9 379.0 0.0 -1.0 -1.0 -1.0 0.0 0.36521957512329495 0.3054711813100782 0.32930924356662694
9 380.0 0.0 -1.0 -1.0 -1.0 0.0 0.36542128886534336 0.3105996140557047 0.3239790970789518
9 381.0 0.0 -1.0 -1.0 -1.0 0.0 0.3422235299792512 0.2841796082900299 0.37359686173071865
9 382.0 0.0 -1.0 -1.0 -1.0 0.0 0.3331516763233056 0.28165888107674664 0.3851894425999478
9 383.0 0.0 -1.0 -1.0 -1.0 0.0 0.35070876612159163 0.27391887002524873 0.3753723638531596
9 384.0 0.0 -1.0 -1.0 -1.0 0.0 0.31488002460271247 0.3050062527314114 0.3801137226658758
9 385.0 0.0 -1.0 -1.0 -1.0 0.0 0.3192357600672473 0.3360174442457167 0.344746795687036
9 386.0 0.0 -1.0 -1.0 -1.0 0.0 0.3455806537888862 0.31067659705362444 0.3437427491574892
9 387.0 0.0 -1.0 -1.0 -1.0 0.0 0.3230580353317169 0.341311532205929 0.335630432462354
9 388.0 0.0 -1.0 -1.0 -1.0 0.0 0.3331902128813757 0.31387179890447375 0.3529379882141507
9 389.0 0.0 -1.0 -1.0 -1.0 0.0 0.31132679292798265 0.3172231185008133 0.3714500885712038
9 390.0 0.0 -1.0 -1.0 -1.0 0.0 0.31985022520765366 0.33424999133242544 0.34589978345992073
9 391.0 0.0 -1.0 -1.0 -1.0 0.0 0.3408195708973274 0.3335626261200721 0.3256178029826006
9 392.0 0.0 -1.0 -1.0 -1.0 0.0 0.3402287837811089 0.3353634769757358 0.32440773924315525
9 393.0 0.0 -1.0 -1.0 -1.0 0.0 0.34739537868149883 0.3249907734314257 0.32761384788707565
9 394.0 0.0 -1.0 -1.0 -1.0 0.0 0.3287952634833004 0.34411256108247174 0.3270921754342276
9 395.0 0.0 -1.0 -1.0 -1.0 0.0 0.3317969933062965 0.36120864289269705 0.30699436380100636
9 396.0 0.0 -1.0 -1.0 -1.0 0.0 0.3434516159010056 0.34789548051748453 0.3086529035815099
9 397.0 0.0 -1.0 -1.0 -1.0 0.0 0.33474669574055865 0.3484787418631402 0.3167745623963012
9 398.0 0.0 -1.0 -1.0 -1.0 0.0 0.35873067535576686 0.34322944433206554 0.29803988031216727
9 399.0 0.0 -1.0 -1.0 -1.0 0.0 0.30973106648908555 0.3715096388819445 0.3187592946289698
9 400.0 0.0 -1.0 -1.0 -1.0 0.0 0.3243747132302871 0.3768992220639323 0.2987260647057806
9 401.0 0.0 -1.0 -1.0 -1.0 0.0 0.3502961128096734 0.357850130248875 0.2918537569414516
9 402.0 0.0 -1.0 -1.0 -1.0 0.0 0.35412140917164414 0.34803088015812356 0.29784771067023236
9 403.0 0.0 -1.0 -1.0 -1.0 0.0 0.3170820585108055 0.3758338884073442 0.30708405308185033
9 404.0 0.0 -1.0 -1.0 -1.0 0.0 0.3358316729342585 0.3565613163110758 0.3076070107546658
9 405.0 0.0 -1.0 -1.0 -1.0 0.0 0.34904950309049326 0.3361029734171925 0.3148475234923142
9 406.0 0.0 -1.0 -1.0 -1.0 0.0 0.3449996361428731 0.33290216549113 0.32209819836599685
9 407.0 0.0 -1.0 -1.0 -1.0 0.0 0.3548629612294101 0.3359561592317014 0.3091808795388887
9 408.0 0.0 -1.0 -1.0 -1.0 0.0 0.3385212961882222 0.3679236013565552 0.2935551024552226
9 409.0 0.0 -1.0 -1.0 -1.0 0.0 0.3289533516673082 0.369196589829011 0.3018500585036808
9 410.0 0.0 -1.0 -1.0 -1.0 0.0 0.3137966297381073 0.38360913379183353 0.30259423647005934
9 411.0 0.0 -1.0 -1.0 -1.0 0.0 0.30884176432288335 0.3784092245008436 0.31274901117627296
9 412.0 0.0 -1.0 -1.0 -1.0 0.0 0.32960878942039223 0.3789696066357016 0.2914216039439062
9 413.0 0.0 -1.0 -1.0 -1.0 0.0 0.3470126151066238 0.34830733738331005 0.3046800475100661
9 414.0 0.0 -1.0 -1.0 -1.0 0.0 0.3610060194007497 0.34689657791818346 0.2920974026810669
9 415.0 0.0 -1.0 -1.0 -1.0 0.0 0.33101148574388334 0.3574587170143611 0.3115297972417556
9 416.0 0.0 -1.0 -1.0 -1.0 0.0 0.35223659099573296 0.33969987575017185 0.308063533254095
9 417.0 0.0 -1.0 -1.0 -1.0 0.0 0.3439455070507526 0.3162014367088113 0.3398530562404359
9 418.0 0.0 -1.0 -1.0 -1.0 0.0 0.3274485636654591 0.32119301277070833 0.3513584235638326
9 419.0 0.0 -1.0 -1.0 -1.0 0.0 0.33629354040897164 0.33710954163723206 0.3265969179537962
9 420.0 0.0 -1.0 -1.0 -1.0 0.0 0.33055827200272153 0.36364015358833063 0.3058015744089478
9 421.0 0.0 -1.0 -1.0 -1.0 0.0 0.30094692112917676 0.366482343321631 0.3325707355491921
9 422.0 0.0 -1.0 -1.0 -1.0 0.0 0.3211997652700697 0.35793772370267457 0.3208625110272556
9 423.0 0.0 -1.0 -1.0 -1.0 0.0 0.33890059078619417 0.3461903464688252 0.31490906274498043
9 424.0 0.0 -1.0 -1.0 -1.0 0.0 0.3616472882782576 0.3399563596517348 0.2983963520700078
9 425.0 0.0 -1.0 -1.0 -1.0 0.0 0.3484758625734829 0.35274898923995485 0.29877514818656203
9 426.0 0.0 -1.0 -1.0 -1.0 0.0 0.3332980954888114 0.33650452706056405 0.33019737745062466
9 427.0 0.0 -1.0 -1.0 -1.0 0.0 0.31181844304184325 0.3413909433310148 0.3467906136271422
9 428.0 0.0 -1.0 -1.0 -1.0 0.0 0.35128169762192635 0.31053185228512986 0.3381864500929439
9 429.0 0.0 -1.0 -1.0 -1.0 0.0 0.36566032927941194 0.2995158440511572 0.33482382666943095
9 430.0 0.0 -1.0 -1.0 -1.0 0.0 0.3485812274937297 0.3064896296526255 0.344929142853645
9 431.0 0.0 -1.0 -1.0 -1.0 0.0 0.3512457663218205 0.2990127214809171 0.34974151219726246
9 432.0 0.0 -1.0 -1.0 -1.0 0.0 0.36036407552430916 0.3281062621071956 0.311529662368495
9 433.0 0.0 -1.0 -1.0 -1.0 0.0 0.36721848579371186 0.3316697979848871 0.3011117162214012
9 434.0 0.0 -1.0 -1.0 -1.0 0.0 0.3649495481231442 0.3215934408207257 0.3134570110561297
9 435.0 0.0 -1.0 -1.0 -1.0 0.0 0.38168679561319097 0.3208595591010193 0.29745364528578977
9 436.0 0.0 -1.0 -1.0 -1.0 0.0 0.38489455047327736 0.3021651137511463 0.3129403357755763
9 437.0 0.0 -1.0 -1.0 -1.0 0.0 0.37418827612822525 0.31619583491455666 0.30961588895721825
9 438.0 0.0 -1.0 -1.0 -1.0 0.0 0.35301710299149797 0.35641606880182475 0.29056682820667745
9 439.0 0.0 -1.0 -1.0 -1.0 0.0 0.33825847636769313 0.37397653883633 0.28776498479597695
9 440.0 0.0 -1.0 -1.0 -1.0 0.0 0.3284575394303515 0.3738977916830822 0.2976446688865666
9 441.0 0.0 -1.0 -1.0 -1.0 0.0 0.3411628549118683 0.3263957718914319 0.3324413731966998
9 442.0 0.0 -1.0 -1.0 -1.0 0.0 0.35343572868744294 0.325972402032881 0.3205918692796761
9 443.0 0.0 -1.0 -1.0 -1.0 0.0 0.388778836781782 0.29204935352411593 0.319171809694102
9 444.0 0.0 -1.0 -1.0 -1.0 0.0 0.37771057086085813 0.30581611167987416 0.316473317459268
9 445.0 0.0 -1.0 -1.0 -1.0 0.0 0.35008496929101623 0.3477748236862807 0.30214020702270333
9 446.0 0.0 -1.0 -1.0 -1.0 0.0 0.3721988605078747 0.30606843305855663 0.32173270643356894
9 447.0 0.0 -1.0 -1.0 -1.0 0.0 0.3346449246847469 0.33153758248190085 0.33381749283335205
9 448.0 0.0 -1.0 -1.0 -1.0 0.0 0.34074730159222766 0.3277615149202015 0.33149118348757084
9 449.0 0.0 -1.0 -1.0 -1.0 0.0 0.3252656035527768 0.3563097715989232 0.3184246248483001
9 450.0 0.0 -1.0 -1.0 -1.0 0.0 0.2971867340695008 0.38292383242052097 0.31988943350997795
9 451.0 0.0 -1.0 -1.0 -1.0 0.0 0.30239454217990386 0.3804612629996597 0.31714419482043626
9 452.0 0.0 -1.0 -1.0 -1.0 0.0 0.3129119557527965 0.3711821680237359 0.31590587622346744
9 453.0 0.0 -1.0 -1.0 -1.0 0.0 0.31423584132909055 0.3676834319970046 0.31808072667390486
9 454.0 0.0 -1.0 -1.0 -1.0 0.0 0.33281499349740207 0.3529093696262579 0.3142756368763399
9 455.0 0.0 -1.0 -1.0 -1.0 0.0 0.3343028275176278 0.3270960554858564 0.33860111699651596
9 456.0 0.0 -1.0 -1.0 -1.0 0.0 0.3245442574354843 0.3484605581437718 0.32699518442074393
9 457.0 0.0 -1.0 -1.0 -1.0 0.0 0.31125184437758774 0.36953898046007166 0.3192091751623406
9 458.0 0.0 -1.0 -1.0 -1.0 0.0 0.30799149011803517 0.3703004662923916 0.32170804358957317
9 459.0 0.0 -1.0 -1.0 -1.0 0.0 0.31968060190653164 0.35221174870255156 0.32810764939091697
9 460.0 0.0 -1.0 -1.0 -1.0 0.0 0.3333582302295325 0.33906047030768155 0.3275812994627855
9 461.0 0.0 -1.0 -1.0 -1.0 0.0 0.3365280926658709 0.3536934607767091 0.30977844655742
9 462.0 0.0 -1.0 -1.0 -1.0 0.0 0.2903616752428386 0.3877449905144531 0.32189333424270844
9 463.0 0.0 -1.0 -1.0 -1.0 0.0 0.3196817787711838 0.3411349538141259 0.33918326741469046
9 464.0 0.0 -1.0 -1.0 -1.0 0.0 0.33250679074312367 0.3384455662273863 0.32904764302949024
9 465.0 0.0 -1.0 -1.0 -1.0 0.0 0.33182432978404264 0.34773882547428014 0.3204368447416771
9 466.0 0.0 -1.0 -1.0 -1.0 0.0 0.3193587436428798 0.354749462269846 0.3258917940872741
9 467.0 0.0 -1.0 -1.0 -1.0 0.0 0.3191903071469015 0.367039081789092 0.31377061106400644
9 468.0 0.0 -1.0 -1.0 -1.0 0.0 0.33525449993486733 0.36981532640928955 0.2949301736558432
9 469.0 0.0 -1.0 -1.0 -1.0 0.0 0.3310511891217668 0.3468628166062615 0.3220859942719716
9 470.0 0.0 -1.0 -1.0 -1.0 0.0 0.3182405901451355 0.33053397936675166 0.3512254304881129
9 471.0 0.0 -1.0 -1.0 -1.0 0.0 0.34464225289636125 0.3196883800392184 0.33566936706442035
9 472.0 0.0 -1.0 -1.0 -1.0 0.0 0.347949645005325 0.2924860057556877 0.359564349238987
9 473.0 0.0 -1.0 -1.0 -1.0 0.0 0.34782564335467725 0.3228659944200357 0.3293083622252868
9 474.0 0.0 -1.0 -1.0 -1.0 0.0 0.3273879275907871 0.3148927949793233 0.35771927742988924
9 475.0 0.0 -1.0 -1.0 -1.0 0.0 0.33712506047767 0.2960517080237756 0.3668232314985543
9 476.0 0.0 -1.0 -1.0 -1.0 0.0 0.35074168670944855 0.28870346936054053 0.360554843930011
9 477.0 0.0 -1.0 -1.0 -1.0 0.0 0.36547967506832 0.29458066114244624 0.33993966378923374
9 478.0 0.0 -1.0 -1.0 -1.0 0.0 0.3437039071015732 0.31133175454236656 0.3449643383560599
9 479.0 0.0 -1.0 -1.0 -1.0 0.0 0.36655591093540296 0.31033312423001497 0.3231109648345823
9 480.0 0.0 -1.0 -1.0 -1.0 0.0 0.3348419026563005 0.3395268383580462 0.32563125898565326
9 481.0 0.0 -1.0 -1.0 -1.0 0.0 0.3301012519558595 0.3575200509143314 0.312378697129809
9 482.0 0.0 -1.0 -1.0 -1.0 0.0 0.34100042934456676 0.3447581064454254 0.31424146421000754
9 483.0 0.0 -1.0 -1.0 -1.0 0.0 0.3487494359444976 0.35562443829694457 0.29562612575855796
9 484.0 0.0 -1.0 -1.0 -1.0 0.0 0.33885513811725126 0.3523829283651169 0.3087619335176318
9 485.0 0.0 -1.0 -1.0 -1.0 0.0 0.3273645844088133 0.3645596857837131 0.3080757298074738
9 486.0 0.0 -1.0 -1.0 -1.0 0.0 0.33492706431697905 0.34481651287103415 0.3202564228119869
9 487.0 0.0 -1.0 -1.0 -1.0 0.0 0.3303545057173575 0.33361698425602776 0.3360285100266151
9 488.0 0.0 -1.0 -1.0 -1.0 0.0 0.33465345571683186 0.3451775241965846 0.32016902008658377
9 489.0 0.0 -1.0 -1.0 -1.0 0.0 0.3207167581189382 0.35125749532408235 0.3280257465569796
9 490.0 0.0 -1.0 -1.0 -1.0 0.0 0.32499897378553266 0.35279221757207657 0.32220880864239093
9 491.0 0.0 -1.0 -1.0 -1.0 0.0 0.33955105360392746 0.307339057242373 0.35310988915369934
9 492.0 0.0 -1.0 -1.0 -1.0 0.0 0.3402262392250843 0.34049853599780505 0.3192752247771107
9 493.0 0.0 -1.0 -1.0 -1.0 0.0 0.3347900656958603 0.33792608483354963 0.32728384947058997
9 494.0 0.0 -1.0 -1.0 -1.0 0.0 0.35276588946072984 0.3152910598107502 0.3319430507285201
9 495.0 0.0 -1.0 -1.0 -1.0 0.0 0.33956696587790725 0.31985625403736606 0.34057678008472686
9 496.0 0.0 -1.0 -1.0 -1.0 0.0 0.309249324967126 0.34859818444168583 0.342152490591188
9 497.0 0.0 -1.0 -1.0 -1.0 0.0 0.28690347972276553 0.37940812898674486 0.33368839129048955
9 498.0 0.0 -1.0 -1.0 -1.0 0.0 0.29891861769966765 0.3917400750119 0.30934130728843195
9 499.0 0.0 -1.0 -1.0 -1.0 0.0 0.2960846043169315 0.3888575586424799 0.3150578370405886
9 500.0 0.0 -1.0 -1.0 -1.0 0.0 0.3293795023543871 0.36976543326841643 0.3008550643771965
9 501.0 0.0 -1.0 -1.0 -1.0 0.0 0.33325020363286223 0.35924231485444813 0.30750748151268953
9 502.0 0.0 -1.0 -1.0 -1.0 0.0 0.35317483883133105 0.32454653245341397 0.32227862871525487
9 503.0 0.0 -1.0 -1.0 -1.0 0.0 0.3666660742094699 0.30520039711662994 0.3281335286738999
9 504.0 0.0 -1.0 -1.0 -1.0 0.0 0.35439816523421663 0.3136215764864466 0.33198025827933675
9 505.0 0.0 -1.0 -1.0 -1.0 0.0 0.35179218527907286 0.3322644193715415 0.31594339534938576
9 506.0 0.0 -1.0 -1.0 -1.0 0.0 0.3059940891058205 0.3370467640694844 0.35695914682469515
9 507.0 0.0 -1.0 -1.0 -1.0 0.0 0.3256634624130305 0.3471420980904781 0.32719443949649135
9 508.0 0.0 -1.0 -1.0 -1.0 0.0 0.35257678142361626 0.33686407148819564 0.31055914708818805
9 509.0 0.0 -1.0 -1.0 -1.0 0.0 0.3514111689067373 0.3356525301416196 0.31293630095164315
9 510.0 0.0 -1.0 -1.0 -1.0 0.0 0.34871433030224636 0.31952603981438643 0.33175962988336744
9 511.0 0.0 -1.0 -1.0 -1.0 0.0 0.3615303984177094 0.311493204694249 0.32697639688804137
9 512.0 0.0 -1.0 -1.0 -1.0 0.0 0.34064376580739847 0.3134232714544858 0.34593296273811575
9 513.0 0.0 -1.0 -1.0 -1.0 0.0 0.3368436754765889 0.3071503279565727 0.3560059965668386
9 514.0 0.0 -1.0 -1.0 -1.0 0.0 0.3461032106711531 0.29577487222983423 0.35812191709901264
9 515.0 0.0 -1.0 -1.0 -1.0 0.0 0.3429066061196142 0.2965049094566599 0.360588484423726
9 516.0 0.0 -1.0 -1.0 -1.0 0.0 0.345763517625843 0.3037495195413273 0.35048696283282976
9 517.0 0.0 -1.0 -1.0 -1.0 0.0 0.3415438184466592 0.30256647803284104 0.3558897035204998
9 518.0 0.0 -1.0 -1.0 -1.0 0.0 0.3723702656604891 0.30242993770061644 0.3251997966388946
9 519.0 0.0 -1.0 -1.0 -1.0 0.0 0.33677100247435443 0.31378629590292023 0.34944270162272545
9 520.0 0.0 -1.0 -1.0 -1.0 0.0 0.3635393794130988 0.30677068361335347 0.329689936973548
9 521.0 0.0 -1.0 -1.0 -1.0 0.0 0.3605309119247452 0.31882260386705785 0.32064648420819686
9 522.0 0.0 -1.0 -1.0 -1.0 0.0 0.36585187379578504 0.2977122715252024 0.33643585467901266
9 523.0 0.0 -1.0 -1.0 -1.0 0.0 0.38504178169770925 0.30530248169037993 0.3096557366119106
9 524.0 0.0 -1.0 -1.0 -1.0 0.0 0.37159311084544 0.3020852833992966 0.3263216057552635
9 525.0 0.0 -1.0 -1.0 -1.0 0.0 0.3740451631723434 0.2962799715446829 0.3296748652829739
9 526.0 0.0 -1.0 -1.0 -1.0 0.0 0.35763655444661907 0.31299645252085023 0.3293669930325307
9 527.0 0.0 -1.0 -1.0 -1.0 0.0 0.36610230170617997 0.30958878017710584 0.32430891811671436
9 528.0 0.0 -1.0 -1.0 -1.0 0.0 0.3548713203316201 0.31535534133166765 0.32977333833671224
9 529.0 0.0 -1.0 -1.0 -1.0 0.0 0.3337015692910987 0.3585369346089179 0.30776149609998327
9 530.0 0.0 -1.0 -1.0 -1.0 0.0 0.3309173150364321 0.34034950835781363 0.3287331766057541
9 531.0 0.0 -1.0 -1.0 -1.0 0.0 0.3501817136698079 0.3408402728406034 0.3089780134895889
9 532.0 0.0 -1.0 -1.0 -1.0 0.0 0.3529728847917791 0.34509390389415445 0.3019332113140665
9 533.0 0.0 -1.0 -1.0 -1.0 0.0 0.36357144153676657 0.3405658135637768 0.29586274489945685
9 534.0 0.0 -1.0 -1.0 -1.0 0.0 0.3726093095016082 0.30930938892002674 0.31808130157836506
9 535.0 0.0 -1.0 -1.0 -1.0 0.0 0.39197356248317733 0.30631074032784844 0.30171569718897423
9 536.0 0.0 -1.0 -1.0 -1.0 0.0 0.3810234167150535 0.3096501538810994 0.30932642940384697
9 537.0 0.0 -1.0 -1.0 -1.0 0.0 0.34338444448371697 0.32195542622106116 0.334660129295222
9 538.0 0.0 -1.0 -1.0 -1.0 0.0 0.32992201729682413 0.32493829820822584 0.3451396844949499
9 539.0 0.0 -1.0 -1.0 -1.0 0.0 0.3152317834203362 0.3290419673302385 0.35572624924942503
9 540.0 0.0 -1.0 -1.0 -1.0 0.0 0.31245491731421005 0.34094822007331105 0.3465968626124788
9 541.0 0.0 -1.0 -1.0 -1.0 0.0 0.3160377068617592 0.3091253324700373 0.37483696066820366
9 542.0 0.0 -1.0 -1.0 -1.0 0.0 0.33264541866504643 0.32319612069098846 0.34415846064396527
9 543.0 0.0 -1.0 -1.0 -1.0 0.0 0.34337198284704173 0.2976427198780412 0.358985297274917
9 544.0 0.0 -1.0 -1.0 -1.0 0.0 0.34147404782084523 0.3033099614822939 0.3552159906968609
9 545.0 0.0 -1.0 -1.0 -1.0 0.0 0.33337094670422196 0.29320832729689217 0.3734207259988858
9 546.0 0.0 -1.0 -1.0 -1.0 0.0 0.34124628944780616 0.31373552642724095 0.3450181841249528
9 547.0 0.0 -1.0 -1.0 -1.0 0.0 0.33896802684419186 0.2904139488044303 0.3706180243513779
9 548.0 0.0 -1.0 -1.0 -1.0 0.0 0.33534072272397336 0.2924921405158943 0.3721671367601321
9 549.0 0.0 -1.0 -1.0 -1.0 0.0 0.3607039412878523 0.2816183387364711 0.35767771997567654
9 550.0 0.0 -1.0 -1.0 -1.0 0.0 0.35100219806388494 0.2866711638965736 0.36232663803954124
9 551.0 0.0 -1.0 -1.0 -1.0 0.0 0.3345605460750231 0.3233195878507814 0.3421198660741952
9 552.0 0.0 -1.0 -1.0 -1.0 0.0 0.2904909303749596 0.3343303113425177 0.37517875828252284
9 553.0 0.0 -1.0 -1.0 -1.0 0.0 0.2745261386077835 0.32943127260276894 0.3960425887894473
9 554.0 0.0 -1.0 -1.0 -1.0 0.0 0.28858896041073134 0.33957911852115047 0.3718319210681182
9 555.0 0.0 -1.0 -1.0 -1.0 0.0 0.2919046209009368 0.3496709977614321 0.3584243813376311
9 556.0 0.0 -1.0 -1.0 -1.0 0.0 0.30700787157201886 0.35240725335846596 0.34058487506951524
9 557.0 0.0 -1.0 -1.0 -1.0 0.0 0.310036356328292 0.32678608466842607 0.36317755900328186
9 558.0 0.0 -1.0 -1.0 -1.0 0.0 0.32084105276623404 0.32995426842552966 0.3492046788082364
9 559.0 0.0 -1.0 -1.0 -1.0 0.0 0.3145839163990858 0.33009705381581633 0.3553190297850979
9 560.0 0.0 -1.0 -1.0 -1.0 0.0 0.3308511250631623 0.3114563350776242 0.35769253985921345
9 561.0 0.0 -1.0 -1.0 -1.0 0.0 0.3131558787908797 0.3037454818296878 0.38309863937943256
9 562.0 0.0 -1.0 -1.0 -1.0 0.0 0.3276076630273927 0.31275112514925885 0.35964121182334835
9 563.0 0.0 -1.0 -1.0 -1.0 0.0 0.32025577052575005 0.3098766463801568 0.36986758309409323
9 564.0 0.0 -1.0 -1.0 -1.0 0.0 0.3147903408856526 0.3220182686085289 0.36319139050581856
9 565.0 0.0 -1.0 -1.0 -1.0 0.0 0.32377666303326774 0.33077906252064726 0.345444274446085
9 566.0 0.0 -1.0 -1.0 -1.0 0.0 0.33300034548354596 0.30829062068400664 0.3587090338324474
9 567.0 0.0 -1.0 -1.0 -1.0 0.0 0.32419761064926034 0.3083570271545134 0.36744536219622626
9 568.0 0.0 -1.0 -1.0 -1.0 0.0 0.3555063261524136 0.3116810428200179 0.3328126310275686
9 569.0 0.0 -1.0 -1.0 -1.0 0.0 0.355181211251698 0.3208620464417954 0.3239567423065067
9 570.0 0.0 -1.0 -1.0 -1.0 0.0 0.33660831606167124 0.32660573596333087 0.3367859479749979
9 571.0 0.0 -1.0 -1.0 -1.0 0.0 0.37655977141278035 0.3054952837722081 0.31794494481501173
9 572.0 0.0 -1.0 -1.0 -1.0 0.0 0.37598373648912753 0.3120642634946419 0.3119520000162306
9 573.0 0.0 -1.0 -1.0 -1.0 0.0 0.3349673937767657 0.3255516492350678 0.33948095698816666
9 574.0 0.0 -1.0 -1.0 -1.0 0.0 0.3208767503460696 0.3390560446905391 0.34006720496339143
9 575.0 0.0 -1.0 -1.0 -1.0 0.0 0.3255896300156658 0.32976440021894454 0.3446459697653898
9 576.0 0.0 -1.0 -1.0 -1.0 0.0 0.3302131809464365 0.33888006946294674 0.3309067495906166
9 577.0 0.0 -1.0 -1.0 -1.0 0.0 0.3407534763441457 0.3105878245559031 0.3486586990999513
9 578.0 0.0 -1.0 -1.0 -1.0 0.0 0.35225713311681256 0.29957319934157955 0.34816966754160794
9 579.0 0.0 -1.0 -1.0 -1.0 0.0 0.3502583505195509 0.3190143624757898 0.33072728700465903
9 580.0 0.0 -1.0 -1.0 -1.0 0.0 0.3624122771769613 0.3262651154928594 0.3113226073301795
9 581.0 0.0 -1.0 -1.0 -1.0 0.0 0.36158698872007144 0.3263573649190367 0.3120556463608918
9 582.0 0.0 -1.0 -1.0 -1.0 0.0 0.3635276602629574 0.31745246724714654 0.3190198724898961
9 583.0 0.0 -1.0 -1.0 -1.0 0.0 0.32818878682734587 0.34833088981877935 0.3234803233538748
9 584.0 0.0 -1.0 -1.0 -1.0 0.0 0.30325528073933067 0.342452623273749 0.3542920959869207
9 585.0 0.0 -1.0 -1.0 -1.0 0.0 0.3029577684959317 0.32952467102643124 0.36751756047763734
9 586.0 0.0 -1.0 -1.0 -1.0 0.0 0.3153377978908007 0.3340788669364085 0.35058333517279094
9 587.0 0.0 -1.0 -1.0 -1.0 0.0 0.3099586087860019 0.3378476112757764 0.35219377993822154
9 588.0 0.0 -1.0 -1.0 -1.0 0.0 0.32142118655825025 0.34541715133149964 0.3331616621102503
9 589.0 0.0 -1.0 -1.0 -1.0 0.0 0.314382378950447 0.34853953565566015 0.3370780853938929
9 590.0 0.0 -1.0 -1.0 -1.0 0.0 0.32775909095500316 0.33863020923999526 0.33361069980500146
9 591.0 0.0 -1.0 -1.0 -1.0 0.0 0.35202665545292944 0.3494266533290758 0.2985466912179949
9 592.0 0.0 -1.0 -1.0 -1.0 0.0 0.3300267369124336 0.3420521830685292 0.3279210800190371
9 593.0 0.0 -1.0 -1.0 -1.0 0.0 0.335939084730803 0.3398232916312691 0.3242376236379279
9 594.0 0.0 -1.0 -1.0 -1.0 0.0 0.3324134111082299 0.34149078965255414 0.3260957992392158
9 595.0 0.0 -1.0 -1.0 -1.0 0.0 0.3396880481054075 0.3228365995518166 0.33747535234277604
9 596.0 0.0 -1.0 -1.0 -1.0 0.0 0.3522638648048606 0.31547832032292183 0.3322578148722174
9 597.0 0.0 -1.0 -1.0 -1.0 0.0 0.3591520560983868 0.32412892105410634 0.31671902284750675
9 598.0 0.0 -1.0 -1.0 -1.0 0.0 0.35500420019266804 0.33872208836334244 0.30627371144398957
9 599.0 0.0 -1.0 -1.0 -1.0 0.0 0.3678260016989089 0.3165924354074297 0.3155815628936613
9 600.0 0.0 -1.0 -1.0 -1.0 0.0 0.34632895713309125 0.31462200334100276 0.3390490395259062
9 601.0 0.0 -1.0 -1.0 -1.0 0.0 0.3432020978434042 0.324978230422574 0.33181967173402194
9 602.0 0.0 -1.0 -1.0 -1.0 0.0 0.3338409221093533 0.34207578448568476 0.3240832934049619
9 603.0 0.0 -1.0 -1.0 -1.0 0.0 0.3376405502358095 0.3413471216375818 0.3210123281266085
9 604.0 0.0 -1.0 -1.0 -1.0 0.0 0.3369346847658646 0.3246621402332079 0.3384031750009274
9 605.0 0.0 -1.0 -1.0 -1.0 0.0 0.350810594338666 0.320300421431327 0.3288889842300072
9 606.0 0.0 -1.0 -1.0 -1.0 0.0 0.33667261451375013 0.329879316486767 0.33344806899948287
9 607.0 0.0 -1.0 -1.0 -1.0 0.0 0.3472827469673867 0.3278727609907853 0.3248444920418283
9 608.0 0.0 -1.0 -1.0 -1.0 0.0 0.3488555399061996 0.296559001018584 0.3545854590752164
9 609.0 0.0 -1.0 -1.0 -1.0 0.0 0.3650172854720212 0.29741506021404635 0.3375676543139323
9 610.0 0.0 -1.0 -1.0 -1.0 0.0 0.37115974007549 0.3026035298972026 0.32623673002730735
9 611.0 0.0 -1.0 -1.0 -1.0 0.0 0.3794176012924877 0.3315053452667267 0.28907705344078555
9 612.0 0.0 -1.0 -1.0 -1.0 0.0 0.358111489753777 0.3390386404803472 0.30284986976587563
9 613.0 0.0 -1.0 -1.0 -1.0 0.0 0.3449594550861022 0.3419915178069608 0.31304902710693705
9 614.0 0.0 -1.0 -1.0 -1.0 0.0 0.3446500316477848 0.34906834350665894 0.3062816248455565
9 615.0 0.0 -1.0 -1.0 -1.0 0.0 0.35219833204686984 0.34863345505519794 0.2991682128979325
9 616.0 0.0 -1.0 -1.0 -1.0 0.0 0.32188772332109167 0.35759670799463905 0.32051556868426934
9 617.0 0.0 -1.0 -1.0 -1.0 0.0 0.33364887529605197 0.3462602191206544 0.3200909055832938
9 618.0 0.0 -1.0 -1.0 -1.0 0.0 0.35498178641339656 0.33949258836556806 0.30552562522103544
9 619.0 0.0 -1.0 -1.0 -1.0 0.0 0.3361372176133117 0.3596472636705449 0.30421551871614333
9 620.0 0.0 -1.0 -1.0 -1.0 0.0 0.3602632950711653 0.3548873916399007 0.28484931328893415
9 621.0 0.0 -1.0 -1.0 -1.0 0.0 0.373521063906597 0.34134214312080696 0.28513679297259636
9 622.0 0.0 -1.0 -1.0 -1.0 0.0 0.356753806139884 0.33480166996935984 0.3084445238907563
9 623.0 0.0 -1.0 -1.0 -1.0 0.0 0.3150478574126655 0.3603920948349332 0.3245600477524014
9 624.0 0.0 -1.0 -1.0 -1.0 0.0 0.29362296026363605 0.3683677410497836 0.3380092986865803
9 625.0 0.0 -1.0 -1.0 -1.0 0.0 0.28133868699767556 0.3561010009157084 0.3625603120866161
9 626.0 0.0 -1.0 -1.0 -1.0 0.0 0.31229977239292034 0.3326231290077274 0.3550770985993524
9 627.0 0.0 -1.0 -1.0 -1.0 0.0 0.30414072051447233 0.32901861751979994 0.366840661965728
9 628.0 0.0 -1.0 -1.0 -1.0 0.0 0.33104450157511806 0.3331012039272265 0.3358542944976556
9 629.0 0.0 -1.0 -1.0 -1.0 0.0 0.32492345818023227 0.3582361215432963 0.31684042027647147
9 630.0 0.0 -1.0 -1.0 -1.0 0.0 0.3301199328174072 0.3730434792308735 0.29683658795171936
9 631.0 0.0 -1.0 -1.0 -1.0 0.0 0.30262454111494164 0.3657729585367321 0.3316025003483262
9 632.0 0.0 -1.0 -1.0 -1.0 0.0 0.28157184205793334 0.3458461809072346 0.3725819770348317
9 633.0 0.0 -1.0 -1.0 -1.0 0.0 0.30577657466496094 0.34171950537310186 0.3525039199619374
9 634.0 0.0 -1.0 -1.0 -1.0 0.0 0.2986912694809875 0.3449270756372961 0.3563816548817163
9 635.0 0.0 -1.0 -1.0 -1.0 0.0 0.3057930597252872 0.3372779267302704 0.3569290135444424
9 636.0 0.0 -1.0 -1.0 -1.0 0.0 0.3120758898812108 0.35317654971441553 0.3347475604043737
9 637.0 0.0 -1.0 -1.0 -1.0 0.0 0.32708386473037104 0.3485003881423468 0.32441574712728233
9 638.0 0.0 -1.0 -1.0 -1.0 0.0 0.34813611130936273 0.3010274680447301 0.3508364206459074
9 639.0 0.0 -1.0 -1.0 -1.0 0.0 0.3390471608393964 0.292032493289922 0.3689203458706814
9 640.0 0.0 -1.0 -1.0 -1.0 0.0 0.3156688277740289 0.3181620629938779 0.3661691092320931
9 641.0 0.0 -1.0 -1.0 -1.0 0.0 0.31900469856890434 0.30690643185272604 0.3740888695783698
9 642.0 0.0 -1.0 -1.0 -1.0 0.0 0.32132667300257134 0.31561705461836626 0.36305627237906235
9 643.0 0.0 -1.0 -1.0 -1.0 0.0 0.34089761430277643 0.31856058825798766 0.3405417974392359
9 644.0 0.0 -1.0 -1.0 -1.0 0.0 0.3542356537339355 0.3296873679513044 0.3160769783147599
9 645.0 0.0 -1.0 -1.0 -1.0 0.0 0.36923518827062446 0.3231645549575247 0.3076002567718511
9 646.0 0.0 -1.0 -1.0 -1.0 0.0 0.361239527518037 0.3183614670033403 0.32039900547862304
9 647.0 0.0 -1.0 -1.0 -1.0 0.0 0.3549432603279593 0.2979881782136339 0.34706856145840653
9 648.0 0.0 -1.0 -1.0 -1.0 0.0 0.3707282836580965 0.27302347928524306 0.3562482370566602
9 649.0 0.0 -1.0 -1.0 -1.0 0.0 0.32663929454708923 0.30601080334600234 0.3673499021069083
9 650.0 0.0 -1.0 -1.0 -1.0 0.0 0.32608357435258656 0.31954721301753136 0.3543692126298821
9 651.0 0.0 -1.0 -1.0 -1.0 0.0 0.33737650126263724 0.3296072474855729 0.33301625125179
9 652.0 0.0 -1.0 -1.0 -1.0 0.0 0.3411354395265945 0.34095346140418975 0.3179110990692159
9 653.0 0.0 -1.0 -1.0 -1.0 0.0 0.35055474021453775 0.3357502736712229 0.3136949861142394
9 654.0 0.0 -1.0 -1.0 -1.0 0.0 0.34041232530796606 0.34258026489194315 0.31700740980009057
9 655.0 0.0 -1.0 -1.0 -1.0 0.0 0.3226713145051866 0.35217024823460036 0.3251584372602128
9 656.0 0.0 -1.0 -1.0 -1.0 0.0 0.3629667769890681 0.3290107735809371 0.3080224494299948
9 657.0 0.0 -1.0 -1.0 -1.0 0.0 0.36574627174618 0.3268336387616679 0.3074200894921519
9 658.0 0.0 -1.0 -1.0 -1.0 0.0 0.3477655680125906 0.3412336429985966 0.3110007889888125
9 659.0 0.0 -1.0 -1.0 -1.0 0.0 0.35286877238971526 0.35208704107600935 0.2950441865342755
9 660.0 0.0 -1.0 -1.0 -1.0 0.0 0.3429932977110778 0.35743604033991183 0.29957066194901033
9 661.0 0.0 -1.0 -1.0 -1.0 0.0 0.3376616243321457 0.35482015963488533 0.307518216032969
9 662.0 0.0 -1.0 -1.0 -1.0 0.0 0.3508703432742483 0.33236270873257484 0.3167669479931768
9 663.0 0.0 -1.0 -1.0 -1.0 0.0 0.3588250012485828 0.32315255681845734 0.31802244193295975
9 664.0 0.0 -1.0 -1.0 -1.0 0.0 0.340400839709175 0.33874893785203347 0.3208502224387916
9 665.0 0.0 -1.0 -1.0 -1.0 0.0 0.3200341412010066 0.3288130284078163 0.3511528303911775
9 666.0 0.0 -1.0 -1.0 -1.0 0.0 0.32812754448991704 0.34711000739485315 0.3247624481152298
9 667.0 0.0 -1.0 -1.0 -1.0 0.0 0.3342485042238389 0.34376956433528977 0.3219819314408713
9 668.0 0.0 -1.0 -1.0 -1.0 0.0 0.3412557841034166 0.33684707217397725 0.3218971437226062
9 669.0 0.0 -1.0 -1.0 -1.0 0.0 0.32800551936681027 0.3394828260478493 0.3325116545853404
9 670.0 0.0 -1.0 -1.0 -1.0 0.0 0.3299368689337255 0.333822645154799 0.33624048591147554
9 671.0 0.0 -1.0 -1.0 -1.0 0.0 0.305053654164842 0.33549835912191805 0.35944798671323985
9 672.0 0.0 -1.0 -1.0 -1.0 0.0 0.30300586213353875 0.3606707536003404 0.3363233842661208
9 673.0 0.0 -1.0 -1.0 -1.0 0.0 0.3265770487711837 0.33214670833903753 0.34127624288977887
9 674.0 0.0 -1.0 -1.0 -1.0 0.0 0.34087144929867363 0.33350063564117327 0.32562791506015304
9 675.0 0.0 -1.0 -1.0 -1.0 0.0 0.3303107095122737 0.33073967419026734 0.33894961629745896
9 676.0 0.0 -1.0 -1.0 -1.0 0.0 0.34788523120516174 0.2989890104438825 0.3531257583509558
9 677.0 0.0 -1.0 -1.0 -1.0 0.0 0.34497562644853424 0.30314933919304793 0.3518750343584179
9 678.0 0.0 -1.0 -1.0 -1.0 0.0 0.32789980611703806 0.32206972675788476 0.35003046712507696
9 679.0 0.0 -1.0 -1.0 -1.0 0.0 0.36065509267134543 0.2946566308355679 0.3446882764930866
9 680.0 0.0 -1.0 -1.0 -1.0 0.0 0.36030219401931873 0.30129987688513643 0.3383979290955449
9 681.0 0.0 -1.0 -1.0 -1.0 0.0 0.362444947676603 0.28081617714816515 0.35673887517523206
9 682.0 0.0 -1.0 -1.0 -1.0 0.0 0.36740287756619483 0.2844963175043372 0.34810080492946804
9 683.0 0.0 -1.0 -1.0 -1.0 0.0 0.35305751791921275 0.298060341999847 0.3488821400809401
9 684.0 0.0 -1.0 -1.0 -1.0 0.0 0.3794310278926393 0.3034643029847158 0.31710466912264523
9 685.0 0.0 -1.0 -1.0 -1.0 0.0 0.3739398047036874 0.3234761998771918 0.30258399541912123
9 686.0 0.0 -1.0 -1.0 -1.0 0.0 0.3756302853970883 0.29121781654769147 0.33315189805522044
9 687.0 0.0 -1.0 -1.0 -1.0 0.0 0.3843115923628836 0.301649260524345 0.3140391471127715
9 688.0 0.0 -1.0 -1.0 -1.0 0.0 0.36863751486551743 0.2971329059163957 0.3342295792180871
9 689.0 0.0 -1.0 -1.0 -1.0 0.0 0.3677034493016162 0.28782459525521736 0.34447195544316633
9 690.0 0.0 -1.0 -1.0 -1.0 0.0 0.3679423842034824 0.29006568399931676 0.34199193179720105
9 691.0 0.0 -1.0 -1.0 -1.0 0.0 0.3362107746879827 0.29639932349709386 0.36738990181492354
9 692.0 0.0 -1.0 -1.0 -1.0 0.0 0.3462076497622642 0.284826730246243 0.3689656199914927
9 693.0 0.0 -1.0 -1.0 -1.0 0.0 0.36435874839423926 0.29271232781576406 0.3429289237899965
9 694.0 0.0 -1.0 -1.0 -1.0 0.0 0.3848555012830384 0.3021770527238561 0.31296744599310555
9 695.0 0.0 -1.0 -1.0 -1.0 0.0 0.3587977675395292 0.34571214019403596 0.2954900922664349
9 696.0 0.0 -1.0 -1.0 -1.0 0.0 0.33393616602936843 0.34683982333094904 0.3192240106396826
9 697.0 0.0 -1.0 -1.0 -1.0 0.0 0.32633185859465746 0.35726664448097134 0.31640149692437114
9 698.0 0.0 -1.0 -1.0 -1.0 0.0 0.3344864485787023 0.32103599875832 0.34447755266297775
9 699.0 0.0 -1.0 -1.0 -1.0 0.0 0.3475239976632555 0.3076169417478345 0.34485906058891014
9 700.0 0.0 -1.0 -1.0 -1.0 0.0 0.3398271630882313 0.31374292418776306 0.34642991272400564
9 701.0 0.0 -1.0 -1.0 -1.0 0.0 0.3173422395445923 0.32659083820875395 0.3560669222466536
9 702.0 0.0 -1.0 -1.0 -1.0 0.0 0.3309741898512907 0.30182708779097644 0.36719872235773304
9 703.0 0.0 -1.0 -1.0 -1.0 0.0 0.32901411466638436 0.3106877018689282 0.3602981834646875
9 704.0 0.0 -1.0 -1.0 -1.0 0.0 0.3064768106464607 0.31929598623256245 0.3742272031209765
9 705.0 0.0 -1.0 -1.0 -1.0 0.0 0.3076215642555151 0.30831388913209734 0.3840645466123876
9 706.0 0.0 -1.0 -1.0 -1.0 0.0 0.30661196703062626 0.2952162674472118 0.39817176552216205
9 707.0 0.0 -1.0 -1.0 -1.0 0.0 0.28390707940844134 0.313529118980493 0.40256380161106553
9 708.0 0.0 -1.0 -1.0 -1.0 0.0 0.31226354480545093 0.31442849880253937 0.3733079563920095
9 709.0 0.0 -1.0 -1.0 -1.0 0.0 0.3342512247052723 0.28968815654541935 0.3760606187493085
9 710.0 0.0 -1.0 -1.0 -1.0 0.0 0.326215766002219 0.3238530411598595 0.3499311928379217
9 711.0 0.0 -1.0 -1.0 -1.0 0.0 0.3379281998681066 0.29846122169835665 0.36361057843353684
9 712.0 0.0 -1.0 -1.0 -1.0 0.0 0.3499200883272071 0.30028247341447045 0.3497974382583226
9 713.0 0.0 -1.0 -1.0 -1.0 0.0 0.3496152543717567 0.32596874038713375 0.32441600524110936
9 714.0 0.0 -1.0 -1.0 -1.0 0.0 0.31825591530072556 0.35105628880056416 0.3306877958987105
9 715.0 0.0 -1.0 -1.0 -1.0 0.0 0.3190275500272078 0.34264071645244526 0.338331733520347
9 716.0 0.0 -1.0 -1.0 -1.0 0.0 0.3435969697585409 0.3266003375977868 0.3298026926436725
9 717.0 0.0 -1.0 -1.0 -1.0 0.0 0.3587271783374962 0.33473234202320895 0.30654047963929515
9 718.0 0.0 -1.0 -1.0 -1.0 0.0 0.3841323334613246 0.31161507233121005 0.3042525942074656
9 719.0 0.0 -1.0 -1.0 -1.0 0.0 0.34465451949746545 0.3191545225036252 0.33619095799890936
9 720.0 0.0 -1.0 -1.0 -1.0 0.0 0.32629514978252183 0.3183964262194202 0.35530842399805806
9 721.0 0.0 -1.0 -1.0 -1.0 0.0 0.3550556672673742 0.30699401617566474 0.33795031655696106
9 722.0 0.0 -1.0 -1.0 -1.0 0.0 0.3264772528698293 0.31891030952145993 0.3546124376087105
9 723.0 0.0 -1.0 -1.0 -1.0 0.0 0.32697029084078655 0.34074530464320224 0.33228440451601116
9 724.0 0.0 -1.0 -1.0 -1.0 0.0 0.33279753597321765 0.3655499662009397 0.30165249782584247
9 725.0 0.0 -1.0 -1.0 -1.0 0.0 0.35477293094574913 0.3257275278709485 0.31949954118330237
9 726.0 0.0 -1.0 -1.0 -1.0 0.0 0.3881517189783319 0.2942022073116633 0.31764607371000453
9 727.0 0.0 -1.0 -1.0 -1.0 0.0 0.3846132272653129 0.2951211696610516 0.32026560307363544
9 728.0 0.0 -1.0 -1.0 -1.0 0.0 0.3829029862356708 0.30483820926568606 0.3122588044986431
9 729.0 0.0 -1.0 -1.0 -1.0 0.0 0.3628541073766951 0.3452215577717022 0.2919243348516028
9 730.0 0.0 -1.0 -1.0 -1.0 0.0 0.3437513509437357 0.3395431651284058 0.3167054839278584
9 731.0 0.0 -1.0 -1.0 -1.0 0.0 0.3182325804345997 0.35140548290822626 0.3303619366571739
9 732.0 0.0 -1.0 -1.0 -1.0 0.0 0.3061700278004318 0.36978247054639124 0.32404750165317703
9 733.0 0.0 -1.0 -1.0 -1.0 0.0 0.30849261692559654 0.34187682914685125 0.3496305539275522
9 734.0 0.0 -1.0 -1.0 -1.0 0.0 0.31396597203279897 0.34966064931301877 0.33637337865418226
9 735.0 0.0 -1.0 -1.0 -1.0 0.0 0.3223958386531586 0.33101602187839246 0.34658813946844924
9 736.0 0.0 -1.0 -1.0 -1.0 0.0 0.32107798377954005 0.3301226492603969 0.3487993669600631
9 737.0 0.0 -1.0 -1.0 -1.0 0.0 0.32402027149702883 0.31771197733564593 0.3582677511673253
9 738.0 0.0 -1.0 -1.0 -1.0 0.0 0.3497687098131774 0.31843520004712106 0.3317960901397015
9 739.0 0.0 -1.0 -1.0 -1.0 0.0 0.3426036436541029 0.31326370164202044 0.34413265470387666
9 740.0 0.0 -1.0 -1.0 -1.0 0.0 0.32861287411472484 0.3340829888159675 0.3373041370693077
9 741.0 0.0 -1.0 -1.0 -1.0 0.0 0.319669990506837 0.3535533512997172 0.32677665819344576
9 742.0 0.0 -1.0 -1.0 -1.0 0.0 0.3216616743195388 0.3443877478731012 0.33395057780736015
9 743.0 0.0 -1.0 -1.0 -1.0 0.0 0.3238538274653194 0.3255935417532647 0.3505526307814158
9 744.0 0.0 -1.0 -1.0 -1.0 0.0 0.3309538729616589 0.3332749845708177 0.33577114246752343
9 745.0 0.0 -1.0 -1.0 -1.0 0.0 0.3282531562314462 0.35087465906714704 0.32087218470140655
9 746.0 0.0 -1.0 -1.0 -1.0 0.0 0.32440495336331715 0.3375028448872392 0.3380922017494437
9 747.0 0.0 -1.0 -1.0 -1.0 0.0 0.3357550412866064 0.3213156787303199 0.34292927998307365
9 748.0 0.0 -1.0 -1.0 -1.0 0.0 0.34152447964095123 0.30776272721863485 0.35071279314041376
9 749.0 0.0 -1.0 -1.0 -1.0 0.0 0.32399892371411254 0.31181777228241353 0.3641833040034738
9 750.0 0.0 -1.0 -1.0 -1.0 0.0 0.35232836833102704 0.31159813224523164 0.33607349942374154
9 751.0 0.0 -1.0 -1.0 -1.0 0.0 0.3586942805825109 0.31180811445088463 0.3294976049666044
9 752.0 0.0 -1.0 -1.0 -1.0 0.0 0.37234160919324355 0.3010790982632076 0.3265792925435489
9 753.0 0.0 -1.0 -1.0 -1.0 0.0 0.34466684987197554 0.29429361235928975 0.36103953776873476
9 754.0 0.0 -1.0 -1.0 -1.0 0.0 0.3490803196986518 0.28854336158873267 0.36237631871261555
9 755.0 0.0 -1.0 -1.0 -1.0 0.0 0.33900893095130724 0.2880631153914437 0.3729279536572493
9 756.0 0.0 -1.0 -1.0 -1.0 0.0 0.32896265900639393 0.27548983193716814 0.3955475090564375
9 757.0 0.0 -1.0 -1.0 -1.0 0.0 0.3473246694551011 0.25668484249605167 0.39599048804884746
9 758.0 0.0 -1.0 -1.0 -1.0 0.0 0.36206402909066826 0.256531385684208 0.38140458522512405
9 759.0 0.0 -1.0 -1.0 -1.0 0.0 0.3577349516874916 0.2894317804937592 0.3528332678187489
9 760.0 0.0 -1.0 -1.0 -1.0 0.0 0.3423973966219716 0.30173918710574427 0.3558634162722841
9 761.0 0.0 -1.0 -1.0 -1.0 0.0 0.3571466719208117 0.3123734445708448 0.33047988350834373
9 762.0 0.0 -1.0 -1.0 -1.0 0.0 0.35132188735262376 0.3350220314802207 0.31365608116715554
9 763.0 0.0 -1.0 -1.0 -1.0 0.0 0.34620328061394234 0.3105437151659872 0.34325300422007066
9 764.0 0.0 -1.0 -1.0 -1.0 0.0 0.3253914646632821 0.3120336585559444 0.36257487678077316
9 765.0 0.0 -1.0 -1.0 -1.0 0.0 0.32950155852719604 0.33582983357718704 0.33466860789561714
9 766.0 0.0 -1.0 -1.0 -1.0 0.0 0.32475159615901544 0.31397759660503877 0.3612708072359459
9 767.0 0.0 -1.0 -1.0 -1.0 0.0 0.328984747894937 0.31084157746228486 0.36017367464277833
9 768.0 0.0 -1.0 -1.0 -1.0 0.0 0.35217939282376937 0.31297100395445826 0.3348496032217725
9 769.0 0.0 -1.0 -1.0 -1.0 0.0 0.3357462023006434 0.3053543665953671 0.35889943110398953
9 770.0 0.0 -1.0 -1.0 -1.0 0.0 0.32539218430303957 0.3114988646251558 0.36310895107180485
9 771.0 0.0 -1.0 -1.0 -1.0 0.0 0.3544801575964474 0.32032977388270906 0.32519006852084376
9 772.0 0.0 -1.0 -1.0 -1.0 0.0 0.34268147634300594 0.33911271941262433 0.31820580424436967
9 773.0 0.0 -1.0 -1.0 -1.0 0.0 0.345491866453834 0.3360572905980925 0.31845084294807335
9 774.0 0.0 -1.0 -1.0 -1.0 0.0 0.33664913806103997 0.34452711412704135 0.31882374781191863
9 775.0 0.0 -1.0 -1.0 -1.0 0.0 0.3214371891587268 0.3505445320378627 0.32801827880341045
9 776.0 0.0 -1.0 -1.0 -1.0 0.0 0.339495327741611 0.34614667781784414 0.314357994440545
9 777.0 0.0 -1.0 -1.0 -1.0 0.0 0.357908103522175 0.328222705449189 0.31386919102863603
9 778.0 0.0 -1.0 -1.0 -1.0 0.0 0.3137764351504088 0.37752390254077584 0.30869966230881546
9 779.0 0.0 -1.0 -1.0 -1.0 0.0 0.30935332837406343 0.36512402551803563 0.3255226461079008
9 780.0 0.0 -1.0 -1.0 -1.0 0.0 0.3141457850492598 0.3423049831584987 0.3435492317922415
9 781.0 0.0 -1.0 -1.0 -1.0 0.0 0.3380594101429658 0.3386088902176813 0.323331699639353
9 782.0 0.0 -1.0 -1.0 -1.0 0.0 0.3211274729501006 0.35391955575323847 0.32495297129666073
9 783.0 0.0 -1.0 -1.0 -1.0 0.0 0.3245207535746201 0.3540028009512591 0.3214764454741211
9 784.0 0.0 -1.0 -1.0 -1.0 0.0 0.3181367266931744 0.36067295937178157 0.32119031393504416
9 785.0 0.0 -1.0 -1.0 -1.0 0.0 0.3396067142636112 0.3302790075064274 0.3301142782299614
9 786.0 0.0 -1.0 -1.0 -1.0 0.0 0.3457831609793341 0.3144416649416092 0.3397751740790567
9 787.0 0.0 -1.0 -1.0 -1.0 0.0 0.3390805582731597 0.3197460924875215 0.3411733492393187
9 788.0 0.0 -1.0 -1.0 -1.0 0.0 0.33744534470298704 0.30849372839282974 0.35406092690418356
9 789.0 0.0 -1.0 -1.0 -1.0 0.0 0.353122607428934 0.2976399881651931 0.3492374044058731
9 790.0 0.0 -1.0 -1.0 -1.0 0.0 0.36031543560732726 0.29512704404310103 0.34455752034957166
9 791.0 0.0 -1.0 -1.0 -1.0 0.0 0.35108165736826163 0.3044618361294403 0.3444565065022981
9 792.0 0.0 -1.0 -1.0 -1.0 0.0 0.36784121780745876 0.3188768652275404 0.31328191696500096
9 793.0 0.0 -1.0 -1.0 -1.0 0.0 0.3462829541033351 0.33823111373572456 0.3154859321609402
9 794.0 0.0 -1.0 -1.0 -1.0 0.0 0.3414730326938593 0.35588958515781705 0.30263738214832364
9 795.0 0.0 -1.0 -1.0 -1.0 0.0 0.3332225217645927 0.3526756276472595 0.31410185058814777
9 796.0 0.0 -1.0 -1.0 -1.0 0.0 0.32883251163482313 0.3409966369179019 0.33017085144727515
9 797.0 0.0 -1.0 -1.0 -1.0 0.0 0.34812477774391304 0.3414113326610246 0.3104638895950625
9 798.0 0.0 -1.0 -1.0 -1.0 0.0 0.3300638385520106 0.33545109569489545 0.3344850657530939
9 799.0 0.0 -1.0 -1.0 -1.0 0.0 0.3395889949564548 0.3363988995336858 0.32401210550985937
9 800.0 0.0 -1.0 -1.0 -1.0 0.0 0.3556712634823741 0.33688304810567943 0.3074456884119463
9 801.0 0.0 -1.0 -1.0 -1.0 0.0 0.32978914072125953 0.34441387601903123 0.32579698325970907
9 802.0 0.0 -1.0 -1.0 -1.0 0.0 0.31830639434611085 0.3603033600376881 0.32139024561620116
9 803.0 0.0 -1.0 -1.0 -1.0 0.0 0.2885594747394158 0.3609974248023925 0.35044310045819205
9 804.0 0.0 -1.0 -1.0 -1.0 0.0 0.28894830616740824 0.34763460175008964 0.3634170920825019
9 805.0 0.0 -1.0 -1.0 -1.0 0.0 0.2821089132751887 0.3342000629976323 0.3836910237271789
9 806.0 0.0 -1.0 -1.0 -1.0 0.0 0.3066444912243708 0.3312777884164217 0.3620777203592075
9 807.0 0.0 -1.0 -1.0 -1.0 0.0 0.31357286299558984 0.33993474184683364 0.34649239515757657
9 808.0 0.0 -1.0 -1.0 -1.0 0.0 0.2849729987405517 0.36254349131664915 0.35248350994279903
9 809.0 0.0 -1.0 -1.0 -1.0 0.0 0.3079839847895742 0.34793441246778495 0.34408160274264077
9 810.0 0.0 -1.0 -1.0 -1.0 0.0 0.3000862191264845 0.37433235270528104 0.3255814281682345
9 811.0 0.0 -1.0 -1.0 -1.0 0.0 0.30260704536754884 0.36539111380121647 0.3320018408312345
9 812.0 0.0 -1.0 -1.0 -1.0 0.0 0.3057741294049841 0.3565980383184575 0.3376278322765584
9 813.0 0.0 -1.0 -1.0 -1.0 0.0 0.31737146304256264 0.3551202172351443 0.32750831972229294
9 814.0 0.0 -1.0 -1.0 -1.0 0.0 0.29541020777227633 0.3566041504963835 0.3479856417313403
9 815.0 0.0 -1.0 -1.0 -1.0 0.0 0.2969260681801846 0.35586101824592226 0.3472129135738931
9 816.0 0.0 -1.0 -1.0 -1.0 0.0 0.2977718938640699 0.3603229578741757 0.34190514826175444
9 817.0 0.0 -1.0 -1.0 -1.0 0.0 0.32634194661128185 0.3220472449956919 0.3516108083930263
9 818.0 0.0 -1.0 -1.0 -1.0 0.0 0.3260188816745856 0.3280304560932699 0.3459506622321443
9 819.0 0.0 -1.0 -1.0 -1.0 0.0 0.29782163480672036 0.3237227884061477 0.37845557678713204
9 820.0 0.0 -1.0 -1.0 -1.0 0.0 0.304067771631822 0.33964573205606874 0.35628649631210935
9 821.0 0.0 -1.0 -1.0 -1.0 0.0 0.2801926699585606 0.347323258841395 0.3724840712000443
9 822.0 0.0 -1.0 -1.0 -1.0 0.0 0.2942573323797726 0.3233193653479189 0.38242330227230853
9 823.0 0.0 -1.0 -1.0 -1.0 0.0 0.2990359208539154 0.33222724799700687 0.3687368311490777
9 824.0 0.0 -1.0 -1.0 -1.0 0.0 0.2888891777266469 0.3392272838784974 0.3718835383948559
9 825.0 0.0 -1.0 -1.0 -1.0 0.0 0.29794412005577076 0.35673244666366427 0.34532343328056503
9 826.0 0.0 -1.0 -1.0 -1.0 0.0 0.30988169223423245 0.3572773943119723 0.332840913453795
9 827.0 0.0 -1.0 -1.0 -1.0 0.0 0.28282908491881836 0.36085144847845946 0.3563194666027222
9 828.0 0.0 -1.0 -1.0 -1.0 0.0 0.29331003622908147 0.368605943358224 0.33808402041269453
9 829.0 0.0 -1.0 -1.0 -1.0 0.0 0.30847152883497636 0.35464300373271085 0.33688546743231257
9 830.0 0.0 -1.0 -1.0 -1.0 0.0 0.3243437594977914 0.34567960916483115 0.32997663133737737
9 831.0 0.0 -1.0 -1.0 -1.0 0.0 0.3104434072372322 0.3652058454904029 0.3243507472723649
9 832.0 0.0 -1.0 -1.0 -1.0 0.0 0.321231941793354 0.38330885549192506 0.29545920271472115
9 833.0 0.0 -1.0 -1.0 -1.0 0.0 0.30862182827682444 0.36873557599041384 0.32264259573276155
9 834.0 0.0 -1.0 -1.0 -1.0 0.0 0.32378212983508964 0.3613740063323587 0.31484386383255164
9 835.0 0.0 -1.0 -1.0 -1.0 0.0 0.2874510816369435 0.37997370419121224 0.33257521417184427
9 836.0 0.0 -1.0 -1.0 -1.0 0.0 0.3010918865913533 0.3550270995354903 0.34388101387315645
9 837.0 0.0 -1.0 -1.0 -1.0 0.0 0.3176917759685358 0.3427279452203465 0.33958027881111763
9 838.0 0.0 -1.0 -1.0 -1.0 0.0 0.31672907784412213 0.3730348634445434 0.3102360587113342
9 839.0 0.0 -1.0 -1.0 -1.0 0.0 0.32669615885862796 0.3586777667557618 0.31462607438561024
9 840.0 0.0 -1.0 -1.0 -1.0 0.0 0.30555363287459675 0.3744482535931338 0.3199981135322696
9 841.0 0.0 -1.0 -1.0 -1.0 0.0 0.3463477623661055 0.3435226627229512 0.3101295749109432
9 842.0 0.0 -1.0 -1.0 -1.0 0.0 0.3247372563163781 0.34758102625339626 0.3276817174302257
9 843.0 0.0 -1.0 -1.0 -1.0 0.0 0.32287417794603784 0.3447650900308867 0.33236073202307553
9 844.0 0.0 -1.0 -1.0 -1.0 0.0 0.3464039332526914 0.3304183356601008 0.3231777310872075
9 845.0 0.0 -1.0 -1.0 -1.0 0.0 0.32613233745559916 0.3536366526067636 0.32023100993763726
9 846.0 0.0 -1.0 -1.0 -1.0 0.0 0.3341528821516567 0.32503271940754513 0.34081439844079797
9 847.0 0.0 -1.0 -1.0 -1.0 0.0 0.336330443100699 0.31859953701504506 0.3450700198842561
9 848.0 0.0 -1.0 -1.0 -1.0 0.0 0.34596100388441586 0.3258670088952373 0.32817198722034713
9 849.0 0.0 -1.0 -1.0 -1.0 0.0 0.3706767318598591 0.33130235963041854 0.2980209085097223
9 850.0 0.0 -1.0 -1.0 -1.0 0.0 0.36006982968922363 0.34666068411454004 0.2932694861962361
9 851.0 0.0 -1.0 -1.0 -1.0 0.0 0.3613879135261155 0.34406384127768513 0.2945482451961994
9 852.0 0.0 -1.0 -1.0 -1.0 0.0 0.35377350987768597 0.3284965751381156 0.3177299149841981
9 853.0 0.0 -1.0 -1.0 -1.0 0.0 0.38429084464651686 0.3126754414653744 0.30303371388810874
9 854.0 0.0 -1.0 -1.0 -1.0 0.0 0.379166381087265 0.30974816536763183 0.3110854535451033
9 855.0 0.0 -1.0 -1.0 -1.0 0.0 0.38356478992934695 0.29371316651108176 0.32272204355957135
9 856.0 0.0 -1.0 -1.0 -1.0 0.0 0.37048424209585307 0.302864073988884 0.3266516839152632
9 857.0 0.0 -1.0 -1.0 -1.0 0.0 0.3602913262627323 0.3022567007310022 0.33745197300626545
9 858.0 0.0 -1.0 -1.0 -1.0 0.0 0.3612653408559996 0.3101391702165338 0.3285954889274667
9 859.0 0.0 -1.0 -1.0 -1.0 0.0 0.34418370463835113 0.31128459106647116 0.34453170429517777
9 860.0 0.0 -1.0 -1.0 -1.0 0.0 0.317110257615424 0.3272215571662443 0.355668185218332
9 861.0 0.0 -1.0 -1.0 -1.0 0.0 0.3474063600146011 0.30997647154512736 0.3426171684402714
9 862.0 0.0 -1.0 -1.0 -1.0 0.0 0.3470874207413191 0.29841180286960894 0.3545007763890718
9 863.0 0.0 -1.0 -1.0 -1.0 0.0 0.31884081793214575 0.3165861461444196 0.3645730359234344
9 864.0 0.0 -1.0 -1.0 -1.0 0.0 0.3232635457801618 0.33068569601818326 0.34605075820165515
9 865.0 0.0 -1.0 -1.0 -1.0 0.0 0.3348151116599367 0.32009611844643354 0.3450887698936299
9 866.0 0.0 -1.0 -1.0 -1.0 0.0 0.3246952105088618 0.3313806507411424 0.34392413874999583
9 867.0 0.0 -1.0 -1.0 -1.0 0.0 0.3370611167772884 0.3198159645856946 0.34312291863701694
9 868.0 0.0 -1.0 -1.0 -1.0 0.0 0.3248670736421954 0.3119666231949666 0.36316630316283816
9 869.0 0.0 -1.0 -1.0 -1.0 0.0 0.32792365503894905 0.30370503406790605 0.3683713108931447
9 870.0 0.0 -1.0 -1.0 -1.0 0.0 0.32653702121324946 0.3329923042729227 0.3404706745138277
9 871.0 0.0 -1.0 -1.0 -1.0 0.0 0.342491213573265 0.3212452286506363 0.3362635577760986
9 872.0 0.0 -1.0 -1.0 -1.0 0.0 0.318348241947519 0.3448243526270101 0.3368274054254708
9 873.0 0.0 -1.0 -1.0 -1.0 0.0 0.3308069695280874 0.3282052174052398 0.3409878130666727
9 874.0 0.0 -1.0 -1.0 -1.0 0.0 0.311100166151099 0.32591698478619946 0.36298284906270145
9 875.0 0.0 -1.0 -1.0 -1.0 0.0 0.35473522001489705 0.30710400808914995 0.33816077189595306
9 876.0 0.0 -1.0 -1.0 -1.0 0.0 0.3680129150778751 0.3013257193366635 0.33066136558546133
9 877.0 0.0 -1.0 -1.0 -1.0 0.0 0.39196596320858196 0.28961284062562476 0.3184211961657934
9 878.0 0.0 -1.0 -1.0 -1.0 0.0 0.38813543531694367 0.30155711901103377 0.31030744567202273
9 879.0 0.0 -1.0 -1.0 -1.0 0.0 0.3878641152410063 0.30008400917209455 0.3120518755868994
9 880.0 0.0 -1.0 -1.0 -1.0 0.0 0.3803395170854169 0.32693649149716675 0.29272399141741634
9 881.0 0.0 -1.0 -1.0 -1.0 0.0 0.3824467388176355 0.3290833044934336 0.288469956688931
9 882.0 0.0 -1.0 -1.0 -1.0 0.0 0.35285519811787425 0.32499126956775753 0.32215353231436805
9 883.0 0.0 -1.0 -1.0 -1.0 0.0 0.3460473188775437 0.3150612206848047 0.3388914604376514
9 884.0 0.0 -1.0 -1.0 -1.0 0.0 0.34011318264588775 0.31837328778485036 0.3415135295692621
9 885.0 0.0 -1.0 -1.0 -1.0 0.0 0.325464725787508 0.3297361790043273 0.34479909520816454
9 886.0 0.0 -1.0 -1.0 -1.0 0.0 0.33566248200073473 0.34303517121119576 0.3213023467880694
9 887.0 0.0 -1.0 -1.0 -1.0 0.0 0.3395259475513596 0.34950247203125623 0.31097158041738393
9 888.0 0.0 -1.0 -1.0 -1.0 0.0 0.356859051052426 0.33138267147640527 0.3117582774711688
9 889.0 0.0 -1.0 -1.0 -1.0 0.0 0.3391686554972195 0.3549186486878946 0.3059126958148859
9 890.0 0.0 -1.0 -1.0 -1.0 0.0 0.326502377342311 0.345061813574557 0.32843580908313214
9 891.0 0.0 -1.0 -1.0 -1.0 0.0 0.3412879198714462 0.3430581051561747 0.315653974972379
9 892.0 0.0 -1.0 -1.0 -1.0 0.0 0.3500797923322852 0.34224312505275345 0.3076770826149614
9 893.0 0.0 -1.0 -1.0 -1.0 0.0 0.3347450473456376 0.3315791595799713 0.3336757930743912
9 894.0 0.0 -1.0 -1.0 -1.0 0.0 0.32635503298427 0.3226737355907712 0.35097123142495884
9 895.0 0.0 -1.0 -1.0 -1.0 0.0 0.32710027084271576 0.3402190207324622 0.33268070842482184
9 896.0 0.0 -1.0 -1.0 -1.0 0.0 0.3386670219670424 0.3385556822420687 0.322777295790889
9 897.0 0.0 -1.0 -1.0 -1.0 0.0 0.3310255604702374 0.31436452560906963 0.3546099139206929
9 898.0 0.0 -1.0 -1.0 -1.0 0.0 0.34159063305172493 0.31047255915377897 0.34793680779449615
9 899.0 0.0 -1.0 -1.0 -1.0 0.0 0.36136809949829285 0.2988158322628771 0.33981606823883004
9 900.0 0.0 -1.0 -1.0 -1.0 0.0 0.3440343214807114 0.32287404987032003 0.3330916286489686
9 901.0 0.0 -1.0 -1.0 -1.0 0.0 0.3636170446595577 0.3046838625717335 0.33169909276870835
9 902.0 0.0 -1.0 -1.0 -1.0 0.0 0.3564687460059073 0.30683708867931 0.33669416531478275
9 903.0 0.0 -1.0 -1.0 -1.0 0.0 0.36096228337720077 0.3076856706609272 0.33135204596187195
9 904.0 0.0 -1.0 -1.0 -1.0 0.0 0.32689945743881066 0.3262260025945523 0.3468745399666372
9 905.0 0.0 -1.0 -1.0 -1.0 0.0 0.31676503834242387 0.34904917401347374 0.3341857876441025
9 906.0 0.0 -1.0 -1.0 -1.0 0.0 0.3112645008167226 0.3785485767746205 0.31018692240865664
9 907.0 0.0 -1.0 -1.0 -1.0 0.0 0.2990858782405617 0.3718454198965759 0.3290687018628622
9 908.0 0.0 -1.0 -1.0 -1.0 0.0 0.30749429029025466 0.3351406074967757 0.3573651022129698
9 909.0 0.0 -1.0 -1.0 -1.0 0.0 0.3193929604352692 0.32723709341528023 0.3533699461494506
9 910.0 0.0 -1.0 -1.0 -1.0 0.0 0.30412806065732356 0.32183663198166135 0.3740353073610152
9 911.0 0.0 -1.0 -1.0 -1.0 0.0 0.2948070359932946 0.3492700882350732 0.3559228757716321
9 912.0 0.0 -1.0 -1.0 -1.0 0.0 0.2793969457046229 0.37470209762167533 0.3459009566737019
9 913.0 0.0 -1.0 -1.0 -1.0 0.0 0.274778562434557 0.38972375674908816 0.335497680816355
9 914.0 0.0 -1.0 -1.0 -1.0 0.0 0.3028917119522716 0.35893168368386164 0.338176604363867
9 915.0 0.0 -1.0 -1.0 -1.0 0.0 0.29785343418064925 0.3702513909321632 0.3318951748871878
9 916.0 0.0 -1.0 -1.0 -1.0 0.0 0.26607382674400026 0.3893569141585263 0.34456925909747355
9 917.0 0.0 -1.0 -1.0 -1.0 0.0 0.26666552278513117 0.4005123186330195 0.33282215858184927
9 918.0 0.0 -1.0 -1.0 -1.0 0.0 0.26983803876685264 0.36360827901042475 0.3665536822227225
9 919.0 0.0 -1.0 -1.0 -1.0 0.0 0.29739423596150105 0.34015663857048895 0.36244912546800984
9 920.0 0.0 -1.0 -1.0 -1.0 0.0 0.3032732468590902 0.36156494122275395 0.3351618119181559
9 921.0 0.0 -1.0 -1.0 -1.0 0.0 0.31675385364781444 0.35670707558882997 0.3265390707633557
9 922.0 0.0 -1.0 -1.0 -1.0 0.0 0.3342358688583946 0.347691253622381 0.31807287751922436
9 923.0 0.0 -1.0 -1.0 -1.0 0.0 0.3028234058673294 0.35140864326550153 0.34576795086716905
9 924.0 0.0 -1.0 -1.0 -1.0 0.0 0.2999462728494252 0.343686119508132 0.3563676076424428
9 925.0 0.0 -1.0 -1.0 -1.0 0.0 0.3125368827115521 0.35653491000759374 0.3309282072808541
9 926.0 0.0 -1.0 -1.0 -1.0 0.0 0.3171239666280641 0.35738686495340105 0.32548916841853504
9 927.0 0.0 -1.0 -1.0 -1.0 0.0 0.333174092242916 0.34792687098403535 0.3188990367730488
9 928.0 0.0 -1.0 -1.0 -1.0 0.0 0.35575579034159377 0.3301505353725389 0.31409367428586743
9 929.0 0.0 -1.0 -1.0 -1.0 0.0 0.37152009874022063 0.30886648173982545 0.3196134195199542
9 930.0 0.0 -1.0 -1.0 -1.0 0.0 0.3772126078575826 0.28859442469325525 0.33419296744916216
9 931.0 0.0 -1.0 -1.0 -1.0 0.0 0.34844174016295926 0.3299126421368287 0.32164561770021194
9 932.0 0.0 -1.0 -1.0 -1.0 0.0 0.3453624178100448 0.31350776794920604 0.3411298142407491
9 933.0 0.0 -1.0 -1.0 -1.0 0.0 0.33877209423701593 0.32085574318566645 0.34037216257731756
9 934.0 0.0 -1.0 -1.0 -1.0 0.0 0.37790402775557375 0.32378332330065995 0.29831264894376636
9 935.0 0.0 -1.0 -1.0 -1.0 0.0 0.3824506050784886 0.31396019634898337 0.3035891985725281
9 936.0 0.0 -1.0 -1.0 -1.0 0.0 0.33967555794997706 0.30562525410964264 0.35469918794038013
9 937.0 0.0 -1.0 -1.0 -1.0 0.0 0.34186007066557755 0.31044590326768795 0.3476940260667346
9 938.0 0.0 -1.0 -1.0 -1.0 0.0 0.32393675317902626 0.3274373192473504 0.3486259275736232
9 939.0 0.0 -1.0 -1.0 -1.0 0.0 0.3256990679530856 0.33052122874964973 0.3437797032972643
9 940.0 0.0 -1.0 -1.0 -1.0 0.0 0.33917880175146026 0.3044225219432829 0.35639867630525673
9 941.0 0.0 -1.0 -1.0 -1.0 0.0 0.3050313992551838 0.3332417968547627 0.3617268038900535
9 942.0 0.0 -1.0 -1.0 -1.0 0.0 0.2863536554183055 0.35283948837395995 0.36080685620773445
9 943.0 0.0 -1.0 -1.0 -1.0 0.0 0.2698060052339133 0.3717607405288142 0.35843325423727246
9 944.0 0.0 -1.0 -1.0 -1.0 0.0 0.2833769392660586 0.36335519906057323 0.3532678616733682
9 945.0 0.0 -1.0 -1.0 -1.0 0.0 0.307227118495735 0.3482283302660887 0.3445445512381765
9 946.0 0.0 -1.0 -1.0 -1.0 0.0 0.31442659440522225 0.3396233807797922 0.3459500248149854
9 947.0 0.0 -1.0 -1.0 -1.0 0.0 0.304733712700592 0.3288310660469098 0.366435221252498
9 948.0 0.0 -1.0 -1.0 -1.0 0.0 0.32344994947406774 0.3224868953795033 0.35406315514642855
9 949.0 0.0 -1.0 -1.0 -1.0 0.0 0.35330515310593014 0.31195197705513517 0.3347428698389345
9 950.0 0.0 -1.0 -1.0 -1.0 0.0 0.3148058457855765 0.3071637192753872 0.37803043493903615
9 951.0 0.0 -1.0 -1.0 -1.0 0.0 0.3436785696830089 0.3214944019541976 0.3348270283627934
9 952.0 0.0 -1.0 -1.0 -1.0 0.0 0.35141445925288833 0.3319426253453079 0.31664291540180367
9 953.0 0.0 -1.0 -1.0 -1.0 0.0 0.32590645123892015 0.3467521016475806 0.32734144711349944
9 954.0 0.0 -1.0 -1.0 -1.0 0.0 0.32118370872810326 0.351852818082222 0.32696347318967506
9 955.0 0.0 -1.0 -1.0 -1.0 0.0 0.3141901378972137 0.36654116446874896 0.31926869763403753
9 956.0 0.0 -1.0 -1.0 -1.0 0.0 0.3307394557389048 0.32757807396467165 0.3416824702964235
9 957.0 0.0 -1.0 -1.0 -1.0 0.0 0.3515656138267304 0.3235677036466082 0.32486668252666173
9 958.0 0.0 -1.0 -1.0 -1.0 0.0 0.3404756081532707 0.30933820366416326 0.3501861881825659
9 959.0 0.0 -1.0 -1.0 -1.0 0.0 0.3867941260074901 0.2912270501028928 0.3219788238896172
9 960.0 0.0 -1.0 -1.0 -1.0 0.0 0.38333856030547414 0.28336082207356494 0.333300617620961
9 961.0 0.0 -1.0 -1.0 -1.0 0.0 0.34414941853450837 0.3266460941788413 0.3292044872866503
9 962.0 0.0 -1.0 -1.0 -1.0 0.0 0.3333629293589508 0.3155978714342908 0.35103919920675836
9 963.0 0.0 -1.0 -1.0 -1.0 0.0 0.337541375115566 0.3124791390305804 0.3499794858538536
9 964.0 0.0 -1.0 -1.0 -1.0 0.0 0.3281090190428521 0.31310507799441417 0.35878590296273366
9 965.0 0.0 -1.0 -1.0 -1.0 0.0 0.34321317851100425 0.32462725563669453 0.33215956585230116
9 966.0 0.0 -1.0 -1.0 -1.0 0.0 0.34900899076586184 0.3383805400042108 0.3126104692299272
9 967.0 0.0 -1.0 -1.0 -1.0 0.0 0.33664584215595705 0.3330750824136176 0.3302790754304254
9 968.0 0.0 -1.0 -1.0 -1.0 0.0 0.348118817648825 0.32030432079603294 0.331576861555142
9 969.0 0.0 -1.0 -1.0 -1.0 0.0 0.3734779497823854 0.31908065201115504 0.3074413982064596
9 970.0 0.0 -1.0 -1.0 -1.0 0.0 0.3564196700752472 0.3239416013960328 0.31963872852871983
9 971.0 0.0 -1.0 -1.0 -1.0 0.0 0.3259384458240752 0.33543307371592185 0.33862848046000305
9 972.0 0.0 -1.0 -1.0 -1.0 0.0 0.30220615926953015 0.35135874370579673 0.34643509702467307
9 973.0 0.0 -1.0 -1.0 -1.0 0.0 0.3178684406898426 0.34811945636235564 0.33401210294780165
9 974.0 0.0 -1.0 -1.0 -1.0 0.0 0.314480374880398 0.34431235641446506 0.34120726870513685
9 975.0 0.0 -1.0 -1.0 -1.0 0.0 0.32706927923984064 0.3392882772181413 0.3336424435420178
9 976.0 0.0 -1.0 -1.0 -1.0 0.0 0.3166049919021818 0.35684701165849964 0.32654799643931853
9 977.0 0.0 -1.0 -1.0 -1.0 0.0 0.32060703609804264 0.36232220249331853 0.3170707614086388
9 978.0 0.0 -1.0 -1.0 -1.0 0.0 0.3276624684156982 0.350584715324457 0.32175281625984486
9 979.0 0.0 -1.0 -1.0 -1.0 0.0 0.3452639295305089 0.32732927368562575 0.32740679678386536
9 980.0 0.0 -1.0 -1.0 -1.0 0.0 0.3489035041254549 0.3194101141115703 0.33168638176297494
9 981.0 0.0 -1.0 -1.0 -1.0 0.0 0.3412008992481306 0.3366654648747356 0.3221336358771335
9 982.0 0.0 -1.0 -1.0 -1.0 0.0 0.34207304313555975 0.3518714895595473 0.3060554673048931
9 983.0 0.0 -1.0 -1.0 -1.0 0.0 0.3261663213577764 0.33206136189826113 0.3417723167439625
9 984.0 0.0 -1.0 -1.0 -1.0 0.0 0.34259737920173017 0.3408685015622604 0.3165341192360097
9 985.0 0.0 -1.0 -1.0 -1.0 0.0 0.34014848962400374 0.33524011936499576 0.32461139101100067
9 986.0 0.0 -1.0 -1.0 -1.0 0.0 0.32893427087217886 0.34076793493731805 0.3302977941905032
9 987.0 0.0 -1.0 -1.0 -1.0 0.0 0.31513135355313493 0.3498158712107793 0.3350527752360858
9 988.0 0.0 -1.0 -1.0 -1.0 0.0 0.3169088876394622 0.3520055675926627 0.33108554476787505
9 989.0 0.0 -1.0 -1.0 -1.0 0.0 0.3154530999839582 0.36420531108629667 0.32034158892974524
9 990.0 0.0 -1.0 -1.0 -1.0 0.0 0.31477675434714764 0.3920840153484732 0.29313923030437894
9 991.0 0.0 -1.0 -1.0 -1.0 0.0 0.33941054327577747 0.35593626444984133 0.3046531922743813
9 992.0 0.0 -1.0 -1.0 -1.0 0.0 0.2990167380566651 0.3890399468403981 0.3119433151029367
9 993.0 0.0 -1.0 -1.0 -1.0 0.0 0.29802364144678395 0.3967233623186253 0.30525299623459107
9 994.0 0.0 -1.0 -1.0 -1.0 0.0 0.3149020997359039 0.36590633088634644 0.31919156937774945
9 995.0 0.0 -1.0 -1.0 -1.0 0.0 0.3021855927336363 0.370532882903796 0.3272815243625677
9 996.0 0.0 -1.0 -1.0 -1.0 0.0 0.32116410340295226 0.3608288886500002 0.3180070079470477
9 997.0 0.0 -1.0 -1.0 -1.0 0.0 0.33773157682363286 0.33474799123752563 0.32752043193884167
9 998.0 0.0 -1.0 -1.0 -1.0 0.0 0.3310011082622782 0.33675869668301955 0.33224019505470226
9 999.0 0.0 -1.0 -1.0 -1.0 0.0 0.3207640777649889 0.3389828770057932 0.34025304522921784
9 1000.0 0.0 -1.0 -1.0 -1.0 0.0 0.31699290597239543 0.3537716294898061 0.3292354645377984
1000000000000000000000000000000000000000000000000000000000000000000000000000000000000000000000000000
-1.0
solo con 1: -100.0
