9 0.0 47.0 -41.0 -158.0 -97.66 50.065859655360995 0.3333333333333333 0.3333333333333333 0.3333333333333333
9 1.0 0.0 -41.0 -158.0 -82.62 48.159830698719176 0.3048055990646792 0.28792895090162246 0.40726545003369835
9 2.0 10.0 -32.0 -157.0 -67.74 41.749038578417846 0.29317178992096327 0.24789079151718613 0.45893741856185044
9 3.0 48.0 -30.0 -157.0 -56.69 33.430674537017644 0.2771043445874561 0.2099734410577388 0.5129222143548049
9 4.0 48.0 -28.0 -155.0 -50.82 30.11707123539705 0.25052903126126486 0.17490989500350637 0.5745610737352288
9 5.0 42.0 -26.0 -155.0 -46.6 29.09128787632185 0.24630490395746474 0.16583755718598883 0.5878575388565465
9 6.0 89.0 -24.0 -155.0 -42.35 30.13383446888199 0.22680292951042258 0.15437029845994132 0.6188267720296363
9 7.0 27.0 -23.0 -155.0 -38.12 28.964025056520498 0.20397270841992995 0.15428200600095818 0.641745285579112
9 8.0 86.0 -22.0 -154.0 -34.34 27.124933552029585 0.1715543686185088 0.1551227743460732 0.6733228570354182
9 9.0 27.0 -22.0 -154.0 -30.07 22.04918972834981 0.17113271792000095 0.1383689459005182 0.6904983361794806
9 10.0 86.0 -19.0 -154.0 -28.27 22.14180880076643 0.17447533915218355 0.12461152340412579 0.7009131374436904
9 11.0 55.0 -17.0 -154.0 -26.44 22.29250904667215 0.17185728025879426 0.12803451603692528 0.7001082037042807
9 12.0 19.0 -17.0 -152.0 -23.3 18.54042811661787 0.16762743594046 0.11518917761415202 0.7171833864453879
9 13.0 78.0 -14.0 -152.0 -21.19 18.542713453597408 0.17040970250515788 0.11869762255144423 0.7108926749433984
9 14.0 2.0 -14.0 -152.0 -18.58 13.855808686014482 0.15194341045719403 0.10361773784030034 0.7444388517025056
9 15.0 73.0 -12.0 -39.0 -15.88 3.1439536326804274 0.14388867767966873 0.1132043317515099 0.7429069905688211
9 16.0 7.0 -11.0 -23.0 -14.67 1.9387333155147646 0.16933219871941213 0.1276293661565134 0.7030384351240747
9 17.0 7.0 -11.0 -22.0 -13.84 1.7564886920366225 0.164787759783597 0.12164349969796946 0.7135687405184334
9 18.0 34.0 -9.0 -21.0 -12.71 1.7191435499848602 0.1581906856360123 0.11696196756786445 0.7248473467961234
9 19.0 3.0 -9.0 -18.0 -11.37 1.593262328835037 0.1450041640373409 0.11585208397263998 0.7391437519900188
9 20.0 8.0 -8.0 -15.0 -10.2 1.5242153139344599 0.1278960813209078 0.12074480140375267 0.7513591172753397
9 21.0 93.0 -7.0 -15.0 -9.19 1.1780398031381534 0.12495766076428458 0.11918454457958251 0.7558577946561336
9 22.0 23.0 -7.0 -14.0 -8.44 0.9462312272132716 0.1202577348407771 0.10399296267064673 0.7757493024885762
9 23.0 63.0 -5.0 -14.0 -7.79 1.0278446606684524 0.12897911338344534 0.12345867012685117 0.7475622164897041
9 24.0 34.0 -5.0 -10.0 -7.03 0.9369518599580177 0.13765882191728826 0.10265344331940712 0.7596877347633046
9 25.0 0.0 -5.0 -9.0 -6.41 0.8420153793072308 0.14452878865381286 0.11184037148140921 0.7436308398647781
9 26.0 0.0 -5.0 -8.0 -5.84 0.7748574323087051 0.1496361071912963 0.12982936963723293 0.7205345231714708
9 27.0 11.0 -4.0 -8.0 -5.27 0.7365631354644702 0.14064183717592788 0.1257754071637618 0.7335827556603103
9 28.0 15.0 -3.0 -7.0 -4.64 0.8105366721929967 0.1479265159694017 0.13008439423997223 0.7219890897906263
9 29.0 1.0 -3.0 -6.0 -3.92 0.8248660742229861 0.15326691688924587 0.13947086528076336 0.707262217829991
9 30.0 29.0 -2.0 -6.0 -3.51 0.771918768950844 0.15407867293993127 0.14343192154631235 0.7024894055137564
9 31.0 0.0 -2.0 -6.0 -3.11 0.7371114795831989 0.16305064754443696 0.16674645253478965 0.6702028999207734
9 32.0 6.0 -1.0 -6.0 -2.78 0.7464393593398716 0.20350095547294333 0.18793895168085936 0.6085600928461976
9 33.0 6.0 -1.0 -6.0 -2.33 0.7792122414154675 0.19824264310660694 0.19151000732247958 0.6102473495709139
9 34.0 6.0 -1.0 -6.0 -1.96 0.7903457880234861 0.18271189117842204 0.187524422836815 0.6297636859847626
9 35.0 3.0 -1.0 -6.0 -1.52 0.7847022210734312 0.19082303549700216 0.18813114840749925 0.6210458160954986
9 36.0 1.0 -1.0 -6.0 -1.36 0.7180219742846009 0.20661577474869358 0.20688980432135284 0.5864944209299532
9 37.0 1.0 -1.0 -6.0 -1.23 0.6644660649838724 0.2070782343016517 0.22405802399800692 0.5688637417003414
9 38.0 1.0 -1.0 -3.0 -1.12 0.3834979883528819 0.22522862430630922 0.2553580536971937 0.5194133219964969
9 39.0 1.0 -1.0 -3.0 -1.05 0.2611164839335468 0.26233892681508697 0.2614599402447801 0.47620113294013294
9 40.0 0.0 -1.0 -3.0 -1.03 0.22270150335361352 0.2711821102954237 0.25819691781695225 0.47062097188762403
9 41.0 0.0 -1.0 -2.0 -1.02 0.1407052941362896 0.29260249100524605 0.2883076168966577 0.41908989209809616
9 42.0 0.0 -1.0 -2.0 -1.02 0.1407052941362896 0.2864968754124739 0.31135061009680637 0.40215251449071976
9 43.0 0.0 -1.0 -1.0 -1.0 0.0 0.2956130888169449 0.3230703673227193 0.3813165438603356
9 44.0 0.0 -1.0 -1.0 -1.0 0.0 0.3101896962291025 0.33787007045036566 0.35194023332053187
9 45.0 0.0 -1.0 -1.0 -1.0 0.0 0.3089587741408536 0.34503373121662084 0.3460074946425257
9 46.0 0.0 -1.0 -1.0 -1.0 0.0 0.30910682508744636 0.3451372018813579 0.34575597303119565
9 47.0 0.0 -1.0 -1.0 -1.0 0.0 0.3321098742234057 0.3459788421998168 0.32191128357677756
9 48.0 0.0 -1.0 -1.0 -1.0 0.0 0.33169900765387467 0.3608909715211265 0.307410020824999
9 49.0 0.0 -1.0 -1.0 -1.0 0.0 0.34588709858213235 0.33125607519471545 0.32285682622315237
9 50.0 0.0 -1.0 -1.0 -1.0 0.0 0.31783575434276273 0.3544885090990602 0.327675736558177
9 51.0 0.0 -1.0 -1.0 -1.0 0.0 0.36697001797080164 0.3184169604337268 0.3146130215954715
9 52.0 0.0 -1.0 -1.0 -1.0 0.0 0.37868179746498126 0.3058301768144597 0.3154880257205589
9 53.0 0.0 -1.0 -1.0 -1.0 0.0 0.34225172912590596 0.3259502886190053 0.3317979822550889
9 54.0 0.0 -1.0 -1.0 -1.0 0.0 0.3452957074621045 0.319702477331595 0.3350018152063006
9 55.0 0.0 -1.0 -1.0 -1.0 0.0 0.3566615047749649 0.3294087151210215 0.3139297801040137
9 56.0 0.0 -1.0 -1.0 -1.0 0.0 0.35298752544259293 0.3356079054779542 0.3114045690794531
9 57.0 0.0 -1.0 -1.0 -1.0 0.0 0.3674563296470972 0.3258453058545332 0.30669836449836935
9 58.0 0.0 -1.0 -1.0 -1.0 0.0 0.36560457250954204 0.3332700663166317 0.30112536117382654
9 59.0 0.0 -1.0 -1.0 -1.0 0.0 0.35134599997638477 0.33733531133113787 0.3113186886924777
9 60.0 0.0 -1.0 -1.0 -1.0 0.0 0.31148927269774185 0.3540578430607153 0.33445288424154257
9 61.0 0.0 -1.0 -1.0 -1.0 0.0 0.29512907903770064 0.365976516049623 0.3388944049126762
9 62.0 0.0 -1.0 -1.0 -1.0 0.0 0.30812749117841376 0.3526739701458476 0.3391985386757385
9 63.0 0.0 -1.0 -1.0 -1.0 0.0 0.32458826356017156 0.34594878438693755 0.3294629520528908
9 64.0 0.0 -1.0 -1.0 -1.0 0.0 0.33094118559987556 0.35250753921400907 0.31655127518611537
9 65.0 0.0 -1.0 -1.0 -1.0 0.0 0.3170258196229098 0.3453731543382508 0.3376010260388391
9 66.0 0.0 -1.0 -1.0 -1.0 0.0 0.3240175507511202 0.33752605868426244 0.33845639056461735
9 67.0 0.0 -1.0 -1.0 -1.0 0.0 0.32070723032776177 0.36535715077435144 0.31393561889788657
9 68.0 0.0 -1.0 -1.0 -1.0 0.0 0.30464913186647535 0.3559510446636834 0.3393998234698411
9 69.0 0.0 -1.0 -1.0 -1.0 0.0 0.29686884921684725 0.35615374314179277 0.3469774076413599
9 70.0 0.0 -1.0 -1.0 -1.0 0.0 0.3129257979007042 0.34175038751817977 0.3453238145811161
9 71.0 0.0 -1.0 -1.0 -1.0 0.0 0.33973705724970205 0.3280000059653241 0.332262936784974
9 72.0 0.0 -1.0 -1.0 -1.0 0.0 0.3593101168741968 0.2967316340930417 0.3439582490327615
9 73.0 0.0 -1.0 -1.0 -1.0 0.0 0.36302458506355 0.285773519060322 0.3512018958761278
9 74.0 0.0 -1.0 -1.0 -1.0 0.0 0.3815072354517158 0.29023593452958935 0.3282568300186947
9 75.0 0.0 -1.0 -1.0 -1.0 0.0 0.3655306625591356 0.30443587658725557 0.33003346085360874
9 76.0 0.0 -1.0 -1.0 -1.0 0.0 0.379494499816758 0.30830181970458 0.3122036804786621
9 77.0 0.0 -1.0 -1.0 -1.0 0.0 0.37098789398294135 0.33169423814408205 0.2973178678729765
9 78.0 0.0 -1.0 -1.0 -1.0 0.0 0.3937961346777825 0.314949102687791 0.2912547626344264
9 79.0 0.0 -1.0 -1.0 -1.0 0.0 0.37704460328037015 0.3189431275079565 0.30401226921167346
9 80.0 0.0 -1.0 -1.0 -1.0 0.0 0.3490537520905173 0.34209491623650445 0.30885133167297807
9 81.0 0.0 -1.0 -1.0 -1.0 0.0 0.31963334943142807 0.3389634160100741 0.3414032345584976
9 82.0 0.0 -1.0 -1.0 -1.0 0.0 0.321766829743046 0.3451053016279965 0.3331278686289573
9 83.0 0.0 -1.0 -1.0 -1.0 0.0 0.3561427588624915 0.3337949485893617 0.3100622925481468
9 84.0 0.0 -1.0 -1.0 -1.0 0.0 0.35753334690017785 0.32004992296643137 0.3224167301333909
9 85.0 0.0 -1.0 -1.0 -1.0 0.0 0.35007782726291 0.31479020226163157 0.33513197047545856
9 86.0 0.0 -1.0 -1.0 -1.0 0.0 0.346930341421756 0.30557875703853654 0.3474909015397072
9 87.0 0.0 -1.0 -1.0 -1.0 0.0 0.35928312384538424 0.3020045498884035 0.33871232626621195
9 88.0 0.0 -1.0 -1.0 -1.0 0.0 0.3499550021382498 0.2980432164592681 0.352001781402482
9 89.0 0.0 -1.0 -1.0 -1.0 0.0 0.33993642554080095 0.3024691849665392 0.3575943894926599
9 90.0 0.0 -1.0 -1.0 -1.0 0.0 0.33171629393974283 0.30802232348926856 0.3602613825709882
9 91.0 0.0 -1.0 -1.0 -1.0 0.0 0.30864669057303473 0.3210861062272505 0.37026720319971473
9 92.0 0.0 -1.0 -1.0 -1.0 0.0 0.34984613121046904 0.306497488092118 0.34365638069741294
9 93.0 0.0 -1.0 -1.0 -1.0 0.0 0.31367789552504144 0.3011867640800294 0.38513534039492897
9 94.0 0.0 -1.0 -1.0 -1.0 0.0 0.3288725481280402 0.31815501299221355 0.35297243887974633
9 95.0 0.0 -1.0 -1.0 -1.0 0.0 0.3237794798705575 0.3445814397305738 0.3316390803988684
9 96.0 0.0 -1.0 -1.0 -1.0 0.0 0.3150574915878851 0.37488041173981534 0.31006209667229956
9 97.0 0.0 -1.0 -1.0 -1.0 0.0 0.30394855305569995 0.3888856910931716 0.3071657558511284
9 98.0 0.0 -1.0 -1.0 -1.0 0.0 0.31673492418288207 0.3755653607913333 0.30769971502578447
9 99.0 0.0 -1.0 -1.0 -1.0 0.0 0.3164691364664754 0.3498160328721629 0.3337148306613617
9 100.0 0.0 -1.0 -1.0 -1.0 0.0 0.3277939052262498 0.3246485429336427 0.3475575518401076
9 101.0 0.0 -1.0 -1.0 -1.0 0.0 0.3238039681756433 0.3076019054347834 0.36859412638957323
9 102.0 0.0 -1.0 -1.0 -1.0 0.0 0.33144000969849613 0.3108966992924368 0.3576632910090672
9 103.0 0.0 -1.0 -1.0 -1.0 0.0 0.31181737233468754 0.3258961381081167 0.3622864895571955
9 104.0 0.0 -1.0 -1.0 -1.0 0.0 0.32656760722377554 0.3174927431581302 0.35593964961809443
9 105.0 0.0 -1.0 -1.0 -1.0 0.0 0.3345184655761651 0.31365737188637377 0.35182416253746107
9 106.0 0.0 -1.0 -1.0 -1.0 0.0 0.32622365585531077 0.3233460202221854 0.35043032392250417
9 107.0 0.0 -1.0 -1.0 -1.0 0.0 0.30264569269851643 0.3209018493561424 0.376452457945341
9 108.0 0.0 -1.0 -1.0 -1.0 0.0 0.2979067802232881 0.32546244840230876 0.3766307713744032
9 109.0 0.0 -1.0 -1.0 -1.0 0.0 0.31071513754889024 0.31964132961763503 0.3696435328334748
9 110.0 0.0 -1.0 -1.0 -1.0 0.0 0.33608779502027114 0.31472940464702126 0.3491828003327077
9 111.0 0.0 -1.0 -1.0 -1.0 0.0 0.35835146377461835 0.3114472527019165 0.33020128352346534
9 112.0 0.0 -1.0 -1.0 -1.0 0.0 0.36863556412891774 0.3146400889283532 0.316724346942729
9 113.0 0.0 -1.0 -1.0 -1.0 0.0 0.35657475876041794 0.33302566669081457 0.3103995745487673
9 114.0 0.0 -1.0 -1.0 -1.0 0.0 0.3483824148485081 0.3548502392674388 0.29676734588405324
9 115.0 0.0 -1.0 -1.0 -1.0 0.0 0.36564223870915596 0.32388315087158626 0.31047461041925783
9 116.0 0.0 -1.0 -1.0 -1.0 0.0 0.3269487313602077 0.3316025942287877 0.34144867441100485
9 117.0 0.0 -1.0 -1.0 -1.0 0.0 0.3212637246161977 0.3233783527987335 0.35535792258506854
9 118.0 0.0 -1.0 -1.0 -1.0 0.0 0.325892988304534 0.32051663464216323 0.3535903770533028
9 119.0 0.0 -1.0 -1.0 -1.0 0.0 0.3523709624794528 0.3087903649152264 0.3388386726053206
9 120.0 0.0 -1.0 -1.0 -1.0 0.0 0.37353737760035166 0.2991197451416594 0.32734287725798905
9 121.0 0.0 -1.0 -1.0 -1.0 0.0 0.35264232108046223 0.29274134622431 0.3546163326952279
9 122.0 0.0 -1.0 -1.0 -1.0 0.0 0.3590865004168553 0.2985924925398791 0.3423210070432654
9 123.0 0.0 -1.0 -1.0 -1.0 0.0 0.35700544998457606 0.28617014999903967 0.3568244000163843
9 124.0 0.0 -1.0 -1.0 -1.0 0.0 0.3682063261467707 0.29267691407051966 0.3391167597827098
9 125.0 0.0 -1.0 -1.0 -1.0 0.0 0.34829253473234717 0.2925541020309218 0.3591533632367313
9 126.0 0.0 -1.0 -1.0 -1.0 0.0 0.3461354370026761 0.3132591091289874 0.3406054538683365
9 127.0 0.0 -1.0 -1.0 -1.0 0.0 0.3422931196325792 0.3191630192907199 0.33854386107670104
9 128.0 0.0 -1.0 -1.0 -1.0 0.0 0.31817935891208565 0.3269598912946382 0.3548607497932763
9 129.0 0.0 -1.0 -1.0 -1.0 0.0 0.32654071451659783 0.3268546084029856 0.34660467708041665
9 130.0 0.0 -1.0 -1.0 -1.0 0.0 0.319898252990739 0.33540714120999643 0.34469460579926425
9 131.0 0.0 -1.0 -1.0 -1.0 0.0 0.33965967594798224 0.3477953364991076 0.31254498755291005
9 132.0 0.0 -1.0 -1.0 -1.0 0.0 0.33427886766627785 0.36987278735228657 0.2958483449814354
9 133.0 0.0 -1.0 -1.0 -1.0 0.0 0.31875119510480543 0.3717268208295828 0.30952198406561166
9 134.0 0.0 -1.0 -1.0 -1.0 0.0 0.340174016606408 0.3725463800262693 0.2872796033673224
9 135.0 0.0 -1.0 -1.0 -1.0 0.0 0.3183408593343397 0.3771802023440333 0.30447893832162687
9 136.0 0.0 -1.0 -1.0 -1.0 0.0 0.31969675998903274 0.36860572015095605 0.31169751986001115
9 137.0 0.0 -1.0 -1.0 -1.0 0.0 0.3101553843956465 0.39305197154500776 0.29679264405934563
9 138.0 0.0 -1.0 -1.0 -1.0 0.0 0.34249493152586674 0.37849179195469757 0.2790132765194357
9 139.0 0.0 -1.0 -1.0 -1.0 0.0 0.33408266233023165 0.3845877641259727 0.28132957354379584
9 140.0 0.0 -1.0 -1.0 -1.0 0.0 0.349667715155331 0.3674132914395936 0.2829189934050755
9 141.0 0.0 -1.0 -1.0 -1.0 0.0 0.365664737042479 0.3596901989839456 0.2746450639735752
9 142.0 0.0 -1.0 -1.0 -1.0 0.0 0.37773390744044016 0.3304647537018734 0.2918013388576868
9 143.0 0.0 -1.0 -1.0 -1.0 0.0 0.3621925433913649 0.36355280773805865 0.2742546488705763
9 144.0 0.0 -1.0 -1.0 -1.0 0.0 0.35726479124263755 0.3611273241126783 0.2816078846446839
9 145.0 0.0 -1.0 -1.0 -1.0 0.0 0.3436708015474324 0.3806619704046337 0.275667228047934
9 146.0 0.0 -1.0 -1.0 -1.0 0.0 0.37863119851174465 0.34974447917946583 0.2716243223087896
9 147.0 0.0 -1.0 -1.0 -1.0 0.0 0.3588429314583063 0.35736916585849804 0.28378790268319576
9 148.0 0.0 -1.0 -1.0 -1.0 0.0 0.3345932211262814 0.34284371406271147 0.32256306481100716
9 149.0 0.0 -1.0 -1.0 -1.0 0.0 0.3160725652524785 0.3361584458633439 0.3477689888841777
9 150.0 0.0 -1.0 -1.0 -1.0 0.0 0.3271273177529258 0.3231552002666379 0.34971748198043623
9 151.0 0.0 -1.0 -1.0 -1.0 0.0 0.30293580399231995 0.31188231088298424 0.38518188512469564
9 152.0 0.0 -1.0 -1.0 -1.0 0.0 0.3158084085862816 0.3163181903892854 0.3678734010244329
9 153.0 0.0 -1.0 -1.0 -1.0 0.0 0.31254258432578097 0.29899045458703616 0.3884669610871829
9 154.0 0.0 -1.0 -1.0 -1.0 0.0 0.28715378869420716 0.32136205951298685 0.3914841517928061
9 155.0 0.0 -1.0 -1.0 -1.0 0.0 0.3058498470391476 0.3534224057689365 0.34072774719191573
9 156.0 0.0 -1.0 -1.0 -1.0 0.0 0.29999646771537625 0.37070056678172447 0.3293029655028992
9 157.0 0.0 -1.0 -1.0 -1.0 0.0 0.3052388204510881 0.3438308853081129 0.35093029424079886
9 158.0 0.0 -1.0 -1.0 -1.0 0.0 0.3153677658205793 0.3134722851943224 0.371159948985098
9 159.0 0.0 -1.0 -1.0 -1.0 0.0 0.33323924136390687 0.33631515397069994 0.33044560466539324
9 160.0 0.0 -1.0 -1.0 -1.0 0.0 0.31476025983272804 0.3360231733135332 0.3492165668537388
9 161.0 0.0 -1.0 -1.0 -1.0 0.0 0.3337194819672228 0.33397596051224654 0.33230455752053073
9 162.0 0.0 -1.0 -1.0 -1.0 0.0 0.3398866944121807 0.336225185649091 0.32388811993872807
9 163.0 0.0 -1.0 -1.0 -1.0 0.0 0.3476993690892554 0.31875268626557796 0.3335479446451665
9 164.0 0.0 -1.0 -1.0 -1.0 0.0 0.35349434739347346 0.29480148583585747 0.3517041667706691
9 165.0 0.0 -1.0 -1.0 -1.0 0.0 0.3415166613029254 0.3108748725207016 0.34760846617637303
9 166.0 0.0 -1.0 -1.0 -1.0 0.0 0.32246092303251955 0.3325180792887659 0.3450209976787144
9 167.0 0.0 -1.0 -1.0 -1.0 0.0 0.3119890569050689 0.3330807052343338 0.35493023786059735
9 168.0 0.0 -1.0 -1.0 -1.0 0.0 0.2803496086086837 0.34614157629343145 0.37350881509788486
9 169.0 0.0 -1.0 -1.0 -1.0 0.0 0.3224195727291383 0.33053497422367073 0.347045453047191
9 170.0 0.0 -1.0 -1.0 -1.0 0.0 0.2986361793997515 0.35131770515835464 0.3500461154418938
9 171.0 0.0 -1.0 -1.0 -1.0 0.0 0.3023575408122049 0.34166138777355815 0.355981071414237
9 172.0 0.0 -1.0 -1.0 -1.0 0.0 0.3203275268955813 0.3529460220559744 0.326726451048444
9 173.0 0.0 -1.0 -1.0 -1.0 0.0 0.34065833007857166 0.3519406679337525 0.30740100198767584
9 174.0 0.0 -1.0 -1.0 -1.0 0.0 0.3693707418684252 0.3353585022050659 0.29527075592650914
9 175.0 0.0 -1.0 -1.0 -1.0 0.0 0.3859206570017503 0.31151994550132167 0.3025593974969279
9 176.0 0.0 -1.0 -1.0 -1.0 0.0 0.399119431417705 0.3017788844342678 0.29910168414802735
9 177.0 0.0 -1.0 -1.0 -1.0 0.0 0.36520526043370566 0.3000634529938434 0.334731286572451
9 178.0 0.0 -1.0 -1.0 -1.0 0.0 0.3645905215048045 0.29491752437591073 0.3404919541192845
9 179.0 0.0 -1.0 -1.0 -1.0 0.0 0.3576694267765403 0.2991315799814224 0.3431989932420374
9 180.0 0.0 -1.0 -1.0 -1.0 0.0 0.34652956266355694 0.314130400850157 0.33934003648628613
9 181.0 0.0 -1.0 -1.0 -1.0 0.0 0.3307314217998681 0.324104149619348 0.3451644285807838
9 182.0 0.0 -1.0 -1.0 -1.0 0.0 0.33479845771002503 0.32898303582560423 0.33621850646437046
9 183.0 0.0 -1.0 -1.0 -1.0 0.0 0.31932936782630544 0.3353475213345338 0.3453231108391606
9 184.0 0.0 -1.0 -1.0 -1.0 0.0 0.3130033224107455 0.3517299621157796 0.3352667154734749
9 185.0 0.0 -1.0 -1.0 -1.0 0.0 0.33657450921573956 0.342343349619765 0.3210821411644955
9 186.0 0.0 -1.0 -1.0 -1.0 0.0 0.3473230434600716 0.32517443786069355 0.32750251867923497
9 187.0 0.0 -1.0 -1.0 -1.0 0.0 0.346558380007027 0.3314880661392672 0.32195355385370605
9 188.0 0.0 -1.0 -1.0 -1.0 0.0 0.34042061133723733 0.3244784231672851 0.3351009654954774
9 189.0 0.0 -1.0 -1.0 -1.0 0.0 0.3485566932646058 0.3077549651407695 0.34368834159462464
9 190.0 0.0 -1.0 -1.0 -1.0 0.0 0.30588896774363694 0.32833983383614224 0.36577119842022054
9 191.0 0.0 -1.0 -1.0 -1.0 0.0 0.3183475474197062 0.3097195640914233 0.3719328884888703
9 192.0 0.0 -1.0 -1.0 -1.0 0.0 0.32727971639185427 0.3333265607215003 0.3393937228866455
9 193.0 0.0 -1.0 -1.0 -1.0 0.0 0.34273007249838017 0.3421385843389693 0.3151313431626509
9 194.0 0.0 -1.0 -1.0 -1.0 0.0 0.3524980807639281 0.31744562955729455 0.3300562896787775
9 195.0 0.0 -1.0 -1.0 -1.0 0.0 0.33519383176051415 0.3164361430006343 0.3483700252388518
9 196.0 0.0 -1.0 -1.0 -1.0 0.0 0.3364619601544156 0.3052412510924956 0.358296788753089
9 197.0 0.0 -1.0 -1.0 -1.0 0.0 0.33637485596197797 0.3344663368816417 0.3291588071563802
9 198.0 0.0 -1.0 -1.0 -1.0 0.0 0.3603764471201214 0.3286969203528237 0.31092663252705477
9 199.0 0.0 -1.0 -1.0 -1.0 0.0 0.3623997100449432 0.3331445048795769 0.30445578507548005
9 200.0 0.0 -1.0 -1.0 -1.0 0.0 0.3568961647392397 0.3379969110321151 0.30510692422864516
9 201.0 0.0 -1.0 -1.0 -1.0 0.0 0.3602812771196605 0.3118832711026454 0.32783545177769396
9 202.0 0.0 -1.0 -1.0 -1.0 0.0 0.35482036799724687 0.31222742280371424 0.33295220919903906
9 203.0 0.0 -1.0 -1.0 -1.0 0.0 0.3587746161394687 0.31066552741667297 0.33055985644385816
9 204.0 0.0 -1.0 -1.0 -1.0 0.0 0.33345405665519406 0.3247756813039013 0.34177026204090466
9 205.0 0.0 -1.0 -1.0 -1.0 0.0 0.3334122038327141 0.31917741310374964 0.34741038306353644
9 206.0 0.0 -1.0 -1.0 -1.0 0.0 0.33452584612646546 0.2955654225021475 0.3699087313713869
9 207.0 0.0 -1.0 -1.0 -1.0 0.0 0.2957356938254786 0.3098599713696013 0.39440433480492004
9 208.0 0.0 -1.0 -1.0 -1.0 0.0 0.2962732716051302 0.32300873056753426 0.38071799782733584
9 209.0 0.0 -1.0 -1.0 -1.0 0.0 0.2914966477697514 0.33587974530785286 0.3726236069223958
9 210.0 0.0 -1.0 -1.0 -1.0 0.0 0.32213911659865957 0.3507738523063395 0.3270870310950011
9 211.0 0.0 -1.0 -1.0 -1.0 0.0 0.3342789187163043 0.33819899878576815 0.32752208249792775
9 212.0 0.0 -1.0 -1.0 -1.0 0.0 0.364116211735524 0.3271651068122487 0.3087186814522275
9 213.0 0.0 -1.0 -1.0 -1.0 0.0 0.33459615699560935 0.3349521568644518 0.33045168613993886
9 214.0 0.0 -1.0 -1.0 -1.0 0.0 0.32194137640577813 0.3254492453643615 0.35260937822986044
9 215.0 0.0 -1.0 -1.0 -1.0 0.0 0.3274721274436544 0.3257467444980817 0.34678112805826344
9 216.0 0.0 -1.0 -1.0 -1.0 0.0 0.33601429464256805 0.3311308239333141 0.33285488142411757
9 217.0 0.0 -1.0 -1.0 -1.0 0.0 0.32380849294593794 0.353431186878422 0.3227603201756398
9 218.0 0.0 -1.0 -1.0 -1.0 0.0 0.3349280323555119 0.3487147108520559 0.31635725679243226
9 219.0 0.0 -1.0 -1.0 -1.0 0.0 0.3381413264884832 0.3621075453168126 0.2997511281947038
9 220.0 0.0 -1.0 -1.0 -1.0 0.0 0.32768684975594264 0.358098578252186 0.3142145719918712
9 221.0 0.0 -1.0 -1.0 -1.0 0.0 0.3317192314125036 0.3425274124168378 0.3257533561706585
9 222.0 0.0 -1.0 -1.0 -1.0 0.0 0.3129026317396271 0.36120994206453166 0.3258874261958411
9 223.0 0.0 -1.0 -1.0 -1.0 0.0 0.30682200817051286 0.36115539691998827 0.3320225949094987
9 224.0 0.0 -1.0 -1.0 -1.0 0.0 0.3177590447291598 0.3457405568188946 0.3365003984519458
9 225.0 0.0 -1.0 -1.0 -1.0 0.0 0.3203093357939307 0.34702246489500865 0.3326681993110605
9 226.0 0.0 -1.0 -1.0 -1.0 0.0 0.3407591033760968 0.3458648840818425 0.31337601254206066
9 227.0 0.0 -1.0 -1.0 -1.0 0.0 0.3294450875506978 0.3549008112054946 0.31565410124380755
9 228.0 0.0 -1.0 -1.0 -1.0 0.0 0.3509898906371272 0.34243792934262657 0.306572180020246
9 229.0 0.0 -1.0 -1.0 -1.0 0.0 0.3601077385320487 0.3440393978036724 0.295852863664279
9 230.0 0.0 -1.0 -1.0 -1.0 0.0 0.3814775263146201 0.32752103813890565 0.2910014355464742
9 231.0 0.0 -1.0 -1.0 -1.0 0.0 0.4052677335989259 0.30509766772962804 0.2896345986714463
9 232.0 0.0 -1.0 -1.0 -1.0 0.0 0.3593359980906034 0.316309033298646 0.3243549686107506
9 233.0 0.0 -1.0 -1.0 -1.0 0.0 0.3358092176958751 0.3336426284918763 0.3305481538122485
9 234.0 0.0 -1.0 -1.0 -1.0 0.0 0.32431301921247924 0.32700414989512366 0.34868283089239716
9 235.0 0.0 -1.0 -1.0 -1.0 0.0 0.32120965068530516 0.35937901430222974 0.3194113350124653
9 236.0 0.0 -1.0 -1.0 -1.0 0.0 0.33697864631465313 0.3398651676707694 0.32315618601457724
9 237.0 0.0 -1.0 -1.0 -1.0 0.0 0.340954567090892 0.33969686975408614 0.3193485631550219
9 238.0 0.0 -1.0 -1.0 -1.0 0.0 0.3444535761261379 0.3134154835569894 0.3421309403168727
9 239.0 0.0 -1.0 -1.0 -1.0 0.0 0.3346135412436853 0.32742711990289536 0.33795933885341917
9 240.0 0.0 -1.0 -1.0 -1.0 0.0 0.32861753581405556 0.32804605395952685 0.3433364102264179
9 241.0 0.0 -1.0 -1.0 -1.0 0.0 0.33172043015645747 0.31862145076198806 0.34965811908155464
9 242.0 0.0 -1.0 -1.0 -1.0 0.0 0.3269554239132069 0.3507701505970743 0.322274425489719
9 243.0 0.0 -1.0 -1.0 -1.0 0.0 0.3205729941669562 0.354730386774375 0.3246966190586689
9 244.0 0.0 -1.0 -1.0 -1.0 0.0 0.30802118821397806 0.3578587501990976 0.33412006158692414
9 245.0 0.0 -1.0 -1.0 -1.0 0.0 0.303699093191376 0.3425781038901478 0.3537228029184763
9 246.0 0.0 -1.0 -1.0 -1.0 0.0 0.32576982866139204 0.31149237840279786 0.3627377929358105
9 247.0 0.0 -1.0 -1.0 -1.0 0.0 0.36521327911902296 0.3160765285091791 0.3187101923717977
9 248.0 0.0 -1.0 -1.0 -1.0 0.0 0.3444187644554393 0.3221566963414674 0.33342453920309345
9 249.0 0.0 -1.0 -1.0 -1.0 0.0 0.3534942700192618 0.3304675412387258 0.31603818874201245
9 250.0 0.0 -1.0 -1.0 -1.0 0.0 0.3435549831835703 0.3193904758348509 0.3370545409815787
9 251.0 0.0 -1.0 -1.0 -1.0 0.0 0.3606128362329952 0.3072846521835129 0.33210251158349174
9 252.0 0.0 -1.0 -1.0 -1.0 0.0 0.33721088364122126 0.3085937466373214 0.35419536972145754
9 253.0 0.0 -1.0 -1.0 -1.0 0.0 0.32001392783240074 0.33302259498633974 0.34696347718125964
9 254.0 0.0 -1.0 -1.0 -1.0 0.0 0.31623907308324833 0.35473191011732846 0.3290290167994232
9 255.0 0.0 -1.0 -1.0 -1.0 0.0 0.3345027769029032 0.3322907304849596 0.33320649261213736
9 256.0 0.0 -1.0 -1.0 -1.0 0.0 0.3080502599399425 0.33370355614554087 0.3582461839145166
9 257.0 0.0 -1.0 -1.0 -1.0 0.0 0.3526987994690891 0.31475758884586463 0.3325436116850463
9 258.0 0.0 -1.0 -1.0 -1.0 0.0 0.3568438325939103 0.32509026143880804 0.3180659059672817
9 259.0 0.0 -1.0 -1.0 -1.0 0.0 0.3507356883491384 0.3238304630483757 0.3254338486024858
9 260.0 0.0 -1.0 -1.0 -1.0 0.0 0.3490031645278971 0.336616115366212 0.3143807201058907
9 261.0 0.0 -1.0 -1.0 -1.0 0.0 0.35841236127752213 0.34420511768674733 0.29738252103573043
9 262.0 0.0 -1.0 -1.0 -1.0 0.0 0.3628122524963452 0.3133622172223638 0.3238255302812909
9 263.0 0.0 -1.0 -1.0 -1.0 0.0 0.3394133371327275 0.30043305768233525 0.36015360518493705
9 264.0 0.0 -1.0 -1.0 -1.0 0.0 0.34399530980091003 0.31224172023799557 0.3437629699610944
9 265.0 0.0 -1.0 -1.0 -1.0 0.0 0.33002636403091 0.3053300327633559 0.3646436032057342
9 266.0 0.0 -1.0 -1.0 -1.0 0.0 0.33675439840653043 0.304265018897102 0.3589805826963675
9 267.0 0.0 -1.0 -1.0 -1.0 0.0 0.33437528538257105 0.3119451325707469 0.35367958204668226
9 268.0 0.0 -1.0 -1.0 -1.0 0.0 0.3280601210096065 0.29583254248935903 0.3761073365010346
9 269.0 0.0 -1.0 -1.0 -1.0 0.0 0.3328942727534129 0.28833396997325916 0.37877175727332824
9 270.0 0.0 -1.0 -1.0 -1.0 0.0 0.3147510660007641 0.32008508094562865 0.36516385305360755
9 271.0 0.0 -1.0 -1.0 -1.0 0.0 0.32370319606914527 0.2915125438250854 0.38478426010576905
9 272.0 0.0 -1.0 -1.0 -1.0 0.0 0.3438855169596118 0.30429028947321546 0.3518241935671727
9 273.0 0.0 -1.0 -1.0 -1.0 0.0 0.3562443406540721 0.289885652187855 0.353870007158073
9 274.0 0.0 -1.0 -1.0 -1.0 0.0 0.33803577638453375 0.3129182933766519 0.3490459302388143
9 275.0 0.0 -1.0 -1.0 -1.0 0.0 0.3346523880468748 0.33004921858088826 0.3352983933722368
9 276.0 0.0 -1.0 -1.0 -1.0 0.0 0.33757167862867854 0.30448567249069813 0.3579426488806232
9 277.0 0.0 -1.0 -1.0 -1.0 0.0 0.3507564829330738 0.30963373417124024 0.3396097828956859
9 278.0 0.0 -1.0 -1.0 -1.0 0.0 0.3508004021118532 0.3079889461307975 0.34121065175734905
9 279.0 0.0 -1.0 -1.0 -1.0 0.0 0.37388397557490083 0.28016073131714964 0.3459552931079496
9 280.0 0.0 -1.0 -1.0 -1.0 0.0 0.3921674183210841 0.2752519653253209 0.33258061635359504
9 281.0 0.0 -1.0 -1.0 -1.0 0.0 0.3751521281225622 0.2882575395398545 0.33659033233758334
9 282.0 0.0 -1.0 -1.0 -1.0 0.0 0.3753672174353588 0.3113393147132818 0.3132934678513592
9 283.0 0.0 -1.0 -1.0 -1.0 0.0 0.35757330000671816 0.31074652937648756 0.33168017061679417
9 284.0 0.0 -1.0 -1.0 -1.0 0.0 0.35177193775818194 0.3143029776020446 0.33392508463977344
9 285.0 0.0 -1.0 -1.0 -1.0 0.0 0.36923560680537654 0.29838009022640205 0.33238430296822147
9 286.0 0.0 -1.0 -1.0 -1.0 0.0 0.3547558506196306 0.3039772845427693 0.34126686483760005
9 287.0 0.0 -1.0 -1.0 -1.0 0.0 0.3322411306467267 0.3403765303348882 0.32738233901838504
9 288.0 0.0 -1.0 -1.0 -1.0 0.0 0.3122003468041384 0.35910391222392407 0.3286957409719377
9 289.0 0.0 -1.0 -1.0 -1.0 0.0 0.29722735995829064 0.3477256293345781 0.3550470107071311
9 290.0 0.0 -1.0 -1.0 -1.0 0.0 0.32002744615453294 0.34782243868776946 0.3321501151576978
9 291.0 0.0 -1.0 -1.0 -1.0 0.0 0.30868453655042793 0.3642008185812435 0.3271146448683286
9 292.0 0.0 -1.0 -1.0 -1.0 0.0 0.31201996448977026 0.3458091716086296 0.3421708639016002
9 293.0 0.0 -1.0 -1.0 -1.0 0.0 0.3204462109963707 0.3225299753582109 0.3570238136454185
9 294.0 0.0 -1.0 -1.0 -1.0 0.0 0.32515439754109804 0.3045060645190965 0.3703395379398055
9 295.0 0.0 -1.0 -1.0 -1.0 0.0 0.31965035503615413 0.31103941601633456 0.36931022894751125
9 296.0 0.0 -1.0 -1.0 -1.0 0.0 0.35303926284184234 0.2938069792285858 0.3531537579295718
9 297.0 0.0 -1.0 -1.0 -1.0 0.0 0.3582685827497014 0.3081210601791063 0.33361035707119213
9 298.0 0.0 -1.0 -1.0 -1.0 0.0 0.33871936777451045 0.31519315109836243 0.3460874811271271
9 299.0 0.0 -1.0 -1.0 -1.0 0.0 0.3422338142330157 0.3221216526464063 0.3356445331205776
9 300.0 0.0 -1.0 -1.0 -1.0 0.0 0.32626279873543285 0.34188500048310894 0.33185220078145844
9 301.0 0.0 -1.0 -1.0 -1.0 0.0 0.33170103645104 0.3335169903119955 0.33478197323696435
9 302.0 0.0 -1.0 -1.0 -1.0 0.0 0.34654108248509563 0.32095509869389205 0.3325038188210124
9 303.0 0.0 -1.0 -1.0 -1.0 0.0 0.338408674028255 0.2997251680079891 0.36186615796375604
9 304.0 0.0 -1.0 -1.0 -1.0 0.0 0.32624057489457436 0.3239386561494537 0.349820768955972
9 305.0 0.0 -1.0 -1.0 -1.0 0.0 0.31922081159301224 0.3464204951527906 0.3343586932541971
9 306.0 0.0 -1.0 -1.0 -1.0 0.0 0.32893890875521925 0.31473754752009003 0.3563235437246909
9 307.0 0.0 -1.0 -1.0 -1.0 0.0 0.313455897217778 0.31726294273363664 0.3692811600485856
9 308.0 0.0 -1.0 -1.0 -1.0 0.0 0.29169488739194305 0.33681642892019703 0.37148868368785964
9 309.0 0.0 -1.0 -1.0 -1.0 0.0 0.2890688343089885 0.3363059074311945 0.3746252582598173
9 310.0 0.0 -1.0 -1.0 -1.0 0.0 0.257058761904072 0.35584605669341246 0.38709518140251575
9 311.0 0.0 -1.0 -1.0 -1.0 0.0 0.2883728104570248 0.35146891433614674 0.36015827520682864
9 312.0 0.0 -1.0 -1.0 -1.0 0.0 0.29556913224353987 0.35950293503111186 0.3449279327253481
9 313.0 0.0 -1.0 -1.0 -1.0 0.0 0.30707161558247886 0.35418658082478965 0.33874180359273154
9 314.0 0.0 -1.0 -1.0 -1.0 0.0 0.31216320970174605 0.36416741033047356 0.3236693799677802
9 315.0 0.0 -1.0 -1.0 -1.0 0.0 0.31836840773553016 0.33937465715203 0.34225693511243965
9 316.0 0.0 -1.0 -1.0 -1.0 0.0 0.3128560179350299 0.3523568820434019 0.33478710002156853
9 317.0 0.0 -1.0 -1.0 -1.0 0.0 0.328695098257859 0.37042485347325255 0.30088004826888853
9 318.0 0.0 -1.0 -1.0 -1.0 0.0 0.31279105654243156 0.36914051747506266 0.318068425982506
9 319.0 0.0 -1.0 -1.0 -1.0 0.0 0.29062482586302946 0.36014990629041954 0.3492252678465509
9 320.0 0.0 -1.0 -1.0 -1.0 0.0 0.2985398058216651 0.34057245610533465 0.36088773807300006
9 321.0 0.0 -1.0 -1.0 -1.0 0.0 0.3108528226836033 0.32400590261725043 0.3651412746991463
9 322.0 0.0 -1.0 -1.0 -1.0 0.0 0.30855960539705507 0.33199103817455833 0.35944935642838644
9 323.0 0.0 -1.0 -1.0 -1.0 0.0 0.33226258399587943 0.33442707897288526 0.33331033703123514
9 324.0 0.0 -1.0 -1.0 -1.0 0.0 0.34085344637969756 0.327388171338088 0.331758382282214
9 325.0 0.0 -1.0 -1.0 -1.0 0.0 0.3295100000551119 0.347049999408633 0.323440000536255
9 326.0 0.0 -1.0 -1.0 -1.0 0.0 0.31294927385877097 0.3689970179901193 0.3180537081511095
9 327.0 0.0 -1.0 -1.0 -1.0 0.0 0.3302201536668414 0.3253948910012191 0.3443849553319395
9 328.0 0.0 -1.0 -1.0 -1.0 0.0 0.34419118736707077 0.31461869539707615 0.3411901172358531
9 329.0 0.0 -1.0 -1.0 -1.0 0.0 0.33979649221702113 0.33669040529165817 0.32351310249132076
9 330.0 0.0 -1.0 -1.0 -1.0 0.0 0.3412572270249239 0.35166756559386964 0.30707520738120647
9 331.0 0.0 -1.0 -1.0 -1.0 0.0 0.32825216824003844 0.3520353854793757 0.319712446280586
9 332.0 0.0 -1.0 -1.0 -1.0 0.0 0.33866278248994514 0.3190267070248287 0.3423105104852266
9 333.0 0.0 -1.0 -1.0 -1.0 0.0 0.336398635217174 0.35997228785930857 0.3036290769235172
9 334.0 0.0 -1.0 -1.0 -1.0 0.0 0.2988761727286187 0.3583216899081903 0.3428021373631912
9 335.0 0.0 -1.0 -1.0 -1.0 0.0 0.3067556011056424 0.35182017871043575 0.3414242201839219
9 336.0 0.0 -1.0 -1.0 -1.0 0.0 0.3353024533256865 0.3564353782337668 0.3082621684405468
9 337.0 0.0 -1.0 -1.0 -1.0 0.0 0.32591151579137395 0.3545773209593655 0.3195111632492605
9 338.0 0.0 -1.0 -1.0 -1.0 0.0 0.3242784628021235 0.3537214581551844 0.322000079042692
9 339.0 0.0 -1.0 -1.0 -1.0 0.0 0.3074151943517308 0.33521628439939444 0.3573685212488747
9 340.0 0.0 -1.0 -1.0 -1.0 0.0 0.3102100936667525 0.3263416637893623 0.36344824254388525
9 341.0 0.0 -1.0 -1.0 -1.0 0.0 0.3192262440004474 0.3176816173032558 0.36309213869629703
9 342.0 0.0 -1.0 -1.0 -1.0 0.0 0.3266733881372903 0.3312521095123416 0.34207450235036824
9 343.0 0.0 -1.0 -1.0 -1.0 0.0 0.33759757309594485 0.3474572220099062 0.3149452048941491
9 344.0 0.0 -1.0 -1.0 -1.0 0.0 0.31423906974699095 0.35863886019578284 0.32712207005722627
9 345.0 0.0 -1.0 -1.0 -1.0 0.0 0.3102615648218915 0.355517033643747 0.3342214015343616
9 346.0 0.0 -1.0 -1.0 -1.0 0.0 0.29682351881547264 0.35594600976709984 0.3472304714174275
9 347.0 0.0 -1.0 -1.0 -1.0 0.0 0.29909234340655483 0.3457097617460164 0.3551978948474286
9 348.0 0.0 -1.0 -1.0 -1.0 0.0 0.3145790038803456 0.3231677626792242 0.3622532334404302
9 349.0 0.0 -1.0 -1.0 -1.0 0.0 0.2877025473536385 0.3498369883054586 0.36246046434090295
9 350.0 0.0 -1.0 -1.0 -1.0 0.0 0.32018969562056804 0.35093322727050913 0.3288770771089227
9 351.0 0.0 -1.0 -1.0 -1.0 0.0 0.34845443995747055 0.3175507563062494 0.33399480373628004
9 352.0 0.0 -1.0 -1.0 -1.0 0.0 0.3080995607282898 0.33255009836046656 0.3593503409112435
9 353.0 0.0 -1.0 -1.0 -1.0 0.0 0.30033823864035525 0.35310866002778324 0.3465531013318616
9 354.0 0.0 -1.0 -1.0 -1.0 0.0 0.3149980241548204 0.33822653851586454 0.3467754373293152
9 355.0 0.0 -1.0 -1.0 -1.0 0.0 0.31449166242027415 0.3528731801443145 0.33263515743541155
9 356.0 0.0 -1.0 -1.0 -1.0 0.0 0.28917558633169926 0.35759253333047597 0.3532318803378249
9 357.0 0.0 -1.0 -1.0 -1.0 0.0 0.30281020932507985 0.329955647875857 0.36723414279906325
9 358.0 0.0 -1.0 -1.0 -1.0 0.0 0.3107951972196872 0.3287628515042151 0.36044195127609785
9 359.0 0.0 -1.0 -1.0 -1.0 0.0 0.3065350279642952 0.33841686358486456 0.3550481084508404
9 360.0 0.0 -1.0 -1.0 -1.0 0.0 0.33013981628240396 0.3117712912888252 0.35808889242877073
9 361.0 0.0 -1.0 -1.0 -1.0 0.0 0.3114196794993309 0.3315872048871071 0.35699311561356195
9 362.0 0.0 -1.0 -1.0 -1.0 0.0 0.2866755351854466 0.3432581543422535 0.3700663104723001
9 363.0 0.0 -1.0 -1.0 -1.0 0.0 0.293698544847015 0.3507919812926809 0.35550947386030385
9 364.0 0.0 -1.0 -1.0 -1.0 0.0 0.3093927466306264 0.3563690621308196 0.334238191238554
9 365.0 0.0 -1.0 -1.0 -1.0 0.0 0.3025008371064825 0.36666979985615733 0.3308293630373602
9 366.0 0.0 -1.0 -1.0 -1.0 0.0 0.31183463147818313 0.352193535284098 0.335971833237719
9 367.0 0.0 -1.0 -1.0 -1.0 0.0 0.2925027499281756 0.33731460249056716 0.3701826475812576
9 368.0 0.0 -1.0 -1.0 -1.0 0.0 0.26716207981201096 0.3602015218838832 0.3726363983041059
9 369.0 0.0 -1.0 -1.0 -1.0 0.0 0.2872664983755346 0.34639521343375024 0.366338288190715
9 370.0 0.0 -1.0 -1.0 -1.0 0.0 0.2918971384184586 0.3427189085183845 0.3653839530631571
9 371.0 0.0 -1.0 -1.0 -1.0 0.0 0.336179561762474 0.34575767171091054 0.3180627665266156
9 372.0 0.0 -1.0 -1.0 -1.0 0.0 0.32532833781301657 0.3278302915734788 0.34684137061350456
9 373.0 0.0 -1.0 -1.0 -1.0 0.0 0.3275324610524109 0.3311720975511287 0.34129544139646034
9 374.0 0.0 -1.0 -1.0 -1.0 0.0 0.30546436967424184 0.3388730685893458 0.3556625617364123
9 375.0 0.0 -1.0 -1.0 -1.0 0.0 0.33886492421841646 0.3204779382104882 0.3406571375710953
9 376.0 0.0 -1.0 -1.0 -1.0 0.0 0.36223958441374404 0.3001074567997683 0.3376529587864876
9 377.0 0.0 -1.0 -1.0 -1.0 0.0 0.3687419389779844 0.3239883954689617 0.3072696655530539
9 378.0 0.0 -1.0 -1.0 -1.0 0.0 0.32951201110233486 0.3284233622576047 0.3420646266400604
9 379.0 0.0 -1.0 -1.0 -1.0 0.0 0.30954873225014656 0.36698555572277447 0.3234657120270787
9 380.0 0.0 -1.0 -1.0 -1.0 0.0 0.27729285454288477 0.37386534016807055 0.3488418052890445
9 381.0 0.0 -1.0 -1.0 -1.0 0.0 0.2891065994759919 0.37499838842893923 0.33589501209506906
9 382.0 0.0 -1.0 -1.0 -1.0 0.0 0.3059080938354318 0.3875856798146917 0.3065062263498763
9 383.0 0.0 -1.0 -1.0 -1.0 0.0 0.29149199885560295 0.36387295894361854 0.34463504220077856
9 384.0 0.0 -1.0 -1.0 -1.0 0.0 0.3267201625360518 0.341703995716087 0.33157584174786103
9 385.0 0.0 -1.0 -1.0 -1.0 0.0 0.3210205776141394 0.3415552214836756 0.33742420090218517
9 386.0 0.0 -1.0 -1.0 -1.0 0.0 0.3307978858599966 0.32900621858551604 0.3401958955544875
9 387.0 0.0 -1.0 -1.0 -1.0 0.0 0.3394407926658218 0.3206059718443954 0.33995323548978307
9 388.0 0.0 -1.0 -1.0 -1.0 0.0 0.36790831897097026 0.29517865101065627 0.3369130300183732
9 389.0 0.0 -1.0 -1.0 -1.0 0.0 0.3422179130547307 0.3057697014611351 0.3520123854841342
9 390.0 0.0 -1.0 -1.0 -1.0 0.0 0.33914944742873027 0.3173960874110464 0.34345446516022343
9 391.0 0.0 -1.0 -1.0 -1.0 0.0 0.33468543504856507 0.3414985830318033 0.3238159819196316
9 392.0 0.0 -1.0 -1.0 -1.0 0.0 0.33030612167792994 0.36321779552635325 0.30647608279571686
9 393.0 0.0 -1.0 -1.0 -1.0 0.0 0.30467555689567144 0.3694879407142901 0.32583650239003864
9 394.0 0.0 -1.0 -1.0 -1.0 0.0 0.3182179122306934 0.3665238800221892 0.31525820774711727
9 395.0 0.0 -1.0 -1.0 -1.0 0.0 0.3009860417143782 0.3710968766121785 0.3279170816734435
9 396.0 0.0 -1.0 -1.0 -1.0 0.0 0.31251022149514895 0.3475109265403151 0.33997885196453603
9 397.0 0.0 -1.0 -1.0 -1.0 0.0 0.3019350698277829 0.3656986107553093 0.33236631941690775
9 398.0 0.0 -1.0 -1.0 -1.0 0.0 0.2991940536015305 0.36291800841461336 0.337887937983856
9 399.0 0.0 -1.0 -1.0 -1.0 0.0 0.27382943433128953 0.3947662597888288 0.3314043058798815
9 400.0 0.0 -1.0 -1.0 -1.0 0.0 0.29096078837348005 0.36249607454767435 0.346543137078846
9 401.0 0.0 -1.0 -1.0 -1.0 0.0 0.31811989204381425 0.3402023433591377 0.3416777645970479
9 402.0 0.0 -1.0 -1.0 -1.0 0.0 0.3069642679605361 0.3639862186938581 0.329049513345606
9 403.0 0.0 -1.0 -1.0 -1.0 0.0 0.2902422772712233 0.36792055216727737 0.3418371705614991
9 404.0 0.0 -1.0 -1.0 -1.0 0.0 0.29044117442483336 0.3615945376170011 0.34796428795816553
9 405.0 0.0 -1.0 -1.0 -1.0 0.0 0.303878594482715 0.35865273638000256 0.33746866913728246
9 406.0 0.0 -1.0 -1.0 -1.0 0.0 0.3055179359512936 0.3343890664695472 0.36009299757915925
9 407.0 0.0 -1.0 -1.0 -1.0 0.0 0.2999539993223048 0.3635291963735648 0.3365168043041307
9 408.0 0.0 -1.0 -1.0 -1.0 0.0 0.3060980882139226 0.3725788547552581 0.3213230570308191
9 409.0 0.0 -1.0 -1.0 -1.0 0.0 0.28889363272831453 0.3576800688240763 0.353426298447609
9 410.0 0.0 -1.0 -1.0 -1.0 0.0 0.30512243249377113 0.32839876721157585 0.3664788002946529
9 411.0 0.0 -1.0 -1.0 -1.0 0.0 0.2995783858496428 0.3424077874178296 0.35801382673252763
9 412.0 0.0 -1.0 -1.0 -1.0 0.0 0.2928787117856154 0.3511542584788721 0.35596702973551253
9 413.0 0.0 -1.0 -1.0 -1.0 0.0 0.30430531930985777 0.3293609737029115 0.36633370698723083
9 414.0 0.0 -1.0 -1.0 -1.0 0.0 0.3118579471261179 0.33043916131710405 0.3577028915567781
9 415.0 0.0 -1.0 -1.0 -1.0 0.0 0.28907213682554594 0.32565205869079905 0.38527580448365484
9 416.0 0.0 -1.0 -1.0 -1.0 0.0 0.31694755755508974 0.33001865584032564 0.35303378660458484
9 417.0 0.0 -1.0 -1.0 -1.0 0.0 0.31619419591900166 0.32640268683573453 0.35740311724526386
9 418.0 0.0 -1.0 -1.0 -1.0 0.0 0.31463429850437896 0.34897162535851417 0.33639407613710687
9 419.0 0.0 -1.0 -1.0 -1.0 0.0 0.3447879198584844 0.33653061308642923 0.3186814670550863
9 420.0 0.0 -1.0 -1.0 -1.0 0.0 0.31634924397951525 0.3511294673689278 0.33252128865155656
9 421.0 0.0 -1.0 -1.0 -1.0 0.0 0.3132286015084448 0.3376405164599504 0.34913088203160464
9 422.0 0.0 -1.0 -1.0 -1.0 0.0 0.2990473880589732 0.33754881121230484 0.36340380072872186
9 423.0 0.0 -1.0 -1.0 -1.0 0.0 0.3110922945966571 0.3337294861022193 0.35517821930112353
9 424.0 0.0 -1.0 -1.0 -1.0 0.0 0.32056463965524956 0.3504018261216558 0.3290335342230945
9 425.0 0.0 -1.0 -1.0 -1.0 0.0 0.33660567273499575 0.3204989020051103 0.3428954252598939
9 426.0 0.0 -1.0 -1.0 -1.0 0.0 0.3314786409120039 0.3085113121644091 0.3600100469235872
9 427.0 0.0 -1.0 -1.0 -1.0 0.0 0.3290979007419263 0.296735384324333 0.3741667149337406
9 428.0 0.0 -1.0 -1.0 -1.0 0.0 0.3192018358699855 0.3012651551519792 0.37953300897803516
9 429.0 0.0 -1.0 -1.0 -1.0 0.0 0.3228720702763568 0.3182978788125215 0.3588300509111218
9 430.0 0.0 -1.0 -1.0 -1.0 0.0 0.3178008399110226 0.33853517627197066 0.34366398381700675
9 431.0 0.0 -1.0 -1.0 -1.0 0.0 0.3322861695647925 0.3300673120749783 0.3376465183602293
9 432.0 0.0 -1.0 -1.0 -1.0 0.0 0.35461795844018595 0.3105283512952428 0.3348536902645713
9 433.0 0.0 -1.0 -1.0 -1.0 0.0 0.3670398138064131 0.29197587489442806 0.3409843112991592
9 434.0 0.0 -1.0 -1.0 -1.0 0.0 0.36725521984965115 0.2976686448633302 0.3350761352870184
9 435.0 0.0 -1.0 -1.0 -1.0 0.0 0.37651410291893483 0.2663081262329361 0.3571777708481291
9 436.0 0.0 -1.0 -1.0 -1.0 0.0 0.36400952207055576 0.2732598926813382 0.3627305852481061
9 437.0 0.0 -1.0 -1.0 -1.0 0.0 0.33674652562904933 0.307323053938822 0.3559304204321288
9 438.0 0.0 -1.0 -1.0 -1.0 0.0 0.35553240077632575 0.31685142317828197 0.32761617604539217
9 439.0 0.0 -1.0 -1.0 -1.0 0.0 0.36938489507369043 0.3410039918607861 0.28961111306552334
9 440.0 0.0 -1.0 -1.0 -1.0 0.0 0.3768166193927564 0.3672746667966696 0.255908713810574
9 441.0 0.0 -1.0 -1.0 -1.0 0.0 0.35436090304056245 0.3661156819021019 0.2795234150573356
9 442.0 0.0 -1.0 -1.0 -1.0 0.0 0.3172027055455162 0.3797065032881519 0.3030907911663318
9 443.0 0.0 -1.0 -1.0 -1.0 0.0 0.30926720062586216 0.3607864218307409 0.32994637754339706
9 444.0 0.0 -1.0 -1.0 -1.0 0.0 0.3140663061111859 0.3396680069946153 0.3462656868941988
9 445.0 0.0 -1.0 -1.0 -1.0 0.0 0.3031292735644021 0.34575704556962317 0.3511136808659749
9 446.0 0.0 -1.0 -1.0 -1.0 0.0 0.2891788239072477 0.3453891995500495 0.36543197654270293
9 447.0 0.0 -1.0 -1.0 -1.0 0.0 0.3285332229599877 0.32052795524156297 0.3509388217984492
9 448.0 0.0 -1.0 -1.0 -1.0 0.0 0.3327435902776903 0.3309632224905449 0.3362931872317645
9 449.0 0.0 -1.0 -1.0 -1.0 0.0 0.32252381740184766 0.3213360208096412 0.35614016178851143
9 450.0 0.0 -1.0 -1.0 -1.0 0.0 0.3360010850179807 0.33165526833271175 0.3323436466493075
9 451.0 0.0 -1.0 -1.0 -1.0 0.0 0.3492750901320217 0.3236882881980951 0.3270366216698833
9 452.0 0.0 -1.0 -1.0 -1.0 0.0 0.34900602232291594 0.314415505377047 0.33657847230003674
9 453.0 0.0 -1.0 -1.0 -1.0 0.0 0.32494872251320944 0.36449287392423024 0.31055840356256026
9 454.0 0.0 -1.0 -1.0 -1.0 0.0 0.3331325980698835 0.3514081859601527 0.3154592159699636
9 455.0 0.0 -1.0 -1.0 -1.0 0.0 0.36285325491043463 0.3204152502549873 0.3167314948345781
9 456.0 0.0 -1.0 -1.0 -1.0 0.0 0.3670890618953535 0.3357938003001663 0.29711713780447996
9 457.0 0.0 -1.0 -1.0 -1.0 0.0 0.37987089981482014 0.3173369162807229 0.3027921839044568
9 458.0 0.0 -1.0 -1.0 -1.0 0.0 0.35538149713931605 0.3449658683266846 0.2996526345339996
9 459.0 0.0 -1.0 -1.0 -1.0 0.0 0.3304481764372732 0.35683324463427823 0.31271857892844857
9 460.0 0.0 -1.0 -1.0 -1.0 0.0 0.3334399448078979 0.37527012816337646 0.291289927028726
9 461.0 0.0 -1.0 -1.0 -1.0 0.0 0.3379252197556777 0.36602200798522466 0.29605277225909765
9 462.0 0.0 -1.0 -1.0 -1.0 0.0 0.3269511330308779 0.35490131356701093 0.3181475534021114
9 463.0 0.0 -1.0 -1.0 -1.0 0.0 0.31697015482979013 0.3172929489840475 0.3657368961861625
9 464.0 0.0 -1.0 -1.0 -1.0 0.0 0.3300903368171245 0.27765391644643644 0.3922557467364388
9 465.0 0.0 -1.0 -1.0 -1.0 0.0 0.3399198129967332 0.29626394571314807 0.36381624129011875
9 466.0 0.0 -1.0 -1.0 -1.0 0.0 0.3450119652681316 0.3134066240792251 0.3415814106526433
9 467.0 0.0 -1.0 -1.0 -1.0 0.0 0.3623882927988881 0.300303005663861 0.33730870153725073
9 468.0 0.0 -1.0 -1.0 -1.0 0.0 0.3308720249734294 0.3123505040724355 0.3567774709541353
9 469.0 0.0 -1.0 -1.0 -1.0 0.0 0.3431075691878751 0.3125240099448016 0.3443684208673233
9 470.0 0.0 -1.0 -1.0 -1.0 0.0 0.3676346088248056 0.29038235930619594 0.34198303186899837
9 471.0 0.0 -1.0 -1.0 -1.0 0.0 0.3433440280158827 0.3087416801869557 0.3479142917971616
9 472.0 0.0 -1.0 -1.0 -1.0 0.0 0.34528445865894186 0.3414150569476035 0.3133004843934546
9 473.0 0.0 -1.0 -1.0 -1.0 0.0 0.3164461712928458 0.34783519813294006 0.3357186305742141
9 474.0 0.0 -1.0 -1.0 -1.0 0.0 0.3177186787137271 0.34077807071497124 0.3415032505713016
9 475.0 0.0 -1.0 -1.0 -1.0 0.0 0.312983283776135 0.336339388024305 0.35067732819956016
9 476.0 0.0 -1.0 -1.0 -1.0 0.0 0.31093455054472213 0.3386426261685385 0.35042282328673935
9 477.0 0.0 -1.0 -1.0 -1.0 0.0 0.3053064181331695 0.33587098367519613 0.35882259819163453
9 478.0 0.0 -1.0 -1.0 -1.0 0.0 0.3095377413202576 0.33388792099129966 0.35657433768844254
9 479.0 0.0 -1.0 -1.0 -1.0 0.0 0.31545277645503433 0.35294278121935174 0.33160444232561403
9 480.0 0.0 -1.0 -1.0 -1.0 0.0 0.32859210060100513 0.3363716319091828 0.335036267489812
9 481.0 0.0 -1.0 -1.0 -1.0 0.0 0.3245801049661023 0.3335269552893286 0.34189293974456914
9 482.0 0.0 -1.0 -1.0 -1.0 0.0 0.2925280112178019 0.34367997668075456 0.3637920121014435
9 483.0 0.0 -1.0 -1.0 -1.0 0.0 0.29015870083290546 0.3514031678718863 0.3584381312952084
9 484.0 0.0 -1.0 -1.0 -1.0 0.0 0.29639336825388957 0.3652116505574364 0.3383949811886741
9 485.0 0.0 -1.0 -1.0 -1.0 0.0 0.3063366770318792 0.35301661037768073 0.3406467125904402
9 486.0 0.0 -1.0 -1.0 -1.0 0.0 0.31940892423837774 0.34320948925945133 0.3373815865021709
9 487.0 0.0 -1.0 -1.0 -1.0 0.0 0.32535064001963737 0.33098167923529354 0.3436676807450691
9 488.0 0.0 -1.0 -1.0 -1.0 0.0 0.34743806051889 0.3482799001176434 0.3042820393634666
9 489.0 0.0 -1.0 -1.0 -1.0 0.0 0.34201358849275243 0.32854425295046363 0.32944215855678394
9 490.0 0.0 -1.0 -1.0 -1.0 0.0 0.3217906419181713 0.3291198140710902 0.34908954401073855
9 491.0 0.0 -1.0 -1.0 -1.0 0.0 0.3202472525200988 0.32855622751484254 0.35119651996505874
9 492.0 0.0 -1.0 -1.0 -1.0 0.0 0.3267000241098175 0.3245877658889275 0.3487122100012548
9 493.0 0.0 -1.0 -1.0 -1.0 0.0 0.32901704973040624 0.3342764557812003 0.3367064944883933
9 494.0 0.0 -1.0 -1.0 -1.0 0.0 0.3334875568093129 0.3196518021138368 0.34686064107685033
9 495.0 0.0 -1.0 -1.0 -1.0 0.0 0.32895233802877494 0.34352173435342104 0.3275259276178039
9 496.0 0.0 -1.0 -1.0 -1.0 0.0 0.32449628925767404 0.3430905025278208 0.3324132082145051
9 497.0 0.0 -1.0 -1.0 -1.0 0.0 0.3140214829242074 0.345258396445331 0.340720120630462
9 498.0 0.0 -1.0 -1.0 -1.0 0.0 0.3227760987765595 0.36306339119557746 0.31416051002786305
9 499.0 0.0 -1.0 -1.0 -1.0 0.0 0.3048510158205316 0.34230963375885887 0.35283935042060977
9 500.0 0.0 -1.0 -1.0 -1.0 0.0 0.30890939646160853 0.3440549140666977 0.34703568947169366
9 501.0 0.0 -1.0 -1.0 -1.0 0.0 0.3146637790372023 0.338156487389099 0.3471797335736987
9 502.0 0.0 -1.0 -1.0 -1.0 0.0 0.30197463028879 0.3212739157293253 0.3767514539818849
9 503.0 0.0 -1.0 -1.0 -1.0 0.0 0.3159011236765354 0.30923255964348373 0.3748663166799811
9 504.0 0.0 -1.0 -1.0 -1.0 0.0 0.33208056740845393 0.2882162921281716 0.3797031404633745
9 505.0 0.0 -1.0 -1.0 -1.0 0.0 0.3190984840242244 0.2868867766649082 0.39401473931086733
9 506.0 0.0 -1.0 -1.0 -1.0 0.0 0.3370151871828807 0.271403684459427 0.3915811283576923
9 507.0 0.0 -1.0 -1.0 -1.0 0.0 0.3321574971739675 0.2740759664126068 0.39376653641342585
9 508.0 0.0 -1.0 -1.0 -1.0 0.0 0.33658207056218686 0.26161148447736154 0.4018064449604515
9 509.0 0.0 -1.0 -1.0 -1.0 0.0 0.3725128147988127 0.2753032878659893 0.35218389733519784
9 510.0 0.0 -1.0 -1.0 -1.0 0.0 0.3723504601204699 0.308757440722698 0.3188920991568319
9 511.0 0.0 -1.0 -1.0 -1.0 0.0 0.35333115794120734 0.28451612316366315 0.3621527188951294
9 512.0 0.0 -1.0 -1.0 -1.0 0.0 0.3380969721339692 0.2855966651684813 0.37630636269754947
9 513.0 0.0 -1.0 -1.0 -1.0 0.0 0.3602197479006206 0.2780868686827109 0.3616933834166687
9 514.0 0.0 -1.0 -1.0 -1.0 0.0 0.3278952785384314 0.3149481734654809 0.357156547996088
9 515.0 0.0 -1.0 -1.0 -1.0 0.0 0.3034298127377162 0.3394622080982117 0.35710797916407216
9 516.0 0.0 -1.0 -1.0 -1.0 0.0 0.3105829319885618 0.33904012807207423 0.35037693993936414
9 517.0 0.0 -1.0 -1.0 -1.0 0.0 0.32814658396734186 0.33315830724237744 0.33869510879028114
9 518.0 0.0 -1.0 -1.0 -1.0 0.0 0.33317179438840355 0.33007673389490655 0.3367514717166899
9 519.0 0.0 -1.0 -1.0 -1.0 0.0 0.3163762607725638 0.33389468531630906 0.34972905391112696
9 520.0 0.0 -1.0 -1.0 -1.0 0.0 0.32167133164691064 0.32537814211778227 0.3529505262353071
9 521.0 0.0 -1.0 -1.0 -1.0 0.0 0.3456474171434447 0.3052240712953788 0.3491285115611765
9 522.0 0.0 -1.0 -1.0 -1.0 0.0 0.3655267382601506 0.29492182443907783 0.3395514373007716
9 523.0 0.0 -1.0 -1.0 -1.0 0.0 0.3723876849724394 0.3009275653885218 0.3266847496390389
9 524.0 0.0 -1.0 -1.0 -1.0 0.0 0.3425135448061528 0.32629816239882564 0.33118829279502165
9 525.0 0.0 -1.0 -1.0 -1.0 0.0 0.35549859190713606 0.33880278801226493 0.3056986200805989
9 526.0 0.0 -1.0 -1.0 -1.0 0.0 0.3277364460599119 0.35532789444027424 0.3169356594998139
9 527.0 0.0 -1.0 -1.0 -1.0 0.0 0.32320822322623116 0.37838573120429525 0.2984060455694738
9 528.0 0.0 -1.0 -1.0 -1.0 0.0 0.35601347017787327 0.36796577402520486 0.2760207557969219
9 529.0 0.0 -1.0 -1.0 -1.0 0.0 0.3812566019366498 0.35762346950573437 0.2611199285576159
9 530.0 0.0 -1.0 -1.0 -1.0 0.0 0.36110215656631195 0.36389886362206125 0.2749989798116269
9 531.0 0.0 -1.0 -1.0 -1.0 0.0 0.3268074980872444 0.35861148090746725 0.3145810210052885
9 532.0 0.0 -1.0 -1.0 -1.0 0.0 0.31705548483259305 0.3534894856795664 0.3294550294878407
9 533.0 0.0 -1.0 -1.0 -1.0 0.0 0.3073049943279965 0.3416651234657601 0.3510298822062431
9 534.0 0.0 -1.0 -1.0 -1.0 0.0 0.34432221799186224 0.33979476426855576 0.31588301773958194
9 535.0 0.0 -1.0 -1.0 -1.0 0.0 0.3183772044353857 0.3478106983297033 0.3338120972349109
9 536.0 0.0 -1.0 -1.0 -1.0 0.0 0.3209636061625516 0.3299778682714021 0.34905852556604594
9 537.0 0.0 -1.0 -1.0 -1.0 0.0 0.3138020089456866 0.3260856831545916 0.36011230789972165
9 538.0 0.0 -1.0 -1.0 -1.0 0.0 0.3314759009567455 0.3154017278442748 0.35312237119897966
9 539.0 0.0 -1.0 -1.0 -1.0 0.0 0.33842279846022294 0.32502581442527734 0.33655138711449945
9 540.0 0.0 -1.0 -1.0 -1.0 0.0 0.31889219575184496 0.3213315634088265 0.3597762408393287
9 541.0 0.0 -1.0 -1.0 -1.0 0.0 0.3380246650732803 0.3176194431305112 0.34435589179620857
9 542.0 0.0 -1.0 -1.0 -1.0 0.0 0.29433205755787345 0.34663416254992635 0.3590337798922003
9 543.0 0.0 -1.0 -1.0 -1.0 0.0 0.3279699606366256 0.3432550721279988 0.32877496723537564
9 544.0 0.0 -1.0 -1.0 -1.0 0.0 0.33078687158934345 0.32856677585866295 0.3406463525519937
9 545.0 0.0 -1.0 -1.0 -1.0 0.0 0.3415925421768169 0.3298347010028971 0.32857275682028586
9 546.0 0.0 -1.0 -1.0 -1.0 0.0 0.352629247349116 0.3211327608280667 0.3262379918228174
9 547.0 0.0 -1.0 -1.0 -1.0 0.0 0.3261172360451311 0.3178296360291872 0.3560531279256816
9 548.0 0.0 -1.0 -1.0 -1.0 0.0 0.34136740396144627 0.31464173815717567 0.343990857881378
9 549.0 0.0 -1.0 -1.0 -1.0 0.0 0.3536008574705869 0.29851183144326543 0.34788731108614757
9 550.0 0.0 -1.0 -1.0 -1.0 0.0 0.36061217400019835 0.28789254396216674 0.35149528203763486
9 551.0 0.0 -1.0 -1.0 -1.0 0.0 0.3570781320169671 0.2755282342576681 0.3673936337253649
9 552.0 0.0 -1.0 -1.0 -1.0 0.0 0.323840503558305 0.2947468723561539 0.3814126240855412
9 553.0 0.0 -1.0 -1.0 -1.0 0.0 0.3235083487082442 0.3065492504997962 0.3699424007919594
9 554.0 0.0 -1.0 -1.0 -1.0 0.0 0.3196207201472814 0.3212799863399905 0.3590992935127282
9 555.0 0.0 -1.0 -1.0 -1.0 0.0 0.32565033378557035 0.33318121282391827 0.34116845339051144
9 556.0 0.0 -1.0 -1.0 -1.0 0.0 0.31407340834040925 0.30985217587571023 0.3760744157838806
9 557.0 0.0 -1.0 -1.0 -1.0 0.0 0.3237683714751857 0.31666765226903704 0.35956397625577724
9 558.0 0.0 -1.0 -1.0 -1.0 0.0 0.3518883383147853 0.28408485654596777 0.364026805139247
9 559.0 0.0 -1.0 -1.0 -1.0 0.0 0.35709788817244137 0.3123565096825462 0.3305456021450125
9 560.0 0.0 -1.0 -1.0 -1.0 0.0 0.3687619242243739 0.2953957769351279 0.3358422988404982
9 561.0 0.0 -1.0 -1.0 -1.0 0.0 0.3634565070342349 0.33282694075920083 0.3037165522065645
9 562.0 0.0 -1.0 -1.0 -1.0 0.0 0.3578253815396872 0.32118935027358814 0.3209852681867249
9 563.0 0.0 -1.0 -1.0 -1.0 0.0 0.3796688616101478 0.3137574913597508 0.30657364703010154
9 564.0 0.0 -1.0 -1.0 -1.0 0.0 0.3686182423054884 0.3034049290931666 0.3279768286013449
9 565.0 0.0 -1.0 -1.0 -1.0 0.0 0.33992077911171087 0.3247443101858293 0.33533491070245985
9 566.0 0.0 -1.0 -1.0 -1.0 0.0 0.3584504172424802 0.32236099214084163 0.31918859061667837
9 567.0 0.0 -1.0 -1.0 -1.0 0.0 0.34646713712689164 0.32093325787599186 0.3325996049971166
9 568.0 0.0 -1.0 -1.0 -1.0 0.0 0.315708257842291 0.33099133964411565 0.3533004025135934
9 569.0 0.0 -1.0 -1.0 -1.0 0.0 0.30113193447589837 0.3318336973423046 0.3670343681817972
9 570.0 0.0 -1.0 -1.0 -1.0 0.0 0.29976061443023155 0.3547150279761783 0.34552435759359007
9 571.0 0.0 -1.0 -1.0 -1.0 0.0 0.2813763681646453 0.36772280633771814 0.3509008254976366
9 572.0 0.0 -1.0 -1.0 -1.0 0.0 0.2830696964698131 0.36299328635649486 0.3539370171736919
9 573.0 0.0 -1.0 -1.0 -1.0 0.0 0.2936124305494338 0.35145380216014976 0.35493376729041637
9 574.0 0.0 -1.0 -1.0 -1.0 0.0 0.30360005337451157 0.32548690951835674 0.3709130371071317
9 575.0 0.0 -1.0 -1.0 -1.0 0.0 0.30240663922914185 0.31993692419133346 0.3776564365795247
9 576.0 0.0 -1.0 -1.0 -1.0 0.0 0.30926265895377497 0.3218212653192913 0.36891607572693397
9 577.0 0.0 -1.0 -1.0 -1.0 0.0 0.33691300084854986 0.3303441838162182 0.33274281533523203
9 578.0 0.0 -1.0 -1.0 -1.0 0.0 0.32891778791778237 0.32684752804838985 0.3442346840338276
9 579.0 0.0 -1.0 -1.0 -1.0 0.0 0.28599682734875204 0.358885134361714 0.35511803828953403
9 580.0 0.0 -1.0 -1.0 -1.0 0.0 0.30787716527951225 0.3321484664058566 0.3599743683146309
9 581.0 0.0 -1.0 -1.0 -1.0 0.0 0.3144902959897376 0.3441597622521483 0.3413499417581141
9 582.0 0.0 -1.0 -1.0 -1.0 0.0 0.3173976466044197 0.3185945579781632 0.3640077954174171
9 583.0 0.0 -1.0 -1.0 -1.0 0.0 0.33240806792949 0.33388081363860705 0.333711118431903
9 584.0 0.0 -1.0 -1.0 -1.0 0.0 0.35516009787266056 0.33496396793782024 0.3098759341895192
9 585.0 0.0 -1.0 -1.0 -1.0 0.0 0.3568995711023104 0.3404328111194498 0.3026676177782399
9 586.0 0.0 -1.0 -1.0 -1.0 0.0 0.3599678996891219 0.34020892499387023 0.2998231753170079
9 587.0 0.0 -1.0 -1.0 -1.0 0.0 0.3397863178285933 0.3418860645572851 0.3183276176141216
9 588.0 0.0 -1.0 -1.0 -1.0 0.0 0.32109297515204566 0.32718647604567436 0.35172054880228004
9 589.0 0.0 -1.0 -1.0 -1.0 0.0 0.32579586650699255 0.31613853990381724 0.35806559358919005
9 590.0 0.0 -1.0 -1.0 -1.0 0.0 0.29507430821419767 0.3138420270595694 0.3910836647262332
9 591.0 0.0 -1.0 -1.0 -1.0 0.0 0.2920600554774441 0.31194532095424193 0.3959946235683141
9 592.0 0.0 -1.0 -1.0 -1.0 0.0 0.30581758580080554 0.3181549283220071 0.3760274858771872
9 593.0 0.0 -1.0 -1.0 -1.0 0.0 0.3054601244405595 0.29924185627189814 0.3952980192875424
9 594.0 0.0 -1.0 -1.0 -1.0 0.0 0.3057498783010066 0.3165207611810735 0.37772936051791994
9 595.0 0.0 -1.0 -1.0 -1.0 0.0 0.3165433286913194 0.306538808485895 0.37691786282278555
9 596.0 0.0 -1.0 -1.0 -1.0 0.0 0.3083499127163484 0.3169794773948992 0.37467060988875267
9 597.0 0.0 -1.0 -1.0 -1.0 0.0 0.3113641718008987 0.3283181666803039 0.36031766151879746
9 598.0 0.0 -1.0 -1.0 -1.0 0.0 0.31307754231153495 0.3273073666771244 0.3596150910113405
9 599.0 0.0 -1.0 -1.0 -1.0 0.0 0.297421614103625 0.331971634654305 0.37060675124207004
9 600.0 0.0 -1.0 -1.0 -1.0 0.0 0.2820153123535965 0.34672917910159545 0.37125550854480827
9 601.0 0.0 -1.0 -1.0 -1.0 0.0 0.2761706148067411 0.32983053620199515 0.393998848991264
9 602.0 0.0 -1.0 -1.0 -1.0 0.0 0.2827192528507861 0.3329847995641389 0.3842959475850751
9 603.0 0.0 -1.0 -1.0 -1.0 0.0 0.31323378980801325 0.30399612401348003 0.3827700861785065
9 604.0 0.0 -1.0 -1.0 -1.0 0.0 0.32840249524815673 0.3407897085498429 0.33080779620200024
9 605.0 0.0 -1.0 -1.0 -1.0 0.0 0.33202322251680366 0.32458434755930143 0.3433924299238951
9 606.0 0.0 -1.0 -1.0 -1.0 0.0 0.3040204025961059 0.349043397199093 0.3469362002048012
9 607.0 0.0 -1.0 -1.0 -1.0 0.0 0.30803619768794405 0.3137729928252045 0.37819080948685124
9 608.0 0.0 -1.0 -1.0 -1.0 0.0 0.32512059675629884 0.3195271381228582 0.35535226512084284
9 609.0 0.0 -1.0 -1.0 -1.0 0.0 0.33228343348612926 0.32455251179102196 0.34316405472284905
9 610.0 0.0 -1.0 -1.0 -1.0 0.0 0.32437936759806846 0.30732683421979684 0.36829379818213454
9 611.0 0.0 -1.0 -1.0 -1.0 0.0 0.3256325334934751 0.30240143415805215 0.3719660323484726
9 612.0 0.0 -1.0 -1.0 -1.0 0.0 0.3372037206193436 0.32473480899366997 0.33806147038698653
9 613.0 0.0 -1.0 -1.0 -1.0 0.0 0.32031388135144545 0.3470853752240183 0.3326007434245365
9 614.0 0.0 -1.0 -1.0 -1.0 0.0 0.29960566647922027 0.3439878158514581 0.35640651766932147
9 615.0 0.0 -1.0 -1.0 -1.0 0.0 0.2898427022458685 0.36507517683323853 0.34508212092089285
9 616.0 0.0 -1.0 -1.0 -1.0 0.0 0.2949782108845029 0.3625270453989055 0.34249474371659183
9 617.0 0.0 -1.0 -1.0 -1.0 0.0 0.30574320115476056 0.3543926059502043 0.339864192895035
9 618.0 0.0 -1.0 -1.0 -1.0 0.0 0.31309315046408615 0.3510205106486133 0.33588633888730046
9 619.0 0.0 -1.0 -1.0 -1.0 0.0 0.34425459079785276 0.32966322501350126 0.3260821841886459
9 620.0 0.0 -1.0 -1.0 -1.0 0.0 0.3675640373203668 0.31787999356165847 0.31455596911797495
9 621.0 0.0 -1.0 -1.0 -1.0 0.0 0.35333574029859155 0.3179333432582344 0.3287309164431738
9 622.0 0.0 -1.0 -1.0 -1.0 0.0 0.3458469579417299 0.3444473648822464 0.30970567717602365
9 623.0 0.0 -1.0 -1.0 -1.0 0.0 0.3389768246246803 0.3505088845268127 0.3105142908485067
9 624.0 0.0 -1.0 -1.0 -1.0 0.0 0.3453903666686599 0.33316356364476607 0.32144606968657435
9 625.0 0.0 -1.0 -1.0 -1.0 0.0 0.37655198585549526 0.2888093659783009 0.33463864816620387
9 626.0 0.0 -1.0 -1.0 -1.0 0.0 0.35229931615115306 0.31794833055208005 0.32975235329676694
9 627.0 0.0 -1.0 -1.0 -1.0 0.0 0.34472221208578085 0.3100801741185503 0.3451976137956688
9 628.0 0.0 -1.0 -1.0 -1.0 0.0 0.3405622006418855 0.30016017591458466 0.3592776234435297
9 629.0 0.0 -1.0 -1.0 -1.0 0.0 0.3465240162192278 0.3267608862259751 0.32671509755479705
9 630.0 0.0 -1.0 -1.0 -1.0 0.0 0.329814696084859 0.34192823877987794 0.3282570651352629
9 631.0 0.0 -1.0 -1.0 -1.0 0.0 0.3324697059842587 0.3397115920921743 0.32781870192356716
9 632.0 0.0 -1.0 -1.0 -1.0 0.0 0.3350879318119215 0.32884309236651005 0.3360689758215685
9 633.0 0.0 -1.0 -1.0 -1.0 0.0 0.3343041245339849 0.3483889962738149 0.3173068791922
9 634.0 0.0 -1.0 -1.0 -1.0 0.0 0.33791423727293507 0.3261747428580907 0.335911019868974
9 635.0 0.0 -1.0 -1.0 -1.0 0.0 0.3537247994992386 0.3347251835129123 0.31155001698784923
9 636.0 0.0 -1.0 -1.0 -1.0 0.0 0.35963094006238294 0.32232601738329014 0.318043042554327
9 637.0 0.0 -1.0 -1.0 -1.0 0.0 0.3490367093165823 0.32296278345357793 0.3280005072298398
9 638.0 0.0 -1.0 -1.0 -1.0 0.0 0.340293941464826 0.32568332704467 0.3340227314905039
9 639.0 0.0 -1.0 -1.0 -1.0 0.0 0.3355009054758832 0.34151616637295246 0.32298292815116425
9 640.0 0.0 -1.0 -1.0 -1.0 0.0 0.3085727138680615 0.34966639613644007 0.3417608899954983
9 641.0 0.0 -1.0 -1.0 -1.0 0.0 0.32750940615329965 0.3476105381662554 0.32488005568044515
9 642.0 0.0 -1.0 -1.0 -1.0 0.0 0.32641236038897536 0.35817541673283165 0.31541222287819276
9 643.0 0.0 -1.0 -1.0 -1.0 0.0 0.327701216808722 0.3436176788601935 0.32868110433108455
9 644.0 0.0 -1.0 -1.0 -1.0 0.0 0.34351548946378585 0.34527778778370766 0.3112067227525065
9 645.0 0.0 -1.0 -1.0 -1.0 0.0 0.34013833776408453 0.353018183030486 0.3068434792054298
9 646.0 0.0 -1.0 -1.0 -1.0 0.0 0.3460847170775553 0.34657283930073546 0.3073424436217089
9 647.0 0.0 -1.0 -1.0 -1.0 0.0 0.3583728819824477 0.33963160774428397 0.30199551027326854
9 648.0 0.0 -1.0 -1.0 -1.0 0.0 0.32632321128837705 0.3461798347469341 0.32749695396468903
9 649.0 0.0 -1.0 -1.0 -1.0 0.0 0.3382014612189761 0.3189969487899544 0.3428015899910698
9 650.0 0.0 -1.0 -1.0 -1.0 0.0 0.3454077472819639 0.3449678750135758 0.3096243777044603
9 651.0 0.0 -1.0 -1.0 -1.0 0.0 0.3593589400206897 0.32039373743697735 0.32024732254233285
9 652.0 0.0 -1.0 -1.0 -1.0 0.0 0.37203522542224265 0.33437844127755895 0.2935863333001983
9 653.0 0.0 -1.0 -1.0 -1.0 0.0 0.3555275664136143 0.34366428825582823 0.30080814533055766
9 654.0 0.0 -1.0 -1.0 -1.0 0.0 0.3235765215619361 0.35437825264339096 0.3220452257946728
9 655.0 0.0 -1.0 -1.0 -1.0 0.0 0.3225008330729821 0.35846084904739056 0.3190383178796272
9 656.0 0.0 -1.0 -1.0 -1.0 0.0 0.3301983186855628 0.3422169452664941 0.3275847360479433
9 657.0 0.0 -1.0 -1.0 -1.0 0.0 0.3008849000535566 0.3356734000282106 0.36344169991823283
9 658.0 0.0 -1.0 -1.0 -1.0 0.0 0.33927939794097 0.31048680127748574 0.35023380078154426
9 659.0 0.0 -1.0 -1.0 -1.0 0.0 0.32803513352900493 0.3339178980977081 0.33804696837328696
9 660.0 0.0 -1.0 -1.0 -1.0 0.0 0.2992065566883422 0.33293236186251385 0.3678610814491441
9 661.0 0.0 -1.0 -1.0 -1.0 0.0 0.29430087607120714 0.34507288102475825 0.3606262429040345
9 662.0 0.0 -1.0 -1.0 -1.0 0.0 0.32210286753215 0.3709692044567334 0.30692792801111657
9 663.0 0.0 -1.0 -1.0 -1.0 0.0 0.35391416550606974 0.3458255598714864 0.30026027462244365
9 664.0 0.0 -1.0 -1.0 -1.0 0.0 0.3540010572030907 0.34024302277372087 0.3057559200231883
9 665.0 0.0 -1.0 -1.0 -1.0 0.0 0.32783551246830805 0.338614524696968 0.33354996283472416
9 666.0 0.0 -1.0 -1.0 -1.0 0.0 0.30973001456586785 0.33214841574284165 0.3581215696912901
9 667.0 0.0 -1.0 -1.0 -1.0 0.0 0.3231230187672706 0.33217880706921177 0.3446981741635174
9 668.0 0.0 -1.0 -1.0 -1.0 0.0 0.2997100801260074 0.3546938438644925 0.34559607600949993
9 669.0 0.0 -1.0 -1.0 -1.0 0.0 0.3165816062938577 0.34033999627685124 0.34307839742929097
9 670.0 0.0 -1.0 -1.0 -1.0 0.0 0.3252571087449323 0.32938293250576933 0.3453599587492983
9 671.0 0.0 -1.0 -1.0 -1.0 0.0 0.312338731446464 0.33923386933360544 0.3484273992199306
9 672.0 0.0 -1.0 -1.0 -1.0 0.0 0.3093474310327371 0.35051861632128734 0.34013395264597585
9 673.0 0.0 -1.0 -1.0 -1.0 0.0 0.3510124403354053 0.3362068199918285 0.3127807396727661
9 674.0 0.0 -1.0 -1.0 -1.0 0.0 0.33681808088822085 0.3343060831537565 0.32887583595802256
9 675.0 0.0 -1.0 -1.0 -1.0 0.0 0.3679417082399133 0.3222730908366659 0.30978520092342066
9 676.0 0.0 -1.0 -1.0 -1.0 0.0 0.3675637770859818 0.3223306358094485 0.3101055871045695
9 677.0 0.0 -1.0 -1.0 -1.0 0.0 0.3568929952192956 0.32555247176012664 0.3175545330205776
9 678.0 0.0 -1.0 -1.0 -1.0 0.0 0.3299235738106161 0.33097547931080173 0.3391009468785825
9 679.0 0.0 -1.0 -1.0 -1.0 0.0 0.35298732584508585 0.30889039169314064 0.3381222824617736
9 680.0 0.0 -1.0 -1.0 -1.0 0.0 0.34483702576104575 0.31480835751809316 0.34035461672086115
9 681.0 0.0 -1.0 -1.0 -1.0 0.0 0.35984830381697797 0.27505919584623567 0.3650925003367864
9 682.0 0.0 -1.0 -1.0 -1.0 0.0 0.37278613462288185 0.294838733522051 0.3323751318550674
9 683.0 0.0 -1.0 -1.0 -1.0 0.0 0.3602218868032259 0.291658903514853 0.34811920968192117
9 684.0 0.0 -1.0 -1.0 -1.0 0.0 0.35841782073321776 0.2990163026675663 0.34256587659921595
9 685.0 0.0 -1.0 -1.0 -1.0 0.0 0.39519831172556996 0.27215676895211294 0.332644919322317
9 686.0 0.0 -1.0 -1.0 -1.0 0.0 0.3972862836197049 0.2916748109722868 0.3110389054080082
9 687.0 0.0 -1.0 -1.0 -1.0 0.0 0.36662492820616194 0.3084576451325298 0.3249174266613082
9 688.0 0.0 -1.0 -1.0 -1.0 0.0 0.39688005780422186 0.2770380735463376 0.3260818686494406
9 689.0 0.0 -1.0 -1.0 -1.0 0.0 0.3494932622295478 0.3002887152682239 0.3502180225022284
9 690.0 0.0 -1.0 -1.0 -1.0 0.0 0.3540442916349383 0.2749425858641418 0.37101312250091995
9 691.0 0.0 -1.0 -1.0 -1.0 0.0 0.36270767905349033 0.24500669911800776 0.39228562182850185
9 692.0 0.0 -1.0 -1.0 -1.0 0.0 0.37619672241839763 0.2742857787896658 0.3495174987919363
9 693.0 0.0 -1.0 -1.0 -1.0 0.0 0.35857081057834495 0.28276366845318207 0.35866552096847343
9 694.0 0.0 -1.0 -1.0 -1.0 0.0 0.3526096359868731 0.27907159067965376 0.3683187733334733
9 695.0 0.0 -1.0 -1.0 -1.0 0.0 0.33469008607730255 0.28739101247628057 0.377918901446417
9 696.0 0.0 -1.0 -1.0 -1.0 0.0 0.33922386296926893 0.28920322384436525 0.37157291318636565
9 697.0 0.0 -1.0 -1.0 -1.0 0.0 0.3228609465965762 0.3070421568236016 0.37009689657982187
9 698.0 0.0 -1.0 -1.0 -1.0 0.0 0.3593293842504095 0.29264095626757397 0.34802965948201625
9 699.0 0.0 -1.0 -1.0 -1.0 0.0 0.34834518737962467 0.3114748420459088 0.3401799705744665
9 700.0 0.0 -1.0 -1.0 -1.0 0.0 0.3567958417000674 0.31575138885538057 0.327452769444552
9 701.0 0.0 -1.0 -1.0 -1.0 0.0 0.3507570066827612 0.3195870666006028 0.329655926716636
9 702.0 0.0 -1.0 -1.0 -1.0 0.0 0.3379234520818615 0.3258396645763819 0.33623688334175666
9 703.0 0.0 -1.0 -1.0 -1.0 0.0 0.32356487038457327 0.339270725138668 0.3371644044767585
9 704.0 0.0 -1.0 -1.0 -1.0 0.0 0.3601479038372256 0.3080260698957558 0.3318260262670186
9 705.0 0.0 -1.0 -1.0 -1.0 0.0 0.3413134639664501 0.3066914155707506 0.35199512046279935
9 706.0 0.0 -1.0 -1.0 -1.0 0.0 0.3440421256367391 0.31543421957909545 0.34052365478416524
9 707.0 0.0 -1.0 -1.0 -1.0 0.0 0.35742417664204323 0.3157992338504074 0.32677658950754945
9 708.0 0.0 -1.0 -1.0 -1.0 0.0 0.36884315720035077 0.3102766479652975 0.3208801948343518
9 709.0 0.0 -1.0 -1.0 -1.0 0.0 0.3521734893424819 0.3146626847828079 0.3331638258747101
9 710.0 0.0 -1.0 -1.0 -1.0 0.0 0.34826165456863356 0.29931107278291547 0.35242727264845114
9 711.0 0.0 -1.0 -1.0 -1.0 0.0 0.35655852871498744 0.2927837304257384 0.3506577408592741
9 712.0 0.0 -1.0 -1.0 -1.0 0.0 0.3509900939555528 0.27636185452484413 0.37264805151960345
9 713.0 0.0 -1.0 -1.0 -1.0 0.0 0.33450442683106923 0.2726327276874689 0.392862845481462
9 714.0 0.0 -1.0 -1.0 -1.0 0.0 0.3265831616387375 0.276523353196273 0.3968934851649893
9 715.0 0.0 -1.0 -1.0 -1.0 0.0 0.33443949820141455 0.2972916018012132 0.368268899997372
9 716.0 0.0 -1.0 -1.0 -1.0 0.0 0.344525051941133 0.3092149894765902 0.34625995858227704
9 717.0 0.0 -1.0 -1.0 -1.0 0.0 0.3588686002268701 0.30406582075371225 0.3370655790194177
9 718.0 0.0 -1.0 -1.0 -1.0 0.0 0.3394345235037102 0.3442555904718926 0.3163098860243973
9 719.0 0.0 -1.0 -1.0 -1.0 0.0 0.34702234647828867 0.3285351009904738 0.32444255253123727
9 720.0 0.0 -1.0 -1.0 -1.0 0.0 0.3308253078822242 0.33154855214181345 0.33762613997596247
9 721.0 0.0 -1.0 -1.0 -1.0 0.0 0.29677722853112093 0.3487036016978595 0.3545191697710197
9 722.0 0.0 -1.0 -1.0 -1.0 0.0 0.3437768171569906 0.30939423296627877 0.34682894987673074
9 723.0 0.0 -1.0 -1.0 -1.0 0.0 0.3377764629181403 0.30871015359980497 0.3535133834820546
9 724.0 0.0 -1.0 -1.0 -1.0 0.0 0.35302226955977906 0.2969395240220274 0.35003820641819344
9 725.0 0.0 -1.0 -1.0 -1.0 0.0 0.34269696344068906 0.3101206668762937 0.3471823696830173
9 726.0 0.0 -1.0 -1.0 -1.0 0.0 0.35300159851366103 0.3184008988664448 0.32859750261989396
9 727.0 0.0 -1.0 -1.0 -1.0 0.0 0.332967070072584 0.31403859344625423 0.35299433648116163
9 728.0 0.0 -1.0 -1.0 -1.0 0.0 0.3517497410078029 0.3229667062814265 0.3252835527107705
9 729.0 0.0 -1.0 -1.0 -1.0 0.0 0.32683822999532874 0.3228320973682524 0.35032967263641873
9 730.0 0.0 -1.0 -1.0 -1.0 0.0 0.33653522549708426 0.3388374616021951 0.32462731290072083
9 731.0 0.0 -1.0 -1.0 -1.0 0.0 0.3058264163227768 0.327307337113376 0.36686624656384736
9 732.0 0.0 -1.0 -1.0 -1.0 0.0 0.3058531631621913 0.3459104456869623 0.3482363911508463
9 733.0 0.0 -1.0 -1.0 -1.0 0.0 0.3051145767690133 0.33754027621770427 0.35734514701328235
9 734.0 0.0 -1.0 -1.0 -1.0 0.0 0.2848659832182623 0.36664757463524356 0.3484864421464939
9 735.0 0.0 -1.0 -1.0 -1.0 0.0 0.2914116316478443 0.35284335817114104 0.35574501018101473
9 736.0 0.0 -1.0 -1.0 -1.0 0.0 0.31463956289508993 0.3166830371573657 0.3686773999475445
9 737.0 0.0 -1.0 -1.0 -1.0 0.0 0.29571502415422407 0.3216145689917067 0.38267040685406906
9 738.0 0.0 -1.0 -1.0 -1.0 0.0 0.29888824030526456 0.3218973255449276 0.37921443414980777
9 739.0 0.0 -1.0 -1.0 -1.0 0.0 0.30994153239782724 0.3409269614101742 0.3491315061919987
9 740.0 0.0 -1.0 -1.0 -1.0 0.0 0.32594042260744466 0.3312864533418359 0.34277312405071947
9 741.0 0.0 -1.0 -1.0 -1.0 0.0 0.3264865493858762 0.34095013252351697 0.33256331809060674
9 742.0 0.0 -1.0 -1.0 -1.0 0.0 0.32348805097227945 0.3367159431584677 0.3397960058692526
9 743.0 0.0 -1.0 -1.0 -1.0 0.0 0.308820425498541 0.3391527866360714 0.35202678786538755
9 744.0 0.0 -1.0 -1.0 -1.0 0.0 0.28286835022907075 0.359971448212723 0.35716020155820616
9 745.0 0.0 -1.0 -1.0 -1.0 0.0 0.29537512454748416 0.3855902316129277 0.31903464383958824
9 746.0 0.0 -1.0 -1.0 -1.0 0.0 0.29398131700227176 0.386318756341897 0.31969992665583125
9 747.0 0.0 -1.0 -1.0 -1.0 0.0 0.3253467592981763 0.3423572261111619 0.33229601459066155
9 748.0 0.0 -1.0 -1.0 -1.0 0.0 0.3231644977931769 0.36126057251828547 0.31557492968853795
9 749.0 0.0 -1.0 -1.0 -1.0 0.0 0.3187744588194421 0.34670125656604683 0.3345242846145111
9 750.0 0.0 -1.0 -1.0 -1.0 0.0 0.32028811068923807 0.33150075451779815 0.34821113479296384
9 751.0 0.0 -1.0 -1.0 -1.0 0.0 0.3314463557109253 0.33188066879720174 0.3366729754918729
9 752.0 0.0 -1.0 -1.0 -1.0 0.0 0.3317181132510519 0.31997864330051273 0.34830324344843533
9 753.0 0.0 -1.0 -1.0 -1.0 0.0 0.30599529037213763 0.34165591102902126 0.35234879859884094
9 754.0 0.0 -1.0 -1.0 -1.0 0.0 0.3215002286901618 0.3240434948433992 0.35445627646643885
9 755.0 0.0 -1.0 -1.0 -1.0 0.0 0.33224438952630336 0.33624444391427866 0.3315111665594182
9 756.0 0.0 -1.0 -1.0 -1.0 0.0 0.31991990104605 0.3375308974945708 0.3425492014593793
9 757.0 0.0 -1.0 -1.0 -1.0 0.0 0.32320940944160514 0.32700455892236663 0.34978603163602817
9 758.0 0.0 -1.0 -1.0 -1.0 0.0 0.3177959826723631 0.33334377140521665 0.3488602459224202
9 759.0 0.0 -1.0 -1.0 -1.0 0.0 0.3027254150499805 0.33471291614610366 0.36256166880391566
9 760.0 0.0 -1.0 -1.0 -1.0 0.0 0.32077964140252896 0.327500830565571 0.3517195280318999
9 761.0 0.0 -1.0 -1.0 -1.0 0.0 0.31158492055805814 0.36548347030814105 0.32293160913380076
9 762.0 0.0 -1.0 -1.0 -1.0 0.0 0.30361368627407903 0.3737095226831981 0.32267679104272295
9 763.0 0.0 -1.0 -1.0 -1.0 0.0 0.322709804546042 0.358416669702031 0.318873525751927
9 764.0 0.0 -1.0 -1.0 -1.0 0.0 0.3271103990765337 0.33415567563183773 0.33873392529162855
9 765.0 0.0 -1.0 -1.0 -1.0 0.0 0.34057341057354035 0.32548770550400596 0.33393888392245363
9 766.0 0.0 -1.0 -1.0 -1.0 0.0 0.32903971023674616 0.32220596264183904 0.34875432712141496
9 767.0 0.0 -1.0 -1.0 -1.0 0.0 0.35693887816802466 0.2963279533304679 0.3467331685015075
9 768.0 0.0 -1.0 -1.0 -1.0 0.0 0.34197024338839926 0.32032471819752106 0.33770503841407973
9 769.0 0.0 -1.0 -1.0 -1.0 0.0 0.3614717908342521 0.33304954360507016 0.30547866556067754
9 770.0 0.0 -1.0 -1.0 -1.0 0.0 0.3612713713823579 0.33044160876615614 0.3082870198514859
9 771.0 0.0 -1.0 -1.0 -1.0 0.0 0.3539755771712507 0.3456978364929211 0.30032658633582815
9 772.0 0.0 -1.0 -1.0 -1.0 0.0 0.3346273886396208 0.32874084319794733 0.3366317681624318
9 773.0 0.0 -1.0 -1.0 -1.0 0.0 0.35482151338893675 0.33705008270472336 0.3081284039063405
9 774.0 0.0 -1.0 -1.0 -1.0 0.0 0.32701034870823853 0.3666481166183242 0.3063415346734373
9 775.0 0.0 -1.0 -1.0 -1.0 0.0 0.3292100841324451 0.373321188769748 0.29746872709780686
9 776.0 0.0 -1.0 -1.0 -1.0 0.0 0.3194316324131857 0.37960425108331625 0.30096411650349814
9 777.0 0.0 -1.0 -1.0 -1.0 0.0 0.3383358590535181 0.33981817339750486 0.32184596754897704
9 778.0 0.0 -1.0 -1.0 -1.0 0.0 0.300965315044511 0.3510496442186956 0.3479850407367933
9 779.0 0.0 -1.0 -1.0 -1.0 0.0 0.30226807968593067 0.3463440225571951 0.3513878977568741
9 780.0 0.0 -1.0 -1.0 -1.0 0.0 0.3157680578622182 0.35359553516499936 0.3306364069727824
9 781.0 0.0 -1.0 -1.0 -1.0 0.0 0.31753023150943727 0.3538728999490357 0.32859686854152687
9 782.0 0.0 -1.0 -1.0 -1.0 0.0 0.30442601941833397 0.35009944133497334 0.3454745392466926
9 783.0 0.0 -1.0 -1.0 -1.0 0.0 0.29166520835703935 0.3720458781860869 0.3362889134568735
9 784.0 0.0 -1.0 -1.0 -1.0 0.0 0.3095250261768743 0.3478510559299474 0.34262391789317836
9 785.0 0.0 -1.0 -1.0 -1.0 0.0 0.3119910921276821 0.3527179529752759 0.33529095489704214
9 786.0 0.0 -1.0 -1.0 -1.0 0.0 0.309635702813589 0.3332620031409074 0.35710229404550353
9 787.0 0.0 -1.0 -1.0 -1.0 0.0 0.3004631161693914 0.33089097038777765 0.36864591344283093
9 788.0 0.0 -1.0 -1.0 -1.0 0.0 0.31263778246372864 0.3061726529107457 0.38118956462552567
9 789.0 0.0 -1.0 -1.0 -1.0 0.0 0.31520696841202883 0.29775490381827835 0.38703812776969265
9 790.0 0.0 -1.0 -1.0 -1.0 0.0 0.3129844630389693 0.3123812040951578 0.3746343328658729
9 791.0 0.0 -1.0 -1.0 -1.0 0.0 0.2995933346202667 0.31683873318703076 0.3835679321927026
9 792.0 0.0 -1.0 -1.0 -1.0 0.0 0.30291709429208913 0.33544724610834087 0.3616356595995699
9 793.0 0.0 -1.0 -1.0 -1.0 0.0 0.2988905703587761 0.3467070699647299 0.3544023596764943
9 794.0 0.0 -1.0 -1.0 -1.0 0.0 0.29412604790418867 0.35468432030584507 0.3511896317899663
9 795.0 0.0 -1.0 -1.0 -1.0 0.0 0.31470948678717336 0.34335134452396987 0.34193916868885693
9 796.0 0.0 -1.0 -1.0 -1.0 0.0 0.3181536244707456 0.3440328070199976 0.3378135685092566
9 797.0 0.0 -1.0 -1.0 -1.0 0.0 0.3334833911040729 0.34960965173834196 0.31690695715758516
9 798.0 0.0 -1.0 -1.0 -1.0 0.0 0.33602693116409715 0.3393820112175275 0.32459105761837537
9 799.0 0.0 -1.0 -1.0 -1.0 0.0 0.34180616525333674 0.3246943161545522 0.33349951859211097
9 800.0 0.0 -1.0 -1.0 -1.0 0.0 0.35188409068133025 0.3314456949990251 0.31667021431964476
9 801.0 0.0 -1.0 -1.0 -1.0 0.0 0.34292024676216437 0.34258576054659223 0.31449399269124334
9 802.0 0.0 -1.0 -1.0 -1.0 0.0 0.3278650006938526 0.33050756816913657 0.3416274311370106
9 803.0 0.0 -1.0 -1.0 -1.0 0.0 0.312802121366725 0.3253093020725332 0.36188857656074186
9 804.0 0.0 -1.0 -1.0 -1.0 0.0 0.3147873194818353 0.32203568200799537 0.3631769985101694
9 805.0 0.0 -1.0 -1.0 -1.0 0.0 0.31122797565662447 0.3204834640198535 0.368288560323522
9 806.0 0.0 -1.0 -1.0 -1.0 0.0 0.30337100076444146 0.34066215536647837 0.3559668438690805
9 807.0 0.0 -1.0 -1.0 -1.0 0.0 0.3275071035459563 0.32874962493903154 0.3437432715150123
9 808.0 0.0 -1.0 -1.0 -1.0 0.0 0.30915775964235925 0.32919353481074354 0.3616487055468972
9 809.0 0.0 -1.0 -1.0 -1.0 0.0 0.33422062840510774 0.3232652720480484 0.34251409954684364
9 810.0 0.0 -1.0 -1.0 -1.0 0.0 0.327638636284431 0.31863075917825595 0.35373060453731314
9 811.0 0.0 -1.0 -1.0 -1.0 0.0 0.35296656575651975 0.3165213993757622 0.33051203486771796
9 812.0 0.0 -1.0 -1.0 -1.0 0.0 0.37248753884757446 0.30812666859718996 0.3193857925552356
9 813.0 0.0 -1.0 -1.0 -1.0 0.0 0.37707624449119836 0.29368465406320754 0.329239101445594
9 814.0 0.0 -1.0 -1.0 -1.0 0.0 0.37475157429132955 0.28961803901757105 0.33563038669109946
9 815.0 0.0 -1.0 -1.0 -1.0 0.0 0.3797111257427286 0.27809042491812086 0.3421984493391507
9 816.0 0.0 -1.0 -1.0 -1.0 0.0 0.3594417109110875 0.2888751091930342 0.35168317989587805
9 817.0 0.0 -1.0 -1.0 -1.0 0.0 0.33572259461780335 0.3010432494139371 0.3632341559682596
9 818.0 0.0 -1.0 -1.0 -1.0 0.0 0.34308356018408054 0.3171229742843533 0.3397934655315662
9 819.0 0.0 -1.0 -1.0 -1.0 0.0 0.32295200108649097 0.3474491917348924 0.3295988071786164
9 820.0 0.0 -1.0 -1.0 -1.0 0.0 0.3046762471125165 0.35559008634387246 0.3397336665436112
9 821.0 0.0 -1.0 -1.0 -1.0 0.0 0.3139566148251058 0.3450987863095941 0.34094459886530004
9 822.0 0.0 -1.0 -1.0 -1.0 0.0 0.3180911740729497 0.3405438404270617 0.3413649854999884
9 823.0 0.0 -1.0 -1.0 -1.0 0.0 0.31154696813241745 0.36272442360443796 0.3257286082631446
9 824.0 0.0 -1.0 -1.0 -1.0 0.0 0.3062205618826594 0.37691798842996577 0.31686144968737495
9 825.0 0.0 -1.0 -1.0 -1.0 0.0 0.32036832048516745 0.39491836224060284 0.2847133172742298
9 826.0 0.0 -1.0 -1.0 -1.0 0.0 0.3004638755259814 0.37506275468165234 0.324473369792366
9 827.0 0.0 -1.0 -1.0 -1.0 0.0 0.3042443647583162 0.39030252528779913 0.30545310995388475
9 828.0 0.0 -1.0 -1.0 -1.0 0.0 0.33117062071467357 0.365273526892523 0.3035558523928035
9 829.0 0.0 -1.0 -1.0 -1.0 0.0 0.37393942579607997 0.3363660147988772 0.28969455940504274
9 830.0 0.0 -1.0 -1.0 -1.0 0.0 0.36550157109542425 0.34061503959682826 0.29388338930774754
9 831.0 0.0 -1.0 -1.0 -1.0 0.0 0.34004670738967957 0.3435539741740287 0.31639931843629177
9 832.0 0.0 -1.0 -1.0 -1.0 0.0 0.34012602888037946 0.3613927717040951 0.29848119941552553
9 833.0 0.0 -1.0 -1.0 -1.0 0.0 0.3383028376020451 0.3516654734813682 0.3100316889165867
9 834.0 0.0 -1.0 -1.0 -1.0 0.0 0.36376263002816467 0.3249977260459201 0.3112396439259152
9 835.0 0.0 -1.0 -1.0 -1.0 0.0 0.34354555939217124 0.33363426605997726 0.32282017454785156
9 836.0 0.0 -1.0 -1.0 -1.0 0.0 0.3227373191364416 0.3403838293236439 0.33687885153991454
9 837.0 0.0 -1.0 -1.0 -1.0 0.0 0.29750542133173385 0.3553082825769481 0.3471862960913178
9 838.0 0.0 -1.0 -1.0 -1.0 0.0 0.29826700440783566 0.34484206482094815 0.35689093077121603
9 839.0 0.0 -1.0 -1.0 -1.0 0.0 0.2971438567429839 0.3509855274870187 0.35187061576999734
9 840.0 0.0 -1.0 -1.0 -1.0 0.0 0.3064720828090678 0.3526520077801129 0.3408759094108196
9 841.0 0.0 -1.0 -1.0 -1.0 0.0 0.31280964798702615 0.34656210068940474 0.3406282513235692
9 842.0 0.0 -1.0 -1.0 -1.0 0.0 0.32189735549750004 0.3321031580019031 0.3459994865005971
9 843.0 0.0 -1.0 -1.0 -1.0 0.0 0.29629094052753296 0.32932459902615574 0.3743844604463112
9 844.0 0.0 -1.0 -1.0 -1.0 0.0 0.3086278001502073 0.3343928335323721 0.35697936631742033
9 845.0 0.0 -1.0 -1.0 -1.0 0.0 0.32429448718054815 0.3414960470608533 0.33420946575859867
9 846.0 0.0 -1.0 -1.0 -1.0 0.0 0.3361287967631314 0.3412794993732905 0.3225917038635781
9 847.0 0.0 -1.0 -1.0 -1.0 0.0 0.3519195805428804 0.34049074091136267 0.30758967854575686
9 848.0 0.0 -1.0 -1.0 -1.0 0.0 0.3704705885423136 0.32679107012791797 0.30273834132976846
9 849.0 0.0 -1.0 -1.0 -1.0 0.0 0.32945152671225975 0.31803224905819344 0.35251622422954687
9 850.0 0.0 -1.0 -1.0 -1.0 0.0 0.3387199987548706 0.34704887877080925 0.3142311224743203
9 851.0 0.0 -1.0 -1.0 -1.0 0.0 0.3142681896554237 0.34855819946173505 0.3371736108828415
9 852.0 0.0 -1.0 -1.0 -1.0 0.0 0.31141274496200155 0.35974556655543644 0.3288416884825618
9 853.0 0.0 -1.0 -1.0 -1.0 0.0 0.3282140701183489 0.33026084873593575 0.34152508114571534
9 854.0 0.0 -1.0 -1.0 -1.0 0.0 0.32918284253749347 0.3332514938454177 0.33756566361708884
9 855.0 0.0 -1.0 -1.0 -1.0 0.0 0.35805934792556693 0.33354692720725476 0.3083937248671783
9 856.0 0.0 -1.0 -1.0 -1.0 0.0 0.3635493368569523 0.32966826006196703 0.30678240308108057
9 857.0 0.0 -1.0 -1.0 -1.0 0.0 0.34653906209984625 0.31366489089923016 0.33979604700092336
9 858.0 0.0 -1.0 -1.0 -1.0 0.0 0.3259833054203918 0.3326724077158502 0.3413442868637579
9 859.0 0.0 -1.0 -1.0 -1.0 0.0 0.302560283619732 0.3469394065567945 0.35050030982347347
9 860.0 0.0 -1.0 -1.0 -1.0 0.0 0.29843059765770863 0.32217734983650026 0.37939205250579083
9 861.0 0.0 -1.0 -1.0 -1.0 0.0 0.32746426496682524 0.29606913453687517 0.3764666004962995
9 862.0 0.0 -1.0 -1.0 -1.0 0.0 0.3290714323801167 0.3041302140931381 0.3667983535267453
9 863.0 0.0 -1.0 -1.0 -1.0 0.0 0.34201777584301124 0.33071911287744465 0.32726311127954405
9 864.0 0.0 -1.0 -1.0 -1.0 0.0 0.3176431611186492 0.36088318867584945 0.3214736502055011
9 865.0 0.0 -1.0 -1.0 -1.0 0.0 0.3274024053633584 0.3639303927480011 0.3086672018886405
9 866.0 0.0 -1.0 -1.0 -1.0 0.0 0.32383101069885667 0.35145071048780757 0.3247182788133356
9 867.0 0.0 -1.0 -1.0 -1.0 0.0 0.3173925890977812 0.34059538440985276 0.342012026492366
9 868.0 0.0 -1.0 -1.0 -1.0 0.0 0.3045580955691442 0.3273694591510232 0.3680724452798323
9 869.0 0.0 -1.0 -1.0 -1.0 0.0 0.3088713595538681 0.3451481440294829 0.34598049641664885
9 870.0 0.0 -1.0 -1.0 -1.0 0.0 0.2972980459806112 0.3517855712348014 0.3509163827845875
9 871.0 0.0 -1.0 -1.0 -1.0 0.0 0.3179358652788001 0.34213889643727824 0.33992523828392146
9 872.0 0.0 -1.0 -1.0 -1.0 0.0 0.30534220108139387 0.3474044787705847 0.34725332014802157
9 873.0 0.0 -1.0 -1.0 -1.0 0.0 0.30285570048339516 0.35557961574090124 0.34156468377570365
9 874.0 0.0 -1.0 -1.0 -1.0 0.0 0.30608283693562227 0.3505317942787231 0.34338536878565473
9 875.0 0.0 -1.0 -1.0 -1.0 0.0 0.32706882128495224 0.33196918412093657 0.3409619945941111
9 876.0 0.0 -1.0 -1.0 -1.0 0.0 0.3184909853670469 0.3398781042362753 0.34163091039667765
9 877.0 0.0 -1.0 -1.0 -1.0 0.0 0.3165151346156896 0.34504665959264386 0.33843820579166656
9 878.0 0.0 -1.0 -1.0 -1.0 0.0 0.3335045733550173 0.3405017934356863 0.32599363320929664
9 879.0 0.0 -1.0 -1.0 -1.0 0.0 0.3378708819304852 0.33242152311073675 0.32970759495877805
9 880.0 0.0 -1.0 -1.0 -1.0 0.0 0.3410006455448601 0.31798828919881694 0.3410110652563229
9 881.0 0.0 -1.0 -1.0 -1.0 0.0 0.365074841143775 0.31537978444333836 0.31954537441288666
9 882.0 0.0 -1.0 -1.0 -1.0 0.0 0.36013106009967344 0.31003875656931335 0.32983018333101327
9 883.0 0.0 -1.0 -1.0 -1.0 0.0 0.3993889595431314 0.27959478493189055 0.3210162555249783
9 884.0 0.0 -1.0 -1.0 -1.0 0.0 0.39870191512366626 0.27100731531948175 0.330290769556852
9 885.0 0.0 -1.0 -1.0 -1.0 0.0 0.3844052904059879 0.2860206309104777 0.3295740786835345
9 886.0 0.0 -1.0 -1.0 -1.0 0.0 0.3597306105759901 0.3122821563350775 0.3279872330889325
9 887.0 0.0 -1.0 -1.0 -1.0 0.0 0.3398569830872698 0.32246868417981284 0.3376743327329176
9 888.0 0.0 -1.0 -1.0 -1.0 0.0 0.3394121837473351 0.3087189120886354 0.3518689041640296
9 889.0 0.0 -1.0 -1.0 -1.0 0.0 0.32093007428037734 0.3260528270672416 0.353017098652381
9 890.0 0.0 -1.0 -1.0 -1.0 0.0 0.3052533453847131 0.3315410478626356 0.36320560675265123
9 891.0 0.0 -1.0 -1.0 -1.0 0.0 0.32134254200331386 0.3409398077359912 0.33771765026069483
9 892.0 0.0 -1.0 -1.0 -1.0 0.0 0.32467151692858337 0.3210530537673265 0.35427542930409034
9 893.0 0.0 -1.0 -1.0 -1.0 0.0 0.33845536529670456 0.3273573604531426 0.33418727425015304
9 894.0 0.0 -1.0 -1.0 -1.0 0.0 0.3494040696144701 0.31404190176938634 0.3365540286161437
9 895.0 0.0 -1.0 -1.0 -1.0 0.0 0.35577132167931425 0.3164459202308251 0.3277827580898603
9 896.0 0.0 -1.0 -1.0 -1.0 0.0 0.34795239210324247 0.3278063861344529 0.3242412217623047
9 897.0 0.0 -1.0 -1.0 -1.0 0.0 0.36603203058748546 0.3292469729268674 0.30472099648564727
9 898.0 0.0 -1.0 -1.0 -1.0 0.0 0.36753819406844357 0.3253604186455777 0.30710138728597863
9 899.0 0.0 -1.0 -1.0 -1.0 0.0 0.36962907392886746 0.3196777212013026 0.31069320486983004
9 900.0 0.0 -1.0 -1.0 -1.0 0.0 0.34753121529699904 0.32914666757274413 0.323322117130257
9 901.0 0.0 -1.0 -1.0 -1.0 0.0 0.34438834835290677 0.3192851162016175 0.3363265354454756
9 902.0 0.0 -1.0 -1.0 -1.0 0.0 0.3239083597194665 0.30105044611332016 0.3750411941672133
9 903.0 0.0 -1.0 -1.0 -1.0 0.0 0.33368656644459227 0.298537840543276 0.36777559301213175
9 904.0 0.0 -1.0 -1.0 -1.0 0.0 0.31195778307368877 0.3317028966317092 0.3563393202946022
9 905.0 0.0 -1.0 -1.0 -1.0 0.0 0.31319037965719415 0.33580309676991 0.35100652357289575
9 906.0 0.0 -1.0 -1.0 -1.0 0.0 0.31585660710619406 0.3416843186172304 0.34245907427657557
9 907.0 0.0 -1.0 -1.0 -1.0 0.0 0.3246705004599892 0.3248191196622709 0.35051037987773975
9 908.0 0.0 -1.0 -1.0 -1.0 0.0 0.32230382781814454 0.33380862128927646 0.34388755089257905
9 909.0 0.0 -1.0 -1.0 -1.0 0.0 0.34221637333698646 0.29866905213641254 0.35911457452660117
9 910.0 0.0 -1.0 -1.0 -1.0 0.0 0.3209722654422171 0.29604971958808934 0.38297801496969375
9 911.0 0.0 -1.0 -1.0 -1.0 0.0 0.3237650586083094 0.2906323539772432 0.38560258741444753
9 912.0 0.0 -1.0 -1.0 -1.0 0.0 0.34149641931161623 0.3101772356250724 0.34832634506331167
9 913.0 0.0 -1.0 -1.0 -1.0 0.0 0.29985756949526116 0.3392238088924746 0.36091862161226446
9 914.0 0.0 -1.0 -1.0 -1.0 0.0 0.285707833804184 0.37486532084853885 0.33942684534727696
9 915.0 0.0 -1.0 -1.0 -1.0 0.0 0.30525849444849323 0.3539769374317308 0.340764568119776
9 916.0 0.0 -1.0 -1.0 -1.0 0.0 0.31349372655638624 0.34015653081900693 0.3463497426246065
9 917.0 0.0 -1.0 -1.0 -1.0 0.0 0.3079181277641424 0.3225186771231821 0.3695631951126755
9 918.0 0.0 -1.0 -1.0 -1.0 0.0 0.28198840901517397 0.3438363782065835 0.3741752127782428
9 919.0 0.0 -1.0 -1.0 -1.0 0.0 0.3035958989446082 0.3220646275569078 0.37433947349848395
9 920.0 0.0 -1.0 -1.0 -1.0 0.0 0.30024120928979126 0.3148305505976758 0.38492824011253357
9 921.0 0.0 -1.0 -1.0 -1.0 0.0 0.2937438828230845 0.33200911105159014 0.3742470061253254
9 922.0 0.0 -1.0 -1.0 -1.0 0.0 0.29268181490950274 0.3465635859517285 0.3607545991387685
9 923.0 0.0 -1.0 -1.0 -1.0 0.0 0.2795570683376068 0.3552835681290649 0.36515936353332795
9 924.0 0.0 -1.0 -1.0 -1.0 0.0 0.29126067916193304 0.35829105960697283 0.3504482612310942
9 925.0 0.0 -1.0 -1.0 -1.0 0.0 0.3008427920149372 0.3184774015617944 0.3806798064232683
9 926.0 0.0 -1.0 -1.0 -1.0 0.0 0.30161931038069983 0.3423381897896746 0.3560424998296257
9 927.0 0.0 -1.0 -1.0 -1.0 0.0 0.30437791033172557 0.33685031095586454 0.3587717787124103
9 928.0 0.0 -1.0 -1.0 -1.0 0.0 0.3025171829706188 0.33635370884979077 0.3611291081795906
9 929.0 0.0 -1.0 -1.0 -1.0 0.0 0.3047786571606876 0.36063472913060823 0.3345866137087042
9 930.0 0.0 -1.0 -1.0 -1.0 0.0 0.30527403130530933 0.3690346644956986 0.325691304198992
9 931.0 0.0 -1.0 -1.0 -1.0 0.0 0.29626693246881325 0.3738471859168394 0.3298858816143473
9 932.0 0.0 -1.0 -1.0 -1.0 0.0 0.30200740885852384 0.35614016091986483 0.3418524302216113
9 933.0 0.0 -1.0 -1.0 -1.0 0.0 0.30636146323364044 0.35770067411345396 0.33593786265290526
9 934.0 0.0 -1.0 -1.0 -1.0 0.0 0.3062564405047543 0.3488065665430345 0.34493699295221103
9 935.0 0.0 -1.0 -1.0 -1.0 0.0 0.30342250004929455 0.3458611288026024 0.35071637114810295
9 936.0 0.0 -1.0 -1.0 -1.0 0.0 0.307872484779846 0.3513162766741619 0.3408112385459923
9 937.0 0.0 -1.0 -1.0 -1.0 0.0 0.31638928750389733 0.3326887455081991 0.3509219669879037
9 938.0 0.0 -1.0 -1.0 -1.0 0.0 0.31357990233180827 0.36138544779103476 0.32503464987715686
9 939.0 0.0 -1.0 -1.0 -1.0 0.0 0.3252482155911378 0.3521440398397062 0.322607744569156
9 940.0 0.0 -1.0 -1.0 -1.0 0.0 0.3457398180658411 0.33941047385245343 0.31484970808170554
9 941.0 0.0 -1.0 -1.0 -1.0 0.0 0.32746013900907384 0.36695707728326804 0.30558278370765796
9 942.0 0.0 -1.0 -1.0 -1.0 0.0 0.3293351737391786 0.3448041563392065 0.32586066992161483
9 943.0 0.0 -1.0 -1.0 -1.0 0.0 0.3160946067574214 0.33653549804835065 0.34736989519422784
9 944.0 0.0 -1.0 -1.0 -1.0 0.0 0.32753824988435115 0.32439890215750056 0.3480628479581484
9 945.0 0.0 -1.0 -1.0 -1.0 0.0 0.34801699928029445 0.2929743106719035 0.35900869004780217
9 946.0 0.0 -1.0 -1.0 -1.0 0.0 0.35845466381100655 0.3209644525300473 0.32058088365894605
9 947.0 0.0 -1.0 -1.0 -1.0 0.0 0.3332641499247427 0.3147309658616794 0.35200488421357806
9 948.0 0.0 -1.0 -1.0 -1.0 0.0 0.32975023467956455 0.3321094876198436 0.33814027770059196
9 949.0 0.0 -1.0 -1.0 -1.0 0.0 0.3469895423730729 0.3261637208590771 0.32684673676785003
9 950.0 0.0 -1.0 -1.0 -1.0 0.0 0.337214677405688 0.3587703223249441 0.30401500026936823
9 951.0 0.0 -1.0 -1.0 -1.0 0.0 0.3693229499413915 0.34771590629427984 0.2829611437643288
9 952.0 0.0 -1.0 -1.0 -1.0 0.0 0.3666990190145001 0.3202080610976001 0.3130929198878994
9 953.0 0.0 -1.0 -1.0 -1.0 0.0 0.3785209877686509 0.309512701860795 0.31196631037055417
9 954.0 0.0 -1.0 -1.0 -1.0 0.0 0.3758117407449483 0.34174937645110914 0.28243888280394286
9 955.0 0.0 -1.0 -1.0 -1.0 0.0 0.36955532552532594 0.32149513431064025 0.308949540164034
9 956.0 0.0 -1.0 -1.0 -1.0 0.0 0.3733869177416566 0.3242722609324533 0.3023408213258901
9 957.0 0.0 -1.0 -1.0 -1.0 0.0 0.3734289738143412 0.33002923746622853 0.2965417887194303
9 958.0 0.0 -1.0 -1.0 -1.0 0.0 0.37374711834032776 0.343367998282931 0.28288488337674117
9 959.0 0.0 -1.0 -1.0 -1.0 0.0 0.3588577604222634 0.3401569784248178 0.3009852611529188
9 960.0 0.0 -1.0 -1.0 -1.0 0.0 0.3551677656237442 0.36143240425966155 0.2833998301165942
9 961.0 0.0 -1.0 -1.0 -1.0 0.0 0.35211987131137173 0.35386952524493454 0.294010603443694
9 962.0 0.0 -1.0 -1.0 -1.0 0.0 0.3404212000679074 0.36436460857931935 0.2952141913527732
9 963.0 0.0 -1.0 -1.0 -1.0 0.0 0.363835091265339 0.34883217157239116 0.28733273716226987
9 964.0 0.0 -1.0 -1.0 -1.0 0.0 0.37442046872778356 0.3337443178863813 0.2918352133858351
9 965.0 0.0 -1.0 -1.0 -1.0 0.0 0.38637704121853345 0.32247126328840414 0.29115169549306236
9 966.0 0.0 -1.0 -1.0 -1.0 0.0 0.3784597929074283 0.3253526795802882 0.29618752751228355
9 967.0 0.0 -1.0 -1.0 -1.0 0.0 0.3689088138943378 0.33922222832888216 0.29186895777678
9 968.0 0.0 -1.0 -1.0 -1.0 0.0 0.3769960163480986 0.3336776361741879 0.28932634747771346
9 969.0 0.0 -1.0 -1.0 -1.0 0.0 0.3537597434682199 0.34155579781349116 0.3046844587182891
9 970.0 0.0 -1.0 -1.0 -1.0 0.0 0.37670212118090407 0.3421217542223304 0.2811761245967657
9 971.0 0.0 -1.0 -1.0 -1.0 0.0 0.37972963779928315 0.3564243767300772 0.26384598547063987
9 972.0 0.0 -1.0 -1.0 -1.0 0.0 0.32473562695369446 0.3893588731358797 0.285905499910426
9 973.0 0.0 -1.0 -1.0 -1.0 0.0 0.32111975413996974 0.3988816131998266 0.27999863266020375
9 974.0 0.0 -1.0 -1.0 -1.0 0.0 0.3173216058717014 0.39025288427890287 0.2924255098493957
9 975.0 0.0 -1.0 -1.0 -1.0 0.0 0.31121580252333353 0.3583840226590928 0.3304001748175736
9 976.0 0.0 -1.0 -1.0 -1.0 0.0 0.28242276223820584 0.3904956601616263 0.32708157760016787
9 977.0 0.0 -1.0 -1.0 -1.0 0.0 0.27300293504044965 0.3595542425117516 0.3674428224477985
9 978.0 0.0 -1.0 -1.0 -1.0 0.0 0.2600839317855085 0.3803838020596277 0.3595322661548639
9 979.0 0.0 -1.0 -1.0 -1.0 0.0 0.26875674444662745 0.3869483162887579 0.34429493926461474
9 980.0 0.0 -1.0 -1.0 -1.0 0.0 0.2711288832948793 0.3989734511894502 0.3298976655156703
9 981.0 0.0 -1.0 -1.0 -1.0 0.0 0.28604480614791117 0.36443036270610824 0.34952483114598065
9 982.0 0.0 -1.0 -1.0 -1.0 0.0 0.3033968880420995 0.34564303129170854 0.3509600806661918
9 983.0 0.0 -1.0 -1.0 -1.0 0.0 0.30040364754806115 0.35158244750314543 0.3480139049487934
9 984.0 0.0 -1.0 -1.0 -1.0 0.0 0.3033909309600539 0.3680928641813953 0.3285162048585509
9 985.0 0.0 -1.0 -1.0 -1.0 0.0 0.30947552887547636 0.353990291679143 0.3365341794453806
9 986.0 0.0 -1.0 -1.0 -1.0 0.0 0.31014853997124897 0.32834201052020967 0.3615094495085414
9 987.0 0.0 -1.0 -1.0 -1.0 0.0 0.2929078004834763 0.3530127845102839 0.3540794150062398
9 988.0 0.0 -1.0 -1.0 -1.0 0.0 0.3070919046777816 0.35698341778015963 0.3359246775420587
9 989.0 0.0 -1.0 -1.0 -1.0 0.0 0.335559475214019 0.32303630808011186 0.341404216705869
9 990.0 0.0 -1.0 -1.0 -1.0 0.0 0.34019607097685983 0.32956733717814657 0.3302365918449932
9 991.0 0.0 -1.0 -1.0 -1.0 0.0 0.33025828648170164 0.3420332306914295 0.32770848282686915
9 992.0 0.0 -1.0 -1.0 -1.0 0.0 0.34280733059987084 0.3386606311072578 0.31853203829287163
9 993.0 0.0 -1.0 -1.0 -1.0 0.0 0.33574740463356884 0.3172171686484603 0.34703542671797116
9 994.0 0.0 -1.0 -1.0 -1.0 0.0 0.3381709536836754 0.32201326486894016 0.33981578144738456
9 995.0 0.0 -1.0 -1.0 -1.0 0.0 0.3340216315258803 0.33324897244192186 0.3327293960321978
9 996.0 0.0 -1.0 -1.0 -1.0 0.0 0.3364194432521915 0.3270244192720523 0.3365561374757563
9 997.0 0.0 -1.0 -1.0 -1.0 0.0 0.33888078885611267 0.3199651380394603 0.34115407310442714
9 998.0 0.0 -1.0 -1.0 -1.0 0.0 0.3085189956329884 0.3441979516256341 0.34728305274137744
9 999.0 0.0 -1.0 -1.0 -1.0 0.0 0.2749074266188965 0.3622422213761389 0.3628503520049645
9 1000.0 0.0 -1.0 -1.0 -1.0 0.0 0.2923532589295802 0.35263269524871405 0.3550140458217058
1000000000000000000000000000000000000000000000000000000000000000000000000000000000000000000000000000
-1.0
solo con 1: -100.0
