9 0.0 63.0 -40.0 -161.0 -105.04 50.708897870416436 0.3333333333333333 0.3333333333333333 0.3333333333333333
9 1.0 63.0 -40.0 -161.0 -84.96 49.16308050609202 0.3019007498812067 0.3029909173753927 0.39510833274340046
9 2.0 63.0 -40.0 -161.0 -69.7 43.18447626056139 0.2692759956565122 0.27997286881369915 0.45075113552978857
9 3.0 84.0 -37.0 -160.0 -61.28 38.42770465235315 0.255544376705572 0.22531509046413517 0.5191405328302929
9 4.0 73.0 -34.0 -160.0 -54.44 32.50526608462578 0.23381292370191475 0.1998855241197108 0.5663015521783747
9 5.0 42.0 -34.0 -160.0 -46.12 24.468606974503622 0.22192588372472827 0.1793249842659627 0.5987491320093091
9 6.0 21.0 -32.0 -159.0 -43.28 22.440529711603812 0.19412821288641585 0.15719999774463933 0.6486717893689448
9 7.0 21.0 -32.0 -159.0 -40.81 22.737720628812802 0.1842944844593763 0.14027401901136358 0.6754314965292602
9 8.0 61.0 -29.0 -159.0 -38.94 23.058476387943188 0.16624236080130556 0.1275889144816977 0.7061687247169968
9 9.0 53.0 -27.0 -159.0 -36.06 20.367244449474416 0.16414204190121506 0.11925543538858192 0.7166025227102029
9 10.0 23.0 -25.0 -159.0 -33.06 17.430276688984186 0.14895101237229663 0.10948958452962498 0.7415594030980786
9 11.0 55.0 -23.0 -159.0 -30.93 17.624165572338796 0.13922471220857133 0.10129120767557666 0.759484080115852
9 12.0 69.0 -21.0 -156.0 -29.24 17.64585394975719 0.142826678617072 0.09796565547899037 0.7592076659039378
9 13.0 19.0 -19.0 -155.0 -27.33 17.890833384499416 0.12729185343118665 0.09597077853304194 0.7767373680357714
9 14.0 19.0 -19.0 -155.0 -24.21 13.424156576782762 0.1168782507990182 0.09596250928269397 0.7871592399182877
9 15.0 6.0 -17.0 -34.0 -21.29 2.7128389096101793 0.1100308610157115 0.09285305149644621 0.7971160874878421
9 16.0 1.0 -17.0 -34.0 -19.86 2.722966296990372 0.10536658287513426 0.09510076462315606 0.7995326525017099
9 17.0 67.0 -15.0 -27.0 -18.42 1.5774932166208664 0.1167433638526504 0.10655637135354448 0.7767002647938054
9 18.0 67.0 -14.0 -27.0 -17.45 1.4310764472870756 0.1180940841781298 0.10969570827599234 0.772210207545878
9 19.0 1.0 -14.0 -27.0 -16.51 1.5274921679774085 0.12268898864832269 0.11795827302844396 0.7593527383232334
9 20.0 15.0 -12.0 -27.0 -15.31 1.773514458738223 0.11869058518332175 0.12910158848566067 0.7522078263310177
9 21.0 52.0 -10.0 -18.0 -13.91 1.5445897758814726 0.11932733581481003 0.12547511326877184 0.7551975509164179
9 22.0 96.0 -8.0 -18.0 -12.54 1.8169794003824424 0.11539289184936605 0.11818483516957176 0.766422272981062
9 23.0 52.0 -7.0 -17.0 -10.9 1.8613560821740864 0.09903617821243377 0.1143208686439119 0.7866429531436542
9 24.0 56.0 -5.0 -17.0 -9.26 2.2001836470640543 0.0993478700868326 0.10873044040481443 0.7919216895083531
9 25.0 5.0 -5.0 -16.0 -7.79 1.805127377357301 0.10421107141315292 0.10719505040882327 0.788593878178024
9 26.0 42.0 -4.0 -16.0 -6.57 1.6283783840422852 0.11685653150022582 0.117320903704071 0.7658225647957032
9 27.0 42.0 -4.0 -8.0 -5.52 0.9896433394884941 0.12415358334317497 0.0981297575997552 0.7777166590570697
9 28.0 29.0 -3.0 -8.0 -5.05 0.8087276451565159 0.1557017091211235 0.13503469052219536 0.7092636003566812
9 29.0 14.0 -3.0 -8.0 -4.55 0.6871842709362769 0.16786424958007826 0.15055907057159654 0.6815766798483256
9 30.0 17.0 -2.0 -6.0 -4.06 0.7222299921881955 0.1612693084036362 0.16298825405485712 0.675742437541507
9 31.0 17.0 -2.0 -6.0 -3.67 0.7528397417562892 0.1587704654680912 0.1635671812852695 0.6776623532466393
9 32.0 7.0 -2.0 -6.0 -3.24 0.8179797730328721 0.16524681805411537 0.16282993203359328 0.6719232499122912
9 33.0 1.0 -2.0 -6.0 -2.74 0.7992420652017002 0.16690648019225318 0.16037414179558293 0.6727193780121641
9 34.0 0.0 -2.0 -5.0 -2.36 0.6438520439863911 0.16496139476493524 0.1675152078459741 0.6675233973890906
9 35.0 0.0 -2.0 -4.0 -2.16 0.41971611377407986 0.18979754499648258 0.1679541484418422 0.6422483065616754
9 36.0 0.0 -2.0 -4.0 -2.09 0.32082595426382376 0.20339765644811905 0.20249633035339 0.5941060131984911
9 37.0 0.0 -2.0 -4.0 -2.03 0.22270150335361372 0.226346513010039 0.2347826573242398 0.5388708296657211
9 38.0 14.0 -1.0 -4.0 -2.0 0.24618298195866548 0.26568041957930094 0.27148192180800984 0.46283765861268933
9 39.0 14.0 -1.0 -4.0 -1.92 0.3673547263197994 0.3084027824122465 0.2877962192734577 0.4038009983142954
9 40.0 0.0 -1.0 -4.0 -1.82 0.4579268169663895 0.30939400934950395 0.2767327388798141 0.41387325177068185
9 41.0 0.0 -1.0 -4.0 -1.67 0.5328596381218917 0.2932303694427306 0.28792627693875933 0.4188433536185099
9 42.0 0.0 -1.0 -4.0 -1.51 0.5594911107696913 0.280114262970884 0.26471869966079803 0.455167037368318
9 43.0 0.0 -1.0 -4.0 -1.4 0.5504818825631803 0.27117201500794474 0.2677292424381251 0.4610987425539302
9 44.0 0.0 -1.0 -4.0 -1.22 0.48367281703584925 0.28043168646856254 0.27579868210783925 0.44376963142359827
9 45.0 0.0 -1.0 -4.0 -1.18 0.4579268169663897 0.27105935796598724 0.30340399127786777 0.42553665075614494
9 46.0 0.0 -1.0 -4.0 -1.13 0.4181488788081164 0.2894080567750929 0.3046514232673687 0.4059405199575383
9 47.0 0.0 -1.0 -4.0 -1.06 0.34289321599553085 0.30905029191457367 0.30243039218030027 0.38851931590512606
9 48.0 0.0 -1.0 -4.0 -1.06 0.34289321599553085 0.3218572145950684 0.3325553651443027 0.3455874202606292
9 49.0 0.0 -1.0 -2.0 -1.02 0.14070529413628963 0.30444713292225073 0.33621674897090825 0.3593361181068409
9 50.0 0.0 -1.0 -1.0 -1.0 0.0 0.2806809552015579 0.3398348088322409 0.37948423596620096
9 51.0 0.0 -1.0 -1.0 -1.0 0.0 0.2709845284474322 0.33299531919627484 0.39602015235629295
9 52.0 0.0 -1.0 -1.0 -1.0 0.0 0.2893092410785 0.33286761687741423 0.37782314204408574
9 53.0 0.0 -1.0 -1.0 -1.0 0.0 0.29524487932527443 0.35511104650558906 0.3496440741691365
9 54.0 0.0 -1.0 -1.0 -1.0 0.0 0.31962385440358276 0.3480041464234057 0.33237199917301175
9 55.0 0.0 -1.0 -1.0 -1.0 0.0 0.31406590947001506 0.3577017418347465 0.3282323486952382
9 56.0 0.0 -1.0 -1.0 -1.0 0.0 0.32836871947648605 0.36509271049286346 0.30653857003065044
9 57.0 0.0 -1.0 -1.0 -1.0 0.0 0.3433389397648325 0.35606278824877546 0.3005982719863921
9 58.0 0.0 -1.0 -1.0 -1.0 0.0 0.351707865092653 0.3559106432164608 0.29238149169088623
9 59.0 0.0 -1.0 -1.0 -1.0 0.0 0.3026187195724711 0.3673277396696089 0.33005354075791976
9 60.0 0.0 -1.0 -1.0 -1.0 0.0 0.3216287111716787 0.36495100097660865 0.3134202878517128
9 61.0 0.0 -1.0 -1.0 -1.0 0.0 0.3228801609850035 0.36149301191057687 0.3156268271044195
9 62.0 0.0 -1.0 -1.0 -1.0 0.0 0.3295688665680582 0.34470188708895805 0.3257292463429839
9 63.0 0.0 -1.0 -1.0 -1.0 0.0 0.3140473878319369 0.3394109180870802 0.34654169408098284
9 64.0 0.0 -1.0 -1.0 -1.0 0.0 0.3152213452432794 0.35562586927773265 0.32915278547898813
9 65.0 0.0 -1.0 -1.0 -1.0 0.0 0.2931007701766786 0.3738375649633244 0.33306166485999694
9 66.0 0.0 -1.0 -1.0 -1.0 0.0 0.29811622064487353 0.3659744031917586 0.3359093761633678
9 67.0 0.0 -1.0 -1.0 -1.0 0.0 0.32622726900727705 0.3710376289224901 0.3027351020702327
9 68.0 0.0 -1.0 -1.0 -1.0 0.0 0.34677500688596863 0.3497818515181833 0.30344314159584834
9 69.0 0.0 -1.0 -1.0 -1.0 0.0 0.3220953777714761 0.36237187454504727 0.3155327476834766
9 70.0 0.0 -1.0 -1.0 -1.0 0.0 0.32193883113879473 0.3612658603677309 0.3167953084934743
9 71.0 0.0 -1.0 -1.0 -1.0 0.0 0.31405747588970334 0.3539851026045212 0.3319574215057755
9 72.0 0.0 -1.0 -1.0 -1.0 0.0 0.3133944062384079 0.36313175052588237 0.32347384323570944
9 73.0 0.0 -1.0 -1.0 -1.0 0.0 0.3184399024274642 0.36042932550839446 0.3211307720641412
9 74.0 0.0 -1.0 -1.0 -1.0 0.0 0.3282080048185279 0.3549602613986307 0.31683173378284146
9 75.0 0.0 -1.0 -1.0 -1.0 0.0 0.34733939828402294 0.34673826147097964 0.30592234024499737
9 76.0 0.0 -1.0 -1.0 -1.0 0.0 0.3483807336060001 0.3257605403173614 0.3258587260766387
9 77.0 0.0 -1.0 -1.0 -1.0 0.0 0.35486693396812946 0.3261363194984538 0.3189967465334168
9 78.0 0.0 -1.0 -1.0 -1.0 0.0 0.36910122724704325 0.3346369451246949 0.2962618276282619
9 79.0 0.0 -1.0 -1.0 -1.0 0.0 0.3456770078514621 0.3414008984273053 0.3129220937212327
9 80.0 0.0 -1.0 -1.0 -1.0 0.0 0.321008922254302 0.3516591559937396 0.32733192175195813
9 81.0 0.0 -1.0 -1.0 -1.0 0.0 0.3355215152621399 0.3388942271404977 0.32558425759736226
9 82.0 0.0 -1.0 -1.0 -1.0 0.0 0.326102037726008 0.3332542651208024 0.34064369715318976
9 83.0 0.0 -1.0 -1.0 -1.0 0.0 0.3351923959952399 0.3249912965467592 0.3398163074580005
9 84.0 0.0 -1.0 -1.0 -1.0 0.0 0.32910974026606327 0.3034443326189177 0.3674459271150192
9 85.0 0.0 -1.0 -1.0 -1.0 0.0 0.33869174338887986 0.2822095231111985 0.3790987334999215
9 86.0 0.0 -1.0 -1.0 -1.0 0.0 0.3110259090912013 0.3056639345682258 0.3833101563405728
9 87.0 0.0 -1.0 -1.0 -1.0 0.0 0.30079240030370685 0.3171967931434601 0.38201080655283315
9 88.0 0.0 -1.0 -1.0 -1.0 0.0 0.30179407500348526 0.3399954024651536 0.3582105225313613
9 89.0 0.0 -1.0 -1.0 -1.0 0.0 0.3136528522111661 0.3412002451629859 0.34514690262584813
9 90.0 0.0 -1.0 -1.0 -1.0 0.0 0.3072307629650656 0.3377171288041523 0.3550521082307822
9 91.0 0.0 -1.0 -1.0 -1.0 0.0 0.30349810779605607 0.34533954975502695 0.3511623424489169
9 92.0 0.0 -1.0 -1.0 -1.0 0.0 0.31240359487449604 0.3693814016983427 0.3182150034271611
9 93.0 0.0 -1.0 -1.0 -1.0 0.0 0.3489200585577793 0.3427688550860625 0.3083110863561581
9 94.0 0.0 -1.0 -1.0 -1.0 0.0 0.34351698592214835 0.3408764701703367 0.31560654390751475
9 95.0 0.0 -1.0 -1.0 -1.0 0.0 0.30858091652488645 0.3576960847295359 0.3337229987455778
9 96.0 0.0 -1.0 -1.0 -1.0 0.0 0.28655526658432345 0.3778488443042533 0.3355958891114234
9 97.0 0.0 -1.0 -1.0 -1.0 0.0 0.2970710557519758 0.36080083172824085 0.3421281125197831
9 98.0 0.0 -1.0 -1.0 -1.0 0.0 0.30631234669845747 0.35175284084190506 0.34193481245963747
9 99.0 0.0 -1.0 -1.0 -1.0 0.0 0.2976512679321341 0.3446394231825852 0.3577093088852804
9 100.0 0.0 -1.0 -1.0 -1.0 0.0 0.32408611934663184 0.3402338342512503 0.33568004640211785
9 101.0 0.0 -1.0 -1.0 -1.0 0.0 0.3413264066441144 0.3306536989866619 0.32801989436922363
9 102.0 0.0 -1.0 -1.0 -1.0 0.0 0.3520216939445397 0.32548862985674054 0.32248967619871977
9 103.0 0.0 -1.0 -1.0 -1.0 0.0 0.3555506091410569 0.3298009887076818 0.3146484021512614
9 104.0 0.0 -1.0 -1.0 -1.0 0.0 0.33474208598416033 0.38460138283132667 0.2806565311845128
9 105.0 0.0 -1.0 -1.0 -1.0 0.0 0.3253953796805183 0.3557088196601629 0.31889580065931883
9 106.0 0.0 -1.0 -1.0 -1.0 0.0 0.3207709378818677 0.3465263485974029 0.33270271352072933
9 107.0 0.0 -1.0 -1.0 -1.0 0.0 0.3174302114511345 0.3354312581771566 0.34713853037170916
9 108.0 0.0 -1.0 -1.0 -1.0 0.0 0.3118345767336423 0.35537433023406934 0.3327910930322884
9 109.0 0.0 -1.0 -1.0 -1.0 0.0 0.33145524059397824 0.34315055422267604 0.325394205183346
9 110.0 0.0 -1.0 -1.0 -1.0 0.0 0.349382364266306 0.3231766222761315 0.3274410134575625
9 111.0 0.0 -1.0 -1.0 -1.0 0.0 0.3319982336127265 0.34045988004861016 0.3275418863386635
9 112.0 0.0 -1.0 -1.0 -1.0 0.0 0.3381680389190764 0.29721047302054293 0.3646214880603805
9 113.0 0.0 -1.0 -1.0 -1.0 0.0 0.32759375508004657 0.3185484923719276 0.3538577525480258
9 114.0 0.0 -1.0 -1.0 -1.0 0.0 0.3418351224012416 0.3032800174647177 0.35488486013404086
9 115.0 0.0 -1.0 -1.0 -1.0 0.0 0.3498082358196913 0.30299971073404053 0.347192053446268
9 116.0 0.0 -1.0 -1.0 -1.0 0.0 0.32956032409872466 0.2976450316348271 0.3727946442664485
9 117.0 0.0 -1.0 -1.0 -1.0 0.0 0.3372111584298949 0.3002055488340481 0.36258329273605705
9 118.0 0.0 -1.0 -1.0 -1.0 0.0 0.3361005211306843 0.3195218860450149 0.34437759282430064
9 119.0 0.0 -1.0 -1.0 -1.0 0.0 0.33823091646183107 0.35208020972999654 0.30968887380817234
9 120.0 0.0 -1.0 -1.0 -1.0 0.0 0.3546141334479232 0.33898233413141043 0.3064035324206663
9 121.0 0.0 -1.0 -1.0 -1.0 0.0 0.345056356256477 0.3224559529363424 0.33248769080718077
9 122.0 0.0 -1.0 -1.0 -1.0 0.0 0.3444808383867467 0.33441979609780104 0.32109936551545215
9 123.0 0.0 -1.0 -1.0 -1.0 0.0 0.34684856442613005 0.3559734837962669 0.2971779517776029
9 124.0 0.0 -1.0 -1.0 -1.0 0.0 0.33396879493085796 0.3570473423548192 0.30898386271432304
9 125.0 0.0 -1.0 -1.0 -1.0 0.0 0.3493827764953484 0.35015879635798924 0.30045842714666227
9 126.0 0.0 -1.0 -1.0 -1.0 0.0 0.3343970007139886 0.3449172117258998 0.3206857875601114
9 127.0 0.0 -1.0 -1.0 -1.0 0.0 0.35533413474949266 0.3206398155649267 0.3240260496855805
9 128.0 0.0 -1.0 -1.0 -1.0 0.0 0.32870719028349 0.35961179020861533 0.3116810195078943
9 129.0 0.0 -1.0 -1.0 -1.0 0.0 0.3051564759851913 0.39292620866022226 0.3019173153545866
9 130.0 0.0 -1.0 -1.0 -1.0 0.0 0.30614395382115644 0.355273716886115 0.3385823292927286
9 131.0 0.0 -1.0 -1.0 -1.0 0.0 0.3095292149201866 0.37071269411759156 0.31975809096222163
9 132.0 0.0 -1.0 -1.0 -1.0 0.0 0.28412591135408277 0.3780256019101934 0.33784848673572354
9 133.0 0.0 -1.0 -1.0 -1.0 0.0 0.30996864316109213 0.3693403709125586 0.32069098592634915
9 134.0 0.0 -1.0 -1.0 -1.0 0.0 0.3128915671562361 0.34704183927471904 0.340066593569045
9 135.0 0.0 -1.0 -1.0 -1.0 0.0 0.3225369296408661 0.33093746249457895 0.34652560786455533
9 136.0 0.0 -1.0 -1.0 -1.0 0.0 0.33101829626325435 0.33531781483892337 0.3336638888978223
9 137.0 0.0 -1.0 -1.0 -1.0 0.0 0.31546034977677345 0.334396367991596 0.3501432822316304
9 138.0 0.0 -1.0 -1.0 -1.0 0.0 0.33021668065253623 0.307535820709258 0.36224749863820593
9 139.0 0.0 -1.0 -1.0 -1.0 0.0 0.30477582154335353 0.31295199655424166 0.3822721819024052
9 140.0 0.0 -1.0 -1.0 -1.0 0.0 0.3115785838389527 0.3217986508073245 0.3666227653537226
9 141.0 0.0 -1.0 -1.0 -1.0 0.0 0.30558502246743324 0.337416449871376 0.3569985276611908
9 142.0 0.0 -1.0 -1.0 -1.0 0.0 0.28425636149744793 0.36106889353664007 0.35467474496591195
9 143.0 0.0 -1.0 -1.0 -1.0 0.0 0.28908118861739546 0.3697297934217648 0.34118901796083995
9 144.0 0.0 -1.0 -1.0 -1.0 0.0 0.2905705493706161 0.36926015469231105 0.3401692959370729
9 145.0 0.0 -1.0 -1.0 -1.0 0.0 0.3228386249309556 0.35261705697213813 0.32454431809690626
9 146.0 0.0 -1.0 -1.0 -1.0 0.0 0.33602796203399504 0.332236836459295 0.33173520150670976
9 147.0 0.0 -1.0 -1.0 -1.0 0.0 0.3400155946486467 0.3359390193152088 0.32404538603614447
9 148.0 0.0 -1.0 -1.0 -1.0 0.0 0.3475727555689781 0.3304800055904753 0.3219472388405466
9 149.0 0.0 -1.0 -1.0 -1.0 0.0 0.3425330265054471 0.3423356669402041 0.31513130655434873
9 150.0 0.0 -1.0 -1.0 -1.0 0.0 0.33400399863958563 0.33819114788906796 0.3278048534713467
9 151.0 0.0 -1.0 -1.0 -1.0 0.0 0.31448830177987336 0.33902465526092646 0.3464870429591999
9 152.0 0.0 -1.0 -1.0 -1.0 0.0 0.29446625229985224 0.3541319703667106 0.351401777333437
9 153.0 0.0 -1.0 -1.0 -1.0 0.0 0.3198862645622337 0.3540187041712289 0.32609503126653744
9 154.0 0.0 -1.0 -1.0 -1.0 0.0 0.3257367849562573 0.335408808642369 0.33885440640137376
9 155.0 0.0 -1.0 -1.0 -1.0 0.0 0.3248290571535651 0.32408400356573386 0.3510869392807011
9 156.0 0.0 -1.0 -1.0 -1.0 0.0 0.3381772012239679 0.3256163713144924 0.33620642746153984
9 157.0 0.0 -1.0 -1.0 -1.0 0.0 0.3528336033094426 0.3085162966266538 0.3386501000639037
9 158.0 0.0 -1.0 -1.0 -1.0 0.0 0.3480143822144522 0.31926235390770347 0.3327232638778445
9 159.0 0.0 -1.0 -1.0 -1.0 0.0 0.33031201213783823 0.33335803810600306 0.3363299497561587
9 160.0 0.0 -1.0 -1.0 -1.0 0.0 0.3330172886188554 0.3023692674635566 0.364613443917588
9 161.0 0.0 -1.0 -1.0 -1.0 0.0 0.3153653912626626 0.3169847042981908 0.3676499044391467
9 162.0 0.0 -1.0 -1.0 -1.0 0.0 0.3212667154178157 0.31832603243866 0.3604072521435244
9 163.0 0.0 -1.0 -1.0 -1.0 0.0 0.32912404049995175 0.3094087349647787 0.36146722453526947
9 164.0 0.0 -1.0 -1.0 -1.0 0.0 0.35679145987204214 0.31273518989835614 0.33047335022960167
9 165.0 0.0 -1.0 -1.0 -1.0 0.0 0.36709315975245294 0.30463483702168337 0.328272003225864
9 166.0 0.0 -1.0 -1.0 -1.0 0.0 0.3400579608464174 0.34126867061532196 0.31867336853826056
9 167.0 0.0 -1.0 -1.0 -1.0 0.0 0.32199056798968867 0.34964404721518266 0.3283653847951287
9 168.0 0.0 -1.0 -1.0 -1.0 0.0 0.3180767910061287 0.3507029958292417 0.3312202131646296
9 169.0 0.0 -1.0 -1.0 -1.0 0.0 0.3208231441908838 0.3533015979542879 0.3258752578548285
9 170.0 0.0 -1.0 -1.0 -1.0 0.0 0.3493117768657516 0.335037810943681 0.3156504121905672
9 171.0 0.0 -1.0 -1.0 -1.0 0.0 0.3826630008572128 0.30097265131190165 0.31636434783088574
9 172.0 0.0 -1.0 -1.0 -1.0 0.0 0.3981198877471155 0.2965218741032464 0.30535823814963825
9 173.0 0.0 -1.0 -1.0 -1.0 0.0 0.3320432219496707 0.3271865483716714 0.3407702296786578
9 174.0 0.0 -1.0 -1.0 -1.0 0.0 0.31817871487747046 0.33767077777525784 0.34415050734727154
9 175.0 0.0 -1.0 -1.0 -1.0 0.0 0.32212993298059905 0.34048533364585 0.3373847333735508
9 176.0 0.0 -1.0 -1.0 -1.0 0.0 0.29541166629315224 0.34068835282880355 0.36389998087804415
9 177.0 0.0 -1.0 -1.0 -1.0 0.0 0.27559700496428596 0.35279069303658417 0.37161230199912976
9 178.0 0.0 -1.0 -1.0 -1.0 0.0 0.2943522836400659 0.35743865465656177 0.3482090617033724
9 179.0 0.0 -1.0 -1.0 -1.0 0.0 0.3083285592934455 0.3421989315115807 0.3494725091949737
9 180.0 0.0 -1.0 -1.0 -1.0 0.0 0.33893323222603294 0.3408773789369722 0.3201893888369949
9 181.0 0.0 -1.0 -1.0 -1.0 0.0 0.3329616357997689 0.3671751753873957 0.2998631888128357
9 182.0 0.0 -1.0 -1.0 -1.0 0.0 0.3358819229332719 0.37673155119966045 0.28738652586706787
9 183.0 0.0 -1.0 -1.0 -1.0 0.0 0.33202101614691676 0.36586169359152365 0.3021172902615597
9 184.0 0.0 -1.0 -1.0 -1.0 0.0 0.32322936101933697 0.34966338402046077 0.32710725496020254
9 185.0 0.0 -1.0 -1.0 -1.0 0.0 0.3399240363254503 0.33522599718313506 0.3248499664914146
9 186.0 0.0 -1.0 -1.0 -1.0 0.0 0.33211196447124935 0.33794225997866645 0.3299457755500842
9 187.0 0.0 -1.0 -1.0 -1.0 0.0 0.3349309990705056 0.32462799378565227 0.3404410071438421
9 188.0 0.0 -1.0 -1.0 -1.0 0.0 0.3219277899748815 0.3386343862948623 0.3394378237302562
9 189.0 0.0 -1.0 -1.0 -1.0 0.0 0.33665155656903606 0.3311719900756447 0.3321764533553194
9 190.0 0.0 -1.0 -1.0 -1.0 0.0 0.3349732523271022 0.33577264802827594 0.3292540996446221
9 191.0 0.0 -1.0 -1.0 -1.0 0.0 0.3412178504432126 0.3287934648651125 0.32998868469167464
9 192.0 0.0 -1.0 -1.0 -1.0 0.0 0.3087702334828216 0.3479926579527273 0.34323710856445094
9 193.0 0.0 -1.0 -1.0 -1.0 0.0 0.2979893343420875 0.3696477372469273 0.3323629284109852
9 194.0 0.0 -1.0 -1.0 -1.0 0.0 0.3163779647187631 0.3579596319723031 0.3256624033089337
9 195.0 0.0 -1.0 -1.0 -1.0 0.0 0.2946581501809449 0.3770085011939669 0.3283333486250883
9 196.0 0.0 -1.0 -1.0 -1.0 0.0 0.3106622422789847 0.36812183369026735 0.32121592403074795
9 197.0 0.0 -1.0 -1.0 -1.0 0.0 0.31307107530394 0.3440565914778447 0.34287233321821536
9 198.0 0.0 -1.0 -1.0 -1.0 0.0 0.3254218737652533 0.3368251676937383 0.3377529585410087
9 199.0 0.0 -1.0 -1.0 -1.0 0.0 0.32544492738009123 0.3391094428919315 0.3354456297279772
9 200.0 0.0 -1.0 -1.0 -1.0 0.0 0.32492408031711045 0.3366055610738016 0.338470358609088
9 201.0 0.0 -1.0 -1.0 -1.0 0.0 0.3213572327850996 0.33867865413209286 0.3399641130828076
9 202.0 0.0 -1.0 -1.0 -1.0 0.0 0.3126329078657712 0.33640810778489055 0.35095898434933803
9 203.0 0.0 -1.0 -1.0 -1.0 0.0 0.3271131581439301 0.3428348127217653 0.3300520291343044
9 204.0 0.0 -1.0 -1.0 -1.0 0.0 0.3358091408819783 0.33974147518677095 0.32444938393125106
9 205.0 0.0 -1.0 -1.0 -1.0 0.0 0.3501948884540909 0.3463762359148797 0.3034288756310291
9 206.0 0.0 -1.0 -1.0 -1.0 0.0 0.3510646497700931 0.34972003308285793 0.29921531714704913
9 207.0 0.0 -1.0 -1.0 -1.0 0.0 0.3290552782000796 0.36326690786824406 0.3076778139316761
9 208.0 0.0 -1.0 -1.0 -1.0 0.0 0.348252618981834 0.34566681502767593 0.3060805659904902
9 209.0 0.0 -1.0 -1.0 -1.0 0.0 0.3464627872899092 0.3315678023633829 0.32196941034670795
9 210.0 0.0 -1.0 -1.0 -1.0 0.0 0.38402227424576707 0.3194956258560028 0.29648209989823004
9 211.0 0.0 -1.0 -1.0 -1.0 0.0 0.3883109307572472 0.34078123970757973 0.270907829535173
9 212.0 0.0 -1.0 -1.0 -1.0 0.0 0.4014399553102945 0.3281508884109146 0.27040915627879086
9 213.0 0.0 -1.0 -1.0 -1.0 0.0 0.38772031593628836 0.3073299963475258 0.30494968771618575
9 214.0 0.0 -1.0 -1.0 -1.0 0.0 0.38209999532020383 0.2851340041574561 0.33276600052234007
9 215.0 0.0 -1.0 -1.0 -1.0 0.0 0.38727378475697494 0.27308289465216956 0.33964332059085556
9 216.0 0.0 -1.0 -1.0 -1.0 0.0 0.4009300845201034 0.2750350838086872 0.32403483167120956
9 217.0 0.0 -1.0 -1.0 -1.0 0.0 0.374397407380925 0.2839818312609519 0.34162076135812325
9 218.0 0.0 -1.0 -1.0 -1.0 0.0 0.3643526433635486 0.27837630083354287 0.3572710558029085
9 219.0 0.0 -1.0 -1.0 -1.0 0.0 0.3496472857789224 0.29765760261357704 0.3526951116075007
9 220.0 0.0 -1.0 -1.0 -1.0 0.0 0.3449753791817981 0.324898258676533 0.3301263621416691
9 221.0 0.0 -1.0 -1.0 -1.0 0.0 0.3351141480242199 0.3214268977625401 0.34345895421324
9 222.0 0.0 -1.0 -1.0 -1.0 0.0 0.3554161541166643 0.34203093087800973 0.302552915005326
9 223.0 0.0 -1.0 -1.0 -1.0 0.0 0.34228819282720047 0.3464314182818125 0.3112803888909869
9 224.0 0.0 -1.0 -1.0 -1.0 0.0 0.37087883266176186 0.31994228859326196 0.30917887874497624
9 225.0 0.0 -1.0 -1.0 -1.0 0.0 0.34542444759453084 0.3128053263594858 0.34177022604598334
9 226.0 0.0 -1.0 -1.0 -1.0 0.0 0.3411205180726076 0.3052270710854912 0.3536524108419011
9 227.0 0.0 -1.0 -1.0 -1.0 0.0 0.3468497625675015 0.30869868143544 0.3444515559970586
9 228.0 0.0 -1.0 -1.0 -1.0 0.0 0.34875948850071126 0.3005459187938313 0.35069459270545744
9 229.0 0.0 -1.0 -1.0 -1.0 0.0 0.31654914446267546 0.28952029618229586 0.3939305593550285
9 230.0 0.0 -1.0 -1.0 -1.0 0.0 0.3196135465728407 0.31866137936341427 0.36172507406374504
9 231.0 0.0 -1.0 -1.0 -1.0 0.0 0.326051465821157 0.33626584296657763 0.3376826912122654
9 232.0 0.0 -1.0 -1.0 -1.0 0.0 0.33527247442564495 0.34646949149435385 0.31825803408000114
9 233.0 0.0 -1.0 -1.0 -1.0 0.0 0.3268920280640804 0.36309763471105116 0.3100103372248686
9 234.0 0.0 -1.0 -1.0 -1.0 0.0 0.3374095923221114 0.3494523482795536 0.3131380593983349
9 235.0 0.0 -1.0 -1.0 -1.0 0.0 0.31702960480613485 0.3617729948731644 0.32119740032070077
9 236.0 0.0 -1.0 -1.0 -1.0 0.0 0.30864406093049934 0.38646754490099944 0.30488839416850133
9 237.0 0.0 -1.0 -1.0 -1.0 0.0 0.3195878377813413 0.3764590096951956 0.30395315252346317
9 238.0 0.0 -1.0 -1.0 -1.0 0.0 0.33564267215836324 0.35833478899507304 0.3060225388465637
9 239.0 0.0 -1.0 -1.0 -1.0 0.0 0.3486342708777566 0.3384588231079391 0.3129069060143042
9 240.0 0.0 -1.0 -1.0 -1.0 0.0 0.3528775292323552 0.32599692736097424 0.32112554340667043
9 241.0 0.0 -1.0 -1.0 -1.0 0.0 0.33687522560559185 0.3045585001436975 0.3585662742507104
9 242.0 0.0 -1.0 -1.0 -1.0 0.0 0.3403449769783998 0.3189193420929457 0.3407356809286546
9 243.0 0.0 -1.0 -1.0 -1.0 0.0 0.36403026093133584 0.31933647620919087 0.31663326285947346
9 244.0 0.0 -1.0 -1.0 -1.0 0.0 0.36215293664822634 0.3234361738070223 0.3144108895447512
9 245.0 0.0 -1.0 -1.0 -1.0 0.0 0.35872275981149115 0.31751427165542584 0.3237629685330832
9 246.0 0.0 -1.0 -1.0 -1.0 0.0 0.35420808036349755 0.3234386217036537 0.32235329793284856
9 247.0 0.0 -1.0 -1.0 -1.0 0.0 0.36528899186315944 0.3206760667672723 0.31403494136956817
9 248.0 0.0 -1.0 -1.0 -1.0 0.0 0.34906369154493033 0.33143402642824155 0.31950228202682796
9 249.0 0.0 -1.0 -1.0 -1.0 0.0 0.3416907306737275 0.3286843818583417 0.32962488746793084
9 250.0 0.0 -1.0 -1.0 -1.0 0.0 0.3635457861442292 0.334623788182157 0.3018304256736138
9 251.0 0.0 -1.0 -1.0 -1.0 0.0 0.38351116016893 0.3289878104247145 0.28750102940635563
9 252.0 0.0 -1.0 -1.0 -1.0 0.0 0.37863779763171984 0.3145904372937755 0.3067717650745049
9 253.0 0.0 -1.0 -1.0 -1.0 0.0 0.39153654691987244 0.30606721983071117 0.30239623324941645
9 254.0 0.0 -1.0 -1.0 -1.0 0.0 0.3783922112547512 0.32193139271402144 0.2996763960312273
9 255.0 0.0 -1.0 -1.0 -1.0 0.0 0.36831377534374726 0.3216124299714482 0.3100737946848045
9 256.0 0.0 -1.0 -1.0 -1.0 0.0 0.34482219634901606 0.3163158000313004 0.3388620036196835
9 257.0 0.0 -1.0 -1.0 -1.0 0.0 0.3554986128045096 0.32550629004863546 0.3189950971468549
9 258.0 0.0 -1.0 -1.0 -1.0 0.0 0.3807877455269996 0.29344332710951293 0.3257689273634874
9 259.0 0.0 -1.0 -1.0 -1.0 0.0 0.36993575395907136 0.2955411728663469 0.33452307317458185
9 260.0 0.0 -1.0 -1.0 -1.0 0.0 0.3815480270276374 0.2810741011989466 0.337377871773416
9 261.0 0.0 -1.0 -1.0 -1.0 0.0 0.34047799532906303 0.2912517219298314 0.3682702827411058
9 262.0 0.0 -1.0 -1.0 -1.0 0.0 0.34423200972033063 0.2991109174379007 0.35665707284176856
9 263.0 0.0 -1.0 -1.0 -1.0 0.0 0.34904249541735366 0.28414397045036727 0.36681353413227874
9 264.0 0.0 -1.0 -1.0 -1.0 0.0 0.33697492216407243 0.28431943461148934 0.37870564322443817
9 265.0 0.0 -1.0 -1.0 -1.0 0.0 0.33678245958413916 0.29296410319836613 0.3702534372174943
9 266.0 0.0 -1.0 -1.0 -1.0 0.0 0.3718824013355975 0.2821230996659246 0.3459944989984778
9 267.0 0.0 -1.0 -1.0 -1.0 0.0 0.37657994424336555 0.29216716342798993 0.3312528923286444
9 268.0 0.0 -1.0 -1.0 -1.0 0.0 0.38654163065447883 0.29299547443854185 0.3204628949069794
9 269.0 0.0 -1.0 -1.0 -1.0 0.0 0.35922542126885204 0.30319654502975557 0.3375780337013927
9 270.0 0.0 -1.0 -1.0 -1.0 0.0 0.37332225889770787 0.3107860647446733 0.31589167635761867
9 271.0 0.0 -1.0 -1.0 -1.0 0.0 0.39855158279018504 0.31025709481396585 0.2911913223958492
9 272.0 0.0 -1.0 -1.0 -1.0 0.0 0.35611807211040897 0.3341918489681418 0.30969007892144934
9 273.0 0.0 -1.0 -1.0 -1.0 0.0 0.34118968467257527 0.35683636708889616 0.30197394823852874
9 274.0 0.0 -1.0 -1.0 -1.0 0.0 0.33533764224206064 0.3376753444214627 0.3269870133364766
9 275.0 0.0 -1.0 -1.0 -1.0 0.0 0.3209546756808901 0.33945470954032897 0.3395906147787811
9 276.0 0.0 -1.0 -1.0 -1.0 0.0 0.3570554581194032 0.32449502038769135 0.31844952149290534
9 277.0 0.0 -1.0 -1.0 -1.0 0.0 0.35831964510551506 0.36036355086359323 0.28131680403089165
9 278.0 0.0 -1.0 -1.0 -1.0 0.0 0.38758882698709046 0.3420996068338549 0.2703115661790546
9 279.0 0.0 -1.0 -1.0 -1.0 0.0 0.38843143620831305 0.33215026234554634 0.27941830144614066
9 280.0 0.0 -1.0 -1.0 -1.0 0.0 0.3569662579775877 0.3385814792346043 0.30445226278780796
9 281.0 0.0 -1.0 -1.0 -1.0 0.0 0.35267571147457816 0.3511433014670696 0.2961809870583525
9 282.0 0.0 -1.0 -1.0 -1.0 0.0 0.3422668690291022 0.3528165273764361 0.3049166035944619
9 283.0 0.0 -1.0 -1.0 -1.0 0.0 0.3154869079222773 0.3849272354470986 0.2995858566306242
9 284.0 0.0 -1.0 -1.0 -1.0 0.0 0.34239978369840857 0.37527707856804227 0.28232313773354906
9 285.0 0.0 -1.0 -1.0 -1.0 0.0 0.35352670835783234 0.35031903835834965 0.296154253283818
9 286.0 0.0 -1.0 -1.0 -1.0 0.0 0.36253645155535885 0.3452572842094401 0.29220626423520146
9 287.0 0.0 -1.0 -1.0 -1.0 0.0 0.3596753677368726 0.33129097418740033 0.30903365807572736
9 288.0 0.0 -1.0 -1.0 -1.0 0.0 0.37316042455435133 0.3132108576279712 0.3136287178176776
9 289.0 0.0 -1.0 -1.0 -1.0 0.0 0.3727172952549055 0.2990347479518475 0.32824795679324703
9 290.0 0.0 -1.0 -1.0 -1.0 0.0 0.35054072623466637 0.29346145894796233 0.3559978148173715
9 291.0 0.0 -1.0 -1.0 -1.0 0.0 0.32873820328738046 0.30579424639442315 0.3654675503181962
9 292.0 0.0 -1.0 -1.0 -1.0 0.0 0.310714766390916 0.32720746045217247 0.36207777315691136
9 293.0 0.0 -1.0 -1.0 -1.0 0.0 0.3097637777730846 0.32039108777221514 0.36984513445470024
9 294.0 0.0 -1.0 -1.0 -1.0 0.0 0.3270128890809955 0.3389404866298347 0.33404662428916987
9 295.0 0.0 -1.0 -1.0 -1.0 0.0 0.32762238204157457 0.32301813336151425 0.34935948459691124
9 296.0 0.0 -1.0 -1.0 -1.0 0.0 0.33825272455383937 0.31548484405421134 0.34626243139194934
9 297.0 0.0 -1.0 -1.0 -1.0 0.0 0.33342489956427535 0.3212848060575118 0.345290294378213
9 298.0 0.0 -1.0 -1.0 -1.0 0.0 0.3499054488140277 0.3268710196869662 0.32322353149900623
9 299.0 0.0 -1.0 -1.0 -1.0 0.0 0.3349883683048434 0.33396514158811313 0.3310464901070435
9 300.0 0.0 -1.0 -1.0 -1.0 0.0 0.33789146905025547 0.34945005398949247 0.31265847696025184
9 301.0 0.0 -1.0 -1.0 -1.0 0.0 0.34115544499330314 0.3271598966309422 0.33168465837575456
9 302.0 0.0 -1.0 -1.0 -1.0 0.0 0.3328332676630733 0.3402433386507311 0.3269233936861957
9 303.0 0.0 -1.0 -1.0 -1.0 0.0 0.3290110692777305 0.34252047807042174 0.3284684526518476
9 304.0 0.0 -1.0 -1.0 -1.0 0.0 0.33421277457179327 0.3646638015927222 0.3011234238354842
9 305.0 0.0 -1.0 -1.0 -1.0 0.0 0.3284938258490176 0.37514723604327804 0.2963589381077042
9 306.0 0.0 -1.0 -1.0 -1.0 0.0 0.33273138404011127 0.3574954018897846 0.30977321407010394
9 307.0 0.0 -1.0 -1.0 -1.0 0.0 0.3097296775805007 0.36077275146765225 0.3294975709518473
9 308.0 0.0 -1.0 -1.0 -1.0 0.0 0.3048754676367341 0.361733644723928 0.3333908876393381
9 309.0 0.0 -1.0 -1.0 -1.0 0.0 0.3032682309174031 0.35274236412542315 0.3439894049571739
9 310.0 0.0 -1.0 -1.0 -1.0 0.0 0.28394720436269194 0.34639672579169883 0.3696560698456091
9 311.0 0.0 -1.0 -1.0 -1.0 0.0 0.2980038760133893 0.3222643678437457 0.3797317561428648
9 312.0 0.0 -1.0 -1.0 -1.0 0.0 0.3316793419498086 0.32926369354994117 0.3390569645002502
9 313.0 0.0 -1.0 -1.0 -1.0 0.0 0.2946599131648164 0.3545849898983237 0.35075509693686013
9 314.0 0.0 -1.0 -1.0 -1.0 0.0 0.33651514371793206 0.3474084801309075 0.3160763761511605
9 315.0 0.0 -1.0 -1.0 -1.0 0.0 0.33547001406581073 0.3621205426838107 0.3024094432503787
9 316.0 0.0 -1.0 -1.0 -1.0 0.0 0.32409348847567643 0.34073492036301295 0.33517159116131057
9 317.0 0.0 -1.0 -1.0 -1.0 0.0 0.32984139056612494 0.34003628469229374 0.3301223247415813
9 318.0 0.0 -1.0 -1.0 -1.0 0.0 0.3392373046165566 0.3128344726617316 0.347928222721712
9 319.0 0.0 -1.0 -1.0 -1.0 0.0 0.3652423660945754 0.3192180496133811 0.3155395842920435
9 320.0 0.0 -1.0 -1.0 -1.0 0.0 0.3616633460474625 0.30925517052529167 0.32908148342724564
9 321.0 0.0 -1.0 -1.0 -1.0 0.0 0.35227066517838845 0.3177572967687798 0.32997203805283176
9 322.0 0.0 -1.0 -1.0 -1.0 0.0 0.3437364801647385 0.31020107651459133 0.34606244332067015
9 323.0 0.0 -1.0 -1.0 -1.0 0.0 0.34931920815249184 0.3232658161232249 0.3274149757242833
9 324.0 0.0 -1.0 -1.0 -1.0 0.0 0.31275005227503916 0.3624425794470526 0.3248073682779083
9 325.0 0.0 -1.0 -1.0 -1.0 0.0 0.31344886665893557 0.3485182737138729 0.3380328596271916
9 326.0 0.0 -1.0 -1.0 -1.0 0.0 0.29750153780570104 0.3501350321234888 0.35236343007080995
9 327.0 0.0 -1.0 -1.0 -1.0 0.0 0.31794873803178186 0.31830713809811767 0.36374412387010024
9 328.0 0.0 -1.0 -1.0 -1.0 0.0 0.33027197944528164 0.3113538542429315 0.358374166311787
9 329.0 0.0 -1.0 -1.0 -1.0 0.0 0.3234920561044134 0.30681415012342594 0.36969379377216066
9 330.0 0.0 -1.0 -1.0 -1.0 0.0 0.37141186916864266 0.29347025784761416 0.33511787298374324
9 331.0 0.0 -1.0 -1.0 -1.0 0.0 0.369423693592063 0.2948238521330824 0.3357524542748547
9 332.0 0.0 -1.0 -1.0 -1.0 0.0 0.3569912182827795 0.3190215510201251 0.3239872306970954
9 333.0 0.0 -1.0 -1.0 -1.0 0.0 0.3542801135916147 0.3296710488913337 0.31604883751705165
9 334.0 0.0 -1.0 -1.0 -1.0 0.0 0.34782877482837354 0.3184314964764115 0.3337397286952149
9 335.0 0.0 -1.0 -1.0 -1.0 0.0 0.3225214524524673 0.32134807196315424 0.35613047558437844
9 336.0 0.0 -1.0 -1.0 -1.0 0.0 0.30013418522527 0.33259808509729555 0.36726772967743465
9 337.0 0.0 -1.0 -1.0 -1.0 0.0 0.2936649243644244 0.35219291376085154 0.354142161874724
9 338.0 0.0 -1.0 -1.0 -1.0 0.0 0.28689597070337897 0.3570272504725021 0.35607677882411903
9 339.0 0.0 -1.0 -1.0 -1.0 0.0 0.30965719792031654 0.344278976194 0.34606382588568335
9 340.0 0.0 -1.0 -1.0 -1.0 0.0 0.29883223724343183 0.3514620990849331 0.3497056636716353
9 341.0 0.0 -1.0 -1.0 -1.0 0.0 0.2987334657799339 0.3482264454107872 0.35304008880927884
9 342.0 0.0 -1.0 -1.0 -1.0 0.0 0.32916175440091067 0.3281074310552687 0.3427308145438206
9 343.0 0.0 -1.0 -1.0 -1.0 0.0 0.3414005277196195 0.31782170507723273 0.3407777672031478
9 344.0 0.0 -1.0 -1.0 -1.0 0.0 0.36377651062559563 0.3180772680976953 0.31814622127670905
9 345.0 0.0 -1.0 -1.0 -1.0 0.0 0.3654034526920071 0.31100037014716536 0.32359617716082767
9 346.0 0.0 -1.0 -1.0 -1.0 0.0 0.3785170260640709 0.3233135592284011 0.2981694147075281
9 347.0 0.0 -1.0 -1.0 -1.0 0.0 0.3689991345563002 0.3270514609015499 0.30394940454214997
9 348.0 0.0 -1.0 -1.0 -1.0 0.0 0.3628489375838533 0.33324102594873833 0.3039100364674082
9 349.0 0.0 -1.0 -1.0 -1.0 0.0 0.3369474675904565 0.34917598400568933 0.31387654840385426
9 350.0 0.0 -1.0 -1.0 -1.0 0.0 0.35274530222028155 0.3230215671314964 0.32423313064822223
9 351.0 0.0 -1.0 -1.0 -1.0 0.0 0.32263784199196877 0.3331503331425742 0.3442118248654571
9 352.0 0.0 -1.0 -1.0 -1.0 0.0 0.3002448991088611 0.3312531717518962 0.3685019291392429
9 353.0 0.0 -1.0 -1.0 -1.0 0.0 0.31636101920929605 0.32868766248083614 0.3549513183098679
9 354.0 0.0 -1.0 -1.0 -1.0 0.0 0.3271507910564189 0.3111032406219504 0.3617459683216309
9 355.0 0.0 -1.0 -1.0 -1.0 0.0 0.3485574295328885 0.31422247718289165 0.33722009328422
9 356.0 0.0 -1.0 -1.0 -1.0 0.0 0.3485040750969194 0.298973970659557 0.3525219542435235
9 357.0 0.0 -1.0 -1.0 -1.0 0.0 0.3706782360582806 0.31095237370426504 0.3183693902374539
9 358.0 0.0 -1.0 -1.0 -1.0 0.0 0.3678092100301095 0.31096323220326755 0.32122755776662265
9 359.0 0.0 -1.0 -1.0 -1.0 0.0 0.35551513711210814 0.3376878645047208 0.3067969983831709
9 360.0 0.0 -1.0 -1.0 -1.0 0.0 0.360987364950637 0.3137244360499787 0.32528819899938427
9 361.0 0.0 -1.0 -1.0 -1.0 0.0 0.3259966488443148 0.34415199291584037 0.329851358239845
9 362.0 0.0 -1.0 -1.0 -1.0 0.0 0.32822884962585336 0.32418533605496963 0.3475858143191771
9 363.0 0.0 -1.0 -1.0 -1.0 0.0 0.3376971838756039 0.3339538008653774 0.3283490152590186
9 364.0 0.0 -1.0 -1.0 -1.0 0.0 0.3610427520089358 0.33793594449938263 0.30102130349168177
9 365.0 0.0 -1.0 -1.0 -1.0 0.0 0.35785651387241757 0.3404906410734177 0.30165284505416456
9 366.0 0.0 -1.0 -1.0 -1.0 0.0 0.3379818704661252 0.3306302586216143 0.3313878709122606
9 367.0 0.0 -1.0 -1.0 -1.0 0.0 0.3476524357130784 0.3214640031465773 0.33088356114034456
9 368.0 0.0 -1.0 -1.0 -1.0 0.0 0.3438986320000377 0.31738698308150726 0.3387143849184552
9 369.0 0.0 -1.0 -1.0 -1.0 0.0 0.350827909461044 0.3078070120906016 0.3413650784483545
9 370.0 0.0 -1.0 -1.0 -1.0 0.0 0.32297022777073087 0.3134823116858337 0.36354746054343523
9 371.0 0.0 -1.0 -1.0 -1.0 0.0 0.3284105804532724 0.29099799122629083 0.38059142832043674
9 372.0 0.0 -1.0 -1.0 -1.0 0.0 0.3332807272380585 0.3046622980123725 0.36205697474956894
9 373.0 0.0 -1.0 -1.0 -1.0 0.0 0.3081232786140798 0.3191813137977571 0.37269540758816305
9 374.0 0.0 -1.0 -1.0 -1.0 0.0 0.304250257972055 0.3120094192537623 0.3837403227741826
9 375.0 0.0 -1.0 -1.0 -1.0 0.0 0.313620910050174 0.28714943184933045 0.3992296581004957
9 376.0 0.0 -1.0 -1.0 -1.0 0.0 0.2935171829526367 0.32080732428389097 0.3856754927634721
9 377.0 0.0 -1.0 -1.0 -1.0 0.0 0.29619498915304177 0.3037198179365349 0.4000851929104232
9 378.0 0.0 -1.0 -1.0 -1.0 0.0 0.3192407093487651 0.30373817078012094 0.3770211198711143
9 379.0 0.0 -1.0 -1.0 -1.0 0.0 0.3471439690987651 0.29101865272463245 0.3618373781766022
9 380.0 0.0 -1.0 -1.0 -1.0 0.0 0.32728384019796924 0.30437847068079416 0.3683376891212367
9 381.0 0.0 -1.0 -1.0 -1.0 0.0 0.3037671823993184 0.32433286863435823 0.3718999489663232
9 382.0 0.0 -1.0 -1.0 -1.0 0.0 0.2852355823744153 0.35664303821704507 0.35812137940853966
9 383.0 0.0 -1.0 -1.0 -1.0 0.0 0.29894794757189613 0.357030506411693 0.3440215460164109
9 384.0 0.0 -1.0 -1.0 -1.0 0.0 0.3089113502839373 0.3534167843728257 0.3376718653432373
9 385.0 0.0 -1.0 -1.0 -1.0 0.0 0.32709817423351234 0.36673609949987906 0.3061657262666083
9 386.0 0.0 -1.0 -1.0 -1.0 0.0 0.33320795573849255 0.35635695399904405 0.31043509026246335
9 387.0 0.0 -1.0 -1.0 -1.0 0.0 0.32564808639848003 0.3529349555100184 0.32141695809150134
9 388.0 0.0 -1.0 -1.0 -1.0 0.0 0.3378361813706377 0.3453437910961861 0.31682002753317606
9 389.0 0.0 -1.0 -1.0 -1.0 0.0 0.33413762725818485 0.32561971576136933 0.34024265698044587
9 390.0 0.0 -1.0 -1.0 -1.0 0.0 0.3072709556679179 0.34451949017292693 0.3482095541591553
9 391.0 0.0 -1.0 -1.0 -1.0 0.0 0.3310627378466682 0.36544696368052 0.303490298472812
9 392.0 0.0 -1.0 -1.0 -1.0 0.0 0.32045167695564997 0.36069793932244454 0.31885038372190583
9 393.0 0.0 -1.0 -1.0 -1.0 0.0 0.36284392833245754 0.3313397036199426 0.30581636804759993
9 394.0 0.0 -1.0 -1.0 -1.0 0.0 0.3525711397756701 0.31407568636140915 0.33335317386292096
9 395.0 0.0 -1.0 -1.0 -1.0 0.0 0.36463660866900016 0.3095973853431297 0.32576600598787053
9 396.0 0.0 -1.0 -1.0 -1.0 0.0 0.3705266805298515 0.30257776530834535 0.32689555416180355
9 397.0 0.0 -1.0 -1.0 -1.0 0.0 0.3745866556080943 0.28418089965279175 0.34123244473911396
9 398.0 0.0 -1.0 -1.0 -1.0 0.0 0.35230170833951285 0.3043058934543973 0.34339239820608974
9 399.0 0.0 -1.0 -1.0 -1.0 0.0 0.3494983466099064 0.31608868287766906 0.3344129705124246
9 400.0 0.0 -1.0 -1.0 -1.0 0.0 0.3339074708558119 0.2918043557871005 0.3742881733570873
9 401.0 0.0 -1.0 -1.0 -1.0 0.0 0.34125516505300096 0.28191049963527004 0.376834335311729
9 402.0 0.0 -1.0 -1.0 -1.0 0.0 0.3162963461022179 0.30564258495815805 0.3780610689396241
9 403.0 0.0 -1.0 -1.0 -1.0 0.0 0.2841994235187521 0.3302450134395277 0.38555556304171984
9 404.0 0.0 -1.0 -1.0 -1.0 0.0 0.30919735141413524 0.3281537216379819 0.36264892694788287
9 405.0 0.0 -1.0 -1.0 -1.0 0.0 0.31790725012318055 0.32547948470439686 0.3566132651724226
9 406.0 0.0 -1.0 -1.0 -1.0 0.0 0.30809003873201996 0.34399892065515275 0.34791104061282746
9 407.0 0.0 -1.0 -1.0 -1.0 0.0 0.3004744491951791 0.3460510302415985 0.35347452056322237
9 408.0 0.0 -1.0 -1.0 -1.0 0.0 0.31736073964677425 0.3444926177110243 0.33814664264220157
9 409.0 0.0 -1.0 -1.0 -1.0 0.0 0.29836563133924304 0.3595947188030015 0.3420396498577556
9 410.0 0.0 -1.0 -1.0 -1.0 0.0 0.2822717380939232 0.36221006730108274 0.3555181946049941
9 411.0 0.0 -1.0 -1.0 -1.0 0.0 0.27862169347595894 0.3596448475534338 0.3617334589706075
9 412.0 0.0 -1.0 -1.0 -1.0 0.0 0.2883350520138727 0.35335353562865607 0.35831141235747116
9 413.0 0.0 -1.0 -1.0 -1.0 0.0 0.30794619622239133 0.342374521839984 0.3496792819376244
9 414.0 0.0 -1.0 -1.0 -1.0 0.0 0.33777852716552187 0.338597438479591 0.3236240343548873
9 415.0 0.0 -1.0 -1.0 -1.0 0.0 0.3513864162155827 0.3193270006888907 0.3292865830955267
9 416.0 0.0 -1.0 -1.0 -1.0 0.0 0.3489060448649958 0.3101853688114614 0.3409085863235427
9 417.0 0.0 -1.0 -1.0 -1.0 0.0 0.354145480101146 0.27385751682197224 0.3719970030768816
9 418.0 0.0 -1.0 -1.0 -1.0 0.0 0.35230568333566 0.2947502285377862 0.3529440881265538
9 419.0 0.0 -1.0 -1.0 -1.0 0.0 0.3714842007764356 0.3075910128158846 0.3209247864076796
9 420.0 0.0 -1.0 -1.0 -1.0 0.0 0.3481635673947477 0.3268617073656539 0.3249747252395982
9 421.0 0.0 -1.0 -1.0 -1.0 0.0 0.34593779701286903 0.2996797314074341 0.35438247157969693
9 422.0 0.0 -1.0 -1.0 -1.0 0.0 0.34705661443767866 0.2940700248112873 0.35887336075103393
9 423.0 0.0 -1.0 -1.0 -1.0 0.0 0.34022482868694914 0.30953005214030865 0.3502451191727423
9 424.0 0.0 -1.0 -1.0 -1.0 0.0 0.34450032538781 0.3112736646171996 0.34422600999499037
9 425.0 0.0 -1.0 -1.0 -1.0 0.0 0.346490124289507 0.3197991429929872 0.33371073271750573
9 426.0 0.0 -1.0 -1.0 -1.0 0.0 0.35238485870517683 0.2919617152123835 0.35565342608243955
9 427.0 0.0 -1.0 -1.0 -1.0 0.0 0.35139534457323174 0.29034929620093225 0.35825535922583585
9 428.0 0.0 -1.0 -1.0 -1.0 0.0 0.35822247190738776 0.2752055228644376 0.36657200522817435
9 429.0 0.0 -1.0 -1.0 -1.0 0.0 0.35537825627685704 0.2792032772378821 0.3654184664852608
9 430.0 0.0 -1.0 -1.0 -1.0 0.0 0.37592702287132945 0.25664723404043577 0.36742574308823506
9 431.0 0.0 -1.0 -1.0 -1.0 0.0 0.37273567881904596 0.29988007340018796 0.32738424778076614
9 432.0 0.0 -1.0 -1.0 -1.0 0.0 0.35980945955662846 0.2942588529115682 0.3459316875318035
9 433.0 0.0 -1.0 -1.0 -1.0 0.0 0.3586053586652811 0.279248150735618 0.36214649059910087
9 434.0 0.0 -1.0 -1.0 -1.0 0.0 0.36733001199076376 0.27494410277797837 0.357725885231258
9 435.0 0.0 -1.0 -1.0 -1.0 0.0 0.35025204099826057 0.2950143467532184 0.35473361224852096
9 436.0 0.0 -1.0 -1.0 -1.0 0.0 0.3556331587408439 0.2986659272878729 0.3457009139712837
9 437.0 0.0 -1.0 -1.0 -1.0 0.0 0.36215379552673427 0.310733364118388 0.327112840354878
9 438.0 0.0 -1.0 -1.0 -1.0 0.0 0.3487015117558243 0.35253924863109903 0.2987592396130764
9 439.0 0.0 -1.0 -1.0 -1.0 0.0 0.34368848240334837 0.35287564067300436 0.3034358769236474
9 440.0 0.0 -1.0 -1.0 -1.0 0.0 0.34347372993437764 0.3389977838451781 0.31752848622044405
9 441.0 0.0 -1.0 -1.0 -1.0 0.0 0.35856987809426166 0.30867832715959226 0.33275179474614625
9 442.0 0.0 -1.0 -1.0 -1.0 0.0 0.38638377490630016 0.2542287730198682 0.359387452073832
9 443.0 0.0 -1.0 -1.0 -1.0 0.0 0.34601763863926427 0.2790785333414219 0.3749038280193138
9 444.0 0.0 -1.0 -1.0 -1.0 0.0 0.35068787855860023 0.3033042834982019 0.34600783794319795
9 445.0 0.0 -1.0 -1.0 -1.0 0.0 0.32688074819242385 0.3161468276901894 0.3569724241173865
9 446.0 0.0 -1.0 -1.0 -1.0 0.0 0.30569420494579413 0.3454533676729442 0.3488524273812619
9 447.0 0.0 -1.0 -1.0 -1.0 0.0 0.29495368319438336 0.3390460751248414 0.36600024168077505
9 448.0 0.0 -1.0 -1.0 -1.0 0.0 0.33244267227317104 0.34004056484771356 0.32751676287911535
9 449.0 0.0 -1.0 -1.0 -1.0 0.0 0.32394627541342097 0.3324247111063591 0.3436290134802198
9 450.0 0.0 -1.0 -1.0 -1.0 0.0 0.3203158814898028 0.3643889143996232 0.3152952041105739
9 451.0 0.0 -1.0 -1.0 -1.0 0.0 0.29209091234890205 0.36624880532972837 0.3416602823213696
9 452.0 0.0 -1.0 -1.0 -1.0 0.0 0.3381682574082588 0.3510661028776444 0.31076563971409693
9 453.0 0.0 -1.0 -1.0 -1.0 0.0 0.35143404421504243 0.3428651700417333 0.3057007857432241
9 454.0 0.0 -1.0 -1.0 -1.0 0.0 0.34341529340326155 0.35857824670247945 0.29800645989425895
9 455.0 0.0 -1.0 -1.0 -1.0 0.0 0.3478204275016095 0.3632772329508003 0.2889023395475905
9 456.0 0.0 -1.0 -1.0 -1.0 0.0 0.3207155591042121 0.3809634765539071 0.29832096434188077
9 457.0 0.0 -1.0 -1.0 -1.0 0.0 0.3383513562349447 0.37870782401903574 0.28294081974601926
9 458.0 0.0 -1.0 -1.0 -1.0 0.0 0.3235967868681472 0.3866964469339855 0.2897067661978674
9 459.0 0.0 -1.0 -1.0 -1.0 0.0 0.33799148024638287 0.3641617156088279 0.2978468041447892
9 460.0 0.0 -1.0 -1.0 -1.0 0.0 0.32269825544316355 0.3628681972853602 0.3144335472714764
9 461.0 0.0 -1.0 -1.0 -1.0 0.0 0.3587631268058715 0.3342209745469055 0.3070158986472232
9 462.0 0.0 -1.0 -1.0 -1.0 0.0 0.3193632556991315 0.35143749168369964 0.32919925261716865
9 463.0 0.0 -1.0 -1.0 -1.0 0.0 0.2931475885206115 0.3519440989162437 0.3549083125631447
9 464.0 0.0 -1.0 -1.0 -1.0 0.0 0.3058252735210319 0.3505348990326829 0.3436398274462851
9 465.0 0.0 -1.0 -1.0 -1.0 0.0 0.3238093835360691 0.3190960238667467 0.3570945925971841
9 466.0 0.0 -1.0 -1.0 -1.0 0.0 0.3490030670788245 0.3284127100976901 0.32258422282348526
9 467.0 0.0 -1.0 -1.0 -1.0 0.0 0.3561010337276152 0.35168654436596547 0.29221242190641933
9 468.0 0.0 -1.0 -1.0 -1.0 0.0 0.3600103411647613 0.36186057267929356 0.2781290861559451
9 469.0 0.0 -1.0 -1.0 -1.0 0.0 0.36377196087768476 0.3719840561783152 0.2642439829439997
9 470.0 0.0 -1.0 -1.0 -1.0 0.0 0.372002127440675 0.3452777925944912 0.28272007996483384
9 471.0 0.0 -1.0 -1.0 -1.0 0.0 0.37736459618854595 0.353600361589493 0.2690350422219609
9 472.0 0.0 -1.0 -1.0 -1.0 0.0 0.37016994392062 0.35855790660331627 0.27127214947606365
9 473.0 0.0 -1.0 -1.0 -1.0 0.0 0.38234710277413214 0.3591980232217283 0.2584548740041397
9 474.0 0.0 -1.0 -1.0 -1.0 0.0 0.38518285311529593 0.3346944892565438 0.2801226576281604
9 475.0 0.0 -1.0 -1.0 -1.0 0.0 0.3904752473458798 0.3060571400901341 0.30346761256398613
9 476.0 0.0 -1.0 -1.0 -1.0 0.0 0.40227772156521363 0.30022168393174853 0.2975005945030378
9 477.0 0.0 -1.0 -1.0 -1.0 0.0 0.3933737204264191 0.30076282946929306 0.3058634501042879
9 478.0 0.0 -1.0 -1.0 -1.0 0.0 0.3611694619116735 0.3167899881508024 0.3220405499375241
9 479.0 0.0 -1.0 -1.0 -1.0 0.0 0.3746228429505177 0.29330524100576355 0.3320719160437188
9 480.0 0.0 -1.0 -1.0 -1.0 0.0 0.40314600979699217 0.2780289053413304 0.3188250848616773
9 481.0 0.0 -1.0 -1.0 -1.0 0.0 0.39169484217233763 0.3032708901014788 0.30503426772618364
9 482.0 0.0 -1.0 -1.0 -1.0 0.0 0.37910168851781945 0.3010091923035576 0.319889119178623
9 483.0 0.0 -1.0 -1.0 -1.0 0.0 0.3403728659186889 0.3159508113817623 0.343676322699549
9 484.0 0.0 -1.0 -1.0 -1.0 0.0 0.3142779566586166 0.32990166179167635 0.35582038154970697
9 485.0 0.0 -1.0 -1.0 -1.0 0.0 0.3224662178560119 0.33279808760147345 0.3447356945425145
9 486.0 0.0 -1.0 -1.0 -1.0 0.0 0.3100737082902337 0.3257172210333039 0.36420907067646213
9 487.0 0.0 -1.0 -1.0 -1.0 0.0 0.3033546746024992 0.3455225944009173 0.35112273099658353
9 488.0 0.0 -1.0 -1.0 -1.0 0.0 0.30139207816926356 0.3396738080372226 0.3589341137935139
9 489.0 0.0 -1.0 -1.0 -1.0 0.0 0.3213447860612762 0.3198030541367346 0.3588521598019891
9 490.0 0.0 -1.0 -1.0 -1.0 0.0 0.3365172385794822 0.315565740298553 0.34791702112196476
9 491.0 0.0 -1.0 -1.0 -1.0 0.0 0.32011182079615763 0.3213107900920352 0.3585773891118071
9 492.0 0.0 -1.0 -1.0 -1.0 0.0 0.31887542790885753 0.34507869537359026 0.3360458767175522
9 493.0 0.0 -1.0 -1.0 -1.0 0.0 0.31288179028936386 0.3365726725937294 0.3505455371169065
9 494.0 0.0 -1.0 -1.0 -1.0 0.0 0.31654044328776926 0.35890165595498486 0.32455790075724594
9 495.0 0.0 -1.0 -1.0 -1.0 0.0 0.30549575862302036 0.361904845589767 0.3325993957872124
9 496.0 0.0 -1.0 -1.0 -1.0 0.0 0.3231218643010701 0.3575476484560501 0.3193304872428798
9 497.0 0.0 -1.0 -1.0 -1.0 0.0 0.33852705806593386 0.3406725091723495 0.32080043276171677
9 498.0 0.0 -1.0 -1.0 -1.0 0.0 0.3275038694471896 0.31561587949949266 0.3568802510533178
9 499.0 0.0 -1.0 -1.0 -1.0 0.0 0.34019479558100935 0.30477155645209886 0.35503364796689196
9 500.0 0.0 -1.0 -1.0 -1.0 0.0 0.3196213894371077 0.3488192139967204 0.33155939656617195
9 501.0 0.0 -1.0 -1.0 -1.0 0.0 0.30672091031784626 0.34054833424777103 0.3527307554343826
9 502.0 0.0 -1.0 -1.0 -1.0 0.0 0.3048635501405882 0.33004036733561876 0.365096082523793
9 503.0 0.0 -1.0 -1.0 -1.0 0.0 0.30834317937391226 0.3494934025359248 0.34216341809016293
9 504.0 0.0 -1.0 -1.0 -1.0 0.0 0.3349803033416614 0.3301216276079444 0.3348980690503942
9 505.0 0.0 -1.0 -1.0 -1.0 0.0 0.3469117109611086 0.31059451572503033 0.34249377331386116
9 506.0 0.0 -1.0 -1.0 -1.0 0.0 0.36981409397571435 0.3011756782806561 0.32901022774362965
9 507.0 0.0 -1.0 -1.0 -1.0 0.0 0.37188530477735254 0.29330629020747834 0.33480840501516906
9 508.0 0.0 -1.0 -1.0 -1.0 0.0 0.38811408294662997 0.2608882112039639 0.35099770584940626
9 509.0 0.0 -1.0 -1.0 -1.0 0.0 0.36722453992609566 0.2705856031220689 0.36218985695183514
9 510.0 0.0 -1.0 -1.0 -1.0 0.0 0.34503378351338543 0.2679955267386936 0.38697068974792115
9 511.0 0.0 -1.0 -1.0 -1.0 0.0 0.36309442021040644 0.26610314928671036 0.3708024305028831
9 512.0 0.0 -1.0 -1.0 -1.0 0.0 0.3841513567700117 0.2625367887892832 0.3533118544407053
9 513.0 0.0 -1.0 -1.0 -1.0 0.0 0.3428734850210657 0.3014184734287759 0.3557080415501582
9 514.0 0.0 -1.0 -1.0 -1.0 0.0 0.3556373146115513 0.2951299236420625 0.3492327617463862
9 515.0 0.0 -1.0 -1.0 -1.0 0.0 0.35309951227933334 0.3018573634059064 0.3450431243147601
9 516.0 0.0 -1.0 -1.0 -1.0 0.0 0.3325471153661226 0.3078808778396704 0.35957200679420703
9 517.0 0.0 -1.0 -1.0 -1.0 0.0 0.30754295036160983 0.3311728933881657 0.36128415625022436
9 518.0 0.0 -1.0 -1.0 -1.0 0.0 0.3282768625559336 0.3388585426161142 0.33286459482795244
9 519.0 0.0 -1.0 -1.0 -1.0 0.0 0.3218437980906505 0.37078115808674966 0.3073750438225997
9 520.0 0.0 -1.0 -1.0 -1.0 0.0 0.3074112914107268 0.37042773740260154 0.3221609711866716
9 521.0 0.0 -1.0 -1.0 -1.0 0.0 0.3254595331915926 0.36062398285340774 0.3139164839549996
9 522.0 0.0 -1.0 -1.0 -1.0 0.0 0.33632117609203 0.32484145734577696 0.338837366562193
9 523.0 0.0 -1.0 -1.0 -1.0 0.0 0.34571687122087014 0.32060977389585477 0.3336733548832752
9 524.0 0.0 -1.0 -1.0 -1.0 0.0 0.3922066712815531 0.29274798582566375 0.3150453428927832
9 525.0 0.0 -1.0 -1.0 -1.0 0.0 0.363293158778433 0.2946125890459757 0.34209425217559114
9 526.0 0.0 -1.0 -1.0 -1.0 0.0 0.3685868841445748 0.3080674386222022 0.323345677233223
9 527.0 0.0 -1.0 -1.0 -1.0 0.0 0.37198052724503733 0.31382151465608005 0.3141979580988828
9 528.0 0.0 -1.0 -1.0 -1.0 0.0 0.3565516490120566 0.3260199057886792 0.3174284451992641
9 529.0 0.0 -1.0 -1.0 -1.0 0.0 0.3515549586223247 0.33343022737859934 0.315014813999076
9 530.0 0.0 -1.0 -1.0 -1.0 0.0 0.37750220907499676 0.29866370080098936 0.323834090124014
9 531.0 0.0 -1.0 -1.0 -1.0 0.0 0.36617468388679514 0.312221791984615 0.3216035241285899
9 532.0 0.0 -1.0 -1.0 -1.0 0.0 0.38510787650125694 0.3069039818799721 0.30798814161877086
9 533.0 0.0 -1.0 -1.0 -1.0 0.0 0.3842550790732471 0.29968961986236087 0.31605530106439206
9 534.0 0.0 -1.0 -1.0 -1.0 0.0 0.38076928009991495 0.3021310332265489 0.31709968667353616
9 535.0 0.0 -1.0 -1.0 -1.0 0.0 0.36268775306687545 0.316251556592347 0.3210606903407775
9 536.0 0.0 -1.0 -1.0 -1.0 0.0 0.3639579588139414 0.31699244441052427 0.3190495967755344
9 537.0 0.0 -1.0 -1.0 -1.0 0.0 0.3581215897142108 0.2976273549405411 0.34425105534524797
9 538.0 0.0 -1.0 -1.0 -1.0 0.0 0.38423771350832536 0.3025042208123506 0.3132580656793239
9 539.0 0.0 -1.0 -1.0 -1.0 0.0 0.3533039986497581 0.31116691392661927 0.3355290874236227
9 540.0 0.0 -1.0 -1.0 -1.0 0.0 0.3507797037369307 0.3051437556147791 0.3440765406482904
9 541.0 0.0 -1.0 -1.0 -1.0 0.0 0.3324660707504109 0.3096858383175423 0.3578480909320467
9 542.0 0.0 -1.0 -1.0 -1.0 0.0 0.36650628259473556 0.3052665578047561 0.32822715960050836
9 543.0 0.0 -1.0 -1.0 -1.0 0.0 0.3567539858446558 0.32429647077083656 0.3189495433845077
9 544.0 0.0 -1.0 -1.0 -1.0 0.0 0.3398245251095255 0.3261395605547301 0.3340359143357444
9 545.0 0.0 -1.0 -1.0 -1.0 0.0 0.31472297849363434 0.32567401504993176 0.35960300645643384
9 546.0 0.0 -1.0 -1.0 -1.0 0.0 0.3194483654907614 0.3435128396891073 0.33703879482013127
9 547.0 0.0 -1.0 -1.0 -1.0 0.0 0.3527221644371528 0.32266734644658684 0.3246104891162603
9 548.0 0.0 -1.0 -1.0 -1.0 0.0 0.3614485281248105 0.31102383412324536 0.32752763775194427
9 549.0 0.0 -1.0 -1.0 -1.0 0.0 0.35204906443266665 0.326220150043218 0.3217307855241153
9 550.0 0.0 -1.0 -1.0 -1.0 0.0 0.3378469161125912 0.3259689901958036 0.33618409369160523
9 551.0 0.0 -1.0 -1.0 -1.0 0.0 0.326629022049381 0.35132950864712226 0.3220414693034966
9 552.0 0.0 -1.0 -1.0 -1.0 0.0 0.31975685392161585 0.36018820442990324 0.3200549416484808
9 553.0 0.0 -1.0 -1.0 -1.0 0.0 0.3270981357385567 0.352800151186052 0.32010171307539137
9 554.0 0.0 -1.0 -1.0 -1.0 0.0 0.3266136668037346 0.35656849839990346 0.31681783479636183
9 555.0 0.0 -1.0 -1.0 -1.0 0.0 0.3074610984972934 0.36847492964414114 0.3240639718585655
9 556.0 0.0 -1.0 -1.0 -1.0 0.0 0.3289050225038997 0.33179318493977594 0.3393017925563243
9 557.0 0.0 -1.0 -1.0 -1.0 0.0 0.3129884984934361 0.3435801468990267 0.343431354607537
9 558.0 0.0 -1.0 -1.0 -1.0 0.0 0.29449332558226987 0.3773006135225907 0.3282060608951393
9 559.0 0.0 -1.0 -1.0 -1.0 0.0 0.30126687345237996 0.36982940460534425 0.328903721942276
9 560.0 0.0 -1.0 -1.0 -1.0 0.0 0.31034696284980257 0.36639965271621816 0.3232533844339793
9 561.0 0.0 -1.0 -1.0 -1.0 0.0 0.3273662152208343 0.3612417739641517 0.31139201081501394
9 562.0 0.0 -1.0 -1.0 -1.0 0.0 0.3541904394157941 0.31639323174516476 0.3294163288390412
9 563.0 0.0 -1.0 -1.0 -1.0 0.0 0.3481497549916549 0.3138596332827369 0.33799061172560824
9 564.0 0.0 -1.0 -1.0 -1.0 0.0 0.34291268220677806 0.3049906169421732 0.3520967008510484
9 565.0 0.0 -1.0 -1.0 -1.0 0.0 0.3395857082190395 0.31400172642835533 0.3464125653526055
9 566.0 0.0 -1.0 -1.0 -1.0 0.0 0.33289523544176836 0.3332283541421022 0.3338764104161293
9 567.0 0.0 -1.0 -1.0 -1.0 0.0 0.32611641300134436 0.3319015829671709 0.34198200403148477
9 568.0 0.0 -1.0 -1.0 -1.0 0.0 0.35414551249586324 0.3253685598776923 0.3204859276264445
9 569.0 0.0 -1.0 -1.0 -1.0 0.0 0.3546982735038294 0.3531954547080753 0.2921062717880952
9 570.0 0.0 -1.0 -1.0 -1.0 0.0 0.34446080433227455 0.337241989765952 0.3182972059017734
9 571.0 0.0 -1.0 -1.0 -1.0 0.0 0.37010504071544587 0.309996113897597 0.3198988453869572
9 572.0 0.0 -1.0 -1.0 -1.0 0.0 0.3582679960224947 0.3168706220693133 0.32486138190819197
9 573.0 0.0 -1.0 -1.0 -1.0 0.0 0.3537674716860601 0.3193340526940782 0.32689847561986196
9 574.0 0.0 -1.0 -1.0 -1.0 0.0 0.35699440784303876 0.3345763095341225 0.30842928262283886
9 575.0 0.0 -1.0 -1.0 -1.0 0.0 0.3450503569928051 0.35496225426169253 0.29998738874550246
9 576.0 0.0 -1.0 -1.0 -1.0 0.0 0.36279591352600876 0.358162610623917 0.27904147585007416
9 577.0 0.0 -1.0 -1.0 -1.0 0.0 0.36079037192059554 0.37390880899269824 0.2653008190867062
9 578.0 0.0 -1.0 -1.0 -1.0 0.0 0.38015026614086594 0.36135585136921766 0.25849388248991667
9 579.0 0.0 -1.0 -1.0 -1.0 0.0 0.3586616686495242 0.38376725755121294 0.2575710737992631
9 580.0 0.0 -1.0 -1.0 -1.0 0.0 0.3462103735783078 0.38450064421825614 0.2692889822034361
9 581.0 0.0 -1.0 -1.0 -1.0 0.0 0.33132982171879527 0.3435506366267792 0.3251195416544255
9 582.0 0.0 -1.0 -1.0 -1.0 0.0 0.34076994516063164 0.31063329536136436 0.3485967594780041
9 583.0 0.0 -1.0 -1.0 -1.0 0.0 0.34908531817887933 0.3131146431007852 0.3378000387203351
9 584.0 0.0 -1.0 -1.0 -1.0 0.0 0.33387708693079593 0.33666459331746856 0.32945831975173534
9 585.0 0.0 -1.0 -1.0 -1.0 0.0 0.3453631677834641 0.3224732243293493 0.33216360788718674
9 586.0 0.0 -1.0 -1.0 -1.0 0.0 0.32690145974130663 0.3410103813128807 0.3320881589458126
9 587.0 0.0 -1.0 -1.0 -1.0 0.0 0.3238563010770788 0.3603456022741577 0.3157980966487637
9 588.0 0.0 -1.0 -1.0 -1.0 0.0 0.2962795058793778 0.36539637329126223 0.33832412082936003
9 589.0 0.0 -1.0 -1.0 -1.0 0.0 0.32231278573272165 0.3339646175683566 0.3437225966989216
9 590.0 0.0 -1.0 -1.0 -1.0 0.0 0.3008208252082133 0.3564738949244431 0.34270527986734334
9 591.0 0.0 -1.0 -1.0 -1.0 0.0 0.3077966153289022 0.3532882395117024 0.338915145159395
9 592.0 0.0 -1.0 -1.0 -1.0 0.0 0.34700733936834927 0.37002951168023107 0.2829631489514198
9 593.0 0.0 -1.0 -1.0 -1.0 0.0 0.3406052835630235 0.35856614632962397 0.30082857010735264
9 594.0 0.0 -1.0 -1.0 -1.0 0.0 0.34744325702329854 0.38028771169196723 0.27226903128473434
9 595.0 0.0 -1.0 -1.0 -1.0 0.0 0.3518836857751573 0.36090076139000593 0.2872155528348366
9 596.0 0.0 -1.0 -1.0 -1.0 0.0 0.34961232618431426 0.34794692988326453 0.30244074393242104
9 597.0 0.0 -1.0 -1.0 -1.0 0.0 0.34908964289762356 0.3390655957724167 0.3118447613299598
9 598.0 0.0 -1.0 -1.0 -1.0 0.0 0.3370199545281852 0.3337639822024038 0.32921606326941116
9 599.0 0.0 -1.0 -1.0 -1.0 0.0 0.31581053991284674 0.3382186085077417 0.3459708515794116
9 600.0 0.0 -1.0 -1.0 -1.0 0.0 0.30633709585996927 0.34827156783417346 0.34539133630585733
9 601.0 0.0 -1.0 -1.0 -1.0 0.0 0.32191913346916273 0.3398881162464963 0.33819275028434137
9 602.0 0.0 -1.0 -1.0 -1.0 0.0 0.2849318483331284 0.35917108428374783 0.3558970673831238
9 603.0 0.0 -1.0 -1.0 -1.0 0.0 0.2880973306406875 0.36199665250627205 0.34990601685304035
9 604.0 0.0 -1.0 -1.0 -1.0 0.0 0.302445522656585 0.3535217609097662 0.3440327164336488
9 605.0 0.0 -1.0 -1.0 -1.0 0.0 0.29148467450205434 0.3587915289792839 0.34972379651866176
9 606.0 0.0 -1.0 -1.0 -1.0 0.0 0.30780450129779413 0.3540536354311953 0.33814186327101065
9 607.0 0.0 -1.0 -1.0 -1.0 0.0 0.3006506699501369 0.34823254685307925 0.3511167831967835
9 608.0 0.0 -1.0 -1.0 -1.0 0.0 0.2947087699388997 0.3413152794497885 0.3639759506113116
9 609.0 0.0 -1.0 -1.0 -1.0 0.0 0.30324332294440803 0.3451693109657759 0.3515873660898163
9 610.0 0.0 -1.0 -1.0 -1.0 0.0 0.3325207800109717 0.36228090121617135 0.3051983187728569
9 611.0 0.0 -1.0 -1.0 -1.0 0.0 0.3654596673937806 0.35888057246298954 0.27565976014322985
9 612.0 0.0 -1.0 -1.0 -1.0 0.0 0.35629676315711206 0.3763740240768259 0.26732921276606203
9 613.0 0.0 -1.0 -1.0 -1.0 0.0 0.3678727666965371 0.36174974844909036 0.27037748485437246
9 614.0 0.0 -1.0 -1.0 -1.0 0.0 0.3442120838336979 0.3480412370582359 0.3077466791080661
9 615.0 0.0 -1.0 -1.0 -1.0 0.0 0.3183577525128421 0.35246369859331034 0.3291785488938478
9 616.0 0.0 -1.0 -1.0 -1.0 0.0 0.32469061321184406 0.3391819019614 0.33612748482675564
9 617.0 0.0 -1.0 -1.0 -1.0 0.0 0.3437692664185925 0.3352245020063812 0.32100623157502606
9 618.0 0.0 -1.0 -1.0 -1.0 0.0 0.31985269963036184 0.3597566171062047 0.3203906832634337
9 619.0 0.0 -1.0 -1.0 -1.0 0.0 0.3159310440597943 0.3458359360695985 0.33823301987060717
9 620.0 0.0 -1.0 -1.0 -1.0 0.0 0.31927719916914904 0.34389453680554366 0.33682826402530724
9 621.0 0.0 -1.0 -1.0 -1.0 0.0 0.3116019406354983 0.35559559458383255 0.332802464780669
9 622.0 0.0 -1.0 -1.0 -1.0 0.0 0.3205172316209552 0.3387950386206815 0.3406877297583633
9 623.0 0.0 -1.0 -1.0 -1.0 0.0 0.30332994482185904 0.35641202960028745 0.3402580255778534
9 624.0 0.0 -1.0 -1.0 -1.0 0.0 0.29058123210275694 0.3580160067834097 0.35140276111383323
9 625.0 0.0 -1.0 -1.0 -1.0 0.0 0.30777333892255165 0.3477964637031094 0.344430197374339
9 626.0 0.0 -1.0 -1.0 -1.0 0.0 0.3116686947099645 0.3557891643199214 0.3325421409701139
9 627.0 0.0 -1.0 -1.0 -1.0 0.0 0.30854935489475427 0.35876276221528314 0.33268788288996226
9 628.0 0.0 -1.0 -1.0 -1.0 0.0 0.3347874572969654 0.3262453821199997 0.3389671605830349
9 629.0 0.0 -1.0 -1.0 -1.0 0.0 0.28166140793463657 0.3477508089402674 0.37058778312509594
9 630.0 0.0 -1.0 -1.0 -1.0 0.0 0.30064801379848766 0.3317692174018564 0.367582768799656
9 631.0 0.0 -1.0 -1.0 -1.0 0.0 0.32369943007122776 0.30603085681636527 0.37026971311240714
9 632.0 0.0 -1.0 -1.0 -1.0 0.0 0.31273447246763797 0.31952798413851546 0.3677375433938468
9 633.0 0.0 -1.0 -1.0 -1.0 0.0 0.2991936363885744 0.32788527295716785 0.372921090654258
9 634.0 0.0 -1.0 -1.0 -1.0 0.0 0.33893594846723857 0.3044234403700166 0.356640611162745
9 635.0 0.0 -1.0 -1.0 -1.0 0.0 0.3520236995438305 0.30227637739262114 0.34569992306354846
9 636.0 0.0 -1.0 -1.0 -1.0 0.0 0.3586608798057938 0.3003547181636243 0.3409844020305819
9 637.0 0.0 -1.0 -1.0 -1.0 0.0 0.33731450313299005 0.3064022304943226 0.3562832663726872
9 638.0 0.0 -1.0 -1.0 -1.0 0.0 0.3378551926019449 0.3084515747051016 0.35369323269295355
9 639.0 0.0 -1.0 -1.0 -1.0 0.0 0.3537412394558349 0.29592977510780677 0.35032898543635793
9 640.0 0.0 -1.0 -1.0 -1.0 0.0 0.3323237514762497 0.33294011469495954 0.3347361338287909
9 641.0 0.0 -1.0 -1.0 -1.0 0.0 0.3240165643198628 0.3519330268430129 0.3240504088371242
9 642.0 0.0 -1.0 -1.0 -1.0 0.0 0.3096384931267415 0.3566688668927067 0.33369263998055176
9 643.0 0.0 -1.0 -1.0 -1.0 0.0 0.31145195912355367 0.35395537281127615 0.3345926680651703
9 644.0 0.0 -1.0 -1.0 -1.0 0.0 0.34266506911230343 0.34454922858453224 0.31278570230316455
9 645.0 0.0 -1.0 -1.0 -1.0 0.0 0.30358120910950853 0.3554191298872656 0.3409996610032262
9 646.0 0.0 -1.0 -1.0 -1.0 0.0 0.30559065093298765 0.3438357805465073 0.3505735685205049
9 647.0 0.0 -1.0 -1.0 -1.0 0.0 0.29548223242896865 0.3885001627256308 0.3160176048454003
9 648.0 0.0 -1.0 -1.0 -1.0 0.0 0.33420155063108653 0.37042809906547736 0.2953703503034361
9 649.0 0.0 -1.0 -1.0 -1.0 0.0 0.3250966208599286 0.37780250773797086 0.2971008714021004
9 650.0 0.0 -1.0 -1.0 -1.0 0.0 0.31141576885035843 0.3786687587788324 0.3099154723708092
9 651.0 0.0 -1.0 -1.0 -1.0 0.0 0.2955786358870221 0.40354461331429187 0.3008767507986861
9 652.0 0.0 -1.0 -1.0 -1.0 0.0 0.3080437337216393 0.37893221538027094 0.31302405089808955
9 653.0 0.0 -1.0 -1.0 -1.0 0.0 0.3239662399431274 0.3449837053576205 0.33105005469925197
9 654.0 0.0 -1.0 -1.0 -1.0 0.0 0.3514879566534402 0.3553778262335431 0.2931342171130166
9 655.0 0.0 -1.0 -1.0 -1.0 0.0 0.35477319196954127 0.34119246086731236 0.30403434716314615
9 656.0 0.0 -1.0 -1.0 -1.0 0.0 0.34054087056810944 0.3598863566615937 0.29957277277029665
9 657.0 0.0 -1.0 -1.0 -1.0 0.0 0.33362421727951913 0.37878024817218636 0.2875955345482943
9 658.0 0.0 -1.0 -1.0 -1.0 0.0 0.35391999970193333 0.346816538548975 0.2992634617490918
9 659.0 0.0 -1.0 -1.0 -1.0 0.0 0.33641973891170174 0.3522347446425649 0.31134551644573355
9 660.0 0.0 -1.0 -1.0 -1.0 0.0 0.35827747140868255 0.33529803638990663 0.30642449220141094
9 661.0 0.0 -1.0 -1.0 -1.0 0.0 0.36779392058205895 0.3369019543440138 0.2953041250739272
9 662.0 0.0 -1.0 -1.0 -1.0 0.0 0.3595739624173111 0.32119583215337855 0.31923020542931024
9 663.0 0.0 -1.0 -1.0 -1.0 0.0 0.3649656130350038 0.3001638519014946 0.33487053506350173
9 664.0 0.0 -1.0 -1.0 -1.0 0.0 0.37908125000337445 0.30620579654822505 0.3147129534484004
9 665.0 0.0 -1.0 -1.0 -1.0 0.0 0.37038385129408463 0.30692877043087424 0.322687378275041
9 666.0 0.0 -1.0 -1.0 -1.0 0.0 0.3618459330712564 0.29207835295818635 0.34607571397055736
9 667.0 0.0 -1.0 -1.0 -1.0 0.0 0.34202745901084425 0.30840221158076714 0.34957032940838856
9 668.0 0.0 -1.0 -1.0 -1.0 0.0 0.3676718936059231 0.30625788632476203 0.32607022006931485
9 669.0 0.0 -1.0 -1.0 -1.0 0.0 0.3593295795330755 0.31471841301613124 0.32595200745079317
9 670.0 0.0 -1.0 -1.0 -1.0 0.0 0.3558096942729804 0.3112277240770443 0.3329625816499754
9 671.0 0.0 -1.0 -1.0 -1.0 0.0 0.37686616356048674 0.3323974544436505 0.29073638199586294
9 672.0 0.0 -1.0 -1.0 -1.0 0.0 0.37817898202511374 0.33152274343392746 0.2902982745409587
9 673.0 0.0 -1.0 -1.0 -1.0 0.0 0.3755336281683971 0.3338328166858801 0.290633555145723
9 674.0 0.0 -1.0 -1.0 -1.0 0.0 0.3627881117266719 0.34164589433050657 0.2955659939428217
9 675.0 0.0 -1.0 -1.0 -1.0 0.0 0.36889392131177373 0.33617439477667477 0.29493168391155145
9 676.0 0.0 -1.0 -1.0 -1.0 0.0 0.3832512478589745 0.31815626308192146 0.29859248905910424
9 677.0 0.0 -1.0 -1.0 -1.0 0.0 0.35946194786843066 0.3085175758284661 0.33202047630310305
9 678.0 0.0 -1.0 -1.0 -1.0 0.0 0.32943857303398105 0.32455895625486847 0.34600247071115076
9 679.0 0.0 -1.0 -1.0 -1.0 0.0 0.34995865040644086 0.2826189270967849 0.36742242249677426
9 680.0 0.0 -1.0 -1.0 -1.0 0.0 0.353233036798623 0.2966616295561149 0.3501053336452621
9 681.0 0.0 -1.0 -1.0 -1.0 0.0 0.3269837525771935 0.31637362957584225 0.3566426178469642
9 682.0 0.0 -1.0 -1.0 -1.0 0.0 0.33875780060484567 0.31666526169961 0.34457693769554415
9 683.0 0.0 -1.0 -1.0 -1.0 0.0 0.3233316810788974 0.31809885843110236 0.3585694604900004
9 684.0 0.0 -1.0 -1.0 -1.0 0.0 0.3409245395489377 0.3341952049093092 0.32488025554175337
9 685.0 0.0 -1.0 -1.0 -1.0 0.0 0.3415371975451862 0.32223584561756946 0.33622695683724435
9 686.0 0.0 -1.0 -1.0 -1.0 0.0 0.3338948077827871 0.33882269920851 0.3272824930087029
9 687.0 0.0 -1.0 -1.0 -1.0 0.0 0.35194350569937777 0.30651928082047136 0.34153721348015087
9 688.0 0.0 -1.0 -1.0 -1.0 0.0 0.33102851961337054 0.33717675454054524 0.33179472584608455
9 689.0 0.0 -1.0 -1.0 -1.0 0.0 0.3315046739844372 0.33063083537274357 0.3378644906428192
9 690.0 0.0 -1.0 -1.0 -1.0 0.0 0.34242899915846065 0.338911935184163 0.3186590656573764
9 691.0 0.0 -1.0 -1.0 -1.0 0.0 0.33515415362506085 0.35513947987687183 0.3097063664980671
9 692.0 0.0 -1.0 -1.0 -1.0 0.0 0.31176347939881316 0.35512459511936734 0.3331119254818195
9 693.0 0.0 -1.0 -1.0 -1.0 0.0 0.29815335689996697 0.3242233098683341 0.37762333323169883
9 694.0 0.0 -1.0 -1.0 -1.0 0.0 0.30505586896532344 0.35313831480823765 0.34180581622643885
9 695.0 0.0 -1.0 -1.0 -1.0 0.0 0.3176391152459362 0.3400506405436659 0.34231024421039796
9 696.0 0.0 -1.0 -1.0 -1.0 0.0 0.305192234851107 0.33627097646651877 0.3585367886823743
9 697.0 0.0 -1.0 -1.0 -1.0 0.0 0.33360096630630554 0.3385215437070561 0.32787748998663857
9 698.0 0.0 -1.0 -1.0 -1.0 0.0 0.3283482429678537 0.32535653043712676 0.3462952265950195
9 699.0 0.0 -1.0 -1.0 -1.0 0.0 0.3221205490940699 0.3365052893488945 0.341374161557036
9 700.0 0.0 -1.0 -1.0 -1.0 0.0 0.32768453648027124 0.334542584110609 0.3377728794091197
9 701.0 0.0 -1.0 -1.0 -1.0 0.0 0.3266238524660532 0.33880795921833856 0.33456818831560836
9 702.0 0.0 -1.0 -1.0 -1.0 0.0 0.31728706197228185 0.32578682925097996 0.35692610877673836
9 703.0 0.0 -1.0 -1.0 -1.0 0.0 0.3334562869965717 0.3244381098903495 0.3421056031130788
9 704.0 0.0 -1.0 -1.0 -1.0 0.0 0.34267478586635497 0.32523335619551874 0.33209185793812634
9 705.0 0.0 -1.0 -1.0 -1.0 0.0 0.3694291800106486 0.3185943789170889 0.3119764410722626
9 706.0 0.0 -1.0 -1.0 -1.0 0.0 0.3475516126207603 0.32644784166845264 0.326000545710787
9 707.0 0.0 -1.0 -1.0 -1.0 0.0 0.3429912004209404 0.35411754249829785 0.3028912570807616
9 708.0 0.0 -1.0 -1.0 -1.0 0.0 0.3577449962793009 0.34451767842425346 0.29773732529644575
9 709.0 0.0 -1.0 -1.0 -1.0 0.0 0.33993655519057936 0.33749833273060065 0.32256511207882016
9 710.0 0.0 -1.0 -1.0 -1.0 0.0 0.3752650778116461 0.2975140378259428 0.3272208843624108
9 711.0 0.0 -1.0 -1.0 -1.0 0.0 0.3542332891660341 0.3185160864813903 0.3272506243525757
9 712.0 0.0 -1.0 -1.0 -1.0 0.0 0.34672902463121447 0.3341531705581783 0.31911780481060714
9 713.0 0.0 -1.0 -1.0 -1.0 0.0 0.3446480900114479 0.33006363092329805 0.3252882790652539
9 714.0 0.0 -1.0 -1.0 -1.0 0.0 0.32387480476321834 0.3423138527088595 0.3338113425279221
9 715.0 0.0 -1.0 -1.0 -1.0 0.0 0.34705183745683066 0.32525738670269244 0.32769077584047707
9 716.0 0.0 -1.0 -1.0 -1.0 0.0 0.3243450426575432 0.35288959900981676 0.32276535833264025
9 717.0 0.0 -1.0 -1.0 -1.0 0.0 0.2968191043624358 0.36900164653802875 0.33417924909953556
9 718.0 0.0 -1.0 -1.0 -1.0 0.0 0.3143986247151218 0.3651687220787075 0.3204326532061708
9 719.0 0.0 -1.0 -1.0 -1.0 0.0 0.321603901597004 0.335024297555949 0.34337180084704677
9 720.0 0.0 -1.0 -1.0 -1.0 0.0 0.33340316235271217 0.3165052951257044 0.35009154252158337
9 721.0 0.0 -1.0 -1.0 -1.0 0.0 0.3253996330611531 0.32866114539025454 0.3459392215485923
9 722.0 0.0 -1.0 -1.0 -1.0 0.0 0.32400075309644955 0.3433257972838766 0.33267344961967393
9 723.0 0.0 -1.0 -1.0 -1.0 0.0 0.3565834784598582 0.31902903773973285 0.32438748380040894
9 724.0 0.0 -1.0 -1.0 -1.0 0.0 0.3630397454473097 0.3162463494852109 0.32071390506747954
9 725.0 0.0 -1.0 -1.0 -1.0 0.0 0.3484173910893379 0.3364482774335812 0.31513433147708086
9 726.0 0.0 -1.0 -1.0 -1.0 0.0 0.3441472792844035 0.3176828953169094 0.33816982539868706
9 727.0 0.0 -1.0 -1.0 -1.0 0.0 0.3545519544367471 0.3019105201314116 0.343537525431841
9 728.0 0.0 -1.0 -1.0 -1.0 0.0 0.3402905402370613 0.29829348289031954 0.3614159768726192
9 729.0 0.0 -1.0 -1.0 -1.0 0.0 0.3301927765314591 0.3040052872423308 0.3658019362262099
9 730.0 0.0 -1.0 -1.0 -1.0 0.0 0.30641211025173665 0.31643975456801765 0.3771481351802457
9 731.0 0.0 -1.0 -1.0 -1.0 0.0 0.32230573627465886 0.3050420190134634 0.37265224471187763
9 732.0 0.0 -1.0 -1.0 -1.0 0.0 0.3447095517659388 0.32180080424261914 0.3334896439914421
9 733.0 0.0 -1.0 -1.0 -1.0 0.0 0.3403692837952259 0.3250961092879512 0.3345346069168232
9 734.0 0.0 -1.0 -1.0 -1.0 0.0 0.3429741797216282 0.33011268645207237 0.32691313382629944
9 735.0 0.0 -1.0 -1.0 -1.0 0.0 0.3631466978424026 0.33102017288054386 0.3058331292770538
9 736.0 0.0 -1.0 -1.0 -1.0 0.0 0.3171698467953796 0.35817155840324455 0.32465859480137577
9 737.0 0.0 -1.0 -1.0 -1.0 0.0 0.2928649384786631 0.3539376579271996 0.3531974035941372
9 738.0 0.0 -1.0 -1.0 -1.0 0.0 0.30356599090701997 0.3426213694424964 0.35381263965048376
9 739.0 0.0 -1.0 -1.0 -1.0 0.0 0.32040194946459943 0.33952244092518585 0.340075609610215
9 740.0 0.0 -1.0 -1.0 -1.0 0.0 0.3222606392998791 0.30122948907819436 0.37650987162192673
9 741.0 0.0 -1.0 -1.0 -1.0 0.0 0.33202551929544294 0.28164861627196724 0.3863258644325902
9 742.0 0.0 -1.0 -1.0 -1.0 0.0 0.3733096160090389 0.28473331032123833 0.34195707366972283
9 743.0 0.0 -1.0 -1.0 -1.0 0.0 0.37498239674007705 0.2867915204157745 0.33822608284414857
9 744.0 0.0 -1.0 -1.0 -1.0 0.0 0.3678944654783292 0.2944327523229638 0.33767278219870717
9 745.0 0.0 -1.0 -1.0 -1.0 0.0 0.3629591236078243 0.2703413379801818 0.3666995384119939
9 746.0 0.0 -1.0 -1.0 -1.0 0.0 0.36846591903130876 0.2790977944487444 0.35243628651994685
9 747.0 0.0 -1.0 -1.0 -1.0 0.0 0.34084905867637233 0.31049340031479034 0.34865754100883734
9 748.0 0.0 -1.0 -1.0 -1.0 0.0 0.3206817772775404 0.32257984795222866 0.356738374770231
9 749.0 0.0 -1.0 -1.0 -1.0 0.0 0.30472646413517007 0.34960052907610295 0.3456730067887269
9 750.0 0.0 -1.0 -1.0 -1.0 0.0 0.30712152150522337 0.34258807444837225 0.3502904040464044
9 751.0 0.0 -1.0 -1.0 -1.0 0.0 0.320281969713998 0.35257118545331273 0.32714684483268924
9 752.0 0.0 -1.0 -1.0 -1.0 0.0 0.34353858761843825 0.3267616857870126 0.3296997265945494
9 753.0 0.0 -1.0 -1.0 -1.0 0.0 0.3352990319362475 0.3286663128602618 0.3360346552034907
9 754.0 0.0 -1.0 -1.0 -1.0 0.0 0.3250574936104526 0.32652111102028025 0.34842139536926714
9 755.0 0.0 -1.0 -1.0 -1.0 0.0 0.33926305584749966 0.3321610409668913 0.32857590318560903
9 756.0 0.0 -1.0 -1.0 -1.0 0.0 0.3336617877016473 0.3326362777174051 0.33370193458094716
9 757.0 0.0 -1.0 -1.0 -1.0 0.0 0.33579486727238256 0.3269000801263623 0.33730505260125526
9 758.0 0.0 -1.0 -1.0 -1.0 0.0 0.34832249046410757 0.300118493159699 0.3515590163761933
9 759.0 0.0 -1.0 -1.0 -1.0 0.0 0.33603546523013395 0.3339961475009964 0.3299683872688696
9 760.0 0.0 -1.0 -1.0 -1.0 0.0 0.35293402945620406 0.32359662218102886 0.32346934836276714
9 761.0 0.0 -1.0 -1.0 -1.0 0.0 0.3538660908424985 0.3198062688373151 0.3263276403201863
9 762.0 0.0 -1.0 -1.0 -1.0 0.0 0.331436075679095 0.319197953349058 0.34936597097184724
9 763.0 0.0 -1.0 -1.0 -1.0 0.0 0.3185614985464769 0.3404702598456816 0.34096824160784145
9 764.0 0.0 -1.0 -1.0 -1.0 0.0 0.3163514446999543 0.326616567611551 0.35703198768849476
9 765.0 0.0 -1.0 -1.0 -1.0 0.0 0.3313641076322049 0.31594865409015666 0.35268723827763826
9 766.0 0.0 -1.0 -1.0 -1.0 0.0 0.3318784947497615 0.3252229970440579 0.34289850820618073
9 767.0 0.0 -1.0 -1.0 -1.0 0.0 0.3476327093886675 0.33869398882141744 0.31367330178991515
9 768.0 0.0 -1.0 -1.0 -1.0 0.0 0.35382747204920617 0.32561051680032704 0.3205620111504668
9 769.0 0.0 -1.0 -1.0 -1.0 0.0 0.35625576569474676 0.3403362634467957 0.3034079708584578
9 770.0 0.0 -1.0 -1.0 -1.0 0.0 0.3441805937419053 0.34935437024850563 0.3064650360095891
9 771.0 0.0 -1.0 -1.0 -1.0 0.0 0.32024967159589274 0.3428444769465233 0.3369058514575839
9 772.0 0.0 -1.0 -1.0 -1.0 0.0 0.3216871974642108 0.3593781211225837 0.3189346814132056
9 773.0 0.0 -1.0 -1.0 -1.0 0.0 0.31097856031236143 0.36186162158683693 0.32715981810080164
9 774.0 0.0 -1.0 -1.0 -1.0 0.0 0.3063540601495484 0.3784292165615646 0.3152167232888873
9 775.0 0.0 -1.0 -1.0 -1.0 0.0 0.30974893319155716 0.38254787314188754 0.3077031936665554
9 776.0 0.0 -1.0 -1.0 -1.0 0.0 0.28381150303700126 0.38660142518790275 0.32958707177509594
9 777.0 0.0 -1.0 -1.0 -1.0 0.0 0.2714967070580054 0.37919527300215916 0.3493080199398353
9 778.0 0.0 -1.0 -1.0 -1.0 0.0 0.2928818282865168 0.34630520861843117 0.3608129630950524
9 779.0 0.0 -1.0 -1.0 -1.0 0.0 0.30967061197898005 0.3444889545112403 0.34584043350977983
9 780.0 0.0 -1.0 -1.0 -1.0 0.0 0.3320210152469592 0.3489455738098034 0.31903341094323734
9 781.0 0.0 -1.0 -1.0 -1.0 0.0 0.3068654024485285 0.36190270961549165 0.3312318879359797
9 782.0 0.0 -1.0 -1.0 -1.0 0.0 0.32569172910654914 0.34103028678172675 0.33327798411172405
9 783.0 0.0 -1.0 -1.0 -1.0 0.0 0.313862327423668 0.3349038861032574 0.35123378647307485
9 784.0 0.0 -1.0 -1.0 -1.0 0.0 0.3408141526333545 0.33127007739610626 0.32791576997053906
9 785.0 0.0 -1.0 -1.0 -1.0 0.0 0.3408169247888753 0.3029714050644113 0.3562116701467133
9 786.0 0.0 -1.0 -1.0 -1.0 0.0 0.35393118773233134 0.29730097145123247 0.3487678408164361
9 787.0 0.0 -1.0 -1.0 -1.0 0.0 0.3455183371221418 0.3067816803100552 0.3476999825678027
9 788.0 0.0 -1.0 -1.0 -1.0 0.0 0.31315651437395653 0.3314344417799311 0.35540904384611255
9 789.0 0.0 -1.0 -1.0 -1.0 0.0 0.3232788435634715 0.32228954548960786 0.35443161094692044
9 790.0 0.0 -1.0 -1.0 -1.0 0.0 0.3247210293945536 0.2938916377083951 0.3813873328970515
9 791.0 0.0 -1.0 -1.0 -1.0 0.0 0.3455389497413053 0.29267043323053904 0.3617906170281557
9 792.0 0.0 -1.0 -1.0 -1.0 0.0 0.34446692826031694 0.29645693280246205 0.359076138937221
9 793.0 0.0 -1.0 -1.0 -1.0 0.0 0.3343223611893149 0.29772155888553675 0.36795607992514845
9 794.0 0.0 -1.0 -1.0 -1.0 0.0 0.3365170766452127 0.3115498738919959 0.3519330494627916
9 795.0 0.0 -1.0 -1.0 -1.0 0.0 0.3379546567552159 0.3074706270179449 0.3545747162268391
9 796.0 0.0 -1.0 -1.0 -1.0 0.0 0.3315997231573861 0.29037925047069246 0.3780210263719216
9 797.0 0.0 -1.0 -1.0 -1.0 0.0 0.3399158863821825 0.30903341644104443 0.351050697176773
9 798.0 0.0 -1.0 -1.0 -1.0 0.0 0.3466565406617467 0.32043747287927543 0.33290598645897795
9 799.0 0.0 -1.0 -1.0 -1.0 0.0 0.32674640829358464 0.34683022848451656 0.32642336322189863
9 800.0 0.0 -1.0 -1.0 -1.0 0.0 0.34353001471033345 0.3386305085903182 0.3178394766993485
9 801.0 0.0 -1.0 -1.0 -1.0 0.0 0.3513236850843127 0.3322082340903851 0.31646808082530226
9 802.0 0.0 -1.0 -1.0 -1.0 0.0 0.3409992609881977 0.3685706257541144 0.2904301132576878
9 803.0 0.0 -1.0 -1.0 -1.0 0.0 0.3435431758192483 0.3772293287872675 0.2792274953934839
9 804.0 0.0 -1.0 -1.0 -1.0 0.0 0.3286171088627634 0.3776743898360806 0.29370850130115617
9 805.0 0.0 -1.0 -1.0 -1.0 0.0 0.3544761661581031 0.3490858987952036 0.2964379350466938
9 806.0 0.0 -1.0 -1.0 -1.0 0.0 0.35136625354915857 0.3300740886069564 0.318559657843885
9 807.0 0.0 -1.0 -1.0 -1.0 0.0 0.3698260162502294 0.31107973581388365 0.3190942479358869
9 808.0 0.0 -1.0 -1.0 -1.0 0.0 0.3519060001394165 0.32981083150721124 0.3182831683533724
9 809.0 0.0 -1.0 -1.0 -1.0 0.0 0.33748789414979796 0.34441823059037574 0.3180938752598264
9 810.0 0.0 -1.0 -1.0 -1.0 0.0 0.33401805808592755 0.35519369938435746 0.3107882425297151
9 811.0 0.0 -1.0 -1.0 -1.0 0.0 0.3343811454811894 0.36334619609521596 0.30227265842359485
9 812.0 0.0 -1.0 -1.0 -1.0 0.0 0.33224112628742547 0.344288130079919 0.32347074363265577
9 813.0 0.0 -1.0 -1.0 -1.0 0.0 0.3296128936971827 0.34704887420518893 0.3233382320976284
9 814.0 0.0 -1.0 -1.0 -1.0 0.0 0.348042803808874 0.3542467068622857 0.29771048932884026
9 815.0 0.0 -1.0 -1.0 -1.0 0.0 0.31938679610564924 0.3656338138485626 0.31497939004578795
9 816.0 0.0 -1.0 -1.0 -1.0 0.0 0.3085564717746059 0.3775046138473638 0.3139389143780303
9 817.0 0.0 -1.0 -1.0 -1.0 0.0 0.33094909138769957 0.3545944784243744 0.31445643018792635
9 818.0 0.0 -1.0 -1.0 -1.0 0.0 0.3258160078308548 0.3274941255826782 0.34668986658646694
9 819.0 0.0 -1.0 -1.0 -1.0 0.0 0.3153871327009083 0.32710950358250684 0.3575033637165847
9 820.0 0.0 -1.0 -1.0 -1.0 0.0 0.3318363277845173 0.3268591782342829 0.34130449398120005
9 821.0 0.0 -1.0 -1.0 -1.0 0.0 0.34287526680505825 0.33173417862262267 0.3253905545723193
9 822.0 0.0 -1.0 -1.0 -1.0 0.0 0.3398699301826092 0.3277416771530531 0.3323883926643376
9 823.0 0.0 -1.0 -1.0 -1.0 0.0 0.34666178305307016 0.3104268738608697 0.3429113430860602
9 824.0 0.0 -1.0 -1.0 -1.0 0.0 0.3280975646078542 0.33127437034016816 0.3406280650519777
9 825.0 0.0 -1.0 -1.0 -1.0 0.0 0.32664748108392483 0.3328141760553984 0.3405383428606767
9 826.0 0.0 -1.0 -1.0 -1.0 0.0 0.3301791305819992 0.31221926966792507 0.35760159975007577
9 827.0 0.0 -1.0 -1.0 -1.0 0.0 0.3401956595979437 0.30959447553081815 0.35020986487123823
9 828.0 0.0 -1.0 -1.0 -1.0 0.0 0.3405138200514087 0.2999807884433955 0.35950539150519595
9 829.0 0.0 -1.0 -1.0 -1.0 0.0 0.3326105237443992 0.3074345583847463 0.3599549178708545
9 830.0 0.0 -1.0 -1.0 -1.0 0.0 0.3196879624814882 0.29958725317073237 0.3807247843477796
9 831.0 0.0 -1.0 -1.0 -1.0 0.0 0.3337534980389237 0.3091332024962926 0.3571132994647835
9 832.0 0.0 -1.0 -1.0 -1.0 0.0 0.3329771155247287 0.31047303860978076 0.35654984586549054
9 833.0 0.0 -1.0 -1.0 -1.0 0.0 0.33871507808836243 0.30267999678238383 0.3586049251292536
9 834.0 0.0 -1.0 -1.0 -1.0 0.0 0.347565614933121 0.31636583801499557 0.3360685470518834
9 835.0 0.0 -1.0 -1.0 -1.0 0.0 0.3274155655648813 0.3366275120099246 0.33595692242519404
9 836.0 0.0 -1.0 -1.0 -1.0 0.0 0.32915466982036207 0.32569717418046046 0.3451481559991776
9 837.0 0.0 -1.0 -1.0 -1.0 0.0 0.334364598830731 0.3100014350541592 0.35563396611510983
9 838.0 0.0 -1.0 -1.0 -1.0 0.0 0.33811220363213224 0.29777977343385365 0.364108022934014
9 839.0 0.0 -1.0 -1.0 -1.0 0.0 0.33098921870953113 0.31250520588160174 0.35650557540886685
9 840.0 0.0 -1.0 -1.0 -1.0 0.0 0.33036288123319496 0.32038461380192074 0.3492525049648842
9 841.0 0.0 -1.0 -1.0 -1.0 0.0 0.3377097752541606 0.34233452686509275 0.3199556978807465
9 842.0 0.0 -1.0 -1.0 -1.0 0.0 0.32905433369202997 0.3466272405060712 0.32431842580189896
9 843.0 0.0 -1.0 -1.0 -1.0 0.0 0.3218776377318681 0.3349928874418513 0.3431294748262803
9 844.0 0.0 -1.0 -1.0 -1.0 0.0 0.3322586648074254 0.33784165670557054 0.3298996784870041
9 845.0 0.0 -1.0 -1.0 -1.0 0.0 0.32526348593136595 0.34677659800495164 0.32795991606368247
9 846.0 0.0 -1.0 -1.0 -1.0 0.0 0.3180957036503328 0.3414400688060331 0.3404642275436339
9 847.0 0.0 -1.0 -1.0 -1.0 0.0 0.3286057794025193 0.332614794589889 0.3387794260075915
9 848.0 0.0 -1.0 -1.0 -1.0 0.0 0.32892426475663705 0.3240962595223582 0.3469794757210049
9 849.0 0.0 -1.0 -1.0 -1.0 0.0 0.32897898520235136 0.3279327614049934 0.34308825339265536
9 850.0 0.0 -1.0 -1.0 -1.0 0.0 0.3499453395067513 0.3055816973588844 0.34447296313436426
9 851.0 0.0 -1.0 -1.0 -1.0 0.0 0.33569955746943025 0.3424326961992728 0.3218677463312972
9 852.0 0.0 -1.0 -1.0 -1.0 0.0 0.31765152920612755 0.32473711284477313 0.3576113579490993
9 853.0 0.0 -1.0 -1.0 -1.0 0.0 0.30372486676924076 0.3284413418453303 0.36783379138542904
9 854.0 0.0 -1.0 -1.0 -1.0 0.0 0.31178274473497425 0.3158276029822391 0.37238965228278686
9 855.0 0.0 -1.0 -1.0 -1.0 0.0 0.3276498063651305 0.2973778498211869 0.3749723438136828
9 856.0 0.0 -1.0 -1.0 -1.0 0.0 0.32232824681413047 0.3000257854642792 0.37764596772159015
9 857.0 0.0 -1.0 -1.0 -1.0 0.0 0.3182936627058433 0.3120628276780597 0.3696435096160969
9 858.0 0.0 -1.0 -1.0 -1.0 0.0 0.3112561668509963 0.31745485007407304 0.37128898307493097
9 859.0 0.0 -1.0 -1.0 -1.0 0.0 0.29896385515255297 0.31613170913543603 0.3849044357120112
9 860.0 0.0 -1.0 -1.0 -1.0 0.0 0.30339464214368983 0.3229670410722781 0.3736383167840319
9 861.0 0.0 -1.0 -1.0 -1.0 0.0 0.3211497027573074 0.2992601014724836 0.3795901957702088
9 862.0 0.0 -1.0 -1.0 -1.0 0.0 0.32770979551408097 0.2939113976380457 0.3783788068478733
9 863.0 0.0 -1.0 -1.0 -1.0 0.0 0.3509835757777985 0.30634363595606773 0.3426727882661339
9 864.0 0.0 -1.0 -1.0 -1.0 0.0 0.3519189713129429 0.3061306427130998 0.3419503859739574
9 865.0 0.0 -1.0 -1.0 -1.0 0.0 0.34098995041743246 0.3082224964018148 0.3507875531807527
9 866.0 0.0 -1.0 -1.0 -1.0 0.0 0.34384853632317 0.3207318686980354 0.3354195949787947
9 867.0 0.0 -1.0 -1.0 -1.0 0.0 0.3495372249527688 0.31519098873193224 0.33527178631529886
9 868.0 0.0 -1.0 -1.0 -1.0 0.0 0.3545567783644054 0.3191971333325781 0.32624608830301627
9 869.0 0.0 -1.0 -1.0 -1.0 0.0 0.34057836024901844 0.3559670682338728 0.3034545715171086
9 870.0 0.0 -1.0 -1.0 -1.0 0.0 0.33504143955340593 0.33664852275544477 0.32831003769114914
9 871.0 0.0 -1.0 -1.0 -1.0 0.0 0.3447578301023447 0.3415336542333945 0.31370851566426067
9 872.0 0.0 -1.0 -1.0 -1.0 0.0 0.35695770797719784 0.3453284458101876 0.2977138462126142
9 873.0 0.0 -1.0 -1.0 -1.0 0.0 0.36397231833414373 0.3498494045551185 0.28617827711073773
9 874.0 0.0 -1.0 -1.0 -1.0 0.0 0.3360703085579248 0.37324574526766713 0.29068394617440796
9 875.0 0.0 -1.0 -1.0 -1.0 0.0 0.33872071421678657 0.368865577312828 0.2924137084703855
9 876.0 0.0 -1.0 -1.0 -1.0 0.0 0.3581764810105081 0.34483999806763493 0.2969835209218569
9 877.0 0.0 -1.0 -1.0 -1.0 0.0 0.3263195861937522 0.35078571886739707 0.32289469493885087
9 878.0 0.0 -1.0 -1.0 -1.0 0.0 0.31552039506430196 0.3691116251613085 0.31536797977438985
9 879.0 0.0 -1.0 -1.0 -1.0 0.0 0.3125265443608214 0.344935561193947 0.3425378944452313
9 880.0 0.0 -1.0 -1.0 -1.0 0.0 0.33369950141945554 0.33662060740371585 0.3296798911768286
9 881.0 0.0 -1.0 -1.0 -1.0 0.0 0.33574529259081987 0.32412869509836617 0.34012601231081396
9 882.0 0.0 -1.0 -1.0 -1.0 0.0 0.3265921323411245 0.3189117580641904 0.354496109594685
9 883.0 0.0 -1.0 -1.0 -1.0 0.0 0.3515987801249564 0.324356262923961 0.32404495695108276
9 884.0 0.0 -1.0 -1.0 -1.0 0.0 0.3697891502519179 0.3212554507524662 0.30895539899561586
9 885.0 0.0 -1.0 -1.0 -1.0 0.0 0.38192601784475466 0.3239430033005835 0.2941309788546619
9 886.0 0.0 -1.0 -1.0 -1.0 0.0 0.37396405909257474 0.339924720409086 0.28611122049833937
9 887.0 0.0 -1.0 -1.0 -1.0 0.0 0.3563838132156967 0.3204003063435782 0.3232158804407254
9 888.0 0.0 -1.0 -1.0 -1.0 0.0 0.3552264662146832 0.34162158754038985 0.3031519462449267
9 889.0 0.0 -1.0 -1.0 -1.0 0.0 0.3383442309559886 0.32030099459174943 0.34135477445226187
9 890.0 0.0 -1.0 -1.0 -1.0 0.0 0.33123376948773886 0.31953167162603335 0.34923455888622756
9 891.0 0.0 -1.0 -1.0 -1.0 0.0 0.31930075662736973 0.326656464908168 0.35404277846446225
9 892.0 0.0 -1.0 -1.0 -1.0 0.0 0.335843745443771 0.30830983281958146 0.3558464217366478
9 893.0 0.0 -1.0 -1.0 -1.0 0.0 0.33875007557898745 0.30113586239289997 0.3601140620281126
9 894.0 0.0 -1.0 -1.0 -1.0 0.0 0.33090485665175196 0.3022373497684545 0.3668577935797935
9 895.0 0.0 -1.0 -1.0 -1.0 0.0 0.3203102179388605 0.2936278756069053 0.38606190645423427
9 896.0 0.0 -1.0 -1.0 -1.0 0.0 0.2949000488735644 0.28756878849942763 0.41753116262700785
9 897.0 0.0 -1.0 -1.0 -1.0 0.0 0.318807637009842 0.2702257666834813 0.41096659630667676
9 898.0 0.0 -1.0 -1.0 -1.0 0.0 0.3278734039154718 0.2801899238477025 0.3919366722368258
9 899.0 0.0 -1.0 -1.0 -1.0 0.0 0.35448434962815 0.29892939560313975 0.34658625476871024
9 900.0 0.0 -1.0 -1.0 -1.0 0.0 0.33947304500510456 0.2983985637360243 0.36212839125887136
9 901.0 0.0 -1.0 -1.0 -1.0 0.0 0.3240653182043662 0.3096116343638663 0.3663230474317675
9 902.0 0.0 -1.0 -1.0 -1.0 0.0 0.3468189281136378 0.3011566704722937 0.3520244014140684
9 903.0 0.0 -1.0 -1.0 -1.0 0.0 0.3280798458001349 0.3184246288434097 0.3534955253564553
9 904.0 0.0 -1.0 -1.0 -1.0 0.0 0.3139006788862693 0.33263676736688796 0.3534625537468426
9 905.0 0.0 -1.0 -1.0 -1.0 0.0 0.29576266623908576 0.33934973123134066 0.3648876025295737
9 906.0 0.0 -1.0 -1.0 -1.0 0.0 0.31339807157416977 0.3311516303979052 0.3554502980279252
9 907.0 0.0 -1.0 -1.0 -1.0 0.0 0.32133803440182157 0.3108094187895897 0.3678525468085889
9 908.0 0.0 -1.0 -1.0 -1.0 0.0 0.34286788775715765 0.2980064182620653 0.35912569398077687
9 909.0 0.0 -1.0 -1.0 -1.0 0.0 0.3324574484384075 0.2996102781210692 0.367932273440523
9 910.0 0.0 -1.0 -1.0 -1.0 0.0 0.31893757312318965 0.2896543934316433 0.391408033445167
9 911.0 0.0 -1.0 -1.0 -1.0 0.0 0.30992186553855067 0.2921390682129523 0.39793906624849684
9 912.0 0.0 -1.0 -1.0 -1.0 0.0 0.30097526804971175 0.3000860393720604 0.39893869257822756
9 913.0 0.0 -1.0 -1.0 -1.0 0.0 0.30970261762523565 0.34229801805003907 0.34799936432472534
9 914.0 0.0 -1.0 -1.0 -1.0 0.0 0.33862278637591303 0.3383828730890936 0.3229943405349933
9 915.0 0.0 -1.0 -1.0 -1.0 0.0 0.33788760485404923 0.34183562929596334 0.32027676584998743
9 916.0 0.0 -1.0 -1.0 -1.0 0.0 0.3527095471853328 0.318727640889072 0.32856281192559517
9 917.0 0.0 -1.0 -1.0 -1.0 0.0 0.353981679605824 0.32393335278018326 0.32208496761399275
9 918.0 0.0 -1.0 -1.0 -1.0 0.0 0.37531475202568393 0.3157748715793211 0.30891037639499497
9 919.0 0.0 -1.0 -1.0 -1.0 0.0 0.35144264113531515 0.33049596665580794 0.3180613922088767
9 920.0 0.0 -1.0 -1.0 -1.0 0.0 0.36109088504934567 0.3171212548993659 0.3217878600512885
9 921.0 0.0 -1.0 -1.0 -1.0 0.0 0.3354817149558525 0.35929880630439315 0.30521947873975425
9 922.0 0.0 -1.0 -1.0 -1.0 0.0 0.33706262294112377 0.3804858577756132 0.28245151928326295
9 923.0 0.0 -1.0 -1.0 -1.0 0.0 0.3348578458451517 0.3641444246821206 0.30099772947272774
9 924.0 0.0 -1.0 -1.0 -1.0 0.0 0.3587812262657913 0.37383474682735135 0.26738402690685725
9 925.0 0.0 -1.0 -1.0 -1.0 0.0 0.35124802545156614 0.3543805661114648 0.29437140843696896
9 926.0 0.0 -1.0 -1.0 -1.0 0.0 0.3293811567813619 0.36194374287280334 0.30867510034583484
9 927.0 0.0 -1.0 -1.0 -1.0 0.0 0.33201151255361133 0.3604341918410913 0.3075542956052977
9 928.0 0.0 -1.0 -1.0 -1.0 0.0 0.3444050116183925 0.36645717143420675 0.28913781694740087
9 929.0 0.0 -1.0 -1.0 -1.0 0.0 0.38119230600198023 0.33431731696981387 0.28449037702820584
9 930.0 0.0 -1.0 -1.0 -1.0 0.0 0.3366746224601707 0.3507336763512577 0.3125917011885716
9 931.0 0.0 -1.0 -1.0 -1.0 0.0 0.3418934943880665 0.3586025482539006 0.299503957358033
9 932.0 0.0 -1.0 -1.0 -1.0 0.0 0.3319550761722001 0.3562600581863776 0.3117848656414223
9 933.0 0.0 -1.0 -1.0 -1.0 0.0 0.3401708522496446 0.3382228614749603 0.321606286275395
9 934.0 0.0 -1.0 -1.0 -1.0 0.0 0.3581184263785058 0.3116544693712548 0.3302271042502394
9 935.0 0.0 -1.0 -1.0 -1.0 0.0 0.3525821150701281 0.33034280480483313 0.3170750801250389
9 936.0 0.0 -1.0 -1.0 -1.0 0.0 0.3601787070234012 0.327582463580097 0.3122388293965018
9 937.0 0.0 -1.0 -1.0 -1.0 0.0 0.3508931966484364 0.3316998342294157 0.3174069691221479
9 938.0 0.0 -1.0 -1.0 -1.0 0.0 0.339364518573102 0.3313253085933108 0.329310172833587
9 939.0 0.0 -1.0 -1.0 -1.0 0.0 0.33814769235238223 0.3323098884871773 0.3295424191604405
9 940.0 0.0 -1.0 -1.0 -1.0 0.0 0.3312918368098999 0.3184684453369947 0.35023971785310515
9 941.0 0.0 -1.0 -1.0 -1.0 0.0 0.3427466640438249 0.32728188375199274 0.32997145220418256
9 942.0 0.0 -1.0 -1.0 -1.0 0.0 0.34050489506883763 0.3330175692799303 0.3264775356512324
9 943.0 0.0 -1.0 -1.0 -1.0 0.0 0.32999701659845904 0.3347987047615862 0.3352042786399548
9 944.0 0.0 -1.0 -1.0 -1.0 0.0 0.3288512028339275 0.31787630523951954 0.35327249192655313
9 945.0 0.0 -1.0 -1.0 -1.0 0.0 0.31634845207678475 0.3182739304193934 0.36537761750382175
9 946.0 0.0 -1.0 -1.0 -1.0 0.0 0.31215573427722243 0.31550289862897146 0.37234136709380594
9 947.0 0.0 -1.0 -1.0 -1.0 0.0 0.3130843122405033 0.30721881466380696 0.37969687309568995
9 948.0 0.0 -1.0 -1.0 -1.0 0.0 0.34420764899325257 0.3087797159605067 0.34701263504624086
9 949.0 0.0 -1.0 -1.0 -1.0 0.0 0.3361179846468 0.3260171826410025 0.33786483271219736
9 950.0 0.0 -1.0 -1.0 -1.0 0.0 0.35053377096360305 0.3229045465061905 0.3265616825302063
9 951.0 0.0 -1.0 -1.0 -1.0 0.0 0.34690936169045616 0.3410168268603313 0.3120738114492125
9 952.0 0.0 -1.0 -1.0 -1.0 0.0 0.3362340712954318 0.33766344569991685 0.326102483004651
9 953.0 0.0 -1.0 -1.0 -1.0 0.0 0.32498400183321513 0.3151534365712029 0.35986256159558183
9 954.0 0.0 -1.0 -1.0 -1.0 0.0 0.33721339906504627 0.30856775175829143 0.354218849176662
9 955.0 0.0 -1.0 -1.0 -1.0 0.0 0.3567426637458504 0.3015225384884995 0.3417347977656499
9 956.0 0.0 -1.0 -1.0 -1.0 0.0 0.3590966537630173 0.3190615640347724 0.32184178220221027
9 957.0 0.0 -1.0 -1.0 -1.0 0.0 0.35483219439541797 0.3319731781635224 0.3131946274410595
9 958.0 0.0 -1.0 -1.0 -1.0 0.0 0.33342397235482 0.3320826500130207 0.3344933776321593
9 959.0 0.0 -1.0 -1.0 -1.0 0.0 0.3119958507707523 0.3351881045885034 0.35281604464074434
9 960.0 0.0 -1.0 -1.0 -1.0 0.0 0.35230675112621596 0.2890814434734647 0.3586118054003195
9 961.0 0.0 -1.0 -1.0 -1.0 0.0 0.3510406026945332 0.30215896078883264 0.3468004365166341
9 962.0 0.0 -1.0 -1.0 -1.0 0.0 0.3465506559389414 0.28958353593882963 0.3638658081222291
9 963.0 0.0 -1.0 -1.0 -1.0 0.0 0.36813862306909184 0.2853726932706411 0.3464886836602668
9 964.0 0.0 -1.0 -1.0 -1.0 0.0 0.37151144024705296 0.26870541933483405 0.3597831404181131
9 965.0 0.0 -1.0 -1.0 -1.0 0.0 0.3604084222090114 0.27970177685084413 0.3598898009401442
9 966.0 0.0 -1.0 -1.0 -1.0 0.0 0.3663969692046084 0.2821848345716432 0.3514181962237485
9 967.0 0.0 -1.0 -1.0 -1.0 0.0 0.3755646538608653 0.2917430303349951 0.3326923158041395
9 968.0 0.0 -1.0 -1.0 -1.0 0.0 0.3485251210415927 0.30856295375705267 0.34291192520135466
9 969.0 0.0 -1.0 -1.0 -1.0 0.0 0.3587550076352793 0.2979610649733023 0.34328392739141866
9 970.0 0.0 -1.0 -1.0 -1.0 0.0 0.3621525271601107 0.2993500905034612 0.3384973823364282
9 971.0 0.0 -1.0 -1.0 -1.0 0.0 0.3438529033507172 0.30070534582077285 0.35544175082850976
9 972.0 0.0 -1.0 -1.0 -1.0 0.0 0.3281799839801037 0.29800354627043757 0.37381646974945887
9 973.0 0.0 -1.0 -1.0 -1.0 0.0 0.34315216193949516 0.2994508605062502 0.35739697755425454
9 974.0 0.0 -1.0 -1.0 -1.0 0.0 0.3689643545180223 0.3177861378343745 0.3132495076476035
9 975.0 0.0 -1.0 -1.0 -1.0 0.0 0.36972543486176446 0.3242157170691333 0.306058848069102
9 976.0 0.0 -1.0 -1.0 -1.0 0.0 0.3547535939638462 0.3389406003480497 0.30630580568810434
9 977.0 0.0 -1.0 -1.0 -1.0 0.0 0.3484220411056945 0.347945941307509 0.3036320175867964
9 978.0 0.0 -1.0 -1.0 -1.0 0.0 0.320753950931889 0.35755219728839316 0.3216938517797181
9 979.0 0.0 -1.0 -1.0 -1.0 0.0 0.3358525625650906 0.34847960064549427 0.31566783678941485
9 980.0 0.0 -1.0 -1.0 -1.0 0.0 0.35388342225912583 0.3297207805679369 0.3163957971729373
9 981.0 0.0 -1.0 -1.0 -1.0 0.0 0.35193070941593263 0.32299227507792205 0.32507701550614515
9 982.0 0.0 -1.0 -1.0 -1.0 0.0 0.3461531310133462 0.32552067038070526 0.3283261986059485
9 983.0 0.0 -1.0 -1.0 -1.0 0.0 0.34790224179581186 0.3227615038078793 0.32933625439630876
9 984.0 0.0 -1.0 -1.0 -1.0 0.0 0.371516936231989 0.31794297180237757 0.3105400919656334
9 985.0 0.0 -1.0 -1.0 -1.0 0.0 0.36575678412111096 0.3291652561582867 0.3050779597206023
9 986.0 0.0 -1.0 -1.0 -1.0 0.0 0.36410813404190867 0.3228281760662902 0.3130636898918013
9 987.0 0.0 -1.0 -1.0 -1.0 0.0 0.34985797323390955 0.3281005729729707 0.32204145379311977
9 988.0 0.0 -1.0 -1.0 -1.0 0.0 0.33740676005936265 0.3341453764744881 0.3284478634661494
9 989.0 0.0 -1.0 -1.0 -1.0 0.0 0.34602843477086137 0.31830514477224625 0.3356664204568924
9 990.0 0.0 -1.0 -1.0 -1.0 0.0 0.3332549499082894 0.332160916600808 0.3345841334909025
9 991.0 0.0 -1.0 -1.0 -1.0 0.0 0.34540224501908107 0.3157238764036874 0.3388738785772313
9 992.0 0.0 -1.0 -1.0 -1.0 0.0 0.36419741696461266 0.30367119010555305 0.3321313929298342
9 993.0 0.0 -1.0 -1.0 -1.0 0.0 0.36357674601745055 0.3046027754711201 0.3318204785114293
9 994.0 0.0 -1.0 -1.0 -1.0 0.0 0.3650794801510822 0.31665404034131656 0.31826647950760134
9 995.0 0.0 -1.0 -1.0 -1.0 0.0 0.3605772541125065 0.32552695107656754 0.3138957948109262
9 996.0 0.0 -1.0 -1.0 -1.0 0.0 0.3264141746399252 0.34346601123711684 0.33011981412295816
9 997.0 0.0 -1.0 -1.0 -1.0 0.0 0.32052359477771425 0.33648888851225983 0.34298751671002586
9 998.0 0.0 -1.0 -1.0 -1.0 0.0 0.304981412478115 0.35218804074782367 0.34283054677406133
9 999.0 0.0 -1.0 -1.0 -1.0 0.0 0.3095335260211509 0.3565168565055863 0.33394961747326285
9 1000.0 0.0 -1.0 -1.0 -1.0 0.0 0.3202950080742216 0.34415888320147153 0.33554610872430674
1000000000000000000000000000000000000000000000000000000000000000000000000000000000000000000000000000
-1.0
solo con 1: -100.0
