9 0.0 47.0 -40.0 -166.0 -96.15 50.00775192432922 0.3333333333333333 0.3333333333333333 0.3333333333333333
9 1.0 24.0 -39.0 -165.0 -76.82 45.32918430211325 0.31086726658372127 0.2837581130025494 0.4053746204137291
9 2.0 92.0 -38.0 -165.0 -63.64 37.28419926928183 0.29127924233463254 0.24911861302817925 0.45960214463718835
9 3.0 16.0 -36.0 -157.0 -57.56 34.59792718728343 0.2610234593451614 0.2234352985975498 0.5155412420572889
9 4.0 15.0 -35.0 -156.0 -47.25 21.73967884683756 0.23955317028001413 0.18356400339143 0.5768828263285557
9 5.0 85.0 -30.0 -155.0 -43.57 19.503045605207095 0.23812766699530047 0.1678388307665953 0.5940335022381044
9 6.0 30.0 -29.0 -155.0 -39.07 12.776442178770848 0.20376085373389535 0.16551750559930234 0.6307216406668024
9 7.0 6.0 -26.0 -155.0 -36.34 12.949958074890208 0.18508959471466024 0.14556146850896148 0.6693489367763782
9 8.0 6.0 -26.0 -155.0 -33.44 12.992087724239834 0.17410153267423847 0.15913301654552384 0.6667654507802376
9 9.0 48.0 -24.0 -155.0 -31.33 13.255115269513148 0.1602569167471404 0.15035393241476003 0.6893891508380993
9 10.0 88.0 -23.0 -50.0 -28.31 3.7354296062748045 0.14922530392202427 0.14749423632350422 0.7032804597544715
9 11.0 74.0 -21.0 -36.0 -26.25 2.649089799851407 0.13827759792960478 0.1463938307674076 0.7153285713029878
9 12.0 89.0 -20.0 -34.0 -24.85 2.6794202599243233 0.15294386042312383 0.12187710368651034 0.7251790358903654
9 13.0 65.0 -18.0 -34.0 -22.93 2.3365994457110046 0.14603139554131148 0.1169340805353593 0.7370345239233294
9 14.0 17.0 -18.0 -33.0 -21.33 2.1511331286960687 0.145609626061852 0.10418199473565672 0.7502083792024911
9 15.0 8.0 -16.0 -26.0 -19.64 1.743791295083239 0.13137467446397363 0.10392140084483259 0.7647039246911934
9 16.0 91.0 -13.0 -23.0 -18.01 1.7494299215758977 0.13655519884831624 0.1084115124230774 0.7550332887286065
9 17.0 27.0 -13.0 -23.0 -16.68 1.8849751492078912 0.1378393116926258 0.0999494909707822 0.7622111973365919
9 18.0 78.0 -11.0 -23.0 -14.9 1.7320508075688776 0.14660341913681474 0.09255585295388087 0.7608407279093048
9 19.0 20.0 -10.0 -18.0 -13.6 1.705605730844884 0.13318296226114146 0.09563630120702969 0.771180736531829
9 20.0 40.0 -9.0 -17.0 -12.3 1.7436754400988845 0.12810838333706268 0.0886235670001266 0.7832680496628103
9 21.0 49.0 -8.0 -17.0 -11.05 1.6719612870681382 0.12917623340528558 0.08985063143917968 0.7809731351555348
9 22.0 72.0 -6.0 -15.0 -9.67 1.4498693776065532 0.12838079293752944 0.10077379941450554 0.7708454076479652
9 23.0 34.0 -5.0 -15.0 -8.42 1.621696330975374 0.12002141835141264 0.10371813030006949 0.7762604513485178
9 24.0 47.0 -4.0 -15.0 -7.17 1.6209175603261672 0.11264696443997275 0.10660779291957712 0.78074524264045
9 25.0 19.0 -3.0 -15.0 -6.07 1.6530046105272185 0.10305155614121246 0.11080204471720581 0.786146399141582
9 26.0 10.0 -3.0 -15.0 -5.06 1.6380574847154565 0.10800118003293811 0.10962733285479194 0.7823714871122699
9 27.0 10.0 -2.0 -9.0 -4.15 1.067187372905474 0.11380979294044236 0.10543207642933095 0.7807581306302269
9 28.0 10.0 -2.0 -8.0 -3.45 0.9782999065065413 0.1314337881954691 0.12178414441318257 0.7467820673913486
9 29.0 8.0 -2.0 -8.0 -2.92 0.9393743888483669 0.13406116454284858 0.12223404928820136 0.7437047861689497
9 30.0 1.0 -2.0 -8.0 -2.46 0.8459051693633015 0.14805815041618772 0.15428633732534983 0.6976555122584622
9 31.0 17.0 -1.0 -8.0 -2.14 0.7656778867530551 0.18377453656770007 0.18394057658840338 0.6322848868438966
9 32.0 13.0 -1.0 -8.0 -1.98 0.8162491202216547 0.2005843732010496 0.19879432693464835 0.6006212998643019
9 33.0 0.0 -1.0 -4.0 -1.64 0.6116710015534612 0.21378123191268839 0.1893824217260015 0.5968363463613102
9 34.0 0.0 -1.0 -3.0 -1.35 0.5198095999517706 0.24199779416165093 0.1829294344204644 0.5750727714178846
9 35.0 0.0 -1.0 -3.0 -1.17 0.4277023415055067 0.24451633257312502 0.20667868885860569 0.5488049785682695
9 36.0 0.0 -1.0 -3.0 -1.09 0.32082595426382343 0.2493215901661001 0.2238293627560423 0.5268490470778576
9 37.0 0.0 -1.0 -3.0 -1.06 0.277797979063414 0.25757849900331337 0.24256099662041478 0.49986050437627183
9 38.0 0.0 -1.0 -3.0 -1.06 0.277797979063414 0.28711925687907447 0.2730919993192907 0.43978874380163474
9 39.0 0.0 -1.0 -3.0 -1.04 0.24287836253956202 0.30769193583409965 0.28575433213228363 0.4065537320336168
9 40.0 0.0 -1.0 -3.0 -1.03 0.22270150335361374 0.32075651572401753 0.29934123938709845 0.37990224488888374
9 41.0 0.0 -1.0 -3.0 -1.03 0.22270150335361374 0.30828991952779045 0.3130107523748598 0.3786993280973494
9 42.0 0.0 -1.0 -3.0 -1.02 0.19999999999999996 0.32015558888840445 0.2968201058631959 0.38302430524839964
9 43.0 0.0 -1.0 -3.0 -1.02 0.19999999999999996 0.33775444444592295 0.28662459415521263 0.3756209613988643
9 44.0 0.0 -1.0 -3.0 -1.02 0.19999999999999996 0.35615713398735593 0.29442117045694205 0.34942169555570174
9 45.0 0.0 -1.0 -3.0 -1.02 0.19999999999999996 0.37291938146101516 0.2720696254169755 0.35501099312200907
9 46.0 0.0 -1.0 -3.0 -1.02 0.19999999999999996 0.39494263699867077 0.2643733331462082 0.34068402985512114
9 47.0 0.0 -1.0 -3.0 -1.02 0.19999999999999996 0.3946895850338674 0.25978430629245286 0.34552610867367983
9 48.0 0.0 -1.0 -3.0 -1.02 0.19999999999999996 0.4086270453344507 0.2815887268897034 0.30978422777584586
9 49.0 0.0 -1.0 -3.0 -1.02 0.19999999999999996 0.38111218158080823 0.2888658105365261 0.33002200788266556
9 50.0 0.0 -1.0 -3.0 -1.02 0.19999999999999996 0.39194708512485216 0.2760440907459659 0.332008824129182
9 51.0 0.0 -1.0 -3.0 -1.02 0.19999999999999996 0.3943601186778074 0.2806033232113821 0.3250365581108104
9 52.0 0.0 -1.0 -3.0 -1.02 0.19999999999999996 0.39295582004900154 0.29720171885743685 0.3098424610935617
9 53.0 0.0 -1.0 -3.0 -1.02 0.19999999999999996 0.38452610631739276 0.30008866515912025 0.3153852285234869
9 54.0 0.0 -1.0 -2.0 -1.01 0.09999999999999998 0.36211743658181744 0.33049532043052715 0.3073872429876555
9 55.0 0.0 -1.0 -2.0 -1.01 0.09999999999999998 0.32607870874946293 0.3355485864039825 0.3383727048465546
9 56.0 0.0 -1.0 -2.0 -1.01 0.09999999999999998 0.332505294312596 0.3195746652417487 0.3479200404456551
9 57.0 0.0 -1.0 -1.0 -1.0 0.0 0.31645571061541744 0.3286787630089266 0.3548655263756559
9 58.0 0.0 -1.0 -1.0 -1.0 0.0 0.32430786991714133 0.35286038538617676 0.3228317446966818
9 59.0 0.0 -1.0 -1.0 -1.0 0.0 0.32725124722264165 0.36688786484801794 0.30586088792934046
9 60.0 0.0 -1.0 -1.0 -1.0 0.0 0.30635271738541026 0.3710455227174629 0.3226017598971269
9 61.0 0.0 -1.0 -1.0 -1.0 0.0 0.2964274917372714 0.3707691888844083 0.33280331937832025
9 62.0 0.0 -1.0 -1.0 -1.0 0.0 0.2838743625842708 0.38496769399878283 0.33115794341694654
9 63.0 0.0 -1.0 -1.0 -1.0 0.0 0.3032074956682078 0.3791446185536555 0.3176478857781366
9 64.0 0.0 -1.0 -1.0 -1.0 0.0 0.3459391509402364 0.3359326475430732 0.31812820151668997
9 65.0 0.0 -1.0 -1.0 -1.0 0.0 0.3478996871286531 0.35417197049684906 0.2979283423744978
9 66.0 0.0 -1.0 -1.0 -1.0 0.0 0.34555163704626524 0.3609240180776427 0.29352434487609175
9 67.0 0.0 -1.0 -1.0 -1.0 0.0 0.3580809087544067 0.3654958245244144 0.276423266721179
9 68.0 0.0 -1.0 -1.0 -1.0 0.0 0.37646491880438226 0.3458901604685432 0.27764492072707436
9 69.0 0.0 -1.0 -1.0 -1.0 0.0 0.35626608697154255 0.30923029758102283 0.33450361544743457
9 70.0 0.0 -1.0 -1.0 -1.0 0.0 0.37193323712595455 0.3385252513694981 0.28954151150454743
9 71.0 0.0 -1.0 -1.0 -1.0 0.0 0.36102797284081395 0.33825302755128234 0.30071899960790366
9 72.0 0.0 -1.0 -1.0 -1.0 0.0 0.37250201712316994 0.3247537609432482 0.3027442219335818
9 73.0 0.0 -1.0 -1.0 -1.0 0.0 0.36906023088065204 0.35246818886136844 0.2784715802579794
9 74.0 0.0 -1.0 -1.0 -1.0 0.0 0.3935670299771639 0.3259436612418922 0.2804893087809439
9 75.0 0.0 -1.0 -1.0 -1.0 0.0 0.3562915731250613 0.3345332876357455 0.3091751392391931
9 76.0 0.0 -1.0 -1.0 -1.0 0.0 0.36570601175899253 0.3268222447291865 0.30747174351182105
9 77.0 0.0 -1.0 -1.0 -1.0 0.0 0.3437391788349276 0.34527701943427147 0.310983801730801
9 78.0 0.0 -1.0 -1.0 -1.0 0.0 0.3265530697063256 0.340161756747222 0.33328517354645226
9 79.0 0.0 -1.0 -1.0 -1.0 0.0 0.32219850134786576 0.32463620682139677 0.3531652918307374
9 80.0 0.0 -1.0 -1.0 -1.0 0.0 0.31872399956175 0.33482244607908507 0.346453554359165
9 81.0 0.0 -1.0 -1.0 -1.0 0.0 0.32689785710156044 0.3249993377330618 0.3481028051653778
9 82.0 0.0 -1.0 -1.0 -1.0 0.0 0.3305272309461927 0.32952931077846737 0.3399434582753399
9 83.0 0.0 -1.0 -1.0 -1.0 0.0 0.3654126231326979 0.2956682282983406 0.33891914856896144
9 84.0 0.0 -1.0 -1.0 -1.0 0.0 0.3353506987587371 0.3314663437667155 0.3331829574745474
9 85.0 0.0 -1.0 -1.0 -1.0 0.0 0.3070328846587115 0.3573069110357227 0.33566020430556603
9 86.0 0.0 -1.0 -1.0 -1.0 0.0 0.2710390663448273 0.36004821114508995 0.36891272251008256
9 87.0 0.0 -1.0 -1.0 -1.0 0.0 0.2653057995069421 0.37594892125198875 0.3587452792410693
9 88.0 0.0 -1.0 -1.0 -1.0 0.0 0.2921747431097008 0.37107215094226126 0.3367531059480378
9 89.0 0.0 -1.0 -1.0 -1.0 0.0 0.2861140124764756 0.3631545120949125 0.35073147542861216
9 90.0 0.0 -1.0 -1.0 -1.0 0.0 0.30263039274783754 0.3639229975547312 0.3334466096974312
9 91.0 0.0 -1.0 -1.0 -1.0 0.0 0.3015226824346755 0.35922345416534107 0.3392538633999835
9 92.0 0.0 -1.0 -1.0 -1.0 0.0 0.3157083724793106 0.3541037577490069 0.33018786977168263
9 93.0 0.0 -1.0 -1.0 -1.0 0.0 0.33768347573231594 0.3320401510491525 0.3302763732185315
9 94.0 0.0 -1.0 -1.0 -1.0 0.0 0.31041846700553255 0.3366743535488482 0.3529071794456189
9 95.0 0.0 -1.0 -1.0 -1.0 0.0 0.3027199506968961 0.33995238347751 0.35732766582559405
9 96.0 0.0 -1.0 -1.0 -1.0 0.0 0.31543310718528816 0.34100096956674647 0.34356592324796537
9 97.0 0.0 -1.0 -1.0 -1.0 0.0 0.3061797208334188 0.35052217794660495 0.34329810121997634
9 98.0 0.0 -1.0 -1.0 -1.0 0.0 0.305726382645939 0.3556236886675287 0.33864992868653226
9 99.0 0.0 -1.0 -1.0 -1.0 0.0 0.3079333623147517 0.347979149411543 0.34408748827370517
9 100.0 0.0 -1.0 -1.0 -1.0 0.0 0.3080408890489922 0.3576324780038835 0.3343266329471243
9 101.0 0.0 -1.0 -1.0 -1.0 0.0 0.32735099602738854 0.35750740227521766 0.31514160169739386
9 102.0 0.0 -1.0 -1.0 -1.0 0.0 0.33115793751857325 0.3552215676829123 0.31362049479851434
9 103.0 0.0 -1.0 -1.0 -1.0 0.0 0.3182936938545171 0.3456484421379652 0.33605786400751775
9 104.0 0.0 -1.0 -1.0 -1.0 0.0 0.33088948701839915 0.3552313124856375 0.31387920049596313
9 105.0 0.0 -1.0 -1.0 -1.0 0.0 0.3461739951583672 0.30860625884901555 0.3452197459926172
9 106.0 0.0 -1.0 -1.0 -1.0 0.0 0.3614069899261183 0.31020767488152434 0.32838533519235696
9 107.0 0.0 -1.0 -1.0 -1.0 0.0 0.36001374227539096 0.31867419968011323 0.3213120580444955
9 108.0 0.0 -1.0 -1.0 -1.0 0.0 0.3605170558909303 0.32551211062284346 0.31397083348622645
9 109.0 0.0 -1.0 -1.0 -1.0 0.0 0.3720198190002422 0.3387856520202049 0.28919452897955295
9 110.0 0.0 -1.0 -1.0 -1.0 0.0 0.35560397379991543 0.3152171455553154 0.32917888064476897
9 111.0 0.0 -1.0 -1.0 -1.0 0.0 0.3470782859565337 0.324331630845214 0.32859008319825245
9 112.0 0.0 -1.0 -1.0 -1.0 0.0 0.3416985678419298 0.3243062818363161 0.3339951503217541
9 113.0 0.0 -1.0 -1.0 -1.0 0.0 0.3272077380781957 0.32358619667171484 0.34920606525008957
9 114.0 0.0 -1.0 -1.0 -1.0 0.0 0.3320815340251945 0.36490943862993747 0.303009027344868
9 115.0 0.0 -1.0 -1.0 -1.0 0.0 0.30097774319643017 0.3776719031884232 0.3213503536151467
9 116.0 0.0 -1.0 -1.0 -1.0 0.0 0.31924104886328264 0.3653196937090484 0.31543925742766915
9 117.0 0.0 -1.0 -1.0 -1.0 0.0 0.3197376751231521 0.36903488708738136 0.31122743778946665
9 118.0 0.0 -1.0 -1.0 -1.0 0.0 0.3339045436256161 0.3636132756689221 0.30248218070546196
9 119.0 0.0 -1.0 -1.0 -1.0 0.0 0.326540138464303 0.35860470705149716 0.3148551544841997
9 120.0 0.0 -1.0 -1.0 -1.0 0.0 0.3323111544835545 0.35701076040932384 0.31067808510712164
9 121.0 0.0 -1.0 -1.0 -1.0 0.0 0.3518675081446157 0.33397475778733055 0.3141577340680538
9 122.0 0.0 -1.0 -1.0 -1.0 0.0 0.3420896974731737 0.33655981356365283 0.3213504889631734
9 123.0 0.0 -1.0 -1.0 -1.0 0.0 0.3324464611765085 0.35533086069973874 0.31222267812375276
9 124.0 0.0 -1.0 -1.0 -1.0 0.0 0.3260897827712184 0.35400458660450923 0.31990563062427246
9 125.0 0.0 -1.0 -1.0 -1.0 0.0 0.32817409739927234 0.35833266693494686 0.31349323566578047
9 126.0 0.0 -1.0 -1.0 -1.0 0.0 0.35648674869976105 0.33190834180532364 0.3116049094949154
9 127.0 0.0 -1.0 -1.0 -1.0 0.0 0.3662243578501579 0.3460026878169887 0.28777295433285327
9 128.0 0.0 -1.0 -1.0 -1.0 0.0 0.36818254914212273 0.35196816368220774 0.27984928717566954
9 129.0 0.0 -1.0 -1.0 -1.0 0.0 0.34872051828573203 0.35586162963817025 0.29541785207609783
9 130.0 0.0 -1.0 -1.0 -1.0 0.0 0.30969054304577576 0.40304249411692816 0.28726696283729625
9 131.0 0.0 -1.0 -1.0 -1.0 0.0 0.3293749966374292 0.39902034003633824 0.27160466332623245
9 132.0 0.0 -1.0 -1.0 -1.0 0.0 0.331919587955948 0.386944962207753 0.281135449836299
9 133.0 0.0 -1.0 -1.0 -1.0 0.0 0.3177001402867564 0.3862319077995813 0.296067951913662
9 134.0 0.0 -1.0 -1.0 -1.0 0.0 0.3424080732425663 0.36237294164373973 0.2952189851136943
9 135.0 0.0 -1.0 -1.0 -1.0 0.0 0.3605541703497842 0.3396500827773538 0.299795746872862
9 136.0 0.0 -1.0 -1.0 -1.0 0.0 0.3146146751729335 0.3356348748641524 0.34975044996291405
9 137.0 0.0 -1.0 -1.0 -1.0 0.0 0.3254413200822978 0.3498261819325979 0.3247324979851043
9 138.0 0.0 -1.0 -1.0 -1.0 0.0 0.31532782280266924 0.34939239920642934 0.3352797779909013
9 139.0 0.0 -1.0 -1.0 -1.0 0.0 0.33662177074426575 0.3356281977192084 0.3277500315365261
9 140.0 0.0 -1.0 -1.0 -1.0 0.0 0.3367443310785341 0.30317906444773723 0.3600766044737286
9 141.0 0.0 -1.0 -1.0 -1.0 0.0 0.338172626106007 0.31902444125819546 0.34280293263579753
9 142.0 0.0 -1.0 -1.0 -1.0 0.0 0.34678220739807647 0.29236626911514874 0.3608515234867749
9 143.0 0.0 -1.0 -1.0 -1.0 0.0 0.3314015046909664 0.29690462508122617 0.3716938702278073
9 144.0 0.0 -1.0 -1.0 -1.0 0.0 0.3466179841567648 0.296679127773223 0.35670288807001244
9 145.0 0.0 -1.0 -1.0 -1.0 0.0 0.3553417163104517 0.31131305110484914 0.33334523258469917
9 146.0 0.0 -1.0 -1.0 -1.0 0.0 0.391119242270601 0.3158628751347712 0.2930178825946277
9 147.0 0.0 -1.0 -1.0 -1.0 0.0 0.3905830784138826 0.3012933606619443 0.3081235609241732
9 148.0 0.0 -1.0 -1.0 -1.0 0.0 0.4103743885688786 0.29158904794711993 0.2980365634840016
9 149.0 0.0 -1.0 -1.0 -1.0 0.0 0.357324462041238 0.3287966635019241 0.3138788744568376
9 150.0 0.0 -1.0 -1.0 -1.0 0.0 0.3523476390254697 0.3185018523651245 0.32915050860940553
9 151.0 0.0 -1.0 -1.0 -1.0 0.0 0.36078289882765074 0.3130149672468527 0.32620213392549646
9 152.0 0.0 -1.0 -1.0 -1.0 0.0 0.3608096878407052 0.3188025735321958 0.320387738627099
9 153.0 0.0 -1.0 -1.0 -1.0 0.0 0.36152965126795833 0.3093977615776852 0.3290725871543566
9 154.0 0.0 -1.0 -1.0 -1.0 0.0 0.3510030631744277 0.3050085132408415 0.34398842358473103
9 155.0 0.0 -1.0 -1.0 -1.0 0.0 0.3627481335555631 0.2896524490540713 0.34759941739036565
9 156.0 0.0 -1.0 -1.0 -1.0 0.0 0.34104180927322747 0.3018012017779703 0.3571569889488023
9 157.0 0.0 -1.0 -1.0 -1.0 0.0 0.3345396952682259 0.3181716240900995 0.3472886806416745
9 158.0 0.0 -1.0 -1.0 -1.0 0.0 0.35024195583187123 0.3118114250598194 0.33794661910830953
9 159.0 0.0 -1.0 -1.0 -1.0 0.0 0.3388643798959785 0.3340232797841526 0.32711234031986886
9 160.0 0.0 -1.0 -1.0 -1.0 0.0 0.3505962194747244 0.3078614835365612 0.34154229698871447
9 161.0 0.0 -1.0 -1.0 -1.0 0.0 0.371492919445481 0.2968641672412202 0.3316429133132989
9 162.0 0.0 -1.0 -1.0 -1.0 0.0 0.3697187778598902 0.28932335366816947 0.34095786847194004
9 163.0 0.0 -1.0 -1.0 -1.0 0.0 0.3719801085546178 0.30768840694250715 0.32033148450287485
9 164.0 0.0 -1.0 -1.0 -1.0 0.0 0.35905633107110446 0.32953763471000724 0.31140603421888813
9 165.0 0.0 -1.0 -1.0 -1.0 0.0 0.3353561560204447 0.35731767523647484 0.3073261687430803
9 166.0 0.0 -1.0 -1.0 -1.0 0.0 0.3352718138454898 0.3618494209755837 0.30287876517892626
9 167.0 0.0 -1.0 -1.0 -1.0 0.0 0.34719729140151045 0.35163175481111236 0.30117095378737685
9 168.0 0.0 -1.0 -1.0 -1.0 0.0 0.3598163432810123 0.3425379405981587 0.29764571612082896
9 169.0 0.0 -1.0 -1.0 -1.0 0.0 0.36247796477370786 0.34300746642677205 0.29451456879952004
9 170.0 0.0 -1.0 -1.0 -1.0 0.0 0.3736766078399883 0.33282146533515616 0.29350192682485543
9 171.0 0.0 -1.0 -1.0 -1.0 0.0 0.35953330446652415 0.3187908571806256 0.3216758383528506
9 172.0 0.0 -1.0 -1.0 -1.0 0.0 0.33312483376927504 0.32949303098324856 0.3373821352474763
9 173.0 0.0 -1.0 -1.0 -1.0 0.0 0.31173445653186643 0.3366442705277184 0.35162127294041495
9 174.0 0.0 -1.0 -1.0 -1.0 0.0 0.3124198828533432 0.34268718768978196 0.34489292945687466
9 175.0 0.0 -1.0 -1.0 -1.0 0.0 0.3137012329041476 0.3221447646940144 0.36415400240183815
9 176.0 0.0 -1.0 -1.0 -1.0 0.0 0.31891746989995917 0.3326823479340856 0.34840018216595536
9 177.0 0.0 -1.0 -1.0 -1.0 0.0 0.31242682238922564 0.34741728378695286 0.34015589382382155
9 178.0 0.0 -1.0 -1.0 -1.0 0.0 0.3114554147074676 0.33227254496329406 0.35627204032923815
9 179.0 0.0 -1.0 -1.0 -1.0 0.0 0.300774355117337 0.35774879295417256 0.34147685192849037
9 180.0 0.0 -1.0 -1.0 -1.0 0.0 0.3081634616143874 0.34620193746887495 0.3456346009167377
9 181.0 0.0 -1.0 -1.0 -1.0 0.0 0.30962751611705064 0.33649112744425275 0.35388135643869667
9 182.0 0.0 -1.0 -1.0 -1.0 0.0 0.35219932001128834 0.2844266838445941 0.36337399614411736
9 183.0 0.0 -1.0 -1.0 -1.0 0.0 0.34655114683497196 0.28645674570485974 0.3669921074601681
9 184.0 0.0 -1.0 -1.0 -1.0 0.0 0.35408199843375926 0.3102318766074017 0.335686124958839
9 185.0 0.0 -1.0 -1.0 -1.0 0.0 0.3490416623055015 0.3319759221445441 0.3189824155499542
9 186.0 0.0 -1.0 -1.0 -1.0 0.0 0.3326174053399986 0.3442847376254049 0.3230978570345966
9 187.0 0.0 -1.0 -1.0 -1.0 0.0 0.3241480485290844 0.35092260717457774 0.32492934429633813
9 188.0 0.0 -1.0 -1.0 -1.0 0.0 0.3435055272313116 0.3275182113558437 0.3289762614128449
9 189.0 0.0 -1.0 -1.0 -1.0 0.0 0.3398174237657733 0.31901456062167727 0.3411680156125492
9 190.0 0.0 -1.0 -1.0 -1.0 0.0 0.3345741924899567 0.32365236956931065 0.3417734379407328
9 191.0 0.0 -1.0 -1.0 -1.0 0.0 0.31608480980346276 0.3333985922320109 0.35051659796452617
9 192.0 0.0 -1.0 -1.0 -1.0 0.0 0.3167403510318788 0.3333647103149282 0.34989493865319315
9 193.0 0.0 -1.0 -1.0 -1.0 0.0 0.3156947252127476 0.3469929668358745 0.3373123079513778
9 194.0 0.0 -1.0 -1.0 -1.0 0.0 0.3374020559600324 0.3119392512169334 0.3506586928230341
9 195.0 0.0 -1.0 -1.0 -1.0 0.0 0.33254563131875514 0.31534683287023113 0.35210753581101395
9 196.0 0.0 -1.0 -1.0 -1.0 0.0 0.32953449857298067 0.3434343353032455 0.32703116612377364
9 197.0 0.0 -1.0 -1.0 -1.0 0.0 0.33578044577721683 0.33233958744072084 0.33187996678206255
9 198.0 0.0 -1.0 -1.0 -1.0 0.0 0.3298777700163535 0.35333856654493556 0.3167836634387109
9 199.0 0.0 -1.0 -1.0 -1.0 0.0 0.333107552000752 0.34903633971409903 0.3178561082851492
9 200.0 0.0 -1.0 -1.0 -1.0 0.0 0.32509374793818985 0.35596825242622826 0.318937999635582
9 201.0 0.0 -1.0 -1.0 -1.0 0.0 0.3013903143101095 0.3582912081969619 0.3403184774929288
9 202.0 0.0 -1.0 -1.0 -1.0 0.0 0.29657063336582 0.3372625010475266 0.3661668655866535
9 203.0 0.0 -1.0 -1.0 -1.0 0.0 0.28981391984221583 0.3712431543782692 0.3389429257795149
9 204.0 0.0 -1.0 -1.0 -1.0 0.0 0.2921004332180532 0.36448914633686463 0.34341042044508213
9 205.0 0.0 -1.0 -1.0 -1.0 0.0 0.2887439278960995 0.40298446369563995 0.30827160840826057
9 206.0 0.0 -1.0 -1.0 -1.0 0.0 0.35287218818833344 0.34256425200994123 0.30456355980172534
9 207.0 0.0 -1.0 -1.0 -1.0 0.0 0.3676666057608625 0.3282203776765678 0.3041130165625699
9 208.0 0.0 -1.0 -1.0 -1.0 0.0 0.3564757893447679 0.32932281749935866 0.3142013931558732
9 209.0 0.0 -1.0 -1.0 -1.0 0.0 0.3194660742733977 0.3559615825779723 0.3245723431486302
9 210.0 0.0 -1.0 -1.0 -1.0 0.0 0.30394778482416557 0.39605442505530747 0.2999977901205269
9 211.0 0.0 -1.0 -1.0 -1.0 0.0 0.3257586309057796 0.38032696280891654 0.29391440628530396
9 212.0 0.0 -1.0 -1.0 -1.0 0.0 0.3204066659968043 0.36970403304008775 0.30988930096310807
9 213.0 0.0 -1.0 -1.0 -1.0 0.0 0.3077287876328617 0.37416969751611684 0.31810151485102134
9 214.0 0.0 -1.0 -1.0 -1.0 0.0 0.34518339914814644 0.34155386625090584 0.31326273460094767
9 215.0 0.0 -1.0 -1.0 -1.0 0.0 0.34420904293198135 0.3346194429071986 0.32117151416081996
9 216.0 0.0 -1.0 -1.0 -1.0 0.0 0.3277616763103846 0.33390418318500936 0.3383341405046061
9 217.0 0.0 -1.0 -1.0 -1.0 0.0 0.33975383759885586 0.32705641252415063 0.3331897498769936
9 218.0 0.0 -1.0 -1.0 -1.0 0.0 0.3446282239910235 0.32361202185787646 0.3317597541510999
9 219.0 0.0 -1.0 -1.0 -1.0 0.0 0.33442934821239606 0.3176301293306142 0.34794052245698986
9 220.0 0.0 -1.0 -1.0 -1.0 0.0 0.3511466454027941 0.3140234014728201 0.33482995312438585
9 221.0 0.0 -1.0 -1.0 -1.0 0.0 0.3530555211645421 0.3049223650586226 0.34202211377683517
9 222.0 0.0 -1.0 -1.0 -1.0 0.0 0.32639854657593625 0.32956555328474585 0.3440359001393179
9 223.0 0.0 -1.0 -1.0 -1.0 0.0 0.3532076774739083 0.28654730767884395 0.3602450148472478
9 224.0 0.0 -1.0 -1.0 -1.0 0.0 0.3514962073997897 0.29698179971880767 0.3515219928814028
9 225.0 0.0 -1.0 -1.0 -1.0 0.0 0.3348962515717615 0.30885266662374206 0.3562510818044964
9 226.0 0.0 -1.0 -1.0 -1.0 0.0 0.3362544036677817 0.3013604964132006 0.3623850999190175
9 227.0 0.0 -1.0 -1.0 -1.0 0.0 0.33721324086223636 0.2958468866655761 0.3669398724721873
9 228.0 0.0 -1.0 -1.0 -1.0 0.0 0.32720646446897755 0.2903580736654083 0.3824354618656142
9 229.0 0.0 -1.0 -1.0 -1.0 0.0 0.3438491309100259 0.29252319234236757 0.36362767674760654
9 230.0 0.0 -1.0 -1.0 -1.0 0.0 0.3165620208060457 0.3269291769662901 0.35650880222766423
9 231.0 0.0 -1.0 -1.0 -1.0 0.0 0.3172800507064582 0.29669875692119835 0.38602119237234317
9 232.0 0.0 -1.0 -1.0 -1.0 0.0 0.30983341106315065 0.31613887084475595 0.3740277180920936
9 233.0 0.0 -1.0 -1.0 -1.0 0.0 0.32935803832381816 0.3279849705770449 0.3426569910991369
9 234.0 0.0 -1.0 -1.0 -1.0 0.0 0.3363817891366592 0.3058448644340156 0.357773346429325
9 235.0 0.0 -1.0 -1.0 -1.0 0.0 0.3742269757762915 0.27940900566420107 0.3463640185595072
9 236.0 0.0 -1.0 -1.0 -1.0 0.0 0.34435116995949466 0.27402919257530356 0.3816196374652019
9 237.0 0.0 -1.0 -1.0 -1.0 0.0 0.3600700667390047 0.2819050191697021 0.35802491409129317
9 238.0 0.0 -1.0 -1.0 -1.0 0.0 0.36063594844196756 0.3096011302162993 0.32976292134173313
9 239.0 0.0 -1.0 -1.0 -1.0 0.0 0.3570011191146467 0.3132227226261592 0.3297761582591942
9 240.0 0.0 -1.0 -1.0 -1.0 0.0 0.34347397085768017 0.34223857444118716 0.31428745470113234
9 241.0 0.0 -1.0 -1.0 -1.0 0.0 0.3377906674252703 0.3434769771114717 0.31873235546325795
9 242.0 0.0 -1.0 -1.0 -1.0 0.0 0.30124494238723154 0.37715572581814294 0.3215993317946254
9 243.0 0.0 -1.0 -1.0 -1.0 0.0 0.3051827107015688 0.3718057340781401 0.32301155522029085
9 244.0 0.0 -1.0 -1.0 -1.0 0.0 0.32213422232498545 0.33423670551826795 0.3436290721567466
9 245.0 0.0 -1.0 -1.0 -1.0 0.0 0.33351116573280637 0.3421318630092731 0.32435697125792073
9 246.0 0.0 -1.0 -1.0 -1.0 0.0 0.31125636432160847 0.3575165469022174 0.33122708877617413
9 247.0 0.0 -1.0 -1.0 -1.0 0.0 0.3278509175604373 0.3553526465983914 0.31679643584117106
9 248.0 0.0 -1.0 -1.0 -1.0 0.0 0.36183603104181683 0.323674143154564 0.31448982580361895
9 249.0 0.0 -1.0 -1.0 -1.0 0.0 0.35359655600738743 0.3192383911396348 0.32716505285297787
9 250.0 0.0 -1.0 -1.0 -1.0 0.0 0.3205011721849449 0.32916969199866375 0.3503291358163914
9 251.0 0.0 -1.0 -1.0 -1.0 0.0 0.336390961229055 0.3260707304579572 0.3375383083129877
9 252.0 0.0 -1.0 -1.0 -1.0 0.0 0.34438194835056585 0.3231948396046 0.33242321204483416
9 253.0 0.0 -1.0 -1.0 -1.0 0.0 0.3277374592774497 0.3305493766300518 0.34171316409249836
9 254.0 0.0 -1.0 -1.0 -1.0 0.0 0.32566206030227607 0.339341797491705 0.33499614220601864
9 255.0 0.0 -1.0 -1.0 -1.0 0.0 0.3278050972570211 0.369537040232674 0.3026578625103049
9 256.0 0.0 -1.0 -1.0 -1.0 0.0 0.3362000764663632 0.34820846499997304 0.31559145853366405
9 257.0 0.0 -1.0 -1.0 -1.0 0.0 0.33830320226716476 0.3350930489750936 0.32660374875774145
9 258.0 0.0 -1.0 -1.0 -1.0 0.0 0.3332818765964622 0.35006552758101733 0.3166525958225205
9 259.0 0.0 -1.0 -1.0 -1.0 0.0 0.3084106206608652 0.3362555579535273 0.3553338213856073
9 260.0 0.0 -1.0 -1.0 -1.0 0.0 0.3152606849755077 0.3140922930145516 0.37064702200994065
9 261.0 0.0 -1.0 -1.0 -1.0 0.0 0.301648673282053 0.3314267813096353 0.36692454540831176
9 262.0 0.0 -1.0 -1.0 -1.0 0.0 0.30053769754042264 0.33072828722781944 0.36873401523175814
9 263.0 0.0 -1.0 -1.0 -1.0 0.0 0.3058231464966785 0.3337451261421509 0.36043172736117063
9 264.0 0.0 -1.0 -1.0 -1.0 0.0 0.2960769790451491 0.3441884817971306 0.35973453915772013
9 265.0 0.0 -1.0 -1.0 -1.0 0.0 0.31602646939267454 0.33783824768792914 0.3461352829193966
9 266.0 0.0 -1.0 -1.0 -1.0 0.0 0.3295221057932877 0.32079548691264925 0.34968240729406314
9 267.0 0.0 -1.0 -1.0 -1.0 0.0 0.3329234309958402 0.32299373375025875 0.34408283525390104
9 268.0 0.0 -1.0 -1.0 -1.0 0.0 0.3320881699569782 0.3030847102546101 0.36482711978841154
9 269.0 0.0 -1.0 -1.0 -1.0 0.0 0.3275529681095626 0.32806401486848835 0.3443830170219493
9 270.0 0.0 -1.0 -1.0 -1.0 0.0 0.3605356076564488 0.32291513549629713 0.3165492568472539
9 271.0 0.0 -1.0 -1.0 -1.0 0.0 0.3808770772050739 0.3320639106238781 0.2870590121710482
9 272.0 0.0 -1.0 -1.0 -1.0 0.0 0.3676951321288985 0.31778186273413356 0.3145230051369678
9 273.0 0.0 -1.0 -1.0 -1.0 0.0 0.3554421533628788 0.3386394240987391 0.30591842253838203
9 274.0 0.0 -1.0 -1.0 -1.0 0.0 0.35291819516781314 0.32525255782334944 0.32182924700883747
9 275.0 0.0 -1.0 -1.0 -1.0 0.0 0.3306234621056099 0.3529355732147899 0.31644096467960026
9 276.0 0.0 -1.0 -1.0 -1.0 0.0 0.35008972680763994 0.345774839840462 0.3041354333518982
9 277.0 0.0 -1.0 -1.0 -1.0 0.0 0.35574149961505974 0.3326956330792011 0.31156286730573884
9 278.0 0.0 -1.0 -1.0 -1.0 0.0 0.35919027921421576 0.32610983777401215 0.31469988301177215
9 279.0 0.0 -1.0 -1.0 -1.0 0.0 0.3662191961858023 0.3091290810100753 0.32465172280412263
9 280.0 0.0 -1.0 -1.0 -1.0 0.0 0.36045864405172673 0.3281425762905384 0.31139877965773494
9 281.0 0.0 -1.0 -1.0 -1.0 0.0 0.36215024211698 0.322156878487625 0.31569287939539514
9 282.0 0.0 -1.0 -1.0 -1.0 0.0 0.35162817557192694 0.3194323781459183 0.32893944628215477
9 283.0 0.0 -1.0 -1.0 -1.0 0.0 0.372102310045615 0.3071507599967399 0.3207469299576451
9 284.0 0.0 -1.0 -1.0 -1.0 0.0 0.3246317888545208 0.32600954716141683 0.3493586639840624
9 285.0 0.0 -1.0 -1.0 -1.0 0.0 0.3445309386795286 0.3230579415010939 0.33241111981937743
9 286.0 0.0 -1.0 -1.0 -1.0 0.0 0.3441889686379351 0.3359076970656139 0.31990333429645085
9 287.0 0.0 -1.0 -1.0 -1.0 0.0 0.3394548982518977 0.3165089854703119 0.34403611627779007
9 288.0 0.0 -1.0 -1.0 -1.0 0.0 0.36361312170919285 0.29346903859247453 0.3429178396983328
9 289.0 0.0 -1.0 -1.0 -1.0 0.0 0.3537281848433742 0.3104666969509081 0.33580511820571796
9 290.0 0.0 -1.0 -1.0 -1.0 0.0 0.35759688171741055 0.3297134768737061 0.3126896414088832
9 291.0 0.0 -1.0 -1.0 -1.0 0.0 0.3401106841351283 0.32086347596474973 0.3390258399001218
9 292.0 0.0 -1.0 -1.0 -1.0 0.0 0.3330028446302808 0.3282696395200809 0.33872751584963845
9 293.0 0.0 -1.0 -1.0 -1.0 0.0 0.3504579652736861 0.32372568898691234 0.32581634573940127
9 294.0 0.0 -1.0 -1.0 -1.0 0.0 0.3314196483921738 0.33103951366988066 0.33754083793794587
9 295.0 0.0 -1.0 -1.0 -1.0 0.0 0.31934657317604653 0.3382355279088962 0.34241789891505753
9 296.0 0.0 -1.0 -1.0 -1.0 0.0 0.3338547465939607 0.3260429219282095 0.3401023314778299
9 297.0 0.0 -1.0 -1.0 -1.0 0.0 0.35435070937592017 0.32336004031274074 0.3222892503113392
9 298.0 0.0 -1.0 -1.0 -1.0 0.0 0.3585299871449432 0.3231513216224369 0.3183186912326199
9 299.0 0.0 -1.0 -1.0 -1.0 0.0 0.34098483017373077 0.31504416113323 0.343971008693039
9 300.0 0.0 -1.0 -1.0 -1.0 0.0 0.3237465120222901 0.33933830711665086 0.3369151808610589
9 301.0 0.0 -1.0 -1.0 -1.0 0.0 0.33646510439589933 0.3339396780699137 0.3295952175341869
9 302.0 0.0 -1.0 -1.0 -1.0 0.0 0.3439705752754268 0.31294321694957816 0.34308620777499527
9 303.0 0.0 -1.0 -1.0 -1.0 0.0 0.3504469493465232 0.3020403574306612 0.34751269322281575
9 304.0 0.0 -1.0 -1.0 -1.0 0.0 0.34366542204291406 0.3181199977140327 0.338214580243053
9 305.0 0.0 -1.0 -1.0 -1.0 0.0 0.3206465447153499 0.3648615874913915 0.31449186779325855
9 306.0 0.0 -1.0 -1.0 -1.0 0.0 0.30945370435511316 0.3415523702249517 0.3489939254199349
9 307.0 0.0 -1.0 -1.0 -1.0 0.0 0.3213224601971153 0.3214175309582236 0.3572600088446611
9 308.0 0.0 -1.0 -1.0 -1.0 0.0 0.31923789987320533 0.3266195376577562 0.35414256246903864
9 309.0 0.0 -1.0 -1.0 -1.0 0.0 0.3141528170996027 0.3119665778370236 0.37388060506337384
9 310.0 0.0 -1.0 -1.0 -1.0 0.0 0.2830616884296203 0.35361390667475834 0.3633244048956214
9 311.0 0.0 -1.0 -1.0 -1.0 0.0 0.28703747802202495 0.34421785533293275 0.36874466664504213
9 312.0 0.0 -1.0 -1.0 -1.0 0.0 0.2738733702553191 0.365837598977123 0.3602890307675577
9 313.0 0.0 -1.0 -1.0 -1.0 0.0 0.2809352869145763 0.3679990780004268 0.3510656350849969
9 314.0 0.0 -1.0 -1.0 -1.0 0.0 0.2951536068385018 0.34536681686624043 0.3594795762952582
9 315.0 0.0 -1.0 -1.0 -1.0 0.0 0.31056568875588897 0.3281027107320027 0.36133160051210844
9 316.0 0.0 -1.0 -1.0 -1.0 0.0 0.34850479994244365 0.3177287488593762 0.3337664511981801
9 317.0 0.0 -1.0 -1.0 -1.0 0.0 0.33491678074491565 0.3323086099760152 0.3327746092790691
9 318.0 0.0 -1.0 -1.0 -1.0 0.0 0.31992667652929707 0.33291247547187536 0.34716084799882746
9 319.0 0.0 -1.0 -1.0 -1.0 0.0 0.33811735080798355 0.319618780459193 0.3422638687328233
9 320.0 0.0 -1.0 -1.0 -1.0 0.0 0.36056804939479464 0.3082354780417617 0.33119647256344364
9 321.0 0.0 -1.0 -1.0 -1.0 0.0 0.3536144127592402 0.29928243291480305 0.34710315432595673
9 322.0 0.0 -1.0 -1.0 -1.0 0.0 0.33923669382233695 0.3155554711380906 0.3452078350395725
9 323.0 0.0 -1.0 -1.0 -1.0 0.0 0.33059448089816384 0.31222928731893274 0.3571762317829033
9 324.0 0.0 -1.0 -1.0 -1.0 0.0 0.33781365839721106 0.311963573267939 0.3502227683348501
9 325.0 0.0 -1.0 -1.0 -1.0 0.0 0.3226655422103285 0.32848875436258856 0.3488457034270829
9 326.0 0.0 -1.0 -1.0 -1.0 0.0 0.34053156745579466 0.33096585477212304 0.32850257777208236
9 327.0 0.0 -1.0 -1.0 -1.0 0.0 0.35137245134134987 0.3264980649845117 0.32212948367413835
9 328.0 0.0 -1.0 -1.0 -1.0 0.0 0.3616513576491214 0.33729421531393755 0.3010544270369413
9 329.0 0.0 -1.0 -1.0 -1.0 0.0 0.33417695680402665 0.35883200518158065 0.3069910380143928
9 330.0 0.0 -1.0 -1.0 -1.0 0.0 0.3448865186452079 0.3497699616269253 0.30534351972786666
9 331.0 0.0 -1.0 -1.0 -1.0 0.0 0.3398253801533976 0.33994455812154944 0.32023006172505286
9 332.0 0.0 -1.0 -1.0 -1.0 0.0 0.3065927993607746 0.34949978077849136 0.34390741986073414
9 333.0 0.0 -1.0 -1.0 -1.0 0.0 0.3174405949814422 0.3478179213038135 0.33474148371474444
9 334.0 0.0 -1.0 -1.0 -1.0 0.0 0.3391748805727805 0.33037439035298005 0.33045072907423945
9 335.0 0.0 -1.0 -1.0 -1.0 0.0 0.3382345852970235 0.3076893195507415 0.35407609515223476
9 336.0 0.0 -1.0 -1.0 -1.0 0.0 0.3534550949170873 0.3201933937261967 0.32635151135671586
9 337.0 0.0 -1.0 -1.0 -1.0 0.0 0.31856164514967117 0.3313349316050775 0.35010342324525134
9 338.0 0.0 -1.0 -1.0 -1.0 0.0 0.3230001873650552 0.3222345694756983 0.3547652431592463
9 339.0 0.0 -1.0 -1.0 -1.0 0.0 0.3427521647716238 0.29242415067078764 0.36482368455758857
9 340.0 0.0 -1.0 -1.0 -1.0 0.0 0.36942355720505565 0.27248348952321927 0.3580929532717249
9 341.0 0.0 -1.0 -1.0 -1.0 0.0 0.3312245373838397 0.30985569228044496 0.3589197703357155
9 342.0 0.0 -1.0 -1.0 -1.0 0.0 0.32146511091864327 0.3300625952803841 0.34847229380097244
9 343.0 0.0 -1.0 -1.0 -1.0 0.0 0.33576843672335777 0.3295335681431141 0.3346979951335285
9 344.0 0.0 -1.0 -1.0 -1.0 0.0 0.3420384468770659 0.32359139120781344 0.33437016191512065
9 345.0 0.0 -1.0 -1.0 -1.0 0.0 0.33494218722725405 0.334636456797831 0.33042135597491507
9 346.0 0.0 -1.0 -1.0 -1.0 0.0 0.31715879351224063 0.3460332295866395 0.33680797690112
9 347.0 0.0 -1.0 -1.0 -1.0 0.0 0.3014674480247649 0.3531334169575925 0.34539913501764247
9 348.0 0.0 -1.0 -1.0 -1.0 0.0 0.3316431026601795 0.34766513477711924 0.32069176256270127
9 349.0 0.0 -1.0 -1.0 -1.0 0.0 0.34188316869135293 0.3369152103411714 0.3212016209674758
9 350.0 0.0 -1.0 -1.0 -1.0 0.0 0.3526859824898325 0.3435677050270388 0.30374631248312883
9 351.0 0.0 -1.0 -1.0 -1.0 0.0 0.3348317283501905 0.35646322261482444 0.3087050490349852
9 352.0 0.0 -1.0 -1.0 -1.0 0.0 0.34987736816572634 0.3245894373332234 0.32553319450105034
9 353.0 0.0 -1.0 -1.0 -1.0 0.0 0.32566635155218165 0.3169886819793972 0.357344966468421
9 354.0 0.0 -1.0 -1.0 -1.0 0.0 0.3226779543388332 0.30553032155662396 0.3717917241045431
9 355.0 0.0 -1.0 -1.0 -1.0 0.0 0.32210989191624934 0.30095739264189314 0.3769327154418574
9 356.0 0.0 -1.0 -1.0 -1.0 0.0 0.32789131004790234 0.32617441369848493 0.3459342762536128
9 357.0 0.0 -1.0 -1.0 -1.0 0.0 0.27742931626064893 0.3569894287034844 0.3655812550358668
9 358.0 0.0 -1.0 -1.0 -1.0 0.0 0.29716354153176566 0.3412187860755288 0.3616176723927055
9 359.0 0.0 -1.0 -1.0 -1.0 0.0 0.3151974681529584 0.3272934639026504 0.3575090679443912
9 360.0 0.0 -1.0 -1.0 -1.0 0.0 0.3161593245441713 0.33472457521133747 0.3491161002444912
9 361.0 0.0 -1.0 -1.0 -1.0 0.0 0.3179700781933791 0.3344710308243826 0.3475588909822383
9 362.0 0.0 -1.0 -1.0 -1.0 0.0 0.326607312868629 0.33226996951853577 0.3411227176128353
9 363.0 0.0 -1.0 -1.0 -1.0 0.0 0.32531735829153063 0.32695153494770574 0.3477311067607637
9 364.0 0.0 -1.0 -1.0 -1.0 0.0 0.30996442966159454 0.3278501024009086 0.36218546793749673
9 365.0 0.0 -1.0 -1.0 -1.0 0.0 0.3352398584913043 0.35185524314639416 0.3129048983623015
9 366.0 0.0 -1.0 -1.0 -1.0 0.0 0.31812486730881345 0.3679152326619484 0.31395990002923785
9 367.0 0.0 -1.0 -1.0 -1.0 0.0 0.34102091270880125 0.3474620732462126 0.31151701404498633
9 368.0 0.0 -1.0 -1.0 -1.0 0.0 0.32372931597464033 0.3471219518811904 0.3291487321441695
9 369.0 0.0 -1.0 -1.0 -1.0 0.0 0.3256614610974924 0.35616539950483167 0.3181731393976759
9 370.0 0.0 -1.0 -1.0 -1.0 0.0 0.3662829505123099 0.32800939955825675 0.3057076499294332
9 371.0 0.0 -1.0 -1.0 -1.0 0.0 0.3407406147046267 0.3390992588173236 0.32016012647804987
9 372.0 0.0 -1.0 -1.0 -1.0 0.0 0.33368788375039016 0.3420535500437439 0.32425856620586613
9 373.0 0.0 -1.0 -1.0 -1.0 0.0 0.3481421049308072 0.32650900005626193 0.32534889501293063
9 374.0 0.0 -1.0 -1.0 -1.0 0.0 0.3069798603302744 0.3485701454521502 0.3444499942175754
9 375.0 0.0 -1.0 -1.0 -1.0 0.0 0.32725358758379935 0.3543072335173635 0.3184391788988371
9 376.0 0.0 -1.0 -1.0 -1.0 0.0 0.321220419174459 0.3360973772019208 0.34268220362361995
9 377.0 0.0 -1.0 -1.0 -1.0 0.0 0.28817131371762217 0.3621088843290419 0.3497198019533359
9 378.0 0.0 -1.0 -1.0 -1.0 0.0 0.32190600122066426 0.3244693426154495 0.3536246561638861
9 379.0 0.0 -1.0 -1.0 -1.0 0.0 0.30821006222178343 0.3233508252026213 0.36843911257559525
9 380.0 0.0 -1.0 -1.0 -1.0 0.0 0.31483013118161646 0.32968140108937505 0.3554884677290086
9 381.0 0.0 -1.0 -1.0 -1.0 0.0 0.34033095849647105 0.30998931291645304 0.34967972858707613
9 382.0 0.0 -1.0 -1.0 -1.0 0.0 0.3646223207080397 0.2958834993266302 0.33949417996533
9 383.0 0.0 -1.0 -1.0 -1.0 0.0 0.3361422393895356 0.3226311711077879 0.34122658950267654
9 384.0 0.0 -1.0 -1.0 -1.0 0.0 0.34558264740452976 0.3141879416346468 0.3402294109608235
9 385.0 0.0 -1.0 -1.0 -1.0 0.0 0.3586382416345735 0.3101267543923217 0.3312350039731048
9 386.0 0.0 -1.0 -1.0 -1.0 0.0 0.3284312314915583 0.35306956678817336 0.3184992017202683
9 387.0 0.0 -1.0 -1.0 -1.0 0.0 0.3249120403114209 0.35450054844349255 0.3205874112450867
9 388.0 0.0 -1.0 -1.0 -1.0 0.0 0.3265920675894571 0.3726654382445042 0.3007424941660388
9 389.0 0.0 -1.0 -1.0 -1.0 0.0 0.2959471300217238 0.3631215340603825 0.340931335917894
9 390.0 0.0 -1.0 -1.0 -1.0 0.0 0.2989572253463812 0.37433189684652485 0.32671087780709407
9 391.0 0.0 -1.0 -1.0 -1.0 0.0 0.3129833502964812 0.37312750843942055 0.3138891412640981
9 392.0 0.0 -1.0 -1.0 -1.0 0.0 0.30116649054000866 0.39250148903063503 0.3063320204293564
9 393.0 0.0 -1.0 -1.0 -1.0 0.0 0.27658790884016715 0.3968435800918468 0.32656851106798607
9 394.0 0.0 -1.0 -1.0 -1.0 0.0 0.28419611595014926 0.36772872132907125 0.3480751627207797
9 395.0 0.0 -1.0 -1.0 -1.0 0.0 0.31368690664251075 0.35905214849637623 0.32726094486111307
9 396.0 0.0 -1.0 -1.0 -1.0 0.0 0.3247355803571997 0.32909558443750475 0.34616883520529534
9 397.0 0.0 -1.0 -1.0 -1.0 0.0 0.31137983988212725 0.3312639267117106 0.3573562334061621
9 398.0 0.0 -1.0 -1.0 -1.0 0.0 0.3316691832412079 0.30980701064001975 0.3585238061187723
9 399.0 0.0 -1.0 -1.0 -1.0 0.0 0.3444355612143877 0.3101379623385552 0.3454264764470568
9 400.0 0.0 -1.0 -1.0 -1.0 0.0 0.33015453342191065 0.3060384970209067 0.3638069695571828
9 401.0 0.0 -1.0 -1.0 -1.0 0.0 0.3342217608415472 0.30388974986398165 0.361888489294471
9 402.0 0.0 -1.0 -1.0 -1.0 0.0 0.33496502165198616 0.326757953909845 0.3382770244381691
9 403.0 0.0 -1.0 -1.0 -1.0 0.0 0.324611930641732 0.3332301448310645 0.3421579245272037
9 404.0 0.0 -1.0 -1.0 -1.0 0.0 0.33793361889337176 0.328600182196869 0.3334661989097592
9 405.0 0.0 -1.0 -1.0 -1.0 0.0 0.31790312787872926 0.33372918714654815 0.34836768497472265
9 406.0 0.0 -1.0 -1.0 -1.0 0.0 0.32522308484728735 0.331585563636331 0.3431913515163821
9 407.0 0.0 -1.0 -1.0 -1.0 0.0 0.3271504091309343 0.34055026782269693 0.3322993230463688
9 408.0 0.0 -1.0 -1.0 -1.0 0.0 0.33536638169260435 0.31438440780372207 0.3502492105036737
9 409.0 0.0 -1.0 -1.0 -1.0 0.0 0.337563421008767 0.2968871001362914 0.36554947885494143
9 410.0 0.0 -1.0 -1.0 -1.0 0.0 0.33370198128351947 0.32199598767427917 0.34430203104220136
9 411.0 0.0 -1.0 -1.0 -1.0 0.0 0.34308634003301564 0.32082564986404405 0.3360880101029404
9 412.0 0.0 -1.0 -1.0 -1.0 0.0 0.3293553109736657 0.3429073037224666 0.3277373853038681
9 413.0 0.0 -1.0 -1.0 -1.0 0.0 0.341370295232123 0.3246166690872061 0.3340130356806709
9 414.0 0.0 -1.0 -1.0 -1.0 0.0 0.3601808820905132 0.31692494087662926 0.32289417703285755
9 415.0 0.0 -1.0 -1.0 -1.0 0.0 0.3765970233251341 0.29940951358393875 0.32399346309092714
9 416.0 0.0 -1.0 -1.0 -1.0 0.0 0.36708803633097054 0.3175959726664649 0.31531599100256463
9 417.0 0.0 -1.0 -1.0 -1.0 0.0 0.3568981508159196 0.324958739206592 0.3181431099774884
9 418.0 0.0 -1.0 -1.0 -1.0 0.0 0.34904979984777434 0.2905378342137342 0.36041236593849146
9 419.0 0.0 -1.0 -1.0 -1.0 0.0 0.3389630349214692 0.2873023044789672 0.3737346605995635
9 420.0 0.0 -1.0 -1.0 -1.0 0.0 0.33706515704506 0.2980728600902045 0.36486198286473526
9 421.0 0.0 -1.0 -1.0 -1.0 0.0 0.32911906076424535 0.303632950484236 0.36724798875151854
9 422.0 0.0 -1.0 -1.0 -1.0 0.0 0.34665881741101734 0.2988393477794361 0.35450183480954633
9 423.0 0.0 -1.0 -1.0 -1.0 0.0 0.3529105022688143 0.29093823923713524 0.3561512584940504
9 424.0 0.0 -1.0 -1.0 -1.0 0.0 0.3457996118512503 0.27470305398758443 0.3794973341611651
9 425.0 0.0 -1.0 -1.0 -1.0 0.0 0.32401516895797305 0.30896909563683034 0.3670157354051966
9 426.0 0.0 -1.0 -1.0 -1.0 0.0 0.32987131382667245 0.30945957036216604 0.3606691158111615
9 427.0 0.0 -1.0 -1.0 -1.0 0.0 0.3089733461003087 0.3298989079702334 0.3611277459294577
9 428.0 0.0 -1.0 -1.0 -1.0 0.0 0.3398446773535684 0.3019387442857055 0.3582165783607259
9 429.0 0.0 -1.0 -1.0 -1.0 0.0 0.3317575663590748 0.29407151756924216 0.3741709160716832
9 430.0 0.0 -1.0 -1.0 -1.0 0.0 0.3395586782765418 0.2788849973933124 0.38155632433014575
9 431.0 0.0 -1.0 -1.0 -1.0 0.0 0.3136618638718804 0.2941077048723654 0.3922304312557543
9 432.0 0.0 -1.0 -1.0 -1.0 0.0 0.3507729203708493 0.30114327200752433 0.34808380762162644
9 433.0 0.0 -1.0 -1.0 -1.0 0.0 0.31885887165894333 0.30328943308923717 0.3778516952518193
9 434.0 0.0 -1.0 -1.0 -1.0 0.0 0.30316239475795337 0.31998752835853383 0.37685007688351263
9 435.0 0.0 -1.0 -1.0 -1.0 0.0 0.31589726457225675 0.2952199701306166 0.38888276529712684
9 436.0 0.0 -1.0 -1.0 -1.0 0.0 0.3402236319863345 0.2972372488513249 0.3625391191623407
9 437.0 0.0 -1.0 -1.0 -1.0 0.0 0.3310828437751369 0.30856943615324445 0.36034772007161886
9 438.0 0.0 -1.0 -1.0 -1.0 0.0 0.3371156346130178 0.310968677483182 0.35191568790380023
9 439.0 0.0 -1.0 -1.0 -1.0 0.0 0.3160781005127777 0.31932511369346833 0.364596785793754
9 440.0 0.0 -1.0 -1.0 -1.0 0.0 0.315535968129115 0.30806138096754 0.37640265090334507
9 441.0 0.0 -1.0 -1.0 -1.0 0.0 0.3147947245175069 0.325392730706872 0.3598125447756209
9 442.0 0.0 -1.0 -1.0 -1.0 0.0 0.31358287469394613 0.3294032742919369 0.35701385101411687
9 443.0 0.0 -1.0 -1.0 -1.0 0.0 0.3015641122517279 0.3293688633449111 0.3690670244033609
9 444.0 0.0 -1.0 -1.0 -1.0 0.0 0.3321443888985886 0.3224643931956137 0.34539121790579785
9 445.0 0.0 -1.0 -1.0 -1.0 0.0 0.34063500962670645 0.3063770193770907 0.35298797099620266
9 446.0 0.0 -1.0 -1.0 -1.0 0.0 0.3379726157333859 0.31231544516518156 0.34971193910143283
9 447.0 0.0 -1.0 -1.0 -1.0 0.0 0.3806660611057826 0.3079702786086896 0.3113636602855281
9 448.0 0.0 -1.0 -1.0 -1.0 0.0 0.34857919971906454 0.32703568724092413 0.32438511304001133
9 449.0 0.0 -1.0 -1.0 -1.0 0.0 0.33367465155533393 0.321513371414017 0.3448119770306491
9 450.0 0.0 -1.0 -1.0 -1.0 0.0 0.33646680756704633 0.3355032281032496 0.3280299643297039
9 451.0 0.0 -1.0 -1.0 -1.0 0.0 0.31423129113652504 0.3185853189616791 0.3671833899017958
9 452.0 0.0 -1.0 -1.0 -1.0 0.0 0.3329029749900069 0.3139776512995517 0.3531193737104416
9 453.0 0.0 -1.0 -1.0 -1.0 0.0 0.3206885202064337 0.3299358802937303 0.349375599499836
9 454.0 0.0 -1.0 -1.0 -1.0 0.0 0.3295645953414119 0.3332311216385713 0.3372042830200169
9 455.0 0.0 -1.0 -1.0 -1.0 0.0 0.3322894493328877 0.2926098679905694 0.37510068267654284
9 456.0 0.0 -1.0 -1.0 -1.0 0.0 0.34149432050530615 0.28407237187916723 0.37443330761552657
9 457.0 0.0 -1.0 -1.0 -1.0 0.0 0.3203533897724011 0.2867500705568961 0.3928965396707028
9 458.0 0.0 -1.0 -1.0 -1.0 0.0 0.3216702236500418 0.29441993342443806 0.38390984292552
9 459.0 0.0 -1.0 -1.0 -1.0 0.0 0.3533807282443766 0.282495818283302 0.36412345347232145
9 460.0 0.0 -1.0 -1.0 -1.0 0.0 0.32367500164467844 0.31803862465556976 0.35828637369975164
9 461.0 0.0 -1.0 -1.0 -1.0 0.0 0.3261030867493027 0.3096022678179972 0.36429464543270024
9 462.0 0.0 -1.0 -1.0 -1.0 0.0 0.30964971541403785 0.3274292978877099 0.36292098669825223
9 463.0 0.0 -1.0 -1.0 -1.0 0.0 0.31528200500748244 0.3542643992530216 0.33045359573949573
9 464.0 0.0 -1.0 -1.0 -1.0 0.0 0.32884302215699285 0.34454643602790513 0.32661054181510196
9 465.0 0.0 -1.0 -1.0 -1.0 0.0 0.31387589868816795 0.359022646261841 0.3271014550499908
9 466.0 0.0 -1.0 -1.0 -1.0 0.0 0.3112940995677208 0.35256989123886134 0.3361360091934178
9 467.0 0.0 -1.0 -1.0 -1.0 0.0 0.3018244066336048 0.32955507440522497 0.3686205189611702
9 468.0 0.0 -1.0 -1.0 -1.0 0.0 0.30689722185107654 0.3149935745872602 0.3781092035616633
9 469.0 0.0 -1.0 -1.0 -1.0 0.0 0.32063836109898936 0.3176239662653698 0.36173767263564094
9 470.0 0.0 -1.0 -1.0 -1.0 0.0 0.302881292219608 0.31272960297676794 0.3843891048036243
9 471.0 0.0 -1.0 -1.0 -1.0 0.0 0.31489806666130465 0.316469103168486 0.36863283017020954
9 472.0 0.0 -1.0 -1.0 -1.0 0.0 0.31984361897889685 0.3342118479825704 0.34594453303853273
9 473.0 0.0 -1.0 -1.0 -1.0 0.0 0.32655533263705977 0.3263343424198801 0.3471103249430603
9 474.0 0.0 -1.0 -1.0 -1.0 0.0 0.30592283206359355 0.3022076433780001 0.3918695245584064
9 475.0 0.0 -1.0 -1.0 -1.0 0.0 0.3006284282049162 0.3013720714828773 0.39799950031220654
9 476.0 0.0 -1.0 -1.0 -1.0 0.0 0.2967303203697955 0.2849371175505447 0.4183325620796598
9 477.0 0.0 -1.0 -1.0 -1.0 0.0 0.28941696261886557 0.298123234090717 0.4124598032904176
9 478.0 0.0 -1.0 -1.0 -1.0 0.0 0.30223835753777734 0.3367877594952075 0.36097388296701516
9 479.0 0.0 -1.0 -1.0 -1.0 0.0 0.32703695066842675 0.3191420134186755 0.35382103591289765
9 480.0 0.0 -1.0 -1.0 -1.0 0.0 0.3141279232992312 0.3160070002379047 0.3698650764628642
9 481.0 0.0 -1.0 -1.0 -1.0 0.0 0.30120427240242464 0.3327209128650287 0.3660748147325465
9 482.0 0.0 -1.0 -1.0 -1.0 0.0 0.3069207521752571 0.3246559741368518 0.36842327368789113
9 483.0 0.0 -1.0 -1.0 -1.0 0.0 0.3095879594059947 0.3582352292411743 0.3321768113528309
9 484.0 0.0 -1.0 -1.0 -1.0 0.0 0.3197701984888338 0.33380627271118607 0.34642352879998023
9 485.0 0.0 -1.0 -1.0 -1.0 0.0 0.29438464736542846 0.3785431595967782 0.32707219303779356
9 486.0 0.0 -1.0 -1.0 -1.0 0.0 0.2998595228621733 0.3473755974256241 0.3527648797122025
9 487.0 0.0 -1.0 -1.0 -1.0 0.0 0.3110593141080058 0.33241170724661223 0.35652897864538163
9 488.0 0.0 -1.0 -1.0 -1.0 0.0 0.29768655502286046 0.36024459981876994 0.34206884515836966
9 489.0 0.0 -1.0 -1.0 -1.0 0.0 0.2901198579519296 0.37303782268328417 0.336842319364786
9 490.0 0.0 -1.0 -1.0 -1.0 0.0 0.3107170491630818 0.33179472660986564 0.3574882242270526
9 491.0 0.0 -1.0 -1.0 -1.0 0.0 0.3250039714576248 0.34029155530331295 0.3347044732390625
9 492.0 0.0 -1.0 -1.0 -1.0 0.0 0.31775379637306 0.33756041761588457 0.34468578601105543
9 493.0 0.0 -1.0 -1.0 -1.0 0.0 0.3163807771502249 0.31416830833747644 0.3694509145122983
9 494.0 0.0 -1.0 -1.0 -1.0 0.0 0.329645378465436 0.3078355442346241 0.3625190772999398
9 495.0 0.0 -1.0 -1.0 -1.0 0.0 0.3173089425857782 0.3171301987643197 0.3655608586499023
9 496.0 0.0 -1.0 -1.0 -1.0 0.0 0.32641325247171105 0.3256279714745136 0.34795877605377534
9 497.0 0.0 -1.0 -1.0 -1.0 0.0 0.3241544863609549 0.35574284320935035 0.32010267042969454
9 498.0 0.0 -1.0 -1.0 -1.0 0.0 0.31255279213781145 0.3587356477267224 0.32871156013546615
9 499.0 0.0 -1.0 -1.0 -1.0 0.0 0.3074410632092176 0.37048236896581055 0.3220765678249722
9 500.0 0.0 -1.0 -1.0 -1.0 0.0 0.305514133276578 0.3620393152743404 0.3324465514490814
9 501.0 0.0 -1.0 -1.0 -1.0 0.0 0.3195725294928315 0.34647899953615613 0.3339484709710125
9 502.0 0.0 -1.0 -1.0 -1.0 0.0 0.34817469353065084 0.3237125796893622 0.3281127267799873
9 503.0 0.0 -1.0 -1.0 -1.0 0.0 0.33300575354104545 0.3265331136594116 0.34046113279954293
9 504.0 0.0 -1.0 -1.0 -1.0 0.0 0.2992237674361514 0.34593294536342234 0.35484328720042635
9 505.0 0.0 -1.0 -1.0 -1.0 0.0 0.3399779177889095 0.3417647125116898 0.31825736969940077
9 506.0 0.0 -1.0 -1.0 -1.0 0.0 0.3456107155983546 0.3391817107689408 0.3152075736327047
9 507.0 0.0 -1.0 -1.0 -1.0 0.0 0.3769023472813051 0.30617511977144724 0.31692253294724776
9 508.0 0.0 -1.0 -1.0 -1.0 0.0 0.38974036467682943 0.29762572755703476 0.31263390776613564
9 509.0 0.0 -1.0 -1.0 -1.0 0.0 0.3589159565097947 0.3012082262533331 0.33987581723687227
9 510.0 0.0 -1.0 -1.0 -1.0 0.0 0.34224163722751155 0.30332564713768706 0.35443271563480133
9 511.0 0.0 -1.0 -1.0 -1.0 0.0 0.3666808632076154 0.30911254979721214 0.3242065869951725
9 512.0 0.0 -1.0 -1.0 -1.0 0.0 0.33659632350391705 0.3449147924210454 0.3184888840750374
9 513.0 0.0 -1.0 -1.0 -1.0 0.0 0.3459245551266102 0.3271288904121368 0.32694655446125326
9 514.0 0.0 -1.0 -1.0 -1.0 0.0 0.32625200126913545 0.3388344209840621 0.3349135777468027
9 515.0 0.0 -1.0 -1.0 -1.0 0.0 0.3193056261415688 0.3310797772982494 0.3496145965601818
9 516.0 0.0 -1.0 -1.0 -1.0 0.0 0.3077274818033366 0.32809988468548895 0.36417263351117457
9 517.0 0.0 -1.0 -1.0 -1.0 0.0 0.3025692584345064 0.3414005994285491 0.3560301421369445
9 518.0 0.0 -1.0 -1.0 -1.0 0.0 0.31908379702119916 0.34929001441771634 0.3316261885610846
9 519.0 0.0 -1.0 -1.0 -1.0 0.0 0.29938686850107116 0.34740821713977693 0.3532049143591521
9 520.0 0.0 -1.0 -1.0 -1.0 0.0 0.3305637004681499 0.3394516041101572 0.329984695421693
9 521.0 0.0 -1.0 -1.0 -1.0 0.0 0.33202544332184 0.344285875147536 0.323688681530624
9 522.0 0.0 -1.0 -1.0 -1.0 0.0 0.3198026303374973 0.34993020497872573 0.33026716468377687
9 523.0 0.0 -1.0 -1.0 -1.0 0.0 0.33272115772792127 0.3396319425104219 0.32764689976165684
9 524.0 0.0 -1.0 -1.0 -1.0 0.0 0.3128095726727262 0.33826154545815584 0.348928881869118
9 525.0 0.0 -1.0 -1.0 -1.0 0.0 0.30468745815161635 0.3622718262596759 0.3330407155887077
9 526.0 0.0 -1.0 -1.0 -1.0 0.0 0.30639081784970607 0.35957406297262884 0.3340351191776651
9 527.0 0.0 -1.0 -1.0 -1.0 0.0 0.317361181976777 0.33290073804620673 0.34973807997701606
9 528.0 0.0 -1.0 -1.0 -1.0 0.0 0.3113505970658084 0.32599811754003516 0.3626512853941565
9 529.0 0.0 -1.0 -1.0 -1.0 0.0 0.34108351226846545 0.3111848822630946 0.3477316054684399
9 530.0 0.0 -1.0 -1.0 -1.0 0.0 0.33373352920949206 0.3095066681404129 0.3567598026500953
9 531.0 0.0 -1.0 -1.0 -1.0 0.0 0.2918420479458454 0.31741029208916166 0.3907476599649931
9 532.0 0.0 -1.0 -1.0 -1.0 0.0 0.2888417600701009 0.3375071506725019 0.3736510892573971
9 533.0 0.0 -1.0 -1.0 -1.0 0.0 0.3198840648454019 0.32366153516652274 0.3564543999880754
9 534.0 0.0 -1.0 -1.0 -1.0 0.0 0.3145187410899879 0.308616589720921 0.3768646691890911
9 535.0 0.0 -1.0 -1.0 -1.0 0.0 0.3098134877239825 0.3019517997831056 0.3882347124929122
9 536.0 0.0 -1.0 -1.0 -1.0 0.0 0.31883399581745064 0.3227343989546671 0.35843160522788237
9 537.0 0.0 -1.0 -1.0 -1.0 0.0 0.35151768381897724 0.3033977838514926 0.34508453232953
9 538.0 0.0 -1.0 -1.0 -1.0 0.0 0.3486250077796054 0.2784904825216122 0.3728845096987824
9 539.0 0.0 -1.0 -1.0 -1.0 0.0 0.3394145722023433 0.29612967358718817 0.3644557542104686
9 540.0 0.0 -1.0 -1.0 -1.0 0.0 0.3348202339913198 0.29681498877612716 0.368364777232553
9 541.0 0.0 -1.0 -1.0 -1.0 0.0 0.3287494087042011 0.331223293374747 0.340027297921052
9 542.0 0.0 -1.0 -1.0 -1.0 0.0 0.34014750762508505 0.3162715524015693 0.34358093997334577
9 543.0 0.0 -1.0 -1.0 -1.0 0.0 0.31676541471094166 0.32307045115073757 0.3601641341383207
9 544.0 0.0 -1.0 -1.0 -1.0 0.0 0.29903226934960436 0.35040700077665937 0.35056072987373627
9 545.0 0.0 -1.0 -1.0 -1.0 0.0 0.31949849912484374 0.3366989778183799 0.3438025230567764
9 546.0 0.0 -1.0 -1.0 -1.0 0.0 0.3277611862695747 0.3313301730058564 0.34090864072456917
9 547.0 0.0 -1.0 -1.0 -1.0 0.0 0.3120373087573208 0.3372457687109247 0.3507169225317547
9 548.0 0.0 -1.0 -1.0 -1.0 0.0 0.3104029424836929 0.33402051707934993 0.3555765404369571
9 549.0 0.0 -1.0 -1.0 -1.0 0.0 0.3070829650401944 0.3531759749014757 0.3397410600583299
9 550.0 0.0 -1.0 -1.0 -1.0 0.0 0.31339477898916224 0.362129620805211 0.3244756002056267
9 551.0 0.0 -1.0 -1.0 -1.0 0.0 0.3504361019437191 0.3363109606049537 0.3132529374513271
9 552.0 0.0 -1.0 -1.0 -1.0 0.0 0.35900496440463264 0.3193824796879727 0.3216125559073946
9 553.0 0.0 -1.0 -1.0 -1.0 0.0 0.3338126839088773 0.3334707332311036 0.33271658286001904
9 554.0 0.0 -1.0 -1.0 -1.0 0.0 0.3221530230670513 0.353505387654166 0.3243415892787828
9 555.0 0.0 -1.0 -1.0 -1.0 0.0 0.33521529304347025 0.3540916421420263 0.31069306481450315
9 556.0 0.0 -1.0 -1.0 -1.0 0.0 0.3350473861052435 0.34836811257651495 0.31658450131824173
9 557.0 0.0 -1.0 -1.0 -1.0 0.0 0.3391965442919506 0.3453602381529312 0.3154432175551182
9 558.0 0.0 -1.0 -1.0 -1.0 0.0 0.3353284666483496 0.3455577255804495 0.31911380777120074
9 559.0 0.0 -1.0 -1.0 -1.0 0.0 0.3239789725059905 0.38061015607331167 0.29541087142069794
9 560.0 0.0 -1.0 -1.0 -1.0 0.0 0.32461835103977793 0.3684002516240011 0.30698139733622076
9 561.0 0.0 -1.0 -1.0 -1.0 0.0 0.33915684887758635 0.3479948195602807 0.31284833156213293
9 562.0 0.0 -1.0 -1.0 -1.0 0.0 0.3383152918651115 0.35917410649288345 0.302510601642005
9 563.0 0.0 -1.0 -1.0 -1.0 0.0 0.3249524445311999 0.3442569811195277 0.3307905743492722
9 564.0 0.0 -1.0 -1.0 -1.0 0.0 0.3350930435577159 0.33312936114913166 0.33177759529315276
9 565.0 0.0 -1.0 -1.0 -1.0 0.0 0.37174374523337667 0.30934238053579 0.31891387423083367
9 566.0 0.0 -1.0 -1.0 -1.0 0.0 0.36550321565663835 0.32615077282285193 0.30834601152050967
9 567.0 0.0 -1.0 -1.0 -1.0 0.0 0.3589689996420901 0.31476420541135686 0.326266794946553
9 568.0 0.0 -1.0 -1.0 -1.0 0.0 0.34261397065772864 0.2982897875994309 0.3590962417428404
9 569.0 0.0 -1.0 -1.0 -1.0 0.0 0.324388910099916 0.3143623098428811 0.36124878005720296
9 570.0 0.0 -1.0 -1.0 -1.0 0.0 0.3251416475695001 0.33396623187715363 0.3408921205533462
9 571.0 0.0 -1.0 -1.0 -1.0 0.0 0.3321761016576794 0.34247482119589634 0.3253490771464241
9 572.0 0.0 -1.0 -1.0 -1.0 0.0 0.33536934820840886 0.34756169142054444 0.31706896037104676
9 573.0 0.0 -1.0 -1.0 -1.0 0.0 0.32648732902268807 0.3505079449049123 0.3230047260723994
9 574.0 0.0 -1.0 -1.0 -1.0 0.0 0.3279652538017519 0.33976884884141084 0.3322658973568371
9 575.0 0.0 -1.0 -1.0 -1.0 0.0 0.34085242809498983 0.3339712872677401 0.3251762846372702
9 576.0 0.0 -1.0 -1.0 -1.0 0.0 0.3408717887748482 0.35448001633045373 0.3046481948946982
9 577.0 0.0 -1.0 -1.0 -1.0 0.0 0.3339230317723563 0.3459338121095248 0.3201431561181187
9 578.0 0.0 -1.0 -1.0 -1.0 0.0 0.32895717246696643 0.3436640241289792 0.32737880340405434
9 579.0 0.0 -1.0 -1.0 -1.0 0.0 0.34915001529789025 0.3281166454761659 0.3227333392259438
9 580.0 0.0 -1.0 -1.0 -1.0 0.0 0.3431919078053828 0.33347400730452326 0.3233340848900943
9 581.0 0.0 -1.0 -1.0 -1.0 0.0 0.3271370174053791 0.3600192250518082 0.31284375754281296
9 582.0 0.0 -1.0 -1.0 -1.0 0.0 0.3516104413944899 0.3220306444121329 0.3263589141933771
9 583.0 0.0 -1.0 -1.0 -1.0 0.0 0.35155902463492283 0.3245550764063148 0.32388589895876235
9 584.0 0.0 -1.0 -1.0 -1.0 0.0 0.3681833188350342 0.3206975539234933 0.3111191272414726
9 585.0 0.0 -1.0 -1.0 -1.0 0.0 0.33545898733719154 0.3585154500983064 0.306025562564502
9 586.0 0.0 -1.0 -1.0 -1.0 0.0 0.33391750217847443 0.3370572167501305 0.3290252810713951
9 587.0 0.0 -1.0 -1.0 -1.0 0.0 0.33659372999455195 0.3515859511148831 0.311820318890565
9 588.0 0.0 -1.0 -1.0 -1.0 0.0 0.33367007609010946 0.35546277623553146 0.31086714767435913
9 589.0 0.0 -1.0 -1.0 -1.0 0.0 0.31204696019400985 0.37790159963252523 0.31005144017346475
9 590.0 0.0 -1.0 -1.0 -1.0 0.0 0.3149830108795144 0.39145315409419573 0.29356383502628963
9 591.0 0.0 -1.0 -1.0 -1.0 0.0 0.3084117854573131 0.3854088114653829 0.30617940307730385
9 592.0 0.0 -1.0 -1.0 -1.0 0.0 0.3254133850889045 0.3762285566842798 0.2983580582268157
9 593.0 0.0 -1.0 -1.0 -1.0 0.0 0.32186708767953187 0.38321715418237967 0.2949157581380883
9 594.0 0.0 -1.0 -1.0 -1.0 0.0 0.3059804748034826 0.3732031867822625 0.320816338414255
9 595.0 0.0 -1.0 -1.0 -1.0 0.0 0.326691205465083 0.35583822866147 0.3174705658734469
9 596.0 0.0 -1.0 -1.0 -1.0 0.0 0.3150857868371403 0.3385842352619451 0.34632997790091496
9 597.0 0.0 -1.0 -1.0 -1.0 0.0 0.3274424387553645 0.315393065846629 0.35716449539800643
9 598.0 0.0 -1.0 -1.0 -1.0 0.0 0.3252276831765342 0.3166366946030185 0.3581356222204471
9 599.0 0.0 -1.0 -1.0 -1.0 0.0 0.30154322598027894 0.32497391222682004 0.37348286179290097
9 600.0 0.0 -1.0 -1.0 -1.0 0.0 0.2956033729654569 0.34510862954528065 0.3592879974892626
9 601.0 0.0 -1.0 -1.0 -1.0 0.0 0.30406681155199006 0.3652890749293061 0.3306441135187036
9 602.0 0.0 -1.0 -1.0 -1.0 0.0 0.3210491649449272 0.34020015402712106 0.33875068102795175
9 603.0 0.0 -1.0 -1.0 -1.0 0.0 0.3117769301086615 0.3445907498875929 0.3436323200037456
9 604.0 0.0 -1.0 -1.0 -1.0 0.0 0.31038809657637256 0.357920673416277 0.33169123000735046
9 605.0 0.0 -1.0 -1.0 -1.0 0.0 0.33357491313657306 0.3182444314187136 0.3481806554447134
9 606.0 0.0 -1.0 -1.0 -1.0 0.0 0.31158738411695636 0.3467170262690552 0.3416955896139886
9 607.0 0.0 -1.0 -1.0 -1.0 0.0 0.35947256644946435 0.34214074413933476 0.2983866894112008
9 608.0 0.0 -1.0 -1.0 -1.0 0.0 0.33936087325582337 0.3807138362260053 0.2799252905181711
9 609.0 0.0 -1.0 -1.0 -1.0 0.0 0.3418474565384992 0.35575332811585725 0.3023992153456437
9 610.0 0.0 -1.0 -1.0 -1.0 0.0 0.3379169582757269 0.34316479374638315 0.3189182479778901
9 611.0 0.0 -1.0 -1.0 -1.0 0.0 0.3311085910205066 0.33725175251079903 0.33163965646869437
9 612.0 0.0 -1.0 -1.0 -1.0 0.0 0.3493584962914405 0.29215118254893985 0.3584903211596197
9 613.0 0.0 -1.0 -1.0 -1.0 0.0 0.3399678195218278 0.3084581994726605 0.3515739810055117
9 614.0 0.0 -1.0 -1.0 -1.0 0.0 0.3258072263984497 0.31131750925785934 0.362875264343691
9 615.0 0.0 -1.0 -1.0 -1.0 0.0 0.3310469179913112 0.3100904402115108 0.35886264179717814
9 616.0 0.0 -1.0 -1.0 -1.0 0.0 0.32767319770073994 0.3141771530754255 0.35814964922383474
9 617.0 0.0 -1.0 -1.0 -1.0 0.0 0.32600620188845914 0.30828272122907047 0.36571107688247045
9 618.0 0.0 -1.0 -1.0 -1.0 0.0 0.3382444973496566 0.3022188834984506 0.35953661915189294
9 619.0 0.0 -1.0 -1.0 -1.0 0.0 0.34475586688113197 0.3129675499050904 0.3422765832137778
9 620.0 0.0 -1.0 -1.0 -1.0 0.0 0.3661369806002865 0.28742656200860045 0.34643645739111295
9 621.0 0.0 -1.0 -1.0 -1.0 0.0 0.3638491513188843 0.29040678083751853 0.3457440678435972
9 622.0 0.0 -1.0 -1.0 -1.0 0.0 0.34069486229507784 0.3108587043491392 0.34844643335578324
9 623.0 0.0 -1.0 -1.0 -1.0 0.0 0.3536514981258124 0.2857884276933907 0.36056007418079683
9 624.0 0.0 -1.0 -1.0 -1.0 0.0 0.35531841083852206 0.30596386682571325 0.3387177223357645
9 625.0 0.0 -1.0 -1.0 -1.0 0.0 0.337514834814659 0.3013393314974589 0.3611458336878821
9 626.0 0.0 -1.0 -1.0 -1.0 0.0 0.348243357725575 0.3160747437712094 0.33568189850321567
9 627.0 0.0 -1.0 -1.0 -1.0 0.0 0.3391684943634888 0.31354601826943884 0.3472854873670723
9 628.0 0.0 -1.0 -1.0 -1.0 0.0 0.33403386136947155 0.33925124873381357 0.3267148898967146
9 629.0 0.0 -1.0 -1.0 -1.0 0.0 0.34839007528363763 0.3283123272398687 0.3232975974764936
9 630.0 0.0 -1.0 -1.0 -1.0 0.0 0.34257322914610105 0.34478389466567905 0.31264287618821984
9 631.0 0.0 -1.0 -1.0 -1.0 0.0 0.31984989928131147 0.34293248505382484 0.3372176156648635
9 632.0 0.0 -1.0 -1.0 -1.0 0.0 0.35340026299836014 0.3356211748066261 0.3109785621950137
9 633.0 0.0 -1.0 -1.0 -1.0 0.0 0.3620714466568728 0.31444482410793834 0.32348372923518914
9 634.0 0.0 -1.0 -1.0 -1.0 0.0 0.34820232651093197 0.3219215449649914 0.32987612852407655
9 635.0 0.0 -1.0 -1.0 -1.0 0.0 0.3451039783973069 0.320818753814319 0.3340772677883741
9 636.0 0.0 -1.0 -1.0 -1.0 0.0 0.3224049412073011 0.34271344653811725 0.3348816122545819
9 637.0 0.0 -1.0 -1.0 -1.0 0.0 0.2958732073646699 0.3383765602251867 0.36575023241014365
9 638.0 0.0 -1.0 -1.0 -1.0 0.0 0.285886271629121 0.3466537058260215 0.3674600225448573
9 639.0 0.0 -1.0 -1.0 -1.0 0.0 0.29603214517937965 0.3478268166498302 0.35614103817078996
9 640.0 0.0 -1.0 -1.0 -1.0 0.0 0.3135808880439821 0.3616964536207296 0.32472265833528835
9 641.0 0.0 -1.0 -1.0 -1.0 0.0 0.31811723883748894 0.36616173425407617 0.31572102690843507
9 642.0 0.0 -1.0 -1.0 -1.0 0.0 0.3303769438303606 0.34996911965614025 0.3196539365134994
9 643.0 0.0 -1.0 -1.0 -1.0 0.0 0.3213012166125152 0.3537172557265742 0.3249815276609106
9 644.0 0.0 -1.0 -1.0 -1.0 0.0 0.3261213555187794 0.3565682901652555 0.31731035431596516
9 645.0 0.0 -1.0 -1.0 -1.0 0.0 0.3564131339965166 0.3447599011023248 0.29882696490115845
9 646.0 0.0 -1.0 -1.0 -1.0 0.0 0.35563681206922515 0.33067034992386174 0.31369283800691306
9 647.0 0.0 -1.0 -1.0 -1.0 0.0 0.349634744254801 0.3245029858930881 0.32586226985211086
9 648.0 0.0 -1.0 -1.0 -1.0 0.0 0.3442893251135757 0.3408600869793245 0.31485058790709974
9 649.0 0.0 -1.0 -1.0 -1.0 0.0 0.3065978117634274 0.34153284714534915 0.35186934109122353
9 650.0 0.0 -1.0 -1.0 -1.0 0.0 0.3240700075471995 0.3402744108557762 0.3356555815970242
9 651.0 0.0 -1.0 -1.0 -1.0 0.0 0.3253448851405985 0.34143462806643304 0.33322048679296834
9 652.0 0.0 -1.0 -1.0 -1.0 0.0 0.33524276872802916 0.33962275190687186 0.325134479365099
9 653.0 0.0 -1.0 -1.0 -1.0 0.0 0.33966387651440505 0.3296575110038865 0.33067861248170827
9 654.0 0.0 -1.0 -1.0 -1.0 0.0 0.35082380047271544 0.3255814472357939 0.32359475229149043
9 655.0 0.0 -1.0 -1.0 -1.0 0.0 0.3296144365206572 0.31538125906508846 0.35500430441425435
9 656.0 0.0 -1.0 -1.0 -1.0 0.0 0.31122302002316415 0.31705777408431 0.3717192058925257
9 657.0 0.0 -1.0 -1.0 -1.0 0.0 0.32420339650277596 0.3069714465788347 0.36882515691838896
9 658.0 0.0 -1.0 -1.0 -1.0 0.0 0.3040319729314481 0.3317630376258681 0.3642049894426838
9 659.0 0.0 -1.0 -1.0 -1.0 0.0 0.3271003302271099 0.34885179627984775 0.3240478734930425
9 660.0 0.0 -1.0 -1.0 -1.0 0.0 0.33135032784845536 0.3501590611517028 0.31849061099984183
9 661.0 0.0 -1.0 -1.0 -1.0 0.0 0.3358925989328941 0.3220139003300398 0.34209350073706607
9 662.0 0.0 -1.0 -1.0 -1.0 0.0 0.3537169671268404 0.3288972499757773 0.31738578289738234
9 663.0 0.0 -1.0 -1.0 -1.0 0.0 0.35364254030876524 0.33111886138603885 0.3152385983051958
9 664.0 0.0 -1.0 -1.0 -1.0 0.0 0.3531947416360079 0.3026413439242107 0.34416391443978145
9 665.0 0.0 -1.0 -1.0 -1.0 0.0 0.3580783196028795 0.31188312164570026 0.3300385587514203
9 666.0 0.0 -1.0 -1.0 -1.0 0.0 0.3498735768559314 0.296190274552603 0.35393614859146566
9 667.0 0.0 -1.0 -1.0 -1.0 0.0 0.3287949786884346 0.3215377449110603 0.3496672764005054
9 668.0 0.0 -1.0 -1.0 -1.0 0.0 0.31261094066362 0.33733587349595423 0.35005318584042583
9 669.0 0.0 -1.0 -1.0 -1.0 0.0 0.3375243392376933 0.323455639320267 0.3390200214420396
9 670.0 0.0 -1.0 -1.0 -1.0 0.0 0.3574187149562161 0.31280088777074544 0.32978039727303865
9 671.0 0.0 -1.0 -1.0 -1.0 0.0 0.3422303449859703 0.32006614657472704 0.3377035084393025
9 672.0 0.0 -1.0 -1.0 -1.0 0.0 0.3604320791415777 0.34068794715518436 0.2988799737032381
9 673.0 0.0 -1.0 -1.0 -1.0 0.0 0.3450611432109737 0.34191256807045844 0.31302628871856764
9 674.0 0.0 -1.0 -1.0 -1.0 0.0 0.35146079229949323 0.35179457228856287 0.296744635411944
9 675.0 0.0 -1.0 -1.0 -1.0 0.0 0.3314205949337739 0.3503701613876191 0.3182092436786068
9 676.0 0.0 -1.0 -1.0 -1.0 0.0 0.3589258211456876 0.33168857507614 0.30938560377817254
9 677.0 0.0 -1.0 -1.0 -1.0 0.0 0.36920523738277167 0.31754411434122554 0.31325064827600285
9 678.0 0.0 -1.0 -1.0 -1.0 0.0 0.3660731877576495 0.3158493358812668 0.31807747636108374
9 679.0 0.0 -1.0 -1.0 -1.0 0.0 0.37787892252492705 0.3155306667353819 0.306590410739691
9 680.0 0.0 -1.0 -1.0 -1.0 0.0 0.3740588545772889 0.3121778171973215 0.3137633282253897
9 681.0 0.0 -1.0 -1.0 -1.0 0.0 0.3378662678887824 0.33415246870370624 0.3279812634075114
9 682.0 0.0 -1.0 -1.0 -1.0 0.0 0.347652387039848 0.3272207613246599 0.32512685163549226
9 683.0 0.0 -1.0 -1.0 -1.0 0.0 0.34901390906485474 0.32367326793362977 0.32731282300151565
9 684.0 0.0 -1.0 -1.0 -1.0 0.0 0.3246565663750558 0.35103276475625056 0.32431066886869353
9 685.0 0.0 -1.0 -1.0 -1.0 0.0 0.31530452819176835 0.35522996504704546 0.32946550676118624
9 686.0 0.0 -1.0 -1.0 -1.0 0.0 0.3408556792149222 0.320564552697509 0.3385797680875692
9 687.0 0.0 -1.0 -1.0 -1.0 0.0 0.3441056475799163 0.31615624198196246 0.33973811043812124
9 688.0 0.0 -1.0 -1.0 -1.0 0.0 0.34288353410938166 0.31986732807329726 0.33724913781732113
9 689.0 0.0 -1.0 -1.0 -1.0 0.0 0.3308330740093157 0.3631409459199798 0.30602598007070436
9 690.0 0.0 -1.0 -1.0 -1.0 0.0 0.3158217048197576 0.36652097575073733 0.31765731942950515
9 691.0 0.0 -1.0 -1.0 -1.0 0.0 0.318504610800362 0.3618909832428087 0.3196044059568294
9 692.0 0.0 -1.0 -1.0 -1.0 0.0 0.3107012059818045 0.37050830664048107 0.3187904873777144
9 693.0 0.0 -1.0 -1.0 -1.0 0.0 0.3291663036987789 0.3586822458160784 0.31215145048514237
9 694.0 0.0 -1.0 -1.0 -1.0 0.0 0.33861947783023083 0.35911090964084963 0.3022696125289195
9 695.0 0.0 -1.0 -1.0 -1.0 0.0 0.31845340467517297 0.3497338425361976 0.33181275278862954
9 696.0 0.0 -1.0 -1.0 -1.0 0.0 0.30772873065824075 0.36760561841248374 0.32466565092927546
9 697.0 0.0 -1.0 -1.0 -1.0 0.0 0.30396644923742355 0.3622437583919536 0.3337897923706226
9 698.0 0.0 -1.0 -1.0 -1.0 0.0 0.31340666729715166 0.34633660013176326 0.340256732571085
9 699.0 0.0 -1.0 -1.0 -1.0 0.0 0.3008148649174545 0.3444644828954487 0.35472065218709664
9 700.0 0.0 -1.0 -1.0 -1.0 0.0 0.3060419786355015 0.3423747991261294 0.35158322223836913
9 701.0 0.0 -1.0 -1.0 -1.0 0.0 0.3235557430704341 0.3331796666210886 0.3432645903084773
9 702.0 0.0 -1.0 -1.0 -1.0 0.0 0.3190011110640449 0.3497066757422606 0.33129221319369473
9 703.0 0.0 -1.0 -1.0 -1.0 0.0 0.3142638642995023 0.339734183292152 0.3460019524083455
9 704.0 0.0 -1.0 -1.0 -1.0 0.0 0.30788769969135626 0.3544819080798428 0.3376303922288008
9 705.0 0.0 -1.0 -1.0 -1.0 0.0 0.33094435601840727 0.3519951348576067 0.317060509123986
9 706.0 0.0 -1.0 -1.0 -1.0 0.0 0.3320516436825651 0.34039110608334383 0.3275572502340911
9 707.0 0.0 -1.0 -1.0 -1.0 0.0 0.3715373549916564 0.3430745704470639 0.2853880745612798
9 708.0 0.0 -1.0 -1.0 -1.0 0.0 0.32598961847058894 0.3582201087448534 0.31579027278455774
9 709.0 0.0 -1.0 -1.0 -1.0 0.0 0.3201560031150698 0.37447474193277536 0.3053692549521546
9 710.0 0.0 -1.0 -1.0 -1.0 0.0 0.31178306203945216 0.39144888533014355 0.2967680526304043
9 711.0 0.0 -1.0 -1.0 -1.0 0.0 0.29113868200737797 0.4086229359351561 0.3002383820574662
9 712.0 0.0 -1.0 -1.0 -1.0 0.0 0.3145568907535962 0.4100926210636716 0.2753504881827322
9 713.0 0.0 -1.0 -1.0 -1.0 0.0 0.30578429989929634 0.40025371969497825 0.2939619804057252
9 714.0 0.0 -1.0 -1.0 -1.0 0.0 0.314096943889592 0.37173910886463746 0.31416394724577074
9 715.0 0.0 -1.0 -1.0 -1.0 0.0 0.30105710642045713 0.38736526784794 0.311577625731603
9 716.0 0.0 -1.0 -1.0 -1.0 0.0 0.30971481716453975 0.370608877668795 0.31967630516666523
9 717.0 0.0 -1.0 -1.0 -1.0 0.0 0.3086271273097172 0.38731381196486064 0.30405906072542194
9 718.0 0.0 -1.0 -1.0 -1.0 0.0 0.3057593081408116 0.3795231152829105 0.31471757657627797
9 719.0 0.0 -1.0 -1.0 -1.0 0.0 0.32540012192428136 0.3528157381015211 0.3217841399741977
9 720.0 0.0 -1.0 -1.0 -1.0 0.0 0.34015007767755995 0.3450614102479056 0.3147885120745343
9 721.0 0.0 -1.0 -1.0 -1.0 0.0 0.3329727886560596 0.33919916297017033 0.32782804837377016
9 722.0 0.0 -1.0 -1.0 -1.0 0.0 0.3295300515816749 0.32142215356977194 0.3490477948485532
9 723.0 0.0 -1.0 -1.0 -1.0 0.0 0.3473481254782617 0.32910862899523413 0.3235432455265041
9 724.0 0.0 -1.0 -1.0 -1.0 0.0 0.34520258629242584 0.31352827495432495 0.34126913875324916
9 725.0 0.0 -1.0 -1.0 -1.0 0.0 0.3429487284891786 0.305672327934516 0.3513789435763053
9 726.0 0.0 -1.0 -1.0 -1.0 0.0 0.34114950900532925 0.30222329553950095 0.35662719545517
9 727.0 0.0 -1.0 -1.0 -1.0 0.0 0.3167212530846863 0.2900596358821243 0.3932191110331894
9 728.0 0.0 -1.0 -1.0 -1.0 0.0 0.33989860596643257 0.3127677673908578 0.34733362664270934
9 729.0 0.0 -1.0 -1.0 -1.0 0.0 0.3537417563777831 0.3162205076217318 0.3300377360004854
9 730.0 0.0 -1.0 -1.0 -1.0 0.0 0.34235862386084015 0.3168680612574356 0.34077331488172424
9 731.0 0.0 -1.0 -1.0 -1.0 0.0 0.3258854954412416 0.3381592954082727 0.3359552091504853
9 732.0 0.0 -1.0 -1.0 -1.0 0.0 0.32241416103122916 0.32813862585600895 0.3494472131127619
9 733.0 0.0 -1.0 -1.0 -1.0 0.0 0.3294278641213173 0.3231330594403737 0.3474390764383088
9 734.0 0.0 -1.0 -1.0 -1.0 0.0 0.3338115272467088 0.3333330049968168 0.33285546775647396
9 735.0 0.0 -1.0 -1.0 -1.0 0.0 0.3017606971713532 0.36761570687117007 0.3306235959574768
9 736.0 0.0 -1.0 -1.0 -1.0 0.0 0.3159908351512951 0.37084732340955 0.3131618414391551
9 737.0 0.0 -1.0 -1.0 -1.0 0.0 0.3144721379131775 0.3854747801225236 0.30005308196429903
9 738.0 0.0 -1.0 -1.0 -1.0 0.0 0.29798508755910896 0.3957188078388645 0.3062961046020265
9 739.0 0.0 -1.0 -1.0 -1.0 0.0 0.31032983582295864 0.3804627698404075 0.309207394336634
9 740.0 0.0 -1.0 -1.0 -1.0 0.0 0.3326328750255433 0.39327658232326945 0.27409054265118715
9 741.0 0.0 -1.0 -1.0 -1.0 0.0 0.36449602971903006 0.36570140796404055 0.26980256231692945
9 742.0 0.0 -1.0 -1.0 -1.0 0.0 0.34046122042114996 0.373424158965957 0.28611462061289317
9 743.0 0.0 -1.0 -1.0 -1.0 0.0 0.31743548968195534 0.36491969790828443 0.31764481240976034
9 744.0 0.0 -1.0 -1.0 -1.0 0.0 0.322991060690611 0.3747333352396599 0.3022756040697291
9 745.0 0.0 -1.0 -1.0 -1.0 0.0 0.2992984743109874 0.3656341431046188 0.3350673825843939
9 746.0 0.0 -1.0 -1.0 -1.0 0.0 0.3087565187761767 0.3623115730626359 0.32893190816118767
9 747.0 0.0 -1.0 -1.0 -1.0 0.0 0.3146725005654149 0.36652300566202717 0.31880449377255793
9 748.0 0.0 -1.0 -1.0 -1.0 0.0 0.3316800191653931 0.3424440960867752 0.32587588474783175
9 749.0 0.0 -1.0 -1.0 -1.0 0.0 0.3594485214038199 0.32350221447842437 0.3170492641177556
9 750.0 0.0 -1.0 -1.0 -1.0 0.0 0.3591393856982977 0.32761051868613417 0.31325009561556816
9 751.0 0.0 -1.0 -1.0 -1.0 0.0 0.3568201493000574 0.31694362425507366 0.3262362264448689
9 752.0 0.0 -1.0 -1.0 -1.0 0.0 0.37251283646888955 0.3170164028848822 0.31047076064622836
9 753.0 0.0 -1.0 -1.0 -1.0 0.0 0.3572883639405735 0.3135299566321408 0.32918167942728543
9 754.0 0.0 -1.0 -1.0 -1.0 0.0 0.35788182588641065 0.3118204635301874 0.33029771058340196
9 755.0 0.0 -1.0 -1.0 -1.0 0.0 0.3672065165859181 0.3183266218393969 0.314466861574685
9 756.0 0.0 -1.0 -1.0 -1.0 0.0 0.33949580551610603 0.33266131677982247 0.32784287770407144
9 757.0 0.0 -1.0 -1.0 -1.0 0.0 0.3282658682230275 0.3493054309089551 0.32242870086801767
9 758.0 0.0 -1.0 -1.0 -1.0 0.0 0.34218655370194406 0.3495202323823996 0.30829321391565623
9 759.0 0.0 -1.0 -1.0 -1.0 0.0 0.3528535827771719 0.34543436027902447 0.3017120569438035
9 760.0 0.0 -1.0 -1.0 -1.0 0.0 0.3511461508259996 0.3417982168758236 0.3070556322981768
9 761.0 0.0 -1.0 -1.0 -1.0 0.0 0.33801268158500386 0.3494754976698792 0.31251182074511685
9 762.0 0.0 -1.0 -1.0 -1.0 0.0 0.36909290074978635 0.3207201825694018 0.31018691668081183
9 763.0 0.0 -1.0 -1.0 -1.0 0.0 0.3528443627925389 0.29918508638948405 0.347970550817977
9 764.0 0.0 -1.0 -1.0 -1.0 0.0 0.3644302714488136 0.3286215214480351 0.3069482071031511
9 765.0 0.0 -1.0 -1.0 -1.0 0.0 0.34723360406448045 0.326764147514549 0.3260022484209705
9 766.0 0.0 -1.0 -1.0 -1.0 0.0 0.3507113579321466 0.31894294231434084 0.33034569975351247
9 767.0 0.0 -1.0 -1.0 -1.0 0.0 0.3585584296584463 0.3038397422448535 0.3376018280966999
9 768.0 0.0 -1.0 -1.0 -1.0 0.0 0.3435434133726936 0.3154557004121059 0.3410008862152004
9 769.0 0.0 -1.0 -1.0 -1.0 0.0 0.34391229783125565 0.31338390938050376 0.34270379278824076
9 770.0 0.0 -1.0 -1.0 -1.0 0.0 0.32255826299528745 0.36364924759211115 0.31379248941260135
9 771.0 0.0 -1.0 -1.0 -1.0 0.0 0.34739383450137046 0.33842066794397724 0.3141854975546524
9 772.0 0.0 -1.0 -1.0 -1.0 0.0 0.3702756077066136 0.3424933878827161 0.2872310044106708
9 773.0 0.0 -1.0 -1.0 -1.0 0.0 0.3527791671715819 0.33090607071394024 0.31631476211447773
9 774.0 0.0 -1.0 -1.0 -1.0 0.0 0.3365649325538933 0.35462828161765503 0.3088067858284519
9 775.0 0.0 -1.0 -1.0 -1.0 0.0 0.321673423436853 0.34831985678722144 0.3300067197759254
9 776.0 0.0 -1.0 -1.0 -1.0 0.0 0.3109082922012383 0.34427615128145744 0.34481555651730417
9 777.0 0.0 -1.0 -1.0 -1.0 0.0 0.3014200423733855 0.3462826063429961 0.3522973512836185
9 778.0 0.0 -1.0 -1.0 -1.0 0.0 0.3070202322624837 0.361177447678198 0.33180232005931837
9 779.0 0.0 -1.0 -1.0 -1.0 0.0 0.31108400795304947 0.36675834425219833 0.3221576477947526
9 780.0 0.0 -1.0 -1.0 -1.0 0.0 0.3376700130390005 0.346303396291584 0.3160265906694157
9 781.0 0.0 -1.0 -1.0 -1.0 0.0 0.31883818542131626 0.3490289345714787 0.332132880007205
9 782.0 0.0 -1.0 -1.0 -1.0 0.0 0.3146964991120011 0.3686038687004082 0.3166996321875907
9 783.0 0.0 -1.0 -1.0 -1.0 0.0 0.330188491891405 0.35213763977954726 0.31767386832904754
9 784.0 0.0 -1.0 -1.0 -1.0 0.0 0.3178384888955895 0.36969672305633466 0.3124647880480758
9 785.0 0.0 -1.0 -1.0 -1.0 0.0 0.3017949564815959 0.377279309402501 0.32092573411590336
9 786.0 0.0 -1.0 -1.0 -1.0 0.0 0.3121190141217431 0.34971693390885505 0.33816405196940175
9 787.0 0.0 -1.0 -1.0 -1.0 0.0 0.3491672340230638 0.3335736026793929 0.3172591632975431
9 788.0 0.0 -1.0 -1.0 -1.0 0.0 0.33137895922446037 0.35447398923112255 0.31414705154441724
9 789.0 0.0 -1.0 -1.0 -1.0 0.0 0.35643734363431084 0.31660133308221194 0.3269613232834771
9 790.0 0.0 -1.0 -1.0 -1.0 0.0 0.37602221429339006 0.2985125189405 0.32546526676610976
9 791.0 0.0 -1.0 -1.0 -1.0 0.0 0.34548708294317315 0.33341543990357186 0.321097477153255
9 792.0 0.0 -1.0 -1.0 -1.0 0.0 0.3496208803349395 0.3222511503572165 0.3281279693078439
9 793.0 0.0 -1.0 -1.0 -1.0 0.0 0.3726110884194926 0.3083602114559802 0.31902870012452733
9 794.0 0.0 -1.0 -1.0 -1.0 0.0 0.37455149200577303 0.3013925003738227 0.32405600762040426
9 795.0 0.0 -1.0 -1.0 -1.0 0.0 0.3640668442479356 0.3252522621783392 0.31068089357372514
9 796.0 0.0 -1.0 -1.0 -1.0 0.0 0.37725609969376506 0.30463394638162067 0.31810995392461433
9 797.0 0.0 -1.0 -1.0 -1.0 0.0 0.3491718852867798 0.3189433196208144 0.33188479509240587
9 798.0 0.0 -1.0 -1.0 -1.0 0.0 0.347664882488589 0.3111483307420796 0.34118678676933123
9 799.0 0.0 -1.0 -1.0 -1.0 0.0 0.34506249129155736 0.3398410019791314 0.3150965067293113
9 800.0 0.0 -1.0 -1.0 -1.0 0.0 0.3567175891237779 0.32245573389726223 0.32082667697895956
9 801.0 0.0 -1.0 -1.0 -1.0 0.0 0.3602055870835227 0.3181542000686742 0.32164021284780325
9 802.0 0.0 -1.0 -1.0 -1.0 0.0 0.3510943071011052 0.3191678468800832 0.32973784601881184
9 803.0 0.0 -1.0 -1.0 -1.0 0.0 0.3545903648798505 0.3217187739729826 0.3236908611471668
9 804.0 0.0 -1.0 -1.0 -1.0 0.0 0.36070391183205325 0.31403663213662697 0.3252594560313199
9 805.0 0.0 -1.0 -1.0 -1.0 0.0 0.38437855831749274 0.2651217965770968 0.35049964510541054
9 806.0 0.0 -1.0 -1.0 -1.0 0.0 0.354449782087071 0.28166623828600357 0.36388397962692565
9 807.0 0.0 -1.0 -1.0 -1.0 0.0 0.34942488527936527 0.27573539887061677 0.37483971585001813
9 808.0 0.0 -1.0 -1.0 -1.0 0.0 0.3496900955359454 0.28584292791362764 0.3644669765504269
9 809.0 0.0 -1.0 -1.0 -1.0 0.0 0.36700531124321456 0.2855385944223603 0.34745609433442526
9 810.0 0.0 -1.0 -1.0 -1.0 0.0 0.3750552211649837 0.27940104733565385 0.34554373149936274
9 811.0 0.0 -1.0 -1.0 -1.0 0.0 0.3330376223842697 0.3158574310766056 0.35110494653912483
9 812.0 0.0 -1.0 -1.0 -1.0 0.0 0.35598844874672336 0.32235113125787074 0.32166041999540584
9 813.0 0.0 -1.0 -1.0 -1.0 0.0 0.34776240752623594 0.3305466623109454 0.3216909301628186
9 814.0 0.0 -1.0 -1.0 -1.0 0.0 0.3473538814881529 0.29714585436130536 0.35550026415054176
9 815.0 0.0 -1.0 -1.0 -1.0 0.0 0.3380549934956816 0.3053770618666768 0.35656794463764163
9 816.0 0.0 -1.0 -1.0 -1.0 0.0 0.3232203505410475 0.319752603909568 0.3570270455493844
9 817.0 0.0 -1.0 -1.0 -1.0 0.0 0.31708147406433307 0.3456276843986123 0.33729084153705435
9 818.0 0.0 -1.0 -1.0 -1.0 0.0 0.3265502245746944 0.325311024419662 0.34813875100564345
9 819.0 0.0 -1.0 -1.0 -1.0 0.0 0.31717368163544274 0.30664975904450187 0.3761765593200554
9 820.0 0.0 -1.0 -1.0 -1.0 0.0 0.34623091629345304 0.3004187948470461 0.3533502888595008
9 821.0 0.0 -1.0 -1.0 -1.0 0.0 0.34404051484840864 0.3184022750574894 0.3375572100941019
9 822.0 0.0 -1.0 -1.0 -1.0 0.0 0.3559190811614228 0.2903954745941462 0.3536854442444308
9 823.0 0.0 -1.0 -1.0 -1.0 0.0 0.3535559093122925 0.3117115729351932 0.3347325177525143
9 824.0 0.0 -1.0 -1.0 -1.0 0.0 0.3471609822334459 0.32984523207410954 0.3229937856924445
9 825.0 0.0 -1.0 -1.0 -1.0 0.0 0.3217653375354165 0.3313221732235093 0.34691248924107426
9 826.0 0.0 -1.0 -1.0 -1.0 0.0 0.3321697133317701 0.3220967600353331 0.3457335266328967
9 827.0 0.0 -1.0 -1.0 -1.0 0.0 0.3443580264384975 0.3262856389452851 0.3293563346162177
9 828.0 0.0 -1.0 -1.0 -1.0 0.0 0.34000710791969735 0.30910821528462834 0.3508846767956743
9 829.0 0.0 -1.0 -1.0 -1.0 0.0 0.35596347300973136 0.31112904114945816 0.33290748584081087
9 830.0 0.0 -1.0 -1.0 -1.0 0.0 0.35893584972616566 0.3011916548634931 0.33987249541034115
9 831.0 0.0 -1.0 -1.0 -1.0 0.0 0.3261438933117582 0.3119454496014443 0.3619106570867977
9 832.0 0.0 -1.0 -1.0 -1.0 0.0 0.2979357258158611 0.3617186590408304 0.3403456151433088
9 833.0 0.0 -1.0 -1.0 -1.0 0.0 0.3163478454705054 0.3317365305473843 0.35191562398211035
9 834.0 0.0 -1.0 -1.0 -1.0 0.0 0.3150661186342766 0.35114631762597176 0.33378756373975177
9 835.0 0.0 -1.0 -1.0 -1.0 0.0 0.29173890395593355 0.34847633418432766 0.3597847618597389
9 836.0 0.0 -1.0 -1.0 -1.0 0.0 0.28879416432982397 0.3255717714990962 0.38563406417107976
9 837.0 0.0 -1.0 -1.0 -1.0 0.0 0.3045791313152016 0.31533233160858426 0.3800885370762143
9 838.0 0.0 -1.0 -1.0 -1.0 0.0 0.28786776224535215 0.3137322503046452 0.3983999874500025
9 839.0 0.0 -1.0 -1.0 -1.0 0.0 0.32744853735885326 0.31868998061908416 0.3538614820220626
9 840.0 0.0 -1.0 -1.0 -1.0 0.0 0.3055171826821846 0.32248868964343125 0.37199412767438417
9 841.0 0.0 -1.0 -1.0 -1.0 0.0 0.30318276569777286 0.33173708711860966 0.3650801471836175
9 842.0 0.0 -1.0 -1.0 -1.0 0.0 0.32577379586895006 0.3348397649140166 0.3393864392170331
9 843.0 0.0 -1.0 -1.0 -1.0 0.0 0.3184517921488994 0.3328337830782308 0.34871442477286985
9 844.0 0.0 -1.0 -1.0 -1.0 0.0 0.30973282637827165 0.3415701904298698 0.3486969831918587
9 845.0 0.0 -1.0 -1.0 -1.0 0.0 0.31659693512589465 0.3261430689406112 0.3572599959334943
9 846.0 0.0 -1.0 -1.0 -1.0 0.0 0.32605034079068124 0.32944083695962045 0.3445088222496985
9 847.0 0.0 -1.0 -1.0 -1.0 0.0 0.345659816230051 0.3057563244869243 0.34858385928302454
9 848.0 0.0 -1.0 -1.0 -1.0 0.0 0.33465185404889974 0.3111067772961963 0.3542413686549042
9 849.0 0.0 -1.0 -1.0 -1.0 0.0 0.3627183836454486 0.32436974487765835 0.31291187147689303
9 850.0 0.0 -1.0 -1.0 -1.0 0.0 0.36017522736499047 0.33312812963559046 0.30669664299941896
9 851.0 0.0 -1.0 -1.0 -1.0 0.0 0.3572477808171748 0.32962846847951616 0.3131237507033089
9 852.0 0.0 -1.0 -1.0 -1.0 0.0 0.35416439127465 0.3333856019420368 0.3124500067833135
9 853.0 0.0 -1.0 -1.0 -1.0 0.0 0.34671595831860047 0.32641701478175056 0.3268670268996488
9 854.0 0.0 -1.0 -1.0 -1.0 0.0 0.32834215323177174 0.3492032007091392 0.32245464605908913
9 855.0 0.0 -1.0 -1.0 -1.0 0.0 0.34230112841712285 0.3346400956000492 0.3230587759828279
9 856.0 0.0 -1.0 -1.0 -1.0 0.0 0.35371201238835426 0.33133860969977497 0.31494937791187083
9 857.0 0.0 -1.0 -1.0 -1.0 0.0 0.33925366943599855 0.33323326990825813 0.3275130606557431
9 858.0 0.0 -1.0 -1.0 -1.0 0.0 0.3430932629214778 0.3518960934971486 0.30501064358137353
9 859.0 0.0 -1.0 -1.0 -1.0 0.0 0.35088611851617885 0.33414991897209456 0.31496396251172665
9 860.0 0.0 -1.0 -1.0 -1.0 0.0 0.3329061853900202 0.3455748145628926 0.321519000047087
9 861.0 0.0 -1.0 -1.0 -1.0 0.0 0.3600765612045337 0.3444580980770511 0.29546534071841507
9 862.0 0.0 -1.0 -1.0 -1.0 0.0 0.36711657950051574 0.3328899669510361 0.299993453548448
9 863.0 0.0 -1.0 -1.0 -1.0 0.0 0.35460162126502853 0.32606742926047444 0.3193309494744971
9 864.0 0.0 -1.0 -1.0 -1.0 0.0 0.32055505226427544 0.34618733786671496 0.3332576098690098
9 865.0 0.0 -1.0 -1.0 -1.0 0.0 0.3333751820499022 0.3423554908436858 0.32426932710641176
9 866.0 0.0 -1.0 -1.0 -1.0 0.0 0.3473293612245742 0.33983805856962074 0.31283258020580507
9 867.0 0.0 -1.0 -1.0 -1.0 0.0 0.31720279497585485 0.3549745520287193 0.327822652995426
9 868.0 0.0 -1.0 -1.0 -1.0 0.0 0.32366013819249745 0.3440124487633371 0.3323274130441655
9 869.0 0.0 -1.0 -1.0 -1.0 0.0 0.3201873827281897 0.35127681169438757 0.3285358055774228
9 870.0 0.0 -1.0 -1.0 -1.0 0.0 0.3393369813984548 0.3388260412635845 0.32183697733796074
9 871.0 0.0 -1.0 -1.0 -1.0 0.0 0.3364565559495097 0.3580500348714418 0.30549340917904844
9 872.0 0.0 -1.0 -1.0 -1.0 0.0 0.3436619261719246 0.3680090206413572 0.288329053186718
9 873.0 0.0 -1.0 -1.0 -1.0 0.0 0.3430287207601357 0.36273408603708107 0.2942371932027832
9 874.0 0.0 -1.0 -1.0 -1.0 0.0 0.34115221260441453 0.35988809655911635 0.2989596908364695
9 875.0 0.0 -1.0 -1.0 -1.0 0.0 0.34637263873305557 0.3547033551856886 0.2989240060812558
9 876.0 0.0 -1.0 -1.0 -1.0 0.0 0.3527803981621034 0.34888731391241007 0.2983322879254867
9 877.0 0.0 -1.0 -1.0 -1.0 0.0 0.3390546621183422 0.33757603554295607 0.32336930233870154
9 878.0 0.0 -1.0 -1.0 -1.0 0.0 0.3587154634498344 0.3257633019683268 0.31552123458183867
9 879.0 0.0 -1.0 -1.0 -1.0 0.0 0.35714046913202685 0.33123680515321274 0.31162272571476024
9 880.0 0.0 -1.0 -1.0 -1.0 0.0 0.3796260144067181 0.3126674481170235 0.3077065374762584
9 881.0 0.0 -1.0 -1.0 -1.0 0.0 0.3607681855527116 0.3366776838944543 0.3025541305528341
9 882.0 0.0 -1.0 -1.0 -1.0 0.0 0.351097028400751 0.35341410246095734 0.2954888691382918
9 883.0 0.0 -1.0 -1.0 -1.0 0.0 0.345938831913911 0.35151466282367594 0.3025465052624131
9 884.0 0.0 -1.0 -1.0 -1.0 0.0 0.32945700009998247 0.380085216052466 0.2904577838475515
9 885.0 0.0 -1.0 -1.0 -1.0 0.0 0.34757784743266706 0.3606731432251674 0.29174900934216536
9 886.0 0.0 -1.0 -1.0 -1.0 0.0 0.3439744251398736 0.34020639572763406 0.3158191791324924
9 887.0 0.0 -1.0 -1.0 -1.0 0.0 0.3316077004106758 0.33451827318038807 0.33387402640893576
9 888.0 0.0 -1.0 -1.0 -1.0 0.0 0.3148694995025278 0.3571480709280659 0.32798242956940626
9 889.0 0.0 -1.0 -1.0 -1.0 0.0 0.3100894691181751 0.3492661566788906 0.34064437420293425
9 890.0 0.0 -1.0 -1.0 -1.0 0.0 0.29996838330748526 0.3344008376390377 0.365630779053477
9 891.0 0.0 -1.0 -1.0 -1.0 0.0 0.29872086448966184 0.34614125883530283 0.35513787667503527
9 892.0 0.0 -1.0 -1.0 -1.0 0.0 0.3235501868581517 0.33182550509240927 0.344624308049439
9 893.0 0.0 -1.0 -1.0 -1.0 0.0 0.3286935714726544 0.3261575140185996 0.34514891450874613
9 894.0 0.0 -1.0 -1.0 -1.0 0.0 0.33439819072416666 0.3299601128143661 0.33564169646146724
9 895.0 0.0 -1.0 -1.0 -1.0 0.0 0.3385139144322988 0.31918402494709014 0.3423020606206111
9 896.0 0.0 -1.0 -1.0 -1.0 0.0 0.33697997379498396 0.3387702472570899 0.32424977894792606
9 897.0 0.0 -1.0 -1.0 -1.0 0.0 0.32170133947517326 0.34214055800942356 0.3361581025154032
9 898.0 0.0 -1.0 -1.0 -1.0 0.0 0.3249747060139987 0.33967020243260876 0.33535509155339244
9 899.0 0.0 -1.0 -1.0 -1.0 0.0 0.34341835250203867 0.32388549915043036 0.3326961483475311
9 900.0 0.0 -1.0 -1.0 -1.0 0.0 0.31911063929499534 0.33912536711962427 0.3417639935853805
9 901.0 0.0 -1.0 -1.0 -1.0 0.0 0.31714300246599153 0.3450387140042242 0.3378182835297845
9 902.0 0.0 -1.0 -1.0 -1.0 0.0 0.34580903420087666 0.31362846374884085 0.3405625020502825
9 903.0 0.0 -1.0 -1.0 -1.0 0.0 0.31960277033948453 0.3113925672059341 0.3690046624545815
9 904.0 0.0 -1.0 -1.0 -1.0 0.0 0.31280291093097956 0.2990266233074114 0.38817046576160896
9 905.0 0.0 -1.0 -1.0 -1.0 0.0 0.3052224331735258 0.336331624792105 0.3584459420343694
9 906.0 0.0 -1.0 -1.0 -1.0 0.0 0.28593406983658765 0.34783249673818445 0.3662334334252282
9 907.0 0.0 -1.0 -1.0 -1.0 0.0 0.286024750204828 0.34433772906774496 0.36963752072742706
9 908.0 0.0 -1.0 -1.0 -1.0 0.0 0.3114080190638735 0.33204359987073645 0.3565483810653902
9 909.0 0.0 -1.0 -1.0 -1.0 0.0 0.3492659999099839 0.31121887823520183 0.33951512185481414
9 910.0 0.0 -1.0 -1.0 -1.0 0.0 0.33512725128809984 0.33377036798154497 0.3311023807303552
9 911.0 0.0 -1.0 -1.0 -1.0 0.0 0.29586309159187735 0.3317806466427915 0.37235626176533154
9 912.0 0.0 -1.0 -1.0 -1.0 0.0 0.27722688595793743 0.36294383519096113 0.35982927885110155
9 913.0 0.0 -1.0 -1.0 -1.0 0.0 0.2641174894369901 0.3722429993087715 0.3636395112542384
9 914.0 0.0 -1.0 -1.0 -1.0 0.0 0.30711031194679494 0.3803026731513184 0.3125870149018866
9 915.0 0.0 -1.0 -1.0 -1.0 0.0 0.345918096399652 0.3626038148881067 0.2914780887122412
9 916.0 0.0 -1.0 -1.0 -1.0 0.0 0.36129519699678136 0.3410330862892566 0.29767171671396203
9 917.0 0.0 -1.0 -1.0 -1.0 0.0 0.3651080852466286 0.3294342363596392 0.3054576783937323
9 918.0 0.0 -1.0 -1.0 -1.0 0.0 0.37180940011986274 0.331213973905423 0.29697662597471414
9 919.0 0.0 -1.0 -1.0 -1.0 0.0 0.3584453238021186 0.3220856389518319 0.3194690372460497
9 920.0 0.0 -1.0 -1.0 -1.0 0.0 0.3760486384216923 0.3094342206969641 0.3145171408813437
9 921.0 0.0 -1.0 -1.0 -1.0 0.0 0.36552261775084127 0.322438057180829 0.3120393250683298
9 922.0 0.0 -1.0 -1.0 -1.0 0.0 0.35656363159937904 0.32000462090233944 0.32343174749828146
9 923.0 0.0 -1.0 -1.0 -1.0 0.0 0.3370515902756586 0.3249133694153163 0.33803504030902537
9 924.0 0.0 -1.0 -1.0 -1.0 0.0 0.3380734065142617 0.35230133447453854 0.30962525901119947
9 925.0 0.0 -1.0 -1.0 -1.0 0.0 0.3659801679262929 0.3110731888557833 0.32294664321792366
9 926.0 0.0 -1.0 -1.0 -1.0 0.0 0.33276937566591946 0.3312764917087209 0.3359541326253597
9 927.0 0.0 -1.0 -1.0 -1.0 0.0 0.3279679044533728 0.33507858605916524 0.33695350948746206
9 928.0 0.0 -1.0 -1.0 -1.0 0.0 0.33436979200806993 0.34191840951131725 0.3237117984806128
9 929.0 0.0 -1.0 -1.0 -1.0 0.0 0.34247488263917863 0.3286421594454226 0.32888295791539895
9 930.0 0.0 -1.0 -1.0 -1.0 0.0 0.34015645766664826 0.3126248868559178 0.3472186554774339
9 931.0 0.0 -1.0 -1.0 -1.0 0.0 0.3604267078542952 0.2872493782326897 0.35232391391301526
9 932.0 0.0 -1.0 -1.0 -1.0 0.0 0.36981422239456435 0.283571387836831 0.34661438976860487
9 933.0 0.0 -1.0 -1.0 -1.0 0.0 0.3570595410558095 0.29530903546659265 0.3476314234775979
9 934.0 0.0 -1.0 -1.0 -1.0 0.0 0.3533786842575806 0.33500099911407333 0.311620316628346
9 935.0 0.0 -1.0 -1.0 -1.0 0.0 0.3339195616767752 0.3590393885254418 0.3070410497977827
9 936.0 0.0 -1.0 -1.0 -1.0 0.0 0.318090741718706 0.3724971625643013 0.3094120957169924
9 937.0 0.0 -1.0 -1.0 -1.0 0.0 0.3427539280593697 0.3415163166727617 0.3157297552678682
9 938.0 0.0 -1.0 -1.0 -1.0 0.0 0.33479560391163526 0.3501407111330064 0.31506368495535864
9 939.0 0.0 -1.0 -1.0 -1.0 0.0 0.33804111043663254 0.36267224715869284 0.2992866424046746
9 940.0 0.0 -1.0 -1.0 -1.0 0.0 0.353261696041391 0.35240824147886934 0.2943300624797397
9 941.0 0.0 -1.0 -1.0 -1.0 0.0 0.34875138168230935 0.344549041974605 0.30669957634308576
9 942.0 0.0 -1.0 -1.0 -1.0 0.0 0.36419983927503763 0.3453700703359586 0.29043009038900375
9 943.0 0.0 -1.0 -1.0 -1.0 0.0 0.34819780311815146 0.37343434730988 0.27836784957196853
9 944.0 0.0 -1.0 -1.0 -1.0 0.0 0.3481421577896433 0.36914100658559645 0.2827168356247602
9 945.0 0.0 -1.0 -1.0 -1.0 0.0 0.3394349884731242 0.3765275572942781 0.2840374542325975
9 946.0 0.0 -1.0 -1.0 -1.0 0.0 0.3460839681218292 0.35509028130350523 0.2988257505746655
9 947.0 0.0 -1.0 -1.0 -1.0 0.0 0.3188512791506723 0.37566821967570724 0.3054805011736208
9 948.0 0.0 -1.0 -1.0 -1.0 0.0 0.31339106969478253 0.3679242416813914 0.31868468862382626
9 949.0 0.0 -1.0 -1.0 -1.0 0.0 0.31646781512590716 0.3589790964439856 0.3245530884301074
9 950.0 0.0 -1.0 -1.0 -1.0 0.0 0.32650082517017703 0.3441366067076227 0.3293625681222001
9 951.0 0.0 -1.0 -1.0 -1.0 0.0 0.3091433580512009 0.3741911648118434 0.3166654771369557
9 952.0 0.0 -1.0 -1.0 -1.0 0.0 0.3269262192744369 0.35767123254885147 0.3154025481767118
9 953.0 0.0 -1.0 -1.0 -1.0 0.0 0.3529049085045527 0.3384024357537678 0.3086926557416794
9 954.0 0.0 -1.0 -1.0 -1.0 0.0 0.3581293769117619 0.3406148113984325 0.30125581168980564
9 955.0 0.0 -1.0 -1.0 -1.0 0.0 0.31946295305348965 0.36865150893090715 0.31188553801560315
9 956.0 0.0 -1.0 -1.0 -1.0 0.0 0.3422390450795462 0.32908788035036646 0.32867307457008715
9 957.0 0.0 -1.0 -1.0 -1.0 0.0 0.35040770027041035 0.3262555190587602 0.32333678067082927
9 958.0 0.0 -1.0 -1.0 -1.0 0.0 0.3338457568158732 0.3330705544248083 0.33308368875931843
9 959.0 0.0 -1.0 -1.0 -1.0 0.0 0.3223502855029391 0.3105942734299557 0.36705544106710525
9 960.0 0.0 -1.0 -1.0 -1.0 0.0 0.3443198376832918 0.3193495814558273 0.33633058086088086
9 961.0 0.0 -1.0 -1.0 -1.0 0.0 0.3689385675574897 0.2777605000570734 0.3533009323854369
9 962.0 0.0 -1.0 -1.0 -1.0 0.0 0.3753249264169479 0.28887988323194735 0.335795190351105
9 963.0 0.0 -1.0 -1.0 -1.0 0.0 0.366509179818528 0.28540878095984934 0.34808203922162256
9 964.0 0.0 -1.0 -1.0 -1.0 0.0 0.3446921362587653 0.3128539720289078 0.34245389171232676
9 965.0 0.0 -1.0 -1.0 -1.0 0.0 0.3358325778617906 0.3206155698530689 0.3435518522851405
9 966.0 0.0 -1.0 -1.0 -1.0 0.0 0.3288021806553884 0.3326995016181339 0.33849831772647787
9 967.0 0.0 -1.0 -1.0 -1.0 0.0 0.3281399908405529 0.3283997836822968 0.34346022547715044
9 968.0 0.0 -1.0 -1.0 -1.0 0.0 0.3301981880551048 0.32168373859204796 0.3481180733528473
9 969.0 0.0 -1.0 -1.0 -1.0 0.0 0.2947234598901607 0.3535690536812836 0.3517074864285557
9 970.0 0.0 -1.0 -1.0 -1.0 0.0 0.32412683409619175 0.34623530905784355 0.3296378568459643
9 971.0 0.0 -1.0 -1.0 -1.0 0.0 0.3204712594613535 0.3530796009603142 0.3264491395783321
9 972.0 0.0 -1.0 -1.0 -1.0 0.0 0.3233108096055596 0.32447170454957097 0.35221748584486967
9 973.0 0.0 -1.0 -1.0 -1.0 0.0 0.3327121320338825 0.32155664518192123 0.3457312227841963
9 974.0 0.0 -1.0 -1.0 -1.0 0.0 0.30986264087348075 0.340837181664954 0.3493001774615652
9 975.0 0.0 -1.0 -1.0 -1.0 0.0 0.31948559254012815 0.3280002470265457 0.3525141604333262
9 976.0 0.0 -1.0 -1.0 -1.0 0.0 0.33366085783947513 0.3289642562888148 0.33737488587170994
9 977.0 0.0 -1.0 -1.0 -1.0 0.0 0.34180539864529846 0.3174589131337198 0.34073568822098166
9 978.0 0.0 -1.0 -1.0 -1.0 0.0 0.342507345201859 0.2883394540542675 0.3691532007438736
9 979.0 0.0 -1.0 -1.0 -1.0 0.0 0.367317040690385 0.29365334704674445 0.3390296122628706
9 980.0 0.0 -1.0 -1.0 -1.0 0.0 0.37021419829456526 0.2868187146295148 0.34296708707592005
9 981.0 0.0 -1.0 -1.0 -1.0 0.0 0.3713004754387726 0.29130873872218016 0.3373907858390473
9 982.0 0.0 -1.0 -1.0 -1.0 0.0 0.3369457674208751 0.3042208101783636 0.35883342240076116
9 983.0 0.0 -1.0 -1.0 -1.0 0.0 0.3434848666022422 0.32732530505563623 0.32918982834212146
9 984.0 0.0 -1.0 -1.0 -1.0 0.0 0.29796470632470606 0.36263547782602323 0.3393998158492707
9 985.0 0.0 -1.0 -1.0 -1.0 0.0 0.2780870391380024 0.37242768343928295 0.3494852774227147
9 986.0 0.0 -1.0 -1.0 -1.0 0.0 0.2815064683594732 0.36376349795880736 0.3547300336817195
9 987.0 0.0 -1.0 -1.0 -1.0 0.0 0.294533791583066 0.3531669094463063 0.35229929897062773
9 988.0 0.0 -1.0 -1.0 -1.0 0.0 0.30079647044213537 0.3456588964844621 0.35354463307340284
9 989.0 0.0 -1.0 -1.0 -1.0 0.0 0.33831331417830457 0.3190471081166275 0.3426395777050679
9 990.0 0.0 -1.0 -1.0 -1.0 0.0 0.3351044303049984 0.31827660208187236 0.34661896761312916
9 991.0 0.0 -1.0 -1.0 -1.0 0.0 0.32154718274109273 0.3064704934257277 0.3719823238331796
9 992.0 0.0 -1.0 -1.0 -1.0 0.0 0.339013772279881 0.2923651924761349 0.3686210352439842
9 993.0 0.0 -1.0 -1.0 -1.0 0.0 0.3452256727099621 0.2682508569241848 0.3865234703658534
9 994.0 0.0 -1.0 -1.0 -1.0 0.0 0.3138375462983542 0.30240975340100396 0.38375270030064196
9 995.0 0.0 -1.0 -1.0 -1.0 0.0 0.33250775399548954 0.284926805560024 0.3825654404444865
9 996.0 0.0 -1.0 -1.0 -1.0 0.0 0.3182817136284523 0.3062599307020216 0.3754583556695262
9 997.0 0.0 -1.0 -1.0 -1.0 0.0 0.3045251358213714 0.32309072572930186 0.3723841384493267
9 998.0 0.0 -1.0 -1.0 -1.0 0.0 0.30805742621547844 0.3278357095524017 0.3641068642321199
9 999.0 0.0 -1.0 -1.0 -1.0 0.0 0.31012862728522705 0.3330898697468075 0.3567815029679653
9 1000.0 0.0 -1.0 -1.0 -1.0 0.0 0.313550160083351 0.32898434623198336 0.3574654936846656
1000000000000000000000000000000000000000000000000000000000000000000000000000000000000000000000000000
-1.0
solo con 1: -100.0
