9 0.0 49.0 -41.0 -158.0 -99.7 49.33323095812475 0.3333333333333333 0.3333333333333333 0.3333333333333333
9 1.0 49.0 -39.0 -157.0 -84.25 47.42806887457803 0.34844524248840064 0.2409007035319077 0.41065405397969157
9 2.0 52.0 -36.0 -156.0 -66.64 39.62284821930524 0.34106732883248514 0.19060167003570658 0.4683310011318083
9 3.0 52.0 -35.0 -156.0 -58.01 34.534858688670845 0.2810474308671269 0.19470129643822787 0.5242512726946452
9 4.0 32.0 -32.0 -153.0 -51.42 29.33856014038711 0.25266804706040846 0.18531423476131045 0.5620177181782811
9 5.0 32.0 -32.0 -153.0 -47.93 28.240044281305604 0.21007846781149314 0.18427539173777605 0.6056461404507307
9 6.0 32.0 -28.0 -152.0 -42.27 22.55760527085168 0.20660933298839684 0.1639201087254055 0.6294705582861977
9 7.0 32.0 -27.0 -152.0 -39.72 22.902992614657826 0.1830830426593671 0.1435426032744116 0.6733743540662216
9 8.0 20.0 -26.0 -152.0 -37.27 23.485587671651494 0.15338187808710893 0.1289835599459975 0.7176345619668938
9 9.0 33.0 -25.0 -152.0 -33.52 20.944602255387025 0.14727173645630567 0.132186834719848 0.7205414288238464
9 10.0 26.0 -24.0 -152.0 -31.45 21.14135924454884 0.12844307258592924 0.12167727631498641 0.7498796510990846
9 11.0 70.0 -23.0 -152.0 -30.02 21.322904647966304 0.12377139449667857 0.11690866004348927 0.7593199454598326
9 12.0 45.0 -21.0 -148.0 -26.6 12.598701231764833 0.1328294459904039 0.10514482189802227 0.762025732111574
9 13.0 1.0 -20.0 -148.0 -24.9 12.528351685660642 0.13095789348160358 0.10952479333265724 0.759517313185739
9 14.0 1.0 -20.0 -148.0 -23.64 12.645532608375776 0.127834162458972 0.10661903487527942 0.7655468026657485
9 15.0 19.0 -17.0 -148.0 -22.26 12.786214167112671 0.10942485957390638 0.09937448157467835 0.7912006588514153
9 16.0 13.0 -15.0 -148.0 -20.92 12.967465115247117 0.11152876447967267 0.0955869151146288 0.7928843204056988
9 17.0 0.0 -14.0 -37.0 -17.91 2.7269511594934412 0.11240198185554696 0.09306130376995578 0.7945367143744967
9 18.0 3.0 -11.0 -25.0 -16.0 2.174229226018436 0.10329854232400702 0.09104630036297079 0.805655157313022
9 19.0 3.0 -11.0 -24.0 -14.42 1.7876116903722568 0.09983193651746174 0.10201270545289891 0.7981553580296401
9 20.0 66.0 -9.0 -24.0 -13.01 1.9305884380601983 0.09470937658617382 0.11042520283684767 0.7948654205769785
9 21.0 43.0 -7.0 -15.0 -11.35 1.4796600756234322 0.10216083853710199 0.1088994741055555 0.7889396873573427
9 22.0 5.0 -7.0 -14.0 -10.03 1.5403987415043818 0.10930150301538653 0.11008008807006289 0.7806184089145503
9 23.0 5.0 -7.0 -14.0 -8.84 1.3905888586269397 0.11689951633076441 0.12004629837153954 0.763054185297696
9 24.0 1.0 -7.0 -13.0 -8.01 1.2592686670276432 0.11503361773239097 0.11688019679705708 0.7680861854705521
9 25.0 21.0 -6.0 -13.0 -7.36 1.039813503091838 0.10949218755852755 0.12440670166041079 0.7661011107810621
9 26.0 14.0 -5.0 -11.0 -6.75 0.8689364217539193 0.13054528127284032 0.15531889567615673 0.7141358230510029
9 27.0 2.0 -5.0 -11.0 -6.12 0.987599886266465 0.15130138332936435 0.14948911220010955 0.6992095044705262
9 28.0 47.0 -3.0 -11.0 -5.58 0.9865765724632491 0.1439019243590665 0.15103945471509284 0.7050586209258404
9 29.0 24.0 -3.0 -11.0 -4.94 1.0619212624657106 0.141576581819379 0.15943368065322155 0.6989897375273993
9 30.0 19.0 -2.0 -11.0 -4.31 1.2118522428851874 0.1347429564076974 0.1514307826637532 0.7138262609285494
9 31.0 1.0 -2.0 -11.0 -3.5 1.2987950904082934 0.13206169512181998 0.12951222236051815 0.7384260825176618
9 32.0 1.0 -2.0 -11.0 -2.86 1.33348483987701 0.1332304921266553 0.14915784171489094 0.7176116661584537
9 33.0 10.0 -1.0 -7.0 -2.34 0.8787042802451869 0.13962969462048153 0.1612990761978081 0.6990712291817105
9 34.0 10.0 -1.0 -5.0 -2.01 0.7034546786030262 0.17631408909804006 0.1951748722330876 0.6285110386688725
9 35.0 3.0 -1.0 -5.0 -1.65 0.6256309946079567 0.18932677085169775 0.18738394022778007 0.6232892889205222
9 36.0 2.0 -1.0 -5.0 -1.33 0.6204429828352431 0.19639933970263374 0.2039435725535073 0.5996570877438588
9 37.0 0.0 -1.0 -5.0 -1.18 0.5389852043470672 0.21938703520595518 0.21140435096741592 0.569208613826629
9 38.0 0.0 -1.0 -5.0 -1.14 0.512864799952486 0.24156288161431733 0.24890561033837794 0.509531508047305
9 39.0 0.0 -1.0 -2.0 -1.04 0.19694638556693222 0.25307469861319043 0.26471191858979787 0.4822133827970116
9 40.0 0.0 -1.0 -2.0 -1.02 0.14070529413628954 0.2707053227927233 0.27285816068833735 0.45643651651893946
9 41.0 0.0 -1.0 -2.0 -1.02 0.14070529413628954 0.2943843851427107 0.2747603325542003 0.430855282303089
9 42.0 0.0 -1.0 -2.0 -1.01 0.09999999999999994 0.3294560546305628 0.2789389863865891 0.39160495898284814
9 43.0 0.0 -1.0 -1.0 -1.0 0.0 0.3314199030196213 0.3153282638736891 0.3532518331066896
9 44.0 0.0 -1.0 -1.0 -1.0 0.0 0.34261882771301555 0.30969752699393766 0.34768364529304685
9 45.0 0.0 -1.0 -1.0 -1.0 0.0 0.33957617863796 0.32006567794040675 0.3403581434216332
9 46.0 0.0 -1.0 -1.0 -1.0 0.0 0.31126843528639736 0.33241574751801245 0.35631581719559013
9 47.0 0.0 -1.0 -1.0 -1.0 0.0 0.3366893994285517 0.30775817289613494 0.3555524276753132
9 48.0 0.0 -1.0 -1.0 -1.0 0.0 0.33106766955285666 0.3118512244905278 0.3570811059566153
9 49.0 0.0 -1.0 -1.0 -1.0 0.0 0.3406944249510765 0.3180829437084906 0.34122263134043285
9 50.0 0.0 -1.0 -1.0 -1.0 0.0 0.3280104622736768 0.31718733899719576 0.35480219872912755
9 51.0 0.0 -1.0 -1.0 -1.0 0.0 0.3706912856846278 0.2930908185573312 0.336217895758041
9 52.0 0.0 -1.0 -1.0 -1.0 0.0 0.38239359162788417 0.29365816666605205 0.3239482417060634
9 53.0 0.0 -1.0 -1.0 -1.0 0.0 0.3795819830436954 0.29856166825535957 0.32185634870094487
9 54.0 0.0 -1.0 -1.0 -1.0 0.0 0.3787292893865204 0.3046926206383426 0.3165780899751369
9 55.0 0.0 -1.0 -1.0 -1.0 0.0 0.34742819731084235 0.3231539414541541 0.3294178612350035
9 56.0 0.0 -1.0 -1.0 -1.0 0.0 0.32997682118277377 0.3353576934642797 0.33466548535294655
9 57.0 0.0 -1.0 -1.0 -1.0 0.0 0.322244315869108 0.3382829298403053 0.33947275429058693
9 58.0 0.0 -1.0 -1.0 -1.0 0.0 0.30694007185143246 0.3411894804712047 0.35187044767736286
9 59.0 0.0 -1.0 -1.0 -1.0 0.0 0.3106057955840601 0.336935248678036 0.35245895573790365
9 60.0 0.0 -1.0 -1.0 -1.0 0.0 0.2991587354653433 0.35454092911893914 0.3463003354157174
9 61.0 0.0 -1.0 -1.0 -1.0 0.0 0.29130420304840876 0.37185665169840343 0.336839145253188
9 62.0 0.0 -1.0 -1.0 -1.0 0.0 0.3315381714587138 0.3628652539780141 0.3055965745632722
9 63.0 0.0 -1.0 -1.0 -1.0 0.0 0.33213349528819486 0.31989672702547567 0.3479697776863295
9 64.0 0.0 -1.0 -1.0 -1.0 0.0 0.3141339913715171 0.34853773224273077 0.33732827638575197
9 65.0 0.0 -1.0 -1.0 -1.0 0.0 0.2975402785207172 0.33530677759983196 0.36715294387945085
9 66.0 0.0 -1.0 -1.0 -1.0 0.0 0.3052188829289547 0.34963414275846927 0.3451469743125762
9 67.0 0.0 -1.0 -1.0 -1.0 0.0 0.32742985190639295 0.32742921427144184 0.3451409338221651
9 68.0 0.0 -1.0 -1.0 -1.0 0.0 0.319666864845352 0.328982505517209 0.3513506296374389
9 69.0 0.0 -1.0 -1.0 -1.0 0.0 0.35766456302064503 0.3067798675537482 0.3355555694256065
9 70.0 0.0 -1.0 -1.0 -1.0 0.0 0.3732080640502381 0.27713389579758657 0.3496580401521753
9 71.0 0.0 -1.0 -1.0 -1.0 0.0 0.372297855971885 0.28519507735671196 0.34250706667140274
9 72.0 0.0 -1.0 -1.0 -1.0 0.0 0.37334005320165736 0.2927519223865095 0.33390802441183337
9 73.0 0.0 -1.0 -1.0 -1.0 0.0 0.3732781563694673 0.2965768861298361 0.33014495750069656
9 74.0 0.0 -1.0 -1.0 -1.0 0.0 0.3713346237979167 0.29983579204135014 0.32882958416073327
9 75.0 0.0 -1.0 -1.0 -1.0 0.0 0.37061438414663606 0.30146899202181426 0.32791662383154974
9 76.0 0.0 -1.0 -1.0 -1.0 0.0 0.36543072977011 0.2914603062877455 0.34310896394214446
9 77.0 0.0 -1.0 -1.0 -1.0 0.0 0.33688405460057874 0.3127186298497028 0.35039731554971865
9 78.0 0.0 -1.0 -1.0 -1.0 0.0 0.35585250736254637 0.30169831532277186 0.342449177314682
9 79.0 0.0 -1.0 -1.0 -1.0 0.0 0.37256303119939443 0.28198983262798344 0.34544713617262235
9 80.0 0.0 -1.0 -1.0 -1.0 0.0 0.352137276028367 0.30890310708445023 0.3389596168871829
9 81.0 0.0 -1.0 -1.0 -1.0 0.0 0.3459720828470961 0.31750696413619867 0.33652095301670504
9 82.0 0.0 -1.0 -1.0 -1.0 0.0 0.3027751971804769 0.33075375272816987 0.366471050091353
9 83.0 0.0 -1.0 -1.0 -1.0 0.0 0.3083914162627164 0.3536769869127441 0.33793159682453955
9 84.0 0.0 -1.0 -1.0 -1.0 0.0 0.3180813666418521 0.34077447778785375 0.34114415557029404
9 85.0 0.0 -1.0 -1.0 -1.0 0.0 0.32121013826235717 0.33110323709790684 0.34768662463973604
9 86.0 0.0 -1.0 -1.0 -1.0 0.0 0.3143538645857149 0.3444403294867878 0.3412058059274971
9 87.0 0.0 -1.0 -1.0 -1.0 0.0 0.30232197997683374 0.35586847771871477 0.3418095423044516
9 88.0 0.0 -1.0 -1.0 -1.0 0.0 0.2864266746208597 0.3447369410151421 0.3688363843639979
9 89.0 0.0 -1.0 -1.0 -1.0 0.0 0.29230658641836793 0.34295156402204996 0.36474184955958205
9 90.0 0.0 -1.0 -1.0 -1.0 0.0 0.2773406888293999 0.3444677422664586 0.3781915689041414
9 91.0 0.0 -1.0 -1.0 -1.0 0.0 0.2908540256096915 0.356357105142991 0.3527888692473177
9 92.0 0.0 -1.0 -1.0 -1.0 0.0 0.2911110377256207 0.35735886806729655 0.3515300942070824
9 93.0 0.0 -1.0 -1.0 -1.0 0.0 0.3240542050330891 0.35434376622780656 0.3216020287391044
9 94.0 0.0 -1.0 -1.0 -1.0 0.0 0.3518986984059588 0.3542366147198811 0.2938646868741602
9 95.0 0.0 -1.0 -1.0 -1.0 0.0 0.3491376442437178 0.34070700945341414 0.31015534630286795
9 96.0 0.0 -1.0 -1.0 -1.0 0.0 0.3429033178584426 0.3424073104605812 0.31468937168097616
9 97.0 0.0 -1.0 -1.0 -1.0 0.0 0.3912274140709568 0.3180974164282952 0.290675169500748
9 98.0 0.0 -1.0 -1.0 -1.0 0.0 0.3877153597186183 0.3266040933509569 0.2856805469304247
9 99.0 0.0 -1.0 -1.0 -1.0 0.0 0.3891243207000186 0.32539546233905625 0.28548021696092524
9 100.0 0.0 -1.0 -1.0 -1.0 0.0 0.38201963340412365 0.3229480951857168 0.29503227141015953
9 101.0 0.0 -1.0 -1.0 -1.0 0.0 0.36630797594365005 0.3377410023327782 0.29595102172357196
9 102.0 0.0 -1.0 -1.0 -1.0 0.0 0.3770590519310057 0.33844111165501284 0.2844998364139813
9 103.0 0.0 -1.0 -1.0 -1.0 0.0 0.37854064720919817 0.33655573081889467 0.2849036219719071
9 104.0 0.0 -1.0 -1.0 -1.0 0.0 0.3765789131054475 0.3248162649434594 0.298604821951093
9 105.0 0.0 -1.0 -1.0 -1.0 0.0 0.34552923315178036 0.3666962633832887 0.287774503464931
9 106.0 0.0 -1.0 -1.0 -1.0 0.0 0.34095879770471227 0.368066509959764 0.29097469233552375
9 107.0 0.0 -1.0 -1.0 -1.0 0.0 0.3631451384705083 0.35088091888026296 0.28597394264922893
9 108.0 0.0 -1.0 -1.0 -1.0 0.0 0.3461219045212099 0.359815646051408 0.2940624494273819
9 109.0 0.0 -1.0 -1.0 -1.0 0.0 0.3497738363926134 0.35671585384462895 0.2935103097627575
9 110.0 0.0 -1.0 -1.0 -1.0 0.0 0.3410736637442598 0.34464645874874367 0.3142798775069967
9 111.0 0.0 -1.0 -1.0 -1.0 0.0 0.31766421915417903 0.3429857531762039 0.33935002766961714
9 112.0 0.0 -1.0 -1.0 -1.0 0.0 0.33293976880600495 0.32709573404898373 0.3399644971450112
9 113.0 0.0 -1.0 -1.0 -1.0 0.0 0.33261767059602604 0.3381122720060911 0.329270057397883
9 114.0 0.0 -1.0 -1.0 -1.0 0.0 0.3565925192842865 0.3350797439672311 0.3083277367484825
9 115.0 0.0 -1.0 -1.0 -1.0 0.0 0.3286667338451367 0.3412503519002016 0.33008291425466185
9 116.0 0.0 -1.0 -1.0 -1.0 0.0 0.3132915169814138 0.3519910713896672 0.33471741162891916
9 117.0 0.0 -1.0 -1.0 -1.0 0.0 0.3197274862489995 0.3529321321383368 0.3273403816126637
9 118.0 0.0 -1.0 -1.0 -1.0 0.0 0.3384129042576695 0.35686774258784154 0.30471935315448906
9 119.0 0.0 -1.0 -1.0 -1.0 0.0 0.34477524699125 0.338738208121363 0.3164865448873871
9 120.0 0.0 -1.0 -1.0 -1.0 0.0 0.33211233155658454 0.34178496139914394 0.3261027070442715
9 121.0 0.0 -1.0 -1.0 -1.0 0.0 0.334470320250617 0.3429432119690371 0.3225864677803457
9 122.0 0.0 -1.0 -1.0 -1.0 0.0 0.3338881405847319 0.34890099484286613 0.31721086457240216
9 123.0 0.0 -1.0 -1.0 -1.0 0.0 0.32191119379291167 0.34242985957421695 0.3356589466328713
9 124.0 0.0 -1.0 -1.0 -1.0 0.0 0.3282520726938615 0.3098616511201531 0.36188627618598557
9 125.0 0.0 -1.0 -1.0 -1.0 0.0 0.3314930276839598 0.30867613112413833 0.3598308411919019
9 126.0 0.0 -1.0 -1.0 -1.0 0.0 0.29939100069865743 0.32379633111066175 0.37681266819068043
9 127.0 0.0 -1.0 -1.0 -1.0 0.0 0.3062907590344915 0.3188698647166834 0.3748393762488251
9 128.0 0.0 -1.0 -1.0 -1.0 0.0 0.2989052477668216 0.32930136307852076 0.37179338915465787
9 129.0 0.0 -1.0 -1.0 -1.0 0.0 0.3291942472773298 0.3119998614566605 0.35880589126600937
9 130.0 0.0 -1.0 -1.0 -1.0 0.0 0.30424906782535965 0.3246049446497856 0.3711459875248545
9 131.0 0.0 -1.0 -1.0 -1.0 0.0 0.2909407927642346 0.33358955767748066 0.3754696495582849
9 132.0 0.0 -1.0 -1.0 -1.0 0.0 0.3163837414680421 0.3404826488454274 0.34313360968653067
9 133.0 0.0 -1.0 -1.0 -1.0 0.0 0.3339712873049869 0.3317856156873097 0.3342430970077035
9 134.0 0.0 -1.0 -1.0 -1.0 0.0 0.3501551704364686 0.3044033806393133 0.3454414489242181
9 135.0 0.0 -1.0 -1.0 -1.0 0.0 0.3331456050625846 0.3054453778797314 0.36140901705768413
9 136.0 0.0 -1.0 -1.0 -1.0 0.0 0.3172675485234091 0.3266503954687034 0.35608205600788784
9 137.0 0.0 -1.0 -1.0 -1.0 0.0 0.32185704898099887 0.32401431602369996 0.35412863499530123
9 138.0 0.0 -1.0 -1.0 -1.0 0.0 0.3201680204262934 0.3318563376333479 0.34797564194035885
9 139.0 0.0 -1.0 -1.0 -1.0 0.0 0.3241817324772328 0.33121919271731515 0.34459907480545193
9 140.0 0.0 -1.0 -1.0 -1.0 0.0 0.3684052132671774 0.28801849503629257 0.3435762916965299
9 141.0 0.0 -1.0 -1.0 -1.0 0.0 0.343261898513647 0.2803240426745797 0.3764140588117732
9 142.0 0.0 -1.0 -1.0 -1.0 0.0 0.3403679947727071 0.29123031714246417 0.3684016880848288
9 143.0 0.0 -1.0 -1.0 -1.0 0.0 0.36499172837913385 0.25268779306135053 0.3823204785595155
9 144.0 0.0 -1.0 -1.0 -1.0 0.0 0.35652027777317946 0.26560996305221457 0.37786975917460597
9 145.0 0.0 -1.0 -1.0 -1.0 0.0 0.36407639913527357 0.2811083836705308 0.3548152171941956
9 146.0 0.0 -1.0 -1.0 -1.0 0.0 0.3402398678609267 0.2920727020968236 0.3676874300422496
9 147.0 0.0 -1.0 -1.0 -1.0 0.0 0.3417680276568166 0.3202027696135744 0.33802920272960923
9 148.0 0.0 -1.0 -1.0 -1.0 0.0 0.3374806943227985 0.3224039188363305 0.340115386840871
9 149.0 0.0 -1.0 -1.0 -1.0 0.0 0.327463508863079 0.33627614224976354 0.3362603488871575
9 150.0 0.0 -1.0 -1.0 -1.0 0.0 0.3311319081463673 0.33670539209101924 0.3321626997626133
9 151.0 0.0 -1.0 -1.0 -1.0 0.0 0.3056146437588258 0.3560584377013602 0.33832691853981367
9 152.0 0.0 -1.0 -1.0 -1.0 0.0 0.2880656567905318 0.36921735176037385 0.3427169914490943
9 153.0 0.0 -1.0 -1.0 -1.0 0.0 0.26104534246333416 0.3816772687054046 0.3572773888312616
9 154.0 0.0 -1.0 -1.0 -1.0 0.0 0.2871549173602629 0.3577233961478257 0.3551216864919114
9 155.0 0.0 -1.0 -1.0 -1.0 0.0 0.2951691650242628 0.37329385431353856 0.3315369806621986
9 156.0 0.0 -1.0 -1.0 -1.0 0.0 0.28592405161490886 0.34409173233213997 0.36998421605295134
9 157.0 0.0 -1.0 -1.0 -1.0 0.0 0.29613536477506036 0.34391683430502185 0.35994780091991774
9 158.0 0.0 -1.0 -1.0 -1.0 0.0 0.3157938893780172 0.3440128689841383 0.34019324163784476
9 159.0 0.0 -1.0 -1.0 -1.0 0.0 0.3197950300443055 0.33914531598448827 0.34105965397120647
9 160.0 0.0 -1.0 -1.0 -1.0 0.0 0.33709715931053147 0.3310721870429647 0.33183065364650394
9 161.0 0.0 -1.0 -1.0 -1.0 0.0 0.34111697566630556 0.33337419808705926 0.32550882624663524
9 162.0 0.0 -1.0 -1.0 -1.0 0.0 0.3230300310501512 0.3233152409583213 0.3536547279915277
9 163.0 0.0 -1.0 -1.0 -1.0 0.0 0.3239104567356492 0.32409010317985476 0.3519994400844959
9 164.0 0.0 -1.0 -1.0 -1.0 0.0 0.3185515307206909 0.3222466350641757 0.3592018342151333
9 165.0 0.0 -1.0 -1.0 -1.0 0.0 0.29715151252838057 0.34718159243342983 0.35566689503818966
9 166.0 0.0 -1.0 -1.0 -1.0 0.0 0.30332684400924953 0.32504070145903313 0.3716324545317173
9 167.0 0.0 -1.0 -1.0 -1.0 0.0 0.337478157177835 0.3299818771239874 0.33253996569817773
9 168.0 0.0 -1.0 -1.0 -1.0 0.0 0.32711274189526274 0.3326989919894486 0.34018826611528846
9 169.0 0.0 -1.0 -1.0 -1.0 0.0 0.34953511947889515 0.3459402380762753 0.30452464244482935
9 170.0 0.0 -1.0 -1.0 -1.0 0.0 0.337960499069426 0.33379301815794327 0.32824648277263063
9 171.0 0.0 -1.0 -1.0 -1.0 0.0 0.33631572781708935 0.3187778824173999 0.344906389765511
9 172.0 0.0 -1.0 -1.0 -1.0 0.0 0.31232154009630714 0.33449088810126215 0.35318757180243066
9 173.0 0.0 -1.0 -1.0 -1.0 0.0 0.30462486954411405 0.3280327604300958 0.3673423700257903
9 174.0 0.0 -1.0 -1.0 -1.0 0.0 0.30911470920152956 0.3549375879392407 0.3359477028592298
9 175.0 0.0 -1.0 -1.0 -1.0 0.0 0.29603525516918483 0.3704187596936481 0.33354598513716704
9 176.0 0.0 -1.0 -1.0 -1.0 0.0 0.3184897600154039 0.3521720821107205 0.32933815787387566
9 177.0 0.0 -1.0 -1.0 -1.0 0.0 0.3240575961910419 0.3526113160693438 0.32333108773961433
9 178.0 0.0 -1.0 -1.0 -1.0 0.0 0.34297430446609445 0.32939384316305165 0.327631852370854
9 179.0 0.0 -1.0 -1.0 -1.0 0.0 0.3002197243813525 0.36450058672344166 0.3352796888952057
9 180.0 0.0 -1.0 -1.0 -1.0 0.0 0.3062434169831353 0.35646688865991605 0.3372896943569488
9 181.0 0.0 -1.0 -1.0 -1.0 0.0 0.30130318525048333 0.34723211379984115 0.3514647009496757
9 182.0 0.0 -1.0 -1.0 -1.0 0.0 0.3127786548974262 0.35357422926754994 0.3336471158350237
9 183.0 0.0 -1.0 -1.0 -1.0 0.0 0.3027991627417092 0.3581958764758244 0.3390049607824666
9 184.0 0.0 -1.0 -1.0 -1.0 0.0 0.29528822283654316 0.37320804715742945 0.33150373000602734
9 185.0 0.0 -1.0 -1.0 -1.0 0.0 0.2891532667476769 0.3810422259339643 0.3298045073183588
9 186.0 0.0 -1.0 -1.0 -1.0 0.0 0.2923764982807279 0.35284974925397306 0.35477375246529896
9 187.0 0.0 -1.0 -1.0 -1.0 0.0 0.2991247926113946 0.3510103830685258 0.34986482432007976
9 188.0 0.0 -1.0 -1.0 -1.0 0.0 0.28968371107581736 0.33342186954585096 0.37689441937833174
9 189.0 0.0 -1.0 -1.0 -1.0 0.0 0.3001802942338852 0.33350534019033423 0.3663143655757805
9 190.0 0.0 -1.0 -1.0 -1.0 0.0 0.32138043522970394 0.3258140472382008 0.3528055175320952
9 191.0 0.0 -1.0 -1.0 -1.0 0.0 0.3156343227375478 0.33218608879167427 0.35217958847077774
9 192.0 0.0 -1.0 -1.0 -1.0 0.0 0.3211881008450308 0.33443330116822295 0.3443785979867463
9 193.0 0.0 -1.0 -1.0 -1.0 0.0 0.2994094602916464 0.35397163838088797 0.34661890132746564
9 194.0 0.0 -1.0 -1.0 -1.0 0.0 0.30147970985990996 0.35716699232356564 0.34135329781652407
9 195.0 0.0 -1.0 -1.0 -1.0 0.0 0.29053993366976927 0.3714291848070001 0.3380308815232308
9 196.0 0.0 -1.0 -1.0 -1.0 0.0 0.3015814838951382 0.3481629568331834 0.35025555927167845
9 197.0 0.0 -1.0 -1.0 -1.0 0.0 0.3079436299186092 0.35282042747479603 0.3392359426065946
9 198.0 0.0 -1.0 -1.0 -1.0 0.0 0.341657677503388 0.33738890278719075 0.3209534197094212
9 199.0 0.0 -1.0 -1.0 -1.0 0.0 0.35128103725860427 0.34192625164478485 0.30679271109661044
9 200.0 0.0 -1.0 -1.0 -1.0 0.0 0.3319354522081798 0.3258357254761026 0.3422288223157177
9 201.0 0.0 -1.0 -1.0 -1.0 0.0 0.32106789642223016 0.34079891318383965 0.3381331903939304
9 202.0 0.0 -1.0 -1.0 -1.0 0.0 0.30527057652089734 0.3436901687497725 0.3510392547293304
9 203.0 0.0 -1.0 -1.0 -1.0 0.0 0.3251850157324439 0.319218177414657 0.3555968068528992
9 204.0 0.0 -1.0 -1.0 -1.0 0.0 0.3172636966918956 0.3130888802142209 0.36964742309388365
9 205.0 0.0 -1.0 -1.0 -1.0 0.0 0.3189837010200445 0.31585505929834945 0.3651612396816063
9 206.0 0.0 -1.0 -1.0 -1.0 0.0 0.33252285609280463 0.29785673533987234 0.36962040856732314
9 207.0 0.0 -1.0 -1.0 -1.0 0.0 0.33710814683979967 0.3244683184519178 0.33842353470828257
9 208.0 0.0 -1.0 -1.0 -1.0 0.0 0.32678174900068124 0.33744019023680955 0.3357780607625093
9 209.0 0.0 -1.0 -1.0 -1.0 0.0 0.3549308444807221 0.3080943597536025 0.3369747957656754
9 210.0 0.0 -1.0 -1.0 -1.0 0.0 0.37945753088616385 0.3179424519120824 0.3026000172017539
9 211.0 0.0 -1.0 -1.0 -1.0 0.0 0.38297004969674703 0.30404836003308977 0.3129815902701635
9 212.0 0.0 -1.0 -1.0 -1.0 0.0 0.37299105369699675 0.3199488215973152 0.3070601247056884
9 213.0 0.0 -1.0 -1.0 -1.0 0.0 0.36784933691990873 0.31333885235773384 0.3188118107223573
9 214.0 0.0 -1.0 -1.0 -1.0 0.0 0.3551740615447848 0.30753659582572607 0.3372893426294892
9 215.0 0.0 -1.0 -1.0 -1.0 0.0 0.3442094752641301 0.3073339514910851 0.3484565732447846
9 216.0 0.0 -1.0 -1.0 -1.0 0.0 0.34007363980796207 0.3125979228744367 0.34732843731760127
9 217.0 0.0 -1.0 -1.0 -1.0 0.0 0.35833317994274366 0.2890171134156775 0.35264970664157863
9 218.0 0.0 -1.0 -1.0 -1.0 0.0 0.3624832294116501 0.27823596192325517 0.35928080866509454
9 219.0 0.0 -1.0 -1.0 -1.0 0.0 0.3365459403309933 0.31145568075092345 0.3519983789180834
9 220.0 0.0 -1.0 -1.0 -1.0 0.0 0.32621006871420805 0.28949565072793637 0.3842942805578556
9 221.0 0.0 -1.0 -1.0 -1.0 0.0 0.3476650609730472 0.3023015795859074 0.3500333594410453
9 222.0 0.0 -1.0 -1.0 -1.0 0.0 0.36970845012128595 0.29079494089921093 0.3394966089795028
9 223.0 0.0 -1.0 -1.0 -1.0 0.0 0.3602444719247617 0.2946295473640361 0.3451259807112023
9 224.0 0.0 -1.0 -1.0 -1.0 0.0 0.34048469861935976 0.3219586444287698 0.33755665695187065
9 225.0 0.0 -1.0 -1.0 -1.0 0.0 0.33171025229180673 0.32404062338351 0.34424912432468313
9 226.0 0.0 -1.0 -1.0 -1.0 0.0 0.32016210089682384 0.33553634750983946 0.34430155159333675
9 227.0 0.0 -1.0 -1.0 -1.0 0.0 0.306883434267818 0.3362051028927804 0.35691146283940134
9 228.0 0.0 -1.0 -1.0 -1.0 0.0 0.28875010052254685 0.3463750230370976 0.3648748764403555
9 229.0 0.0 -1.0 -1.0 -1.0 0.0 0.29268650007207364 0.358350423647244 0.34896307628068235
9 230.0 0.0 -1.0 -1.0 -1.0 0.0 0.323863854602758 0.30835534605070003 0.3677807993465422
9 231.0 0.0 -1.0 -1.0 -1.0 0.0 0.3284559728537703 0.30758055740312407 0.36396346974310584
9 232.0 0.0 -1.0 -1.0 -1.0 0.0 0.3287027241839201 0.2999899246998028 0.37130735111627705
9 233.0 0.0 -1.0 -1.0 -1.0 0.0 0.32702765864361083 0.2951262979612501 0.377846043395139
9 234.0 0.0 -1.0 -1.0 -1.0 0.0 0.324354245337819 0.2886334352582858 0.38701231940389524
9 235.0 0.0 -1.0 -1.0 -1.0 0.0 0.3555146017499065 0.29225956774466716 0.35222583050542633
9 236.0 0.0 -1.0 -1.0 -1.0 0.0 0.35913705153049574 0.3102440335161396 0.3306189149533645
9 237.0 0.0 -1.0 -1.0 -1.0 0.0 0.3661834417876619 0.3273831586461592 0.3064333995661792
9 238.0 0.0 -1.0 -1.0 -1.0 0.0 0.3407516136005589 0.3506163019148114 0.3086320844846298
9 239.0 0.0 -1.0 -1.0 -1.0 0.0 0.3112935209992011 0.36858184591530074 0.3201246330854982
9 240.0 0.0 -1.0 -1.0 -1.0 0.0 0.3122183006104726 0.3613250988232907 0.3264566005662366
9 241.0 0.0 -1.0 -1.0 -1.0 0.0 0.34393254897765985 0.3348680804163407 0.3211993706059997
9 242.0 0.0 -1.0 -1.0 -1.0 0.0 0.32476387651805966 0.37443410664800786 0.3008020168339325
9 243.0 0.0 -1.0 -1.0 -1.0 0.0 0.314537406616379 0.402680883889524 0.28278170949409703
9 244.0 0.0 -1.0 -1.0 -1.0 0.0 0.2923811608280766 0.40737819025311955 0.3002406489188037
9 245.0 0.0 -1.0 -1.0 -1.0 0.0 0.3217104532779856 0.3846683399205231 0.2936212068014914
9 246.0 0.0 -1.0 -1.0 -1.0 0.0 0.3307229451167933 0.3608608727637001 0.30841618211950644
9 247.0 0.0 -1.0 -1.0 -1.0 0.0 0.32833159532418443 0.3542003611241265 0.31746804355168917
9 248.0 0.0 -1.0 -1.0 -1.0 0.0 0.3212754294409108 0.3356075618854437 0.3431170086736452
9 249.0 0.0 -1.0 -1.0 -1.0 0.0 0.3137420335199055 0.3504410078942874 0.33581695858580707
9 250.0 0.0 -1.0 -1.0 -1.0 0.0 0.30038122365496034 0.3481548983424388 0.3514638780026009
9 251.0 0.0 -1.0 -1.0 -1.0 0.0 0.30706578513954996 0.3088475778169377 0.38408663704351215
9 252.0 0.0 -1.0 -1.0 -1.0 0.0 0.3189139835037618 0.2934874234419726 0.38759859305426525
9 253.0 0.0 -1.0 -1.0 -1.0 0.0 0.319580648002812 0.29730540245977877 0.38311394953740935
9 254.0 0.0 -1.0 -1.0 -1.0 0.0 0.31718755906164126 0.31410282306796944 0.3687096178703895
9 255.0 0.0 -1.0 -1.0 -1.0 0.0 0.3197583115963525 0.34209035250444336 0.3381513358992041
9 256.0 0.0 -1.0 -1.0 -1.0 0.0 0.32878586855166825 0.3459907500052452 0.3252233814430865
9 257.0 0.0 -1.0 -1.0 -1.0 0.0 0.2973454090528802 0.3698762348640563 0.3327783560830634
9 258.0 0.0 -1.0 -1.0 -1.0 0.0 0.3235218639161148 0.3583771657345316 0.3181009703493534
9 259.0 0.0 -1.0 -1.0 -1.0 0.0 0.32483277421383633 0.3403392958401919 0.3348279299459719
9 260.0 0.0 -1.0 -1.0 -1.0 0.0 0.30220999830721107 0.3438905603496162 0.3538994413431727
9 261.0 0.0 -1.0 -1.0 -1.0 0.0 0.3192236001695612 0.3368176707006342 0.3439587291298046
9 262.0 0.0 -1.0 -1.0 -1.0 0.0 0.3456241143878168 0.3220745148692282 0.33230137074295507
9 263.0 0.0 -1.0 -1.0 -1.0 0.0 0.35970599040840107 0.2973733616675792 0.3429206479240197
9 264.0 0.0 -1.0 -1.0 -1.0 0.0 0.3759555439478379 0.31242453896689143 0.31161991708527087
9 265.0 0.0 -1.0 -1.0 -1.0 0.0 0.3697050670045862 0.34353722839622053 0.28675770459919325
9 266.0 0.0 -1.0 -1.0 -1.0 0.0 0.3399887606840892 0.3437579369711195 0.31625330234479127
9 267.0 0.0 -1.0 -1.0 -1.0 0.0 0.32726166974014026 0.35259974350372725 0.3201385867561324
9 268.0 0.0 -1.0 -1.0 -1.0 0.0 0.3195462468238493 0.3465497952698115 0.3339039579063396
9 269.0 0.0 -1.0 -1.0 -1.0 0.0 0.3440938984927275 0.32884095257492646 0.32706514893234606
9 270.0 0.0 -1.0 -1.0 -1.0 0.0 0.3208123250103157 0.34182530340241657 0.3373623715872677
9 271.0 0.0 -1.0 -1.0 -1.0 0.0 0.31948336211143047 0.33002663144550487 0.3504900064430646
9 272.0 0.0 -1.0 -1.0 -1.0 0.0 0.30721794898778687 0.32918698591889245 0.3635950650933205
9 273.0 0.0 -1.0 -1.0 -1.0 0.0 0.29109362296262353 0.3515849331329792 0.35732144390439713
9 274.0 0.0 -1.0 -1.0 -1.0 0.0 0.2992284185288076 0.3491818510148115 0.35158973045638114
9 275.0 0.0 -1.0 -1.0 -1.0 0.0 0.3127257468121567 0.32600044071321344 0.36127381247462975
9 276.0 0.0 -1.0 -1.0 -1.0 0.0 0.3301730941567007 0.3292596608340338 0.34056724500926516
9 277.0 0.0 -1.0 -1.0 -1.0 0.0 0.2979098850070451 0.3436944277572468 0.35839568723570836
9 278.0 0.0 -1.0 -1.0 -1.0 0.0 0.27424592016469473 0.3549764864247299 0.3707775934105752
9 279.0 0.0 -1.0 -1.0 -1.0 0.0 0.2743109545742091 0.3824079656841549 0.3432810797416359
9 280.0 0.0 -1.0 -1.0 -1.0 0.0 0.2657263665029846 0.38906850574205665 0.3452051277549584
9 281.0 0.0 -1.0 -1.0 -1.0 0.0 0.2837267430797271 0.36589188432504927 0.35038137259522345
9 282.0 0.0 -1.0 -1.0 -1.0 0.0 0.31151143542123755 0.3480352442259847 0.3404533203527778
9 283.0 0.0 -1.0 -1.0 -1.0 0.0 0.3140158506121121 0.3300834705612283 0.3559006788266595
9 284.0 0.0 -1.0 -1.0 -1.0 0.0 0.3118111325240464 0.3445470120602333 0.34364185541572007
9 285.0 0.0 -1.0 -1.0 -1.0 0.0 0.3098001117163014 0.3649612036692475 0.3252386846144508
9 286.0 0.0 -1.0 -1.0 -1.0 0.0 0.30874397741474374 0.3664814651071726 0.3247745574780836
9 287.0 0.0 -1.0 -1.0 -1.0 0.0 0.32018794674664364 0.3586917905868098 0.3211202626665466
9 288.0 0.0 -1.0 -1.0 -1.0 0.0 0.3261252344859713 0.355237962897563 0.3186368026164655
9 289.0 0.0 -1.0 -1.0 -1.0 0.0 0.34908165824538673 0.3477682350323223 0.303150106722291
9 290.0 0.0 -1.0 -1.0 -1.0 0.0 0.3289933126916795 0.3310512939688865 0.33995539333943403
9 291.0 0.0 -1.0 -1.0 -1.0 0.0 0.3507781461987387 0.30197127029992504 0.3472505835013364
9 292.0 0.0 -1.0 -1.0 -1.0 0.0 0.3614529261238275 0.3084459437649045 0.3301011301112681
9 293.0 0.0 -1.0 -1.0 -1.0 0.0 0.36619125347503334 0.29463995683454025 0.33916878969042635
9 294.0 0.0 -1.0 -1.0 -1.0 0.0 0.35530449378106277 0.305124957154313 0.3395705490646242
9 295.0 0.0 -1.0 -1.0 -1.0 0.0 0.34819305274723644 0.33122085279909486 0.32058609445366865
9 296.0 0.0 -1.0 -1.0 -1.0 0.0 0.3454108415689763 0.3307006962353208 0.32388846219570305
9 297.0 0.0 -1.0 -1.0 -1.0 0.0 0.32740379190979546 0.34344276672955026 0.3291534413606543
9 298.0 0.0 -1.0 -1.0 -1.0 0.0 0.3221304768274454 0.3413283831524632 0.3365411400200912
9 299.0 0.0 -1.0 -1.0 -1.0 0.0 0.3257510839174008 0.32274438815592027 0.35150452792667886
9 300.0 0.0 -1.0 -1.0 -1.0 0.0 0.3368972868739297 0.32509570830833484 0.3380070048177355
9 301.0 0.0 -1.0 -1.0 -1.0 0.0 0.31922014994417663 0.32801613602164315 0.3527637140341804
9 302.0 0.0 -1.0 -1.0 -1.0 0.0 0.32458506600394044 0.33467299682150276 0.3407419371745567
9 303.0 0.0 -1.0 -1.0 -1.0 0.0 0.33088045135178346 0.3322819488211329 0.33683759982708367
9 304.0 0.0 -1.0 -1.0 -1.0 0.0 0.3414050311290473 0.324667873396634 0.3339270954743187
9 305.0 0.0 -1.0 -1.0 -1.0 0.0 0.3139749091080983 0.3317604981616585 0.3542645927302434
9 306.0 0.0 -1.0 -1.0 -1.0 0.0 0.3160212076612714 0.3524776486609877 0.33150114367774086
9 307.0 0.0 -1.0 -1.0 -1.0 0.0 0.3204773930134018 0.3402838383093299 0.3392387686772685
9 308.0 0.0 -1.0 -1.0 -1.0 0.0 0.32368694571085643 0.3530167441584787 0.3232963101306647
9 309.0 0.0 -1.0 -1.0 -1.0 0.0 0.356935197742738 0.338144179457497 0.30492062279976506
9 310.0 0.0 -1.0 -1.0 -1.0 0.0 0.35726269530213395 0.34278276936497415 0.2999545353328918
9 311.0 0.0 -1.0 -1.0 -1.0 0.0 0.3539389725785981 0.3517159007067835 0.29434512671461865
9 312.0 0.0 -1.0 -1.0 -1.0 0.0 0.3351107310304872 0.3457503782950828 0.31913889067442996
9 313.0 0.0 -1.0 -1.0 -1.0 0.0 0.31289497299794283 0.3245364409028265 0.3625685860992307
9 314.0 0.0 -1.0 -1.0 -1.0 0.0 0.3191030950921836 0.32139948586264416 0.3594974190451723
9 315.0 0.0 -1.0 -1.0 -1.0 0.0 0.33868969980430963 0.32214899720731993 0.3391613029883704
9 316.0 0.0 -1.0 -1.0 -1.0 0.0 0.31757902668750476 0.34201071286564344 0.34041026044685174
9 317.0 0.0 -1.0 -1.0 -1.0 0.0 0.3393364812966555 0.33565710588428954 0.3250064128190552
9 318.0 0.0 -1.0 -1.0 -1.0 0.0 0.324244405725378 0.33761952672149265 0.3381360675531293
9 319.0 0.0 -1.0 -1.0 -1.0 0.0 0.3138357663254161 0.3511696311776183 0.33499460249696544
9 320.0 0.0 -1.0 -1.0 -1.0 0.0 0.33267505929368196 0.3387108174956651 0.32861412321065286
9 321.0 0.0 -1.0 -1.0 -1.0 0.0 0.33600326666682656 0.31706866273362083 0.34692807059955255
9 322.0 0.0 -1.0 -1.0 -1.0 0.0 0.34778813355058874 0.3298851308808328 0.3223267355685783
9 323.0 0.0 -1.0 -1.0 -1.0 0.0 0.32027365771260413 0.3347874087358911 0.34493893355150484
9 324.0 0.0 -1.0 -1.0 -1.0 0.0 0.331091894192601 0.3133460996307752 0.35556200617662415
9 325.0 0.0 -1.0 -1.0 -1.0 0.0 0.31171030771724284 0.30299784184352885 0.3852918504392286
9 326.0 0.0 -1.0 -1.0 -1.0 0.0 0.32297711074740265 0.29813598546645786 0.37888690378614
9 327.0 0.0 -1.0 -1.0 -1.0 0.0 0.3406954163756348 0.3129483523266053 0.3463562312977603
9 328.0 0.0 -1.0 -1.0 -1.0 0.0 0.3099463885819464 0.35873390853296067 0.33131970288509277
9 329.0 0.0 -1.0 -1.0 -1.0 0.0 0.3175431373217391 0.33654180768071457 0.3459150549975466
9 330.0 0.0 -1.0 -1.0 -1.0 0.0 0.343602840778804 0.33672924863120124 0.3196679105899949
9 331.0 0.0 -1.0 -1.0 -1.0 0.0 0.36009921421412144 0.33358146897774327 0.30631931680813546
9 332.0 0.0 -1.0 -1.0 -1.0 0.0 0.31221839083081765 0.34869051943798546 0.33909108973119695
9 333.0 0.0 -1.0 -1.0 -1.0 0.0 0.3375232005755261 0.34243955623355576 0.320037243190918
9 334.0 0.0 -1.0 -1.0 -1.0 0.0 0.35752986140881804 0.33124219165543956 0.31122794693574246
9 335.0 0.0 -1.0 -1.0 -1.0 0.0 0.35098092862853647 0.3099173363070594 0.3391017350644044
9 336.0 0.0 -1.0 -1.0 -1.0 0.0 0.34490492737769396 0.3016217316057159 0.35347334101659006
9 337.0 0.0 -1.0 -1.0 -1.0 0.0 0.35519683570251503 0.32051267705319086 0.3242904872442944
9 338.0 0.0 -1.0 -1.0 -1.0 0.0 0.3467195064228633 0.34168502115673394 0.31159547242040264
9 339.0 0.0 -1.0 -1.0 -1.0 0.0 0.3455694064565704 0.34900117540170966 0.3054294181417196
9 340.0 0.0 -1.0 -1.0 -1.0 0.0 0.34886526649454985 0.3349407412211435 0.31619399228430645
9 341.0 0.0 -1.0 -1.0 -1.0 0.0 0.36194535589327137 0.3419701701744113 0.2960844739323174
9 342.0 0.0 -1.0 -1.0 -1.0 0.0 0.32122264272191386 0.35231251270382896 0.32646484457425723
9 343.0 0.0 -1.0 -1.0 -1.0 0.0 0.32388654853374227 0.33442265403194943 0.34169079743430847
9 344.0 0.0 -1.0 -1.0 -1.0 0.0 0.32056287928212496 0.3438480240528004 0.3355890966650746
9 345.0 0.0 -1.0 -1.0 -1.0 0.0 0.33047680040377847 0.36448713978693253 0.3050360598092891
9 346.0 0.0 -1.0 -1.0 -1.0 0.0 0.3323105348409371 0.35174621527402045 0.31594324988504263
9 347.0 0.0 -1.0 -1.0 -1.0 0.0 0.3548461166575081 0.3183038107099235 0.32685007263256866
9 348.0 0.0 -1.0 -1.0 -1.0 0.0 0.3340448480640805 0.33598859485730254 0.3299665570786167
9 349.0 0.0 -1.0 -1.0 -1.0 0.0 0.32420842378931214 0.32706262582705187 0.3487289503836357
9 350.0 0.0 -1.0 -1.0 -1.0 0.0 0.35183994009850283 0.3382159020253188 0.30994415787617857
9 351.0 0.0 -1.0 -1.0 -1.0 0.0 0.3448306146434248 0.3189485358791619 0.3362208494774132
9 352.0 0.0 -1.0 -1.0 -1.0 0.0 0.3349277233595809 0.30858963173075576 0.35648264490966336
9 353.0 0.0 -1.0 -1.0 -1.0 0.0 0.34419026257947366 0.30463554065470944 0.3511741967658169
9 354.0 0.0 -1.0 -1.0 -1.0 0.0 0.34503889438779717 0.3204999122685337 0.33446119334366947
9 355.0 0.0 -1.0 -1.0 -1.0 0.0 0.35126687861542927 0.3320072422522091 0.31672587913236194
9 356.0 0.0 -1.0 -1.0 -1.0 0.0 0.3422865610838294 0.33470679558727545 0.32300664332889506
9 357.0 0.0 -1.0 -1.0 -1.0 0.0 0.331079501984682 0.3481960088901706 0.3207244891251475
9 358.0 0.0 -1.0 -1.0 -1.0 0.0 0.3417452266044949 0.34783640163985174 0.3104183717556534
9 359.0 0.0 -1.0 -1.0 -1.0 0.0 0.3427985604434252 0.3416589869895175 0.3155424525670573
9 360.0 0.0 -1.0 -1.0 -1.0 0.0 0.33344105848513084 0.33971067933797966 0.3268482621768895
9 361.0 0.0 -1.0 -1.0 -1.0 0.0 0.32869668872581237 0.3315321356588102 0.33977117561537723
9 362.0 0.0 -1.0 -1.0 -1.0 0.0 0.35666887840900996 0.3077035664401048 0.3356275551508851
9 363.0 0.0 -1.0 -1.0 -1.0 0.0 0.3675729663994134 0.31659688365348004 0.31583014994710673
9 364.0 0.0 -1.0 -1.0 -1.0 0.0 0.3481968062350145 0.319651862513327 0.3321513312516584
9 365.0 0.0 -1.0 -1.0 -1.0 0.0 0.34614897916660675 0.31473362878976335 0.33911739204362995
9 366.0 0.0 -1.0 -1.0 -1.0 0.0 0.3525930828937605 0.3217100836692681 0.32569683343697114
9 367.0 0.0 -1.0 -1.0 -1.0 0.0 0.3638750578318588 0.2884333804105459 0.34769156175759536
9 368.0 0.0 -1.0 -1.0 -1.0 0.0 0.35149803151530845 0.2916743868478794 0.35682758163681244
9 369.0 0.0 -1.0 -1.0 -1.0 0.0 0.29698886981764305 0.3144893643292843 0.3885217658530729
9 370.0 0.0 -1.0 -1.0 -1.0 0.0 0.320677551864255 0.3231596417080425 0.3561628064277025
9 371.0 0.0 -1.0 -1.0 -1.0 0.0 0.3038501148474522 0.3432967614177308 0.3528531237348171
9 372.0 0.0 -1.0 -1.0 -1.0 0.0 0.3065378743251774 0.34470145622771753 0.3487606694471051
9 373.0 0.0 -1.0 -1.0 -1.0 0.0 0.3127226101921151 0.37393569124660225 0.3133416985612827
9 374.0 0.0 -1.0 -1.0 -1.0 0.0 0.3177049848058839 0.3638044999182133 0.31849051527590283
9 375.0 0.0 -1.0 -1.0 -1.0 0.0 0.31801279697281154 0.3274591121443209 0.3545280908828677
9 376.0 0.0 -1.0 -1.0 -1.0 0.0 0.31009650639658726 0.32791351289203413 0.36198998071137867
9 377.0 0.0 -1.0 -1.0 -1.0 0.0 0.30078693423456315 0.3530964263295621 0.3461166394358748
9 378.0 0.0 -1.0 -1.0 -1.0 0.0 0.3021305293864799 0.34675577029740035 0.3511137003161196
9 379.0 0.0 -1.0 -1.0 -1.0 0.0 0.3034497808941531 0.33868224330520585 0.35786797580064095
9 380.0 0.0 -1.0 -1.0 -1.0 0.0 0.29127343709740217 0.3402477555898294 0.3684788073127686
9 381.0 0.0 -1.0 -1.0 -1.0 0.0 0.306500392182985 0.34011653510738155 0.35338307270963343
9 382.0 0.0 -1.0 -1.0 -1.0 0.0 0.33450746899101313 0.316554375941368 0.34893815506761866
9 383.0 0.0 -1.0 -1.0 -1.0 0.0 0.31848289861525486 0.32439684250752426 0.3571202588772209
9 384.0 0.0 -1.0 -1.0 -1.0 0.0 0.33276191388528636 0.31100894932826173 0.3562291367864519
9 385.0 0.0 -1.0 -1.0 -1.0 0.0 0.33881940376574415 0.31684632393969187 0.3443342722945642
9 386.0 0.0 -1.0 -1.0 -1.0 0.0 0.3223762947353606 0.31368997448964403 0.36393373077499525
9 387.0 0.0 -1.0 -1.0 -1.0 0.0 0.3198225969779246 0.3105267409846504 0.3696506620374251
9 388.0 0.0 -1.0 -1.0 -1.0 0.0 0.326448383208778 0.30203288436515113 0.3715187324260707
9 389.0 0.0 -1.0 -1.0 -1.0 0.0 0.3123556250040809 0.31768277923849947 0.3699615957574196
9 390.0 0.0 -1.0 -1.0 -1.0 0.0 0.36270512369096486 0.2893304802268419 0.3479643960821936
9 391.0 0.0 -1.0 -1.0 -1.0 0.0 0.35709994676348933 0.2988714460914448 0.3440286071450658
9 392.0 0.0 -1.0 -1.0 -1.0 0.0 0.3455528878771472 0.31891428050084675 0.335532831622006
9 393.0 0.0 -1.0 -1.0 -1.0 0.0 0.3404939480693436 0.3223177265418166 0.33718832538883964
9 394.0 0.0 -1.0 -1.0 -1.0 0.0 0.33738664171757954 0.3057196076340477 0.3568937506483728
9 395.0 0.0 -1.0 -1.0 -1.0 0.0 0.343011945300228 0.3110860008286591 0.34590205387111306
9 396.0 0.0 -1.0 -1.0 -1.0 0.0 0.3483150841782458 0.31492143634595077 0.3367634794758034
9 397.0 0.0 -1.0 -1.0 -1.0 0.0 0.34078692197531923 0.32151597017581357 0.33769710784886714
9 398.0 0.0 -1.0 -1.0 -1.0 0.0 0.3342680392730881 0.3369639020349966 0.32876805869191544
9 399.0 0.0 -1.0 -1.0 -1.0 0.0 0.3226897186547606 0.3424984365812339 0.33481184476400555
9 400.0 0.0 -1.0 -1.0 -1.0 0.0 0.326612370064985 0.35630011476583356 0.31708751516918154
9 401.0 0.0 -1.0 -1.0 -1.0 0.0 0.31375789850324276 0.3771546795153254 0.3090874219814319
9 402.0 0.0 -1.0 -1.0 -1.0 0.0 0.33280573436019034 0.34143813886838453 0.3257561267714253
9 403.0 0.0 -1.0 -1.0 -1.0 0.0 0.35261736431262464 0.3242921678301974 0.32309046785717804
9 404.0 0.0 -1.0 -1.0 -1.0 0.0 0.37055459281192815 0.32105813364979174 0.3083872735382801
9 405.0 0.0 -1.0 -1.0 -1.0 0.0 0.3617025640048361 0.32988971509964615 0.3084077208955177
9 406.0 0.0 -1.0 -1.0 -1.0 0.0 0.36952539901589276 0.3215639626523606 0.30891063833174665
9 407.0 0.0 -1.0 -1.0 -1.0 0.0 0.31849483812937623 0.3281460195661197 0.3533591423045042
9 408.0 0.0 -1.0 -1.0 -1.0 0.0 0.31325916160211564 0.3261358334177298 0.3606050049801545
9 409.0 0.0 -1.0 -1.0 -1.0 0.0 0.31420478664511053 0.3283239939240755 0.3574712194308141
9 410.0 0.0 -1.0 -1.0 -1.0 0.0 0.3084779555330871 0.3313354816801577 0.3601865627867554
9 411.0 0.0 -1.0 -1.0 -1.0 0.0 0.3351954218672424 0.31738741520555147 0.34741716292720626
9 412.0 0.0 -1.0 -1.0 -1.0 0.0 0.3090757822539693 0.3249215318866363 0.3660026858593943
9 413.0 0.0 -1.0 -1.0 -1.0 0.0 0.32258226030077664 0.3214068682957473 0.3560108714034761
9 414.0 0.0 -1.0 -1.0 -1.0 0.0 0.3436686700516132 0.31259518135595504 0.3437361485924317
9 415.0 0.0 -1.0 -1.0 -1.0 0.0 0.3171536534076385 0.3363810738254749 0.34646527276688643
9 416.0 0.0 -1.0 -1.0 -1.0 0.0 0.3026315352630909 0.33852630479109236 0.3588421599458168
9 417.0 0.0 -1.0 -1.0 -1.0 0.0 0.3166633079368765 0.33201577516102004 0.3513209169021036
9 418.0 0.0 -1.0 -1.0 -1.0 0.0 0.3262795369551052 0.31186412298758526 0.3618563400573096
9 419.0 0.0 -1.0 -1.0 -1.0 0.0 0.34760867813866503 0.31299874070515527 0.33939258115617965
9 420.0 0.0 -1.0 -1.0 -1.0 0.0 0.34204327756380365 0.30543830826992907 0.3525184141662672
9 421.0 0.0 -1.0 -1.0 -1.0 0.0 0.32575834070411963 0.30999928247692077 0.3642423768189596
9 422.0 0.0 -1.0 -1.0 -1.0 0.0 0.29033221832275125 0.3329262791385437 0.37674150253870486
9 423.0 0.0 -1.0 -1.0 -1.0 0.0 0.2940296732697277 0.339088917333847 0.3668814093964254
9 424.0 0.0 -1.0 -1.0 -1.0 0.0 0.30243877360146726 0.36941286814514557 0.3281483582533873
9 425.0 0.0 -1.0 -1.0 -1.0 0.0 0.30691203031593317 0.3483750071647371 0.34471296251932965
9 426.0 0.0 -1.0 -1.0 -1.0 0.0 0.30807049692892624 0.3695562633053615 0.3223732397657119
9 427.0 0.0 -1.0 -1.0 -1.0 0.0 0.33601043122535484 0.35476966719141073 0.30921990158323437
9 428.0 0.0 -1.0 -1.0 -1.0 0.0 0.32878006684551614 0.3734504295345664 0.2977695036199175
9 429.0 0.0 -1.0 -1.0 -1.0 0.0 0.3213406685760002 0.37132574613697683 0.3073335852870228
9 430.0 0.0 -1.0 -1.0 -1.0 0.0 0.3125556116919173 0.3424116751834305 0.3450327131246523
9 431.0 0.0 -1.0 -1.0 -1.0 0.0 0.31513057116151927 0.35312067829566374 0.33174875054281694
9 432.0 0.0 -1.0 -1.0 -1.0 0.0 0.30961262137713724 0.34991638699923383 0.34047099162362876
9 433.0 0.0 -1.0 -1.0 -1.0 0.0 0.3249052557205051 0.33756691437179975 0.33752782990769503
9 434.0 0.0 -1.0 -1.0 -1.0 0.0 0.32915573220166416 0.3349354275077434 0.33590884029059237
9 435.0 0.0 -1.0 -1.0 -1.0 0.0 0.3014555123501138 0.32130828970680325 0.37723619794308305
9 436.0 0.0 -1.0 -1.0 -1.0 0.0 0.310889948539422 0.33396364624619884 0.3551464052143792
9 437.0 0.0 -1.0 -1.0 -1.0 0.0 0.324783627494245 0.34981483593931195 0.3254015365664432
9 438.0 0.0 -1.0 -1.0 -1.0 0.0 0.33141536686310524 0.35899880720196053 0.3095858259349344
9 439.0 0.0 -1.0 -1.0 -1.0 0.0 0.32466167290404513 0.3652601585696443 0.3100781685263103
9 440.0 0.0 -1.0 -1.0 -1.0 0.0 0.33840970410445 0.36999713021697145 0.29159316567857846
9 441.0 0.0 -1.0 -1.0 -1.0 0.0 0.3152242562052683 0.3964028218982469 0.2883729218964849
9 442.0 0.0 -1.0 -1.0 -1.0 0.0 0.3233036596253303 0.38282594256545893 0.293870397809211
9 443.0 0.0 -1.0 -1.0 -1.0 0.0 0.3202429083359668 0.37773479269452037 0.302022298969513
9 444.0 0.0 -1.0 -1.0 -1.0 0.0 0.31714705876398097 0.3657446708383085 0.3171082703977102
9 445.0 0.0 -1.0 -1.0 -1.0 0.0 0.31715912093321436 0.36105295612239197 0.32178792294439373
9 446.0 0.0 -1.0 -1.0 -1.0 0.0 0.30067761696795325 0.38759715111237286 0.31172523191967405
9 447.0 0.0 -1.0 -1.0 -1.0 0.0 0.3159263561651855 0.3669344083412169 0.3171392354935974
9 448.0 0.0 -1.0 -1.0 -1.0 0.0 0.31741762482580027 0.3752133004924188 0.3073690746817809
9 449.0 0.0 -1.0 -1.0 -1.0 0.0 0.32967596903151675 0.3605534839435802 0.3097705470249031
9 450.0 0.0 -1.0 -1.0 -1.0 0.0 0.284946502525189 0.3653291199617205 0.34972437751309066
9 451.0 0.0 -1.0 -1.0 -1.0 0.0 0.2841449699298183 0.3736369631106826 0.34221806695949925
9 452.0 0.0 -1.0 -1.0 -1.0 0.0 0.2767121600523011 0.38068228576407603 0.34260555418362293
9 453.0 0.0 -1.0 -1.0 -1.0 0.0 0.2769342984668607 0.34847260012584025 0.37459310140729907
9 454.0 0.0 -1.0 -1.0 -1.0 0.0 0.2902717507044631 0.3487317994741065 0.3609964498214307
9 455.0 0.0 -1.0 -1.0 -1.0 0.0 0.2994924728770592 0.34644841713879493 0.35405910998414586
9 456.0 0.0 -1.0 -1.0 -1.0 0.0 0.3328273259202573 0.3270117054353887 0.34016096864435397
9 457.0 0.0 -1.0 -1.0 -1.0 0.0 0.3272504668421886 0.3485659018512859 0.3241836313065254
9 458.0 0.0 -1.0 -1.0 -1.0 0.0 0.34035617503881704 0.33978755817841566 0.31985626678276735
9 459.0 0.0 -1.0 -1.0 -1.0 0.0 0.3322840729078729 0.34804740320905425 0.31966852388307276
9 460.0 0.0 -1.0 -1.0 -1.0 0.0 0.33409777673921576 0.3531464619595489 0.31275576130123517
9 461.0 0.0 -1.0 -1.0 -1.0 0.0 0.3412033011879874 0.32297755387867505 0.3358191449333377
9 462.0 0.0 -1.0 -1.0 -1.0 0.0 0.35275603847288367 0.31473707449174504 0.33250688703537123
9 463.0 0.0 -1.0 -1.0 -1.0 0.0 0.34885951959727834 0.3231321007093154 0.3280083796934063
9 464.0 0.0 -1.0 -1.0 -1.0 0.0 0.3356127707598426 0.33739893218763756 0.3269882970525196
9 465.0 0.0 -1.0 -1.0 -1.0 0.0 0.322014582055883 0.3231929199569793 0.35479249798713786
9 466.0 0.0 -1.0 -1.0 -1.0 0.0 0.3253869331194107 0.31353167712631336 0.3610813897542758
9 467.0 0.0 -1.0 -1.0 -1.0 0.0 0.3255481844055536 0.30657490730127845 0.3678769082931682
9 468.0 0.0 -1.0 -1.0 -1.0 0.0 0.31272914622189607 0.3296454219079939 0.35762543187011003
9 469.0 0.0 -1.0 -1.0 -1.0 0.0 0.3160227302767186 0.3223555996400379 0.3616216700832436
9 470.0 0.0 -1.0 -1.0 -1.0 0.0 0.34041544547086994 0.32634862682823523 0.333235927700895
9 471.0 0.0 -1.0 -1.0 -1.0 0.0 0.3265991019582251 0.33355257880919104 0.33984831923258385
9 472.0 0.0 -1.0 -1.0 -1.0 0.0 0.32887262062548756 0.3369983611650976 0.33412901820941465
9 473.0 0.0 -1.0 -1.0 -1.0 0.0 0.3323789520689981 0.3679885870495417 0.2996324608814606
9 474.0 0.0 -1.0 -1.0 -1.0 0.0 0.33188153577594987 0.37127540557101013 0.29684305865304006
9 475.0 0.0 -1.0 -1.0 -1.0 0.0 0.3297462147752824 0.36090700307395346 0.3093467821507641
9 476.0 0.0 -1.0 -1.0 -1.0 0.0 0.33489364284966067 0.3473709295941197 0.3177354275562198
9 477.0 0.0 -1.0 -1.0 -1.0 0.0 0.3388269323265222 0.32320719702228395 0.337965870651194
9 478.0 0.0 -1.0 -1.0 -1.0 0.0 0.3412490765973095 0.3351557714096465 0.32359515199304406
9 479.0 0.0 -1.0 -1.0 -1.0 0.0 0.35615867662376344 0.33939772212833086 0.30444360124790576
9 480.0 0.0 -1.0 -1.0 -1.0 0.0 0.36930341287306184 0.33391290857291744 0.29678367855402066
9 481.0 0.0 -1.0 -1.0 -1.0 0.0 0.3539826313279124 0.33416355073982323 0.31185381793226435
9 482.0 0.0 -1.0 -1.0 -1.0 0.0 0.35662840304396953 0.3400848760647354 0.3032867208912951
9 483.0 0.0 -1.0 -1.0 -1.0 0.0 0.353478009458399 0.3206799904278227 0.32584200011377823
9 484.0 0.0 -1.0 -1.0 -1.0 0.0 0.34542080559085186 0.33120834299245255 0.32337085141669575
9 485.0 0.0 -1.0 -1.0 -1.0 0.0 0.353132804695804 0.3156427402870447 0.3312244550171514
9 486.0 0.0 -1.0 -1.0 -1.0 0.0 0.34756669402391455 0.28785378619217517 0.3645795197839105
9 487.0 0.0 -1.0 -1.0 -1.0 0.0 0.3586529116575341 0.30403889443262744 0.3373081939098381
9 488.0 0.0 -1.0 -1.0 -1.0 0.0 0.3369986575822557 0.31061421045383164 0.35238713196391275
9 489.0 0.0 -1.0 -1.0 -1.0 0.0 0.3048285232941673 0.32874034442081895 0.3664311322850137
9 490.0 0.0 -1.0 -1.0 -1.0 0.0 0.31349773625325683 0.3287387718861541 0.3577634918605892
9 491.0 0.0 -1.0 -1.0 -1.0 0.0 0.2961857191775064 0.355001953144898 0.3488123276775957
9 492.0 0.0 -1.0 -1.0 -1.0 0.0 0.271965913280526 0.36182420809956334 0.36620987861991056
9 493.0 0.0 -1.0 -1.0 -1.0 0.0 0.3064155516896443 0.32987420380642235 0.3637102445039333
9 494.0 0.0 -1.0 -1.0 -1.0 0.0 0.3370110159804495 0.32484909410193835 0.33813988991761224
9 495.0 0.0 -1.0 -1.0 -1.0 0.0 0.31784237370750906 0.3250871327493783 0.3570704935431126
9 496.0 0.0 -1.0 -1.0 -1.0 0.0 0.3623286725034165 0.2900462251402503 0.34762510235633326
9 497.0 0.0 -1.0 -1.0 -1.0 0.0 0.3733167718336559 0.29750264655523834 0.3291805816111058
9 498.0 0.0 -1.0 -1.0 -1.0 0.0 0.3442098458242866 0.32144441414426567 0.33434574003144796
9 499.0 0.0 -1.0 -1.0 -1.0 0.0 0.30449480357432773 0.33072905755387483 0.36477613887179766
9 500.0 0.0 -1.0 -1.0 -1.0 0.0 0.2923934073678036 0.33380625537773945 0.37380033725445677
9 501.0 0.0 -1.0 -1.0 -1.0 0.0 0.2972827745471733 0.32212074451777734 0.3805964809350495
9 502.0 0.0 -1.0 -1.0 -1.0 0.0 0.31841029721593417 0.31957590398155067 0.3620137988025151
9 503.0 0.0 -1.0 -1.0 -1.0 0.0 0.323288437027281 0.3382216618576571 0.33848990111506194
9 504.0 0.0 -1.0 -1.0 -1.0 0.0 0.36100705983901826 0.3207681535473265 0.3182247866136552
9 505.0 0.0 -1.0 -1.0 -1.0 0.0 0.3513085333631312 0.3253176890467308 0.3233737775901379
9 506.0 0.0 -1.0 -1.0 -1.0 0.0 0.3293394440187143 0.35671132960912066 0.31394922637216505
9 507.0 0.0 -1.0 -1.0 -1.0 0.0 0.293097505859448 0.3804865310495046 0.3264159630910477
9 508.0 0.0 -1.0 -1.0 -1.0 0.0 0.30334574402394227 0.39645710471737416 0.30019715125868357
9 509.0 0.0 -1.0 -1.0 -1.0 0.0 0.3072529221163609 0.39059446385929014 0.3021526140243489
9 510.0 0.0 -1.0 -1.0 -1.0 0.0 0.31825069871727574 0.36056197561724146 0.3211873256654827
9 511.0 0.0 -1.0 -1.0 -1.0 0.0 0.2766100669167856 0.37176673252427 0.3516232005589442
9 512.0 0.0 -1.0 -1.0 -1.0 0.0 0.30496715094640375 0.36289378812933715 0.33213906092425916
9 513.0 0.0 -1.0 -1.0 -1.0 0.0 0.29886873338108416 0.3397242074018228 0.3614070592170927
9 514.0 0.0 -1.0 -1.0 -1.0 0.0 0.31233574438524664 0.3494940394461472 0.338170216168606
9 515.0 0.0 -1.0 -1.0 -1.0 0.0 0.33235915056134824 0.33629733151534863 0.33134351792330335
9 516.0 0.0 -1.0 -1.0 -1.0 0.0 0.29810257573807164 0.3757412918180825 0.32615613244384584
9 517.0 0.0 -1.0 -1.0 -1.0 0.0 0.3019364490545548 0.34945871665354356 0.3486048342919015
9 518.0 0.0 -1.0 -1.0 -1.0 0.0 0.2995591816644967 0.31517589114978173 0.38526492718572153
9 519.0 0.0 -1.0 -1.0 -1.0 0.0 0.33394605831430335 0.31087970077547494 0.355174240910222
9 520.0 0.0 -1.0 -1.0 -1.0 0.0 0.3075612874850419 0.3365460797893632 0.3558926327255947
9 521.0 0.0 -1.0 -1.0 -1.0 0.0 0.29699593709216365 0.35434065213207616 0.3486634107757604
9 522.0 0.0 -1.0 -1.0 -1.0 0.0 0.33099851973775246 0.3446254955275881 0.3243759847346594
9 523.0 0.0 -1.0 -1.0 -1.0 0.0 0.32648480659035733 0.34540494758297235 0.3281102458266703
9 524.0 0.0 -1.0 -1.0 -1.0 0.0 0.3307231054203356 0.318665960810702 0.3506109337689624
9 525.0 0.0 -1.0 -1.0 -1.0 0.0 0.3262418061835357 0.32662292950463223 0.34713526431183184
9 526.0 0.0 -1.0 -1.0 -1.0 0.0 0.3073381559815073 0.3461910546075855 0.34647078941090714
9 527.0 0.0 -1.0 -1.0 -1.0 0.0 0.30304022421730564 0.3547747138703845 0.34218506191231
9 528.0 0.0 -1.0 -1.0 -1.0 0.0 0.30172975940647706 0.3529299121138342 0.3453403284796886
9 529.0 0.0 -1.0 -1.0 -1.0 0.0 0.2962175608427237 0.35352966078070225 0.35025277837657415
9 530.0 0.0 -1.0 -1.0 -1.0 0.0 0.3111324256726417 0.3406514902136679 0.34821608411369004
9 531.0 0.0 -1.0 -1.0 -1.0 0.0 0.28196938874090394 0.37537350859240887 0.34265710266668725
9 532.0 0.0 -1.0 -1.0 -1.0 0.0 0.31510304879078616 0.33630272073002465 0.3485942304791893
9 533.0 0.0 -1.0 -1.0 -1.0 0.0 0.33839293664002623 0.3264563886961012 0.3351506746638725
9 534.0 0.0 -1.0 -1.0 -1.0 0.0 0.3497926112607074 0.3309696331597591 0.31923775557953343
9 535.0 0.0 -1.0 -1.0 -1.0 0.0 0.3438809138443614 0.3156546350156977 0.34046445113994084
9 536.0 0.0 -1.0 -1.0 -1.0 0.0 0.3514568057649657 0.3220833365533807 0.3264598576816537
9 537.0 0.0 -1.0 -1.0 -1.0 0.0 0.34421570997003753 0.33030045291328347 0.3254838371166789
9 538.0 0.0 -1.0 -1.0 -1.0 0.0 0.3266685854242884 0.3390249610905466 0.3343064534851652
9 539.0 0.0 -1.0 -1.0 -1.0 0.0 0.33535070474993345 0.32995153764442725 0.33469775760563936
9 540.0 0.0 -1.0 -1.0 -1.0 0.0 0.34774471697637344 0.3096606285987498 0.3425946544248765
9 541.0 0.0 -1.0 -1.0 -1.0 0.0 0.36158074348039576 0.3082160269167169 0.33020322960288717
9 542.0 0.0 -1.0 -1.0 -1.0 0.0 0.3615679903362235 0.31692616805936913 0.32150584160440715
9 543.0 0.0 -1.0 -1.0 -1.0 0.0 0.3660748833273798 0.3010491959748244 0.3328759206977959
9 544.0 0.0 -1.0 -1.0 -1.0 0.0 0.3585398998038471 0.27259443160742836 0.3688656685887247
9 545.0 0.0 -1.0 -1.0 -1.0 0.0 0.3689683422392362 0.2774628332067774 0.3535688245539865
9 546.0 0.0 -1.0 -1.0 -1.0 0.0 0.35794409474696515 0.28145153563548797 0.36060436961754694
9 547.0 0.0 -1.0 -1.0 -1.0 0.0 0.3335486359183997 0.30889203134285953 0.3575593327387409
9 548.0 0.0 -1.0 -1.0 -1.0 0.0 0.31970669345042285 0.3351779089163019 0.3451153976332752
9 549.0 0.0 -1.0 -1.0 -1.0 0.0 0.2807881288991555 0.3513549519856242 0.3678569191152202
9 550.0 0.0 -1.0 -1.0 -1.0 0.0 0.2795914677014426 0.34279599905270536 0.377612533245852
9 551.0 0.0 -1.0 -1.0 -1.0 0.0 0.2819641546593548 0.33287854919840926 0.3851572961422359
9 552.0 0.0 -1.0 -1.0 -1.0 0.0 0.29856786221321324 0.3350487523664117 0.3663833854203751
9 553.0 0.0 -1.0 -1.0 -1.0 0.0 0.3235118668681728 0.32760750362438334 0.34888062950744375
9 554.0 0.0 -1.0 -1.0 -1.0 0.0 0.341292498706337 0.31610257203231806 0.34260492926134517
9 555.0 0.0 -1.0 -1.0 -1.0 0.0 0.3116718205334553 0.33551162315579947 0.3528165563107454
9 556.0 0.0 -1.0 -1.0 -1.0 0.0 0.29902834022672853 0.298422767275368 0.4025488924979037
9 557.0 0.0 -1.0 -1.0 -1.0 0.0 0.3091822805974725 0.3000124889574426 0.39080523044508503
9 558.0 0.0 -1.0 -1.0 -1.0 0.0 0.3383692972604183 0.294113846051207 0.36751685668837447
9 559.0 0.0 -1.0 -1.0 -1.0 0.0 0.324896463919878 0.3309331038165779 0.3441704322635441
9 560.0 0.0 -1.0 -1.0 -1.0 0.0 0.32425230543796524 0.3474302693939732 0.3283174251680618
9 561.0 0.0 -1.0 -1.0 -1.0 0.0 0.3130979422405866 0.3613064736236189 0.3255955841357945
9 562.0 0.0 -1.0 -1.0 -1.0 0.0 0.3397623158223127 0.3437064201546541 0.3165312640230332
9 563.0 0.0 -1.0 -1.0 -1.0 0.0 0.3406451632968027 0.3343318997158943 0.3250229369873029
9 564.0 0.0 -1.0 -1.0 -1.0 0.0 0.32815706961485575 0.3505722131930286 0.3212707171921156
9 565.0 0.0 -1.0 -1.0 -1.0 0.0 0.29351175622790016 0.37512859849245955 0.3313596452796402
9 566.0 0.0 -1.0 -1.0 -1.0 0.0 0.2947190206111988 0.39370189353159707 0.31157908585720434
9 567.0 0.0 -1.0 -1.0 -1.0 0.0 0.30350599226198005 0.36840816908661256 0.3280858386514078
9 568.0 0.0 -1.0 -1.0 -1.0 0.0 0.30750457131391795 0.3730564410682203 0.3194389876178618
9 569.0 0.0 -1.0 -1.0 -1.0 0.0 0.3091939739353983 0.36419290212912037 0.32661312393548114
9 570.0 0.0 -1.0 -1.0 -1.0 0.0 0.32002631712491664 0.3531500117935359 0.3268236710815477
9 571.0 0.0 -1.0 -1.0 -1.0 0.0 0.31989952359038293 0.34369513759778847 0.33640533881182855
9 572.0 0.0 -1.0 -1.0 -1.0 0.0 0.32032953212248033 0.32507028474686694 0.3546001831306525
9 573.0 0.0 -1.0 -1.0 -1.0 0.0 0.3424920057611884 0.31205808139806196 0.34544991284074983
9 574.0 0.0 -1.0 -1.0 -1.0 0.0 0.34102092379650706 0.31810220792400073 0.3408768682794923
9 575.0 0.0 -1.0 -1.0 -1.0 0.0 0.35810267956139774 0.2966241004783662 0.3452732199602361
9 576.0 0.0 -1.0 -1.0 -1.0 0.0 0.3567894032635359 0.29375802056121647 0.34945257617524744
9 577.0 0.0 -1.0 -1.0 -1.0 0.0 0.3813910410854649 0.29109851883953 0.3275104400750051
9 578.0 0.0 -1.0 -1.0 -1.0 0.0 0.3820585289224904 0.3098027476279319 0.3081387234495777
9 579.0 0.0 -1.0 -1.0 -1.0 0.0 0.3684873214032146 0.30766320987722984 0.3238494687195557
9 580.0 0.0 -1.0 -1.0 -1.0 0.0 0.34831042303861265 0.31956126087340914 0.33212831608797827
9 581.0 0.0 -1.0 -1.0 -1.0 0.0 0.34095327633962036 0.31771736234948295 0.3413293613108966
9 582.0 0.0 -1.0 -1.0 -1.0 0.0 0.32430476812195286 0.3029467999989444 0.37274843187910256
9 583.0 0.0 -1.0 -1.0 -1.0 0.0 0.32156598295046984 0.32224476603719326 0.3561892510123367
9 584.0 0.0 -1.0 -1.0 -1.0 0.0 0.284291340711102 0.3486661640805273 0.3670424952083707
9 585.0 0.0 -1.0 -1.0 -1.0 0.0 0.30064543417508793 0.34048249008694803 0.3588720757379641
9 586.0 0.0 -1.0 -1.0 -1.0 0.0 0.3228013685044712 0.330080937910818 0.34711769358471073
9 587.0 0.0 -1.0 -1.0 -1.0 0.0 0.34019353925607226 0.3425386165786003 0.3172678441653276
9 588.0 0.0 -1.0 -1.0 -1.0 0.0 0.34869864981980975 0.3397803275767924 0.3115210226033981
9 589.0 0.0 -1.0 -1.0 -1.0 0.0 0.3477298705814798 0.33858933073983477 0.31368079867868565
9 590.0 0.0 -1.0 -1.0 -1.0 0.0 0.35982794040655713 0.3086390079237352 0.3315330516697078
9 591.0 0.0 -1.0 -1.0 -1.0 0.0 0.34052272351726787 0.2950367555325865 0.36444052095014556
9 592.0 0.0 -1.0 -1.0 -1.0 0.0 0.3428130969329408 0.2839502641965685 0.3732366388704909
9 593.0 0.0 -1.0 -1.0 -1.0 0.0 0.3405085201019926 0.2955461740315565 0.3639453058664508
9 594.0 0.0 -1.0 -1.0 -1.0 0.0 0.3291212388331173 0.31836363714655586 0.35251512402032686
9 595.0 0.0 -1.0 -1.0 -1.0 0.0 0.32583806696095635 0.31218341763122465 0.361978515407819
9 596.0 0.0 -1.0 -1.0 -1.0 0.0 0.3195286643129434 0.3184206268239207 0.362050708863136
9 597.0 0.0 -1.0 -1.0 -1.0 0.0 0.31600699645942837 0.30686088151099655 0.3771321220295749
9 598.0 0.0 -1.0 -1.0 -1.0 0.0 0.3304125520065982 0.3240209117060103 0.34556653628739137
9 599.0 0.0 -1.0 -1.0 -1.0 0.0 0.3240996914926076 0.30558451769894945 0.3703157908084429
9 600.0 0.0 -1.0 -1.0 -1.0 0.0 0.33014482365066217 0.312475485498438 0.3573796908509
9 601.0 0.0 -1.0 -1.0 -1.0 0.0 0.3207177979955806 0.3144213098754723 0.3648608921289469
9 602.0 0.0 -1.0 -1.0 -1.0 0.0 0.30426546456014636 0.3458429655120574 0.3498915699277964
9 603.0 0.0 -1.0 -1.0 -1.0 0.0 0.3003714228385257 0.3507236228916424 0.34890495426983187
9 604.0 0.0 -1.0 -1.0 -1.0 0.0 0.31982513003526647 0.3686731287101244 0.31150174125460905
9 605.0 0.0 -1.0 -1.0 -1.0 0.0 0.3725524616348277 0.3351515608952629 0.2922959774699094
9 606.0 0.0 -1.0 -1.0 -1.0 0.0 0.320624162765627 0.36295330960840894 0.316422527625964
9 607.0 0.0 -1.0 -1.0 -1.0 0.0 0.337238749535565 0.34071527082954506 0.32204597963488973
9 608.0 0.0 -1.0 -1.0 -1.0 0.0 0.33382132230729744 0.33736293421338287 0.3288157434793196
9 609.0 0.0 -1.0 -1.0 -1.0 0.0 0.33705034850367305 0.34276502024443645 0.32018463125189045
9 610.0 0.0 -1.0 -1.0 -1.0 0.0 0.31125940807355623 0.3498199003540735 0.33892069157237037
9 611.0 0.0 -1.0 -1.0 -1.0 0.0 0.3234758041299291 0.3499994704507673 0.32652472541930366
9 612.0 0.0 -1.0 -1.0 -1.0 0.0 0.3212729858270773 0.3415539177414765 0.33717309643144644
9 613.0 0.0 -1.0 -1.0 -1.0 0.0 0.32858835570928396 0.3372019467594788 0.33420969753123697
9 614.0 0.0 -1.0 -1.0 -1.0 0.0 0.35789598940905415 0.33055355483314003 0.31155045575780593
9 615.0 0.0 -1.0 -1.0 -1.0 0.0 0.35265789333313363 0.31912551921035937 0.32821658745650706
9 616.0 0.0 -1.0 -1.0 -1.0 0.0 0.34907905789322674 0.3028520681985683 0.3480688739082045
9 617.0 0.0 -1.0 -1.0 -1.0 0.0 0.3437969787899423 0.3025401860118368 0.35366283519822084
9 618.0 0.0 -1.0 -1.0 -1.0 0.0 0.36888780981659564 0.2904266563511512 0.34068553383225314
9 619.0 0.0 -1.0 -1.0 -1.0 0.0 0.38968003869226414 0.31073790186775435 0.2995820594399816
9 620.0 0.0 -1.0 -1.0 -1.0 0.0 0.39720779353320446 0.29844141378838934 0.30435079267840626
9 621.0 0.0 -1.0 -1.0 -1.0 0.0 0.3934864322526039 0.300123258720609 0.30639030902678693
9 622.0 0.0 -1.0 -1.0 -1.0 0.0 0.3693385925602338 0.3167209329895652 0.313940474450201
9 623.0 0.0 -1.0 -1.0 -1.0 0.0 0.35398627291276946 0.3350425185718926 0.3109712085153381
9 624.0 0.0 -1.0 -1.0 -1.0 0.0 0.35269761934521626 0.32808252231550883 0.31921985833927513
9 625.0 0.0 -1.0 -1.0 -1.0 0.0 0.3407335262840035 0.3554812421782787 0.30378523153771775
9 626.0 0.0 -1.0 -1.0 -1.0 0.0 0.3769214774114799 0.31652122151424705 0.3065573010742731
9 627.0 0.0 -1.0 -1.0 -1.0 0.0 0.3283195185027958 0.34417504878803223 0.32750543270917204
9 628.0 0.0 -1.0 -1.0 -1.0 0.0 0.333563861251153 0.35090372644128304 0.31553241230756396
9 629.0 0.0 -1.0 -1.0 -1.0 0.0 0.31301364818927063 0.35765934252711795 0.3293270092836117
9 630.0 0.0 -1.0 -1.0 -1.0 0.0 0.3289273100858269 0.3406431606183686 0.33042952929580466
9 631.0 0.0 -1.0 -1.0 -1.0 0.0 0.3173908095220809 0.37520049495237306 0.30740869552554595
9 632.0 0.0 -1.0 -1.0 -1.0 0.0 0.31801228484634037 0.36947570637338645 0.31251200878027324
9 633.0 0.0 -1.0 -1.0 -1.0 0.0 0.3296638929237936 0.36094547793008336 0.30939062914612314
9 634.0 0.0 -1.0 -1.0 -1.0 0.0 0.34332409125423446 0.33735980296576673 0.31931610577999875
9 635.0 0.0 -1.0 -1.0 -1.0 0.0 0.33351380176400786 0.34252059894210773 0.3239655992938846
9 636.0 0.0 -1.0 -1.0 -1.0 0.0 0.3324654566265179 0.3425720498643498 0.3249624935091326
9 637.0 0.0 -1.0 -1.0 -1.0 0.0 0.30966319237516826 0.35877383453484346 0.33156297308998817
9 638.0 0.0 -1.0 -1.0 -1.0 0.0 0.31879561004514867 0.34665809231895817 0.33454629763589305
9 639.0 0.0 -1.0 -1.0 -1.0 0.0 0.3227354364831556 0.3425840100728215 0.33468055344402303
9 640.0 0.0 -1.0 -1.0 -1.0 0.0 0.31379681004817267 0.35194436579441196 0.33425882415741526
9 641.0 0.0 -1.0 -1.0 -1.0 0.0 0.30983774645351564 0.35658479966174605 0.33357745388473853
9 642.0 0.0 -1.0 -1.0 -1.0 0.0 0.3358393763194945 0.3075984942392569 0.3565621294412489
9 643.0 0.0 -1.0 -1.0 -1.0 0.0 0.33866700073132544 0.3162105565499288 0.34512244271874565
9 644.0 0.0 -1.0 -1.0 -1.0 0.0 0.3301216861985582 0.3373043462554077 0.3325739675460339
9 645.0 0.0 -1.0 -1.0 -1.0 0.0 0.3406352779661466 0.34236000195515387 0.3170047200786993
9 646.0 0.0 -1.0 -1.0 -1.0 0.0 0.3472453750450439 0.3452496193403372 0.30750500561461874
9 647.0 0.0 -1.0 -1.0 -1.0 0.0 0.3663005256642316 0.32629050565848755 0.30740896867728085
9 648.0 0.0 -1.0 -1.0 -1.0 0.0 0.35723759864723775 0.311363294289414 0.3313991070633486
9 649.0 0.0 -1.0 -1.0 -1.0 0.0 0.3545996873724656 0.3370469815640879 0.3083533310634465
9 650.0 0.0 -1.0 -1.0 -1.0 0.0 0.3296707135048228 0.33665147784259175 0.3336778086525852
9 651.0 0.0 -1.0 -1.0 -1.0 0.0 0.3473775293561736 0.3168191041896293 0.33580336645419734
9 652.0 0.0 -1.0 -1.0 -1.0 0.0 0.3180906493529605 0.35630196414765763 0.3256073864993821
9 653.0 0.0 -1.0 -1.0 -1.0 0.0 0.3248775969736436 0.351125484004494 0.3239969190218624
9 654.0 0.0 -1.0 -1.0 -1.0 0.0 0.3247729570672406 0.3525896166953833 0.32263742623737607
9 655.0 0.0 -1.0 -1.0 -1.0 0.0 0.33413321135721213 0.34892484060678797 0.3169419480359998
9 656.0 0.0 -1.0 -1.0 -1.0 0.0 0.3032419639671891 0.36175068469511196 0.3350073513376989
9 657.0 0.0 -1.0 -1.0 -1.0 0.0 0.3106672674972858 0.36098524270268234 0.3283474898000319
9 658.0 0.0 -1.0 -1.0 -1.0 0.0 0.2990818832100643 0.39356943758008767 0.3073486792098479
9 659.0 0.0 -1.0 -1.0 -1.0 0.0 0.31537651085091883 0.3341831589789641 0.3504403301701172
9 660.0 0.0 -1.0 -1.0 -1.0 0.0 0.31651956270590154 0.33881474812674844 0.34466568916734985
9 661.0 0.0 -1.0 -1.0 -1.0 0.0 0.31410411412236466 0.3501388024400924 0.3357570834375431
9 662.0 0.0 -1.0 -1.0 -1.0 0.0 0.32405996392707137 0.33220332587616264 0.3437367101967662
9 663.0 0.0 -1.0 -1.0 -1.0 0.0 0.3379293928218534 0.3084790391870356 0.35359156799111097
9 664.0 0.0 -1.0 -1.0 -1.0 0.0 0.3309119534231425 0.31022870407435904 0.35885934250249846
9 665.0 0.0 -1.0 -1.0 -1.0 0.0 0.34380161851917035 0.31952343586044174 0.33667494562038774
9 666.0 0.0 -1.0 -1.0 -1.0 0.0 0.30339122317254535 0.3462047956838014 0.35040398114365323
9 667.0 0.0 -1.0 -1.0 -1.0 0.0 0.31695284262138246 0.3325967377948756 0.350450419583742
9 668.0 0.0 -1.0 -1.0 -1.0 0.0 0.31453142382636473 0.3200016246095205 0.3654669515641148
9 669.0 0.0 -1.0 -1.0 -1.0 0.0 0.31482347755183965 0.3232818702621557 0.3618946521860046
9 670.0 0.0 -1.0 -1.0 -1.0 0.0 0.3424463782050618 0.31521867428948186 0.3423349475054563
9 671.0 0.0 -1.0 -1.0 -1.0 0.0 0.3678781508090806 0.3211684132974357 0.31095343589348395
9 672.0 0.0 -1.0 -1.0 -1.0 0.0 0.35879798904665 0.3162028543650427 0.3249991565883073
9 673.0 0.0 -1.0 -1.0 -1.0 0.0 0.34249189179542083 0.3280275489734806 0.3294805592310985
9 674.0 0.0 -1.0 -1.0 -1.0 0.0 0.32630799479982814 0.3383756106417055 0.33531639455846607
9 675.0 0.0 -1.0 -1.0 -1.0 0.0 0.33063339464557545 0.32880910130997754 0.34055750404444707
9 676.0 0.0 -1.0 -1.0 -1.0 0.0 0.3171196287559295 0.33101822754160976 0.351862143702461
9 677.0 0.0 -1.0 -1.0 -1.0 0.0 0.3055442962772171 0.3239922474609858 0.3704634562617973
9 678.0 0.0 -1.0 -1.0 -1.0 0.0 0.31624773683425006 0.3081137801736342 0.3756384829921155
9 679.0 0.0 -1.0 -1.0 -1.0 0.0 0.34017063736580844 0.29941313247367474 0.3604162301605168
9 680.0 0.0 -1.0 -1.0 -1.0 0.0 0.31670248426831293 0.3159384015385663 0.3673591141931207
9 681.0 0.0 -1.0 -1.0 -1.0 0.0 0.31284786351412835 0.31766798132158464 0.36948415516428684
9 682.0 0.0 -1.0 -1.0 -1.0 0.0 0.30871412784665375 0.33640017363225594 0.35488569852109036
9 683.0 0.0 -1.0 -1.0 -1.0 0.0 0.30164407850699587 0.3480644401849539 0.3502914813080501
9 684.0 0.0 -1.0 -1.0 -1.0 0.0 0.2970197751504732 0.347983106231872 0.35499711861765476
9 685.0 0.0 -1.0 -1.0 -1.0 0.0 0.32395948834873367 0.3405525494046441 0.3354879622466224
9 686.0 0.0 -1.0 -1.0 -1.0 0.0 0.34341653333422384 0.3430060401301012 0.3135774265356752
9 687.0 0.0 -1.0 -1.0 -1.0 0.0 0.3421393095518095 0.34953813015350815 0.3083225602946826
9 688.0 0.0 -1.0 -1.0 -1.0 0.0 0.35028416855612643 0.3256003612478231 0.32411547019605036
9 689.0 0.0 -1.0 -1.0 -1.0 0.0 0.3511456800278475 0.34689112362679553 0.30196319634535723
9 690.0 0.0 -1.0 -1.0 -1.0 0.0 0.34011926472419324 0.3145779818849355 0.34530275339087124
9 691.0 0.0 -1.0 -1.0 -1.0 0.0 0.3128120689730381 0.33086312918072486 0.3563248018462373
9 692.0 0.0 -1.0 -1.0 -1.0 0.0 0.3402443246707363 0.30092868394176425 0.3588269913874994
9 693.0 0.0 -1.0 -1.0 -1.0 0.0 0.3185574691660501 0.3055044926585653 0.37593803817538485
9 694.0 0.0 -1.0 -1.0 -1.0 0.0 0.3280805905084721 0.3238990204919235 0.3480203889996044
9 695.0 0.0 -1.0 -1.0 -1.0 0.0 0.32068883690822536 0.33074532326229045 0.348565839829484
9 696.0 0.0 -1.0 -1.0 -1.0 0.0 0.2950661847570421 0.3842336075220819 0.3207002077208759
9 697.0 0.0 -1.0 -1.0 -1.0 0.0 0.2924083276958967 0.35586501385820235 0.3517266584459009
9 698.0 0.0 -1.0 -1.0 -1.0 0.0 0.3278381859632444 0.3216752444182607 0.35048656961849517
9 699.0 0.0 -1.0 -1.0 -1.0 0.0 0.33801693267843924 0.3071839733837752 0.3547990939377856
9 700.0 0.0 -1.0 -1.0 -1.0 0.0 0.31528896607056933 0.30306067827111366 0.381650355658317
9 701.0 0.0 -1.0 -1.0 -1.0 0.0 0.34743990615254283 0.2975368792394911 0.3550232146079662
9 702.0 0.0 -1.0 -1.0 -1.0 0.0 0.33832897166630893 0.3172574914390075 0.3444135368946835
9 703.0 0.0 -1.0 -1.0 -1.0 0.0 0.3156490368592105 0.2993572716281083 0.38499369151268126
9 704.0 0.0 -1.0 -1.0 -1.0 0.0 0.31116869915888534 0.3058266254383942 0.38300467540272026
9 705.0 0.0 -1.0 -1.0 -1.0 0.0 0.3116979745229478 0.31441115475220677 0.3738908707248456
9 706.0 0.0 -1.0 -1.0 -1.0 0.0 0.3221343410642089 0.3297557947768757 0.34810986415891515
9 707.0 0.0 -1.0 -1.0 -1.0 0.0 0.31979442282432113 0.3492579890645541 0.3309475881111248
9 708.0 0.0 -1.0 -1.0 -1.0 0.0 0.3055931203776886 0.3535439441947718 0.3408629354275394
9 709.0 0.0 -1.0 -1.0 -1.0 0.0 0.32537362384452906 0.3390715614959513 0.33555481465951964
9 710.0 0.0 -1.0 -1.0 -1.0 0.0 0.33389635847853477 0.3394416962769703 0.32666194524449493
9 711.0 0.0 -1.0 -1.0 -1.0 0.0 0.35252172560843875 0.3399682582191085 0.30751001617245294
9 712.0 0.0 -1.0 -1.0 -1.0 0.0 0.34061675851223994 0.33991404410120274 0.3194691973865573
9 713.0 0.0 -1.0 -1.0 -1.0 0.0 0.34090556057871857 0.33608044727405056 0.3230139921472309
9 714.0 0.0 -1.0 -1.0 -1.0 0.0 0.335833031962776 0.3175878292907123 0.34657913874651186
9 715.0 0.0 -1.0 -1.0 -1.0 0.0 0.3507640891378837 0.2852702349378757 0.3639656759242409
9 716.0 0.0 -1.0 -1.0 -1.0 0.0 0.35081387389919433 0.3061010581842749 0.34308506791653054
9 717.0 0.0 -1.0 -1.0 -1.0 0.0 0.3594039832150302 0.32758649610220353 0.3130095206827662
9 718.0 0.0 -1.0 -1.0 -1.0 0.0 0.3274782396703483 0.33041223333984887 0.342109526989803
9 719.0 0.0 -1.0 -1.0 -1.0 0.0 0.362457020587894 0.3243146334439704 0.3132283459681357
9 720.0 0.0 -1.0 -1.0 -1.0 0.0 0.36552814021347046 0.31270890237788906 0.3217629574086406
9 721.0 0.0 -1.0 -1.0 -1.0 0.0 0.3640212151568285 0.3318099178396249 0.30416886700354656
9 722.0 0.0 -1.0 -1.0 -1.0 0.0 0.3174875597840242 0.3501083433087597 0.332404096907216
9 723.0 0.0 -1.0 -1.0 -1.0 0.0 0.3152334713778917 0.3435035975322321 0.3412629310898763
9 724.0 0.0 -1.0 -1.0 -1.0 0.0 0.3142434004583992 0.34482527359337745 0.34093132594822306
9 725.0 0.0 -1.0 -1.0 -1.0 0.0 0.32452977811375255 0.356648829604428 0.3188213922818192
9 726.0 0.0 -1.0 -1.0 -1.0 0.0 0.35474389366403725 0.3211023247942942 0.32415378154166874
9 727.0 0.0 -1.0 -1.0 -1.0 0.0 0.3305295029543415 0.3304431154383105 0.33902738160734786
9 728.0 0.0 -1.0 -1.0 -1.0 0.0 0.3194016750527954 0.3314515312266964 0.3491467937205083
9 729.0 0.0 -1.0 -1.0 -1.0 0.0 0.30363163200685667 0.3298322831304683 0.36653608486267514
9 730.0 0.0 -1.0 -1.0 -1.0 0.0 0.31392466050644474 0.3151703801335953 0.3709049593599598
9 731.0 0.0 -1.0 -1.0 -1.0 0.0 0.3191067841424233 0.32127298075116717 0.3596202351064094
9 732.0 0.0 -1.0 -1.0 -1.0 0.0 0.29375007550193516 0.34248703196449476 0.3637628925335699
9 733.0 0.0 -1.0 -1.0 -1.0 0.0 0.2988678600781591 0.361056341368666 0.34007579855317466
9 734.0 0.0 -1.0 -1.0 -1.0 0.0 0.32216311113800744 0.3520612045037771 0.3257756843582154
9 735.0 0.0 -1.0 -1.0 -1.0 0.0 0.32944222998765016 0.335335382859417 0.3352223871529326
9 736.0 0.0 -1.0 -1.0 -1.0 0.0 0.3475670426209176 0.3096816853201831 0.34275127205889894
9 737.0 0.0 -1.0 -1.0 -1.0 0.0 0.3658516542102245 0.29152576735662866 0.3426225784331467
9 738.0 0.0 -1.0 -1.0 -1.0 0.0 0.3560053104327647 0.2808053977363945 0.3631892918308408
9 739.0 0.0 -1.0 -1.0 -1.0 0.0 0.3855031655919887 0.2700653192719044 0.34443151513610715
9 740.0 0.0 -1.0 -1.0 -1.0 0.0 0.3597576564239614 0.2701492386683818 0.37009310490765673
9 741.0 0.0 -1.0 -1.0 -1.0 0.0 0.37374824574429305 0.2686635136351243 0.35758824062058225
9 742.0 0.0 -1.0 -1.0 -1.0 0.0 0.3956212893132791 0.2799843047853265 0.3243944059013942
9 743.0 0.0 -1.0 -1.0 -1.0 0.0 0.40608847081008603 0.2941357009238708 0.2997758282660431
9 744.0 0.0 -1.0 -1.0 -1.0 0.0 0.3955021940703963 0.29636902482946437 0.30812878110013925
9 745.0 0.0 -1.0 -1.0 -1.0 0.0 0.3795257182103551 0.2909454465704838 0.329528835219161
9 746.0 0.0 -1.0 -1.0 -1.0 0.0 0.36953916849527774 0.26745079613802647 0.36301003536669596
9 747.0 0.0 -1.0 -1.0 -1.0 0.0 0.3787202769248541 0.2673432513574318 0.35393647171771386
9 748.0 0.0 -1.0 -1.0 -1.0 0.0 0.350273814764686 0.3108004713851507 0.3389257138501634
9 749.0 0.0 -1.0 -1.0 -1.0 0.0 0.34339905599783466 0.3049157710152652 0.3516851729869003
9 750.0 0.0 -1.0 -1.0 -1.0 0.0 0.34425979448693655 0.29413407442321227 0.36160613108985123
9 751.0 0.0 -1.0 -1.0 -1.0 0.0 0.3584390541670527 0.30531488479872615 0.33624606103422094
9 752.0 0.0 -1.0 -1.0 -1.0 0.0 0.3390829488912452 0.3307331205531303 0.3301839305556246
9 753.0 0.0 -1.0 -1.0 -1.0 0.0 0.3619877199036548 0.30460750652619994 0.33340477357014536
9 754.0 0.0 -1.0 -1.0 -1.0 0.0 0.34873277772726746 0.3276575638326175 0.3236096584401151
9 755.0 0.0 -1.0 -1.0 -1.0 0.0 0.34200603185410794 0.3385865668352503 0.31940740131064194
9 756.0 0.0 -1.0 -1.0 -1.0 0.0 0.36574412534265277 0.32324955893804863 0.3110063157192986
9 757.0 0.0 -1.0 -1.0 -1.0 0.0 0.340899211242968 0.31379339746599005 0.345307391291042
9 758.0 0.0 -1.0 -1.0 -1.0 0.0 0.3718036943141962 0.30420100311849824 0.3239953025673057
9 759.0 0.0 -1.0 -1.0 -1.0 0.0 0.3859212189586657 0.29474556716119477 0.3193332138801395
9 760.0 0.0 -1.0 -1.0 -1.0 0.0 0.3690299621431983 0.3038294023216901 0.3271406355351117
9 761.0 0.0 -1.0 -1.0 -1.0 0.0 0.3672142550061394 0.28834789729451027 0.3444378476993505
9 762.0 0.0 -1.0 -1.0 -1.0 0.0 0.3622129129608041 0.28930053861452004 0.34848654842467597
9 763.0 0.0 -1.0 -1.0 -1.0 0.0 0.35532699409459445 0.2790523768398476 0.3656206290655578
9 764.0 0.0 -1.0 -1.0 -1.0 0.0 0.36679014358942574 0.2693321729168485 0.36387768349372573
9 765.0 0.0 -1.0 -1.0 -1.0 0.0 0.388647028776502 0.27686641170110665 0.3344865595223916
9 766.0 0.0 -1.0 -1.0 -1.0 0.0 0.3513817694751481 0.3029223343956005 0.3456958961292513
9 767.0 0.0 -1.0 -1.0 -1.0 0.0 0.3708157683442604 0.29410624624836773 0.335077985407372
9 768.0 0.0 -1.0 -1.0 -1.0 0.0 0.3915409753549526 0.2602322243282575 0.34822680031678976
9 769.0 0.0 -1.0 -1.0 -1.0 0.0 0.3831637480741435 0.2705311792637288 0.34630507266212773
9 770.0 0.0 -1.0 -1.0 -1.0 0.0 0.3957762656156008 0.272461419790176 0.33176231459422323
9 771.0 0.0 -1.0 -1.0 -1.0 0.0 0.35818344744832603 0.2982605308089313 0.34355602174274297
9 772.0 0.0 -1.0 -1.0 -1.0 0.0 0.33954081810469716 0.3340975043631802 0.3263616775321224
9 773.0 0.0 -1.0 -1.0 -1.0 0.0 0.3542114063092747 0.3272470621629543 0.318541531527771
9 774.0 0.0 -1.0 -1.0 -1.0 0.0 0.32187375854211386 0.3475351248000086 0.33059111665787755
9 775.0 0.0 -1.0 -1.0 -1.0 0.0 0.31793596227064613 0.3220012797462679 0.36006275798308607
9 776.0 0.0 -1.0 -1.0 -1.0 0.0 0.3230046602101166 0.3359023958742142 0.34109294391566897
9 777.0 0.0 -1.0 -1.0 -1.0 0.0 0.3206150218767598 0.34242825494052964 0.3369567231827106
9 778.0 0.0 -1.0 -1.0 -1.0 0.0 0.2942894842330913 0.3558082185890715 0.3499022971778371
9 779.0 0.0 -1.0 -1.0 -1.0 0.0 0.28449486355855824 0.3800394703892702 0.33546566605217154
9 780.0 0.0 -1.0 -1.0 -1.0 0.0 0.2962899225487017 0.3775841880703287 0.32612588938096976
9 781.0 0.0 -1.0 -1.0 -1.0 0.0 0.32526223272915233 0.37325070854101416 0.30148705872983367
9 782.0 0.0 -1.0 -1.0 -1.0 0.0 0.3473436179167924 0.3806954400702495 0.2719609420129583
9 783.0 0.0 -1.0 -1.0 -1.0 0.0 0.3460080108711445 0.3815059111526948 0.27248607797616065
9 784.0 0.0 -1.0 -1.0 -1.0 0.0 0.3635617656181236 0.3624387906996302 0.27399944368224616
9 785.0 0.0 -1.0 -1.0 -1.0 0.0 0.362427209384901 0.36928949197347577 0.26828329864162337
9 786.0 0.0 -1.0 -1.0 -1.0 0.0 0.3579841026901704 0.3583505858835773 0.2836653114262522
9 787.0 0.0 -1.0 -1.0 -1.0 0.0 0.3309133082070542 0.35766525977004854 0.31142143202289735
9 788.0 0.0 -1.0 -1.0 -1.0 0.0 0.33148418341182895 0.3464140337024142 0.32210178288575697
9 789.0 0.0 -1.0 -1.0 -1.0 0.0 0.3382465947541512 0.33232886250624966 0.32942454273959937
9 790.0 0.0 -1.0 -1.0 -1.0 0.0 0.3482925422431306 0.32429209945907933 0.32741535829779017
9 791.0 0.0 -1.0 -1.0 -1.0 0.0 0.32159550329465747 0.33648721922406666 0.3419172774812759
9 792.0 0.0 -1.0 -1.0 -1.0 0.0 0.3324473615125089 0.3521349673297991 0.315417671157692
9 793.0 0.0 -1.0 -1.0 -1.0 0.0 0.34919416035435064 0.33063063046016483 0.32017520918548475
9 794.0 0.0 -1.0 -1.0 -1.0 0.0 0.33194782757495334 0.338623237574734 0.32942893485031277
9 795.0 0.0 -1.0 -1.0 -1.0 0.0 0.33889622314118995 0.32001370311079996 0.3410900737480101
9 796.0 0.0 -1.0 -1.0 -1.0 0.0 0.3185242012277158 0.32792063633384544 0.3535551624384387
9 797.0 0.0 -1.0 -1.0 -1.0 0.0 0.30562470383708945 0.33251899417863556 0.36185630198427515
9 798.0 0.0 -1.0 -1.0 -1.0 0.0 0.32885865431518996 0.29523571578335306 0.37590562990145704
9 799.0 0.0 -1.0 -1.0 -1.0 0.0 0.3324484954743421 0.30825567895396966 0.3592958255716882
9 800.0 0.0 -1.0 -1.0 -1.0 0.0 0.30901028071359005 0.31331240817602557 0.37767731111038444
9 801.0 0.0 -1.0 -1.0 -1.0 0.0 0.30325729820584507 0.32447368932097825 0.3722690124731767
9 802.0 0.0 -1.0 -1.0 -1.0 0.0 0.32446026242150433 0.33992181788338577 0.3356179196951099
9 803.0 0.0 -1.0 -1.0 -1.0 0.0 0.3278934775275777 0.32896205948290813 0.3431444629895144
9 804.0 0.0 -1.0 -1.0 -1.0 0.0 0.3377781823534103 0.32599201047868237 0.33622980716790735
9 805.0 0.0 -1.0 -1.0 -1.0 0.0 0.31676469410290425 0.34896172790191327 0.33427357799518254
9 806.0 0.0 -1.0 -1.0 -1.0 0.0 0.33090748638945816 0.3489489073895811 0.3201436062209605
9 807.0 0.0 -1.0 -1.0 -1.0 0.0 0.3247713139142606 0.3569342996444746 0.31829438644126484
9 808.0 0.0 -1.0 -1.0 -1.0 0.0 0.3309588119691419 0.3442508771983635 0.3247903108324948
9 809.0 0.0 -1.0 -1.0 -1.0 0.0 0.2932509240231027 0.35410457896550646 0.3526444970113908
9 810.0 0.0 -1.0 -1.0 -1.0 0.0 0.29241707129520733 0.3820185296115538 0.32556439909323875
9 811.0 0.0 -1.0 -1.0 -1.0 0.0 0.3194796736575059 0.3746910813227025 0.30582924501979164
9 812.0 0.0 -1.0 -1.0 -1.0 0.0 0.34442120707209367 0.3574207725093341 0.2981580204185723
9 813.0 0.0 -1.0 -1.0 -1.0 0.0 0.3262163988146531 0.35813717975704984 0.31564642142829724
9 814.0 0.0 -1.0 -1.0 -1.0 0.0 0.3317805563793913 0.331731156765248 0.33648828685536075
9 815.0 0.0 -1.0 -1.0 -1.0 0.0 0.3307302483474206 0.31882891174139383 0.3504408399111854
9 816.0 0.0 -1.0 -1.0 -1.0 0.0 0.33209796122334695 0.33269047569188265 0.3352115630847706
9 817.0 0.0 -1.0 -1.0 -1.0 0.0 0.31848091613718404 0.3497299469549718 0.331789136907844
9 818.0 0.0 -1.0 -1.0 -1.0 0.0 0.2939903798813504 0.35378273564181567 0.3522268844768338
9 819.0 0.0 -1.0 -1.0 -1.0 0.0 0.31075233871118557 0.327377783006619 0.3618698782821953
9 820.0 0.0 -1.0 -1.0 -1.0 0.0 0.3288877908395657 0.3296503973278692 0.3414618118325652
9 821.0 0.0 -1.0 -1.0 -1.0 0.0 0.3227913637835367 0.32243980305518527 0.35476883316127805
9 822.0 0.0 -1.0 -1.0 -1.0 0.0 0.3510470729919539 0.2954807124183997 0.35347221458964645
9 823.0 0.0 -1.0 -1.0 -1.0 0.0 0.3371030189737394 0.3188514507392896 0.3440455302869711
9 824.0 0.0 -1.0 -1.0 -1.0 0.0 0.35936051495578886 0.3166361559072584 0.3240033291369527
9 825.0 0.0 -1.0 -1.0 -1.0 0.0 0.36372715897934405 0.3088635773686791 0.32740926365197676
9 826.0 0.0 -1.0 -1.0 -1.0 0.0 0.33373425404796686 0.3201359724063195 0.346129773545714
9 827.0 0.0 -1.0 -1.0 -1.0 0.0 0.3319332268473641 0.32155945075468245 0.3465073223979536
9 828.0 0.0 -1.0 -1.0 -1.0 0.0 0.3053870709160666 0.3197788408214961 0.3748340882624373
9 829.0 0.0 -1.0 -1.0 -1.0 0.0 0.32428139056268124 0.3114566378980441 0.36426197153927475
9 830.0 0.0 -1.0 -1.0 -1.0 0.0 0.3270106295450482 0.32710476118311776 0.34588460927183406
9 831.0 0.0 -1.0 -1.0 -1.0 0.0 0.3207017405849531 0.329984427821724 0.3493138315933227
9 832.0 0.0 -1.0 -1.0 -1.0 0.0 0.36171621894521844 0.31578591027925546 0.3224978707755263
9 833.0 0.0 -1.0 -1.0 -1.0 0.0 0.36836025193022964 0.3056509149744722 0.32598883309529825
9 834.0 0.0 -1.0 -1.0 -1.0 0.0 0.3782626851147162 0.28217829695020286 0.33955901793508114
9 835.0 0.0 -1.0 -1.0 -1.0 0.0 0.36508856147251484 0.29733402001627773 0.33757741851120765
9 836.0 0.0 -1.0 -1.0 -1.0 0.0 0.3746638036309244 0.31120491170737313 0.31413128466170237
9 837.0 0.0 -1.0 -1.0 -1.0 0.0 0.373387211130165 0.3162861904405488 0.310326598429286
9 838.0 0.0 -1.0 -1.0 -1.0 0.0 0.36327314166037256 0.3207996629326614 0.31592719540696623
9 839.0 0.0 -1.0 -1.0 -1.0 0.0 0.36923085232221076 0.3276914678666424 0.3030776798111468
9 840.0 0.0 -1.0 -1.0 -1.0 0.0 0.38196643675441133 0.2921791550635606 0.32585440818202804
9 841.0 0.0 -1.0 -1.0 -1.0 0.0 0.37975398249512926 0.3045075427294397 0.3157384747754312
9 842.0 0.0 -1.0 -1.0 -1.0 0.0 0.37589223806606836 0.31386197940884913 0.3102457825250828
9 843.0 0.0 -1.0 -1.0 -1.0 0.0 0.36911082962009545 0.3083943813253332 0.32249478905457124
9 844.0 0.0 -1.0 -1.0 -1.0 0.0 0.3555194327527997 0.30520293737850823 0.33927762986869225
9 845.0 0.0 -1.0 -1.0 -1.0 0.0 0.3335747149293614 0.33457412038489553 0.33185116468574305
9 846.0 0.0 -1.0 -1.0 -1.0 0.0 0.3200608062720142 0.3331004397895061 0.3468387539384798
9 847.0 0.0 -1.0 -1.0 -1.0 0.0 0.32096457044489296 0.3269428104367171 0.3520926191183901
9 848.0 0.0 -1.0 -1.0 -1.0 0.0 0.3607288339928693 0.31459451238044855 0.3246766536266823
9 849.0 0.0 -1.0 -1.0 -1.0 0.0 0.35777019238656105 0.32287340867679143 0.31935639893664747
9 850.0 0.0 -1.0 -1.0 -1.0 0.0 0.3287382344325024 0.33286851815654545 0.33839324741095245
9 851.0 0.0 -1.0 -1.0 -1.0 0.0 0.33868846851144363 0.32936800130809646 0.33194353018046024
9 852.0 0.0 -1.0 -1.0 -1.0 0.0 0.31904751550244836 0.35185634679158667 0.32909613770596524
9 853.0 0.0 -1.0 -1.0 -1.0 0.0 0.3361807942645337 0.33671213282616536 0.32710707290930074
9 854.0 0.0 -1.0 -1.0 -1.0 0.0 0.3147309422781009 0.34153475021350294 0.343734307508396
9 855.0 0.0 -1.0 -1.0 -1.0 0.0 0.31769302875813815 0.30408082809981607 0.3782261431420458
9 856.0 0.0 -1.0 -1.0 -1.0 0.0 0.3240897061909307 0.29327778386808245 0.38263250994098663
9 857.0 0.0 -1.0 -1.0 -1.0 0.0 0.33882796241802554 0.3084209535495394 0.35275108403243505
9 858.0 0.0 -1.0 -1.0 -1.0 0.0 0.3533068103170034 0.30448174633159153 0.34221144335140524
9 859.0 0.0 -1.0 -1.0 -1.0 0.0 0.37098384954206176 0.2977930757993672 0.33122307465857104
9 860.0 0.0 -1.0 -1.0 -1.0 0.0 0.3807257138140636 0.2779230214449301 0.3413512647410063
9 861.0 0.0 -1.0 -1.0 -1.0 0.0 0.35554464420362925 0.3127153786935397 0.33173997710283076
9 862.0 0.0 -1.0 -1.0 -1.0 0.0 0.3307810665986999 0.32286482220420143 0.3463541111970989
9 863.0 0.0 -1.0 -1.0 -1.0 0.0 0.3215170125357669 0.32368088196767536 0.35480210549655744
9 864.0 0.0 -1.0 -1.0 -1.0 0.0 0.34822302654971776 0.30798581605406783 0.34379115739621463
9 865.0 0.0 -1.0 -1.0 -1.0 0.0 0.36717206650617895 0.3229171639653215 0.3099107695284995
9 866.0 0.0 -1.0 -1.0 -1.0 0.0 0.36215613812443087 0.3238561597374303 0.3139877021381388
9 867.0 0.0 -1.0 -1.0 -1.0 0.0 0.3820799335573251 0.31148732093714065 0.30643274550553434
9 868.0 0.0 -1.0 -1.0 -1.0 0.0 0.39250644306528537 0.30010215320549877 0.3073914037292158
9 869.0 0.0 -1.0 -1.0 -1.0 0.0 0.3487378197892372 0.29819476756714375 0.353067412643619
9 870.0 0.0 -1.0 -1.0 -1.0 0.0 0.34704275429450004 0.27797486239649255 0.37498238330900746
9 871.0 0.0 -1.0 -1.0 -1.0 0.0 0.3586562840331364 0.26216941349960776 0.3791743024672558
9 872.0 0.0 -1.0 -1.0 -1.0 0.0 0.3664750603209309 0.26346704831307965 0.37005789136598966
9 873.0 0.0 -1.0 -1.0 -1.0 0.0 0.36503498535649287 0.27865464027345094 0.3563103743700562
9 874.0 0.0 -1.0 -1.0 -1.0 0.0 0.3502989282855565 0.29534799785570326 0.35435307385874026
9 875.0 0.0 -1.0 -1.0 -1.0 0.0 0.3534700238530657 0.29567392081651706 0.3508560553304172
9 876.0 0.0 -1.0 -1.0 -1.0 0.0 0.3572230127420219 0.2731670831662308 0.36960990409174727
9 877.0 0.0 -1.0 -1.0 -1.0 0.0 0.37848676010801635 0.28109382442675995 0.34041941546522375
9 878.0 0.0 -1.0 -1.0 -1.0 0.0 0.3806113018334266 0.2843597381666008 0.3350289599999725
9 879.0 0.0 -1.0 -1.0 -1.0 0.0 0.3696864642424699 0.3190551857976297 0.31125834995990037
9 880.0 0.0 -1.0 -1.0 -1.0 0.0 0.34410019924543717 0.32307535855574165 0.3328244421988212
9 881.0 0.0 -1.0 -1.0 -1.0 0.0 0.347174971350271 0.3161924392582342 0.3366325893914951
9 882.0 0.0 -1.0 -1.0 -1.0 0.0 0.32303526296392276 0.30625714588150066 0.3707075911545767
9 883.0 0.0 -1.0 -1.0 -1.0 0.0 0.34501770037780277 0.3153016645051086 0.3396806351170889
9 884.0 0.0 -1.0 -1.0 -1.0 0.0 0.35193781057873147 0.2926350249130391 0.35542716450822937
9 885.0 0.0 -1.0 -1.0 -1.0 0.0 0.3763042991589818 0.3013048098495787 0.32239089099143925
9 886.0 0.0 -1.0 -1.0 -1.0 0.0 0.3442762824455226 0.3257327583675136 0.32999095918696364
9 887.0 0.0 -1.0 -1.0 -1.0 0.0 0.3436435799079371 0.3435432964233612 0.31281312366870195
9 888.0 0.0 -1.0 -1.0 -1.0 0.0 0.3632341982168569 0.3363196084288728 0.30044619335427014
9 889.0 0.0 -1.0 -1.0 -1.0 0.0 0.374257458258587 0.31303319565472587 0.3127093460866871
9 890.0 0.0 -1.0 -1.0 -1.0 0.0 0.3750853028090699 0.3165969978308618 0.3083176993600683
9 891.0 0.0 -1.0 -1.0 -1.0 0.0 0.34189639050899784 0.3353284211504723 0.32277518834053
9 892.0 0.0 -1.0 -1.0 -1.0 0.0 0.323477670400162 0.3332460139717406 0.34327631562809735
9 893.0 0.0 -1.0 -1.0 -1.0 0.0 0.33627674835466875 0.31904871491219416 0.3446745367331372
9 894.0 0.0 -1.0 -1.0 -1.0 0.0 0.34328444918685724 0.322540461537599 0.33417508927554374
9 895.0 0.0 -1.0 -1.0 -1.0 0.0 0.3459856735151706 0.3011047647841422 0.3529095617006871
9 896.0 0.0 -1.0 -1.0 -1.0 0.0 0.3303833809118371 0.2939567772962329 0.37565984179193
9 897.0 0.0 -1.0 -1.0 -1.0 0.0 0.33196495044553354 0.30078692645722666 0.3672481230972396
9 898.0 0.0 -1.0 -1.0 -1.0 0.0 0.32126840288046665 0.3364226304661279 0.34230896665340543
9 899.0 0.0 -1.0 -1.0 -1.0 0.0 0.3239558977878502 0.34416503502182677 0.3318790671903233
9 900.0 0.0 -1.0 -1.0 -1.0 0.0 0.3330148752652688 0.33185848521480144 0.33512663951993005
9 901.0 0.0 -1.0 -1.0 -1.0 0.0 0.31509828512101934 0.34253383834752055 0.34236787653146034
9 902.0 0.0 -1.0 -1.0 -1.0 0.0 0.30877442225840024 0.3369286063356939 0.3542969714059062
9 903.0 0.0 -1.0 -1.0 -1.0 0.0 0.28422822592214675 0.3615011903052997 0.35427058377255377
9 904.0 0.0 -1.0 -1.0 -1.0 0.0 0.3134780150983961 0.33011529095161846 0.35640669394998525
9 905.0 0.0 -1.0 -1.0 -1.0 0.0 0.31226492798463074 0.35236729871085926 0.3353677733045099
9 906.0 0.0 -1.0 -1.0 -1.0 0.0 0.3268982604191586 0.3513939410757457 0.32170779850509595
9 907.0 0.0 -1.0 -1.0 -1.0 0.0 0.3440345698864491 0.3209099824217097 0.3350554476918413
9 908.0 0.0 -1.0 -1.0 -1.0 0.0 0.3590816523173219 0.314281960010753 0.3266363876719253
9 909.0 0.0 -1.0 -1.0 -1.0 0.0 0.32986732301236243 0.3098740327225522 0.36025864426508536
9 910.0 0.0 -1.0 -1.0 -1.0 0.0 0.3190381757122408 0.32346879212382135 0.3574930321639379
9 911.0 0.0 -1.0 -1.0 -1.0 0.0 0.33253729709606994 0.30777433142625016 0.3596883714776798
9 912.0 0.0 -1.0 -1.0 -1.0 0.0 0.3225358275637911 0.3288300160429835 0.3486341563932255
9 913.0 0.0 -1.0 -1.0 -1.0 0.0 0.3455559328851994 0.3354677473128597 0.31897631980194074
9 914.0 0.0 -1.0 -1.0 -1.0 0.0 0.3692664411112316 0.3153437213114944 0.31538983757727407
9 915.0 0.0 -1.0 -1.0 -1.0 0.0 0.3528764077211511 0.31309735398151356 0.33402623829733513
9 916.0 0.0 -1.0 -1.0 -1.0 0.0 0.3483245970953194 0.31669811623919275 0.33497728666548804
9 917.0 0.0 -1.0 -1.0 -1.0 0.0 0.3351357546530649 0.32271300078239973 0.3421512445645352
9 918.0 0.0 -1.0 -1.0 -1.0 0.0 0.33411884348250076 0.311878605218038 0.3540025512994612
9 919.0 0.0 -1.0 -1.0 -1.0 0.0 0.3258265099504303 0.3315308881648417 0.3426426018847281
9 920.0 0.0 -1.0 -1.0 -1.0 0.0 0.32954603344376315 0.33959274372854614 0.3308612228276906
9 921.0 0.0 -1.0 -1.0 -1.0 0.0 0.3199864958478515 0.3445200246126758 0.3354934795394726
9 922.0 0.0 -1.0 -1.0 -1.0 0.0 0.3248563955032578 0.3688484711805831 0.3062951333161591
9 923.0 0.0 -1.0 -1.0 -1.0 0.0 0.3125687279008757 0.35933770590432823 0.328093566194796
9 924.0 0.0 -1.0 -1.0 -1.0 0.0 0.2949650038562027 0.3470791950143409 0.35795580112945635
9 925.0 0.0 -1.0 -1.0 -1.0 0.0 0.28292542678925053 0.33899486213603014 0.37807971107471927
9 926.0 0.0 -1.0 -1.0 -1.0 0.0 0.29521309549393476 0.3316004274650981 0.37318647704096714
9 927.0 0.0 -1.0 -1.0 -1.0 0.0 0.29757371860971893 0.3383770686869609 0.36404921270332014
9 928.0 0.0 -1.0 -1.0 -1.0 0.0 0.29305998346143314 0.3537231943912282 0.3532168221473387
9 929.0 0.0 -1.0 -1.0 -1.0 0.0 0.3024249627411553 0.3497890342731535 0.3477860029856911
9 930.0 0.0 -1.0 -1.0 -1.0 0.0 0.3158305536768415 0.3433183351223872 0.3408511112007714
9 931.0 0.0 -1.0 -1.0 -1.0 0.0 0.3278547596566589 0.34976210330003027 0.3223831370433107
9 932.0 0.0 -1.0 -1.0 -1.0 0.0 0.3475101095538071 0.34459601229308595 0.30789387815310726
9 933.0 0.0 -1.0 -1.0 -1.0 0.0 0.3082492810951943 0.3627670110737512 0.3289837078310546
9 934.0 0.0 -1.0 -1.0 -1.0 0.0 0.3375289386495897 0.34970193133954475 0.3127691300108656
9 935.0 0.0 -1.0 -1.0 -1.0 0.0 0.3505518251433063 0.36263525328898644 0.2868129215677073
9 936.0 0.0 -1.0 -1.0 -1.0 0.0 0.34491653811643347 0.3619223070374518 0.29316115484611466
9 937.0 0.0 -1.0 -1.0 -1.0 0.0 0.34536092554606673 0.3247923359223588 0.3298467385315746
9 938.0 0.0 -1.0 -1.0 -1.0 0.0 0.33443474587678773 0.34729302324155237 0.31827223088165973
9 939.0 0.0 -1.0 -1.0 -1.0 0.0 0.30416598743749285 0.3449012834939266 0.35093272906858064
9 940.0 0.0 -1.0 -1.0 -1.0 0.0 0.3297063281441814 0.33843082211550235 0.3318628497403164
9 941.0 0.0 -1.0 -1.0 -1.0 0.0 0.3331936042694934 0.31902257733103395 0.3477838183994726
9 942.0 0.0 -1.0 -1.0 -1.0 0.0 0.3764225860577684 0.3078992929728269 0.3156781209694046
9 943.0 0.0 -1.0 -1.0 -1.0 0.0 0.33564783424418393 0.32172499481708555 0.34262717093873035
9 944.0 0.0 -1.0 -1.0 -1.0 0.0 0.31889369005505447 0.34435356495680225 0.3367527449881434
9 945.0 0.0 -1.0 -1.0 -1.0 0.0 0.31731164067560175 0.3272546511647016 0.35543370815969666
9 946.0 0.0 -1.0 -1.0 -1.0 0.0 0.3603376042285171 0.3225352964685999 0.31712709930288296
9 947.0 0.0 -1.0 -1.0 -1.0 0.0 0.35097105362605063 0.32532873462723527 0.3237002117467142
9 948.0 0.0 -1.0 -1.0 -1.0 0.0 0.3456909365767049 0.3460331584859546 0.3082759049373404
9 949.0 0.0 -1.0 -1.0 -1.0 0.0 0.3275366434262096 0.33714414081640337 0.3353192157573874
9 950.0 0.0 -1.0 -1.0 -1.0 0.0 0.34224122359512843 0.33948337909284726 0.3182753973120245
9 951.0 0.0 -1.0 -1.0 -1.0 0.0 0.34272417303788855 0.3210885100028405 0.33618731695927084
9 952.0 0.0 -1.0 -1.0 -1.0 0.0 0.31727016590889895 0.33818368927213754 0.3445461448189638
9 953.0 0.0 -1.0 -1.0 -1.0 0.0 0.2912732966654953 0.36178685721416715 0.34693984612033746
9 954.0 0.0 -1.0 -1.0 -1.0 0.0 0.3179265113229029 0.3268598591594026 0.35521362951769453
9 955.0 0.0 -1.0 -1.0 -1.0 0.0 0.3103414118190014 0.32627692006814035 0.36338166811285816
9 956.0 0.0 -1.0 -1.0 -1.0 0.0 0.32962530159438663 0.3116578111862257 0.35871688721938766
9 957.0 0.0 -1.0 -1.0 -1.0 0.0 0.3403979262178894 0.2962518863733351 0.3633501874087757
9 958.0 0.0 -1.0 -1.0 -1.0 0.0 0.31588908374818336 0.29767760537104027 0.38643331088077637
9 959.0 0.0 -1.0 -1.0 -1.0 0.0 0.32834796289661083 0.3124615443379566 0.35919049276543275
9 960.0 0.0 -1.0 -1.0 -1.0 0.0 0.3323975517363217 0.3156988732973631 0.3519035749663154
9 961.0 0.0 -1.0 -1.0 -1.0 0.0 0.331855354883825 0.3405975938215082 0.3275470512946669
9 962.0 0.0 -1.0 -1.0 -1.0 0.0 0.30657752637085417 0.3340996632031555 0.35932281042599057
9 963.0 0.0 -1.0 -1.0 -1.0 0.0 0.3054119056845132 0.3460738073937312 0.3485142869217558
9 964.0 0.0 -1.0 -1.0 -1.0 0.0 0.3274764415116941 0.3209621223746017 0.3515614361137043
9 965.0 0.0 -1.0 -1.0 -1.0 0.0 0.3345272649759752 0.3119867721877356 0.35348596283628936
9 966.0 0.0 -1.0 -1.0 -1.0 0.0 0.33571877792683985 0.3109960986981137 0.35328512337504664
9 967.0 0.0 -1.0 -1.0 -1.0 0.0 0.3474413309676592 0.287081541589637 0.3654771274427037
9 968.0 0.0 -1.0 -1.0 -1.0 0.0 0.34708932270046866 0.29335419064429896 0.35955648665523265
9 969.0 0.0 -1.0 -1.0 -1.0 0.0 0.3608181018606363 0.2983606790662161 0.3408212190731475
9 970.0 0.0 -1.0 -1.0 -1.0 0.0 0.36599234916686085 0.3202971501578877 0.31371050067525147
9 971.0 0.0 -1.0 -1.0 -1.0 0.0 0.33776659997789593 0.30969704768245354 0.3525363523396504
9 972.0 0.0 -1.0 -1.0 -1.0 0.0 0.3492636673412262 0.2771121405949673 0.3736241920638064
9 973.0 0.0 -1.0 -1.0 -1.0 0.0 0.31852169526350427 0.3231180743906003 0.3583602303458953
9 974.0 0.0 -1.0 -1.0 -1.0 0.0 0.31654784028409866 0.31309599931172444 0.3703561604041773
9 975.0 0.0 -1.0 -1.0 -1.0 0.0 0.32218475175846 0.3306816163340963 0.3471336319074435
9 976.0 0.0 -1.0 -1.0 -1.0 0.0 0.325897673689358 0.3295561326570089 0.3445461936536334
9 977.0 0.0 -1.0 -1.0 -1.0 0.0 0.3397003444463984 0.3209923941480256 0.33930726140557604
9 978.0 0.0 -1.0 -1.0 -1.0 0.0 0.3249342362597298 0.3387862221175162 0.33627954162275414
9 979.0 0.0 -1.0 -1.0 -1.0 0.0 0.3240247182350896 0.3436472445957147 0.3323280371691959
9 980.0 0.0 -1.0 -1.0 -1.0 0.0 0.32603526041787395 0.34012887049312146 0.33383586908900453
9 981.0 0.0 -1.0 -1.0 -1.0 0.0 0.3099548655954236 0.37100705550844526 0.319038078896131
9 982.0 0.0 -1.0 -1.0 -1.0 0.0 0.30892477593959883 0.35591901600183384 0.33515620805856755
9 983.0 0.0 -1.0 -1.0 -1.0 0.0 0.3238986145784529 0.33462962962303633 0.3414717557985106
9 984.0 0.0 -1.0 -1.0 -1.0 0.0 0.3171964387095805 0.3222219662308212 0.3605815950595983
9 985.0 0.0 -1.0 -1.0 -1.0 0.0 0.2898985097851751 0.34769000660113053 0.3624114836136944
9 986.0 0.0 -1.0 -1.0 -1.0 0.0 0.3115203711299598 0.34144082670628273 0.3470388021637575
9 987.0 0.0 -1.0 -1.0 -1.0 0.0 0.3457128482044391 0.32977423159837294 0.3245129201971881
9 988.0 0.0 -1.0 -1.0 -1.0 0.0 0.3374598782867831 0.30768897810104695 0.3548511436121701
9 989.0 0.0 -1.0 -1.0 -1.0 0.0 0.35329800120696153 0.3395335024460394 0.3071684963469991
9 990.0 0.0 -1.0 -1.0 -1.0 0.0 0.3432463441424997 0.33392436394717445 0.3228292919103258
9 991.0 0.0 -1.0 -1.0 -1.0 0.0 0.3361403370702194 0.3439682523536064 0.3198914105761744
9 992.0 0.0 -1.0 -1.0 -1.0 0.0 0.34269465314629544 0.3648460062419208 0.2924593406117835
9 993.0 0.0 -1.0 -1.0 -1.0 0.0 0.3292599174372479 0.3514788294621492 0.31926125310060294
9 994.0 0.0 -1.0 -1.0 -1.0 0.0 0.3162144117107386 0.3543320230099743 0.3294535652792869
9 995.0 0.0 -1.0 -1.0 -1.0 0.0 0.33864933430279637 0.33184281479310485 0.32950785090409845
9 996.0 0.0 -1.0 -1.0 -1.0 0.0 0.34214626126161846 0.34563802536269944 0.312215713375682
9 997.0 0.0 -1.0 -1.0 -1.0 0.0 0.3588285190043319 0.3435582718622445 0.29761320913342376
9 998.0 0.0 -1.0 -1.0 -1.0 0.0 0.3459610749580548 0.3557438901647905 0.2982950348771547
9 999.0 0.0 -1.0 -1.0 -1.0 0.0 0.3465375387347854 0.36184745023964526 0.2916150110255694
9 1000.0 0.0 -1.0 -1.0 -1.0 0.0 0.337598427758237 0.3600854786018129 0.3023160936399503
1000000000000000000000000000000000000000000000000000000000000000000000000000000000000000000000000000
-1.0
solo con 1: -100.0
