9 0.0 30.0 -37.0 -160.0 -93.79 49.32909379817852 0.3333333333333333 0.3333333333333333 0.3333333333333333
9 1.0 30.0 -36.0 -160.0 -81.46 47.36862107583735 0.34340218884347024 0.27635689998287183 0.38024091117365794
9 2.0 0.0 -33.0 -160.0 -70.42 43.590421522220325 0.3026479381229221 0.2420237049989465 0.4553283568781314
9 3.0 77.0 -31.0 -160.0 -62.46 41.15391656312735 0.287560470873107 0.19452829554218215 0.5179112335847108
9 4.0 37.0 -29.0 -158.0 -53.11 35.71715344907893 0.27345532127568045 0.17165638465734548 0.5548882940669742
9 5.0 93.0 -24.0 -158.0 -48.01 34.047054486282946 0.26206097184643107 0.14916855807865753 0.5887704700749113
9 6.0 18.0 -22.0 -157.0 -43.88 33.40183264796146 0.22427154742385053 0.1273189143704328 0.6484095382057167
9 7.0 93.0 -20.0 -151.0 -38.26 28.08091483156804 0.18990745303796114 0.1365043723399101 0.6735881746221288
9 8.0 25.0 -20.0 -151.0 -34.7 26.42637953548565 0.16852034944674338 0.1301377352138001 0.7013419153394566
9 9.0 1.0 -19.0 -147.0 -28.71 21.067613615080933 0.15220323174007047 0.129882769762726 0.7179139984972035
9 10.0 1.0 -17.0 -147.0 -25.09 17.99387943078693 0.13967716346000617 0.12309284845621994 0.7372299880837737
9 11.0 26.0 -16.0 -144.0 -21.96 13.28241793735712 0.13854423218102127 0.10473542109613153 0.7567203467228474
9 12.0 20.0 -15.0 -144.0 -20.35 12.929783174102068 0.12566162317586194 0.11281579680157439 0.7615225800225636
9 13.0 90.0 -14.0 -144.0 -18.72 12.884945408569573 0.11192336362759306 0.10333025620412029 0.7847463801682862
9 14.0 4.0 -13.0 -36.0 -16.15 3.0263990003122374 0.1125574705869188 0.10570441466138336 0.7817381147516977
9 15.0 4.0 -11.0 -36.0 -14.61 3.067901595882795 0.09938278588824445 0.10191656186585384 0.7987006522459016
9 16.0 7.0 -10.0 -27.0 -12.98 1.9226454838491827 0.10324072785190186 0.10459157861609934 0.7921676935319987
9 17.0 7.0 -10.0 -17.0 -11.97 1.2264344312442532 0.10328208717015988 0.10906933089273987 0.7876485819371
9 18.0 50.0 -9.0 -15.0 -10.98 1.0539008827717486 0.1024434359728223 0.10197728200169914 0.7955792820254782
9 19.0 6.0 -8.0 -15.0 -10.15 0.9468181696950295 0.10838240720244506 0.10819498269989383 0.7834226100976612
9 20.0 6.0 -7.0 -15.0 -9.36 1.096551066947746 0.11546722881070876 0.10224646613857863 0.782286305050713
9 21.0 16.0 -6.0 -12.0 -8.5 1.1590661514488048 0.10411390317932412 0.10627959122866376 0.7896065055920118
9 22.0 27.0 -5.0 -11.0 -7.5 1.1849221088495243 0.10381286939961326 0.1112528740956378 0.7849342565047489
9 23.0 5.0 -4.0 -11.0 -6.45 1.2257753678897498 0.10116154698817283 0.1017968658045396 0.7970415872072878
9 24.0 13.0 -3.0 -11.0 -5.51 1.23497024869084 0.09791934387201007 0.10580582910347099 0.796274827024519
9 25.0 3.0 -3.0 -10.0 -4.65 1.2091820425896234 0.10450921256534347 0.11912113111862972 0.776369656316027
9 26.0 7.0 -2.0 -9.0 -3.74 1.0310336090692211 0.11080991824635607 0.11339538736206882 0.7757946943915751
9 27.0 82.0 -1.0 -6.0 -2.98 0.8406346808612325 0.11808013729899768 0.1055691153575872 0.776350747343415
9 28.0 3.0 -1.0 -6.0 -2.34 0.9014018263378727 0.11718891755572053 0.10725960262442341 0.775551479819856
9 29.0 3.0 -1.0 -6.0 -1.85 0.8333333333333331 0.13285504314920155 0.11051845490960684 0.7566265019411919
9 30.0 1.0 -1.0 -6.0 -1.35 0.7017294652672372 0.14634034665543896 0.12938562918286847 0.7242740241616922
9 31.0 1.0 -1.0 -3.0 -1.12 0.383497988352882 0.18153639718564307 0.15873803518113225 0.6597255676332244
9 32.0 1.0 -1.0 -3.0 -1.06 0.27779797906341397 0.19805743965363143 0.17694547478384956 0.6249970855625187
9 33.0 0.0 -1.0 -2.0 -1.02 0.1407052941362896 0.23603605998272634 0.23193923818354037 0.5320247018337335
9 34.0 0.0 -1.0 -1.0 -1.0 0.0 0.25405342596965813 0.2535034791460685 0.49244309488427385
9 35.0 0.0 -1.0 -1.0 -1.0 0.0 0.256475461107072 0.2626827421401636 0.4808417967527644
9 36.0 0.0 -1.0 -1.0 -1.0 0.0 0.2520244962072829 0.29331053714050975 0.4546649666522074
9 37.0 0.0 -1.0 -1.0 -1.0 0.0 0.2600427617114961 0.27747153358131355 0.4624857047071905
9 38.0 0.0 -1.0 -1.0 -1.0 0.0 0.2791624739032811 0.307149598389918 0.4136879277068007
9 39.0 0.0 -1.0 -1.0 -1.0 0.0 0.31181112463863814 0.3470731840937589 0.34111569126760277
9 40.0 0.0 -1.0 -1.0 -1.0 0.0 0.3185906020035331 0.3086507067089016 0.3727586912875654
9 41.0 0.0 -1.0 -1.0 -1.0 0.0 0.3355554298120683 0.3044967479553031 0.3599478222326286
9 42.0 0.0 -1.0 -1.0 -1.0 0.0 0.33557173738201695 0.33398310938915365 0.3304451532288293
9 43.0 0.0 -1.0 -1.0 -1.0 0.0 0.3704231935915698 0.32802186712555376 0.30155493928287647
9 44.0 0.0 -1.0 -1.0 -1.0 0.0 0.36555955310877414 0.3105122568060048 0.3239281900852214
9 45.0 0.0 -1.0 -1.0 -1.0 0.0 0.31640311365183044 0.33689198282351207 0.3467049035246575
9 46.0 0.0 -1.0 -1.0 -1.0 0.0 0.3521922507083262 0.34141520093455613 0.3063925483571179
9 47.0 0.0 -1.0 -1.0 -1.0 0.0 0.3723900929046146 0.3329128715190308 0.29469703557635485
9 48.0 0.0 -1.0 -1.0 -1.0 0.0 0.36352020550934205 0.33863327765098233 0.2978465168396755
9 49.0 0.0 -1.0 -1.0 -1.0 0.0 0.3457020108070321 0.3627547554317037 0.2915432337612641
9 50.0 0.0 -1.0 -1.0 -1.0 0.0 0.3363466478528454 0.3778428396054164 0.28581051254173806
9 51.0 0.0 -1.0 -1.0 -1.0 0.0 0.34639414763115056 0.3744666504576588 0.27913920191119035
9 52.0 0.0 -1.0 -1.0 -1.0 0.0 0.3508869363881626 0.3652391006809429 0.28387396293089473
9 53.0 0.0 -1.0 -1.0 -1.0 0.0 0.3425562421265617 0.3387902807707235 0.318653477102715
9 54.0 0.0 -1.0 -1.0 -1.0 0.0 0.383249539398344 0.3247782807723922 0.2919721798292639
9 55.0 0.0 -1.0 -1.0 -1.0 0.0 0.3587296751213849 0.31821027047614686 0.32306005440246816
9 56.0 0.0 -1.0 -1.0 -1.0 0.0 0.36096168484279517 0.32514125348564676 0.313897061671558
9 57.0 0.0 -1.0 -1.0 -1.0 0.0 0.3328084017977171 0.3552467810455668 0.3119448171567162
9 58.0 0.0 -1.0 -1.0 -1.0 0.0 0.33157280559122226 0.36871823004365495 0.2997089643651228
9 59.0 0.0 -1.0 -1.0 -1.0 0.0 0.3152839700550548 0.3706292357028002 0.31408679424214503
9 60.0 0.0 -1.0 -1.0 -1.0 0.0 0.2832632076917634 0.37702810191003466 0.33970869039820195
9 61.0 0.0 -1.0 -1.0 -1.0 0.0 0.2743313448407477 0.35792884476489095 0.3677398103943614
9 62.0 0.0 -1.0 -1.0 -1.0 0.0 0.30022335785404347 0.32347864003021803 0.3762980021157386
9 63.0 0.0 -1.0 -1.0 -1.0 0.0 0.3089782519860493 0.3273645053308221 0.36365724268312855
9 64.0 0.0 -1.0 -1.0 -1.0 0.0 0.30150406999176915 0.3416982049611778 0.3567977250470531
9 65.0 0.0 -1.0 -1.0 -1.0 0.0 0.3219935204903222 0.34160617486934747 0.33640030464033027
9 66.0 0.0 -1.0 -1.0 -1.0 0.0 0.28921072288317695 0.37286910198310574 0.3379201751337176
9 67.0 0.0 -1.0 -1.0 -1.0 0.0 0.2881684626286693 0.34399694046787843 0.3678345969034523
9 68.0 0.0 -1.0 -1.0 -1.0 0.0 0.28824078728057867 0.3434987929450214 0.36826041977439994
9 69.0 0.0 -1.0 -1.0 -1.0 0.0 0.3126470807035584 0.32158667075577946 0.3657662485406622
9 70.0 0.0 -1.0 -1.0 -1.0 0.0 0.2968317016572844 0.32150974729243115 0.3816585510502842
9 71.0 0.0 -1.0 -1.0 -1.0 0.0 0.33307465746051096 0.32884575622547557 0.33807958631401375
9 72.0 0.0 -1.0 -1.0 -1.0 0.0 0.3080623380127318 0.33794914241489976 0.3539885195723685
9 73.0 0.0 -1.0 -1.0 -1.0 0.0 0.3336772496025512 0.30193648915473725 0.3643862612427114
9 74.0 0.0 -1.0 -1.0 -1.0 0.0 0.30604338561703387 0.31294874793647215 0.38100786644649404
9 75.0 0.0 -1.0 -1.0 -1.0 0.0 0.3350022152236949 0.29764394846811226 0.36735383630819285
9 76.0 0.0 -1.0 -1.0 -1.0 0.0 0.3120603224815548 0.3143767194900805 0.37356295802836476
9 77.0 0.0 -1.0 -1.0 -1.0 0.0 0.3226022428617729 0.3167565159780575 0.3606412411601696
9 78.0 0.0 -1.0 -1.0 -1.0 0.0 0.3159022460980231 0.32673540983725496 0.35736234406472195
9 79.0 0.0 -1.0 -1.0 -1.0 0.0 0.3329071154897353 0.33126585041155 0.3358270340987148
9 80.0 0.0 -1.0 -1.0 -1.0 0.0 0.3408761604765492 0.3341369614028856 0.32498687812056515
9 81.0 0.0 -1.0 -1.0 -1.0 0.0 0.36434069990257123 0.32295743672797345 0.31270186336945544
9 82.0 0.0 -1.0 -1.0 -1.0 0.0 0.3741097123451172 0.27887822573971827 0.34701206191516465
9 83.0 0.0 -1.0 -1.0 -1.0 0.0 0.3865636995865296 0.27533376761160855 0.3381025328018618
9 84.0 0.0 -1.0 -1.0 -1.0 0.0 0.35793949421564775 0.314770202837264 0.32729030294708816
9 85.0 0.0 -1.0 -1.0 -1.0 0.0 0.32188097809150856 0.348254179324014 0.3298648425844776
9 86.0 0.0 -1.0 -1.0 -1.0 0.0 0.33994309486023444 0.315050819864386 0.3450060852753796
9 87.0 0.0 -1.0 -1.0 -1.0 0.0 0.3446091596649836 0.3204714716119385 0.3349193687230775
9 88.0 0.0 -1.0 -1.0 -1.0 0.0 0.3492353121750707 0.30161184177011735 0.3491528460548118
9 89.0 0.0 -1.0 -1.0 -1.0 0.0 0.3225563839066325 0.3133851103442212 0.3640585057491462
9 90.0 0.0 -1.0 -1.0 -1.0 0.0 0.32741656101752453 0.2995539580349733 0.3730294809475022
9 91.0 0.0 -1.0 -1.0 -1.0 0.0 0.30711870051193224 0.32758558173623903 0.36529571775182856
9 92.0 0.0 -1.0 -1.0 -1.0 0.0 0.31499314730812755 0.3391732720912508 0.34583358060062147
9 93.0 0.0 -1.0 -1.0 -1.0 0.0 0.31745983774549924 0.32543006299620636 0.35711009925829446
9 94.0 0.0 -1.0 -1.0 -1.0 0.0 0.3145209280316552 0.3420457414075887 0.3434333305607561
9 95.0 0.0 -1.0 -1.0 -1.0 0.0 0.3149495032705788 0.32740262053584657 0.3576478761935748
9 96.0 0.0 -1.0 -1.0 -1.0 0.0 0.32699346627229836 0.31512978450887186 0.3578767492188299
9 97.0 0.0 -1.0 -1.0 -1.0 0.0 0.33167248176808145 0.3086491650259104 0.3596783532060081
9 98.0 0.0 -1.0 -1.0 -1.0 0.0 0.3207846180354206 0.3073940036847733 0.3718213782798061
9 99.0 0.0 -1.0 -1.0 -1.0 0.0 0.32093958053618643 0.30998895603768994 0.36907146342612374
9 100.0 0.0 -1.0 -1.0 -1.0 0.0 0.3260259507057859 0.31517145618692477 0.3588025931072892
9 101.0 0.0 -1.0 -1.0 -1.0 0.0 0.3399153194828745 0.3145134416070976 0.3455712389100281
9 102.0 0.0 -1.0 -1.0 -1.0 0.0 0.33854312153706173 0.3137958374895805 0.34766104097335765
9 103.0 0.0 -1.0 -1.0 -1.0 0.0 0.3556644360671982 0.29218598311376637 0.35214958081903547
9 104.0 0.0 -1.0 -1.0 -1.0 0.0 0.33465290618975274 0.30404591543677295 0.36130117837347414
9 105.0 0.0 -1.0 -1.0 -1.0 0.0 0.32645467232455616 0.30916752775095097 0.364377799924493
9 106.0 0.0 -1.0 -1.0 -1.0 0.0 0.33702359064244164 0.32871721715863955 0.33425919219891875
9 107.0 0.0 -1.0 -1.0 -1.0 0.0 0.33404829572022526 0.32596981514138157 0.33998188913839306
9 108.0 0.0 -1.0 -1.0 -1.0 0.0 0.32673283685729465 0.3196057661753508 0.3536613969673543
9 109.0 0.0 -1.0 -1.0 -1.0 0.0 0.3186412014638408 0.3177568284141442 0.36360197012201495
9 110.0 0.0 -1.0 -1.0 -1.0 0.0 0.3416129012439451 0.31847487659102425 0.33991222216503053
9 111.0 0.0 -1.0 -1.0 -1.0 0.0 0.33297277497783995 0.3302038390646191 0.3368233859575409
9 112.0 0.0 -1.0 -1.0 -1.0 0.0 0.31592342669307244 0.3285634772084697 0.3555130960984578
9 113.0 0.0 -1.0 -1.0 -1.0 0.0 0.32853026717649797 0.3552400856665988 0.31622964715690327
9 114.0 0.0 -1.0 -1.0 -1.0 0.0 0.3205345269442752 0.3678929056530828 0.31157256740264205
9 115.0 0.0 -1.0 -1.0 -1.0 0.0 0.3042977766670932 0.39768666226090554 0.2980155610720012
9 116.0 0.0 -1.0 -1.0 -1.0 0.0 0.3319997457541721 0.359301983613495 0.30869827063233257
9 117.0 0.0 -1.0 -1.0 -1.0 0.0 0.316991519696168 0.3382098378889032 0.3447986424149289
9 118.0 0.0 -1.0 -1.0 -1.0 0.0 0.3008841208803663 0.35918569510144627 0.33993018401818736
9 119.0 0.0 -1.0 -1.0 -1.0 0.0 0.31047120468696754 0.3206481743541151 0.3688806209589175
9 120.0 0.0 -1.0 -1.0 -1.0 0.0 0.3304324603752194 0.307335117600549 0.3622324220242317
9 121.0 0.0 -1.0 -1.0 -1.0 0.0 0.32799343969591954 0.2877583558022061 0.3842482045018743
9 122.0 0.0 -1.0 -1.0 -1.0 0.0 0.3342426647939437 0.29065198712676493 0.375105348079291
9 123.0 0.0 -1.0 -1.0 -1.0 0.0 0.34499258072266387 0.3146205585841808 0.34038686069315527
9 124.0 0.0 -1.0 -1.0 -1.0 0.0 0.3053885067000444 0.327773887304286 0.36683760599566945
9 125.0 0.0 -1.0 -1.0 -1.0 0.0 0.3023576625399261 0.3288903203542192 0.36875201710585487
9 126.0 0.0 -1.0 -1.0 -1.0 0.0 0.29598002917922794 0.3483351927299252 0.35568477809084703
9 127.0 0.0 -1.0 -1.0 -1.0 0.0 0.3125000144175391 0.3030429200175008 0.3844570655649601
9 128.0 0.0 -1.0 -1.0 -1.0 0.0 0.33372087917935056 0.3120308098428087 0.354248310977841
9 129.0 0.0 -1.0 -1.0 -1.0 0.0 0.3311908462196089 0.3517385027856086 0.31707065099478254
9 130.0 0.0 -1.0 -1.0 -1.0 0.0 0.32346396316037906 0.3657180849062008 0.31081795193342016
9 131.0 0.0 -1.0 -1.0 -1.0 0.0 0.32726839425107745 0.3464223126178812 0.32630929313104157
9 132.0 0.0 -1.0 -1.0 -1.0 0.0 0.36566147824757134 0.33600001575896843 0.29833850599346
9 133.0 0.0 -1.0 -1.0 -1.0 0.0 0.33977954501428476 0.3314471859566909 0.3287732690290245
9 134.0 0.0 -1.0 -1.0 -1.0 0.0 0.3461004634794163 0.333692219159484 0.32020731736109964
9 135.0 0.0 -1.0 -1.0 -1.0 0.0 0.3707701872329223 0.31515000690944317 0.31407980585763434
9 136.0 0.0 -1.0 -1.0 -1.0 0.0 0.346414039335561 0.30997194875536627 0.3436140119090727
9 137.0 0.0 -1.0 -1.0 -1.0 0.0 0.33336246617072957 0.31050473412375895 0.3561327997055112
9 138.0 0.0 -1.0 -1.0 -1.0 0.0 0.33060658673443327 0.2993761446873411 0.3700172685782256
9 139.0 0.0 -1.0 -1.0 -1.0 0.0 0.3419801769924989 0.2863604329732137 0.3716593900342875
9 140.0 0.0 -1.0 -1.0 -1.0 0.0 0.3248192582762507 0.3421322447499482 0.33304849697380107
9 141.0 0.0 -1.0 -1.0 -1.0 0.0 0.31552075314170464 0.35583057060641304 0.3286486762518824
9 142.0 0.0 -1.0 -1.0 -1.0 0.0 0.29573340850934626 0.3555282324586397 0.34873835903201417
9 143.0 0.0 -1.0 -1.0 -1.0 0.0 0.2989772324969978 0.350882368794146 0.3501403987088563
9 144.0 0.0 -1.0 -1.0 -1.0 0.0 0.29192733764747997 0.352270308623464 0.35580235372905633
9 145.0 0.0 -1.0 -1.0 -1.0 0.0 0.30366686905266266 0.3450184500932371 0.3513146808541005
9 146.0 0.0 -1.0 -1.0 -1.0 0.0 0.3110772194983565 0.3415468396116234 0.34737594089002
9 147.0 0.0 -1.0 -1.0 -1.0 0.0 0.31768210438627575 0.3483081027230947 0.33400979289062943
9 148.0 0.0 -1.0 -1.0 -1.0 0.0 0.33220615075244575 0.31259094755527217 0.35520290169228197
9 149.0 0.0 -1.0 -1.0 -1.0 0.0 0.337740821662235 0.31489052755484054 0.34736865078292467
9 150.0 0.0 -1.0 -1.0 -1.0 0.0 0.3328653998974687 0.34268311374041405 0.3244514863621173
9 151.0 0.0 -1.0 -1.0 -1.0 0.0 0.3276615704462805 0.3553824293662406 0.31695600018747905
9 152.0 0.0 -1.0 -1.0 -1.0 0.0 0.32775389150487116 0.3382253224191163 0.3340207860760124
9 153.0 0.0 -1.0 -1.0 -1.0 0.0 0.31219473656101704 0.3590662509952524 0.3287390124437305
9 154.0 0.0 -1.0 -1.0 -1.0 0.0 0.29818614658145326 0.3715396634857237 0.3302741899328232
9 155.0 0.0 -1.0 -1.0 -1.0 0.0 0.30510343247902044 0.3527763955431142 0.34212017197786543
9 156.0 0.0 -1.0 -1.0 -1.0 0.0 0.3310201976665131 0.32652933041979937 0.34245047191368777
9 157.0 0.0 -1.0 -1.0 -1.0 0.0 0.3461920623131411 0.3079419377144855 0.34586599997237366
9 158.0 0.0 -1.0 -1.0 -1.0 0.0 0.3371580087421952 0.3187628060302443 0.3440791852275604
9 159.0 0.0 -1.0 -1.0 -1.0 0.0 0.33801101873228057 0.3298692263927091 0.33211975487501044
9 160.0 0.0 -1.0 -1.0 -1.0 0.0 0.3439905081297557 0.3313290256946431 0.3246804661756012
9 161.0 0.0 -1.0 -1.0 -1.0 0.0 0.3353179068261521 0.34125553817712173 0.3234265549967263
9 162.0 0.0 -1.0 -1.0 -1.0 0.0 0.3218927194679185 0.3493567315855647 0.3287505489465168
9 163.0 0.0 -1.0 -1.0 -1.0 0.0 0.3086976851178384 0.3166638044207435 0.3746385104614181
9 164.0 0.0 -1.0 -1.0 -1.0 0.0 0.3059232205864959 0.31162248947236093 0.3824542899411432
9 165.0 0.0 -1.0 -1.0 -1.0 0.0 0.28618933120670176 0.3454612940663636 0.3683493747269345
9 166.0 0.0 -1.0 -1.0 -1.0 0.0 0.28344925727169784 0.36063612113579324 0.355914621592509
9 167.0 0.0 -1.0 -1.0 -1.0 0.0 0.33432011572657144 0.33371786161036326 0.3319620226630654
9 168.0 0.0 -1.0 -1.0 -1.0 0.0 0.3552991257812739 0.33727445348970997 0.30742642072901605
9 169.0 0.0 -1.0 -1.0 -1.0 0.0 0.35672359939167086 0.33299208137440595 0.3102843192339234
9 170.0 0.0 -1.0 -1.0 -1.0 0.0 0.35303260843954454 0.30707889873912486 0.3398884928213311
9 171.0 0.0 -1.0 -1.0 -1.0 0.0 0.3328489130402265 0.31256285685839225 0.35458823010138146
9 172.0 0.0 -1.0 -1.0 -1.0 0.0 0.3314883012647583 0.3243765084991383 0.3441351902361034
9 173.0 0.0 -1.0 -1.0 -1.0 0.0 0.3119366610316598 0.3422901157143635 0.3457732232539766
9 174.0 0.0 -1.0 -1.0 -1.0 0.0 0.3384251236156206 0.3354305056823991 0.32614437070198027
9 175.0 0.0 -1.0 -1.0 -1.0 0.0 0.3284064577940572 0.3122531613323578 0.3593403808735852
9 176.0 0.0 -1.0 -1.0 -1.0 0.0 0.343269418888434 0.3005355993593738 0.35619498175219244
9 177.0 0.0 -1.0 -1.0 -1.0 0.0 0.34291368891441126 0.30789053650112946 0.34919577458445944
9 178.0 0.0 -1.0 -1.0 -1.0 0.0 0.33915950955009194 0.3151893652660066 0.3456511251839014
9 179.0 0.0 -1.0 -1.0 -1.0 0.0 0.30263701722641323 0.3410691117424912 0.35629387103109567
9 180.0 0.0 -1.0 -1.0 -1.0 0.0 0.31536599059482023 0.35005590142473897 0.33457810798044085
9 181.0 0.0 -1.0 -1.0 -1.0 0.0 0.3361260427225896 0.3246307637076659 0.33924319356974436
9 182.0 0.0 -1.0 -1.0 -1.0 0.0 0.30941003891269875 0.3367473007514424 0.35384266033585904
9 183.0 0.0 -1.0 -1.0 -1.0 0.0 0.31888807768105976 0.33427682528234315 0.34683509703659693
9 184.0 0.0 -1.0 -1.0 -1.0 0.0 0.3043891201070819 0.350765418996043 0.34484546089687534
9 185.0 0.0 -1.0 -1.0 -1.0 0.0 0.3098498411366865 0.33150643445407796 0.3586437244092358
9 186.0 0.0 -1.0 -1.0 -1.0 0.0 0.32399799863590095 0.33714564439747485 0.3388563569666243
9 187.0 0.0 -1.0 -1.0 -1.0 0.0 0.32764835822678173 0.3648442357120006 0.30750740606121757
9 188.0 0.0 -1.0 -1.0 -1.0 0.0 0.3485343865740417 0.3176343610373322 0.33383125238862577
9 189.0 0.0 -1.0 -1.0 -1.0 0.0 0.3491729002560364 0.3437712179381745 0.30705588180578913
9 190.0 0.0 -1.0 -1.0 -1.0 0.0 0.3567549882928545 0.346974788886734 0.29627022282041177
9 191.0 0.0 -1.0 -1.0 -1.0 0.0 0.3637834359743197 0.32903514358298463 0.30718142044269553
9 192.0 0.0 -1.0 -1.0 -1.0 0.0 0.33995342250909405 0.3377008349202946 0.3223457425706115
9 193.0 0.0 -1.0 -1.0 -1.0 0.0 0.35491244939386113 0.3222676064634415 0.3228199441426973
9 194.0 0.0 -1.0 -1.0 -1.0 0.0 0.34401761245864243 0.3429763625870717 0.31300602495428564
9 195.0 0.0 -1.0 -1.0 -1.0 0.0 0.31356524551281884 0.3416594611204706 0.3447752933667106
9 196.0 0.0 -1.0 -1.0 -1.0 0.0 0.30364584371262016 0.3136794116338388 0.3826747446535412
9 197.0 0.0 -1.0 -1.0 -1.0 0.0 0.3260203263411978 0.3226365970737779 0.35134307658502417
9 198.0 0.0 -1.0 -1.0 -1.0 0.0 0.33499356227131516 0.2985764430107 0.3664299947179848
9 199.0 0.0 -1.0 -1.0 -1.0 0.0 0.3484741942217534 0.3058559602487856 0.3456698455294607
9 200.0 0.0 -1.0 -1.0 -1.0 0.0 0.36201376311658784 0.2879513012586085 0.35003493562480353
9 201.0 0.0 -1.0 -1.0 -1.0 0.0 0.3553738150204844 0.32948788280283414 0.3151383021766817
9 202.0 0.0 -1.0 -1.0 -1.0 0.0 0.3775928567629853 0.2923790670540712 0.3300280761829436
9 203.0 0.0 -1.0 -1.0 -1.0 0.0 0.3776465885009587 0.30495019195374357 0.31740321954529777
9 204.0 0.0 -1.0 -1.0 -1.0 0.0 0.3476892016378718 0.29461971472624127 0.357691083635887
9 205.0 0.0 -1.0 -1.0 -1.0 0.0 0.3518218933239586 0.2951980498920673 0.35298005678397426
9 206.0 0.0 -1.0 -1.0 -1.0 0.0 0.36691696261634665 0.29961937079920187 0.33346366658445137
9 207.0 0.0 -1.0 -1.0 -1.0 0.0 0.3597462343097498 0.31353805377671595 0.32671571191353416
9 208.0 0.0 -1.0 -1.0 -1.0 0.0 0.34519049598630824 0.33039005897203144 0.3244194450416603
9 209.0 0.0 -1.0 -1.0 -1.0 0.0 0.3282621887470949 0.34005703038179547 0.3316807808711094
9 210.0 0.0 -1.0 -1.0 -1.0 0.0 0.3184363078963638 0.3170581065444527 0.3645055855591836
9 211.0 0.0 -1.0 -1.0 -1.0 0.0 0.34021628466596887 0.308689190929615 0.3510945244044163
9 212.0 0.0 -1.0 -1.0 -1.0 0.0 0.33019412385879965 0.3188766063414012 0.3509292697997989
9 213.0 0.0 -1.0 -1.0 -1.0 0.0 0.35063743436383327 0.2928057934961155 0.3565567721400514
9 214.0 0.0 -1.0 -1.0 -1.0 0.0 0.3443824079612517 0.30441740884543456 0.3512001831933137
9 215.0 0.0 -1.0 -1.0 -1.0 0.0 0.369214985040791 0.29694886194570214 0.3338361530135069
9 216.0 0.0 -1.0 -1.0 -1.0 0.0 0.351584991246412 0.32353523072089474 0.3248797780326931
9 217.0 0.0 -1.0 -1.0 -1.0 0.0 0.34969457119599356 0.3512022651645584 0.29910316363944817
9 218.0 0.0 -1.0 -1.0 -1.0 0.0 0.3366717717770195 0.3659540850871206 0.2973741431358599
9 219.0 0.0 -1.0 -1.0 -1.0 0.0 0.3340102901466541 0.36319494181471035 0.3027947680386354
9 220.0 0.0 -1.0 -1.0 -1.0 0.0 0.33888008822679117 0.3609950993852466 0.30012481238796235
9 221.0 0.0 -1.0 -1.0 -1.0 0.0 0.3403598078374293 0.3463507812245263 0.31328941093804447
9 222.0 0.0 -1.0 -1.0 -1.0 0.0 0.34705076323249856 0.3572548555265139 0.2956943812409876
9 223.0 0.0 -1.0 -1.0 -1.0 0.0 0.34985423219546546 0.3356084630882831 0.3145373047162514
9 224.0 0.0 -1.0 -1.0 -1.0 0.0 0.3488637163230412 0.3275994275292839 0.3235368561476745
9 225.0 0.0 -1.0 -1.0 -1.0 0.0 0.35172530043922584 0.34252232701857566 0.30575237254219856
9 226.0 0.0 -1.0 -1.0 -1.0 0.0 0.3588534731758889 0.3403514461321075 0.3007950806920037
9 227.0 0.0 -1.0 -1.0 -1.0 0.0 0.3794938378009045 0.32293867730986536 0.2975674848892302
9 228.0 0.0 -1.0 -1.0 -1.0 0.0 0.3602992859050028 0.32401656018341896 0.3156841539115781
9 229.0 0.0 -1.0 -1.0 -1.0 0.0 0.33001983763901455 0.34700043459536895 0.3229797277656165
9 230.0 0.0 -1.0 -1.0 -1.0 0.0 0.31841374500003394 0.35034878107041606 0.33123747392955005
9 231.0 0.0 -1.0 -1.0 -1.0 0.0 0.31887896055696635 0.3478846767660073 0.33323636267702617
9 232.0 0.0 -1.0 -1.0 -1.0 0.0 0.3204680738033892 0.3467739752586546 0.33275795093795635
9 233.0 0.0 -1.0 -1.0 -1.0 0.0 0.30746821718035316 0.3529851204931906 0.3395466623264563
9 234.0 0.0 -1.0 -1.0 -1.0 0.0 0.30819022620443 0.3420318918328171 0.34977788196275283
9 235.0 0.0 -1.0 -1.0 -1.0 0.0 0.3347602917654996 0.33212364131955285 0.3331160669149474
9 236.0 0.0 -1.0 -1.0 -1.0 0.0 0.3283034865093335 0.3256474589342179 0.3460490545564485
9 237.0 0.0 -1.0 -1.0 -1.0 0.0 0.30826156382284103 0.34227773837926934 0.3494606977978895
9 238.0 0.0 -1.0 -1.0 -1.0 0.0 0.3025737169236701 0.3393838613964741 0.35804242167985606
9 239.0 0.0 -1.0 -1.0 -1.0 0.0 0.29989640853027405 0.3330139372414998 0.3670896542282263
9 240.0 0.0 -1.0 -1.0 -1.0 0.0 0.29933444637166184 0.34851784208865 0.3521477115396882
9 241.0 0.0 -1.0 -1.0 -1.0 0.0 0.287690956164057 0.37724146948325576 0.3350675743526874
9 242.0 0.0 -1.0 -1.0 -1.0 0.0 0.306096325146761 0.34920959490173464 0.3446940799515045
9 243.0 0.0 -1.0 -1.0 -1.0 0.0 0.30402390752008496 0.3583314453262858 0.33764464715362913
9 244.0 0.0 -1.0 -1.0 -1.0 0.0 0.35022894026074136 0.3285940534159994 0.3211770063232589
9 245.0 0.0 -1.0 -1.0 -1.0 0.0 0.3598810267333236 0.31039515194097594 0.3297238213257003
9 246.0 0.0 -1.0 -1.0 -1.0 0.0 0.3119943575290162 0.3441502395791204 0.3438554028918634
9 247.0 0.0 -1.0 -1.0 -1.0 0.0 0.3334526915405447 0.3299103445868147 0.3366369638726405
9 248.0 0.0 -1.0 -1.0 -1.0 0.0 0.3340132204038968 0.32588854380372717 0.3400982357923759
9 249.0 0.0 -1.0 -1.0 -1.0 0.0 0.35635220855312677 0.31906914364087074 0.32457864780600254
9 250.0 0.0 -1.0 -1.0 -1.0 0.0 0.3648483595485593 0.33483699434565856 0.30031464610578223
9 251.0 0.0 -1.0 -1.0 -1.0 0.0 0.3633873804974342 0.3272183738797193 0.30939424562284634
9 252.0 0.0 -1.0 -1.0 -1.0 0.0 0.3667658718363096 0.35634599382943555 0.276888134334255
9 253.0 0.0 -1.0 -1.0 -1.0 0.0 0.3433792878567308 0.3613264598174921 0.2952942523257768
9 254.0 0.0 -1.0 -1.0 -1.0 0.0 0.35305122888790313 0.3477241665819104 0.29922460453018634
9 255.0 0.0 -1.0 -1.0 -1.0 0.0 0.3510225742133021 0.3477835055555012 0.3011939202311968
9 256.0 0.0 -1.0 -1.0 -1.0 0.0 0.33814752171483337 0.35623715450798366 0.305615323777183
9 257.0 0.0 -1.0 -1.0 -1.0 0.0 0.3156442179354342 0.38351473357878185 0.30084104848578386
9 258.0 0.0 -1.0 -1.0 -1.0 0.0 0.3132082476302119 0.3936455772243825 0.29314617514540575
9 259.0 0.0 -1.0 -1.0 -1.0 0.0 0.3357122568478353 0.3839829748822809 0.2803047682698837
9 260.0 0.0 -1.0 -1.0 -1.0 0.0 0.34955690799919964 0.33962236642694854 0.3108207255738519
9 261.0 0.0 -1.0 -1.0 -1.0 0.0 0.3497567705784085 0.3165606748462586 0.3336825545753328
9 262.0 0.0 -1.0 -1.0 -1.0 0.0 0.35827845086169496 0.28160978416262356 0.3601117649756816
9 263.0 0.0 -1.0 -1.0 -1.0 0.0 0.325304488116885 0.2956173549701763 0.3790781569129385
9 264.0 0.0 -1.0 -1.0 -1.0 0.0 0.3226791039708909 0.29681188814862924 0.3805090078804799
9 265.0 0.0 -1.0 -1.0 -1.0 0.0 0.3115281857292148 0.29963360936642547 0.3888382049043598
9 266.0 0.0 -1.0 -1.0 -1.0 0.0 0.34054140883005446 0.30788271817379237 0.3515758729961532
9 267.0 0.0 -1.0 -1.0 -1.0 0.0 0.3619045795797953 0.32432788956528286 0.31376753085492187
9 268.0 0.0 -1.0 -1.0 -1.0 0.0 0.34399308334226575 0.3414457653780321 0.31456115127970197
9 269.0 0.0 -1.0 -1.0 -1.0 0.0 0.3343291741464451 0.3406218937235647 0.3250489321299903
9 270.0 0.0 -1.0 -1.0 -1.0 0.0 0.33371911691287026 0.31416408532919643 0.3521167977579336
9 271.0 0.0 -1.0 -1.0 -1.0 0.0 0.3425511810950907 0.31440240147155846 0.34304641743335085
9 272.0 0.0 -1.0 -1.0 -1.0 0.0 0.3578379919880534 0.32836409690666124 0.3137979111052853
9 273.0 0.0 -1.0 -1.0 -1.0 0.0 0.36584262269084245 0.31459220731377224 0.3195651699953854
9 274.0 0.0 -1.0 -1.0 -1.0 0.0 0.3671870125134414 0.3176999547552791 0.3151130327312794
9 275.0 0.0 -1.0 -1.0 -1.0 0.0 0.3486729448315835 0.3296287352735099 0.3216983198949068
9 276.0 0.0 -1.0 -1.0 -1.0 0.0 0.355705239040196 0.32565787493094883 0.3186368860288553
9 277.0 0.0 -1.0 -1.0 -1.0 0.0 0.37944074716529086 0.294015719609141 0.32654353322556817
9 278.0 0.0 -1.0 -1.0 -1.0 0.0 0.37443499237617606 0.2841768362895492 0.3413881713342748
9 279.0 0.0 -1.0 -1.0 -1.0 0.0 0.34623206261658296 0.3057483407356248 0.3480195966477924
9 280.0 0.0 -1.0 -1.0 -1.0 0.0 0.3521657672634003 0.30146529370175845 0.3463689390348412
9 281.0 0.0 -1.0 -1.0 -1.0 0.0 0.3588907149776172 0.30548958010472976 0.3356197049176531
9 282.0 0.0 -1.0 -1.0 -1.0 0.0 0.32813305300729595 0.35051294906539016 0.321353997927314
9 283.0 0.0 -1.0 -1.0 -1.0 0.0 0.34328888089651904 0.3362122092499812 0.3204989098534999
9 284.0 0.0 -1.0 -1.0 -1.0 0.0 0.3482454286945604 0.3505236779993906 0.3012308933060487
9 285.0 0.0 -1.0 -1.0 -1.0 0.0 0.309615752549276 0.3729617096354336 0.31742253781529045
9 286.0 0.0 -1.0 -1.0 -1.0 0.0 0.2966085844552831 0.3723567568112916 0.3310346587334252
9 287.0 0.0 -1.0 -1.0 -1.0 0.0 0.2850292927653182 0.3495280284672241 0.36544267876745773
9 288.0 0.0 -1.0 -1.0 -1.0 0.0 0.2963799468301936 0.35740630880549196 0.3462137443643145
9 289.0 0.0 -1.0 -1.0 -1.0 0.0 0.3216002442876813 0.35546196312106476 0.3229377925912537
9 290.0 0.0 -1.0 -1.0 -1.0 0.0 0.3024498731877937 0.36226588592243686 0.33528424088976977
9 291.0 0.0 -1.0 -1.0 -1.0 0.0 0.33119367115097875 0.33254640907743344 0.3362599197715878
9 292.0 0.0 -1.0 -1.0 -1.0 0.0 0.3460646927610354 0.32543675193088745 0.32849855530807726
9 293.0 0.0 -1.0 -1.0 -1.0 0.0 0.34524655216168704 0.3226370981734706 0.33211634966484227
9 294.0 0.0 -1.0 -1.0 -1.0 0.0 0.37059171152639897 0.30306122456859935 0.3263470639050014
9 295.0 0.0 -1.0 -1.0 -1.0 0.0 0.35310843853379 0.31653735097603 0.33035421049017993
9 296.0 0.0 -1.0 -1.0 -1.0 0.0 0.32793075508367836 0.3237004887438193 0.34836875617250224
9 297.0 0.0 -1.0 -1.0 -1.0 0.0 0.3289886654816771 0.3310015145234775 0.3400098199948454
9 298.0 0.0 -1.0 -1.0 -1.0 0.0 0.31134775537500764 0.3352577992113992 0.3533944454135931
9 299.0 0.0 -1.0 -1.0 -1.0 0.0 0.3484720516741374 0.2930968605559627 0.3584310877698998
9 300.0 0.0 -1.0 -1.0 -1.0 0.0 0.34291588465127776 0.3022557084079736 0.35482840694074874
9 301.0 0.0 -1.0 -1.0 -1.0 0.0 0.35535121414550147 0.31320200855324176 0.3314467773012567
9 302.0 0.0 -1.0 -1.0 -1.0 0.0 0.35752835446849623 0.28743839961343126 0.35503324591807245
9 303.0 0.0 -1.0 -1.0 -1.0 0.0 0.30383241395282384 0.3063868104122515 0.38978077563492447
9 304.0 0.0 -1.0 -1.0 -1.0 0.0 0.3045966786790183 0.3217224988674107 0.3736808224535711
9 305.0 0.0 -1.0 -1.0 -1.0 0.0 0.31578821790938444 0.31776042410153843 0.366451357989077
9 306.0 0.0 -1.0 -1.0 -1.0 0.0 0.34156711388919 0.320247698410595 0.3381851877002149
9 307.0 0.0 -1.0 -1.0 -1.0 0.0 0.35354291299709284 0.3028019742614935 0.34365511274141375
9 308.0 0.0 -1.0 -1.0 -1.0 0.0 0.3675539906028637 0.30219942778331743 0.3302465816138188
9 309.0 0.0 -1.0 -1.0 -1.0 0.0 0.3637984018296849 0.2898854903105968 0.34631610785971817
9 310.0 0.0 -1.0 -1.0 -1.0 0.0 0.3412270644702628 0.30068905899289794 0.3580838765368392
9 311.0 0.0 -1.0 -1.0 -1.0 0.0 0.34102552269718905 0.3093635894367239 0.3496108878660872
9 312.0 0.0 -1.0 -1.0 -1.0 0.0 0.3517049931393635 0.31369851093814877 0.33459649592248786
9 313.0 0.0 -1.0 -1.0 -1.0 0.0 0.3366437839628177 0.3047935875890393 0.35856262844814324
9 314.0 0.0 -1.0 -1.0 -1.0 0.0 0.37077853944161027 0.2804200066615255 0.34880145389686423
9 315.0 0.0 -1.0 -1.0 -1.0 0.0 0.3789575900908425 0.2910720471442173 0.32997036276493996
9 316.0 0.0 -1.0 -1.0 -1.0 0.0 0.3688521720555578 0.3125365856305555 0.3186112423138865
9 317.0 0.0 -1.0 -1.0 -1.0 0.0 0.3368566044645215 0.336017320694835 0.3271260748406435
9 318.0 0.0 -1.0 -1.0 -1.0 0.0 0.346302262615814 0.3204033899114485 0.3332943474727375
9 319.0 0.0 -1.0 -1.0 -1.0 0.0 0.34122830401820586 0.34409113937575186 0.3146805566060424
9 320.0 0.0 -1.0 -1.0 -1.0 0.0 0.3399341970270182 0.34859865750471025 0.3114671454682714
9 321.0 0.0 -1.0 -1.0 -1.0 0.0 0.34193564991206055 0.3324079852288457 0.32565636485909377
9 322.0 0.0 -1.0 -1.0 -1.0 0.0 0.3349925846102848 0.3445638515345659 0.3204435638551492
9 323.0 0.0 -1.0 -1.0 -1.0 0.0 0.3254396133830001 0.3245229493877224 0.3500374372292773
9 324.0 0.0 -1.0 -1.0 -1.0 0.0 0.31590337555114806 0.3563304817057082 0.3277661427431435
9 325.0 0.0 -1.0 -1.0 -1.0 0.0 0.34004022721328836 0.33072157629711973 0.3292381964895918
9 326.0 0.0 -1.0 -1.0 -1.0 0.0 0.3507055104318723 0.3338057783385595 0.3154887112295681
9 327.0 0.0 -1.0 -1.0 -1.0 0.0 0.3722978717556477 0.3336940637811909 0.2940080644631613
9 328.0 0.0 -1.0 -1.0 -1.0 0.0 0.38724975769144615 0.3276774005653636 0.2850728417431901
9 329.0 0.0 -1.0 -1.0 -1.0 0.0 0.3971502586339315 0.3192584247356974 0.283591316630371
9 330.0 0.0 -1.0 -1.0 -1.0 0.0 0.3956790501894637 0.3107764321737807 0.2935445176367559
9 331.0 0.0 -1.0 -1.0 -1.0 0.0 0.38639857053715565 0.30230622095616105 0.3112952085066833
9 332.0 0.0 -1.0 -1.0 -1.0 0.0 0.3638358729909734 0.3146534948084392 0.32151063220058745
9 333.0 0.0 -1.0 -1.0 -1.0 0.0 0.3624502193509247 0.33054615511698027 0.3070036255320951
9 334.0 0.0 -1.0 -1.0 -1.0 0.0 0.36653070161697265 0.32796204104332694 0.3055072573397006
9 335.0 0.0 -1.0 -1.0 -1.0 0.0 0.34684723461831124 0.3332462762207373 0.3199064891609515
9 336.0 0.0 -1.0 -1.0 -1.0 0.0 0.33019735092349867 0.34615199507462646 0.3236506540018746
9 337.0 0.0 -1.0 -1.0 -1.0 0.0 0.307982945533554 0.36583185433819915 0.326185200128247
9 338.0 0.0 -1.0 -1.0 -1.0 0.0 0.3233836264919044 0.3510371944678083 0.32557917904028777
9 339.0 0.0 -1.0 -1.0 -1.0 0.0 0.340319595883197 0.31342362107816596 0.34625678303863694
9 340.0 0.0 -1.0 -1.0 -1.0 0.0 0.349216385036005 0.31086376786846154 0.33991984709553363
9 341.0 0.0 -1.0 -1.0 -1.0 0.0 0.3513978410785418 0.2917242989518016 0.3568778599696566
9 342.0 0.0 -1.0 -1.0 -1.0 0.0 0.3559155699010093 0.28644682657312787 0.3576376035258631
9 343.0 0.0 -1.0 -1.0 -1.0 0.0 0.33436221345265305 0.33360759729575756 0.3320301892515895
9 344.0 0.0 -1.0 -1.0 -1.0 0.0 0.3049748003279239 0.35558079759424543 0.33944440207783066
9 345.0 0.0 -1.0 -1.0 -1.0 0.0 0.3015915146168702 0.3715538403904084 0.3268546449927214
9 346.0 0.0 -1.0 -1.0 -1.0 0.0 0.31280462520699964 0.3718280492735333 0.315367325519467
9 347.0 0.0 -1.0 -1.0 -1.0 0.0 0.33182740110265685 0.3648112801533464 0.30336131874399686
9 348.0 0.0 -1.0 -1.0 -1.0 0.0 0.33151673814219557 0.36262041258523714 0.3058628492725673
9 349.0 0.0 -1.0 -1.0 -1.0 0.0 0.35789956910837184 0.3485275399810074 0.2935728909106208
9 350.0 0.0 -1.0 -1.0 -1.0 0.0 0.3659724346886243 0.3515812350111888 0.2824463303001871
9 351.0 0.0 -1.0 -1.0 -1.0 0.0 0.34327472510839835 0.34768254530826215 0.30904272958333934
9 352.0 0.0 -1.0 -1.0 -1.0 0.0 0.3256271539305263 0.35399952485892194 0.32037332121055195
9 353.0 0.0 -1.0 -1.0 -1.0 0.0 0.33363415854313466 0.35043685895692045 0.3159289824999449
9 354.0 0.0 -1.0 -1.0 -1.0 0.0 0.32266683538974766 0.34950680944281914 0.32782635516743314
9 355.0 0.0 -1.0 -1.0 -1.0 0.0 0.3204801509272752 0.32206776006097115 0.35745208901175374
9 356.0 0.0 -1.0 -1.0 -1.0 0.0 0.33429706748073323 0.3143622043711566 0.3513407281481103
9 357.0 0.0 -1.0 -1.0 -1.0 0.0 0.33539746841570284 0.30469432243643696 0.35990820914786
9 358.0 0.0 -1.0 -1.0 -1.0 0.0 0.3125897097892455 0.3281849371169296 0.3592253530938252
9 359.0 0.0 -1.0 -1.0 -1.0 0.0 0.33026533674330416 0.31822108218960354 0.3515135810670923
9 360.0 0.0 -1.0 -1.0 -1.0 0.0 0.30712092271680375 0.3415809568925372 0.35129812039065916
9 361.0 0.0 -1.0 -1.0 -1.0 0.0 0.30588919476238385 0.32638552458979897 0.3677252806478175
9 362.0 0.0 -1.0 -1.0 -1.0 0.0 0.33295023005982033 0.3249380386996129 0.3421117312405669
9 363.0 0.0 -1.0 -1.0 -1.0 0.0 0.34950428081904455 0.3322530947872153 0.3182426243937401
9 364.0 0.0 -1.0 -1.0 -1.0 0.0 0.3754200141038339 0.3143721728933073 0.3102078130028587
9 365.0 0.0 -1.0 -1.0 -1.0 0.0 0.38963748819288596 0.32532878249521774 0.2850337293118963
9 366.0 0.0 -1.0 -1.0 -1.0 0.0 0.3804331302769174 0.32822330854879633 0.2913435611742864
9 367.0 0.0 -1.0 -1.0 -1.0 0.0 0.3825016533771507 0.31600313462379176 0.30149521199905743
9 368.0 0.0 -1.0 -1.0 -1.0 0.0 0.3695689012402961 0.30406723609094083 0.326363862668763
9 369.0 0.0 -1.0 -1.0 -1.0 0.0 0.3587803911706806 0.3345036093783325 0.3067159994509868
9 370.0 0.0 -1.0 -1.0 -1.0 0.0 0.3469032742146732 0.3216112385176962 0.33148548726763055
9 371.0 0.0 -1.0 -1.0 -1.0 0.0 0.3450979038366429 0.3231797736755064 0.3317223224878505
9 372.0 0.0 -1.0 -1.0 -1.0 0.0 0.319184723600635 0.35317305751516265 0.3276422188842023
9 373.0 0.0 -1.0 -1.0 -1.0 0.0 0.3027224577277519 0.37072502198894386 0.32655252028330395
9 374.0 0.0 -1.0 -1.0 -1.0 0.0 0.3112281939316234 0.35088247494503505 0.33788933112334135
9 375.0 0.0 -1.0 -1.0 -1.0 0.0 0.30610373751317693 0.34220559729034783 0.35169066519647535
9 376.0 0.0 -1.0 -1.0 -1.0 0.0 0.2961011552929497 0.3665530725401828 0.3373457721668673
9 377.0 0.0 -1.0 -1.0 -1.0 0.0 0.29315997560443985 0.3734691282368256 0.33337089615873483
9 378.0 0.0 -1.0 -1.0 -1.0 0.0 0.29001154171758253 0.3666220819236491 0.3433663763587682
9 379.0 0.0 -1.0 -1.0 -1.0 0.0 0.2858703914866371 0.35595282021646213 0.35817678829690075
9 380.0 0.0 -1.0 -1.0 -1.0 0.0 0.3103258745578201 0.3542362673517752 0.3354378580904045
9 381.0 0.0 -1.0 -1.0 -1.0 0.0 0.29214802392537675 0.3927158981708413 0.3151360779037818
9 382.0 0.0 -1.0 -1.0 -1.0 0.0 0.30090274763854324 0.4061611920798371 0.29293606028161956
9 383.0 0.0 -1.0 -1.0 -1.0 0.0 0.33244743209559346 0.34676292838322886 0.32078963952117795
9 384.0 0.0 -1.0 -1.0 -1.0 0.0 0.3159649349224047 0.36083196669595485 0.32320309838164024
9 385.0 0.0 -1.0 -1.0 -1.0 0.0 0.342872516081138 0.33001330861234307 0.32711417530651893
9 386.0 0.0 -1.0 -1.0 -1.0 0.0 0.32841439869500083 0.3396553474150273 0.33193025388997177
9 387.0 0.0 -1.0 -1.0 -1.0 0.0 0.343092717387354 0.3163582929482141 0.34054898966443203
9 388.0 0.0 -1.0 -1.0 -1.0 0.0 0.34770355505076056 0.33415765627437755 0.3181387886748618
9 389.0 0.0 -1.0 -1.0 -1.0 0.0 0.34979918352606104 0.326690963647761 0.323509852826178
9 390.0 0.0 -1.0 -1.0 -1.0 0.0 0.3300914001072443 0.3435877761399903 0.32632082375276544
9 391.0 0.0 -1.0 -1.0 -1.0 0.0 0.34411916925554836 0.32046446994584515 0.3354163607986067
9 392.0 0.0 -1.0 -1.0 -1.0 0.0 0.34728986748600094 0.327061928104076 0.3256482044099229
9 393.0 0.0 -1.0 -1.0 -1.0 0.0 0.34271174630203516 0.3699707316149366 0.2873175220830282
9 394.0 0.0 -1.0 -1.0 -1.0 0.0 0.33944594118995264 0.3394309614159108 0.32112309739413675
9 395.0 0.0 -1.0 -1.0 -1.0 0.0 0.33585059936087197 0.31358522881080525 0.3505641718283229
9 396.0 0.0 -1.0 -1.0 -1.0 0.0 0.33913244659463665 0.3169801434625336 0.3438874099428297
9 397.0 0.0 -1.0 -1.0 -1.0 0.0 0.31827560506285324 0.33906327227940003 0.3426611226577468
9 398.0 0.0 -1.0 -1.0 -1.0 0.0 0.3065862903809302 0.33722325621363664 0.35619045340543304
9 399.0 0.0 -1.0 -1.0 -1.0 0.0 0.2908248615031637 0.3470042722986997 0.3621708661981365
9 400.0 0.0 -1.0 -1.0 -1.0 0.0 0.3233265759641105 0.3203790726759302 0.35629435135995935
9 401.0 0.0 -1.0 -1.0 -1.0 0.0 0.3420007899304508 0.3131800937005312 0.3448191163690181
9 402.0 0.0 -1.0 -1.0 -1.0 0.0 0.33486160164787143 0.3278669046461156 0.3372714937060129
9 403.0 0.0 -1.0 -1.0 -1.0 0.0 0.35309487043502763 0.3279460990753236 0.3189590304896488
9 404.0 0.0 -1.0 -1.0 -1.0 0.0 0.3581943707386357 0.3382391456052649 0.3035664836560996
9 405.0 0.0 -1.0 -1.0 -1.0 0.0 0.33900066277912694 0.3533188999737768 0.30768043724709626
9 406.0 0.0 -1.0 -1.0 -1.0 0.0 0.36055812554590533 0.33245494397358377 0.30698693048051107
9 407.0 0.0 -1.0 -1.0 -1.0 0.0 0.35634229036466286 0.31105681949222364 0.3326008901431136
9 408.0 0.0 -1.0 -1.0 -1.0 0.0 0.3549440322590919 0.30144713294910125 0.343608834791807
9 409.0 0.0 -1.0 -1.0 -1.0 0.0 0.3448861051615224 0.30742401218755117 0.3476898826509263
9 410.0 0.0 -1.0 -1.0 -1.0 0.0 0.33763480059851014 0.3197619198165656 0.3426032795849242
9 411.0 0.0 -1.0 -1.0 -1.0 0.0 0.35059055747254075 0.32194631712982213 0.3274631253976373
9 412.0 0.0 -1.0 -1.0 -1.0 0.0 0.35641811007198887 0.30754159503509393 0.3360402948929173
9 413.0 0.0 -1.0 -1.0 -1.0 0.0 0.3690316787710815 0.3196475609677247 0.31132076026119376
9 414.0 0.0 -1.0 -1.0 -1.0 0.0 0.39665760207411 0.3269256100007714 0.27641678792511876
9 415.0 0.0 -1.0 -1.0 -1.0 0.0 0.3845993521563678 0.3244015652705692 0.29099908257306295
9 416.0 0.0 -1.0 -1.0 -1.0 0.0 0.3799989922142825 0.32478097659010674 0.2952200311956108
9 417.0 0.0 -1.0 -1.0 -1.0 0.0 0.357945609819713 0.34037957297174387 0.3016748172085433
9 418.0 0.0 -1.0 -1.0 -1.0 0.0 0.35280838010092325 0.35156998001397155 0.2956216398851054
9 419.0 0.0 -1.0 -1.0 -1.0 0.0 0.34869979198576523 0.3350018331814795 0.31629837483275547
9 420.0 0.0 -1.0 -1.0 -1.0 0.0 0.3506101297762841 0.33229406954350177 0.31709580068021426
9 421.0 0.0 -1.0 -1.0 -1.0 0.0 0.32386533346005636 0.3315932260580574 0.3445414404818863
9 422.0 0.0 -1.0 -1.0 -1.0 0.0 0.3325880073621486 0.3380221934267382 0.329389799211113
9 423.0 0.0 -1.0 -1.0 -1.0 0.0 0.3127304062695542 0.3415193913720915 0.3457502023583543
9 424.0 0.0 -1.0 -1.0 -1.0 0.0 0.32195496502494686 0.3181939306223539 0.3598511043526994
9 425.0 0.0 -1.0 -1.0 -1.0 0.0 0.31298246375341543 0.33864329079571864 0.3483742454508657
9 426.0 0.0 -1.0 -1.0 -1.0 0.0 0.31943489904380085 0.34443869613633926 0.3361264048198598
9 427.0 0.0 -1.0 -1.0 -1.0 0.0 0.30864316056691316 0.33095405042729675 0.36040278900579004
9 428.0 0.0 -1.0 -1.0 -1.0 0.0 0.3254058176713749 0.319224673480275 0.3553695088483503
9 429.0 0.0 -1.0 -1.0 -1.0 0.0 0.3315215991160919 0.32673740463792206 0.341740996245986
9 430.0 0.0 -1.0 -1.0 -1.0 0.0 0.3088471572447379 0.3193346862147731 0.3718181565404889
9 431.0 0.0 -1.0 -1.0 -1.0 0.0 0.32210418104029265 0.3333820964637694 0.34451372249593804
9 432.0 0.0 -1.0 -1.0 -1.0 0.0 0.3196928093987268 0.30645080666424 0.373856383937033
9 433.0 0.0 -1.0 -1.0 -1.0 0.0 0.3312178729908307 0.29249610492202266 0.3762860220871467
9 434.0 0.0 -1.0 -1.0 -1.0 0.0 0.32956725481937715 0.30308667696834485 0.36734606821227794
9 435.0 0.0 -1.0 -1.0 -1.0 0.0 0.33167264217076947 0.3088648331962452 0.35946252463298534
9 436.0 0.0 -1.0 -1.0 -1.0 0.0 0.34430475355444157 0.3141736344408702 0.3415216120046881
9 437.0 0.0 -1.0 -1.0 -1.0 0.0 0.33349974271620964 0.31033260800954626 0.3561676492742443
9 438.0 0.0 -1.0 -1.0 -1.0 0.0 0.34636544253735724 0.33927225303895847 0.3143623044236842
9 439.0 0.0 -1.0 -1.0 -1.0 0.0 0.3353243117849186 0.34183348773235844 0.32284220048272316
9 440.0 0.0 -1.0 -1.0 -1.0 0.0 0.3134102081564079 0.3530615644973547 0.3335282273462372
9 441.0 0.0 -1.0 -1.0 -1.0 0.0 0.3529331167684001 0.3318710137854097 0.3151958694461902
9 442.0 0.0 -1.0 -1.0 -1.0 0.0 0.35333738829583566 0.3463066898997276 0.3003559218044368
9 443.0 0.0 -1.0 -1.0 -1.0 0.0 0.3529803853673248 0.3291735222302206 0.31784609240245465
9 444.0 0.0 -1.0 -1.0 -1.0 0.0 0.3331608181575519 0.34610364471577654 0.32073553712667163
9 445.0 0.0 -1.0 -1.0 -1.0 0.0 0.3357503420958402 0.3346204395990323 0.3296292183051277
9 446.0 0.0 -1.0 -1.0 -1.0 0.0 0.3254513811413049 0.32144743324316605 0.353101185615529
9 447.0 0.0 -1.0 -1.0 -1.0 0.0 0.31925305120590947 0.32920734751225944 0.3515396012818312
9 448.0 0.0 -1.0 -1.0 -1.0 0.0 0.33375951765753953 0.33362235568687754 0.33261812665558305
9 449.0 0.0 -1.0 -1.0 -1.0 0.0 0.313143179247474 0.33150921352891777 0.3553476072236083
9 450.0 0.0 -1.0 -1.0 -1.0 0.0 0.32751515729561775 0.3445085564033268 0.32797628630105563
9 451.0 0.0 -1.0 -1.0 -1.0 0.0 0.31839370640375614 0.38411524639981726 0.2974910471964265
9 452.0 0.0 -1.0 -1.0 -1.0 0.0 0.3018579064380314 0.38754594461145414 0.3105961489505144
9 453.0 0.0 -1.0 -1.0 -1.0 0.0 0.2760626139380807 0.38871480963810223 0.33522257642381703
9 454.0 0.0 -1.0 -1.0 -1.0 0.0 0.2991214307420091 0.352535573230814 0.34834299602717694
9 455.0 0.0 -1.0 -1.0 -1.0 0.0 0.30239476572349294 0.3416817210406245 0.35592351323588256
9 456.0 0.0 -1.0 -1.0 -1.0 0.0 0.3155967163937705 0.324205629111699 0.3601976544945306
9 457.0 0.0 -1.0 -1.0 -1.0 0.0 0.3023310310464081 0.33487656589370496 0.3627924030598871
9 458.0 0.0 -1.0 -1.0 -1.0 0.0 0.30418415562987017 0.3215993071944409 0.3742165371756893
9 459.0 0.0 -1.0 -1.0 -1.0 0.0 0.3017462169794918 0.32010842942908174 0.3781453535914265
9 460.0 0.0 -1.0 -1.0 -1.0 0.0 0.3157009373814836 0.3330834145916841 0.3512156480268323
9 461.0 0.0 -1.0 -1.0 -1.0 0.0 0.3395906464444049 0.3125548281845953 0.34785452537099987
9 462.0 0.0 -1.0 -1.0 -1.0 0.0 0.32901617627315644 0.3294621644309795 0.3415216592958641
9 463.0 0.0 -1.0 -1.0 -1.0 0.0 0.3513651831018101 0.2996384167986203 0.3489964000995696
9 464.0 0.0 -1.0 -1.0 -1.0 0.0 0.3614211179815153 0.29119076115066556 0.347388120867819
9 465.0 0.0 -1.0 -1.0 -1.0 0.0 0.3495638424927065 0.31398224853315354 0.33645390897413985
9 466.0 0.0 -1.0 -1.0 -1.0 0.0 0.3617762622625961 0.3341471338948023 0.3040766038426017
9 467.0 0.0 -1.0 -1.0 -1.0 0.0 0.3967301334390174 0.3277662703620133 0.27550359619896947
9 468.0 0.0 -1.0 -1.0 -1.0 0.0 0.35369183903327056 0.34583053755377174 0.30047762341295764
9 469.0 0.0 -1.0 -1.0 -1.0 0.0 0.3305869836799198 0.37111747136734297 0.2982955449527375
9 470.0 0.0 -1.0 -1.0 -1.0 0.0 0.3356194599869086 0.370424035762278 0.2939565042508133
9 471.0 0.0 -1.0 -1.0 -1.0 0.0 0.343637790669114 0.35342811230938376 0.30293409702150204
9 472.0 0.0 -1.0 -1.0 -1.0 0.0 0.33517284377698553 0.35291577752048764 0.31191137870252694
9 473.0 0.0 -1.0 -1.0 -1.0 0.0 0.33375573046260165 0.3419712144851262 0.3242730550522719
9 474.0 0.0 -1.0 -1.0 -1.0 0.0 0.3440995739386964 0.35288169518612383 0.3030187308751798
9 475.0 0.0 -1.0 -1.0 -1.0 0.0 0.35165031562744686 0.3613026373904768 0.28704704698207645
9 476.0 0.0 -1.0 -1.0 -1.0 0.0 0.35457421040470755 0.34862214553738086 0.2968036440579115
9 477.0 0.0 -1.0 -1.0 -1.0 0.0 0.36628306756352147 0.33066168335131146 0.303055249085167
9 478.0 0.0 -1.0 -1.0 -1.0 0.0 0.36870295358510496 0.32573500914525133 0.3055620372696434
9 479.0 0.0 -1.0 -1.0 -1.0 0.0 0.38330175659700705 0.2942845289085467 0.3224137144944462
9 480.0 0.0 -1.0 -1.0 -1.0 0.0 0.37399880034200433 0.2916935831060832 0.3343076165519124
9 481.0 0.0 -1.0 -1.0 -1.0 0.0 0.35349918134450076 0.306206977127321 0.3402938415281782
9 482.0 0.0 -1.0 -1.0 -1.0 0.0 0.3364450526805525 0.3216958356972819 0.34185911162216576
9 483.0 0.0 -1.0 -1.0 -1.0 0.0 0.32597307765739403 0.31127086498477236 0.36275605735783395
9 484.0 0.0 -1.0 -1.0 -1.0 0.0 0.3208925921759965 0.33248713108766415 0.3466202767363393
9 485.0 0.0 -1.0 -1.0 -1.0 0.0 0.30290880588145985 0.34103864352986546 0.3560525505886746
9 486.0 0.0 -1.0 -1.0 -1.0 0.0 0.3067169623061258 0.311245348299149 0.3820376893947248
9 487.0 0.0 -1.0 -1.0 -1.0 0.0 0.3231484300618901 0.32205377559913956 0.3547977943389705
9 488.0 0.0 -1.0 -1.0 -1.0 0.0 0.3280553785721941 0.3233562453486154 0.3485883760791904
9 489.0 0.0 -1.0 -1.0 -1.0 0.0 0.328805448524502 0.31293008781195375 0.35826446366354425
9 490.0 0.0 -1.0 -1.0 -1.0 0.0 0.3269405611784331 0.31036654497606087 0.362692893845506
9 491.0 0.0 -1.0 -1.0 -1.0 0.0 0.3208714498229695 0.31464375453793086 0.3644847956390999
9 492.0 0.0 -1.0 -1.0 -1.0 0.0 0.3047613636652156 0.3312755305604567 0.36396310577432783
9 493.0 0.0 -1.0 -1.0 -1.0 0.0 0.30390476247437637 0.33775343155252807 0.3583418059730956
9 494.0 0.0 -1.0 -1.0 -1.0 0.0 0.30093524869243427 0.3273020546125299 0.3717626966950357
9 495.0 0.0 -1.0 -1.0 -1.0 0.0 0.3150431806762174 0.3257465048483176 0.3592103144754651
9 496.0 0.0 -1.0 -1.0 -1.0 0.0 0.3429341667779239 0.3385489132763865 0.31851691994568976
9 497.0 0.0 -1.0 -1.0 -1.0 0.0 0.33442762272334675 0.3514640968903728 0.3141082803862805
9 498.0 0.0 -1.0 -1.0 -1.0 0.0 0.3447381648729826 0.3475160098051394 0.3077458253218781
9 499.0 0.0 -1.0 -1.0 -1.0 0.0 0.3494068715431789 0.35129202979384516 0.2993010986629757
9 500.0 0.0 -1.0 -1.0 -1.0 0.0 0.3490096620258483 0.35127743552240026 0.2997129024517513
9 501.0 0.0 -1.0 -1.0 -1.0 0.0 0.3564629973440491 0.3288820188308014 0.3146549838251494
9 502.0 0.0 -1.0 -1.0 -1.0 0.0 0.33464563328575564 0.3269492596434573 0.3384051070707871
9 503.0 0.0 -1.0 -1.0 -1.0 0.0 0.3220896071215273 0.35125726749822644 0.3266531253802462
9 504.0 0.0 -1.0 -1.0 -1.0 0.0 0.3291501105402499 0.3664809467326936 0.3043689427270564
9 505.0 0.0 -1.0 -1.0 -1.0 0.0 0.335010306661929 0.34822830552459344 0.3167613878134779
9 506.0 0.0 -1.0 -1.0 -1.0 0.0 0.32869274292816064 0.3476054228588666 0.32370183421297294
9 507.0 0.0 -1.0 -1.0 -1.0 0.0 0.34754063762564597 0.32535038031249114 0.3271089820618628
9 508.0 0.0 -1.0 -1.0 -1.0 0.0 0.35880029875001784 0.3119011354159101 0.3292985658340723
9 509.0 0.0 -1.0 -1.0 -1.0 0.0 0.3597081933286042 0.30377351815048376 0.3365182885209122
9 510.0 0.0 -1.0 -1.0 -1.0 0.0 0.39078072466972125 0.29158110300414974 0.31763817232612895
9 511.0 0.0 -1.0 -1.0 -1.0 0.0 0.3659862771625543 0.3135127462094267 0.32050097662801896
9 512.0 0.0 -1.0 -1.0 -1.0 0.0 0.38665124001908474 0.32237099947642334 0.29097776050449187
9 513.0 0.0 -1.0 -1.0 -1.0 0.0 0.3918411942126964 0.3013251801320031 0.3068336256553001
9 514.0 0.0 -1.0 -1.0 -1.0 0.0 0.3729368103910133 0.29731897321679673 0.3297442163921901
9 515.0 0.0 -1.0 -1.0 -1.0 0.0 0.34550789107351304 0.3252766373961811 0.3292154715303059
9 516.0 0.0 -1.0 -1.0 -1.0 0.0 0.3448823367381766 0.31967865047380944 0.3354390127880139
9 517.0 0.0 -1.0 -1.0 -1.0 0.0 0.34401253583158004 0.34986268361134387 0.30612478055707604
9 518.0 0.0 -1.0 -1.0 -1.0 0.0 0.3506075762679035 0.3385710787507214 0.31082134498137554
9 519.0 0.0 -1.0 -1.0 -1.0 0.0 0.3198901360592554 0.3551509242095132 0.3249589397312312
9 520.0 0.0 -1.0 -1.0 -1.0 0.0 0.32673475793715356 0.35977595298986065 0.31348928907298573
9 521.0 0.0 -1.0 -1.0 -1.0 0.0 0.29642228768754025 0.37780393318603034 0.32577377912642924
9 522.0 0.0 -1.0 -1.0 -1.0 0.0 0.31961744415473153 0.34990012717419394 0.3304824286710744
9 523.0 0.0 -1.0 -1.0 -1.0 0.0 0.3254977465887453 0.3532066408786487 0.32129561253260613
9 524.0 0.0 -1.0 -1.0 -1.0 0.0 0.29472290238723176 0.38629946983217633 0.3189776277805917
9 525.0 0.0 -1.0 -1.0 -1.0 0.0 0.29475484749401765 0.3905067327517902 0.3147384197541918
9 526.0 0.0 -1.0 -1.0 -1.0 0.0 0.3129629037093932 0.3584851452893163 0.3285519510012904
9 527.0 0.0 -1.0 -1.0 -1.0 0.0 0.31481670744187357 0.3547767607821074 0.330406531776019
9 528.0 0.0 -1.0 -1.0 -1.0 0.0 0.3177128318402136 0.3843477528585803 0.29793941530120616
9 529.0 0.0 -1.0 -1.0 -1.0 0.0 0.3314253561916902 0.3682841662210039 0.3002904775873059
9 530.0 0.0 -1.0 -1.0 -1.0 0.0 0.32601292584095753 0.3748852915579813 0.29910178260106135
9 531.0 0.0 -1.0 -1.0 -1.0 0.0 0.3199847577985244 0.34932874604850456 0.330686496152971
9 532.0 0.0 -1.0 -1.0 -1.0 0.0 0.2862827270554275 0.3606378956670915 0.35307937727748107
9 533.0 0.0 -1.0 -1.0 -1.0 0.0 0.3245742816042675 0.3144163069579768 0.36100941143775545
9 534.0 0.0 -1.0 -1.0 -1.0 0.0 0.31058705860267294 0.307866534975277 0.3815464064220502
9 535.0 0.0 -1.0 -1.0 -1.0 0.0 0.3181638830665592 0.3001163284834936 0.3817197884499472
9 536.0 0.0 -1.0 -1.0 -1.0 0.0 0.33669296255998693 0.3152011336541342 0.34810590378587897
9 537.0 0.0 -1.0 -1.0 -1.0 0.0 0.34304852094262495 0.3123882361912813 0.3445632428660938
9 538.0 0.0 -1.0 -1.0 -1.0 0.0 0.3266528483650135 0.32354934709429306 0.34979780454069354
9 539.0 0.0 -1.0 -1.0 -1.0 0.0 0.335168466603885 0.32915494783402754 0.33567658556208757
9 540.0 0.0 -1.0 -1.0 -1.0 0.0 0.3358852632080662 0.3152828338562665 0.3488319029356673
9 541.0 0.0 -1.0 -1.0 -1.0 0.0 0.3188848324562072 0.3442674200365715 0.3368477475072211
9 542.0 0.0 -1.0 -1.0 -1.0 0.0 0.3293247006676807 0.3332776701914768 0.3373976291408428
9 543.0 0.0 -1.0 -1.0 -1.0 0.0 0.3388227029798913 0.3279067935561577 0.33327050346395104
9 544.0 0.0 -1.0 -1.0 -1.0 0.0 0.33877201571509197 0.34314475676918244 0.3180832275157259
9 545.0 0.0 -1.0 -1.0 -1.0 0.0 0.36848148653286755 0.32502382358648146 0.30649468988065115
9 546.0 0.0 -1.0 -1.0 -1.0 0.0 0.3815803606173676 0.32441808510365144 0.2940015542789808
9 547.0 0.0 -1.0 -1.0 -1.0 0.0 0.35789742917081996 0.33381280673229474 0.3082897640968851
9 548.0 0.0 -1.0 -1.0 -1.0 0.0 0.3608322961563298 0.3401915434208304 0.2989761604228398
9 549.0 0.0 -1.0 -1.0 -1.0 0.0 0.3682484257887885 0.30266302766463393 0.3290885465465778
9 550.0 0.0 -1.0 -1.0 -1.0 0.0 0.37489918267814326 0.30801059229662753 0.3170902250252291
9 551.0 0.0 -1.0 -1.0 -1.0 0.0 0.34127527315343215 0.30772096334568116 0.3510037635008865
9 552.0 0.0 -1.0 -1.0 -1.0 0.0 0.34456677943568387 0.3286718206748421 0.32676139988947406
9 553.0 0.0 -1.0 -1.0 -1.0 0.0 0.2965481068016091 0.3662579347760926 0.3371939584222984
9 554.0 0.0 -1.0 -1.0 -1.0 0.0 0.30944322573903493 0.37836297823460213 0.3121937960263627
9 555.0 0.0 -1.0 -1.0 -1.0 0.0 0.302558096592719 0.3642394849949068 0.3332024184123742
9 556.0 0.0 -1.0 -1.0 -1.0 0.0 0.2998505189468862 0.36940875294049635 0.33074072811261745
9 557.0 0.0 -1.0 -1.0 -1.0 0.0 0.277452905581956 0.38248304126574795 0.3400640531522964
9 558.0 0.0 -1.0 -1.0 -1.0 0.0 0.28166167695002725 0.3818348014353329 0.3365035216146394
9 559.0 0.0 -1.0 -1.0 -1.0 0.0 0.276446505916435 0.3688938254165485 0.3546596686670165
9 560.0 0.0 -1.0 -1.0 -1.0 0.0 0.2920383925871205 0.3595229470763058 0.3484386603365738
9 561.0 0.0 -1.0 -1.0 -1.0 0.0 0.2870187608956767 0.363004617239296 0.3499766218650273
9 562.0 0.0 -1.0 -1.0 -1.0 0.0 0.29025919861378346 0.3577740131201277 0.35196678826608874
9 563.0 0.0 -1.0 -1.0 -1.0 0.0 0.28108882465829255 0.33421115532173573 0.38470002001997194
9 564.0 0.0 -1.0 -1.0 -1.0 0.0 0.3033576609288293 0.33356007205009086 0.36308226702107965
9 565.0 0.0 -1.0 -1.0 -1.0 0.0 0.3354200182083487 0.3227874554411144 0.34179252635053703
9 566.0 0.0 -1.0 -1.0 -1.0 0.0 0.3287978325617333 0.33900900759658065 0.332193159841686
9 567.0 0.0 -1.0 -1.0 -1.0 0.0 0.3260189239482335 0.34242935870827407 0.33155171734349237
9 568.0 0.0 -1.0 -1.0 -1.0 0.0 0.32787282005162227 0.3430503816171189 0.3290767983312588
9 569.0 0.0 -1.0 -1.0 -1.0 0.0 0.3121883516012224 0.3220808397202719 0.36573080867850594
9 570.0 0.0 -1.0 -1.0 -1.0 0.0 0.2921581376489414 0.34849048654561643 0.35935137580544224
9 571.0 0.0 -1.0 -1.0 -1.0 0.0 0.3349875525425464 0.33215702378398587 0.33285542367346777
9 572.0 0.0 -1.0 -1.0 -1.0 0.0 0.340864205863407 0.32503317906482726 0.3341026150717658
9 573.0 0.0 -1.0 -1.0 -1.0 0.0 0.37164321301694797 0.3142123676727426 0.3141444193103093
9 574.0 0.0 -1.0 -1.0 -1.0 0.0 0.3706333885230926 0.3084766345075446 0.32088997696936294
9 575.0 0.0 -1.0 -1.0 -1.0 0.0 0.34871473964064853 0.29895853549140017 0.35232672486795136
9 576.0 0.0 -1.0 -1.0 -1.0 0.0 0.3768092202189395 0.2978075094940323 0.325383270287028
9 577.0 0.0 -1.0 -1.0 -1.0 0.0 0.36554394409295227 0.32308435479937614 0.3113717011076715
9 578.0 0.0 -1.0 -1.0 -1.0 0.0 0.3456893012989832 0.31988606347042675 0.3344246352305899
9 579.0 0.0 -1.0 -1.0 -1.0 0.0 0.329508414521085 0.3163610320235193 0.35413055345539585
9 580.0 0.0 -1.0 -1.0 -1.0 0.0 0.3211971398823609 0.31913217971833613 0.3596706803993029
9 581.0 0.0 -1.0 -1.0 -1.0 0.0 0.33314197231191045 0.30287068532277645 0.36398734236531316
9 582.0 0.0 -1.0 -1.0 -1.0 0.0 0.340798495733233 0.30494789708291714 0.35425360718385007
9 583.0 0.0 -1.0 -1.0 -1.0 0.0 0.33357219571260877 0.3158599222553338 0.35056788203205747
9 584.0 0.0 -1.0 -1.0 -1.0 0.0 0.3293972394262363 0.34110640523844 0.32949635533532384
9 585.0 0.0 -1.0 -1.0 -1.0 0.0 0.3326620610914714 0.33099997567127315 0.33633796323725546
9 586.0 0.0 -1.0 -1.0 -1.0 0.0 0.3594338248183708 0.31318626016375445 0.32737991501787456
9 587.0 0.0 -1.0 -1.0 -1.0 0.0 0.34726422088908643 0.32114201390437525 0.33159376520653866
9 588.0 0.0 -1.0 -1.0 -1.0 0.0 0.31300737531003464 0.3643781015376409 0.32261452315232453
9 589.0 0.0 -1.0 -1.0 -1.0 0.0 0.34518339457760866 0.3334326966400543 0.3213839087823371
9 590.0 0.0 -1.0 -1.0 -1.0 0.0 0.35865403003397184 0.3299819009378153 0.3113640690282128
9 591.0 0.0 -1.0 -1.0 -1.0 0.0 0.3686735362296567 0.3176225912749121 0.31370387249543125
9 592.0 0.0 -1.0 -1.0 -1.0 0.0 0.3422621351220167 0.31806193627694024 0.33967592860104323
9 593.0 0.0 -1.0 -1.0 -1.0 0.0 0.3571517725068622 0.32895145159243383 0.31389677590070386
9 594.0 0.0 -1.0 -1.0 -1.0 0.0 0.3596104115794483 0.31706225356665485 0.32332733485389686
9 595.0 0.0 -1.0 -1.0 -1.0 0.0 0.36667017619583897 0.3208145592037316 0.31251526460042955
9 596.0 0.0 -1.0 -1.0 -1.0 0.0 0.37233857291525574 0.3017463543605358 0.32591507272420855
9 597.0 0.0 -1.0 -1.0 -1.0 0.0 0.35853313507169665 0.3121536143566377 0.32931325057166605
9 598.0 0.0 -1.0 -1.0 -1.0 0.0 0.3433838513570853 0.3244781859257675 0.332137962717147
9 599.0 0.0 -1.0 -1.0 -1.0 0.0 0.3389147788825986 0.32455069315702395 0.3365345279603777
9 600.0 0.0 -1.0 -1.0 -1.0 0.0 0.3554978879739212 0.3435844940470544 0.30091761797902433
9 601.0 0.0 -1.0 -1.0 -1.0 0.0 0.34836822123835176 0.3349772759174598 0.31665450284418867
9 602.0 0.0 -1.0 -1.0 -1.0 0.0 0.35278152818836345 0.33387048770195366 0.31334798410968295
9 603.0 0.0 -1.0 -1.0 -1.0 0.0 0.3622655511870149 0.34368339427545513 0.2940510545375302
9 604.0 0.0 -1.0 -1.0 -1.0 0.0 0.34653825243840913 0.3360648259805755 0.3173969215810153
9 605.0 0.0 -1.0 -1.0 -1.0 0.0 0.32968680092929503 0.3300541441601295 0.3402590549105751
9 606.0 0.0 -1.0 -1.0 -1.0 0.0 0.3447193729855217 0.33195867549710906 0.3233219515173692
9 607.0 0.0 -1.0 -1.0 -1.0 0.0 0.35714614402807776 0.3218110392753054 0.32104281669661694
9 608.0 0.0 -1.0 -1.0 -1.0 0.0 0.3109881181936967 0.3363580326519858 0.3526538491543174
9 609.0 0.0 -1.0 -1.0 -1.0 0.0 0.30590122302116807 0.3294256369769685 0.3646731400018632
9 610.0 0.0 -1.0 -1.0 -1.0 0.0 0.3205630076287836 0.31931530139261155 0.36012169097860464
9 611.0 0.0 -1.0 -1.0 -1.0 0.0 0.3356669641044629 0.3448713127523956 0.31946172314314153
9 612.0 0.0 -1.0 -1.0 -1.0 0.0 0.35887867057233874 0.3020589910519637 0.3390623383756975
9 613.0 0.0 -1.0 -1.0 -1.0 0.0 0.35133802553764526 0.29690775792905594 0.3517542165332991
9 614.0 0.0 -1.0 -1.0 -1.0 0.0 0.35385257399264985 0.31754270946377916 0.328604716543571
9 615.0 0.0 -1.0 -1.0 -1.0 0.0 0.35540731803154196 0.31754381362735434 0.32704886834110347
9 616.0 0.0 -1.0 -1.0 -1.0 0.0 0.3604372471662022 0.314818881259763 0.32474387157403484
9 617.0 0.0 -1.0 -1.0 -1.0 0.0 0.3481557722647902 0.3283160084321557 0.323528219303054
9 618.0 0.0 -1.0 -1.0 -1.0 0.0 0.343776675196247 0.3199161368899893 0.3363071879137637
9 619.0 0.0 -1.0 -1.0 -1.0 0.0 0.3259943797001976 0.33605351135882056 0.3379521089409818
9 620.0 0.0 -1.0 -1.0 -1.0 0.0 0.3359508320247512 0.3423200700886344 0.3217290978866143
9 621.0 0.0 -1.0 -1.0 -1.0 0.0 0.3708729775793552 0.30047571547157814 0.3286513069490669
9 622.0 0.0 -1.0 -1.0 -1.0 0.0 0.3485378882046764 0.32525964661659423 0.3262024651787293
9 623.0 0.0 -1.0 -1.0 -1.0 0.0 0.36235108673304967 0.3280118868898135 0.3096370263771369
9 624.0 0.0 -1.0 -1.0 -1.0 0.0 0.33784101097053343 0.3244537983461988 0.33770519068326765
9 625.0 0.0 -1.0 -1.0 -1.0 0.0 0.32038416065457376 0.32632081284755143 0.3532950264978747
9 626.0 0.0 -1.0 -1.0 -1.0 0.0 0.3241022447063477 0.3209580470609785 0.3549397082326737
9 627.0 0.0 -1.0 -1.0 -1.0 0.0 0.3058987488634813 0.3473835922639851 0.3467176588725338
9 628.0 0.0 -1.0 -1.0 -1.0 0.0 0.30270607435196434 0.38023074479780916 0.3170631808502265
9 629.0 0.0 -1.0 -1.0 -1.0 0.0 0.30760132626664094 0.3944241833681432 0.2979744903652159
9 630.0 0.0 -1.0 -1.0 -1.0 0.0 0.3116517716166483 0.37414533783086057 0.314202890552491
9 631.0 0.0 -1.0 -1.0 -1.0 0.0 0.31087713795003535 0.38812059695921985 0.3010022650907449
9 632.0 0.0 -1.0 -1.0 -1.0 0.0 0.3213509967797161 0.3511296076920482 0.32751939552823595
9 633.0 0.0 -1.0 -1.0 -1.0 0.0 0.3255062641497178 0.3242818642563522 0.35021187159392964
9 634.0 0.0 -1.0 -1.0 -1.0 0.0 0.3417126146879657 0.2911521920335647 0.3671351932784696
9 635.0 0.0 -1.0 -1.0 -1.0 0.0 0.35935390459505856 0.30378877357907613 0.3368573218258652
9 636.0 0.0 -1.0 -1.0 -1.0 0.0 0.34500372307904187 0.3227726015053383 0.3322236754156197
9 637.0 0.0 -1.0 -1.0 -1.0 0.0 0.3326604889935407 0.34275062199479966 0.3245888890116596
9 638.0 0.0 -1.0 -1.0 -1.0 0.0 0.34627123920118197 0.3312200734072124 0.3225086873916056
9 639.0 0.0 -1.0 -1.0 -1.0 0.0 0.3361085165910877 0.32749882954830023 0.33639265386061235
9 640.0 0.0 -1.0 -1.0 -1.0 0.0 0.3537739982783906 0.34241120920008017 0.3038147925215295
9 641.0 0.0 -1.0 -1.0 -1.0 0.0 0.35576585830342977 0.3490008061882916 0.29523333550827874
9 642.0 0.0 -1.0 -1.0 -1.0 0.0 0.3326608875556856 0.35067618126410643 0.31666293118020816
9 643.0 0.0 -1.0 -1.0 -1.0 0.0 0.28623962685132726 0.38313901985028387 0.3306213532983889
9 644.0 0.0 -1.0 -1.0 -1.0 0.0 0.2784579016072704 0.37754675807948507 0.3439953403132445
9 645.0 0.0 -1.0 -1.0 -1.0 0.0 0.2943741031170351 0.3549211506804438 0.35070474620252123
9 646.0 0.0 -1.0 -1.0 -1.0 0.0 0.2983379806045827 0.36550414016678817 0.33615787922862916
9 647.0 0.0 -1.0 -1.0 -1.0 0.0 0.3029872835210881 0.3580609083417476 0.33895180813716425
9 648.0 0.0 -1.0 -1.0 -1.0 0.0 0.30380888574663273 0.34314239288112375 0.3530487213722435
9 649.0 0.0 -1.0 -1.0 -1.0 0.0 0.3192103314431567 0.3472851859898183 0.3335044825670247
9 650.0 0.0 -1.0 -1.0 -1.0 0.0 0.3244111989966034 0.35791951255412807 0.3176692884492687
9 651.0 0.0 -1.0 -1.0 -1.0 0.0 0.3148406380568352 0.3523150108989948 0.3328443510441699
9 652.0 0.0 -1.0 -1.0 -1.0 0.0 0.3244096629171531 0.3507852484748954 0.3248050886079517
9 653.0 0.0 -1.0 -1.0 -1.0 0.0 0.33878960930111723 0.33003699385135193 0.3311733968475306
9 654.0 0.0 -1.0 -1.0 -1.0 0.0 0.3384799250966004 0.3242250483912721 0.3372950265121275
9 655.0 0.0 -1.0 -1.0 -1.0 0.0 0.34314296177792003 0.34165403049524273 0.3152030077268371
9 656.0 0.0 -1.0 -1.0 -1.0 0.0 0.3529434797373716 0.33858633737857047 0.3084701828840576
9 657.0 0.0 -1.0 -1.0 -1.0 0.0 0.350686592142506 0.32308998701131 0.3262234208461842
9 658.0 0.0 -1.0 -1.0 -1.0 0.0 0.3829232379257755 0.313720366766965 0.3033563953072596
9 659.0 0.0 -1.0 -1.0 -1.0 0.0 0.36805249522680455 0.3124434959355597 0.3195040088376357
9 660.0 0.0 -1.0 -1.0 -1.0 0.0 0.348120957120019 0.3153777269667858 0.3365013159131952
9 661.0 0.0 -1.0 -1.0 -1.0 0.0 0.3367658618688658 0.339376733429156 0.32385740470197794
9 662.0 0.0 -1.0 -1.0 -1.0 0.0 0.3237236227880706 0.32424251840073104 0.3520338588111985
9 663.0 0.0 -1.0 -1.0 -1.0 0.0 0.3386359257515625 0.3222308823230622 0.3391331919253755
9 664.0 0.0 -1.0 -1.0 -1.0 0.0 0.32346166373054397 0.3457920218622215 0.33074631440723457
9 665.0 0.0 -1.0 -1.0 -1.0 0.0 0.33063133379834503 0.35634339448921615 0.31302527171243866
9 666.0 0.0 -1.0 -1.0 -1.0 0.0 0.32610316155443675 0.35468475946113176 0.31921207898443116
9 667.0 0.0 -1.0 -1.0 -1.0 0.0 0.3255327835417499 0.34563051024290353 0.3288367062153465
9 668.0 0.0 -1.0 -1.0 -1.0 0.0 0.32543150711198415 0.3342631471295397 0.34030534575847615
9 669.0 0.0 -1.0 -1.0 -1.0 0.0 0.3294049159389072 0.33954546291878146 0.3310496211423116
9 670.0 0.0 -1.0 -1.0 -1.0 0.0 0.29947478473781997 0.3432973676538032 0.3572278476083769
9 671.0 0.0 -1.0 -1.0 -1.0 0.0 0.3055367133337486 0.3510520588756335 0.3434112277906178
9 672.0 0.0 -1.0 -1.0 -1.0 0.0 0.31262848605310367 0.3506917047195725 0.33667980922732405
9 673.0 0.0 -1.0 -1.0 -1.0 0.0 0.3168799029405098 0.34886547241782656 0.3342546246416638
9 674.0 0.0 -1.0 -1.0 -1.0 0.0 0.3274702759933028 0.3390628755240293 0.3334668484826679
9 675.0 0.0 -1.0 -1.0 -1.0 0.0 0.34085514322212296 0.3498730941624122 0.309271762615465
9 676.0 0.0 -1.0 -1.0 -1.0 0.0 0.31994736524825695 0.3560022285570789 0.32405040619466413
9 677.0 0.0 -1.0 -1.0 -1.0 0.0 0.3196107656150255 0.32653403218191784 0.3538552022030563
9 678.0 0.0 -1.0 -1.0 -1.0 0.0 0.3520418083733839 0.30439127492343865 0.34356691670317735
9 679.0 0.0 -1.0 -1.0 -1.0 0.0 0.354309667059524 0.307445364481959 0.33824496845851715
9 680.0 0.0 -1.0 -1.0 -1.0 0.0 0.3738139405301296 0.3154927341266218 0.3106933253432486
9 681.0 0.0 -1.0 -1.0 -1.0 0.0 0.39233208031324 0.32778761566510944 0.27988030402165054
9 682.0 0.0 -1.0 -1.0 -1.0 0.0 0.3764086393172416 0.3250841592900601 0.2985072013926983
9 683.0 0.0 -1.0 -1.0 -1.0 0.0 0.3603739804539698 0.34250469757146557 0.29712132197456487
9 684.0 0.0 -1.0 -1.0 -1.0 0.0 0.37037440671094274 0.32231165358820973 0.3073139397008475
9 685.0 0.0 -1.0 -1.0 -1.0 0.0 0.36769930394840633 0.31556055434817887 0.31674014170341486
9 686.0 0.0 -1.0 -1.0 -1.0 0.0 0.40783349103362226 0.3072378926502059 0.2849286163161718
9 687.0 0.0 -1.0 -1.0 -1.0 0.0 0.3926076149747405 0.32251161463196815 0.28488077039329146
9 688.0 0.0 -1.0 -1.0 -1.0 0.0 0.36761909642456236 0.33359441352403185 0.2987864900514058
9 689.0 0.0 -1.0 -1.0 -1.0 0.0 0.38100135148356534 0.3234851802421609 0.2955134682742738
9 690.0 0.0 -1.0 -1.0 -1.0 0.0 0.39098795965231586 0.30897515411577164 0.3000368862319126
9 691.0 0.0 -1.0 -1.0 -1.0 0.0 0.36479373984296787 0.33165047560238997 0.303555784554642
9 692.0 0.0 -1.0 -1.0 -1.0 0.0 0.33577045686931023 0.33487360794783866 0.32935593518285095
9 693.0 0.0 -1.0 -1.0 -1.0 0.0 0.3120320126199288 0.342448491123703 0.34551949625636796
9 694.0 0.0 -1.0 -1.0 -1.0 0.0 0.29068644703411267 0.3434180244121832 0.36589552855370405
9 695.0 0.0 -1.0 -1.0 -1.0 0.0 0.323670622897145 0.3286701164950056 0.34765926060784946
9 696.0 0.0 -1.0 -1.0 -1.0 0.0 0.3231477347927177 0.3324691842377896 0.3443830809694925
9 697.0 0.0 -1.0 -1.0 -1.0 0.0 0.32228610598664403 0.3561352823492579 0.32157861166409796
9 698.0 0.0 -1.0 -1.0 -1.0 0.0 0.3367023241517991 0.37432003328864577 0.2889776425595551
9 699.0 0.0 -1.0 -1.0 -1.0 0.0 0.3170052125330971 0.39513418318440857 0.2878606042824943
9 700.0 0.0 -1.0 -1.0 -1.0 0.0 0.32450210892727893 0.3741180885933121 0.3013798024794088
9 701.0 0.0 -1.0 -1.0 -1.0 0.0 0.338089148053111 0.3656214214779798 0.296289430468909
9 702.0 0.0 -1.0 -1.0 -1.0 0.0 0.3459017246853543 0.3659214567369669 0.2881768185776789
9 703.0 0.0 -1.0 -1.0 -1.0 0.0 0.37227434062708076 0.34687537239553684 0.2808502869773823
9 704.0 0.0 -1.0 -1.0 -1.0 0.0 0.35051523087428316 0.33799120561642626 0.31149356350929047
9 705.0 0.0 -1.0 -1.0 -1.0 0.0 0.33688041233243404 0.32431242762065304 0.33880716004691325
9 706.0 0.0 -1.0 -1.0 -1.0 0.0 0.35455550724964113 0.32323500649367953 0.32220948625667956
9 707.0 0.0 -1.0 -1.0 -1.0 0.0 0.38130643508969675 0.3250798812325542 0.2936136836777491
9 708.0 0.0 -1.0 -1.0 -1.0 0.0 0.36656158920392967 0.33511086526671435 0.29832754552935603
9 709.0 0.0 -1.0 -1.0 -1.0 0.0 0.37874587254335956 0.32810777359662496 0.2931463538600155
9 710.0 0.0 -1.0 -1.0 -1.0 0.0 0.3658287556909826 0.31157110011922035 0.32260014418979693
9 711.0 0.0 -1.0 -1.0 -1.0 0.0 0.3357864224949367 0.34892341150437967 0.31529016600068355
9 712.0 0.0 -1.0 -1.0 -1.0 0.0 0.33602053686138156 0.3425677577136475 0.3214117054249709
9 713.0 0.0 -1.0 -1.0 -1.0 0.0 0.35195969080209233 0.34166488016090235 0.30637542903700526
9 714.0 0.0 -1.0 -1.0 -1.0 0.0 0.3469261950446315 0.33135362533701057 0.32172017961835786
9 715.0 0.0 -1.0 -1.0 -1.0 0.0 0.3686547299380354 0.3466338725070106 0.2847113975549541
9 716.0 0.0 -1.0 -1.0 -1.0 0.0 0.3543640456573296 0.3657665915696901 0.27986936277298036
9 717.0 0.0 -1.0 -1.0 -1.0 0.0 0.3576538171988151 0.34150517144250125 0.30084101135868346
9 718.0 0.0 -1.0 -1.0 -1.0 0.0 0.34773493029446206 0.3564387274200734 0.29582634228546467
9 719.0 0.0 -1.0 -1.0 -1.0 0.0 0.3461519652019182 0.35070385614833277 0.3031441786497492
9 720.0 0.0 -1.0 -1.0 -1.0 0.0 0.37016651870115347 0.3402078066322149 0.28962567466663197
9 721.0 0.0 -1.0 -1.0 -1.0 0.0 0.38076850702986326 0.3307558121893615 0.2884756807807751
9 722.0 0.0 -1.0 -1.0 -1.0 0.0 0.3599389646660445 0.33794080679579186 0.30212022853816356
9 723.0 0.0 -1.0 -1.0 -1.0 0.0 0.34025663343330537 0.3533058016185964 0.3064375649480986
9 724.0 0.0 -1.0 -1.0 -1.0 0.0 0.3434283777998649 0.35777303108781616 0.29879859111231893
9 725.0 0.0 -1.0 -1.0 -1.0 0.0 0.3573936868352349 0.3094398179216648 0.3331664952430999
9 726.0 0.0 -1.0 -1.0 -1.0 0.0 0.32757307547614567 0.3285521005205652 0.3438748240032892
9 727.0 0.0 -1.0 -1.0 -1.0 0.0 0.3457740308649991 0.34071467752185586 0.313511291613145
9 728.0 0.0 -1.0 -1.0 -1.0 0.0 0.34211392027649395 0.34597749298938285 0.3119085867341233
9 729.0 0.0 -1.0 -1.0 -1.0 0.0 0.33375833708561187 0.3301601807744413 0.3360814821399469
9 730.0 0.0 -1.0 -1.0 -1.0 0.0 0.3443447852858562 0.30748989226467066 0.3481653224494734
9 731.0 0.0 -1.0 -1.0 -1.0 0.0 0.34357181846190193 0.31106844373208636 0.34535973780601154
9 732.0 0.0 -1.0 -1.0 -1.0 0.0 0.3340033484660912 0.31872610422882264 0.34727054730508633
9 733.0 0.0 -1.0 -1.0 -1.0 0.0 0.3560533198146928 0.30798831645141794 0.33595836373388926
9 734.0 0.0 -1.0 -1.0 -1.0 0.0 0.3499211155922758 0.3173164002354149 0.3327624841723092
9 735.0 0.0 -1.0 -1.0 -1.0 0.0 0.3540326895300784 0.32546719476223374 0.32050011570768766
9 736.0 0.0 -1.0 -1.0 -1.0 0.0 0.3355110370292411 0.3358378617458147 0.32865110122494423
9 737.0 0.0 -1.0 -1.0 -1.0 0.0 0.32044723334944386 0.3351492462670684 0.3444035203834879
9 738.0 0.0 -1.0 -1.0 -1.0 0.0 0.3180835997109497 0.33899223457535066 0.34292416571369977
9 739.0 0.0 -1.0 -1.0 -1.0 0.0 0.3259167443827259 0.3543299144885807 0.3197533411286934
9 740.0 0.0 -1.0 -1.0 -1.0 0.0 0.30747585534999805 0.3926883890543457 0.2998357555956563
9 741.0 0.0 -1.0 -1.0 -1.0 0.0 0.314356343032809 0.39326653285651714 0.29237712411067374
9 742.0 0.0 -1.0 -1.0 -1.0 0.0 0.3407310920646864 0.3875756398639934 0.27169326807132044
9 743.0 0.0 -1.0 -1.0 -1.0 0.0 0.3431625207410088 0.3800312227902799 0.276806256468711
9 744.0 0.0 -1.0 -1.0 -1.0 0.0 0.3376749258035629 0.3777308354081259 0.2845942387883111
9 745.0 0.0 -1.0 -1.0 -1.0 0.0 0.3242059747443273 0.38347960762106026 0.2923144176346124
9 746.0 0.0 -1.0 -1.0 -1.0 0.0 0.3233010318103777 0.39073016339781225 0.2859688047918098
9 747.0 0.0 -1.0 -1.0 -1.0 0.0 0.352579034637252 0.38016317517360504 0.26725779018914275
9 748.0 0.0 -1.0 -1.0 -1.0 0.0 0.33596018943182415 0.385801883039578 0.2782379275285977
9 749.0 0.0 -1.0 -1.0 -1.0 0.0 0.33571391276108165 0.37132130328128576 0.2929647839576324
9 750.0 0.0 -1.0 -1.0 -1.0 0.0 0.35082613883114555 0.3597687428594892 0.2894051183093655
9 751.0 0.0 -1.0 -1.0 -1.0 0.0 0.3410823007646031 0.3567748330385649 0.30214286619683217
9 752.0 0.0 -1.0 -1.0 -1.0 0.0 0.3639814521242129 0.3395372511792965 0.2964812966964907
9 753.0 0.0 -1.0 -1.0 -1.0 0.0 0.3413060574049659 0.3401096697229405 0.31858427287209357
9 754.0 0.0 -1.0 -1.0 -1.0 0.0 0.31005023075262783 0.34437888085052576 0.3455708883968461
9 755.0 0.0 -1.0 -1.0 -1.0 0.0 0.2933798219051532 0.3196943414318256 0.38692583666302127
9 756.0 0.0 -1.0 -1.0 -1.0 0.0 0.28096768334809996 0.34225496851355186 0.37677734813834796
9 757.0 0.0 -1.0 -1.0 -1.0 0.0 0.33021129339651156 0.3402496913029214 0.32953901530056706
9 758.0 0.0 -1.0 -1.0 -1.0 0.0 0.3609627736288539 0.3241308174286492 0.31490640894249716
9 759.0 0.0 -1.0 -1.0 -1.0 0.0 0.3574831010382895 0.32160526869412154 0.32091163026758907
9 760.0 0.0 -1.0 -1.0 -1.0 0.0 0.33439938411932246 0.3558839325524422 0.3097166833282354
9 761.0 0.0 -1.0 -1.0 -1.0 0.0 0.33787398493232507 0.36427172245596395 0.2978542926117111
9 762.0 0.0 -1.0 -1.0 -1.0 0.0 0.35284252847113057 0.326158436614474 0.32099903491439535
9 763.0 0.0 -1.0 -1.0 -1.0 0.0 0.3367479122428791 0.3531852522775148 0.31006683547960595
9 764.0 0.0 -1.0 -1.0 -1.0 0.0 0.33935797040174237 0.34429225395190505 0.3163497756463523
9 765.0 0.0 -1.0 -1.0 -1.0 0.0 0.34166056722545535 0.3320548271570024 0.326284605617542
9 766.0 0.0 -1.0 -1.0 -1.0 0.0 0.3256812648368136 0.3388576498951332 0.3354610852680531
9 767.0 0.0 -1.0 -1.0 -1.0 0.0 0.3443312477960449 0.3407564023230876 0.3149123498808677
9 768.0 0.0 -1.0 -1.0 -1.0 0.0 0.36924919058246475 0.32137393963262895 0.3093768697849061
9 769.0 0.0 -1.0 -1.0 -1.0 0.0 0.35542931863546656 0.34169558602584166 0.30287509533869184
9 770.0 0.0 -1.0 -1.0 -1.0 0.0 0.30900218693336695 0.3613691802103422 0.32962863285629085
9 771.0 0.0 -1.0 -1.0 -1.0 0.0 0.26623129612163854 0.3822380370408376 0.35153066683752376
9 772.0 0.0 -1.0 -1.0 -1.0 0.0 0.2777880050610211 0.38439840255693725 0.3378135923820417
9 773.0 0.0 -1.0 -1.0 -1.0 0.0 0.29178007315572196 0.3681774921766126 0.34004243466766565
9 774.0 0.0 -1.0 -1.0 -1.0 0.0 0.3054346176850569 0.35176415705356895 0.342801225261374
9 775.0 0.0 -1.0 -1.0 -1.0 0.0 0.31997075628081795 0.3648912640103027 0.315137979708879
9 776.0 0.0 -1.0 -1.0 -1.0 0.0 0.34296012610938553 0.35874604092806417 0.29829383296255035
9 777.0 0.0 -1.0 -1.0 -1.0 0.0 0.3470904060658047 0.3650326236299182 0.2878769703042771
9 778.0 0.0 -1.0 -1.0 -1.0 0.0 0.3570722772723047 0.35919658930878406 0.28373113341891115
9 779.0 0.0 -1.0 -1.0 -1.0 0.0 0.3547335852912572 0.3659071549619029 0.2793592597468399
9 780.0 0.0 -1.0 -1.0 -1.0 0.0 0.3539101379479883 0.3695536828000732 0.2765361792519388
9 781.0 0.0 -1.0 -1.0 -1.0 0.0 0.3720361179328389 0.3438050470967633 0.28415883497039773
9 782.0 0.0 -1.0 -1.0 -1.0 0.0 0.3714991366359965 0.3326127229868231 0.2958881403771805
9 783.0 0.0 -1.0 -1.0 -1.0 0.0 0.37726955561233 0.3181790353427011 0.3045514090449688
9 784.0 0.0 -1.0 -1.0 -1.0 0.0 0.364068373954699 0.33417844754433923 0.30175317850096184
9 785.0 0.0 -1.0 -1.0 -1.0 0.0 0.3812978016070642 0.3322885280786286 0.2864136703143071
9 786.0 0.0 -1.0 -1.0 -1.0 0.0 0.36729124724502343 0.32367334117267604 0.3090354115823007
9 787.0 0.0 -1.0 -1.0 -1.0 0.0 0.3538665684119525 0.2951897266594392 0.35094370492860827
9 788.0 0.0 -1.0 -1.0 -1.0 0.0 0.3666654216695996 0.27598149858272386 0.35735307974767666
9 789.0 0.0 -1.0 -1.0 -1.0 0.0 0.3658254881376135 0.29400245865871755 0.34017205320366906
9 790.0 0.0 -1.0 -1.0 -1.0 0.0 0.3499396977647386 0.30290586943231973 0.3471544328029416
9 791.0 0.0 -1.0 -1.0 -1.0 0.0 0.32980098349546794 0.31671152556878523 0.3534874909357471
9 792.0 0.0 -1.0 -1.0 -1.0 0.0 0.32441888763486537 0.3119353734061056 0.36364573895902885
9 793.0 0.0 -1.0 -1.0 -1.0 0.0 0.307975786734548 0.35521391909314837 0.33681029417230346
9 794.0 0.0 -1.0 -1.0 -1.0 0.0 0.33411255175159177 0.3447049283871383 0.3211825198612702
9 795.0 0.0 -1.0 -1.0 -1.0 0.0 0.3581680424218039 0.3232213298329414 0.3186106277452544
9 796.0 0.0 -1.0 -1.0 -1.0 0.0 0.3466907421795217 0.32368618987953846 0.3296230679409398
9 797.0 0.0 -1.0 -1.0 -1.0 0.0 0.34367539708709594 0.32101834072661817 0.3353062621862858
9 798.0 0.0 -1.0 -1.0 -1.0 0.0 0.34162223577986445 0.3183541342625664 0.3400236299575692
9 799.0 0.0 -1.0 -1.0 -1.0 0.0 0.34019159413141054 0.340997351522999 0.3188110543455904
9 800.0 0.0 -1.0 -1.0 -1.0 0.0 0.33150301889328615 0.35865949594519475 0.309837485161519
9 801.0 0.0 -1.0 -1.0 -1.0 0.0 0.35393585363415736 0.3382864390444214 0.3077777073214212
9 802.0 0.0 -1.0 -1.0 -1.0 0.0 0.35776911265771116 0.3423483878815226 0.29988249946076606
9 803.0 0.0 -1.0 -1.0 -1.0 0.0 0.3484013963895528 0.3346950278155767 0.3169035757948704
9 804.0 0.0 -1.0 -1.0 -1.0 0.0 0.34124127996406506 0.31297085115847784 0.34578786887745727
9 805.0 0.0 -1.0 -1.0 -1.0 0.0 0.3391129010525713 0.33004261622956366 0.3308444827178652
9 806.0 0.0 -1.0 -1.0 -1.0 0.0 0.3738091885879466 0.30410131523178396 0.3220894961802692
9 807.0 0.0 -1.0 -1.0 -1.0 0.0 0.35958870663295117 0.33756996809709805 0.3028413252699509
9 808.0 0.0 -1.0 -1.0 -1.0 0.0 0.340185121049418 0.3568279182613949 0.3029869606891869
9 809.0 0.0 -1.0 -1.0 -1.0 0.0 0.35110836340313656 0.33949804859453125 0.3093935880023323
9 810.0 0.0 -1.0 -1.0 -1.0 0.0 0.34286486404120525 0.33546301239477677 0.32167212356401803
9 811.0 0.0 -1.0 -1.0 -1.0 0.0 0.35155359481507176 0.3423063999955898 0.3061400051893386
9 812.0 0.0 -1.0 -1.0 -1.0 0.0 0.34261706740632714 0.3184305436769039 0.338952388916769
9 813.0 0.0 -1.0 -1.0 -1.0 0.0 0.3354833543352544 0.3270632081092668 0.3374534375554788
9 814.0 0.0 -1.0 -1.0 -1.0 0.0 0.3443555299080247 0.32589886457407524 0.32974560551790005
9 815.0 0.0 -1.0 -1.0 -1.0 0.0 0.337998638669173 0.34151942802126783 0.32048193330955904
9 816.0 0.0 -1.0 -1.0 -1.0 0.0 0.353921244725654 0.317503185951544 0.3285755693228022
9 817.0 0.0 -1.0 -1.0 -1.0 0.0 0.335761178482305 0.3191619372144143 0.34507688430328065
9 818.0 0.0 -1.0 -1.0 -1.0 0.0 0.3305165731988 0.3735015476930581 0.29598187910814217
9 819.0 0.0 -1.0 -1.0 -1.0 0.0 0.3241962300833407 0.3807869643809068 0.29501680553575255
9 820.0 0.0 -1.0 -1.0 -1.0 0.0 0.3304141654958373 0.35473907193821497 0.3148467625659475
9 821.0 0.0 -1.0 -1.0 -1.0 0.0 0.3709566523101243 0.33538907050733124 0.2936542771825447
9 822.0 0.0 -1.0 -1.0 -1.0 0.0 0.36022310011671627 0.33335058186417443 0.30642631801910913
9 823.0 0.0 -1.0 -1.0 -1.0 0.0 0.34255238386589215 0.341588929379106 0.31585868675500217
9 824.0 0.0 -1.0 -1.0 -1.0 0.0 0.3445698455948048 0.3465412743341183 0.3088888800710769
9 825.0 0.0 -1.0 -1.0 -1.0 0.0 0.32845449890916356 0.35115037840465296 0.3203951226861835
9 826.0 0.0 -1.0 -1.0 -1.0 0.0 0.32667417640371504 0.35814599071761455 0.31517983287867063
9 827.0 0.0 -1.0 -1.0 -1.0 0.0 0.33585038850243576 0.3277551924688117 0.33639441902875256
9 828.0 0.0 -1.0 -1.0 -1.0 0.0 0.30861975161471006 0.3499838384097121 0.3413964099755779
9 829.0 0.0 -1.0 -1.0 -1.0 0.0 0.3133485410352735 0.3358345681407582 0.35081689082396844
9 830.0 0.0 -1.0 -1.0 -1.0 0.0 0.3105408933599401 0.3346187829479969 0.354840323692063
9 831.0 0.0 -1.0 -1.0 -1.0 0.0 0.29574927834987114 0.35932197870235066 0.34492874294777837
9 832.0 0.0 -1.0 -1.0 -1.0 0.0 0.29611521608515673 0.36655769854749976 0.33732708536734335
9 833.0 0.0 -1.0 -1.0 -1.0 0.0 0.29833898224624167 0.3569833039560439 0.3446777137977145
9 834.0 0.0 -1.0 -1.0 -1.0 0.0 0.29029433626049916 0.3803569131814513 0.3293487505580497
9 835.0 0.0 -1.0 -1.0 -1.0 0.0 0.29324698655121895 0.36532110517529953 0.3414319082734814
9 836.0 0.0 -1.0 -1.0 -1.0 0.0 0.3224732431873996 0.33276639026782173 0.3447603665447787
9 837.0 0.0 -1.0 -1.0 -1.0 0.0 0.35081711065421045 0.307796916204544 0.3413859731412457
9 838.0 0.0 -1.0 -1.0 -1.0 0.0 0.3646725908240206 0.31438782877677196 0.32093958039920767
9 839.0 0.0 -1.0 -1.0 -1.0 0.0 0.3563458679801242 0.3337053300691171 0.3099488019507587
9 840.0 0.0 -1.0 -1.0 -1.0 0.0 0.3690132807812701 0.30209218347836486 0.32889453574036487
9 841.0 0.0 -1.0 -1.0 -1.0 0.0 0.36570602728417617 0.3077191733303476 0.3265747993854761
9 842.0 0.0 -1.0 -1.0 -1.0 0.0 0.3453749337784492 0.3355539082602399 0.3190711579613109
9 843.0 0.0 -1.0 -1.0 -1.0 0.0 0.3337013132402782 0.33697393811605264 0.329324748643669
9 844.0 0.0 -1.0 -1.0 -1.0 0.0 0.34364252843893284 0.3511060716479125 0.3052513999131546
9 845.0 0.0 -1.0 -1.0 -1.0 0.0 0.3271799494739838 0.3229373855974047 0.3498826649286117
9 846.0 0.0 -1.0 -1.0 -1.0 0.0 0.33249093491798093 0.32389374484997807 0.3436153202320413
9 847.0 0.0 -1.0 -1.0 -1.0 0.0 0.32545428053293285 0.33424630837115615 0.3402994110959108
9 848.0 0.0 -1.0 -1.0 -1.0 0.0 0.3320789345811888 0.3327080360936979 0.3352130293251133
9 849.0 0.0 -1.0 -1.0 -1.0 0.0 0.3437766291916504 0.30490050221733694 0.35132286859101264
9 850.0 0.0 -1.0 -1.0 -1.0 0.0 0.33801277766982096 0.33160158009739243 0.3303856422327867
9 851.0 0.0 -1.0 -1.0 -1.0 0.0 0.31734643547408004 0.3437142030918023 0.33893936143411757
9 852.0 0.0 -1.0 -1.0 -1.0 0.0 0.3253798779203876 0.3390203012988824 0.33559982078073003
9 853.0 0.0 -1.0 -1.0 -1.0 0.0 0.31547677798948376 0.3253492462222035 0.3591739757883129
9 854.0 0.0 -1.0 -1.0 -1.0 0.0 0.33488204812769995 0.3148938579934468 0.3502240938788534
9 855.0 0.0 -1.0 -1.0 -1.0 0.0 0.3368697467733741 0.3351245438282256 0.3280057093984003
9 856.0 0.0 -1.0 -1.0 -1.0 0.0 0.3234910911736324 0.35810050237514723 0.3184084064512207
9 857.0 0.0 -1.0 -1.0 -1.0 0.0 0.2998231875867498 0.3511397506440572 0.3490370617691929
9 858.0 0.0 -1.0 -1.0 -1.0 0.0 0.3110765344030305 0.32755532918970787 0.36136813640726184
9 859.0 0.0 -1.0 -1.0 -1.0 0.0 0.3086724401387638 0.3248073726302614 0.3665201872309748
9 860.0 0.0 -1.0 -1.0 -1.0 0.0 0.29402578958186565 0.3625510253240922 0.34342318509404196
9 861.0 0.0 -1.0 -1.0 -1.0 0.0 0.31075850895791496 0.3484382665670172 0.3408032244750679
9 862.0 0.0 -1.0 -1.0 -1.0 0.0 0.34270970043843185 0.3160439663114679 0.3412463332501004
9 863.0 0.0 -1.0 -1.0 -1.0 0.0 0.31387190240176127 0.3387077194682086 0.3474203781300302
9 864.0 0.0 -1.0 -1.0 -1.0 0.0 0.30608794468593314 0.328922960332239 0.3649890949818275
9 865.0 0.0 -1.0 -1.0 -1.0 0.0 0.2964301756862703 0.33433822508332617 0.3692315992304039
9 866.0 0.0 -1.0 -1.0 -1.0 0.0 0.29450279009103314 0.33867202746461755 0.3668251824443495
9 867.0 0.0 -1.0 -1.0 -1.0 0.0 0.3054465599961823 0.35053679154490974 0.34401664845890784
9 868.0 0.0 -1.0 -1.0 -1.0 0.0 0.3287190719118498 0.3336793146505238 0.3376016134376265
9 869.0 0.0 -1.0 -1.0 -1.0 0.0 0.3221036442800828 0.3210058582565567 0.35689049746336055
9 870.0 0.0 -1.0 -1.0 -1.0 0.0 0.32777999130232877 0.3310942536771757 0.34112575502049547
9 871.0 0.0 -1.0 -1.0 -1.0 0.0 0.30707590569826076 0.3349027780277644 0.358021316273975
9 872.0 0.0 -1.0 -1.0 -1.0 0.0 0.3225223828483811 0.32478876698324327 0.3526888501683757
9 873.0 0.0 -1.0 -1.0 -1.0 0.0 0.3436631040807901 0.326149796735309 0.33018709918390093
9 874.0 0.0 -1.0 -1.0 -1.0 0.0 0.3534464238034799 0.31826959894578616 0.32828397725073366
9 875.0 0.0 -1.0 -1.0 -1.0 0.0 0.35789225172474387 0.31589064716692844 0.32621710110832774
9 876.0 0.0 -1.0 -1.0 -1.0 0.0 0.37379974038327063 0.33216416347213334 0.29403609614459586
9 877.0 0.0 -1.0 -1.0 -1.0 0.0 0.3679865343614434 0.3283226940177704 0.30369077162078617
9 878.0 0.0 -1.0 -1.0 -1.0 0.0 0.34980892083603016 0.3162592504290859 0.33393182873488386
9 879.0 0.0 -1.0 -1.0 -1.0 0.0 0.36889460446844796 0.31865933615185255 0.3124460593796995
9 880.0 0.0 -1.0 -1.0 -1.0 0.0 0.34993521849424064 0.3200500887919248 0.33001469271383443
9 881.0 0.0 -1.0 -1.0 -1.0 0.0 0.33892245759267103 0.3520797785798162 0.30899776382751293
9 882.0 0.0 -1.0 -1.0 -1.0 0.0 0.3216084052140504 0.32982143086232824 0.34857016392362133
9 883.0 0.0 -1.0 -1.0 -1.0 0.0 0.3364459533407937 0.31274479600801636 0.3508092506511899
9 884.0 0.0 -1.0 -1.0 -1.0 0.0 0.30615268782058097 0.3409524947660069 0.35289481741341205
9 885.0 0.0 -1.0 -1.0 -1.0 0.0 0.2912515489391799 0.35255482040962577 0.35619363065119425
9 886.0 0.0 -1.0 -1.0 -1.0 0.0 0.3083628699733119 0.33790694849824393 0.3537301815284442
9 887.0 0.0 -1.0 -1.0 -1.0 0.0 0.32405906403480117 0.3102949779819444 0.36564595798325455
9 888.0 0.0 -1.0 -1.0 -1.0 0.0 0.3341153660549702 0.3199919063063308 0.34589272763869905
9 889.0 0.0 -1.0 -1.0 -1.0 0.0 0.3294678906251029 0.3230617000318077 0.34747040934308926
9 890.0 0.0 -1.0 -1.0 -1.0 0.0 0.33170579693620394 0.32631985664356455 0.34197434642023156
9 891.0 0.0 -1.0 -1.0 -1.0 0.0 0.3306278402550387 0.3170654788374751 0.352306680907486
9 892.0 0.0 -1.0 -1.0 -1.0 0.0 0.35221403275250135 0.3196207458422567 0.3281652214052422
9 893.0 0.0 -1.0 -1.0 -1.0 0.0 0.3467224563155418 0.3159803415556963 0.3372972021287619
9 894.0 0.0 -1.0 -1.0 -1.0 0.0 0.33825553082888965 0.33865717570211024 0.3230872934690002
9 895.0 0.0 -1.0 -1.0 -1.0 0.0 0.33488241074773434 0.355752223100442 0.3093653661518236
9 896.0 0.0 -1.0 -1.0 -1.0 0.0 0.3404049007957988 0.356582152507986 0.30301294669621526
9 897.0 0.0 -1.0 -1.0 -1.0 0.0 0.34019632929995924 0.34556315753990297 0.31424051316013774
9 898.0 0.0 -1.0 -1.0 -1.0 0.0 0.32156215351928175 0.3458742652316909 0.3325635812490274
9 899.0 0.0 -1.0 -1.0 -1.0 0.0 0.33965892898888284 0.3264723196688821 0.3338687513422349
9 900.0 0.0 -1.0 -1.0 -1.0 0.0 0.34668179690082845 0.3219161931035279 0.3314020099956439
9 901.0 0.0 -1.0 -1.0 -1.0 0.0 0.3626817034470358 0.3158278869020894 0.3214904096508747
9 902.0 0.0 -1.0 -1.0 -1.0 0.0 0.3708712173469533 0.3151943374780305 0.313934445175016
9 903.0 0.0 -1.0 -1.0 -1.0 0.0 0.3467143079748224 0.3264331046603282 0.3268525873648492
9 904.0 0.0 -1.0 -1.0 -1.0 0.0 0.3274087977853561 0.3450199642799283 0.32757123793471554
9 905.0 0.0 -1.0 -1.0 -1.0 0.0 0.3393606778142794 0.3415779667385923 0.3190613554471279
9 906.0 0.0 -1.0 -1.0 -1.0 0.0 0.33911266352009256 0.3238381735641906 0.3370491629157165
9 907.0 0.0 -1.0 -1.0 -1.0 0.0 0.3113557118741743 0.3155702189033419 0.3730740692224838
9 908.0 0.0 -1.0 -1.0 -1.0 0.0 0.32157486883471137 0.3200740750935244 0.3583510560717643
9 909.0 0.0 -1.0 -1.0 -1.0 0.0 0.3514328182254954 0.30622168268992417 0.34234549908458056
9 910.0 0.0 -1.0 -1.0 -1.0 0.0 0.3502388817742477 0.32140671727485703 0.32835440095089524
9 911.0 0.0 -1.0 -1.0 -1.0 0.0 0.34329822894691786 0.32907802632556504 0.32762374472751704
9 912.0 0.0 -1.0 -1.0 -1.0 0.0 0.3462138880553045 0.351834701101061 0.30195141084363486
9 913.0 0.0 -1.0 -1.0 -1.0 0.0 0.31789716125004874 0.36764426010531315 0.31445857864463805
9 914.0 0.0 -1.0 -1.0 -1.0 0.0 0.32231101940238793 0.3504816617509996 0.32720731884661247
9 915.0 0.0 -1.0 -1.0 -1.0 0.0 0.32905506702777054 0.34577752561335495 0.3251674073588747
9 916.0 0.0 -1.0 -1.0 -1.0 0.0 0.32509462284044943 0.36286813376748783 0.31203724339206274
9 917.0 0.0 -1.0 -1.0 -1.0 0.0 0.31511151810783244 0.3372418594157541 0.3476466224764133
9 918.0 0.0 -1.0 -1.0 -1.0 0.0 0.33103694853174886 0.3395587875014467 0.32940426396680444
9 919.0 0.0 -1.0 -1.0 -1.0 0.0 0.3452685798966541 0.3256746130964878 0.3290568070068581
9 920.0 0.0 -1.0 -1.0 -1.0 0.0 0.3288348191608689 0.2963247547284714 0.3748404261106596
9 921.0 0.0 -1.0 -1.0 -1.0 0.0 0.31141590377563555 0.31082607595365763 0.3777580202707067
9 922.0 0.0 -1.0 -1.0 -1.0 0.0 0.3445832853849226 0.2900358017631951 0.36538091285188223
9 923.0 0.0 -1.0 -1.0 -1.0 0.0 0.33831954396005126 0.2935289257265364 0.3681515303134127
9 924.0 0.0 -1.0 -1.0 -1.0 0.0 0.3246278657192538 0.2992522826372745 0.3761198516434719
9 925.0 0.0 -1.0 -1.0 -1.0 0.0 0.32734695935187164 0.32475341496583804 0.34789962568229027
9 926.0 0.0 -1.0 -1.0 -1.0 0.0 0.29887770081454623 0.3331674641750977 0.3679548350103559
9 927.0 0.0 -1.0 -1.0 -1.0 0.0 0.3195868701973156 0.327155774670811 0.3532573551318734
9 928.0 0.0 -1.0 -1.0 -1.0 0.0 0.3514035111582109 0.29082779771241146 0.3577686911293778
9 929.0 0.0 -1.0 -1.0 -1.0 0.0 0.35099500347542145 0.2934120005863559 0.35559299593822247
9 930.0 0.0 -1.0 -1.0 -1.0 0.0 0.3659207462621276 0.2871841925829763 0.34689506115489604
9 931.0 0.0 -1.0 -1.0 -1.0 0.0 0.3651108006718725 0.2894549196853855 0.3454342796427421
9 932.0 0.0 -1.0 -1.0 -1.0 0.0 0.36671438216060864 0.2835402061436294 0.3497454116957617
9 933.0 0.0 -1.0 -1.0 -1.0 0.0 0.3366803004436496 0.2971517774025798 0.36616792215377053
9 934.0 0.0 -1.0 -1.0 -1.0 0.0 0.3506066173069252 0.30370590316565754 0.34568747952741724
9 935.0 0.0 -1.0 -1.0 -1.0 0.0 0.37600551986541264 0.28421746473202786 0.3397770154025595
9 936.0 0.0 -1.0 -1.0 -1.0 0.0 0.342550660333862 0.31940732635089053 0.3380420133152473
9 937.0 0.0 -1.0 -1.0 -1.0 0.0 0.3631353389977631 0.3266687621564936 0.31019589884574306
9 938.0 0.0 -1.0 -1.0 -1.0 0.0 0.35086828517480084 0.35010287455684896 0.2990288402683502
9 939.0 0.0 -1.0 -1.0 -1.0 0.0 0.359061510176021 0.33954861391528207 0.3013898759086967
9 940.0 0.0 -1.0 -1.0 -1.0 0.0 0.3303186518709689 0.36577018710691506 0.30391116102211596
9 941.0 0.0 -1.0 -1.0 -1.0 0.0 0.31873993519846433 0.37507774611070294 0.30618231869083273
9 942.0 0.0 -1.0 -1.0 -1.0 0.0 0.32242814122895697 0.3589669924033829 0.3186048663676603
9 943.0 0.0 -1.0 -1.0 -1.0 0.0 0.3188896770478776 0.37833058791969393 0.3027797350324285
9 944.0 0.0 -1.0 -1.0 -1.0 0.0 0.3112998661187426 0.3851786209162127 0.30352151296504487
9 945.0 0.0 -1.0 -1.0 -1.0 0.0 0.30977610828561913 0.36855016038724114 0.3216737313271398
9 946.0 0.0 -1.0 -1.0 -1.0 0.0 0.29322140782806483 0.37961554893870486 0.32716304323323037
9 947.0 0.0 -1.0 -1.0 -1.0 0.0 0.29702160601506145 0.3761334539232455 0.326844940061693
9 948.0 0.0 -1.0 -1.0 -1.0 0.0 0.29767698528885 0.35818814214491396 0.3441348725662363
9 949.0 0.0 -1.0 -1.0 -1.0 0.0 0.3019678825861853 0.3509867886481201 0.3470453287656945
9 950.0 0.0 -1.0 -1.0 -1.0 0.0 0.30711906844352155 0.35097706187275707 0.3419038696837214
9 951.0 0.0 -1.0 -1.0 -1.0 0.0 0.3145911034801518 0.35614818939854537 0.32926070712130284
9 952.0 0.0 -1.0 -1.0 -1.0 0.0 0.2982861601441707 0.3390159277704795 0.3626979120853499
9 953.0 0.0 -1.0 -1.0 -1.0 0.0 0.2796538192938102 0.34688567057562464 0.37346051013056525
9 954.0 0.0 -1.0 -1.0 -1.0 0.0 0.2735341536536018 0.3688983163969044 0.35756752994949403
9 955.0 0.0 -1.0 -1.0 -1.0 0.0 0.30167409195144146 0.36291169116292743 0.33541421688563106
9 956.0 0.0 -1.0 -1.0 -1.0 0.0 0.33281035156403205 0.37041132403199967 0.2967783244039684
9 957.0 0.0 -1.0 -1.0 -1.0 0.0 0.31922139677002836 0.3914235464847346 0.289355056745237
9 958.0 0.0 -1.0 -1.0 -1.0 0.0 0.30642401985103573 0.38114648001648166 0.31242950013248283
9 959.0 0.0 -1.0 -1.0 -1.0 0.0 0.3342647727394791 0.3688473618660174 0.2968878653945033
9 960.0 0.0 -1.0 -1.0 -1.0 0.0 0.3457161331702091 0.3474516252378689 0.3068322415919218
9 961.0 0.0 -1.0 -1.0 -1.0 0.0 0.35544679629180054 0.35022270648409864 0.2943304972241009
9 962.0 0.0 -1.0 -1.0 -1.0 0.0 0.3393804650168812 0.333182828363335 0.3274367066197837
9 963.0 0.0 -1.0 -1.0 -1.0 0.0 0.3432276868326823 0.3254582349561496 0.3313140782111681
9 964.0 0.0 -1.0 -1.0 -1.0 0.0 0.3415040562551045 0.3286004588124055 0.32989548493248977
9 965.0 0.0 -1.0 -1.0 -1.0 0.0 0.3234141735984334 0.3212879280317378 0.35529789836982867
9 966.0 0.0 -1.0 -1.0 -1.0 0.0 0.33676501729947456 0.3184150969398489 0.3448198857606765
9 967.0 0.0 -1.0 -1.0 -1.0 0.0 0.3342936918039077 0.3322305061635703 0.33347580203252214
9 968.0 0.0 -1.0 -1.0 -1.0 0.0 0.3300929794597621 0.36276406689631263 0.3071429536439253
9 969.0 0.0 -1.0 -1.0 -1.0 0.0 0.3363532553172982 0.3448955056492688 0.31875123903343283
9 970.0 0.0 -1.0 -1.0 -1.0 0.0 0.3346730661312861 0.34867361935016455 0.3166533145185494
9 971.0 0.0 -1.0 -1.0 -1.0 0.0 0.3388668748126979 0.3578945975692526 0.3032385276180497
9 972.0 0.0 -1.0 -1.0 -1.0 0.0 0.3330471298728634 0.36515939647811363 0.30179347364902304
9 973.0 0.0 -1.0 -1.0 -1.0 0.0 0.3211275704669238 0.3642488775430376 0.31462355199003844
9 974.0 0.0 -1.0 -1.0 -1.0 0.0 0.3367105029187348 0.34136412682023093 0.32192537026103407
9 975.0 0.0 -1.0 -1.0 -1.0 0.0 0.3058992386101304 0.3619453469818034 0.33215541440806623
9 976.0 0.0 -1.0 -1.0 -1.0 0.0 0.33459314333053547 0.3305578650788451 0.3348489915906192
9 977.0 0.0 -1.0 -1.0 -1.0 0.0 0.35139256617685066 0.30616693671256096 0.3424404971105883
9 978.0 0.0 -1.0 -1.0 -1.0 0.0 0.34603557809807983 0.3149803202984772 0.3389841016034425
9 979.0 0.0 -1.0 -1.0 -1.0 0.0 0.3567047592934638 0.33559040067728396 0.307704840029252
9 980.0 0.0 -1.0 -1.0 -1.0 0.0 0.36419869898198054 0.3265738007468614 0.3092275002711583
9 981.0 0.0 -1.0 -1.0 -1.0 0.0 0.3621428442712359 0.3063452919616398 0.33151186376712444
9 982.0 0.0 -1.0 -1.0 -1.0 0.0 0.35973031881303963 0.32556510062335503 0.3147045805636054
9 983.0 0.0 -1.0 -1.0 -1.0 0.0 0.3496700240687785 0.3109853501219863 0.3393446258092351
9 984.0 0.0 -1.0 -1.0 -1.0 0.0 0.3215620191631638 0.2967598991482469 0.38167808168858924
9 985.0 0.0 -1.0 -1.0 -1.0 0.0 0.3372261729354826 0.2994920331966466 0.3632817938678711
9 986.0 0.0 -1.0 -1.0 -1.0 0.0 0.32786442640630215 0.28832634540371754 0.38380922818998037
9 987.0 0.0 -1.0 -1.0 -1.0 0.0 0.3321568270712708 0.28975451397521557 0.3780886589535139
9 988.0 0.0 -1.0 -1.0 -1.0 0.0 0.33181225014878635 0.2906511939145117 0.37753655593670193
9 989.0 0.0 -1.0 -1.0 -1.0 0.0 0.35543525927256625 0.2747690113621463 0.3697957293652876
9 990.0 0.0 -1.0 -1.0 -1.0 0.0 0.33808801802834404 0.2946286892149101 0.3672832927567458
9 991.0 0.0 -1.0 -1.0 -1.0 0.0 0.3434338637747797 0.30589836443184815 0.3506677717933721
9 992.0 0.0 -1.0 -1.0 -1.0 0.0 0.3390914526186213 0.32119207570475167 0.3397164716766267
9 993.0 0.0 -1.0 -1.0 -1.0 0.0 0.35948590238332273 0.2993667975674828 0.3411473000491943
9 994.0 0.0 -1.0 -1.0 -1.0 0.0 0.3722790105065098 0.3043202185244927 0.3234007709689975
9 995.0 0.0 -1.0 -1.0 -1.0 0.0 0.37598046867410995 0.29427365449627907 0.329745876829611
9 996.0 0.0 -1.0 -1.0 -1.0 0.0 0.3890443867398588 0.30611269327226187 0.30484291998787905
9 997.0 0.0 -1.0 -1.0 -1.0 0.0 0.4014942686664945 0.30634300455292435 0.29216272678058125
9 998.0 0.0 -1.0 -1.0 -1.0 0.0 0.41222554245404047 0.29158528934425 0.29618916820170965
9 999.0 0.0 -1.0 -1.0 -1.0 0.0 0.3979203408919989 0.3009800216459164 0.3010996374620846
9 1000.0 0.0 -1.0 -1.0 -1.0 0.0 0.37303269046166654 0.31155543038538897 0.3154118791529445
1000000000000000000000000000000000000000000000000000000000000000000000000000000000000000000000000000
-1.0
solo con 1: -100.0
