9 0.0 55.0 -41.0 -163.0 -96.48 49.42630060928281 0.3333333333333333 0.3333333333333333 0.3333333333333333
9 1.0 83.0 -36.0 -160.0 -79.04 46.02830047312679 0.28513851507839794 0.31427330826135763 0.4005881766602446
9 2.0 83.0 -36.0 -159.0 -67.83 40.88393401577275 0.2791539524356475 0.2640236958229954 0.4568223517413571
9 3.0 83.0 -35.0 -159.0 -60.63 37.7494812326386 0.2859219417318867 0.21673090723850766 0.4973471510296056
9 4.0 62.0 -35.0 -159.0 -53.28 32.86552951502577 0.28025837713304597 0.1942420089515108 0.5254996139154431
9 5.0 6.0 -35.0 -159.0 -47.26 26.51762135683067 0.25519631566032175 0.17590996589138033 0.5688937184482981
9 6.0 31.0 -33.0 -159.0 -45.68 26.93421840729968 0.2427924441675385 0.150624163972101 0.6065833918603604
9 7.0 72.0 -30.0 -153.0 -40.39 19.741713515428504 0.21523794391574402 0.13880230913220698 0.6459597469520493
9 8.0 72.0 -28.0 -148.0 -37.55 16.200994482507 0.206186040080902 0.13144928904440223 0.6623646708746956
9 9.0 9.0 -26.0 -147.0 -35.26 16.488514521057105 0.2095102307663655 0.1169903208878752 0.673499448345759
9 10.0 50.0 -24.0 -145.0 -32.51 12.416586332870086 0.2023699741493882 0.12130931748017022 0.6763207083704416
9 11.0 66.0 -23.0 -54.0 -29.01 4.916463786261033 0.1805747549615379 0.10862289098111008 0.710802354057352
9 12.0 6.0 -23.0 -54.0 -27.02 4.54601612692505 0.18252259752187922 0.10117623505270687 0.7163011674254137
9 13.0 38.0 -22.0 -53.0 -25.34 4.161439145004497 0.16601147572530034 0.09569116987878289 0.7382973543959167
9 14.0 14.0 -21.0 -51.0 -24.13 4.111218944804718 0.162384208849478 0.09626623825918731 0.7413495528913344
9 15.0 14.0 -20.0 -51.0 -22.94 3.5556755030272793 0.15383531468325393 0.11057294478317706 0.7355917405335696
9 16.0 4.0 -19.0 -35.0 -21.53 2.1763420334277974 0.1568048289420067 0.10593689061454714 0.7372582804434464
9 17.0 16.0 -17.0 -35.0 -20.65 2.379945674619782 0.15125837653204965 0.1051045928770186 0.7436370305909321
9 18.0 36.0 -15.0 -35.0 -19.33 2.2565505095211598 0.14398888222899187 0.10115545237267236 0.7548556653983358
9 19.0 87.0 -14.0 -24.0 -17.83 1.6880746309319263 0.11645744863637997 0.10985081251385496 0.7736917388497653
9 20.0 98.0 -12.0 -24.0 -16.56 1.7599357196709595 0.11036699714393416 0.10951603140097449 0.7801169714550913
9 21.0 33.0 -11.0 -24.0 -15.3 1.9148542155126762 0.11893470822903604 0.10866790108918258 0.7723973906817813
9 22.0 75.0 -7.0 -23.0 -13.52 2.115264388756979 0.12491578420504013 0.10423079307997517 0.7708534227149846
9 23.0 75.0 -7.0 -23.0 -11.96 1.979286678976989 0.12296112497171158 0.11871912866238102 0.758319746365908
9 24.0 22.0 -7.0 -23.0 -10.86 1.9123205005881454 0.13472206590134087 0.11317761654893399 0.7521003175497253
9 25.0 6.0 -7.0 -16.0 -9.52 1.6846304633301028 0.12636272629083023 0.125231863511998 0.7484054101971719
9 26.0 0.0 -6.0 -16.0 -8.25 1.6414763002993509 0.1272197601193257 0.11803618291916576 0.7547440569615083
9 27.0 37.0 -5.0 -16.0 -7.22 1.3225320068304234 0.142386957589133 0.1261379423603177 0.7314751000505495
9 28.0 15.0 -5.0 -16.0 -6.68 1.3017470777940905 0.1555747086398576 0.1338977038814781 0.7105275874786643
9 29.0 11.0 -4.0 -16.0 -6.14 1.3854948428615523 0.17392730791563385 0.12138775301869903 0.7046849390656671
9 30.0 50.0 -3.0 -16.0 -5.49 1.452931554138083 0.17285894892377524 0.10926531946312719 0.7178757316130974
9 31.0 8.0 -3.0 -16.0 -4.69 1.468146636223558 0.17777416824958783 0.11331115588923665 0.7089146758611754
9 32.0 28.0 -2.0 -16.0 -3.99 1.5666666666666669 0.14669008635822858 0.1174273617086707 0.7358825519331009
9 33.0 28.0 -2.0 -16.0 -3.45 1.61041433905512 0.15276475833398512 0.13333144352217555 0.7139037981438395
9 34.0 2.0 -2.0 -16.0 -2.89 1.4967641866049017 0.16458814026267823 0.1534137029424861 0.6819981567948354
9 35.0 0.0 -2.0 -16.0 -2.47 1.466494480250799 0.16987816019788823 0.15626378200802088 0.6738580577940909
9 36.0 0.0 -2.0 -6.0 -2.15 0.5000000000000006 0.17800646108674045 0.17272342719804104 0.6492701117152185
9 37.0 0.0 -2.0 -3.0 -2.02 0.1407052941362896 0.2215229036952708 0.22699763787448266 0.5514794584302465
9 38.0 0.0 -2.0 -2.0 -2.0 0.0 0.23774423412749252 0.27077726589300943 0.491478499979498
9 39.0 0.0 -2.0 -2.0 -2.0 0.0 0.2673565877288915 0.3179355189282882 0.41470789334282016
9 40.0 0.0 -2.0 -2.0 -2.0 0.0 0.3210753488191484 0.32634787614805527 0.3525767750327961
9 41.0 55.0 -1.0 -2.0 -1.99 0.09999999999999998 0.3258806167687633 0.33205612444502075 0.3420632587862161
9 42.0 21.0 -1.0 -2.0 -1.98 0.14070529413628957 0.2973815566823316 0.32134024100418374 0.3812782023134845
9 43.0 2.0 -1.0 -2.0 -1.9 0.3015113445777634 0.2749906881576004 0.34400258152292545 0.38100673031947424
9 44.0 1.0 -1.0 -2.0 -1.8 0.40201512610368434 0.2721896593318429 0.3344725735429184 0.39333776712523844
9 45.0 1.0 -1.0 -2.0 -1.6 0.4923659639173309 0.2442714958721039 0.322059780753 0.43366872337489604
9 46.0 1.0 -1.0 -2.0 -1.44 0.4988876515698589 0.24349737263835622 0.29592527138573965 0.46057735597590443
9 47.0 0.0 -1.0 -2.0 -1.24 0.42923469599092823 0.23991510837642893 0.2785637822985696 0.4815211093250013
9 48.0 0.0 -1.0 -2.0 -1.15 0.3588702812826368 0.24474649517575006 0.31695337432767745 0.4383001304965724
9 49.0 0.0 -1.0 -2.0 -1.11 0.3144660377352203 0.2590574294173474 0.3179026560647304 0.4230399145179223
9 50.0 0.0 -1.0 -2.0 -1.09 0.2876234912646615 0.26805750557788627 0.3020941333974178 0.4298483610246959
9 51.0 0.0 -1.0 -2.0 -1.08 0.27265992434429087 0.2664749338748229 0.3319750399804979 0.4015500261446789
9 52.0 0.0 -1.0 -2.0 -1.06 0.23868325657594208 0.2871423373004725 0.31405485476748835 0.3988028079320392
9 53.0 0.0 -1.0 -2.0 -1.02 0.14070529413628954 0.2910696295640772 0.29502173700854395 0.4139086334273788
9 54.0 0.0 -1.0 -2.0 -1.02 0.14070529413628954 0.3066334730133002 0.3246899326178396 0.3686765943688599
9 55.0 0.0 -1.0 -2.0 -1.01 0.09999999999999995 0.3300975123694443 0.30805975755417736 0.3618427300763784
9 56.0 0.0 -1.0 -2.0 -1.01 0.09999999999999995 0.3294274612914206 0.2931331611580148 0.3774393775505648
9 57.0 0.0 -1.0 -1.0 -1.0 0.0 0.3669067591278797 0.2881454320912346 0.3449478087808857
9 58.0 0.0 -1.0 -1.0 -1.0 0.0 0.3340777050907666 0.30044917495012635 0.36547311995910703
9 59.0 0.0 -1.0 -1.0 -1.0 0.0 0.3447550885468318 0.32029732530025334 0.33494758615291487
9 60.0 0.0 -1.0 -1.0 -1.0 0.0 0.3663109524656744 0.3011122855747843 0.33257676195954133
9 61.0 0.0 -1.0 -1.0 -1.0 0.0 0.3563520150853542 0.31146164835086787 0.3321863365637776
9 62.0 0.0 -1.0 -1.0 -1.0 0.0 0.3428098407503773 0.3235856055573006 0.3336045536923224
9 63.0 0.0 -1.0 -1.0 -1.0 0.0 0.3684574020644685 0.32731707287260037 0.30422552506293105
9 64.0 0.0 -1.0 -1.0 -1.0 0.0 0.3670991983684619 0.32570610964706653 0.3071946919844714
9 65.0 0.0 -1.0 -1.0 -1.0 0.0 0.36253652878906145 0.3171491550722625 0.3203143161386764
9 66.0 0.0 -1.0 -1.0 -1.0 0.0 0.3470902399717613 0.3098975577573635 0.3430122022708752
9 67.0 0.0 -1.0 -1.0 -1.0 0.0 0.32217664193648604 0.32462696512951345 0.35319639293400057
9 68.0 0.0 -1.0 -1.0 -1.0 0.0 0.3072572486103427 0.335905441715194 0.3568373096744633
9 69.0 0.0 -1.0 -1.0 -1.0 0.0 0.31881859035447424 0.32792397657856837 0.35325743306695756
9 70.0 0.0 -1.0 -1.0 -1.0 0.0 0.3333070986683435 0.3228047767792527 0.34388812455240386
9 71.0 0.0 -1.0 -1.0 -1.0 0.0 0.3526790062348184 0.350079991378676 0.2972410023865056
9 72.0 0.0 -1.0 -1.0 -1.0 0.0 0.33644938010137265 0.3382261857909385 0.3253244341076889
9 73.0 0.0 -1.0 -1.0 -1.0 0.0 0.371707928711299 0.3167991888311821 0.311492882457519
9 74.0 0.0 -1.0 -1.0 -1.0 0.0 0.3769187022842529 0.3291362373072388 0.29394506040850854
9 75.0 0.0 -1.0 -1.0 -1.0 0.0 0.3689271687408594 0.30661682459348727 0.3244560066656534
9 76.0 0.0 -1.0 -1.0 -1.0 0.0 0.3456556781547958 0.31845484852907346 0.33588947331613034
9 77.0 0.0 -1.0 -1.0 -1.0 0.0 0.3346032048166513 0.3113739338329309 0.3540228613504178
9 78.0 0.0 -1.0 -1.0 -1.0 0.0 0.36400940950212496 0.286041854755019 0.3499487357428559
9 79.0 0.0 -1.0 -1.0 -1.0 0.0 0.3466653720896939 0.29467499836429684 0.35865962954600933
9 80.0 0.0 -1.0 -1.0 -1.0 0.0 0.31617971167263126 0.34140287481119247 0.3424174135161765
9 81.0 0.0 -1.0 -1.0 -1.0 0.0 0.31222178351150653 0.34647550620797185 0.3413027102805216
9 82.0 0.0 -1.0 -1.0 -1.0 0.0 0.3085427818210805 0.3207216656322266 0.37073555254669266
9 83.0 0.0 -1.0 -1.0 -1.0 0.0 0.3376951040531524 0.3085116490839366 0.35379324686291097
9 84.0 0.0 -1.0 -1.0 -1.0 0.0 0.34952537846381193 0.31172956301261284 0.3387450585235755
9 85.0 0.0 -1.0 -1.0 -1.0 0.0 0.3345076197705585 0.31986925794287796 0.3456231222865636
9 86.0 0.0 -1.0 -1.0 -1.0 0.0 0.34908764961896865 0.3034543843537243 0.3474579660273072
9 87.0 0.0 -1.0 -1.0 -1.0 0.0 0.3754553328703975 0.29399101690627255 0.33055365022333016
9 88.0 0.0 -1.0 -1.0 -1.0 0.0 0.38923541694089314 0.2754122144414611 0.3353523686176457
9 89.0 0.0 -1.0 -1.0 -1.0 0.0 0.3786293611349395 0.2907885085313914 0.33058213033366934
9 90.0 0.0 -1.0 -1.0 -1.0 0.0 0.3732742322490228 0.30767936654136774 0.31904640120960936
9 91.0 0.0 -1.0 -1.0 -1.0 0.0 0.37906128445442105 0.3279215970992594 0.2930171184463195
9 92.0 0.0 -1.0 -1.0 -1.0 0.0 0.37020191488264564 0.3335249375588441 0.2962731475585103
9 93.0 0.0 -1.0 -1.0 -1.0 0.0 0.3660023880212838 0.3346596390781901 0.29933797290052633
9 94.0 0.0 -1.0 -1.0 -1.0 0.0 0.3567755695095142 0.33593420886919545 0.3072902216212903
9 95.0 0.0 -1.0 -1.0 -1.0 0.0 0.3503003321863962 0.33549134031447103 0.31420832749913274
9 96.0 0.0 -1.0 -1.0 -1.0 0.0 0.3654958783072413 0.31993583613359555 0.3145682855591632
9 97.0 0.0 -1.0 -1.0 -1.0 0.0 0.35750385706873844 0.33756032728931606 0.3049358156419456
9 98.0 0.0 -1.0 -1.0 -1.0 0.0 0.3288872056205794 0.3311097245071641 0.34000306987225676
9 99.0 0.0 -1.0 -1.0 -1.0 0.0 0.3257492884813263 0.3234489724906286 0.3508017390280449
9 100.0 0.0 -1.0 -1.0 -1.0 0.0 0.33560105534996787 0.322682537847552 0.34171640680248017
9 101.0 0.0 -1.0 -1.0 -1.0 0.0 0.33190126472603465 0.3323424563577838 0.33575627891618126
9 102.0 0.0 -1.0 -1.0 -1.0 0.0 0.3350793816906045 0.32997077643049727 0.33494984187889804
9 103.0 0.0 -1.0 -1.0 -1.0 0.0 0.30292804427568054 0.33941687033642126 0.35765508538789814
9 104.0 0.0 -1.0 -1.0 -1.0 0.0 0.2921645436129396 0.34406492890817725 0.36377052747888283
9 105.0 0.0 -1.0 -1.0 -1.0 0.0 0.31845739843411974 0.3447807331640708 0.33676186840180944
9 106.0 0.0 -1.0 -1.0 -1.0 0.0 0.30553155571522195 0.35306443657272096 0.34140400771205726
9 107.0 0.0 -1.0 -1.0 -1.0 0.0 0.29690923772640393 0.360248190065271 0.3428425722083251
9 108.0 0.0 -1.0 -1.0 -1.0 0.0 0.29283506014756994 0.357176938547061 0.3499880013053691
9 109.0 0.0 -1.0 -1.0 -1.0 0.0 0.3127226318391584 0.3733786573319204 0.3138987108289213
9 110.0 0.0 -1.0 -1.0 -1.0 0.0 0.3317099557789222 0.32932144987466233 0.33896859434641563
9 111.0 0.0 -1.0 -1.0 -1.0 0.0 0.3308743830321453 0.3400934701325459 0.32903214683530885
9 112.0 0.0 -1.0 -1.0 -1.0 0.0 0.3318637336410795 0.3622469454745271 0.3058893208843933
9 113.0 0.0 -1.0 -1.0 -1.0 0.0 0.3139917014015639 0.3518704430774692 0.3341378555209669
9 114.0 0.0 -1.0 -1.0 -1.0 0.0 0.33442501392783264 0.34114123358457915 0.3244337524875881
9 115.0 0.0 -1.0 -1.0 -1.0 0.0 0.31257265140773727 0.3370484062156596 0.35037894237660333
9 116.0 0.0 -1.0 -1.0 -1.0 0.0 0.32039347248315314 0.35062832804691857 0.3289781994699282
9 117.0 0.0 -1.0 -1.0 -1.0 0.0 0.31167219154670295 0.34962584685469783 0.3387019615985991
9 118.0 0.0 -1.0 -1.0 -1.0 0.0 0.3118495046702122 0.3536409982900964 0.33450949703969146
9 119.0 0.0 -1.0 -1.0 -1.0 0.0 0.3261667915575794 0.3563100571978983 0.3175231512445224
9 120.0 0.0 -1.0 -1.0 -1.0 0.0 0.33901962557395515 0.32856185254584447 0.33241852188020055
9 121.0 0.0 -1.0 -1.0 -1.0 0.0 0.3486656781040021 0.3366181992905204 0.3147161226054772
9 122.0 0.0 -1.0 -1.0 -1.0 0.0 0.33550826040333687 0.3241524858492444 0.3403392537474187
9 123.0 0.0 -1.0 -1.0 -1.0 0.0 0.3221988902297793 0.33118599100558727 0.34661511876463336
9 124.0 0.0 -1.0 -1.0 -1.0 0.0 0.3154556700659119 0.33154157010087393 0.353002759833214
9 125.0 0.0 -1.0 -1.0 -1.0 0.0 0.3113131838613497 0.3292564576752153 0.3594303584634352
9 126.0 0.0 -1.0 -1.0 -1.0 0.0 0.31187708672448716 0.3458142302553503 0.3423086830201627
9 127.0 0.0 -1.0 -1.0 -1.0 0.0 0.33185412895908584 0.36284135411309876 0.3053045169278156
9 128.0 0.0 -1.0 -1.0 -1.0 0.0 0.31695833224715747 0.35635096071498606 0.3266907070378566
9 129.0 0.0 -1.0 -1.0 -1.0 0.0 0.32151150925939176 0.34879368388539367 0.32969480685521435
9 130.0 0.0 -1.0 -1.0 -1.0 0.0 0.2953019005655011 0.35980430038788436 0.34489379904661455
9 131.0 0.0 -1.0 -1.0 -1.0 0.0 0.288361257964129 0.3881257350279956 0.32351300700787555
9 132.0 0.0 -1.0 -1.0 -1.0 0.0 0.3106333939334599 0.37526885551717265 0.3140977505493675
9 133.0 0.0 -1.0 -1.0 -1.0 0.0 0.3212261146701174 0.3669553112083757 0.3118185741215067
9 134.0 0.0 -1.0 -1.0 -1.0 0.0 0.3176625103771928 0.33960843537897906 0.34272905424382805
9 135.0 0.0 -1.0 -1.0 -1.0 0.0 0.3181154187062345 0.33521381667073896 0.3466707646230263
9 136.0 0.0 -1.0 -1.0 -1.0 0.0 0.3034437503491248 0.33962653353147815 0.35692971611939706
9 137.0 0.0 -1.0 -1.0 -1.0 0.0 0.3048043943084412 0.3693129406174165 0.3258826650741425
9 138.0 0.0 -1.0 -1.0 -1.0 0.0 0.33172042632773086 0.34696396547255376 0.3213156081997156
9 139.0 0.0 -1.0 -1.0 -1.0 0.0 0.3210973347249436 0.3457153031049102 0.3331873621701462
9 140.0 0.0 -1.0 -1.0 -1.0 0.0 0.31831528578504215 0.3511770814069351 0.33050763280802253
9 141.0 0.0 -1.0 -1.0 -1.0 0.0 0.3092426549693915 0.3246313046738694 0.3661260403567391
9 142.0 0.0 -1.0 -1.0 -1.0 0.0 0.29853860948959826 0.3362686002527042 0.36519279025769746
9 143.0 0.0 -1.0 -1.0 -1.0 0.0 0.3346364023370591 0.3170124379674918 0.348351159695449
9 144.0 0.0 -1.0 -1.0 -1.0 0.0 0.3317431625007508 0.3045829111018979 0.36367392639735135
9 145.0 0.0 -1.0 -1.0 -1.0 0.0 0.33576630345021286 0.33226178408699975 0.33197191246278734
9 146.0 0.0 -1.0 -1.0 -1.0 0.0 0.3426196387678495 0.3327527300138503 0.3246276312183001
9 147.0 0.0 -1.0 -1.0 -1.0 0.0 0.3470978161492677 0.3177469557109436 0.33515522813978843
9 148.0 0.0 -1.0 -1.0 -1.0 0.0 0.3316791616792694 0.347923072386056 0.3203977659346748
9 149.0 0.0 -1.0 -1.0 -1.0 0.0 0.3274837242870903 0.3580565031132313 0.3144597725996783
9 150.0 0.0 -1.0 -1.0 -1.0 0.0 0.34330206931847557 0.3258622874245012 0.33083564325702364
9 151.0 0.0 -1.0 -1.0 -1.0 0.0 0.32252910755031733 0.33292584642447715 0.34454504602520564
9 152.0 0.0 -1.0 -1.0 -1.0 0.0 0.34864488105473995 0.33328672595946096 0.318068392985799
9 153.0 0.0 -1.0 -1.0 -1.0 0.0 0.3577634180774252 0.34666535075526084 0.295571231167314
9 154.0 0.0 -1.0 -1.0 -1.0 0.0 0.36954900411984876 0.33724052235881274 0.29321047352133855
9 155.0 0.0 -1.0 -1.0 -1.0 0.0 0.34138821098555105 0.34534697889737936 0.3132648101170696
9 156.0 0.0 -1.0 -1.0 -1.0 0.0 0.35131087787496645 0.34424318853519886 0.30444593358983446
9 157.0 0.0 -1.0 -1.0 -1.0 0.0 0.35516347091414874 0.34783083702351086 0.29700569206234045
9 158.0 0.0 -1.0 -1.0 -1.0 0.0 0.3480538142685965 0.325039213614523 0.32690697211688063
9 159.0 0.0 -1.0 -1.0 -1.0 0.0 0.34040290219002217 0.330472333493068 0.32912476431690973
9 160.0 0.0 -1.0 -1.0 -1.0 0.0 0.33275540235501494 0.33787829956157994 0.3293662980834052
9 161.0 0.0 -1.0 -1.0 -1.0 0.0 0.34250316395200975 0.32951741592012207 0.32797942012786785
9 162.0 0.0 -1.0 -1.0 -1.0 0.0 0.35874029962187703 0.3144123952377744 0.32684730514034865
9 163.0 0.0 -1.0 -1.0 -1.0 0.0 0.3577661210556859 0.3506167388767051 0.29161714006760897
9 164.0 0.0 -1.0 -1.0 -1.0 0.0 0.3587507203401165 0.3312362577083042 0.3100130219515793
9 165.0 0.0 -1.0 -1.0 -1.0 0.0 0.3522630795725764 0.350448242848227 0.29728867757919664
9 166.0 0.0 -1.0 -1.0 -1.0 0.0 0.34880688738472654 0.32857135122851 0.3226217613867632
9 167.0 0.0 -1.0 -1.0 -1.0 0.0 0.33035822014908617 0.33512556159213985 0.33451621825877387
9 168.0 0.0 -1.0 -1.0 -1.0 0.0 0.33936886784884657 0.3402468295924407 0.32038430255871275
9 169.0 0.0 -1.0 -1.0 -1.0 0.0 0.3493593762811999 0.3525152912817183 0.29812533243708184
9 170.0 0.0 -1.0 -1.0 -1.0 0.0 0.34684649360552045 0.3470772717144296 0.30607623468005013
9 171.0 0.0 -1.0 -1.0 -1.0 0.0 0.3198043300613467 0.35421095197095814 0.32598471796769524
9 172.0 0.0 -1.0 -1.0 -1.0 0.0 0.32539372333901406 0.3599082322420701 0.3146980444189157
9 173.0 0.0 -1.0 -1.0 -1.0 0.0 0.33530153618691505 0.361001358092974 0.303697105720111
9 174.0 0.0 -1.0 -1.0 -1.0 0.0 0.34055349914574956 0.35062359258320264 0.3088229082710479
9 175.0 0.0 -1.0 -1.0 -1.0 0.0 0.3241070526116582 0.36006586170548993 0.3158270856828519
9 176.0 0.0 -1.0 -1.0 -1.0 0.0 0.3228820744380637 0.3415173739161763 0.3356005516457602
9 177.0 0.0 -1.0 -1.0 -1.0 0.0 0.35686151183689196 0.31260826410520437 0.33053022405790367
9 178.0 0.0 -1.0 -1.0 -1.0 0.0 0.3888188565647203 0.30521697395544095 0.30596416947983895
9 179.0 0.0 -1.0 -1.0 -1.0 0.0 0.38890454970880123 0.31992992409679843 0.29116552619440034
9 180.0 0.0 -1.0 -1.0 -1.0 0.0 0.3780007613898746 0.3073992123734202 0.3146000262367052
9 181.0 0.0 -1.0 -1.0 -1.0 0.0 0.37515064968396417 0.30408082319072915 0.3207685271253067
9 182.0 0.0 -1.0 -1.0 -1.0 0.0 0.36548515055786446 0.3196381648396542 0.3148766846024815
9 183.0 0.0 -1.0 -1.0 -1.0 0.0 0.31739113569556765 0.35097667551117484 0.33163218879325757
9 184.0 0.0 -1.0 -1.0 -1.0 0.0 0.31436373024992526 0.3384827163387218 0.3471535534113528
9 185.0 0.0 -1.0 -1.0 -1.0 0.0 0.32660816937885373 0.34211950174837086 0.3312723288727758
9 186.0 0.0 -1.0 -1.0 -1.0 0.0 0.31995704319089646 0.34988484306988915 0.33015811373921444
9 187.0 0.0 -1.0 -1.0 -1.0 0.0 0.33102002581241874 0.363316479967041 0.30566349422054023
9 188.0 0.0 -1.0 -1.0 -1.0 0.0 0.3266709737163837 0.34864865958762126 0.32468036669599504
9 189.0 0.0 -1.0 -1.0 -1.0 0.0 0.32849281082314197 0.3386988949686062 0.33280829420825186
9 190.0 0.0 -1.0 -1.0 -1.0 0.0 0.3449968339927782 0.33682503568762456 0.31817813031959724
9 191.0 0.0 -1.0 -1.0 -1.0 0.0 0.3538550677108164 0.31864268076808266 0.3275022515211009
9 192.0 0.0 -1.0 -1.0 -1.0 0.0 0.3501472515950779 0.3337425757751191 0.31611017262980307
9 193.0 0.0 -1.0 -1.0 -1.0 0.0 0.3505516565038304 0.30818732135392596 0.34126102214224363
9 194.0 0.0 -1.0 -1.0 -1.0 0.0 0.36187155518060393 0.29448172250190296 0.3436467223174931
9 195.0 0.0 -1.0 -1.0 -1.0 0.0 0.3532113144183489 0.30424259257271435 0.3425460930089368
9 196.0 0.0 -1.0 -1.0 -1.0 0.0 0.33583314656076246 0.3204758594402947 0.3436909939989429
9 197.0 0.0 -1.0 -1.0 -1.0 0.0 0.33118391539267733 0.3335228606483669 0.3352932239589559
9 198.0 0.0 -1.0 -1.0 -1.0 0.0 0.33394848555503714 0.33730417480389846 0.3287473396410644
9 199.0 0.0 -1.0 -1.0 -1.0 0.0 0.3267092376459988 0.3288919397515028 0.3443988226024984
9 200.0 0.0 -1.0 -1.0 -1.0 0.0 0.3326731892203933 0.30898137842657286 0.35834543235303357
9 201.0 0.0 -1.0 -1.0 -1.0 0.0 0.32454754023676613 0.32253601820580896 0.35291644155742474
9 202.0 0.0 -1.0 -1.0 -1.0 0.0 0.3200160175023577 0.3267750995519453 0.3532088829456971
9 203.0 0.0 -1.0 -1.0 -1.0 0.0 0.3218542437249652 0.3499626645140642 0.3281830917609706
9 204.0 0.0 -1.0 -1.0 -1.0 0.0 0.3212908673522326 0.36379874905051607 0.3149103835972513
9 205.0 0.0 -1.0 -1.0 -1.0 0.0 0.31967415303751073 0.34795059973685305 0.3323752472256361
9 206.0 0.0 -1.0 -1.0 -1.0 0.0 0.36907858722456494 0.34859229478484954 0.2823291179905855
9 207.0 0.0 -1.0 -1.0 -1.0 0.0 0.3566349561297624 0.36077398884737655 0.28259105502286086
9 208.0 0.0 -1.0 -1.0 -1.0 0.0 0.35551134092507636 0.3522328578729209 0.292255801202003
9 209.0 0.0 -1.0 -1.0 -1.0 0.0 0.34407647376062284 0.3604077747624553 0.29551575147692183
9 210.0 0.0 -1.0 -1.0 -1.0 0.0 0.34648367423583487 0.35167519026089633 0.3018411355032687
9 211.0 0.0 -1.0 -1.0 -1.0 0.0 0.35536302114314294 0.34415562539903966 0.3004813534578174
9 212.0 0.0 -1.0 -1.0 -1.0 0.0 0.3366627374514091 0.33903459386354 0.3243026686850512
9 213.0 0.0 -1.0 -1.0 -1.0 0.0 0.310706784905096 0.3453982059171821 0.34389500917772187
9 214.0 0.0 -1.0 -1.0 -1.0 0.0 0.3143264718537427 0.32124100974759356 0.3644325183986636
9 215.0 0.0 -1.0 -1.0 -1.0 0.0 0.32076936278747836 0.3166920722900256 0.3625385649224961
9 216.0 0.0 -1.0 -1.0 -1.0 0.0 0.31588078180555634 0.33033522616828515 0.3537839920261587
9 217.0 0.0 -1.0 -1.0 -1.0 0.0 0.34150145186890696 0.3079829029230754 0.3505156452080176
9 218.0 0.0 -1.0 -1.0 -1.0 0.0 0.36025664826621445 0.31887751321050123 0.32086583852328454
9 219.0 0.0 -1.0 -1.0 -1.0 0.0 0.36377144165921765 0.3367372940633729 0.2994912642774098
9 220.0 0.0 -1.0 -1.0 -1.0 0.0 0.32749847992459785 0.36545148073314165 0.3070500393422602
9 221.0 0.0 -1.0 -1.0 -1.0 0.0 0.33897183113479623 0.34398181366139247 0.3170463552038113
9 222.0 0.0 -1.0 -1.0 -1.0 0.0 0.36848801773427825 0.3345090300787345 0.29700295218698686
9 223.0 0.0 -1.0 -1.0 -1.0 0.0 0.3666978066457673 0.3346159482751661 0.2986862450790663
9 224.0 0.0 -1.0 -1.0 -1.0 0.0 0.33735422327359255 0.35847328692964886 0.30417248979675865
9 225.0 0.0 -1.0 -1.0 -1.0 0.0 0.3614132788864973 0.35922394341354724 0.27936277769995504
9 226.0 0.0 -1.0 -1.0 -1.0 0.0 0.34778956917256143 0.36298818587704135 0.28922224495039695
9 227.0 0.0 -1.0 -1.0 -1.0 0.0 0.36111251609862 0.35518003695724976 0.2837074469441302
9 228.0 0.0 -1.0 -1.0 -1.0 0.0 0.38141608875433985 0.35143405274727274 0.26714985849838724
9 229.0 0.0 -1.0 -1.0 -1.0 0.0 0.38973263711855916 0.33008253543375915 0.2801848274476816
9 230.0 0.0 -1.0 -1.0 -1.0 0.0 0.3851699351607806 0.3130696490755964 0.30176041576362306
9 231.0 0.0 -1.0 -1.0 -1.0 0.0 0.38758457847657996 0.32302821647268076 0.2893872050507393
9 232.0 0.0 -1.0 -1.0 -1.0 0.0 0.38301181700143067 0.32287624683252736 0.2941119361660421
9 233.0 0.0 -1.0 -1.0 -1.0 0.0 0.3859889313713634 0.3379424897191359 0.27606857890950065
9 234.0 0.0 -1.0 -1.0 -1.0 0.0 0.37005176357122593 0.327063392833289 0.3028848435954853
9 235.0 0.0 -1.0 -1.0 -1.0 0.0 0.37090950801158146 0.33323137565642547 0.2958591163319931
9 236.0 0.0 -1.0 -1.0 -1.0 0.0 0.346744104019262 0.36527377904544234 0.2879821169352958
9 237.0 0.0 -1.0 -1.0 -1.0 0.0 0.35084124963148 0.35894593537694014 0.29021281499157975
9 238.0 0.0 -1.0 -1.0 -1.0 0.0 0.3292391749275867 0.34615988327151603 0.3246009418008971
9 239.0 0.0 -1.0 -1.0 -1.0 0.0 0.3347682908297865 0.34202975259205004 0.32320195657816364
9 240.0 0.0 -1.0 -1.0 -1.0 0.0 0.3607524906575371 0.3201502325814694 0.3190972767609934
9 241.0 0.0 -1.0 -1.0 -1.0 0.0 0.3493371396640979 0.32541580484960364 0.3252470554862985
9 242.0 0.0 -1.0 -1.0 -1.0 0.0 0.3589890844378437 0.3144718546037083 0.3265390609584481
9 243.0 0.0 -1.0 -1.0 -1.0 0.0 0.36028866460541714 0.32533336018735953 0.3143779752072234
9 244.0 0.0 -1.0 -1.0 -1.0 0.0 0.3664593804300102 0.3186016275723173 0.31493899199767245
9 245.0 0.0 -1.0 -1.0 -1.0 0.0 0.34654382928489746 0.3132840723730881 0.3401720983420147
9 246.0 0.0 -1.0 -1.0 -1.0 0.0 0.38523328525912637 0.3148558643874138 0.29991085035345955
9 247.0 0.0 -1.0 -1.0 -1.0 0.0 0.37976758017479695 0.324275557617009 0.29595686220819395
9 248.0 0.0 -1.0 -1.0 -1.0 0.0 0.37825113716202785 0.3030279519715877 0.31872091086638443
9 249.0 0.0 -1.0 -1.0 -1.0 0.0 0.36680792121190675 0.29764735314910684 0.3355447256389866
9 250.0 0.0 -1.0 -1.0 -1.0 0.0 0.36046133511201367 0.2891022913311614 0.35043637355682533
9 251.0 0.0 -1.0 -1.0 -1.0 0.0 0.36549920757327037 0.2924614938202132 0.3420392986065166
9 252.0 0.0 -1.0 -1.0 -1.0 0.0 0.35610849215947477 0.29298110031334335 0.35091040752718194
9 253.0 0.0 -1.0 -1.0 -1.0 0.0 0.3499527759293495 0.28421490523912035 0.3658323188315301
9 254.0 0.0 -1.0 -1.0 -1.0 0.0 0.3441636270890997 0.29114368552118386 0.3646926873897163
9 255.0 0.0 -1.0 -1.0 -1.0 0.0 0.35961578279793094 0.2794503587223576 0.36093385847971143
9 256.0 0.0 -1.0 -1.0 -1.0 0.0 0.33315607082224447 0.3051774856787429 0.3616664434990124
9 257.0 0.0 -1.0 -1.0 -1.0 0.0 0.32773709156995856 0.311542899424037 0.36072000900600437
9 258.0 0.0 -1.0 -1.0 -1.0 0.0 0.3299346716891639 0.31128927845072274 0.3587760498601133
9 259.0 0.0 -1.0 -1.0 -1.0 0.0 0.31766546984315924 0.3326840644578672 0.3496504656989735
9 260.0 0.0 -1.0 -1.0 -1.0 0.0 0.3269397547232398 0.35043358012080517 0.322626665155955
9 261.0 0.0 -1.0 -1.0 -1.0 0.0 0.3259184921022756 0.33814334185693534 0.3359381660407891
9 262.0 0.0 -1.0 -1.0 -1.0 0.0 0.3275203277972087 0.3415567989365973 0.3309228732661938
9 263.0 0.0 -1.0 -1.0 -1.0 0.0 0.32950093642039086 0.30529310295630685 0.3652059606233023
9 264.0 0.0 -1.0 -1.0 -1.0 0.0 0.3200936410748365 0.33103447231131683 0.3488718866138467
9 265.0 0.0 -1.0 -1.0 -1.0 0.0 0.32078497981721116 0.34414112887049014 0.33507389131229887
9 266.0 0.0 -1.0 -1.0 -1.0 0.0 0.3308053587252474 0.3276836210577044 0.3415110202170484
9 267.0 0.0 -1.0 -1.0 -1.0 0.0 0.3378065810244884 0.33234665248885004 0.3298467664866617
9 268.0 0.0 -1.0 -1.0 -1.0 0.0 0.3270223769852554 0.350589654599263 0.3223879684154815
9 269.0 0.0 -1.0 -1.0 -1.0 0.0 0.28622877076941705 0.3778833201016923 0.33588790912889055
9 270.0 0.0 -1.0 -1.0 -1.0 0.0 0.3016863568581733 0.3840911931199954 0.31422245002183136
9 271.0 0.0 -1.0 -1.0 -1.0 0.0 0.30670363847908594 0.3691870545668492 0.32410930695406476
9 272.0 0.0 -1.0 -1.0 -1.0 0.0 0.30957831828416 0.3476037384724042 0.3428179432434358
9 273.0 0.0 -1.0 -1.0 -1.0 0.0 0.32987448115523976 0.340009537054518 0.3301159817902421
9 274.0 0.0 -1.0 -1.0 -1.0 0.0 0.3140801570964455 0.3293924895839309 0.3565273533196237
9 275.0 0.0 -1.0 -1.0 -1.0 0.0 0.29234353957357473 0.33606105394773644 0.37159540647868883
9 276.0 0.0 -1.0 -1.0 -1.0 0.0 0.3003784220436866 0.3414957062364386 0.35812587171987487
9 277.0 0.0 -1.0 -1.0 -1.0 0.0 0.29685403919834563 0.3382457531445183 0.3649002076571361
9 278.0 0.0 -1.0 -1.0 -1.0 0.0 0.3306810310639073 0.3322643891233827 0.3370545798127101
9 279.0 0.0 -1.0 -1.0 -1.0 0.0 0.3493386091341403 0.32732821010981034 0.3233331807560492
9 280.0 0.0 -1.0 -1.0 -1.0 0.0 0.3269018041952456 0.3403409255920642 0.33275727021269036
9 281.0 0.0 -1.0 -1.0 -1.0 0.0 0.3318948121383835 0.3469512896636684 0.321153898197948
9 282.0 0.0 -1.0 -1.0 -1.0 0.0 0.3389209426124012 0.33038257686407246 0.33069648052352646
9 283.0 0.0 -1.0 -1.0 -1.0 0.0 0.3170305285656694 0.35451419716666055 0.32845527426767007
9 284.0 0.0 -1.0 -1.0 -1.0 0.0 0.34994907642482254 0.3138160695990491 0.33623485397612823
9 285.0 0.0 -1.0 -1.0 -1.0 0.0 0.33751721439637433 0.3356715853718263 0.32681120023179966
9 286.0 0.0 -1.0 -1.0 -1.0 0.0 0.32018264842051897 0.3257362000183223 0.3540811515611589
9 287.0 0.0 -1.0 -1.0 -1.0 0.0 0.32493117597496385 0.32936263811967664 0.34570618590535945
9 288.0 0.0 -1.0 -1.0 -1.0 0.0 0.3363691526373348 0.3375947916769529 0.3260360556857121
9 289.0 0.0 -1.0 -1.0 -1.0 0.0 0.31215915823910795 0.3285871701358672 0.359253671625025
9 290.0 0.0 -1.0 -1.0 -1.0 0.0 0.31713609600230286 0.33511215550354256 0.3477517484941545
9 291.0 0.0 -1.0 -1.0 -1.0 0.0 0.337073948045314 0.32773463248268264 0.3351914194720036
9 292.0 0.0 -1.0 -1.0 -1.0 0.0 0.3460675041330505 0.30754137817629723 0.3463911176906525
9 293.0 0.0 -1.0 -1.0 -1.0 0.0 0.33669046324620344 0.30265386737672373 0.36065566937707283
9 294.0 0.0 -1.0 -1.0 -1.0 0.0 0.3513323543752829 0.3125384013698814 0.3361292442548357
9 295.0 0.0 -1.0 -1.0 -1.0 0.0 0.34317291091779745 0.30002900462218585 0.3567980844600169
9 296.0 0.0 -1.0 -1.0 -1.0 0.0 0.3425594430904846 0.31802627622268254 0.3394142806868329
9 297.0 0.0 -1.0 -1.0 -1.0 0.0 0.3520691365740567 0.3151486290606853 0.33278223436525795
9 298.0 0.0 -1.0 -1.0 -1.0 0.0 0.337447268184568 0.32045156012006065 0.34210117169537146
9 299.0 0.0 -1.0 -1.0 -1.0 0.0 0.34099737902106364 0.31804119048439333 0.34096143049454325
9 300.0 0.0 -1.0 -1.0 -1.0 0.0 0.3440719315722079 0.3007898172502194 0.3551382511775728
9 301.0 0.0 -1.0 -1.0 -1.0 0.0 0.3334385966803483 0.3195750601123005 0.3469863432073511
9 302.0 0.0 -1.0 -1.0 -1.0 0.0 0.3192772030907316 0.3366853473880417 0.3440374495212267
9 303.0 0.0 -1.0 -1.0 -1.0 0.0 0.3356801622878434 0.34385703989196786 0.3204627978201887
9 304.0 0.0 -1.0 -1.0 -1.0 0.0 0.33446163964507775 0.3384140770164235 0.3271242833384988
9 305.0 0.0 -1.0 -1.0 -1.0 0.0 0.3071724356131383 0.35055399802228704 0.3422735663645748
9 306.0 0.0 -1.0 -1.0 -1.0 0.0 0.30753218798381843 0.36108971556504954 0.3313780964511317
9 307.0 0.0 -1.0 -1.0 -1.0 0.0 0.30025509089807495 0.3692940421040079 0.33045086699791715
9 308.0 0.0 -1.0 -1.0 -1.0 0.0 0.31932238543539443 0.3644850329618751 0.31619258160273045
9 309.0 0.0 -1.0 -1.0 -1.0 0.0 0.3230445512616636 0.34766563406729156 0.32928981467104484
9 310.0 0.0 -1.0 -1.0 -1.0 0.0 0.3125162144814514 0.35553791546080726 0.3319458700577415
9 311.0 0.0 -1.0 -1.0 -1.0 0.0 0.3229446760412442 0.34320359822116103 0.333851725737595
9 312.0 0.0 -1.0 -1.0 -1.0 0.0 0.3232415273810101 0.349526066024317 0.327232406594673
9 313.0 0.0 -1.0 -1.0 -1.0 0.0 0.3198956934006791 0.352834254540506 0.32727005205881504
9 314.0 0.0 -1.0 -1.0 -1.0 0.0 0.2885741371319195 0.3609245041318856 0.350501358736195
9 315.0 0.0 -1.0 -1.0 -1.0 0.0 0.3100295854981038 0.38177085202639743 0.30819956247549873
9 316.0 0.0 -1.0 -1.0 -1.0 0.0 0.2813509885309283 0.3790530523258756 0.339595959143196
9 317.0 0.0 -1.0 -1.0 -1.0 0.0 0.2943508982612806 0.3685544805536127 0.33709462118510664
9 318.0 0.0 -1.0 -1.0 -1.0 0.0 0.3223767115285409 0.3475113255476354 0.3301119629238236
9 319.0 0.0 -1.0 -1.0 -1.0 0.0 0.3300574526655405 0.3403700367321272 0.32957251060233245
9 320.0 0.0 -1.0 -1.0 -1.0 0.0 0.323181663399155 0.35176552297186364 0.32505281362898125
9 321.0 0.0 -1.0 -1.0 -1.0 0.0 0.32266400860798944 0.36324765580836416 0.31408833558364624
9 322.0 0.0 -1.0 -1.0 -1.0 0.0 0.3161019595510967 0.3843503848722317 0.29954765557667157
9 323.0 0.0 -1.0 -1.0 -1.0 0.0 0.32449024638777324 0.3508328844351798 0.3246768691770469
9 324.0 0.0 -1.0 -1.0 -1.0 0.0 0.31644406754753096 0.32552628352553165 0.35802964892693756
9 325.0 0.0 -1.0 -1.0 -1.0 0.0 0.3168100105154314 0.3251401038700889 0.35804988561448
9 326.0 0.0 -1.0 -1.0 -1.0 0.0 0.30977346614649354 0.3359700244980679 0.35425650935543873
9 327.0 0.0 -1.0 -1.0 -1.0 0.0 0.3115065757888848 0.3362569156739491 0.352236508537166
9 328.0 0.0 -1.0 -1.0 -1.0 0.0 0.3345223501246929 0.3409675222867961 0.3245101275885112
9 329.0 0.0 -1.0 -1.0 -1.0 0.0 0.3215193344043686 0.3729739072649851 0.3055067583306466
9 330.0 0.0 -1.0 -1.0 -1.0 0.0 0.3278111856017196 0.3530051573436944 0.3191836570545858
9 331.0 0.0 -1.0 -1.0 -1.0 0.0 0.3377818018009624 0.34627846451243605 0.3159397336866015
9 332.0 0.0 -1.0 -1.0 -1.0 0.0 0.3148252839348097 0.35004074376325406 0.3351339723019362
9 333.0 0.0 -1.0 -1.0 -1.0 0.0 0.32549364235039013 0.3320436285330956 0.34246272911651404
9 334.0 0.0 -1.0 -1.0 -1.0 0.0 0.3360833735406977 0.33090994376355487 0.3330066826957474
9 335.0 0.0 -1.0 -1.0 -1.0 0.0 0.3195718686397322 0.329535193683267 0.35089293767700075
9 336.0 0.0 -1.0 -1.0 -1.0 0.0 0.32920378417729923 0.3180408278110511 0.35275538801164985
9 337.0 0.0 -1.0 -1.0 -1.0 0.0 0.3381580959302139 0.3299512184558221 0.33189068561396373
9 338.0 0.0 -1.0 -1.0 -1.0 0.0 0.34809792902672315 0.30648489891869135 0.34541717205458583
9 339.0 0.0 -1.0 -1.0 -1.0 0.0 0.3635961549117079 0.3163266687254381 0.3200771763628543
9 340.0 0.0 -1.0 -1.0 -1.0 0.0 0.36303709591659516 0.3095997248533682 0.3273631792300366
9 341.0 0.0 -1.0 -1.0 -1.0 0.0 0.3390428016801106 0.35271913091061047 0.308238067409279
9 342.0 0.0 -1.0 -1.0 -1.0 0.0 0.3382704478823241 0.33562248167490233 0.3261070704427737
9 343.0 0.0 -1.0 -1.0 -1.0 0.0 0.3320540792619078 0.3393126512506644 0.3286332694874276
9 344.0 0.0 -1.0 -1.0 -1.0 0.0 0.3314709541656152 0.34240171777393646 0.3261273280604482
9 345.0 0.0 -1.0 -1.0 -1.0 0.0 0.32355031201615353 0.33914599148455127 0.3373036964992952
9 346.0 0.0 -1.0 -1.0 -1.0 0.0 0.3265343118046565 0.3758177798707023 0.29764790832464105
9 347.0 0.0 -1.0 -1.0 -1.0 0.0 0.3259307256713878 0.3658379781126536 0.30823129621595863
9 348.0 0.0 -1.0 -1.0 -1.0 0.0 0.3417686709356268 0.3653955472480886 0.2928357818162846
9 349.0 0.0 -1.0 -1.0 -1.0 0.0 0.3484370167978754 0.3478321751136139 0.3037308080885102
9 350.0 0.0 -1.0 -1.0 -1.0 0.0 0.36060945257369215 0.334933282908907 0.3044572645174008
9 351.0 0.0 -1.0 -1.0 -1.0 0.0 0.3577091643440955 0.33013498206324454 0.31215585359266007
9 352.0 0.0 -1.0 -1.0 -1.0 0.0 0.3579931612942773 0.34224363006278596 0.2997632086429368
9 353.0 0.0 -1.0 -1.0 -1.0 0.0 0.36006076668342435 0.3194480572227804 0.32049117609379524
9 354.0 0.0 -1.0 -1.0 -1.0 0.0 0.3580116744694687 0.3210681085832946 0.32092021694723655
9 355.0 0.0 -1.0 -1.0 -1.0 0.0 0.3588643570881446 0.2893206561030438 0.3518149868088116
9 356.0 0.0 -1.0 -1.0 -1.0 0.0 0.34396277773109957 0.3165466429968897 0.3394905792720108
9 357.0 0.0 -1.0 -1.0 -1.0 0.0 0.3530361971824003 0.3077965408188883 0.33916726199871117
9 358.0 0.0 -1.0 -1.0 -1.0 0.0 0.30735372193497706 0.32501452154527866 0.36763175651974433
9 359.0 0.0 -1.0 -1.0 -1.0 0.0 0.3198222265486852 0.318202229524308 0.36197554392700676
9 360.0 0.0 -1.0 -1.0 -1.0 0.0 0.3280485242403358 0.31072481706875316 0.36122665869091103
9 361.0 0.0 -1.0 -1.0 -1.0 0.0 0.3269425675318034 0.30879197003055314 0.3642654624376435
9 362.0 0.0 -1.0 -1.0 -1.0 0.0 0.32593419190117046 0.3082001441351515 0.3658656639636781
9 363.0 0.0 -1.0 -1.0 -1.0 0.0 0.3250108572738736 0.3267278446853631 0.3482612980407634
9 364.0 0.0 -1.0 -1.0 -1.0 0.0 0.3099247684286701 0.33201293586807495 0.358062295703255
9 365.0 0.0 -1.0 -1.0 -1.0 0.0 0.3000101103438249 0.346698080531022 0.3532918091251531
9 366.0 0.0 -1.0 -1.0 -1.0 0.0 0.31429952066558065 0.3550301116215615 0.33067036771285785
9 367.0 0.0 -1.0 -1.0 -1.0 0.0 0.3213977055130007 0.3496441344121267 0.3289581600748724
9 368.0 0.0 -1.0 -1.0 -1.0 0.0 0.3256286167669689 0.37613560959432485 0.29823577363870635
9 369.0 0.0 -1.0 -1.0 -1.0 0.0 0.3369274773398688 0.35958019334848607 0.303492329311645
9 370.0 0.0 -1.0 -1.0 -1.0 0.0 0.33350174536651883 0.36235271311183426 0.30414554152164686
9 371.0 0.0 -1.0 -1.0 -1.0 0.0 0.3305417227427337 0.35760522384441357 0.31185305341285274
9 372.0 0.0 -1.0 -1.0 -1.0 0.0 0.33181140440530454 0.3600169276669998 0.30817166792769585
9 373.0 0.0 -1.0 -1.0 -1.0 0.0 0.32765814700386187 0.36358244915134585 0.30875940384479206
9 374.0 0.0 -1.0 -1.0 -1.0 0.0 0.32361014757648265 0.3604409970602932 0.3159488553632239
9 375.0 0.0 -1.0 -1.0 -1.0 0.0 0.3331096931754774 0.319359168467927 0.3475311383565957
9 376.0 0.0 -1.0 -1.0 -1.0 0.0 0.3301927319009962 0.32147792249923257 0.3483293455997712
9 377.0 0.0 -1.0 -1.0 -1.0 0.0 0.3626768397971086 0.2993934599711766 0.33792970023171454
9 378.0 0.0 -1.0 -1.0 -1.0 0.0 0.3278147524641315 0.32938296838411385 0.34280227915175454
9 379.0 0.0 -1.0 -1.0 -1.0 0.0 0.33508810110143267 0.3313265529603626 0.33358534593820466
9 380.0 0.0 -1.0 -1.0 -1.0 0.0 0.3386393477929401 0.3384600570969869 0.3229005951100732
9 381.0 0.0 -1.0 -1.0 -1.0 0.0 0.32813540665932783 0.36187154706430247 0.3099930462763699
9 382.0 0.0 -1.0 -1.0 -1.0 0.0 0.35923176334989093 0.32985644783491325 0.31091178881519566
9 383.0 0.0 -1.0 -1.0 -1.0 0.0 0.33956345599624455 0.3479004872890792 0.31253605671467627
9 384.0 0.0 -1.0 -1.0 -1.0 0.0 0.37038058631131376 0.3157204868944746 0.3138989267942115
9 385.0 0.0 -1.0 -1.0 -1.0 0.0 0.3585079187686794 0.3366004070222276 0.3048916742090931
9 386.0 0.0 -1.0 -1.0 -1.0 0.0 0.33155201264748174 0.3590544988623248 0.30939348849019366
9 387.0 0.0 -1.0 -1.0 -1.0 0.0 0.2984648371603319 0.35655236012785907 0.3449828027118088
9 388.0 0.0 -1.0 -1.0 -1.0 0.0 0.3172331224947187 0.35920881969857354 0.32355805780670777
9 389.0 0.0 -1.0 -1.0 -1.0 0.0 0.32925326973310054 0.3546364608972392 0.31611026936966014
9 390.0 0.0 -1.0 -1.0 -1.0 0.0 0.34497087226167766 0.3125233441566675 0.34250578358165484
9 391.0 0.0 -1.0 -1.0 -1.0 0.0 0.33976939078390606 0.34531286570362907 0.3149177435124648
9 392.0 0.0 -1.0 -1.0 -1.0 0.0 0.3320362483016179 0.340595273058521 0.327368478639861
9 393.0 0.0 -1.0 -1.0 -1.0 0.0 0.35452341918566654 0.31344252343742407 0.33203405737690944
9 394.0 0.0 -1.0 -1.0 -1.0 0.0 0.35459556215388477 0.32259051508140685 0.32281392276470855
9 395.0 0.0 -1.0 -1.0 -1.0 0.0 0.35061975729613837 0.311850391890006 0.3375298508138559
9 396.0 0.0 -1.0 -1.0 -1.0 0.0 0.32896142707782255 0.32660092152568476 0.34443765139649263
9 397.0 0.0 -1.0 -1.0 -1.0 0.0 0.32404199047721927 0.32289844938204987 0.353059560140731
9 398.0 0.0 -1.0 -1.0 -1.0 0.0 0.31504239820841873 0.29781313672198517 0.387144465069596
9 399.0 0.0 -1.0 -1.0 -1.0 0.0 0.3270738872510169 0.3026039440385135 0.37032216871046947
9 400.0 0.0 -1.0 -1.0 -1.0 0.0 0.29956444291687023 0.29761415551828974 0.4028214015648402
9 401.0 0.0 -1.0 -1.0 -1.0 0.0 0.3002790157086818 0.3019501073260764 0.3977708769652416
9 402.0 0.0 -1.0 -1.0 -1.0 0.0 0.27924302051711136 0.33201092091301654 0.3887460585698719
9 403.0 0.0 -1.0 -1.0 -1.0 0.0 0.3099248265488795 0.3217490682036976 0.3683261052474231
9 404.0 0.0 -1.0 -1.0 -1.0 0.0 0.31595526226505105 0.3109172861351299 0.37312745159981886
9 405.0 0.0 -1.0 -1.0 -1.0 0.0 0.341653767642949 0.28332953091640706 0.3750167014406439
9 406.0 0.0 -1.0 -1.0 -1.0 0.0 0.3177319620366749 0.3215242083792345 0.36074382958409024
9 407.0 0.0 -1.0 -1.0 -1.0 0.0 0.3095423961634694 0.37478365561820004 0.31567394821833056
9 408.0 0.0 -1.0 -1.0 -1.0 0.0 0.295587305004236 0.3857267006788623 0.31868599431690164
9 409.0 0.0 -1.0 -1.0 -1.0 0.0 0.29061026231830916 0.3759779095470923 0.33341182813459846
9 410.0 0.0 -1.0 -1.0 -1.0 0.0 0.31706568135159496 0.3616090071665137 0.3213253114818913
9 411.0 0.0 -1.0 -1.0 -1.0 0.0 0.308145137986838 0.3487309523358693 0.3431239096772927
9 412.0 0.0 -1.0 -1.0 -1.0 0.0 0.32646697167082467 0.34601723911248555 0.3275157892166898
9 413.0 0.0 -1.0 -1.0 -1.0 0.0 0.3098828377410215 0.3744635536113769 0.3156536086476016
9 414.0 0.0 -1.0 -1.0 -1.0 0.0 0.3207222142207954 0.3678465485101264 0.3114312372690782
9 415.0 0.0 -1.0 -1.0 -1.0 0.0 0.3249177852066862 0.36427321893332193 0.31080899585999183
9 416.0 0.0 -1.0 -1.0 -1.0 0.0 0.34284204160608167 0.35944777854188703 0.2977101798520313
9 417.0 0.0 -1.0 -1.0 -1.0 0.0 0.34036458295855715 0.3587257983078677 0.30090961873357513
9 418.0 0.0 -1.0 -1.0 -1.0 0.0 0.35591903583015383 0.3287223898912407 0.3153585742786055
9 419.0 0.0 -1.0 -1.0 -1.0 0.0 0.35299205128722655 0.2984176301911706 0.34859031852160305
9 420.0 0.0 -1.0 -1.0 -1.0 0.0 0.3627100936809007 0.2975661951486667 0.3397237111704323
9 421.0 0.0 -1.0 -1.0 -1.0 0.0 0.36695704435045895 0.31015936492604085 0.32288359072350004
9 422.0 0.0 -1.0 -1.0 -1.0 0.0 0.3622409453353732 0.3232651226657633 0.3144939319988636
9 423.0 0.0 -1.0 -1.0 -1.0 0.0 0.3749084587541309 0.29412357331540834 0.3309679679304607
9 424.0 0.0 -1.0 -1.0 -1.0 0.0 0.38312458746894146 0.27879457376362377 0.33808083876743494
9 425.0 0.0 -1.0 -1.0 -1.0 0.0 0.38767676080286456 0.2940723262091508 0.3182509129879846
9 426.0 0.0 -1.0 -1.0 -1.0 0.0 0.37545114187727363 0.30832267421043796 0.3162261839122884
9 427.0 0.0 -1.0 -1.0 -1.0 0.0 0.3690006906122965 0.3140498768557034 0.3169494325320001
9 428.0 0.0 -1.0 -1.0 -1.0 0.0 0.3565149036992385 0.33718984709667377 0.30629524920408757
9 429.0 0.0 -1.0 -1.0 -1.0 0.0 0.36127998141369183 0.32821586721664514 0.31050415136966303
9 430.0 0.0 -1.0 -1.0 -1.0 0.0 0.34249756912069573 0.3431259139420774 0.3143765169372266
9 431.0 0.0 -1.0 -1.0 -1.0 0.0 0.3317670132121349 0.3281065353321379 0.3401264514557269
9 432.0 0.0 -1.0 -1.0 -1.0 0.0 0.3281867695084785 0.35753277531641503 0.3142804551751065
9 433.0 0.0 -1.0 -1.0 -1.0 0.0 0.34099545562040434 0.34488579885076753 0.31411874552882835
9 434.0 0.0 -1.0 -1.0 -1.0 0.0 0.3418514218915464 0.3417761929631803 0.31637238514527316
9 435.0 0.0 -1.0 -1.0 -1.0 0.0 0.3591974876767812 0.3181343644005847 0.3226681479226341
9 436.0 0.0 -1.0 -1.0 -1.0 0.0 0.3639717531859663 0.30455844235157903 0.33146980446245444
9 437.0 0.0 -1.0 -1.0 -1.0 0.0 0.37611705058491673 0.3054724130332175 0.31841053638186584
9 438.0 0.0 -1.0 -1.0 -1.0 0.0 0.35437146415053306 0.32417526607591624 0.3214532697735507
9 439.0 0.0 -1.0 -1.0 -1.0 0.0 0.3491711438944066 0.3486100719031798 0.30221878420241355
9 440.0 0.0 -1.0 -1.0 -1.0 0.0 0.3606017009277598 0.3189752617472163 0.3204230373250238
9 441.0 0.0 -1.0 -1.0 -1.0 0.0 0.348780061374036 0.33947906169230324 0.31174087693366087
9 442.0 0.0 -1.0 -1.0 -1.0 0.0 0.3668780526326751 0.32545764350451484 0.30766430386280996
9 443.0 0.0 -1.0 -1.0 -1.0 0.0 0.3347291554012606 0.35875628255797914 0.3065145620407599
9 444.0 0.0 -1.0 -1.0 -1.0 0.0 0.2970806611915616 0.3655494974192432 0.3373698413891951
9 445.0 0.0 -1.0 -1.0 -1.0 0.0 0.31552748456286855 0.3623780466747757 0.32209446876235587
9 446.0 0.0 -1.0 -1.0 -1.0 0.0 0.33725600138232975 0.35431298370379993 0.30843101491387026
9 447.0 0.0 -1.0 -1.0 -1.0 0.0 0.3446738057372399 0.3283666368458439 0.32695955741691635
9 448.0 0.0 -1.0 -1.0 -1.0 0.0 0.3601124334661763 0.3181335687898414 0.3217539977439824
9 449.0 0.0 -1.0 -1.0 -1.0 0.0 0.36442191686426884 0.3311137634925964 0.30446431964313453
9 450.0 0.0 -1.0 -1.0 -1.0 0.0 0.36202833621878633 0.3250903844805364 0.3128812793006771
9 451.0 0.0 -1.0 -1.0 -1.0 0.0 0.3649308636625459 0.3121020035312548 0.3229671328061994
9 452.0 0.0 -1.0 -1.0 -1.0 0.0 0.3620547340322879 0.34234288991253176 0.2956023760551808
9 453.0 0.0 -1.0 -1.0 -1.0 0.0 0.33966910037788867 0.3755755690797767 0.2847553305423348
9 454.0 0.0 -1.0 -1.0 -1.0 0.0 0.33346490697582865 0.36988954392719564 0.2966455490969755
9 455.0 0.0 -1.0 -1.0 -1.0 0.0 0.351687561337294 0.36519214047891646 0.2831202981837895
9 456.0 0.0 -1.0 -1.0 -1.0 0.0 0.36446521697976875 0.36268320693536926 0.2728515760848622
9 457.0 0.0 -1.0 -1.0 -1.0 0.0 0.39873087870360324 0.33820735723255274 0.2630617640638439
9 458.0 0.0 -1.0 -1.0 -1.0 0.0 0.411194743321629 0.32847322992899786 0.26033202674937334
9 459.0 0.0 -1.0 -1.0 -1.0 0.0 0.40321859116178776 0.30777131063008734 0.28901009820812495
9 460.0 0.0 -1.0 -1.0 -1.0 0.0 0.3548822654818936 0.34488324100914725 0.30023449350895925
9 461.0 0.0 -1.0 -1.0 -1.0 0.0 0.38490092301168666 0.33915143595751723 0.2759476410307959
9 462.0 0.0 -1.0 -1.0 -1.0 0.0 0.3661612914308535 0.3302412211597129 0.30359748740943376
9 463.0 0.0 -1.0 -1.0 -1.0 0.0 0.3350463522443002 0.3388991428643881 0.3260545048913116
9 464.0 0.0 -1.0 -1.0 -1.0 0.0 0.35935541511670976 0.29842471160896783 0.3422198732743221
9 465.0 0.0 -1.0 -1.0 -1.0 0.0 0.3481689160655204 0.31715198829936503 0.3346790956351146
9 466.0 0.0 -1.0 -1.0 -1.0 0.0 0.3319022103830502 0.3262348224946595 0.3418629671222904
9 467.0 0.0 -1.0 -1.0 -1.0 0.0 0.31332246755139015 0.3426524997891803 0.34402503265942963
9 468.0 0.0 -1.0 -1.0 -1.0 0.0 0.325214902062686 0.3408948442625346 0.33389025367477954
9 469.0 0.0 -1.0 -1.0 -1.0 0.0 0.3343189619117085 0.3294890652543055 0.3361919728339861
9 470.0 0.0 -1.0 -1.0 -1.0 0.0 0.3102254393907544 0.34495101003157985 0.34482355057766584
9 471.0 0.0 -1.0 -1.0 -1.0 0.0 0.3185896866804369 0.35057270544957037 0.3308376078699926
9 472.0 0.0 -1.0 -1.0 -1.0 0.0 0.32613402663812024 0.33811787680661726 0.33574809655526267
9 473.0 0.0 -1.0 -1.0 -1.0 0.0 0.32041464031400785 0.33881531269938664 0.3407700469866053
9 474.0 0.0 -1.0 -1.0 -1.0 0.0 0.33992535938464546 0.3383533244165512 0.32172131619880345
9 475.0 0.0 -1.0 -1.0 -1.0 0.0 0.34921332499770796 0.3150042950935378 0.3357823799087542
9 476.0 0.0 -1.0 -1.0 -1.0 0.0 0.3525267758180099 0.34362255102945455 0.3038506731525354
9 477.0 0.0 -1.0 -1.0 -1.0 0.0 0.34173288084136055 0.3505613499513751 0.3077057692072644
9 478.0 0.0 -1.0 -1.0 -1.0 0.0 0.3346441782352217 0.3489332619046135 0.31642255986016515
9 479.0 0.0 -1.0 -1.0 -1.0 0.0 0.3230332610026818 0.3621903487182064 0.3147763902791118
9 480.0 0.0 -1.0 -1.0 -1.0 0.0 0.33761550145778346 0.3680859170116013 0.2942985815306155
9 481.0 0.0 -1.0 -1.0 -1.0 0.0 0.34255667324518946 0.3364429297569619 0.3210003969978489
9 482.0 0.0 -1.0 -1.0 -1.0 0.0 0.3467864394807434 0.30298266170639215 0.3502308988128644
9 483.0 0.0 -1.0 -1.0 -1.0 0.0 0.3115633677652175 0.3157017073055644 0.3727349249292182
9 484.0 0.0 -1.0 -1.0 -1.0 0.0 0.3391362433125875 0.313769821911301 0.34709393477611145
9 485.0 0.0 -1.0 -1.0 -1.0 0.0 0.3494088496623122 0.32095901119484116 0.3296321391428467
9 486.0 0.0 -1.0 -1.0 -1.0 0.0 0.34019388179641175 0.32283881949464516 0.3369672987089432
9 487.0 0.0 -1.0 -1.0 -1.0 0.0 0.32538141028963147 0.30727326845257075 0.36734532125779784
9 488.0 0.0 -1.0 -1.0 -1.0 0.0 0.3193637919207353 0.30829150002286115 0.3723447080564038
9 489.0 0.0 -1.0 -1.0 -1.0 0.0 0.35016216683220525 0.29329157137814166 0.35654626178965293
9 490.0 0.0 -1.0 -1.0 -1.0 0.0 0.36574487573599646 0.2865611821816391 0.34769394208236404
9 491.0 0.0 -1.0 -1.0 -1.0 0.0 0.3622265396582756 0.30225047155901075 0.3355229887827135
9 492.0 0.0 -1.0 -1.0 -1.0 0.0 0.345669191813054 0.2979982806677713 0.35633252751917477
9 493.0 0.0 -1.0 -1.0 -1.0 0.0 0.3786664928438947 0.2856700983104653 0.3356634088456401
9 494.0 0.0 -1.0 -1.0 -1.0 0.0 0.38962091190752135 0.2843090967899183 0.32606999130256037
9 495.0 0.0 -1.0 -1.0 -1.0 0.0 0.38554774504064865 0.27613435689839977 0.33831789806095147
9 496.0 0.0 -1.0 -1.0 -1.0 0.0 0.3537154820363626 0.3070695289063919 0.33921498905724545
9 497.0 0.0 -1.0 -1.0 -1.0 0.0 0.3445457317875882 0.32176288257045726 0.33369138564195444
9 498.0 0.0 -1.0 -1.0 -1.0 0.0 0.3408017372967502 0.32706223801991263 0.33213602468333725
9 499.0 0.0 -1.0 -1.0 -1.0 0.0 0.3479848992399001 0.3161542907387447 0.33586081002135515
9 500.0 0.0 -1.0 -1.0 -1.0 0.0 0.31193461193438393 0.3297220531141599 0.35834333495145615
9 501.0 0.0 -1.0 -1.0 -1.0 0.0 0.3227319156575044 0.3425955756115618 0.3346725087309339
9 502.0 0.0 -1.0 -1.0 -1.0 0.0 0.33911101682770295 0.3332366419977974 0.3276523411744997
9 503.0 0.0 -1.0 -1.0 -1.0 0.0 0.3285269523872029 0.34508904861455847 0.32638399899823844
9 504.0 0.0 -1.0 -1.0 -1.0 0.0 0.30888410686347184 0.35000052061312326 0.3411153725234049
9 505.0 0.0 -1.0 -1.0 -1.0 0.0 0.29099715010306915 0.37025602609671665 0.33874682380021404
9 506.0 0.0 -1.0 -1.0 -1.0 0.0 0.2998021215846774 0.3833899067496037 0.31680797166571906
9 507.0 0.0 -1.0 -1.0 -1.0 0.0 0.30043201031546735 0.35792492480100174 0.3416430648835309
9 508.0 0.0 -1.0 -1.0 -1.0 0.0 0.3098390105677711 0.3450385385040905 0.34512245092813876
9 509.0 0.0 -1.0 -1.0 -1.0 0.0 0.30932306060885906 0.3662274559367371 0.3244494834544037
9 510.0 0.0 -1.0 -1.0 -1.0 0.0 0.3207469217623558 0.33432093861551027 0.344932139622134
9 511.0 0.0 -1.0 -1.0 -1.0 0.0 0.34459203928355353 0.3141254891540472 0.34128247156239944
9 512.0 0.0 -1.0 -1.0 -1.0 0.0 0.35050671167980313 0.3027712383969495 0.3467220499232472
9 513.0 0.0 -1.0 -1.0 -1.0 0.0 0.33492379948866136 0.3296788219711033 0.3353973785402355
9 514.0 0.0 -1.0 -1.0 -1.0 0.0 0.3568775704670102 0.3341973912473656 0.30892503828562423
9 515.0 0.0 -1.0 -1.0 -1.0 0.0 0.3270708132003775 0.36031551622041375 0.31261367057920847
9 516.0 0.0 -1.0 -1.0 -1.0 0.0 0.31924065645335636 0.3532453995102688 0.3275139440363749
9 517.0 0.0 -1.0 -1.0 -1.0 0.0 0.30781326930380176 0.34954170988077626 0.3426450208154219
9 518.0 0.0 -1.0 -1.0 -1.0 0.0 0.28730385368593275 0.3321447228421601 0.3805514234719071
9 519.0 0.0 -1.0 -1.0 -1.0 0.0 0.29346490344262 0.32909231598906025 0.3774427805683198
9 520.0 0.0 -1.0 -1.0 -1.0 0.0 0.30245058247412887 0.3160636156951328 0.3814858018307384
9 521.0 0.0 -1.0 -1.0 -1.0 0.0 0.3060293120049121 0.3134873359456566 0.38048335204943134
9 522.0 0.0 -1.0 -1.0 -1.0 0.0 0.32623030013998333 0.3230386423240027 0.3507310575360141
9 523.0 0.0 -1.0 -1.0 -1.0 0.0 0.34594970481281423 0.3447200029997146 0.30933029218747077
9 524.0 0.0 -1.0 -1.0 -1.0 0.0 0.34704436592681204 0.3388421767356932 0.31411345733749485
9 525.0 0.0 -1.0 -1.0 -1.0 0.0 0.33762528528630953 0.33757350455177004 0.3248012101619204
9 526.0 0.0 -1.0 -1.0 -1.0 0.0 0.35917683680624424 0.3240753350742915 0.3167478281194643
9 527.0 0.0 -1.0 -1.0 -1.0 0.0 0.3837227874974164 0.3195302143215488 0.2967469981810346
9 528.0 0.0 -1.0 -1.0 -1.0 0.0 0.35862062229136193 0.329115906954968 0.3122634707536699
9 529.0 0.0 -1.0 -1.0 -1.0 0.0 0.34618206596385726 0.3371771729397355 0.3166407610964072
9 530.0 0.0 -1.0 -1.0 -1.0 0.0 0.33380460580744264 0.3344492074589837 0.3317461867335737
9 531.0 0.0 -1.0 -1.0 -1.0 0.0 0.3379434495781095 0.3266958364618669 0.33536071396002376
9 532.0 0.0 -1.0 -1.0 -1.0 0.0 0.35204548926963547 0.325015981923739 0.3229385288066257
9 533.0 0.0 -1.0 -1.0 -1.0 0.0 0.3417982993137622 0.3319140297004408 0.3262876709857969
9 534.0 0.0 -1.0 -1.0 -1.0 0.0 0.33717135871623893 0.3156438475015491 0.3471847937822119
9 535.0 0.0 -1.0 -1.0 -1.0 0.0 0.30835181495523795 0.3460459351217298 0.34560224992303246
9 536.0 0.0 -1.0 -1.0 -1.0 0.0 0.31009736486882306 0.334622973955579 0.355279661175598
9 537.0 0.0 -1.0 -1.0 -1.0 0.0 0.33137325716524274 0.29658109209110356 0.37204565074365353
9 538.0 0.0 -1.0 -1.0 -1.0 0.0 0.3310209271017374 0.30924570617362945 0.35973336672463313
9 539.0 0.0 -1.0 -1.0 -1.0 0.0 0.32344821548894165 0.3210146179582447 0.3555371665528134
9 540.0 0.0 -1.0 -1.0 -1.0 0.0 0.2880486628021623 0.3452536598191736 0.36669767737866416
9 541.0 0.0 -1.0 -1.0 -1.0 0.0 0.30694241695429203 0.3182545000901497 0.3748030829555583
9 542.0 0.0 -1.0 -1.0 -1.0 0.0 0.30058429015192895 0.3307631650028543 0.36865254484521676
9 543.0 0.0 -1.0 -1.0 -1.0 0.0 0.3219391573079992 0.33341690136527247 0.3446439413267282
9 544.0 0.0 -1.0 -1.0 -1.0 0.0 0.32580113501286834 0.3436151204224878 0.3305837445646439
9 545.0 0.0 -1.0 -1.0 -1.0 0.0 0.33169286077350113 0.33411647092970503 0.3341906682967935
9 546.0 0.0 -1.0 -1.0 -1.0 0.0 0.3310327251754893 0.31547926105460283 0.3534880137699077
9 547.0 0.0 -1.0 -1.0 -1.0 0.0 0.32871286754629175 0.32380433285289234 0.34748279960081574
9 548.0 0.0 -1.0 -1.0 -1.0 0.0 0.3671969957227909 0.3187225653074525 0.3140804389697568
9 549.0 0.0 -1.0 -1.0 -1.0 0.0 0.35372453030870044 0.31563685319087686 0.33063861650042264
9 550.0 0.0 -1.0 -1.0 -1.0 0.0 0.3620476465993094 0.3114250928749309 0.3265272605257595
9 551.0 0.0 -1.0 -1.0 -1.0 0.0 0.3361010705200362 0.34109059833518257 0.3228083311447812
9 552.0 0.0 -1.0 -1.0 -1.0 0.0 0.3439758789924205 0.3359698440142428 0.3200542769933369
9 553.0 0.0 -1.0 -1.0 -1.0 0.0 0.3125702332839314 0.3240577345785303 0.36337203213753844
9 554.0 0.0 -1.0 -1.0 -1.0 0.0 0.33039709143003665 0.3208812208479347 0.3487216877220287
9 555.0 0.0 -1.0 -1.0 -1.0 0.0 0.34086293710432713 0.30672565868170026 0.3524114042139725
9 556.0 0.0 -1.0 -1.0 -1.0 0.0 0.3205557562413587 0.33379185634717445 0.34565238741146687
9 557.0 0.0 -1.0 -1.0 -1.0 0.0 0.32293101094040283 0.3116166056239938 0.3654523834356034
9 558.0 0.0 -1.0 -1.0 -1.0 0.0 0.3364206015554916 0.2965843742525532 0.3669950241919551
9 559.0 0.0 -1.0 -1.0 -1.0 0.0 0.348073944708179 0.31765329684181687 0.33427275845000404
9 560.0 0.0 -1.0 -1.0 -1.0 0.0 0.33385612129927755 0.32835812827172467 0.33778575042899794
9 561.0 0.0 -1.0 -1.0 -1.0 0.0 0.335639936069214 0.334055026713767 0.33030503721701876
9 562.0 0.0 -1.0 -1.0 -1.0 0.0 0.3297043276345251 0.3353379129521529 0.33495775941332195
9 563.0 0.0 -1.0 -1.0 -1.0 0.0 0.32988475680230034 0.33340047433320746 0.336714768864492
9 564.0 0.0 -1.0 -1.0 -1.0 0.0 0.342229238079557 0.335857485682189 0.3219132762382542
9 565.0 0.0 -1.0 -1.0 -1.0 0.0 0.3166975046670751 0.33699756029304195 0.34630493503988297
9 566.0 0.0 -1.0 -1.0 -1.0 0.0 0.31023431931360657 0.3137468571806201 0.3760188235057732
9 567.0 0.0 -1.0 -1.0 -1.0 0.0 0.3100636254442196 0.3200080653425667 0.36992830921321374
9 568.0 0.0 -1.0 -1.0 -1.0 0.0 0.30985932254176596 0.3061167040649346 0.3840239733932995
9 569.0 0.0 -1.0 -1.0 -1.0 0.0 0.33697503828641245 0.3197577010392784 0.34326726067430946
9 570.0 0.0 -1.0 -1.0 -1.0 0.0 0.34079057495869836 0.3314025320865089 0.32780689295479293
9 571.0 0.0 -1.0 -1.0 -1.0 0.0 0.33532281253425095 0.3332623964419762 0.3314147910237727
9 572.0 0.0 -1.0 -1.0 -1.0 0.0 0.3246292802374235 0.32546337547283377 0.3499073442897428
9 573.0 0.0 -1.0 -1.0 -1.0 0.0 0.32240410735946556 0.35655850797781247 0.3210373846627217
9 574.0 0.0 -1.0 -1.0 -1.0 0.0 0.3184961783531344 0.35583177595918564 0.3256720456876802
9 575.0 0.0 -1.0 -1.0 -1.0 0.0 0.31541480537625555 0.3769427005406626 0.30764249408308175
9 576.0 0.0 -1.0 -1.0 -1.0 0.0 0.32671310201832354 0.35482950382130973 0.3184573941603668
9 577.0 0.0 -1.0 -1.0 -1.0 0.0 0.30383533945488295 0.36843455573201894 0.32773010481309783
9 578.0 0.0 -1.0 -1.0 -1.0 0.0 0.31122774354270744 0.34594228086899165 0.342829975588301
9 579.0 0.0 -1.0 -1.0 -1.0 0.0 0.33199957520139267 0.35179974561655647 0.3162006791820508
9 580.0 0.0 -1.0 -1.0 -1.0 0.0 0.3238882048758899 0.32748806633962596 0.348623728784484
9 581.0 0.0 -1.0 -1.0 -1.0 0.0 0.3060679026784731 0.33320556063864926 0.36072653668287763
9 582.0 0.0 -1.0 -1.0 -1.0 0.0 0.3042924231814715 0.3558764295669598 0.3398311472515688
9 583.0 0.0 -1.0 -1.0 -1.0 0.0 0.3132430625265858 0.34688282380435953 0.3398741136690548
9 584.0 0.0 -1.0 -1.0 -1.0 0.0 0.324178964922289 0.3281184400732068 0.3477025950045041
9 585.0 0.0 -1.0 -1.0 -1.0 0.0 0.31092445684304476 0.32217184729429965 0.36690369586265553
9 586.0 0.0 -1.0 -1.0 -1.0 0.0 0.3415982607819682 0.31064339307989397 0.34775834613813794
9 587.0 0.0 -1.0 -1.0 -1.0 0.0 0.3317978951508288 0.2695836636429012 0.3986184412062699
9 588.0 0.0 -1.0 -1.0 -1.0 0.0 0.32957609003196103 0.2835873157373515 0.38683659423068717
9 589.0 0.0 -1.0 -1.0 -1.0 0.0 0.33501001162888433 0.29088388060039055 0.3741061077707253
9 590.0 0.0 -1.0 -1.0 -1.0 0.0 0.3281203263105516 0.29436324695571886 0.3775164267337295
9 591.0 0.0 -1.0 -1.0 -1.0 0.0 0.3113510796364061 0.3133641674835529 0.37528475288004104
9 592.0 0.0 -1.0 -1.0 -1.0 0.0 0.32230237767405007 0.32426126333386635 0.3534363589920836
9 593.0 0.0 -1.0 -1.0 -1.0 0.0 0.326460021666025 0.332297457634351 0.34124252069962374
9 594.0 0.0 -1.0 -1.0 -1.0 0.0 0.32603346585288173 0.32199946633683824 0.35196706781028025
9 595.0 0.0 -1.0 -1.0 -1.0 0.0 0.3344910742733392 0.3338749748186674 0.3316339509079934
9 596.0 0.0 -1.0 -1.0 -1.0 0.0 0.35479306322463733 0.34561893426209794 0.29958800251326445
9 597.0 0.0 -1.0 -1.0 -1.0 0.0 0.3326651128771407 0.3501634076808142 0.317171479442045
9 598.0 0.0 -1.0 -1.0 -1.0 0.0 0.3277059909811282 0.34528474455214536 0.32700926446672635
9 599.0 0.0 -1.0 -1.0 -1.0 0.0 0.29810822595993175 0.38479475914344946 0.31709701489661873
9 600.0 0.0 -1.0 -1.0 -1.0 0.0 0.30609703476950223 0.3631052680950249 0.33079769713547286
9 601.0 0.0 -1.0 -1.0 -1.0 0.0 0.30485583719139697 0.33709989561784115 0.35804426719076177
9 602.0 0.0 -1.0 -1.0 -1.0 0.0 0.34339656447159206 0.3452644293500716 0.31133900617833626
9 603.0 0.0 -1.0 -1.0 -1.0 0.0 0.350534767620671 0.3542275565988161 0.2952376757805131
9 604.0 0.0 -1.0 -1.0 -1.0 0.0 0.34914054974429476 0.3526341290570349 0.2982253211986702
9 605.0 0.0 -1.0 -1.0 -1.0 0.0 0.3614959437845868 0.31051072689302955 0.32799332932238356
9 606.0 0.0 -1.0 -1.0 -1.0 0.0 0.3389328578105574 0.3229799561068382 0.3380871860826042
9 607.0 0.0 -1.0 -1.0 -1.0 0.0 0.3417654526918006 0.33768308136328284 0.3205514659449165
9 608.0 0.0 -1.0 -1.0 -1.0 0.0 0.3324011935404761 0.33357462157411283 0.33402418488541114
9 609.0 0.0 -1.0 -1.0 -1.0 0.0 0.3419496401449895 0.33284575811677497 0.32520460173823545
9 610.0 0.0 -1.0 -1.0 -1.0 0.0 0.33276252659580846 0.3143208523045157 0.3529166210996759
9 611.0 0.0 -1.0 -1.0 -1.0 0.0 0.36438991917426655 0.2776108982273342 0.35799918259839925
9 612.0 0.0 -1.0 -1.0 -1.0 0.0 0.37784579991761236 0.29194240523040693 0.3302117948519807
9 613.0 0.0 -1.0 -1.0 -1.0 0.0 0.36327454213308596 0.29728786587043143 0.3394375919964827
9 614.0 0.0 -1.0 -1.0 -1.0 0.0 0.3471571468805595 0.3155796932172769 0.33726315990216366
9 615.0 0.0 -1.0 -1.0 -1.0 0.0 0.3321374451687038 0.30682636991816553 0.3610361849131308
9 616.0 0.0 -1.0 -1.0 -1.0 0.0 0.32004071837163045 0.3074022351691454 0.37255704645922405
9 617.0 0.0 -1.0 -1.0 -1.0 0.0 0.309182264248999 0.3118654435496483 0.3789522922013529
9 618.0 0.0 -1.0 -1.0 -1.0 0.0 0.2960755048826851 0.3235056469769627 0.38041884814035215
9 619.0 0.0 -1.0 -1.0 -1.0 0.0 0.2994066983668899 0.3231659792444735 0.37742732238863647
9 620.0 0.0 -1.0 -1.0 -1.0 0.0 0.29865875756910226 0.32146610646927115 0.3798751359616267
9 621.0 0.0 -1.0 -1.0 -1.0 0.0 0.3228752991392125 0.30596231785656 0.3711623830042274
9 622.0 0.0 -1.0 -1.0 -1.0 0.0 0.3302024406417628 0.3303669884166593 0.33943057094157775
9 623.0 0.0 -1.0 -1.0 -1.0 0.0 0.3602400524701214 0.29724351031024343 0.3425164372196351
9 624.0 0.0 -1.0 -1.0 -1.0 0.0 0.3226131794402661 0.3135581750943768 0.36382864546535715
9 625.0 0.0 -1.0 -1.0 -1.0 0.0 0.31356430615347813 0.3256535311708557 0.36078216267566615
9 626.0 0.0 -1.0 -1.0 -1.0 0.0 0.31766870199133146 0.3276433013801804 0.3546879966284881
9 627.0 0.0 -1.0 -1.0 -1.0 0.0 0.34487465720020305 0.3230883195883172 0.33203702321147993
9 628.0 0.0 -1.0 -1.0 -1.0 0.0 0.35795018239993454 0.3269117708722771 0.31513804672778833
9 629.0 0.0 -1.0 -1.0 -1.0 0.0 0.333174268252913 0.3615749162534403 0.30525081549364663
9 630.0 0.0 -1.0 -1.0 -1.0 0.0 0.33618002576887224 0.3629176630351273 0.3009023111960005
9 631.0 0.0 -1.0 -1.0 -1.0 0.0 0.35250074188776326 0.35561272845498065 0.29188652965725626
9 632.0 0.0 -1.0 -1.0 -1.0 0.0 0.36319946672799935 0.3294435433270834 0.3073569899449173
9 633.0 0.0 -1.0 -1.0 -1.0 0.0 0.3396301796308926 0.33081920638692075 0.3295506139821868
9 634.0 0.0 -1.0 -1.0 -1.0 0.0 0.34632289333904404 0.33479280361109326 0.3188843030498627
9 635.0 0.0 -1.0 -1.0 -1.0 0.0 0.3226954221092057 0.3515405867263733 0.3257639911644209
9 636.0 0.0 -1.0 -1.0 -1.0 0.0 0.3329520993385417 0.34031463692745156 0.3267332637340068
9 637.0 0.0 -1.0 -1.0 -1.0 0.0 0.33108410293610263 0.3335099295536647 0.33540596751023266
9 638.0 0.0 -1.0 -1.0 -1.0 0.0 0.31576169177513025 0.35472819258235516 0.3295101156425146
9 639.0 0.0 -1.0 -1.0 -1.0 0.0 0.29993788894898693 0.3525949579478337 0.3474671531031794
9 640.0 0.0 -1.0 -1.0 -1.0 0.0 0.2983397271002154 0.35909994735699446 0.34256032554279015
9 641.0 0.0 -1.0 -1.0 -1.0 0.0 0.3124044594195704 0.3522222479484916 0.335373292631938
9 642.0 0.0 -1.0 -1.0 -1.0 0.0 0.30094703276561185 0.3241059138242508 0.37494705341013734
9 643.0 0.0 -1.0 -1.0 -1.0 0.0 0.3241311999445085 0.3562139960317466 0.3196548040237449
9 644.0 0.0 -1.0 -1.0 -1.0 0.0 0.3352238433653447 0.35085788388631234 0.31391827274834294
9 645.0 0.0 -1.0 -1.0 -1.0 0.0 0.32012129792122324 0.34791668927304037 0.3319620128057364
9 646.0 0.0 -1.0 -1.0 -1.0 0.0 0.3193182690883697 0.3310976151249995 0.3495841157866305
9 647.0 0.0 -1.0 -1.0 -1.0 0.0 0.3279577043375857 0.34224414486376775 0.32979815079864677
9 648.0 0.0 -1.0 -1.0 -1.0 0.0 0.34021807743532334 0.3070363475523733 0.3527455750123032
9 649.0 0.0 -1.0 -1.0 -1.0 0.0 0.32927295942282747 0.301167675980838 0.3695593645963344
9 650.0 0.0 -1.0 -1.0 -1.0 0.0 0.3500655692971447 0.3190989287427202 0.3308355019601351
9 651.0 0.0 -1.0 -1.0 -1.0 0.0 0.33918169371757523 0.3110860723748836 0.349732233907541
9 652.0 0.0 -1.0 -1.0 -1.0 0.0 0.31653526023832473 0.3369618123455521 0.34650292741612304
9 653.0 0.0 -1.0 -1.0 -1.0 0.0 0.3321975780227796 0.34124995855454676 0.32655246342267347
9 654.0 0.0 -1.0 -1.0 -1.0 0.0 0.3261803318810172 0.3359354079353548 0.33788426018362805
9 655.0 0.0 -1.0 -1.0 -1.0 0.0 0.3387320661302485 0.34395548579540863 0.3173124480743426
9 656.0 0.0 -1.0 -1.0 -1.0 0.0 0.37585326999759905 0.3239734230743042 0.30017330692809663
9 657.0 0.0 -1.0 -1.0 -1.0 0.0 0.40342388718090466 0.29599631864857057 0.3005797941705249
9 658.0 0.0 -1.0 -1.0 -1.0 0.0 0.3561886804430043 0.3080168047631857 0.3357945147938098
9 659.0 0.0 -1.0 -1.0 -1.0 0.0 0.3463592979673607 0.3330523821118191 0.32058831992082015
9 660.0 0.0 -1.0 -1.0 -1.0 0.0 0.34064999378048455 0.34683450513112135 0.3125155010883939
9 661.0 0.0 -1.0 -1.0 -1.0 0.0 0.35273450498584613 0.3361662710737533 0.3110992239404005
9 662.0 0.0 -1.0 -1.0 -1.0 0.0 0.3525591532135726 0.3081912447773902 0.33924960200903703
9 663.0 0.0 -1.0 -1.0 -1.0 0.0 0.34358639726789364 0.3223695283412716 0.33404407439083444
9 664.0 0.0 -1.0 -1.0 -1.0 0.0 0.3758703057040528 0.32663641930725695 0.2974932749886902
9 665.0 0.0 -1.0 -1.0 -1.0 0.0 0.37592626536034834 0.3281876225051367 0.2958861121345149
9 666.0 0.0 -1.0 -1.0 -1.0 0.0 0.3398704410337514 0.36370530047591976 0.2964242584903287
9 667.0 0.0 -1.0 -1.0 -1.0 0.0 0.3616806593903486 0.3419824334769694 0.2963369071326821
9 668.0 0.0 -1.0 -1.0 -1.0 0.0 0.34118051616691786 0.34657135517034804 0.3122481286627341
9 669.0 0.0 -1.0 -1.0 -1.0 0.0 0.33574082703130137 0.31793348808774907 0.34632568488094984
9 670.0 0.0 -1.0 -1.0 -1.0 0.0 0.3380513633607693 0.3142837105557817 0.34766492608344896
9 671.0 0.0 -1.0 -1.0 -1.0 0.0 0.36671058403006435 0.3075221704593434 0.32576724551059216
9 672.0 0.0 -1.0 -1.0 -1.0 0.0 0.35289400315501834 0.33079854617770993 0.31630745066727156
9 673.0 0.0 -1.0 -1.0 -1.0 0.0 0.3387856963365648 0.33910181056501804 0.32211249309841705
9 674.0 0.0 -1.0 -1.0 -1.0 0.0 0.3499926307961518 0.32372527309861554 0.3262820961052324
9 675.0 0.0 -1.0 -1.0 -1.0 0.0 0.3311463891690346 0.3259200537351605 0.34293355709580503
9 676.0 0.0 -1.0 -1.0 -1.0 0.0 0.3298676723122705 0.3368059144649841 0.33332641322274553
9 677.0 0.0 -1.0 -1.0 -1.0 0.0 0.31511702194356633 0.337364412414054 0.3475185656423795
9 678.0 0.0 -1.0 -1.0 -1.0 0.0 0.317812704546101 0.33166626384864467 0.35052103160525433
9 679.0 0.0 -1.0 -1.0 -1.0 0.0 0.33308103326824623 0.35106822869358195 0.3158507380381717
9 680.0 0.0 -1.0 -1.0 -1.0 0.0 0.3222986862926803 0.3561694442669371 0.3215318694403828
9 681.0 0.0 -1.0 -1.0 -1.0 0.0 0.3084371395095946 0.34453101540075287 0.3470318450896526
9 682.0 0.0 -1.0 -1.0 -1.0 0.0 0.3190162092187802 0.33028084613841263 0.35070294464280727
9 683.0 0.0 -1.0 -1.0 -1.0 0.0 0.3230852488102597 0.3351858487086597 0.34172890248108073
9 684.0 0.0 -1.0 -1.0 -1.0 0.0 0.3151642922150466 0.34574715328856015 0.3390885544963933
9 685.0 0.0 -1.0 -1.0 -1.0 0.0 0.3096971017743759 0.323898074250353 0.36640482397527097
9 686.0 0.0 -1.0 -1.0 -1.0 0.0 0.30032886232015465 0.3322420191195113 0.3674291185603341
9 687.0 0.0 -1.0 -1.0 -1.0 0.0 0.2955509070662157 0.34501993782980156 0.3594291551039827
9 688.0 0.0 -1.0 -1.0 -1.0 0.0 0.31734426775140245 0.34051935311375514 0.34213637913484257
9 689.0 0.0 -1.0 -1.0 -1.0 0.0 0.32735558172992285 0.34156489364396264 0.33107952462611456
9 690.0 0.0 -1.0 -1.0 -1.0 0.0 0.3474651906430809 0.33223579450590873 0.32029901485101037
9 691.0 0.0 -1.0 -1.0 -1.0 0.0 0.3592614941092578 0.33945002127881435 0.30128848461192786
9 692.0 0.0 -1.0 -1.0 -1.0 0.0 0.33231217798067375 0.35063004644393386 0.31705777557539216
9 693.0 0.0 -1.0 -1.0 -1.0 0.0 0.33193234112771386 0.34153439827944815 0.32653326059283794
9 694.0 0.0 -1.0 -1.0 -1.0 0.0 0.33123657507086834 0.35256411148989314 0.3161993134392385
9 695.0 0.0 -1.0 -1.0 -1.0 0.0 0.32599522678069187 0.35259156485497123 0.32141320836433707
9 696.0 0.0 -1.0 -1.0 -1.0 0.0 0.35015108226838854 0.32407840205408694 0.3257705156775246
9 697.0 0.0 -1.0 -1.0 -1.0 0.0 0.3324935194653911 0.3052414237423788 0.36226505679223014
9 698.0 0.0 -1.0 -1.0 -1.0 0.0 0.33957849171160914 0.30499878032780486 0.35542272796058616
9 699.0 0.0 -1.0 -1.0 -1.0 0.0 0.3469024305401996 0.30365743110889165 0.3494401383509087
9 700.0 0.0 -1.0 -1.0 -1.0 0.0 0.3345974208534452 0.31537716171545166 0.350025417431103
9 701.0 0.0 -1.0 -1.0 -1.0 0.0 0.32418787326481696 0.32388319371153346 0.3519289330236498
9 702.0 0.0 -1.0 -1.0 -1.0 0.0 0.3216874727154186 0.31118827378867364 0.36712425349590766
9 703.0 0.0 -1.0 -1.0 -1.0 0.0 0.3100934718785101 0.3271711642711868 0.3627353638503028
9 704.0 0.0 -1.0 -1.0 -1.0 0.0 0.3115738614956921 0.31222823355031787 0.37619790495399025
9 705.0 0.0 -1.0 -1.0 -1.0 0.0 0.3151895479824159 0.306770899529517 0.3780395524880669
9 706.0 0.0 -1.0 -1.0 -1.0 0.0 0.3266448827938324 0.29548759502204225 0.37786752218412545
9 707.0 0.0 -1.0 -1.0 -1.0 0.0 0.2725462015650186 0.3136311839531584 0.4138226144818231
9 708.0 0.0 -1.0 -1.0 -1.0 0.0 0.2832791521366493 0.3144709232828927 0.40224992458045805
9 709.0 0.0 -1.0 -1.0 -1.0 0.0 0.27269979045165876 0.32528402636202236 0.4020161831863189
9 710.0 0.0 -1.0 -1.0 -1.0 0.0 0.2857817916205442 0.3140892245538823 0.40012898382557344
9 711.0 0.0 -1.0 -1.0 -1.0 0.0 0.3186538054795432 0.3131315647670866 0.36821462975337016
9 712.0 0.0 -1.0 -1.0 -1.0 0.0 0.3210985972715339 0.3216160300202571 0.35728537270820915
9 713.0 0.0 -1.0 -1.0 -1.0 0.0 0.31915547166422154 0.30290699097201573 0.3779375373637627
9 714.0 0.0 -1.0 -1.0 -1.0 0.0 0.30072699843427725 0.308458162065582 0.39081483950014073
9 715.0 0.0 -1.0 -1.0 -1.0 0.0 0.2872567628654734 0.321467801717709 0.3912754354168176
9 716.0 0.0 -1.0 -1.0 -1.0 0.0 0.31428292999763036 0.3224194560639734 0.36329761393839627
9 717.0 0.0 -1.0 -1.0 -1.0 0.0 0.33078012461873785 0.3302067702462112 0.3390131051350509
9 718.0 0.0 -1.0 -1.0 -1.0 0.0 0.34001888374236666 0.3555651618409042 0.30441595441672886
9 719.0 0.0 -1.0 -1.0 -1.0 0.0 0.3371580536973777 0.36220781989922585 0.30063412640339626
9 720.0 0.0 -1.0 -1.0 -1.0 0.0 0.32664482925628696 0.36796391008154944 0.3053912606621634
9 721.0 0.0 -1.0 -1.0 -1.0 0.0 0.3341739974825531 0.38028444522256566 0.2855415572948814
9 722.0 0.0 -1.0 -1.0 -1.0 0.0 0.3144147301736946 0.3686984691363849 0.31688680068992037
9 723.0 0.0 -1.0 -1.0 -1.0 0.0 0.3038447182874649 0.3418075683825607 0.35434771332997433
9 724.0 0.0 -1.0 -1.0 -1.0 0.0 0.297171423465417 0.32165891257127455 0.38116966396330837
9 725.0 0.0 -1.0 -1.0 -1.0 0.0 0.2977596198025279 0.3259263259441802 0.37631405425329206
9 726.0 0.0 -1.0 -1.0 -1.0 0.0 0.3308420101789804 0.3144632782706132 0.3546947115504066
9 727.0 0.0 -1.0 -1.0 -1.0 0.0 0.31476777168084746 0.3219332541147209 0.3632989742044318
9 728.0 0.0 -1.0 -1.0 -1.0 0.0 0.31490312675996796 0.33297905794395755 0.35211781529607444
9 729.0 0.0 -1.0 -1.0 -1.0 0.0 0.30481112682455 0.33407567999035487 0.36111319318509516
9 730.0 0.0 -1.0 -1.0 -1.0 0.0 0.3243719207048787 0.3305594431676042 0.3450686361275167
9 731.0 0.0 -1.0 -1.0 -1.0 0.0 0.35261784990142375 0.33509681057109114 0.31228533952748505
9 732.0 0.0 -1.0 -1.0 -1.0 0.0 0.3359545769843128 0.3195387196576267 0.3445067033580604
9 733.0 0.0 -1.0 -1.0 -1.0 0.0 0.327489578756337 0.33109536278121326 0.34141505846244974
9 734.0 0.0 -1.0 -1.0 -1.0 0.0 0.34642396008617543 0.35000279093342784 0.30357324898039656
9 735.0 0.0 -1.0 -1.0 -1.0 0.0 0.33858462761272073 0.35059691802151677 0.31081845436576266
9 736.0 0.0 -1.0 -1.0 -1.0 0.0 0.3472665686245113 0.35979210379612214 0.29294132757936664
9 737.0 0.0 -1.0 -1.0 -1.0 0.0 0.3319463636044769 0.3455763286935912 0.32247730770193206
9 738.0 0.0 -1.0 -1.0 -1.0 0.0 0.30858986679461253 0.3370248843958841 0.3543852488095032
9 739.0 0.0 -1.0 -1.0 -1.0 0.0 0.3124719741967493 0.3415524909079181 0.34597553489533245
9 740.0 0.0 -1.0 -1.0 -1.0 0.0 0.3558271099025756 0.31772159198661487 0.32645129811080936
9 741.0 0.0 -1.0 -1.0 -1.0 0.0 0.33196376439675246 0.3304923926576824 0.337543842945565
9 742.0 0.0 -1.0 -1.0 -1.0 0.0 0.3380677914179847 0.3259543218506481 0.33597788673136725
9 743.0 0.0 -1.0 -1.0 -1.0 0.0 0.34385250967475556 0.34363664810980915 0.31251084221543535
9 744.0 0.0 -1.0 -1.0 -1.0 0.0 0.36100453698902163 0.34689421396889075 0.2921012490420876
9 745.0 0.0 -1.0 -1.0 -1.0 0.0 0.364493640818113 0.335668029242612 0.29983832993927484
9 746.0 0.0 -1.0 -1.0 -1.0 0.0 0.34327425653411864 0.3549282271085202 0.3017975163573612
9 747.0 0.0 -1.0 -1.0 -1.0 0.0 0.3633830878063133 0.3629264298160205 0.2736904823776662
9 748.0 0.0 -1.0 -1.0 -1.0 0.0 0.3507954596163978 0.37040972738771283 0.27879481299588954
9 749.0 0.0 -1.0 -1.0 -1.0 0.0 0.354778136793591 0.3794963333165615 0.2657255298898474
9 750.0 0.0 -1.0 -1.0 -1.0 0.0 0.35131175753373173 0.37738861442826943 0.2712996280379986
9 751.0 0.0 -1.0 -1.0 -1.0 0.0 0.32871242389656624 0.3675302641571052 0.30375731194632855
9 752.0 0.0 -1.0 -1.0 -1.0 0.0 0.3297839728192041 0.34818593932344954 0.3220300878573463
9 753.0 0.0 -1.0 -1.0 -1.0 0.0 0.33506122498094837 0.34306854384149815 0.3218702311775533
9 754.0 0.0 -1.0 -1.0 -1.0 0.0 0.32082597146462527 0.3416916793525235 0.33748234918285136
9 755.0 0.0 -1.0 -1.0 -1.0 0.0 0.3307765214023861 0.33485263706092966 0.33437084153668395
9 756.0 0.0 -1.0 -1.0 -1.0 0.0 0.34674300493187205 0.3382877085526609 0.31496928651546713
9 757.0 0.0 -1.0 -1.0 -1.0 0.0 0.34799367864159064 0.30411826724418267 0.34788805411422635
9 758.0 0.0 -1.0 -1.0 -1.0 0.0 0.33638935740773107 0.3207003543573921 0.34291028823487724
9 759.0 0.0 -1.0 -1.0 -1.0 0.0 0.3298996936124891 0.33209827681563214 0.3380020295718791
9 760.0 0.0 -1.0 -1.0 -1.0 0.0 0.34872293091724693 0.33342179757397616 0.317855271508777
9 761.0 0.0 -1.0 -1.0 -1.0 0.0 0.34944016407307565 0.33220817213172504 0.3183516637951993
9 762.0 0.0 -1.0 -1.0 -1.0 0.0 0.34212109209871244 0.33739657358604525 0.32048233431524226
9 763.0 0.0 -1.0 -1.0 -1.0 0.0 0.3353946062100473 0.34705092165014734 0.3175544721398055
9 764.0 0.0 -1.0 -1.0 -1.0 0.0 0.340545214243071 0.3586103875490241 0.3008443982079049
9 765.0 0.0 -1.0 -1.0 -1.0 0.0 0.34348417148268223 0.3387878933371 0.3177279351802175
9 766.0 0.0 -1.0 -1.0 -1.0 0.0 0.3530723964589959 0.3414310569148992 0.3054965466261046
9 767.0 0.0 -1.0 -1.0 -1.0 0.0 0.330125273981901 0.3436845850689045 0.3261901409491943
9 768.0 0.0 -1.0 -1.0 -1.0 0.0 0.3609016639901938 0.3502838384898704 0.28881449751993565
9 769.0 0.0 -1.0 -1.0 -1.0 0.0 0.3452543710657552 0.372193460247876 0.28255216868636895
9 770.0 0.0 -1.0 -1.0 -1.0 0.0 0.3318121500239877 0.3632708447634846 0.3049170052125276
9 771.0 0.0 -1.0 -1.0 -1.0 0.0 0.3545959913269005 0.35010905307414475 0.2952949555989546
9 772.0 0.0 -1.0 -1.0 -1.0 0.0 0.3641350306059719 0.3511726809045443 0.28469228848948364
9 773.0 0.0 -1.0 -1.0 -1.0 0.0 0.37787692746707563 0.36030416261157616 0.2618189099213484
9 774.0 0.0 -1.0 -1.0 -1.0 0.0 0.3739799890471724 0.35108450225817966 0.2749355086946479
9 775.0 0.0 -1.0 -1.0 -1.0 0.0 0.35434721079404047 0.3559969804609414 0.2896558087450182
9 776.0 0.0 -1.0 -1.0 -1.0 0.0 0.3436048981027197 0.3458887570250135 0.31050634487226664
9 777.0 0.0 -1.0 -1.0 -1.0 0.0 0.34638729532657175 0.326533307540468 0.32707939713296036
9 778.0 0.0 -1.0 -1.0 -1.0 0.0 0.32958405077403957 0.3271127855554461 0.3433031636705142
9 779.0 0.0 -1.0 -1.0 -1.0 0.0 0.30852134099306033 0.34340645716836316 0.3480722018385765
9 780.0 0.0 -1.0 -1.0 -1.0 0.0 0.31823744731252696 0.329417823901881 0.35234472878559225
9 781.0 0.0 -1.0 -1.0 -1.0 0.0 0.30944566577752897 0.32581673331956496 0.364737600902906
9 782.0 0.0 -1.0 -1.0 -1.0 0.0 0.3255938048228601 0.31572324530498574 0.3586829498721544
9 783.0 0.0 -1.0 -1.0 -1.0 0.0 0.3318191143872478 0.31066138664961884 0.3575194989631333
9 784.0 0.0 -1.0 -1.0 -1.0 0.0 0.3517048891033131 0.2873254137201645 0.36096969717652244
9 785.0 0.0 -1.0 -1.0 -1.0 0.0 0.3486113153812297 0.30084134468322793 0.3505473399355424
9 786.0 0.0 -1.0 -1.0 -1.0 0.0 0.3400135517423371 0.3228633571868889 0.3371230910707738
9 787.0 0.0 -1.0 -1.0 -1.0 0.0 0.3630398219053976 0.30716275634514956 0.32979742174945287
9 788.0 0.0 -1.0 -1.0 -1.0 0.0 0.3683981006172264 0.2883001285050406 0.3433017708777328
9 789.0 0.0 -1.0 -1.0 -1.0 0.0 0.3835798835896744 0.28891579610423473 0.327504320306091
9 790.0 0.0 -1.0 -1.0 -1.0 0.0 0.39001604759685954 0.26171181099057256 0.34827214141256774
9 791.0 0.0 -1.0 -1.0 -1.0 0.0 0.3828429786628594 0.26620654805305716 0.3509504732840833
9 792.0 0.0 -1.0 -1.0 -1.0 0.0 0.4027382925674738 0.28537425219176493 0.31188745524076156
9 793.0 0.0 -1.0 -1.0 -1.0 0.0 0.4134688892153377 0.28153866318124104 0.3049924476034214
9 794.0 0.0 -1.0 -1.0 -1.0 0.0 0.3626035038545424 0.3059999162805119 0.3313965798649459
9 795.0 0.0 -1.0 -1.0 -1.0 0.0 0.36726149943772796 0.30305753933514984 0.3296809612271221
9 796.0 0.0 -1.0 -1.0 -1.0 0.0 0.3467281026197518 0.3086880157441634 0.34458388163608483
9 797.0 0.0 -1.0 -1.0 -1.0 0.0 0.34331272261828105 0.30195141934160713 0.354735858040112
9 798.0 0.0 -1.0 -1.0 -1.0 0.0 0.3363649193950468 0.29203020568416116 0.37160487492079214
9 799.0 0.0 -1.0 -1.0 -1.0 0.0 0.34447606225354105 0.32539886228007775 0.3301250754663815
9 800.0 0.0 -1.0 -1.0 -1.0 0.0 0.35323828460352374 0.3380031874672943 0.3087585279291817
9 801.0 0.0 -1.0 -1.0 -1.0 0.0 0.3665701734994146 0.3124805688806024 0.3209492576199831
9 802.0 0.0 -1.0 -1.0 -1.0 0.0 0.33666078734713395 0.3278593805398992 0.3354798321129667
9 803.0 0.0 -1.0 -1.0 -1.0 0.0 0.3361133886938618 0.34018816683753417 0.32369844446860396
9 804.0 0.0 -1.0 -1.0 -1.0 0.0 0.2957161769966004 0.3631129653514397 0.34117085765195965
9 805.0 0.0 -1.0 -1.0 -1.0 0.0 0.3106247447731054 0.3758225918214738 0.3135526634054209
9 806.0 0.0 -1.0 -1.0 -1.0 0.0 0.33708693975298165 0.35353347226177634 0.3093795879852418
9 807.0 0.0 -1.0 -1.0 -1.0 0.0 0.3455973326218336 0.3767631198351017 0.2776395475430647
9 808.0 0.0 -1.0 -1.0 -1.0 0.0 0.36406773446413304 0.3533059386717302 0.28262632686413636
9 809.0 0.0 -1.0 -1.0 -1.0 0.0 0.36283444933105036 0.342029828503545 0.2951357221654045
9 810.0 0.0 -1.0 -1.0 -1.0 0.0 0.37046122232725426 0.33004447524500163 0.29949430242774444
9 811.0 0.0 -1.0 -1.0 -1.0 0.0 0.3866467549327697 0.31625605261149825 0.29709719245573235
9 812.0 0.0 -1.0 -1.0 -1.0 0.0 0.3788393372024961 0.3289675832449799 0.29219307955252377
9 813.0 0.0 -1.0 -1.0 -1.0 0.0 0.37754276358465766 0.3201597610452781 0.30229747537006385
9 814.0 0.0 -1.0 -1.0 -1.0 0.0 0.3743819446211721 0.32485469878960643 0.30076335658922143
9 815.0 0.0 -1.0 -1.0 -1.0 0.0 0.3647280634975503 0.3331107735655452 0.3021611629369043
9 816.0 0.0 -1.0 -1.0 -1.0 0.0 0.3500708497972303 0.3351952882887885 0.3147338619139809
9 817.0 0.0 -1.0 -1.0 -1.0 0.0 0.34279631854092263 0.31371404443859113 0.3434896370204859
9 818.0 0.0 -1.0 -1.0 -1.0 0.0 0.36244593764070465 0.2726045794495542 0.36494948290974144
9 819.0 0.0 -1.0 -1.0 -1.0 0.0 0.3313105796628601 0.30082467736750607 0.3678647429696339
9 820.0 0.0 -1.0 -1.0 -1.0 0.0 0.3076246755312817 0.34063747363764024 0.3517378508310783
9 821.0 0.0 -1.0 -1.0 -1.0 0.0 0.33148935406435437 0.3398959177820567 0.32861472815358916
9 822.0 0.0 -1.0 -1.0 -1.0 0.0 0.3548090336116516 0.3354585034938773 0.3097324628944711
9 823.0 0.0 -1.0 -1.0 -1.0 0.0 0.35149744510372744 0.31928196135746006 0.3292205935388127
9 824.0 0.0 -1.0 -1.0 -1.0 0.0 0.3697618326116066 0.31690262996464535 0.3133355374237479
9 825.0 0.0 -1.0 -1.0 -1.0 0.0 0.3825978271294903 0.2901868883645415 0.32721528450596826
9 826.0 0.0 -1.0 -1.0 -1.0 0.0 0.3586992543362614 0.3048857675373322 0.33641497812640664
9 827.0 0.0 -1.0 -1.0 -1.0 0.0 0.33283147432757576 0.30511531739050457 0.36205320828191967
9 828.0 0.0 -1.0 -1.0 -1.0 0.0 0.305037271097403 0.328599583329713 0.366363145572884
9 829.0 0.0 -1.0 -1.0 -1.0 0.0 0.3089802097706496 0.32575863894632595 0.3652611512830244
9 830.0 0.0 -1.0 -1.0 -1.0 0.0 0.2992650985252209 0.33724122383129057 0.36349367764348856
9 831.0 0.0 -1.0 -1.0 -1.0 0.0 0.3142800832063706 0.360798546508882 0.3249213702847475
9 832.0 0.0 -1.0 -1.0 -1.0 0.0 0.3187317142692048 0.3334244628372297 0.3478438228935656
9 833.0 0.0 -1.0 -1.0 -1.0 0.0 0.3306493625636079 0.31042441314248737 0.3589262242939047
9 834.0 0.0 -1.0 -1.0 -1.0 0.0 0.31215494171396757 0.3391469409730835 0.34869811731294903
9 835.0 0.0 -1.0 -1.0 -1.0 0.0 0.2832949730250323 0.35977058729994693 0.35693443967502075
9 836.0 0.0 -1.0 -1.0 -1.0 0.0 0.3058311474293444 0.3453802728981355 0.3487885796725202
9 837.0 0.0 -1.0 -1.0 -1.0 0.0 0.2934012987420337 0.3435737045943462 0.36302499666362026
9 838.0 0.0 -1.0 -1.0 -1.0 0.0 0.310234780589264 0.35209441277514825 0.3376708066355878
9 839.0 0.0 -1.0 -1.0 -1.0 0.0 0.33159550946725885 0.3605684091284377 0.3078360814043033
9 840.0 0.0 -1.0 -1.0 -1.0 0.0 0.3452305397558835 0.3612338871161487 0.2935355731279678
9 841.0 0.0 -1.0 -1.0 -1.0 0.0 0.3526910885345426 0.34582596272641064 0.30148294873904663
9 842.0 0.0 -1.0 -1.0 -1.0 0.0 0.33536088268310565 0.3386981374293206 0.3259409798875738
9 843.0 0.0 -1.0 -1.0 -1.0 0.0 0.31468288206791806 0.37085543850805147 0.3144616794240304
9 844.0 0.0 -1.0 -1.0 -1.0 0.0 0.30739830433870036 0.3704152774805787 0.322186418180721
9 845.0 0.0 -1.0 -1.0 -1.0 0.0 0.3227170426217226 0.3559342413943407 0.3213487159839367
9 846.0 0.0 -1.0 -1.0 -1.0 0.0 0.28690258398290747 0.38685851418908035 0.32623890182801196
9 847.0 0.0 -1.0 -1.0 -1.0 0.0 0.29832334333403243 0.3359896184857191 0.3656870381802485
9 848.0 0.0 -1.0 -1.0 -1.0 0.0 0.2911809212762331 0.34977561042861255 0.3590434682951544
9 849.0 0.0 -1.0 -1.0 -1.0 0.0 0.2591653027706666 0.3951198480407234 0.3457148491886102
9 850.0 0.0 -1.0 -1.0 -1.0 0.0 0.27471592023399605 0.35705432067444853 0.3682297590915555
9 851.0 0.0 -1.0 -1.0 -1.0 0.0 0.2959435463890894 0.3433313545658172 0.3607250990450935
9 852.0 0.0 -1.0 -1.0 -1.0 0.0 0.29856970047642506 0.3289232137212467 0.3725070858023283
9 853.0 0.0 -1.0 -1.0 -1.0 0.0 0.3285375175220494 0.32409521521951973 0.3473672672584307
9 854.0 0.0 -1.0 -1.0 -1.0 0.0 0.32090032538534047 0.34482525205299663 0.3342744225616628
9 855.0 0.0 -1.0 -1.0 -1.0 0.0 0.33400038243174285 0.3430974443311291 0.322902173237128
9 856.0 0.0 -1.0 -1.0 -1.0 0.0 0.3295030812171732 0.35094012026536037 0.3195567985174662
9 857.0 0.0 -1.0 -1.0 -1.0 0.0 0.33472725676323095 0.33966491573333085 0.325607827503438
9 858.0 0.0 -1.0 -1.0 -1.0 0.0 0.3517498167671775 0.3432187220420451 0.30503146119077756
9 859.0 0.0 -1.0 -1.0 -1.0 0.0 0.3346494208247114 0.3351288632704993 0.33022171590478927
9 860.0 0.0 -1.0 -1.0 -1.0 0.0 0.3403632821710429 0.3552258108811069 0.3044109069478501
9 861.0 0.0 -1.0 -1.0 -1.0 0.0 0.35252191865372906 0.32931894886142643 0.31815913248484445
9 862.0 0.0 -1.0 -1.0 -1.0 0.0 0.36358337503002647 0.3304475512553967 0.3059690737145769
9 863.0 0.0 -1.0 -1.0 -1.0 0.0 0.34825419230281457 0.3485473756013321 0.30319843209585323
9 864.0 0.0 -1.0 -1.0 -1.0 0.0 0.34783595110976784 0.35753435955773866 0.2946296893324934
9 865.0 0.0 -1.0 -1.0 -1.0 0.0 0.3485100406917477 0.33540212936072467 0.3160878299475276
9 866.0 0.0 -1.0 -1.0 -1.0 0.0 0.34758958422420305 0.3188442863516988 0.333566129424098
9 867.0 0.0 -1.0 -1.0 -1.0 0.0 0.3319367924429572 0.33549514901011884 0.3325680585469239
9 868.0 0.0 -1.0 -1.0 -1.0 0.0 0.31152348751536224 0.35308330612325567 0.33539320636138215
9 869.0 0.0 -1.0 -1.0 -1.0 0.0 0.2860880979993349 0.36296660374640455 0.35094529825426074
9 870.0 0.0 -1.0 -1.0 -1.0 0.0 0.30248625351966135 0.34436123181792555 0.3531525146624132
9 871.0 0.0 -1.0 -1.0 -1.0 0.0 0.3458769511116615 0.3341624398742855 0.319960609014053
9 872.0 0.0 -1.0 -1.0 -1.0 0.0 0.31186677426520065 0.3341454025904659 0.3539878231443335
9 873.0 0.0 -1.0 -1.0 -1.0 0.0 0.35493270964204643 0.30821119554948284 0.33685609480847084
9 874.0 0.0 -1.0 -1.0 -1.0 0.0 0.3557315765970064 0.30328669855517765 0.34098172484781586
9 875.0 0.0 -1.0 -1.0 -1.0 0.0 0.3328346258461123 0.3176201316269955 0.34954524252689245
9 876.0 0.0 -1.0 -1.0 -1.0 0.0 0.3708723387610249 0.29659303929688113 0.3325346219420941
9 877.0 0.0 -1.0 -1.0 -1.0 0.0 0.3671989814520661 0.3058468318465455 0.32695418670138865
9 878.0 0.0 -1.0 -1.0 -1.0 0.0 0.3665288191946223 0.3294307486617856 0.3040404321435921
9 879.0 0.0 -1.0 -1.0 -1.0 0.0 0.37132391041217516 0.3151818018901695 0.31349428769765536
9 880.0 0.0 -1.0 -1.0 -1.0 0.0 0.3755024637106636 0.31092681586524057 0.313570720424096
9 881.0 0.0 -1.0 -1.0 -1.0 0.0 0.3753064308484743 0.305852520084075 0.3188410490674508
9 882.0 0.0 -1.0 -1.0 -1.0 0.0 0.3751074958584332 0.29525478548281264 0.32963771865875413
9 883.0 0.0 -1.0 -1.0 -1.0 0.0 0.39030370157516164 0.29947626985592196 0.31022002856891656
9 884.0 0.0 -1.0 -1.0 -1.0 0.0 0.38927469722532665 0.29665291652566483 0.3140723862490086
9 885.0 0.0 -1.0 -1.0 -1.0 0.0 0.3594972730863113 0.30211258130331914 0.33839014561036973
9 886.0 0.0 -1.0 -1.0 -1.0 0.0 0.3490882004567645 0.32668818342175115 0.32422361612148426
9 887.0 0.0 -1.0 -1.0 -1.0 0.0 0.31705216150804183 0.3334770176987179 0.34947082079324054
9 888.0 0.0 -1.0 -1.0 -1.0 0.0 0.3034769393816674 0.34841736733749323 0.3481056932808395
9 889.0 0.0 -1.0 -1.0 -1.0 0.0 0.32841091745182077 0.34021920674882083 0.3313698757993584
9 890.0 0.0 -1.0 -1.0 -1.0 0.0 0.3273425581073434 0.3316791772455656 0.34097826464709124
9 891.0 0.0 -1.0 -1.0 -1.0 0.0 0.334170101095535 0.33452171863941743 0.3313081802650477
9 892.0 0.0 -1.0 -1.0 -1.0 0.0 0.33628632544334935 0.32986236312938017 0.3338513114272704
9 893.0 0.0 -1.0 -1.0 -1.0 0.0 0.33826320225088624 0.34627164210299044 0.31546515564612326
9 894.0 0.0 -1.0 -1.0 -1.0 0.0 0.3545548994229088 0.3132554073492044 0.3321896932278867
9 895.0 0.0 -1.0 -1.0 -1.0 0.0 0.35031970100804605 0.2852088012983777 0.36447149769357656
9 896.0 0.0 -1.0 -1.0 -1.0 0.0 0.34265640052314517 0.30650089241175416 0.35084270706510073
9 897.0 0.0 -1.0 -1.0 -1.0 0.0 0.3147821209368115 0.3230874163228967 0.36213046274029176
9 898.0 0.0 -1.0 -1.0 -1.0 0.0 0.3198017810245984 0.32842294073721734 0.3517752782381843
9 899.0 0.0 -1.0 -1.0 -1.0 0.0 0.3456088844731056 0.3213884548773322 0.33300266064956235
9 900.0 0.0 -1.0 -1.0 -1.0 0.0 0.3401330375290189 0.34251299832483534 0.31735396414614586
9 901.0 0.0 -1.0 -1.0 -1.0 0.0 0.31239781210901413 0.38470946201839035 0.3028927258725955
9 902.0 0.0 -1.0 -1.0 -1.0 0.0 0.33081421593073024 0.37037941187294676 0.2988063721963231
9 903.0 0.0 -1.0 -1.0 -1.0 0.0 0.33334920352334474 0.38107788019983935 0.2855729162768161
9 904.0 0.0 -1.0 -1.0 -1.0 0.0 0.33079539322379614 0.3656573907631714 0.3035472160130325
9 905.0 0.0 -1.0 -1.0 -1.0 0.0 0.3341001729379307 0.34815406615968336 0.3177457609023861
9 906.0 0.0 -1.0 -1.0 -1.0 0.0 0.31862292917030977 0.3440245484228702 0.33735252240682
9 907.0 0.0 -1.0 -1.0 -1.0 0.0 0.3064346692718542 0.36048637938460204 0.33307895134354387
9 908.0 0.0 -1.0 -1.0 -1.0 0.0 0.3322724537468482 0.3560622257799643 0.31166532047318724
9 909.0 0.0 -1.0 -1.0 -1.0 0.0 0.30756367548431807 0.37668891197091237 0.31574741254476973
9 910.0 0.0 -1.0 -1.0 -1.0 0.0 0.32902198872951066 0.3604361244183739 0.3105418868521153
9 911.0 0.0 -1.0 -1.0 -1.0 0.0 0.3421353012063966 0.31641368210936044 0.34145101668424305
9 912.0 0.0 -1.0 -1.0 -1.0 0.0 0.3383551048395514 0.31237148514842183 0.34927341001202644
9 913.0 0.0 -1.0 -1.0 -1.0 0.0 0.32617042701964466 0.3220846098485554 0.3517449631317997
9 914.0 0.0 -1.0 -1.0 -1.0 0.0 0.3425370360601471 0.3084404144136774 0.34902254952617556
9 915.0 0.0 -1.0 -1.0 -1.0 0.0 0.34496915825227625 0.30743777238117703 0.34759306936654677
9 916.0 0.0 -1.0 -1.0 -1.0 0.0 0.36447968105371514 0.3103641206075073 0.3251561983387776
9 917.0 0.0 -1.0 -1.0 -1.0 0.0 0.34502968884312046 0.3212537103793239 0.33371660077755555
9 918.0 0.0 -1.0 -1.0 -1.0 0.0 0.3400771461387941 0.3222274427845565 0.33769541107664935
9 919.0 0.0 -1.0 -1.0 -1.0 0.0 0.35327694736855614 0.31007018077965326 0.3366528718517906
9 920.0 0.0 -1.0 -1.0 -1.0 0.0 0.3663127473633365 0.29672768681473943 0.33695956582192416
9 921.0 0.0 -1.0 -1.0 -1.0 0.0 0.3346453168287333 0.32257119153853464 0.342783491632732
9 922.0 0.0 -1.0 -1.0 -1.0 0.0 0.3285293747831499 0.3257044100890176 0.34576621512783245
9 923.0 0.0 -1.0 -1.0 -1.0 0.0 0.3269894908561705 0.34071437217440104 0.33229613696942834
9 924.0 0.0 -1.0 -1.0 -1.0 0.0 0.3190449904661919 0.3668032595889543 0.31415174994485406
9 925.0 0.0 -1.0 -1.0 -1.0 0.0 0.3153339563884533 0.3402761896408871 0.34438985397065963
9 926.0 0.0 -1.0 -1.0 -1.0 0.0 0.3251228637572227 0.31938808349385694 0.3554890527489206
9 927.0 0.0 -1.0 -1.0 -1.0 0.0 0.3358703463249915 0.3055814887633839 0.3585481649116245
9 928.0 0.0 -1.0 -1.0 -1.0 0.0 0.29850201158342665 0.34279636535307995 0.35870162306349407
9 929.0 0.0 -1.0 -1.0 -1.0 0.0 0.31871978268547635 0.3380003386566135 0.34327987865791015
9 930.0 0.0 -1.0 -1.0 -1.0 0.0 0.3016337884817816 0.343405552893535 0.3549606586246835
9 931.0 0.0 -1.0 -1.0 -1.0 0.0 0.31115475350506494 0.35363435685648126 0.33521088963845375
9 932.0 0.0 -1.0 -1.0 -1.0 0.0 0.3355686824050344 0.3507704689336532 0.31366084866131216
9 933.0 0.0 -1.0 -1.0 -1.0 0.0 0.3151703800144767 0.35915493408350874 0.32567468590201437
9 934.0 0.0 -1.0 -1.0 -1.0 0.0 0.3120027029060125 0.34747086866795585 0.3405264284260317
9 935.0 0.0 -1.0 -1.0 -1.0 0.0 0.3399910462566769 0.3305119693906918 0.3294969843526311
9 936.0 0.0 -1.0 -1.0 -1.0 0.0 0.32810879154544276 0.32715962002229093 0.3447315884322662
9 937.0 0.0 -1.0 -1.0 -1.0 0.0 0.3333210089854839 0.30985387784533636 0.3568251131691798
9 938.0 0.0 -1.0 -1.0 -1.0 0.0 0.35456732331302193 0.3194652943363427 0.3259673823506352
9 939.0 0.0 -1.0 -1.0 -1.0 0.0 0.34961468127577333 0.3273733067906779 0.32301201193354845
9 940.0 0.0 -1.0 -1.0 -1.0 0.0 0.3461400780012279 0.30194288615622694 0.35191703584254536
9 941.0 0.0 -1.0 -1.0 -1.0 0.0 0.3490393476933973 0.29268922189384516 0.35827143041275744
9 942.0 0.0 -1.0 -1.0 -1.0 0.0 0.3440282195133556 0.30569959276205144 0.3502721877245929
9 943.0 0.0 -1.0 -1.0 -1.0 0.0 0.3341726584333017 0.3124117830802776 0.3534155584864206
9 944.0 0.0 -1.0 -1.0 -1.0 0.0 0.32890746599665527 0.3267502089192935 0.34434232508405144
9 945.0 0.0 -1.0 -1.0 -1.0 0.0 0.331262923406398 0.3205378418784913 0.34819923471511094
9 946.0 0.0 -1.0 -1.0 -1.0 0.0 0.3273769473955468 0.31117973079725525 0.361443321807198
9 947.0 0.0 -1.0 -1.0 -1.0 0.0 0.3308809991838684 0.32132463188567106 0.34779436893046034
9 948.0 0.0 -1.0 -1.0 -1.0 0.0 0.3068636860506182 0.3193773899312074 0.37375892401817445
9 949.0 0.0 -1.0 -1.0 -1.0 0.0 0.32466250699273475 0.34287674033990956 0.33246075266735553
9 950.0 0.0 -1.0 -1.0 -1.0 0.0 0.3475528467479686 0.33145516389977275 0.3209919893522586
9 951.0 0.0 -1.0 -1.0 -1.0 0.0 0.3348054702242461 0.32963800667925064 0.33555652309650336
9 952.0 0.0 -1.0 -1.0 -1.0 0.0 0.30700117163744456 0.35981170031583104 0.3331871280467242
9 953.0 0.0 -1.0 -1.0 -1.0 0.0 0.33829294155986184 0.3230683156502556 0.33863874278988265
9 954.0 0.0 -1.0 -1.0 -1.0 0.0 0.35867399642790615 0.3289407769060404 0.3123852266660533
9 955.0 0.0 -1.0 -1.0 -1.0 0.0 0.3407185913631525 0.3358874592740218 0.32339394936282573
9 956.0 0.0 -1.0 -1.0 -1.0 0.0 0.3447272936557492 0.33327270094806843 0.32200000539618195
9 957.0 0.0 -1.0 -1.0 -1.0 0.0 0.3470615523758964 0.3397950233140804 0.31314342431002273
9 958.0 0.0 -1.0 -1.0 -1.0 0.0 0.3316690873298156 0.3555284809812305 0.3128024316889537
9 959.0 0.0 -1.0 -1.0 -1.0 0.0 0.34893393901440467 0.3445220361304041 0.30654402485519117
9 960.0 0.0 -1.0 -1.0 -1.0 0.0 0.35374692574821026 0.36563453314599637 0.2806185411057934
9 961.0 0.0 -1.0 -1.0 -1.0 0.0 0.342324449647096 0.34985598061792333 0.30781956973498054
9 962.0 0.0 -1.0 -1.0 -1.0 0.0 0.3435948724421964 0.3542396630555424 0.30216546450226156
9 963.0 0.0 -1.0 -1.0 -1.0 0.0 0.3244967288141718 0.3525093775252819 0.3229938936605465
9 964.0 0.0 -1.0 -1.0 -1.0 0.0 0.3398780796151854 0.3577685357757914 0.30235338460902333
9 965.0 0.0 -1.0 -1.0 -1.0 0.0 0.33812930752468406 0.3358633626882171 0.326007329787099
9 966.0 0.0 -1.0 -1.0 -1.0 0.0 0.3631277266515074 0.29666134913634795 0.3402109242121446
9 967.0 0.0 -1.0 -1.0 -1.0 0.0 0.3515217399405672 0.30816083610352807 0.3403174239559047
9 968.0 0.0 -1.0 -1.0 -1.0 0.0 0.33504546583057077 0.3308377290428542 0.33411680512657504
9 969.0 0.0 -1.0 -1.0 -1.0 0.0 0.31546966628934386 0.36810480897939796 0.3164255247312581
9 970.0 0.0 -1.0 -1.0 -1.0 0.0 0.32616566958929805 0.3722236795757006 0.3016106508350014
9 971.0 0.0 -1.0 -1.0 -1.0 0.0 0.3544470236738985 0.356421104412839 0.2891318719132625
9 972.0 0.0 -1.0 -1.0 -1.0 0.0 0.34111632159900507 0.36937360666669256 0.2895100717343022
9 973.0 0.0 -1.0 -1.0 -1.0 0.0 0.3308186709465006 0.3660222292527828 0.3031590998007168
9 974.0 0.0 -1.0 -1.0 -1.0 0.0 0.3337207493192908 0.3374431523191388 0.32883609836157035
9 975.0 0.0 -1.0 -1.0 -1.0 0.0 0.3478651781461407 0.3194148342400802 0.3327199876137791
9 976.0 0.0 -1.0 -1.0 -1.0 0.0 0.3370585152672028 0.3207190657191624 0.3422224190136347
9 977.0 0.0 -1.0 -1.0 -1.0 0.0 0.33209945019279563 0.3162380082519439 0.3516625415552605
9 978.0 0.0 -1.0 -1.0 -1.0 0.0 0.3260640995596467 0.3316923690782817 0.3422435313620715
9 979.0 0.0 -1.0 -1.0 -1.0 0.0 0.3173326526086411 0.33419377429633224 0.3484735730950269
9 980.0 0.0 -1.0 -1.0 -1.0 0.0 0.3141588422012013 0.32282722297890515 0.3630139348198936
9 981.0 0.0 -1.0 -1.0 -1.0 0.0 0.326382931152754 0.3238794110891282 0.3497376577581173
9 982.0 0.0 -1.0 -1.0 -1.0 0.0 0.35088053825814236 0.3034981710901869 0.34562129065167063
9 983.0 0.0 -1.0 -1.0 -1.0 0.0 0.3332227344164154 0.30600521952672455 0.36077204605686
9 984.0 0.0 -1.0 -1.0 -1.0 0.0 0.33165329040735486 0.299901082245006 0.3684456273476393
9 985.0 0.0 -1.0 -1.0 -1.0 0.0 0.3458135739444835 0.276357946696546 0.3778284793589704
9 986.0 0.0 -1.0 -1.0 -1.0 0.0 0.3435380626565132 0.2716290338972458 0.3848329034462411
9 987.0 0.0 -1.0 -1.0 -1.0 0.0 0.3365871426725729 0.2937747063103091 0.3696381510171177
9 988.0 0.0 -1.0 -1.0 -1.0 0.0 0.37402251879122284 0.29346963731482434 0.33250784389395294
9 989.0 0.0 -1.0 -1.0 -1.0 0.0 0.35003229446369566 0.3211866004631672 0.3287811050731371
9 990.0 0.0 -1.0 -1.0 -1.0 0.0 0.339460032318136 0.3214414041102298 0.33909856357163404
9 991.0 0.0 -1.0 -1.0 -1.0 0.0 0.31268754984575065 0.30111190879004557 0.38620054136420356
9 992.0 0.0 -1.0 -1.0 -1.0 0.0 0.331616728581452 0.2914492663520377 0.37693400506651015
9 993.0 0.0 -1.0 -1.0 -1.0 0.0 0.3378281436651917 0.2925350211120455 0.36963683522276275
9 994.0 0.0 -1.0 -1.0 -1.0 0.0 0.36195672304662624 0.29972471107928794 0.33831856587408604
9 995.0 0.0 -1.0 -1.0 -1.0 0.0 0.3563048127506271 0.32058868699875404 0.32310650025061904
9 996.0 0.0 -1.0 -1.0 -1.0 0.0 0.38478707682582575 0.3001390406893256 0.3150738824848485
9 997.0 0.0 -1.0 -1.0 -1.0 0.0 0.3617303928064519 0.31648661433914016 0.32178299285440787
9 998.0 0.0 -1.0 -1.0 -1.0 0.0 0.3571838586569487 0.30496142841688384 0.33785471292616753
9 999.0 0.0 -1.0 -1.0 -1.0 0.0 0.3683344046274263 0.3103395002565732 0.3213260951160005
9 1000.0 0.0 -1.0 -1.0 -1.0 0.0 0.36128487689284433 0.313171226874638 0.3255438962325179
1000000000000000000000000000000000000000000000000000000000000000000000000000000000000000000000000000
-1.0
solo con 1: -100.0
