9 0.0 38.0 -39.0 -160.0 -86.04 48.37102396679193 0.3333333333333333 0.3333333333333333 0.3333333333333333
9 1.0 38.0 -39.0 -160.0 -74.42 45.07057989106831 0.34374535399721906 0.2689030348046033 0.38735161119817785
9 2.0 25.0 -35.0 -155.0 -57.9 32.34020545526712 0.32137328170034857 0.22577472050612798 0.45285199779352375
9 3.0 79.0 -33.0 -154.0 -49.51 23.199396979275566 0.3054733918591679 0.19506611985664776 0.49946048828418443
9 4.0 89.0 -29.0 -151.0 -44.61 18.35337472064371 0.2760027568048063 0.17247219459351662 0.5515250486016771
9 5.0 89.0 -27.0 -149.0 -41.63 18.732381621462906 0.23785887277878792 0.1685682597381054 0.5935728674831067
9 6.0 10.0 -24.0 -149.0 -38.91 19.14331647485789 0.21684479406822443 0.15468638182024871 0.6284688241115269
9 7.0 5.0 -23.0 -148.0 -34.56 16.600060849346914 0.199648080918859 0.14004672731446635 0.6603051917666747
9 8.0 50.0 -22.0 -147.0 -31.0 16.68604933542516 0.1884873532770369 0.12848090067623194 0.6830317460467309
9 9.0 19.0 -20.0 -145.0 -28.18 16.75514695533732 0.17512420531800468 0.12732021424501572 0.6975555804369794
9 10.0 1.0 -19.0 -145.0 -26.49 17.02256078730741 0.17540230374121035 0.10870467834165845 0.7158930179171317
9 11.0 76.0 -16.0 -144.0 -23.29 12.61896520433759 0.15902646508092233 0.10772006714398188 0.7332534677750963
9 12.0 76.0 -16.0 -144.0 -21.72 12.766021820885046 0.14333734237424214 0.10027172220416115 0.7563909354215967
9 13.0 49.0 -14.0 -143.0 -19.75 12.607016644982613 0.14321802117348897 0.10960621520344686 0.7471757636230643
9 14.0 48.0 -12.0 -143.0 -17.78 12.8011836573929 0.13636965353162994 0.10481415916750109 0.758816187300869
9 15.0 55.0 -11.0 -143.0 -16.16 12.933958122990532 0.13834544229532902 0.11834706413610327 0.7433074935685675
9 16.0 10.0 -10.0 -142.0 -14.63 13.003228037450524 0.11108137820950732 0.11823113826183845 0.7706874835286541
9 17.0 70.0 -8.0 -142.0 -13.27 13.127852263432317 0.13163018260083648 0.11060964942438602 0.7577601679747772
9 18.0 68.0 -6.0 -142.0 -11.82 13.274400060631628 0.10971501572995077 0.11818532055109872 0.7720996637189501
9 19.0 15.0 -5.0 -142.0 -10.26 13.45446491922389 0.1185714418981364 0.1129571053014728 0.7684714528003909
9 20.0 38.0 -3.0 -25.0 -7.67 2.6668749918626156 0.11991656862699243 0.1117239365962188 0.7683594947767886
9 21.0 75.0 -2.0 -25.0 -6.44 2.6716619879351837 0.1205527356362693 0.12721325032665473 0.7522340140370762
9 22.0 20.0 -2.0 -16.0 -5.09 2.0748372213138793 0.11894399298379821 0.11937573896304327 0.7616802680531585
9 23.0 0.0 -2.0 -16.0 -4.04 1.9065013702453701 0.11625327164836827 0.10751924030733757 0.7762274880442942
9 24.0 9.0 -1.0 -15.0 -3.14 1.7116357584769522 0.12206136215998703 0.11968456100010381 0.7582540768399094
9 25.0 6.0 -1.0 -15.0 -2.46 1.566183033023054 0.15439387886357694 0.11854231376011554 0.7270638073763075
9 26.0 2.0 -1.0 -15.0 -2.06 1.523021982637139 0.19668136773850478 0.13883964522389858 0.6644789870375968
9 27.0 0.0 -1.0 -15.0 -1.65 1.4728176802279098 0.1819439919019249 0.15263448082028375 0.6654215272777912
9 28.0 0.0 -1.0 -15.0 -1.37 1.467871406032035 0.18725173422439473 0.1813162119219334 0.6314320538536717
9 29.0 0.0 -1.0 -15.0 -1.24 1.4292754398044782 0.21524603083133617 0.2228468776088118 0.5619070915598521
9 30.0 0.0 -1.0 -3.0 -1.05 0.2611164839335473 0.2823981954999698 0.21944793166978557 0.4981538728302447
9 31.0 0.0 -1.0 -2.0 -1.04 0.19694638556693217 0.2982377418587059 0.24498192728930543 0.4567803308519885
9 32.0 0.0 -1.0 -2.0 -1.03 0.17144660799776518 0.3319212949492638 0.26147477535857444 0.4066039296921619
9 33.0 0.0 -1.0 -2.0 -1.01 0.1 0.35055636588978895 0.2671901979074027 0.3822534362028084
9 34.0 0.0 -1.0 -2.0 -1.01 0.1 0.3225928345850681 0.2930016591945533 0.38440550622037856
9 35.0 0.0 -1.0 -2.0 -1.01 0.1 0.32966278600108084 0.2896281841060834 0.38070902989283584
9 36.0 0.0 -1.0 -1.0 -1.0 0.0 0.33683459261440474 0.2858338391750919 0.37733156821050357
9 37.0 0.0 -1.0 -1.0 -1.0 0.0 0.33441452197139654 0.2954237376587358 0.3701617403698678
9 38.0 0.0 -1.0 -1.0 -1.0 0.0 0.32017262026241916 0.287125175651352 0.39270220408622875
9 39.0 0.0 -1.0 -1.0 -1.0 0.0 0.3180328438743522 0.29164351250064247 0.3903236436250051
9 40.0 0.0 -1.0 -1.0 -1.0 0.0 0.32646514809314686 0.31401730816513507 0.35951754374171807
9 41.0 0.0 -1.0 -1.0 -1.0 0.0 0.3183919549238395 0.3107457119854075 0.3708623330907531
9 42.0 0.0 -1.0 -1.0 -1.0 0.0 0.3303198878483822 0.33393085853688964 0.3357492536147281
9 43.0 0.0 -1.0 -1.0 -1.0 0.0 0.3330192675483403 0.3262721833139356 0.34070854913772414
9 44.0 0.0 -1.0 -1.0 -1.0 0.0 0.32951269941908456 0.322810795699788 0.34767650488112756
9 45.0 0.0 -1.0 -1.0 -1.0 0.0 0.3196232103629127 0.33363590675669275 0.34674088288039456
9 46.0 0.0 -1.0 -1.0 -1.0 0.0 0.33355807751601857 0.34415263535963736 0.3222892871243439
9 47.0 0.0 -1.0 -1.0 -1.0 0.0 0.32898186018028974 0.3434553785523643 0.32756276126734585
9 48.0 0.0 -1.0 -1.0 -1.0 0.0 0.3412417077555039 0.3193935735819286 0.3393647186625672
9 49.0 0.0 -1.0 -1.0 -1.0 0.0 0.3309258544208028 0.35901778083802405 0.31005636474117293
9 50.0 0.0 -1.0 -1.0 -1.0 0.0 0.3294314387201016 0.3749364414629215 0.29563211981697707
9 51.0 0.0 -1.0 -1.0 -1.0 0.0 0.2996270140849672 0.3982748599353373 0.30209812597969576
9 52.0 0.0 -1.0 -1.0 -1.0 0.0 0.32983374768636614 0.3632606532943189 0.3069055990193149
9 53.0 0.0 -1.0 -1.0 -1.0 0.0 0.3353643927079275 0.3355699879414212 0.32906561935065143
9 54.0 0.0 -1.0 -1.0 -1.0 0.0 0.34147556327216655 0.3234810051048498 0.3350434316229838
9 55.0 0.0 -1.0 -1.0 -1.0 0.0 0.3178570897185725 0.34225531524906366 0.33988759503236365
9 56.0 0.0 -1.0 -1.0 -1.0 0.0 0.3507278676100258 0.31696102913027385 0.3323111032597004
9 57.0 0.0 -1.0 -1.0 -1.0 0.0 0.3643002707964551 0.28782906746275716 0.3478706617407877
9 58.0 0.0 -1.0 -1.0 -1.0 0.0 0.3803709539308743 0.2638047016732487 0.35582434439587696
9 59.0 0.0 -1.0 -1.0 -1.0 0.0 0.38480725355819906 0.29011160735482966 0.3250811390869714
9 60.0 0.0 -1.0 -1.0 -1.0 0.0 0.3951942693215799 0.28265235886203 0.3221533718163899
9 61.0 0.0 -1.0 -1.0 -1.0 0.0 0.3861149298781155 0.2936542506073255 0.32023081951455906
9 62.0 0.0 -1.0 -1.0 -1.0 0.0 0.3662001409685843 0.3043892654969476 0.32941059353446817
9 63.0 0.0 -1.0 -1.0 -1.0 0.0 0.33150406804157734 0.30870099344841306 0.35979493851000943
9 64.0 0.0 -1.0 -1.0 -1.0 0.0 0.31330276465624274 0.3139370595488274 0.3727601757949301
9 65.0 0.0 -1.0 -1.0 -1.0 0.0 0.3021606393233209 0.3373427015826971 0.3604966590939822
9 66.0 0.0 -1.0 -1.0 -1.0 0.0 0.3476094339816597 0.30885334246982593 0.3435372235485144
9 67.0 0.0 -1.0 -1.0 -1.0 0.0 0.35075885015364056 0.3157459887307806 0.3334951611155793
9 68.0 0.0 -1.0 -1.0 -1.0 0.0 0.3564040906330002 0.30586578760818334 0.33773012175881645
9 69.0 0.0 -1.0 -1.0 -1.0 0.0 0.37296518765692327 0.28853329932020133 0.3385015130228758
9 70.0 0.0 -1.0 -1.0 -1.0 0.0 0.3747269109378512 0.2801106221429544 0.34516246691919455
9 71.0 0.0 -1.0 -1.0 -1.0 0.0 0.3880246011366513 0.274555592151543 0.33741980671180566
9 72.0 0.0 -1.0 -1.0 -1.0 0.0 0.38372637883818767 0.28890198182643373 0.32737163933537866
9 73.0 0.0 -1.0 -1.0 -1.0 0.0 0.40029845301282657 0.28646325684774593 0.3132382901394277
9 74.0 0.0 -1.0 -1.0 -1.0 0.0 0.3967928647389107 0.3140921277958015 0.2891150074652882
9 75.0 0.0 -1.0 -1.0 -1.0 0.0 0.3606170635396318 0.3307992021550891 0.3085837343052787
9 76.0 0.0 -1.0 -1.0 -1.0 0.0 0.3555219063140205 0.3275993331583162 0.3168787605276636
9 77.0 0.0 -1.0 -1.0 -1.0 0.0 0.343910946049645 0.3209585855540468 0.33513046839630817
9 78.0 0.0 -1.0 -1.0 -1.0 0.0 0.3449501707235008 0.3462170882657174 0.30883274101078195
9 79.0 0.0 -1.0 -1.0 -1.0 0.0 0.3520390442528155 0.32707054980925 0.32089040593793433
9 80.0 0.0 -1.0 -1.0 -1.0 0.0 0.3434497700256722 0.3197229337026187 0.336827296271709
9 81.0 0.0 -1.0 -1.0 -1.0 0.0 0.33863355183673044 0.3319515227355566 0.32941492542771267
9 82.0 0.0 -1.0 -1.0 -1.0 0.0 0.3334185824450844 0.3383998982490936 0.3281815193058217
9 83.0 0.0 -1.0 -1.0 -1.0 0.0 0.30195096296975565 0.34164379614255536 0.35640524088768905
9 84.0 0.0 -1.0 -1.0 -1.0 0.0 0.3050118320204795 0.35336175132692565 0.34162641665259486
9 85.0 0.0 -1.0 -1.0 -1.0 0.0 0.33364322559451215 0.3414091882939448 0.3249475861115429
9 86.0 0.0 -1.0 -1.0 -1.0 0.0 0.33694568964954685 0.3474366867359268 0.31561762361452617
9 87.0 0.0 -1.0 -1.0 -1.0 0.0 0.33255902258146075 0.33108158657114134 0.3363593908473982
9 88.0 0.0 -1.0 -1.0 -1.0 0.0 0.31507357181210255 0.34634438987649835 0.33858203831139916
9 89.0 0.0 -1.0 -1.0 -1.0 0.0 0.32402975300003156 0.35082152557497137 0.3251487214249969
9 90.0 0.0 -1.0 -1.0 -1.0 0.0 0.33513738557979705 0.3587855277385233 0.30607708668167954
9 91.0 0.0 -1.0 -1.0 -1.0 0.0 0.35473352236291356 0.3539301971834155 0.291336280453671
9 92.0 0.0 -1.0 -1.0 -1.0 0.0 0.3649944345074736 0.33501817223539354 0.29998739325713303
9 93.0 0.0 -1.0 -1.0 -1.0 0.0 0.36251944295677513 0.34316352949664947 0.29431702754657524
9 94.0 0.0 -1.0 -1.0 -1.0 0.0 0.3418209899618389 0.3506298142729707 0.3075491957651904
9 95.0 0.0 -1.0 -1.0 -1.0 0.0 0.3387353822704785 0.3299864655009413 0.3312781522285802
9 96.0 0.0 -1.0 -1.0 -1.0 0.0 0.33639508372718907 0.329171732990634 0.33443318328217686
9 97.0 0.0 -1.0 -1.0 -1.0 0.0 0.30626639719460996 0.34473826708917943 0.3489953357162105
9 98.0 0.0 -1.0 -1.0 -1.0 0.0 0.3305576697788373 0.33911804066308887 0.33032428955807347
9 99.0 0.0 -1.0 -1.0 -1.0 0.0 0.32670580253905784 0.3452200589553012 0.3280741385056409
9 100.0 0.0 -1.0 -1.0 -1.0 0.0 0.3306994471159308 0.3633982694219111 0.3059022834621578
9 101.0 0.0 -1.0 -1.0 -1.0 0.0 0.3499071501323418 0.33314207301484033 0.3169507768528177
9 102.0 0.0 -1.0 -1.0 -1.0 0.0 0.3271670008981187 0.3400807001801312 0.33275229892175007
9 103.0 0.0 -1.0 -1.0 -1.0 0.0 0.3110785838483697 0.351998481032413 0.3369229351192174
9 104.0 0.0 -1.0 -1.0 -1.0 0.0 0.3106469860948746 0.34366070583381947 0.3456923080713061
9 105.0 0.0 -1.0 -1.0 -1.0 0.0 0.29767637823621756 0.3579413399195387 0.3443822818442435
9 106.0 0.0 -1.0 -1.0 -1.0 0.0 0.2906140908845917 0.3598224879363018 0.3495634211791067
9 107.0 0.0 -1.0 -1.0 -1.0 0.0 0.3098497515965424 0.33147392000283665 0.3586763284006209
9 108.0 0.0 -1.0 -1.0 -1.0 0.0 0.335513512422686 0.2851453827735706 0.3793411048037432
9 109.0 0.0 -1.0 -1.0 -1.0 0.0 0.33227245098268715 0.2875042481626867 0.38022330085462597
9 110.0 0.0 -1.0 -1.0 -1.0 0.0 0.3091387900718202 0.31320230262454557 0.3776589073036345
9 111.0 0.0 -1.0 -1.0 -1.0 0.0 0.3251350517994884 0.2863255341059908 0.38853941409452103
9 112.0 0.0 -1.0 -1.0 -1.0 0.0 0.33155847374295716 0.2925857538509183 0.3758557724061245
9 113.0 0.0 -1.0 -1.0 -1.0 0.0 0.3335430786295636 0.2829935797383787 0.38346334163205753
9 114.0 0.0 -1.0 -1.0 -1.0 0.0 0.32418971180418166 0.3055049483110709 0.37030533988474756
9 115.0 0.0 -1.0 -1.0 -1.0 0.0 0.33860816556390233 0.29666686021747757 0.3647249742186199
9 116.0 0.0 -1.0 -1.0 -1.0 0.0 0.3454460677665757 0.31420611579042357 0.34034781644300083
9 117.0 0.0 -1.0 -1.0 -1.0 0.0 0.3227720182547592 0.34901483361434954 0.32821314813089103
9 118.0 0.0 -1.0 -1.0 -1.0 0.0 0.3481082743094936 0.34144799384684404 0.3104437318436625
9 119.0 0.0 -1.0 -1.0 -1.0 0.0 0.36871903842503817 0.32757570586354895 0.3037052557114128
9 120.0 0.0 -1.0 -1.0 -1.0 0.0 0.3439322292304399 0.34512647625332604 0.3109412945162341
9 121.0 0.0 -1.0 -1.0 -1.0 0.0 0.3560339362189903 0.330650248843468 0.3133158149375416
9 122.0 0.0 -1.0 -1.0 -1.0 0.0 0.35116259193346444 0.3445842756401455 0.3042531324263901
9 123.0 0.0 -1.0 -1.0 -1.0 0.0 0.3431933873268233 0.32302869972091663 0.33377791295226006
9 124.0 0.0 -1.0 -1.0 -1.0 0.0 0.3338398544481681 0.3407599378490211 0.3254002077028108
9 125.0 0.0 -1.0 -1.0 -1.0 0.0 0.3394571593143693 0.3622174186355773 0.2983254220500533
9 126.0 0.0 -1.0 -1.0 -1.0 0.0 0.3100852976042781 0.3847702864936955 0.30514441590202634
9 127.0 0.0 -1.0 -1.0 -1.0 0.0 0.31019845165001764 0.39158112331663786 0.29822042503334456
9 128.0 0.0 -1.0 -1.0 -1.0 0.0 0.32888371348217044 0.3858135544091834 0.28530273210864615
9 129.0 0.0 -1.0 -1.0 -1.0 0.0 0.33398765259038304 0.3727851503119568 0.29322719709765993
9 130.0 0.0 -1.0 -1.0 -1.0 0.0 0.33151044625158 0.3633069054210037 0.305182648327416
9 131.0 0.0 -1.0 -1.0 -1.0 0.0 0.32037491629877146 0.35520420078634646 0.32442088291488197
9 132.0 0.0 -1.0 -1.0 -1.0 0.0 0.3329203258419398 0.35380900101337787 0.3132706731446826
9 133.0 0.0 -1.0 -1.0 -1.0 0.0 0.33412397226664636 0.3557596777206033 0.31011635001275023
9 134.0 0.0 -1.0 -1.0 -1.0 0.0 0.3655682018368971 0.3176727827474492 0.316759015415654
9 135.0 0.0 -1.0 -1.0 -1.0 0.0 0.34247162654060725 0.34115538601173845 0.3163729874476544
9 136.0 0.0 -1.0 -1.0 -1.0 0.0 0.32339670532586445 0.33055811974098737 0.3460451749331479
9 137.0 0.0 -1.0 -1.0 -1.0 0.0 0.32281734663516753 0.33901213066321895 0.33817052270161363
9 138.0 0.0 -1.0 -1.0 -1.0 0.0 0.3015285694167795 0.3505914486969586 0.3478799818862616
9 139.0 0.0 -1.0 -1.0 -1.0 0.0 0.28054958262654106 0.3862159091066393 0.33323450826681933
9 140.0 0.0 -1.0 -1.0 -1.0 0.0 0.30644581640688556 0.3716912638680114 0.32186291972510317
9 141.0 0.0 -1.0 -1.0 -1.0 0.0 0.31080354736612376 0.3519830320077738 0.3372134206261025
9 142.0 0.0 -1.0 -1.0 -1.0 0.0 0.3232951327784723 0.34094973002719725 0.3357551371943304
9 143.0 0.0 -1.0 -1.0 -1.0 0.0 0.30361452879827827 0.33197006868191187 0.36441540251980997
9 144.0 0.0 -1.0 -1.0 -1.0 0.0 0.3006036418765757 0.33315564226974137 0.3662407158536829
9 145.0 0.0 -1.0 -1.0 -1.0 0.0 0.30334657783138413 0.34060422095005216 0.35604920121856365
9 146.0 0.0 -1.0 -1.0 -1.0 0.0 0.29806523229548615 0.3433819505666429 0.3585528171378709
9 147.0 0.0 -1.0 -1.0 -1.0 0.0 0.3002161491914736 0.3359980656337506 0.36378578517477583
9 148.0 0.0 -1.0 -1.0 -1.0 0.0 0.2981242878104895 0.33525480640896005 0.3666209057805505
9 149.0 0.0 -1.0 -1.0 -1.0 0.0 0.28773913075484797 0.35662941032626144 0.3556314589188908
9 150.0 0.0 -1.0 -1.0 -1.0 0.0 0.3143569985574969 0.3345612552561984 0.3510817461863048
9 151.0 0.0 -1.0 -1.0 -1.0 0.0 0.33543870978673956 0.32012888726212657 0.344432402951134
9 152.0 0.0 -1.0 -1.0 -1.0 0.0 0.31289464580586457 0.33041302834917086 0.35669232584496463
9 153.0 0.0 -1.0 -1.0 -1.0 0.0 0.32955300616866645 0.3162114387974268 0.3542355550339067
9 154.0 0.0 -1.0 -1.0 -1.0 0.0 0.3466514642577493 0.3143879659831038 0.33896056975914696
9 155.0 0.0 -1.0 -1.0 -1.0 0.0 0.3388785149903656 0.3218981383482268 0.3392233466614078
9 156.0 0.0 -1.0 -1.0 -1.0 0.0 0.31852524088951834 0.33534516404651543 0.3461295950639664
9 157.0 0.0 -1.0 -1.0 -1.0 0.0 0.31281546232659463 0.35341169273334316 0.33377284494006226
9 158.0 0.0 -1.0 -1.0 -1.0 0.0 0.34019640216050506 0.370669590147295 0.28913400769219993
9 159.0 0.0 -1.0 -1.0 -1.0 0.0 0.36183779919039727 0.3467192109816384 0.29144298982796446
9 160.0 0.0 -1.0 -1.0 -1.0 0.0 0.3521650940412482 0.33681666618548867 0.31101823977326293
9 161.0 0.0 -1.0 -1.0 -1.0 0.0 0.3610954624475707 0.3114331263918547 0.3274714111605747
9 162.0 0.0 -1.0 -1.0 -1.0 0.0 0.35208492315574025 0.3164535884489125 0.3314614883953472
9 163.0 0.0 -1.0 -1.0 -1.0 0.0 0.3114642358165327 0.3383362587938658 0.3501995053896014
9 164.0 0.0 -1.0 -1.0 -1.0 0.0 0.3046888549163102 0.3754395089558421 0.31987163612784775
9 165.0 0.0 -1.0 -1.0 -1.0 0.0 0.30616054230612677 0.3753984397806345 0.31844101791323876
9 166.0 0.0 -1.0 -1.0 -1.0 0.0 0.3030744987940874 0.36688406416537306 0.3300414370405397
9 167.0 0.0 -1.0 -1.0 -1.0 0.0 0.291007253805009 0.37743899377199325 0.3315537524229976
9 168.0 0.0 -1.0 -1.0 -1.0 0.0 0.32576111089470183 0.3407466405400757 0.33349224856522247
9 169.0 0.0 -1.0 -1.0 -1.0 0.0 0.3298399993277175 0.3650419836914056 0.3051180169808771
9 170.0 0.0 -1.0 -1.0 -1.0 0.0 0.3275379685911137 0.35980721326474935 0.31265481814413676
9 171.0 0.0 -1.0 -1.0 -1.0 0.0 0.31108212313625194 0.36048132045897646 0.32843655640477143
9 172.0 0.0 -1.0 -1.0 -1.0 0.0 0.2988085766118821 0.3592541754455757 0.34193724794254243
9 173.0 0.0 -1.0 -1.0 -1.0 0.0 0.31270560905554384 0.36023124741208645 0.3270631435323698
9 174.0 0.0 -1.0 -1.0 -1.0 0.0 0.323031481559537 0.3479616349007007 0.3290068835397621
9 175.0 0.0 -1.0 -1.0 -1.0 0.0 0.31873766444072005 0.34748223712298104 0.33378009843629874
9 176.0 0.0 -1.0 -1.0 -1.0 0.0 0.33061729256354033 0.3353255645187748 0.33405714291768474
9 177.0 0.0 -1.0 -1.0 -1.0 0.0 0.32402041674713766 0.3365681439215985 0.33941143933126405
9 178.0 0.0 -1.0 -1.0 -1.0 0.0 0.3347817993687162 0.31638628153850307 0.3488319190927808
9 179.0 0.0 -1.0 -1.0 -1.0 0.0 0.32492228622190367 0.32601442378848533 0.34906328998961117
9 180.0 0.0 -1.0 -1.0 -1.0 0.0 0.3131161309696671 0.33518286470526454 0.3517010043250685
9 181.0 0.0 -1.0 -1.0 -1.0 0.0 0.3074242543617349 0.340221340589033 0.3523544050492319
9 182.0 0.0 -1.0 -1.0 -1.0 0.0 0.3011447635582647 0.34868920189068836 0.3501660345510468
9 183.0 0.0 -1.0 -1.0 -1.0 0.0 0.2869212910413357 0.3489685837722993 0.364110125186365
9 184.0 0.0 -1.0 -1.0 -1.0 0.0 0.2909353059412296 0.33933700042386095 0.3697276936349097
9 185.0 0.0 -1.0 -1.0 -1.0 0.0 0.27656383997542416 0.3563740667160621 0.36706209330851386
9 186.0 0.0 -1.0 -1.0 -1.0 0.0 0.28285796572685123 0.3417941493833813 0.37534788488976717
9 187.0 0.0 -1.0 -1.0 -1.0 0.0 0.3068029871519556 0.32411271715196166 0.3690842956960828
9 188.0 0.0 -1.0 -1.0 -1.0 0.0 0.29923798375742666 0.31985349627562565 0.3809085199669478
9 189.0 0.0 -1.0 -1.0 -1.0 0.0 0.2941572069440077 0.3081543385889483 0.397688454467044
9 190.0 0.0 -1.0 -1.0 -1.0 0.0 0.33925476343142186 0.3011463996672048 0.3595988369013731
9 191.0 0.0 -1.0 -1.0 -1.0 0.0 0.34451428140295187 0.30633999403467 0.3491457245623779
9 192.0 0.0 -1.0 -1.0 -1.0 0.0 0.35098575055644426 0.29581698705540227 0.35319726238815363
9 193.0 0.0 -1.0 -1.0 -1.0 0.0 0.34369217639675914 0.30900262222858293 0.3473052013746581
9 194.0 0.0 -1.0 -1.0 -1.0 0.0 0.3290345345246805 0.3283994892958151 0.34256597617950424
9 195.0 0.0 -1.0 -1.0 -1.0 0.0 0.3328845695619255 0.3129509480499835 0.35416448238809073
9 196.0 0.0 -1.0 -1.0 -1.0 0.0 0.3103195121089167 0.3370915443369654 0.3525889435541182
9 197.0 0.0 -1.0 -1.0 -1.0 0.0 0.33071932678597116 0.32097139153282966 0.3483092816811991
9 198.0 0.0 -1.0 -1.0 -1.0 0.0 0.3492998254766373 0.3036086212918119 0.3470915532315506
9 199.0 0.0 -1.0 -1.0 -1.0 0.0 0.3547920998822255 0.32048287887496796 0.3247250212428067
9 200.0 0.0 -1.0 -1.0 -1.0 0.0 0.35651596794949114 0.29571112445529507 0.3477729075952136
9 201.0 0.0 -1.0 -1.0 -1.0 0.0 0.3835333422374724 0.2993075407394868 0.317159117023041
9 202.0 0.0 -1.0 -1.0 -1.0 0.0 0.3637523362198544 0.3023996041941997 0.33384805958594577
9 203.0 0.0 -1.0 -1.0 -1.0 0.0 0.362731757930112 0.325907286975813 0.311360955094075
9 204.0 0.0 -1.0 -1.0 -1.0 0.0 0.3573668663303433 0.32392563798760626 0.31870749568205037
9 205.0 0.0 -1.0 -1.0 -1.0 0.0 0.35244400287139965 0.3214972698683857 0.3260587272602146
9 206.0 0.0 -1.0 -1.0 -1.0 0.0 0.32929098532319506 0.34702535724366174 0.3236836574331431
9 207.0 0.0 -1.0 -1.0 -1.0 0.0 0.31981103203870886 0.34845312209181556 0.3317358458694756
9 208.0 0.0 -1.0 -1.0 -1.0 0.0 0.3023229285739081 0.359773150410078 0.3379039210160139
9 209.0 0.0 -1.0 -1.0 -1.0 0.0 0.3290001143972451 0.34041578380754567 0.33058410179520903
9 210.0 0.0 -1.0 -1.0 -1.0 0.0 0.35783571946582343 0.32722216470837473 0.314942115825802
9 211.0 0.0 -1.0 -1.0 -1.0 0.0 0.37451769720985545 0.32410419382450634 0.30137810896563794
9 212.0 0.0 -1.0 -1.0 -1.0 0.0 0.37729644480943636 0.3382939369154064 0.28440961827515737
9 213.0 0.0 -1.0 -1.0 -1.0 0.0 0.33125252758551577 0.37519090473116307 0.2935565676833212
9 214.0 0.0 -1.0 -1.0 -1.0 0.0 0.3024671418370839 0.3893903709440427 0.3081424872188737
9 215.0 0.0 -1.0 -1.0 -1.0 0.0 0.3047657563554913 0.407317235272189 0.28791700837232004
9 216.0 0.0 -1.0 -1.0 -1.0 0.0 0.291843863669086 0.3860197695259112 0.3221363668050028
9 217.0 0.0 -1.0 -1.0 -1.0 0.0 0.31036167930536757 0.36691374594906895 0.3227245747455634
9 218.0 0.0 -1.0 -1.0 -1.0 0.0 0.3168594106871822 0.35654431959487803 0.3265962697179397
9 219.0 0.0 -1.0 -1.0 -1.0 0.0 0.30793634728902225 0.35609203320134647 0.3359716195096314
9 220.0 0.0 -1.0 -1.0 -1.0 0.0 0.2835574130706471 0.36954594130234963 0.3468966456270032
9 221.0 0.0 -1.0 -1.0 -1.0 0.0 0.28729166517626786 0.369163425132143 0.3435449096915892
9 222.0 0.0 -1.0 -1.0 -1.0 0.0 0.2938692220637502 0.35558811209283747 0.35054266584341215
9 223.0 0.0 -1.0 -1.0 -1.0 0.0 0.3005794836951609 0.3591880594905396 0.34023245681429937
9 224.0 0.0 -1.0 -1.0 -1.0 0.0 0.30134290234429206 0.36672640546260843 0.3319306921930993
9 225.0 0.0 -1.0 -1.0 -1.0 0.0 0.2808736755643375 0.36901557187207196 0.3501107525635905
9 226.0 0.0 -1.0 -1.0 -1.0 0.0 0.2924107929261903 0.33546458879750896 0.3721246182763008
9 227.0 0.0 -1.0 -1.0 -1.0 0.0 0.3280666946761558 0.33473851148993444 0.3371947938339099
9 228.0 0.0 -1.0 -1.0 -1.0 0.0 0.3253284557412306 0.33217471315458175 0.34249683110418766
9 229.0 0.0 -1.0 -1.0 -1.0 0.0 0.32201829584196295 0.3112689673555892 0.3667127368024479
9 230.0 0.0 -1.0 -1.0 -1.0 0.0 0.32996234204573194 0.2990094649186523 0.3710281930356157
9 231.0 0.0 -1.0 -1.0 -1.0 0.0 0.34985343602596813 0.2827272172151932 0.3674193467588384
9 232.0 0.0 -1.0 -1.0 -1.0 0.0 0.32907946060447074 0.2851164737311268 0.3858040656644024
9 233.0 0.0 -1.0 -1.0 -1.0 0.0 0.3305478906718324 0.28889725802523514 0.3805548513029325
9 234.0 0.0 -1.0 -1.0 -1.0 0.0 0.32889548980667294 0.30218981594005223 0.3689146942532747
9 235.0 0.0 -1.0 -1.0 -1.0 0.0 0.3331936738181271 0.31894479360920286 0.34786153257267016
9 236.0 0.0 -1.0 -1.0 -1.0 0.0 0.35609460802450266 0.3124350344987581 0.3314703574767395
9 237.0 0.0 -1.0 -1.0 -1.0 0.0 0.34256385081133983 0.3445604525568136 0.3128756966318463
9 238.0 0.0 -1.0 -1.0 -1.0 0.0 0.3345602393629408 0.3479181109622381 0.31752164967482094
9 239.0 0.0 -1.0 -1.0 -1.0 0.0 0.3394944955218902 0.3450746561831928 0.3154308482949171
9 240.0 0.0 -1.0 -1.0 -1.0 0.0 0.3319724912023586 0.35321824976930793 0.3148092590283334
9 241.0 0.0 -1.0 -1.0 -1.0 0.0 0.3372480577066985 0.3365197859609648 0.32623215633233654
9 242.0 0.0 -1.0 -1.0 -1.0 0.0 0.35889688457363583 0.3348481277892948 0.3062549876370692
9 243.0 0.0 -1.0 -1.0 -1.0 0.0 0.31201790231479865 0.3369879697597716 0.3509941279254297
9 244.0 0.0 -1.0 -1.0 -1.0 0.0 0.34975252760620323 0.31603834093358346 0.3342091314602132
9 245.0 0.0 -1.0 -1.0 -1.0 0.0 0.3590601855057743 0.32406324798445224 0.31687656650977325
9 246.0 0.0 -1.0 -1.0 -1.0 0.0 0.34085375852964134 0.33893618002339454 0.32021006144696423
9 247.0 0.0 -1.0 -1.0 -1.0 0.0 0.34321014819063483 0.3301811853344343 0.3266086664749311
9 248.0 0.0 -1.0 -1.0 -1.0 0.0 0.34035475565979456 0.34905538096117544 0.3105898633790299
9 249.0 0.0 -1.0 -1.0 -1.0 0.0 0.3355320400898478 0.37048168758204303 0.29398627232810925
9 250.0 0.0 -1.0 -1.0 -1.0 0.0 0.32113317138730557 0.37244781065571586 0.30641901795697873
9 251.0 0.0 -1.0 -1.0 -1.0 0.0 0.31891236129017103 0.3543475881488503 0.3267400505609787
9 252.0 0.0 -1.0 -1.0 -1.0 0.0 0.3135015214651521 0.332620222566979 0.353878255967869
9 253.0 0.0 -1.0 -1.0 -1.0 0.0 0.3183843072890675 0.34113910945312476 0.3404765832578079
9 254.0 0.0 -1.0 -1.0 -1.0 0.0 0.30082106377224166 0.3758251475687988 0.3233537886589597
9 255.0 0.0 -1.0 -1.0 -1.0 0.0 0.29103106989764244 0.356818516766929 0.3521504133354285
9 256.0 0.0 -1.0 -1.0 -1.0 0.0 0.2898367911374246 0.3645964684572894 0.34556674040528634
9 257.0 0.0 -1.0 -1.0 -1.0 0.0 0.266882421483103 0.35761536526818744 0.37550221324870975
9 258.0 0.0 -1.0 -1.0 -1.0 0.0 0.2826286717272028 0.3481471955136879 0.36922413275910915
9 259.0 0.0 -1.0 -1.0 -1.0 0.0 0.28378489606832646 0.3528599678320431 0.3633551360996305
9 260.0 0.0 -1.0 -1.0 -1.0 0.0 0.3044086139209533 0.3462045443466098 0.3493868417324372
9 261.0 0.0 -1.0 -1.0 -1.0 0.0 0.31445643377041826 0.32940873004449367 0.3561348361850877
9 262.0 0.0 -1.0 -1.0 -1.0 0.0 0.3410683351886674 0.32245641333048897 0.3364752514808437
9 263.0 0.0 -1.0 -1.0 -1.0 0.0 0.33133263797237134 0.3349646234744239 0.3337027385532048
9 264.0 0.0 -1.0 -1.0 -1.0 0.0 0.33036152840827204 0.3585702968743388 0.311068174717389
9 265.0 0.0 -1.0 -1.0 -1.0 0.0 0.3574826093465861 0.3536539340341431 0.2888634566192711
9 266.0 0.0 -1.0 -1.0 -1.0 0.0 0.3404316728137149 0.3703046621166451 0.28926366506964013
9 267.0 0.0 -1.0 -1.0 -1.0 0.0 0.3563992839248339 0.33730164813441277 0.30629906794075323
9 268.0 0.0 -1.0 -1.0 -1.0 0.0 0.3797060373547926 0.30303866361054566 0.317255299034662
9 269.0 0.0 -1.0 -1.0 -1.0 0.0 0.34732423901363424 0.32119062908888346 0.33148513189748213
9 270.0 0.0 -1.0 -1.0 -1.0 0.0 0.34038958943107067 0.30106687264716664 0.35854353792176274
9 271.0 0.0 -1.0 -1.0 -1.0 0.0 0.33921186417333815 0.3160758066321888 0.344712329194473
9 272.0 0.0 -1.0 -1.0 -1.0 0.0 0.32121160366565116 0.31468306747268376 0.3641053288616651
9 273.0 0.0 -1.0 -1.0 -1.0 0.0 0.3295587231548259 0.3203222281350044 0.35011904871016997
9 274.0 0.0 -1.0 -1.0 -1.0 0.0 0.3244884526575413 0.3354670649719438 0.34004448237051493
9 275.0 0.0 -1.0 -1.0 -1.0 0.0 0.29792369903217614 0.36998017843964837 0.3320961225281755
9 276.0 0.0 -1.0 -1.0 -1.0 0.0 0.31937140293755806 0.3716718059271257 0.3089567911353161
9 277.0 0.0 -1.0 -1.0 -1.0 0.0 0.33019772549735116 0.3622419453219416 0.30756032918070714
9 278.0 0.0 -1.0 -1.0 -1.0 0.0 0.3295746472365579 0.34209808837143457 0.3283272643920076
9 279.0 0.0 -1.0 -1.0 -1.0 0.0 0.35028595081639724 0.3185036833910661 0.3312103657925366
9 280.0 0.0 -1.0 -1.0 -1.0 0.0 0.33808335692983316 0.3356620111879115 0.3262546318822556
9 281.0 0.0 -1.0 -1.0 -1.0 0.0 0.3525803118226337 0.3289115074832896 0.3185081806940765
9 282.0 0.0 -1.0 -1.0 -1.0 0.0 0.36724167268516505 0.31659437427705694 0.3161639530377779
9 283.0 0.0 -1.0 -1.0 -1.0 0.0 0.3657067958172129 0.31776528425786177 0.3165279199249254
9 284.0 0.0 -1.0 -1.0 -1.0 0.0 0.35750749879712834 0.3181594567899887 0.324333044412883
9 285.0 0.0 -1.0 -1.0 -1.0 0.0 0.33200642649056655 0.33021870219346366 0.3377748713159699
9 286.0 0.0 -1.0 -1.0 -1.0 0.0 0.34187183990491776 0.3128333030968463 0.3452948569982357
9 287.0 0.0 -1.0 -1.0 -1.0 0.0 0.35561546240022013 0.29867806833849897 0.345706469261281
9 288.0 0.0 -1.0 -1.0 -1.0 0.0 0.3393450023200181 0.31088813626600076 0.34976686141398106
9 289.0 0.0 -1.0 -1.0 -1.0 0.0 0.3335229524121967 0.3129691103855565 0.35350793720224677
9 290.0 0.0 -1.0 -1.0 -1.0 0.0 0.325965576720666 0.36188396526645716 0.3121504580128765
9 291.0 0.0 -1.0 -1.0 -1.0 0.0 0.3045571738725955 0.3637589196103131 0.3316839065170917
9 292.0 0.0 -1.0 -1.0 -1.0 0.0 0.29898918820406645 0.3680354091326224 0.332975402663311
9 293.0 0.0 -1.0 -1.0 -1.0 0.0 0.32522557478825154 0.3531657395899692 0.32160868562177924
9 294.0 0.0 -1.0 -1.0 -1.0 0.0 0.3181307635376073 0.3543747734240145 0.3274944630383786
9 295.0 0.0 -1.0 -1.0 -1.0 0.0 0.33665626581942304 0.3358431265530966 0.32750060762748023
9 296.0 0.0 -1.0 -1.0 -1.0 0.0 0.3360789215927981 0.33633130110254 0.327589777304662
9 297.0 0.0 -1.0 -1.0 -1.0 0.0 0.3424645606964362 0.32245571957254154 0.33507971973102235
9 298.0 0.0 -1.0 -1.0 -1.0 0.0 0.3238431957921202 0.3374645470368653 0.3386922571710145
9 299.0 0.0 -1.0 -1.0 -1.0 0.0 0.3133615359136152 0.34306267115929534 0.3435757929270895
9 300.0 0.0 -1.0 -1.0 -1.0 0.0 0.3234868726109388 0.3351290323734501 0.3413840950156113
9 301.0 0.0 -1.0 -1.0 -1.0 0.0 0.35045208608264367 0.31171588251222376 0.3378320314051328
9 302.0 0.0 -1.0 -1.0 -1.0 0.0 0.3548824033152544 0.31878371952413787 0.3263338771606075
9 303.0 0.0 -1.0 -1.0 -1.0 0.0 0.3497559798427763 0.32158710587727385 0.3286569142799496
9 304.0 0.0 -1.0 -1.0 -1.0 0.0 0.37743641298491326 0.2974186750216175 0.32514491199346923
9 305.0 0.0 -1.0 -1.0 -1.0 0.0 0.3668938092746483 0.29760223735986857 0.3355039533654829
9 306.0 0.0 -1.0 -1.0 -1.0 0.0 0.3829087775384967 0.2920761034169399 0.3250151190445633
9 307.0 0.0 -1.0 -1.0 -1.0 0.0 0.36196450986044476 0.30229659741398707 0.33573889272556817
9 308.0 0.0 -1.0 -1.0 -1.0 0.0 0.37485331546412104 0.3117662334677517 0.3133804510681273
9 309.0 0.0 -1.0 -1.0 -1.0 0.0 0.3613292409650616 0.33016395648877234 0.30850680254616625
9 310.0 0.0 -1.0 -1.0 -1.0 0.0 0.3565109817163563 0.33048736873558804 0.3130016495480558
9 311.0 0.0 -1.0 -1.0 -1.0 0.0 0.3456677613769403 0.34246301080327024 0.31186922781978965
9 312.0 0.0 -1.0 -1.0 -1.0 0.0 0.35307234720830344 0.34109796667357367 0.3058296861181229
9 313.0 0.0 -1.0 -1.0 -1.0 0.0 0.34361773324309924 0.3577225711524799 0.2986596956044206
9 314.0 0.0 -1.0 -1.0 -1.0 0.0 0.3400331688846718 0.37831939155914684 0.2816474395561814
9 315.0 0.0 -1.0 -1.0 -1.0 0.0 0.312817354789376 0.3780401853648958 0.3091424598457285
9 316.0 0.0 -1.0 -1.0 -1.0 0.0 0.30605329406210763 0.3676299250255947 0.3263167809122977
9 317.0 0.0 -1.0 -1.0 -1.0 0.0 0.30008534923597874 0.3676300552341457 0.33228459552987566
9 318.0 0.0 -1.0 -1.0 -1.0 0.0 0.3306496327400029 0.3525256567549296 0.3168247105050677
9 319.0 0.0 -1.0 -1.0 -1.0 0.0 0.3131988113093409 0.3853622634088332 0.30143892528182603
9 320.0 0.0 -1.0 -1.0 -1.0 0.0 0.28043606806710736 0.38481012593415054 0.33475380599874216
9 321.0 0.0 -1.0 -1.0 -1.0 0.0 0.31942643794050307 0.37485584422456264 0.30571771783493445
9 322.0 0.0 -1.0 -1.0 -1.0 0.0 0.3113953731883751 0.3866757454381177 0.301928881373507
9 323.0 0.0 -1.0 -1.0 -1.0 0.0 0.3148436832237451 0.37711252039370763 0.30804379638254725
9 324.0 0.0 -1.0 -1.0 -1.0 0.0 0.3310098696077221 0.38225097087126925 0.28673915952100887
9 325.0 0.0 -1.0 -1.0 -1.0 0.0 0.3426083606336877 0.3427743999939302 0.31461723937238195
9 326.0 0.0 -1.0 -1.0 -1.0 0.0 0.3564086414863798 0.34294246043112997 0.30064889808249035
9 327.0 0.0 -1.0 -1.0 -1.0 0.0 0.3397489086207008 0.3581763873319155 0.3020747040473839
9 328.0 0.0 -1.0 -1.0 -1.0 0.0 0.3120258178658575 0.3533786833419959 0.3345954987921468
9 329.0 0.0 -1.0 -1.0 -1.0 0.0 0.279188366604776 0.3740429606092999 0.34676867278592416
9 330.0 0.0 -1.0 -1.0 -1.0 0.0 0.2998841822561221 0.34651173020094816 0.3536040875429298
9 331.0 0.0 -1.0 -1.0 -1.0 0.0 0.3288987334962082 0.32415805995076413 0.3469432065530275
9 332.0 0.0 -1.0 -1.0 -1.0 0.0 0.34081475261921357 0.3125519416366 0.3466333057441865
9 333.0 0.0 -1.0 -1.0 -1.0 0.0 0.32980490381480254 0.29209590422709486 0.3780991919581028
9 334.0 0.0 -1.0 -1.0 -1.0 0.0 0.3270014049746154 0.31264766008029277 0.3603509349450919
9 335.0 0.0 -1.0 -1.0 -1.0 0.0 0.30171088185467165 0.3457678457286082 0.3525212724167202
9 336.0 0.0 -1.0 -1.0 -1.0 0.0 0.28538213512617294 0.34764473120921535 0.36697313366461176
9 337.0 0.0 -1.0 -1.0 -1.0 0.0 0.2919457711544999 0.33447637945058184 0.3735778493949183
9 338.0 0.0 -1.0 -1.0 -1.0 0.0 0.2940444167685294 0.3406884567221582 0.36526712650931215
9 339.0 0.0 -1.0 -1.0 -1.0 0.0 0.3021631100707745 0.31032509691438287 0.3875117930148428
9 340.0 0.0 -1.0 -1.0 -1.0 0.0 0.32678849476312144 0.2867107065935983 0.38650079864328013
9 341.0 0.0 -1.0 -1.0 -1.0 0.0 0.3136392526562088 0.32415733249524237 0.3622034148485489
9 342.0 0.0 -1.0 -1.0 -1.0 0.0 0.30127515354982093 0.32601656229851267 0.37270828415166635
9 343.0 0.0 -1.0 -1.0 -1.0 0.0 0.28779235293277916 0.33133858228048096 0.3808690647867396
9 344.0 0.0 -1.0 -1.0 -1.0 0.0 0.29598073663837376 0.3343296621221877 0.3696896012394383
9 345.0 0.0 -1.0 -1.0 -1.0 0.0 0.30441193164523533 0.3517670321655643 0.3438210361892004
9 346.0 0.0 -1.0 -1.0 -1.0 0.0 0.30813752883366946 0.3371400209627953 0.3547224502035353
9 347.0 0.0 -1.0 -1.0 -1.0 0.0 0.2976710758243387 0.34877598852503283 0.3535529356506284
9 348.0 0.0 -1.0 -1.0 -1.0 0.0 0.3067939021304568 0.36943820799602806 0.323767889873515
9 349.0 0.0 -1.0 -1.0 -1.0 0.0 0.31796947998763864 0.35333074508961027 0.32869977492275126
9 350.0 0.0 -1.0 -1.0 -1.0 0.0 0.32933113647449697 0.3328622766346207 0.3378065868908822
9 351.0 0.0 -1.0 -1.0 -1.0 0.0 0.3234930680984621 0.34360132045108727 0.3329056114504506
9 352.0 0.0 -1.0 -1.0 -1.0 0.0 0.331259504773207 0.32078337976575994 0.34795711546103303
9 353.0 0.0 -1.0 -1.0 -1.0 0.0 0.32038535578158184 0.3425648947720898 0.3370497494463284
9 354.0 0.0 -1.0 -1.0 -1.0 0.0 0.3555295861682495 0.33443362375336966 0.31003679007838053
9 355.0 0.0 -1.0 -1.0 -1.0 0.0 0.3650562212991778 0.35434663995003196 0.2805971387507903
9 356.0 0.0 -1.0 -1.0 -1.0 0.0 0.3678380986678807 0.3343002744137358 0.29786162691838336
9 357.0 0.0 -1.0 -1.0 -1.0 0.0 0.3671380411074497 0.3072400262681782 0.32562193262437217
9 358.0 0.0 -1.0 -1.0 -1.0 0.0 0.33717078662251465 0.3062075339797456 0.3566216793977396
9 359.0 0.0 -1.0 -1.0 -1.0 0.0 0.31906027337018944 0.3514738065004516 0.3294659201293592
9 360.0 0.0 -1.0 -1.0 -1.0 0.0 0.3270354750010965 0.3532537323957268 0.31971079260317664
9 361.0 0.0 -1.0 -1.0 -1.0 0.0 0.34575031975221476 0.32455112499056504 0.3296985552572204
9 362.0 0.0 -1.0 -1.0 -1.0 0.0 0.364024788867506 0.3131799567790431 0.3227952543534508
9 363.0 0.0 -1.0 -1.0 -1.0 0.0 0.37099845960221217 0.31066238491612486 0.31833915548166297
9 364.0 0.0 -1.0 -1.0 -1.0 0.0 0.3718093255039336 0.30133362946443887 0.3268570450316275
9 365.0 0.0 -1.0 -1.0 -1.0 0.0 0.36844605476803716 0.28858889861975023 0.3429650466122126
9 366.0 0.0 -1.0 -1.0 -1.0 0.0 0.3449320827545003 0.31162750581980214 0.3434404114256976
9 367.0 0.0 -1.0 -1.0 -1.0 0.0 0.3214907562763971 0.32111265038494985 0.35739659333865315
9 368.0 0.0 -1.0 -1.0 -1.0 0.0 0.34016701818451817 0.32066799278445957 0.3391649890310222
9 369.0 0.0 -1.0 -1.0 -1.0 0.0 0.34502722380285733 0.31808610719604175 0.3368866690011011
9 370.0 0.0 -1.0 -1.0 -1.0 0.0 0.3736878577510122 0.3127968094750764 0.31351533277391147
9 371.0 0.0 -1.0 -1.0 -1.0 0.0 0.357949506211817 0.32652917712418494 0.315521316663998
9 372.0 0.0 -1.0 -1.0 -1.0 0.0 0.3506887900441235 0.34447360247140507 0.30483760748447114
9 373.0 0.0 -1.0 -1.0 -1.0 0.0 0.36234903368856364 0.35063295354357477 0.28701801276786143
9 374.0 0.0 -1.0 -1.0 -1.0 0.0 0.37801246345702544 0.3284514020766457 0.29353613446632876
9 375.0 0.0 -1.0 -1.0 -1.0 0.0 0.38896089943768414 0.33577561926083094 0.27526348130148465
9 376.0 0.0 -1.0 -1.0 -1.0 0.0 0.38794459484902183 0.34114125672368745 0.27091414842729095
9 377.0 0.0 -1.0 -1.0 -1.0 0.0 0.35856158326414284 0.334421317105281 0.3070170996305762
9 378.0 0.0 -1.0 -1.0 -1.0 0.0 0.36687988672900773 0.31589115521500066 0.31722895805599177
9 379.0 0.0 -1.0 -1.0 -1.0 0.0 0.36493165756844853 0.3085203821770939 0.3265479602544577
9 380.0 0.0 -1.0 -1.0 -1.0 0.0 0.35176464407032737 0.290861405632237 0.35737395029743546
9 381.0 0.0 -1.0 -1.0 -1.0 0.0 0.3486869631792424 0.30335330774845964 0.34795972907229794
9 382.0 0.0 -1.0 -1.0 -1.0 0.0 0.3299766189460426 0.31789311084287086 0.3521302702110868
9 383.0 0.0 -1.0 -1.0 -1.0 0.0 0.3280317841612327 0.33004482593243945 0.3419233899063277
9 384.0 0.0 -1.0 -1.0 -1.0 0.0 0.3266190779385503 0.33571216718496144 0.3376687548764881
9 385.0 0.0 -1.0 -1.0 -1.0 0.0 0.3689635184166827 0.3373147802410195 0.29372170134229797
9 386.0 0.0 -1.0 -1.0 -1.0 0.0 0.35914594655130666 0.3692778367475617 0.2715762167011315
9 387.0 0.0 -1.0 -1.0 -1.0 0.0 0.34691331667949177 0.362993159769887 0.29009352355062085
9 388.0 0.0 -1.0 -1.0 -1.0 0.0 0.3632039906431785 0.36415282110453384 0.2726431882522877
9 389.0 0.0 -1.0 -1.0 -1.0 0.0 0.3371216607806323 0.3629054868879033 0.2999728523314642
9 390.0 0.0 -1.0 -1.0 -1.0 0.0 0.3606675070971383 0.3570540791584481 0.2822784137444135
9 391.0 0.0 -1.0 -1.0 -1.0 0.0 0.3761085759192814 0.33993785668481213 0.2839535673959064
9 392.0 0.0 -1.0 -1.0 -1.0 0.0 0.3628502525363715 0.33871589285732234 0.29843385460630634
9 393.0 0.0 -1.0 -1.0 -1.0 0.0 0.3607969557810754 0.3405406681140927 0.2986623761048321
9 394.0 0.0 -1.0 -1.0 -1.0 0.0 0.35050454328944225 0.3483151735368887 0.301180283173669
9 395.0 0.0 -1.0 -1.0 -1.0 0.0 0.35359590498887267 0.3659809266529726 0.28042316835815484
9 396.0 0.0 -1.0 -1.0 -1.0 0.0 0.3383417505347485 0.36441791058708994 0.29724033887816154
9 397.0 0.0 -1.0 -1.0 -1.0 0.0 0.3286154832103492 0.3816226833969153 0.28976183339273537
9 398.0 0.0 -1.0 -1.0 -1.0 0.0 0.3260428230733162 0.3531619776819395 0.3207951992447442
9 399.0 0.0 -1.0 -1.0 -1.0 0.0 0.3192797738424726 0.35208877892578755 0.32863144723174
9 400.0 0.0 -1.0 -1.0 -1.0 0.0 0.30148828900269276 0.3745427268308742 0.3239689841664331
9 401.0 0.0 -1.0 -1.0 -1.0 0.0 0.31639117545316964 0.33577301268004794 0.3478358118667822
9 402.0 0.0 -1.0 -1.0 -1.0 0.0 0.3472123114779216 0.3301188576301739 0.3226688308919045
9 403.0 0.0 -1.0 -1.0 -1.0 0.0 0.33889797435463775 0.3450371354422323 0.31606489020313
9 404.0 0.0 -1.0 -1.0 -1.0 0.0 0.37579870719110775 0.2909120209283715 0.333289271880521
9 405.0 0.0 -1.0 -1.0 -1.0 0.0 0.3681735053226941 0.2863295619414201 0.34549693273588594
9 406.0 0.0 -1.0 -1.0 -1.0 0.0 0.37328615295979745 0.2812248673654408 0.34548897967476166
9 407.0 0.0 -1.0 -1.0 -1.0 0.0 0.37559539633227707 0.27659125070483953 0.34781335296288324
9 408.0 0.0 -1.0 -1.0 -1.0 0.0 0.3708615368213205 0.28137162425782936 0.34776683892085025
9 409.0 0.0 -1.0 -1.0 -1.0 0.0 0.3514126642274569 0.28373973825933285 0.3648475975132103
9 410.0 0.0 -1.0 -1.0 -1.0 0.0 0.36166912807448937 0.30436022795347145 0.3339706439720393
9 411.0 0.0 -1.0 -1.0 -1.0 0.0 0.35722903341641477 0.31192149582162537 0.33084947076195964
9 412.0 0.0 -1.0 -1.0 -1.0 0.0 0.356652847944787 0.3066016457357964 0.3367455063194167
9 413.0 0.0 -1.0 -1.0 -1.0 0.0 0.37686628491843344 0.30012796235642086 0.3230057527251456
9 414.0 0.0 -1.0 -1.0 -1.0 0.0 0.3349973483674322 0.30400533389660944 0.36099731773595856
9 415.0 0.0 -1.0 -1.0 -1.0 0.0 0.31497187519125486 0.2913013081235602 0.39372681668518505
9 416.0 0.0 -1.0 -1.0 -1.0 0.0 0.3248383075622947 0.2897253898733995 0.38543630256430567
9 417.0 0.0 -1.0 -1.0 -1.0 0.0 0.3363399311747829 0.2869695268331975 0.3766905419920197
9 418.0 0.0 -1.0 -1.0 -1.0 0.0 0.33299663145522607 0.26435273276067545 0.4026506357840987
9 419.0 0.0 -1.0 -1.0 -1.0 0.0 0.32281657977413475 0.2881268182126231 0.3890566020132421
9 420.0 0.0 -1.0 -1.0 -1.0 0.0 0.29579991048079995 0.2941673347283106 0.41003275479088985
9 421.0 0.0 -1.0 -1.0 -1.0 0.0 0.3122628893915415 0.2946276590399781 0.39310945156848043
9 422.0 0.0 -1.0 -1.0 -1.0 0.0 0.3241380295707736 0.303316977139466 0.3725449932897606
9 423.0 0.0 -1.0 -1.0 -1.0 0.0 0.3164229872147842 0.3253702040228581 0.35820680876235755
9 424.0 0.0 -1.0 -1.0 -1.0 0.0 0.32401858399346894 0.31647756060846566 0.35950385539806534
9 425.0 0.0 -1.0 -1.0 -1.0 0.0 0.31327775823068527 0.3446594909613536 0.3420627508079611
9 426.0 0.0 -1.0 -1.0 -1.0 0.0 0.30776757234831215 0.3410604606685573 0.35117196698313086
9 427.0 0.0 -1.0 -1.0 -1.0 0.0 0.30114223298133297 0.32222459821183524 0.37663316880683184
9 428.0 0.0 -1.0 -1.0 -1.0 0.0 0.3149856151784072 0.3284433354429108 0.35657104937868184
9 429.0 0.0 -1.0 -1.0 -1.0 0.0 0.31736752320102635 0.3119273743549942 0.3707051024439796
9 430.0 0.0 -1.0 -1.0 -1.0 0.0 0.3201460508496317 0.3252525284180187 0.3546014207323497
9 431.0 0.0 -1.0 -1.0 -1.0 0.0 0.3217234535727052 0.33447412102401913 0.34380242540327544
9 432.0 0.0 -1.0 -1.0 -1.0 0.0 0.31857479348965695 0.3391755669608212 0.3422496395495221
9 433.0 0.0 -1.0 -1.0 -1.0 0.0 0.3125610776954414 0.3331251896149995 0.3543137326895593
9 434.0 0.0 -1.0 -1.0 -1.0 0.0 0.3450919961658091 0.3053893875930554 0.3495186162411356
9 435.0 0.0 -1.0 -1.0 -1.0 0.0 0.3460959993660949 0.30608205380881387 0.3478219468250911
9 436.0 0.0 -1.0 -1.0 -1.0 0.0 0.3390678338169609 0.28562221658088943 0.3753099496021497
9 437.0 0.0 -1.0 -1.0 -1.0 0.0 0.32064657279841 0.3167181369718531 0.36263529022973656
9 438.0 0.0 -1.0 -1.0 -1.0 0.0 0.323944398322095 0.32382535847105887 0.35223024320684615
9 439.0 0.0 -1.0 -1.0 -1.0 0.0 0.3066370915376627 0.3324834954933151 0.3608794129690224
9 440.0 0.0 -1.0 -1.0 -1.0 0.0 0.2951594968759297 0.3414279753219086 0.36341252780216143
9 441.0 0.0 -1.0 -1.0 -1.0 0.0 0.30045626925794194 0.33619816585491547 0.3633455648871425
9 442.0 0.0 -1.0 -1.0 -1.0 0.0 0.28811129221459064 0.34735415890121224 0.3645345488841973
9 443.0 0.0 -1.0 -1.0 -1.0 0.0 0.29635499059054626 0.3420897911577437 0.36155521825171005
9 444.0 0.0 -1.0 -1.0 -1.0 0.0 0.28876310707976516 0.3435590779589408 0.3676778149612941
9 445.0 0.0 -1.0 -1.0 -1.0 0.0 0.2895391006845262 0.32200317623303654 0.38845772308243715
9 446.0 0.0 -1.0 -1.0 -1.0 0.0 0.30354274718307855 0.33708684694696056 0.3593704058699608
9 447.0 0.0 -1.0 -1.0 -1.0 0.0 0.32583755387340896 0.3134859199631619 0.3606765261634291
9 448.0 0.0 -1.0 -1.0 -1.0 0.0 0.3384008920799586 0.3058656835382404 0.3557334243818009
9 449.0 0.0 -1.0 -1.0 -1.0 0.0 0.30811197727827433 0.33162828179843645 0.3602597409232891
9 450.0 0.0 -1.0 -1.0 -1.0 0.0 0.32208917682954746 0.33435723988901167 0.34355358328144087
9 451.0 0.0 -1.0 -1.0 -1.0 0.0 0.3098984149437554 0.323787889470772 0.36631369558547244
9 452.0 0.0 -1.0 -1.0 -1.0 0.0 0.28471191169627896 0.3384641348821781 0.3768239534215432
9 453.0 0.0 -1.0 -1.0 -1.0 0.0 0.2836703738256459 0.32961150060592487 0.38671812556842894
9 454.0 0.0 -1.0 -1.0 -1.0 0.0 0.29180022560673047 0.3432229847755513 0.36497678961771834
9 455.0 0.0 -1.0 -1.0 -1.0 0.0 0.2909409906912875 0.36004168959851 0.34901731971020244
9 456.0 0.0 -1.0 -1.0 -1.0 0.0 0.2997123260232328 0.36910545703885655 0.33118221693791083
9 457.0 0.0 -1.0 -1.0 -1.0 0.0 0.311460197582837 0.3611577396936944 0.3273820627234683
9 458.0 0.0 -1.0 -1.0 -1.0 0.0 0.3131816018919347 0.35466093937615367 0.3321574587319113
9 459.0 0.0 -1.0 -1.0 -1.0 0.0 0.32057340401003104 0.3594749581570159 0.3199516378329532
9 460.0 0.0 -1.0 -1.0 -1.0 0.0 0.31296152459222176 0.3815848799997802 0.305453595407998
9 461.0 0.0 -1.0 -1.0 -1.0 0.0 0.30054925352023043 0.3843988962386426 0.31505185024112686
9 462.0 0.0 -1.0 -1.0 -1.0 0.0 0.31602971677338376 0.3646949022051736 0.319275381021443
9 463.0 0.0 -1.0 -1.0 -1.0 0.0 0.3245993390725483 0.34323488641728345 0.33216577451016815
9 464.0 0.0 -1.0 -1.0 -1.0 0.0 0.34668349612648436 0.35990121195419084 0.2934152919193247
9 465.0 0.0 -1.0 -1.0 -1.0 0.0 0.32380273015126976 0.3616399187919921 0.31455735105673827
9 466.0 0.0 -1.0 -1.0 -1.0 0.0 0.3236138106484511 0.3615357975287346 0.3148503918228142
9 467.0 0.0 -1.0 -1.0 -1.0 0.0 0.29309857670712963 0.3635675933206602 0.3433338299722105
9 468.0 0.0 -1.0 -1.0 -1.0 0.0 0.3093904081917885 0.3429052756127316 0.34770431619547965
9 469.0 0.0 -1.0 -1.0 -1.0 0.0 0.3092567568397202 0.34966270890413625 0.3410805342561436
9 470.0 0.0 -1.0 -1.0 -1.0 0.0 0.29876503001347254 0.3431314387158397 0.3581035312706878
9 471.0 0.0 -1.0 -1.0 -1.0 0.0 0.287593995213704 0.36959201370621286 0.34281399108008304
9 472.0 0.0 -1.0 -1.0 -1.0 0.0 0.3254439837519066 0.34251212215351773 0.33204389409457585
9 473.0 0.0 -1.0 -1.0 -1.0 0.0 0.32541018470253874 0.344823026831452 0.3297667884660093
9 474.0 0.0 -1.0 -1.0 -1.0 0.0 0.33739507687802345 0.34728687820153825 0.3153180449204386
9 475.0 0.0 -1.0 -1.0 -1.0 0.0 0.31665908113046026 0.34187139547223383 0.341469523397306
9 476.0 0.0 -1.0 -1.0 -1.0 0.0 0.3329771789727639 0.3251353733267262 0.34188744770050955
9 477.0 0.0 -1.0 -1.0 -1.0 0.0 0.33346770856020663 0.3149872532511096 0.3515450381886837
9 478.0 0.0 -1.0 -1.0 -1.0 0.0 0.3345219308347966 0.3140867719891598 0.3513912971760434
9 479.0 0.0 -1.0 -1.0 -1.0 0.0 0.3208610295597654 0.31455894256484984 0.36458002787538474
9 480.0 0.0 -1.0 -1.0 -1.0 0.0 0.3217335127601676 0.31236930343516356 0.3658971838046687
9 481.0 0.0 -1.0 -1.0 -1.0 0.0 0.32940782208727787 0.3439042201416925 0.32668795777102994
9 482.0 0.0 -1.0 -1.0 -1.0 0.0 0.3093565746236695 0.347689377996073 0.34295404738025737
9 483.0 0.0 -1.0 -1.0 -1.0 0.0 0.34376498681940054 0.33165618353704424 0.32457882964355533
9 484.0 0.0 -1.0 -1.0 -1.0 0.0 0.3121608099302085 0.32113361729884704 0.3667055727709447
9 485.0 0.0 -1.0 -1.0 -1.0 0.0 0.3342192821119058 0.3405788313439326 0.32520188654416143
9 486.0 0.0 -1.0 -1.0 -1.0 0.0 0.34439505108881013 0.342926179557462 0.3126787693537279
9 487.0 0.0 -1.0 -1.0 -1.0 0.0 0.3501033925365732 0.3309532129479135 0.31894339451551323
9 488.0 0.0 -1.0 -1.0 -1.0 0.0 0.3648339504930339 0.327173616941044 0.307992432565922
9 489.0 0.0 -1.0 -1.0 -1.0 0.0 0.34605384187438454 0.3217018220241561 0.3322443361014593
9 490.0 0.0 -1.0 -1.0 -1.0 0.0 0.33941642743645517 0.33749535989601165 0.3230882126675331
9 491.0 0.0 -1.0 -1.0 -1.0 0.0 0.34647792598814653 0.3478709858883178 0.30565108812353564
9 492.0 0.0 -1.0 -1.0 -1.0 0.0 0.34953474673287166 0.32710751174735625 0.3233577415197719
9 493.0 0.0 -1.0 -1.0 -1.0 0.0 0.3349869691781537 0.33025444089026224 0.3347585899315838
9 494.0 0.0 -1.0 -1.0 -1.0 0.0 0.33023646584001903 0.3215303050326795 0.34823322912730165
9 495.0 0.0 -1.0 -1.0 -1.0 0.0 0.3221749782081764 0.3179671735990526 0.35985784819277095
9 496.0 0.0 -1.0 -1.0 -1.0 0.0 0.3153223248209965 0.31651487739488415 0.3681627977841192
9 497.0 0.0 -1.0 -1.0 -1.0 0.0 0.32437441096023506 0.28983446963165166 0.3857911194081134
9 498.0 0.0 -1.0 -1.0 -1.0 0.0 0.3494074252318984 0.28691441031211873 0.3636781644559828
9 499.0 0.0 -1.0 -1.0 -1.0 0.0 0.35527736260704457 0.3086209686093385 0.33610166878361675
9 500.0 0.0 -1.0 -1.0 -1.0 0.0 0.3535922308152998 0.30131850082052586 0.34508926836417436
9 501.0 0.0 -1.0 -1.0 -1.0 0.0 0.35859914862833286 0.300415018409314 0.34098583296235324
9 502.0 0.0 -1.0 -1.0 -1.0 0.0 0.3514394583759867 0.28675764123815894 0.3618029003858545
9 503.0 0.0 -1.0 -1.0 -1.0 0.0 0.29720498047530897 0.28488069377035635 0.41791432575433485
9 504.0 0.0 -1.0 -1.0 -1.0 0.0 0.31297824990463996 0.29879191734433014 0.3882298327510299
9 505.0 0.0 -1.0 -1.0 -1.0 0.0 0.34271370425649667 0.28257555234521 0.3747107433982933
9 506.0 0.0 -1.0 -1.0 -1.0 0.0 0.3360715971708018 0.3071039833633799 0.3568244194658184
9 507.0 0.0 -1.0 -1.0 -1.0 0.0 0.3136949672078471 0.31670238828112546 0.3696026445110274
9 508.0 0.0 -1.0 -1.0 -1.0 0.0 0.3136969972234782 0.3160089858124812 0.3702940169640405
9 509.0 0.0 -1.0 -1.0 -1.0 0.0 0.2748726729429486 0.3371498390241887 0.3879774880328629
9 510.0 0.0 -1.0 -1.0 -1.0 0.0 0.29189580570470586 0.3314285958193865 0.3766755984759076
9 511.0 0.0 -1.0 -1.0 -1.0 0.0 0.27736448337812747 0.352468120682855 0.3701673959390174
9 512.0 0.0 -1.0 -1.0 -1.0 0.0 0.29352394430663264 0.3571086594427808 0.3493673962505863
9 513.0 0.0 -1.0 -1.0 -1.0 0.0 0.29513257217944366 0.35599901863567934 0.34886840918487727
9 514.0 0.0 -1.0 -1.0 -1.0 0.0 0.3643850189291786 0.318279823096921 0.31733515797390044
9 515.0 0.0 -1.0 -1.0 -1.0 0.0 0.3645049419648714 0.3236291328572258 0.311865925177903
9 516.0 0.0 -1.0 -1.0 -1.0 0.0 0.34319464665953503 0.332220209056507 0.3245851442839578
9 517.0 0.0 -1.0 -1.0 -1.0 0.0 0.3032597111508036 0.35681600279046327 0.33992428605873315
9 518.0 0.0 -1.0 -1.0 -1.0 0.0 0.32582216416286613 0.3407936491014984 0.3333841867356355
9 519.0 0.0 -1.0 -1.0 -1.0 0.0 0.3494329703877814 0.3280894768135659 0.3224775527986528
9 520.0 0.0 -1.0 -1.0 -1.0 0.0 0.3585202637268894 0.3045449621289162 0.3369347741441945
9 521.0 0.0 -1.0 -1.0 -1.0 0.0 0.3615925835657313 0.2951405439958815 0.3432668724383873
9 522.0 0.0 -1.0 -1.0 -1.0 0.0 0.3687944833914291 0.29021707402368885 0.3409884425848819
9 523.0 0.0 -1.0 -1.0 -1.0 0.0 0.3606620072884618 0.30813345787538826 0.3312045348361499
9 524.0 0.0 -1.0 -1.0 -1.0 0.0 0.3609364915694197 0.3106416239013243 0.32842188452925586
9 525.0 0.0 -1.0 -1.0 -1.0 0.0 0.3386879859762441 0.3038492978029059 0.35746271622085
9 526.0 0.0 -1.0 -1.0 -1.0 0.0 0.33239755273105237 0.2971892053058272 0.3704132419631204
9 527.0 0.0 -1.0 -1.0 -1.0 0.0 0.3589303741926132 0.3079489458882445 0.3331206799191421
9 528.0 0.0 -1.0 -1.0 -1.0 0.0 0.3437097587259405 0.3131024323175401 0.34318780895651946
9 529.0 0.0 -1.0 -1.0 -1.0 0.0 0.36206839702414056 0.3102019892508533 0.32772961372500586
9 530.0 0.0 -1.0 -1.0 -1.0 0.0 0.36845081580681127 0.3038426531442977 0.32770653104889114
9 531.0 0.0 -1.0 -1.0 -1.0 0.0 0.36379021344019435 0.325011002661508 0.31119878389829775
9 532.0 0.0 -1.0 -1.0 -1.0 0.0 0.3679244125371469 0.327925864722966 0.3041497227398873
9 533.0 0.0 -1.0 -1.0 -1.0 0.0 0.40012644818252774 0.3150617803820221 0.2848117714354502
9 534.0 0.0 -1.0 -1.0 -1.0 0.0 0.3771824232369929 0.3248211309626709 0.29799644580033596
9 535.0 0.0 -1.0 -1.0 -1.0 0.0 0.3947005769025936 0.31842374100141646 0.28687568209598974
9 536.0 0.0 -1.0 -1.0 -1.0 0.0 0.3362393486918973 0.3575719783979297 0.306188672910173
9 537.0 0.0 -1.0 -1.0 -1.0 0.0 0.3298693845564319 0.3773976090974601 0.292733006346108
9 538.0 0.0 -1.0 -1.0 -1.0 0.0 0.29727044091316956 0.387547303155387 0.3151822559314432
9 539.0 0.0 -1.0 -1.0 -1.0 0.0 0.29461133002148665 0.40884398972266744 0.2965446802558458
9 540.0 0.0 -1.0 -1.0 -1.0 0.0 0.33735421154586304 0.37559590373765767 0.28704988471647924
9 541.0 0.0 -1.0 -1.0 -1.0 0.0 0.3146173961864529 0.3713153885940637 0.31406721521948344
9 542.0 0.0 -1.0 -1.0 -1.0 0.0 0.31217960780547355 0.3882420815366742 0.29957831065785245
9 543.0 0.0 -1.0 -1.0 -1.0 0.0 0.29503927003643826 0.3928556894729298 0.31210504049063215
9 544.0 0.0 -1.0 -1.0 -1.0 0.0 0.3161595875399577 0.36257828100017087 0.32126213145987165
9 545.0 0.0 -1.0 -1.0 -1.0 0.0 0.32066541655509717 0.32857644273388253 0.35075814071102046
9 546.0 0.0 -1.0 -1.0 -1.0 0.0 0.33511409029670003 0.29804743525655675 0.3668384744467431
9 547.0 0.0 -1.0 -1.0 -1.0 0.0 0.33130524975293574 0.2946192470157769 0.3740755032312872
9 548.0 0.0 -1.0 -1.0 -1.0 0.0 0.32225410253447406 0.3130941598461548 0.364651737619371
9 549.0 0.0 -1.0 -1.0 -1.0 0.0 0.3252126992172756 0.31869092084391304 0.3560963799388115
9 550.0 0.0 -1.0 -1.0 -1.0 0.0 0.3401417725093447 0.3468752319386148 0.31298299555204057
9 551.0 0.0 -1.0 -1.0 -1.0 0.0 0.3481753551551258 0.3279723089727924 0.3238523358720817
9 552.0 0.0 -1.0 -1.0 -1.0 0.0 0.3542083173236334 0.30405601533231247 0.34173566734405436
9 553.0 0.0 -1.0 -1.0 -1.0 0.0 0.3237892219436591 0.3037029526724424 0.37250782538389815
9 554.0 0.0 -1.0 -1.0 -1.0 0.0 0.32839438734974263 0.31006003688446304 0.36154557576579455
9 555.0 0.0 -1.0 -1.0 -1.0 0.0 0.3350021296542527 0.2958567316499161 0.36914113869583104
9 556.0 0.0 -1.0 -1.0 -1.0 0.0 0.33776846024595686 0.2959129121397181 0.366318627614325
9 557.0 0.0 -1.0 -1.0 -1.0 0.0 0.3239436802600369 0.3125330538183068 0.3635232659216562
9 558.0 0.0 -1.0 -1.0 -1.0 0.0 0.3303316530752921 0.33167365418200484 0.33799469274270316
9 559.0 0.0 -1.0 -1.0 -1.0 0.0 0.3408601416274318 0.31236008543996663 0.34677977293260165
9 560.0 0.0 -1.0 -1.0 -1.0 0.0 0.3455334712921216 0.3323706839373783 0.3220958447704998
9 561.0 0.0 -1.0 -1.0 -1.0 0.0 0.3516383288247558 0.3456053425352871 0.30275632863995705
9 562.0 0.0 -1.0 -1.0 -1.0 0.0 0.31840623116424316 0.34701133546746377 0.3345824333682932
9 563.0 0.0 -1.0 -1.0 -1.0 0.0 0.34654493187550756 0.3337349758357677 0.3197200922887245
9 564.0 0.0 -1.0 -1.0 -1.0 0.0 0.3531321991480627 0.3222489916899756 0.32461880916196173
9 565.0 0.0 -1.0 -1.0 -1.0 0.0 0.3500885906938831 0.33700030247538626 0.3129111068307305
9 566.0 0.0 -1.0 -1.0 -1.0 0.0 0.36359776813032285 0.36212305770281167 0.27427917416686537
9 567.0 0.0 -1.0 -1.0 -1.0 0.0 0.3649790414689559 0.34123245940564095 0.29378849912540317
9 568.0 0.0 -1.0 -1.0 -1.0 0.0 0.3735900396987554 0.33949508289570796 0.28691487740553645
9 569.0 0.0 -1.0 -1.0 -1.0 0.0 0.34791557960816016 0.3434096787836999 0.30867474160813996
9 570.0 0.0 -1.0 -1.0 -1.0 0.0 0.3326307769970041 0.3394408428314803 0.32792838017151554
9 571.0 0.0 -1.0 -1.0 -1.0 0.0 0.3308176038836934 0.3329993164467411 0.3361830796695658
9 572.0 0.0 -1.0 -1.0 -1.0 0.0 0.3240073558854049 0.3236868481152591 0.3523057959993359
9 573.0 0.0 -1.0 -1.0 -1.0 0.0 0.3204614814889713 0.31453424071585606 0.3650042777951726
9 574.0 0.0 -1.0 -1.0 -1.0 0.0 0.31631192038816003 0.3322172724177477 0.3514708071940923
9 575.0 0.0 -1.0 -1.0 -1.0 0.0 0.3090153077236752 0.3489743570639221 0.3420103352124027
9 576.0 0.0 -1.0 -1.0 -1.0 0.0 0.2871514727281238 0.34733948962110905 0.3655090376507674
9 577.0 0.0 -1.0 -1.0 -1.0 0.0 0.3020969132899302 0.31884113012158477 0.379061956588485
9 578.0 0.0 -1.0 -1.0 -1.0 0.0 0.34755992971431016 0.3157082674040355 0.3367318028816545
9 579.0 0.0 -1.0 -1.0 -1.0 0.0 0.3624961824280993 0.29363724609832575 0.3438665714735749
9 580.0 0.0 -1.0 -1.0 -1.0 0.0 0.3884274667106504 0.28508655375509906 0.32648597953425046
9 581.0 0.0 -1.0 -1.0 -1.0 0.0 0.3706755629856046 0.2929266410077116 0.3363977960066837
9 582.0 0.0 -1.0 -1.0 -1.0 0.0 0.36979390333572676 0.2957516178072776 0.3344544788569956
9 583.0 0.0 -1.0 -1.0 -1.0 0.0 0.39094714480637066 0.290096977527782 0.3189558776658474
9 584.0 0.0 -1.0 -1.0 -1.0 0.0 0.3515834615309288 0.28841432572361986 0.36000221274545124
9 585.0 0.0 -1.0 -1.0 -1.0 0.0 0.3289101220645918 0.31775291669713046 0.35333696123827785
9 586.0 0.0 -1.0 -1.0 -1.0 0.0 0.3077721700441001 0.34989824344097104 0.34232958651492884
9 587.0 0.0 -1.0 -1.0 -1.0 0.0 0.312393361928968 0.3498976776108333 0.33770896046019855
9 588.0 0.0 -1.0 -1.0 -1.0 0.0 0.3215484857218581 0.33087722264309327 0.3475742916350488
9 589.0 0.0 -1.0 -1.0 -1.0 0.0 0.30232565857582305 0.3367280731031492 0.36094626832102783
9 590.0 0.0 -1.0 -1.0 -1.0 0.0 0.29777501605912166 0.3472752233707391 0.35494976057013955
9 591.0 0.0 -1.0 -1.0 -1.0 0.0 0.3146747238201383 0.3348873668163163 0.3504379093635455
9 592.0 0.0 -1.0 -1.0 -1.0 0.0 0.30225114936009634 0.311752416551567 0.3859964340883362
9 593.0 0.0 -1.0 -1.0 -1.0 0.0 0.29553962354047747 0.30922112481882214 0.3952392516407006
9 594.0 0.0 -1.0 -1.0 -1.0 0.0 0.2983949569130631 0.3077357530966884 0.3938692899902482
9 595.0 0.0 -1.0 -1.0 -1.0 0.0 0.2883162814985683 0.32295763838845226 0.38872608011297966
9 596.0 0.0 -1.0 -1.0 -1.0 0.0 0.2884430615722017 0.33637986595904257 0.37517707246875576
9 597.0 0.0 -1.0 -1.0 -1.0 0.0 0.28507895834633207 0.32192529214603793 0.3929957495076304
9 598.0 0.0 -1.0 -1.0 -1.0 0.0 0.2915998161315266 0.3426691907490913 0.36573099311938206
9 599.0 0.0 -1.0 -1.0 -1.0 0.0 0.3046524890756338 0.3463669871840651 0.3489805237403012
9 600.0 0.0 -1.0 -1.0 -1.0 0.0 0.2993757146512205 0.3482767545569862 0.3523475307917935
9 601.0 0.0 -1.0 -1.0 -1.0 0.0 0.3106395357534181 0.3526560731341744 0.3367043911124075
9 602.0 0.0 -1.0 -1.0 -1.0 0.0 0.30840096772880693 0.36502495028253307 0.32657408198866
9 603.0 0.0 -1.0 -1.0 -1.0 0.0 0.29775531512082737 0.3607540569670968 0.3414906279120759
9 604.0 0.0 -1.0 -1.0 -1.0 0.0 0.3134218948926182 0.34634085948050597 0.3402372456268759
9 605.0 0.0 -1.0 -1.0 -1.0 0.0 0.3268503496548653 0.3440258201581286 0.32912383018700614
9 606.0 0.0 -1.0 -1.0 -1.0 0.0 0.341462355557345 0.3497133319090649 0.30882431253358983
9 607.0 0.0 -1.0 -1.0 -1.0 0.0 0.3214499300724001 0.37992980615376865 0.2986202637738315
9 608.0 0.0 -1.0 -1.0 -1.0 0.0 0.33332085622169877 0.34188461627983213 0.32479452749846893
9 609.0 0.0 -1.0 -1.0 -1.0 0.0 0.34607262915008197 0.3336425702126431 0.3202848006372749
9 610.0 0.0 -1.0 -1.0 -1.0 0.0 0.36654309634694904 0.34628948571978213 0.287167417933269
9 611.0 0.0 -1.0 -1.0 -1.0 0.0 0.34146922420568293 0.3596477018521802 0.29888307394213703
9 612.0 0.0 -1.0 -1.0 -1.0 0.0 0.36195682420158476 0.34872361337831137 0.2893195624201037
9 613.0 0.0 -1.0 -1.0 -1.0 0.0 0.35253494691891146 0.37154737218887035 0.27591768089221813
9 614.0 0.0 -1.0 -1.0 -1.0 0.0 0.3417396062647819 0.3684924055106578 0.2897679882245604
9 615.0 0.0 -1.0 -1.0 -1.0 0.0 0.3516812239835722 0.3281932272315736 0.32012554878485383
9 616.0 0.0 -1.0 -1.0 -1.0 0.0 0.3350726637075398 0.31094901821278836 0.3539783180796718
9 617.0 0.0 -1.0 -1.0 -1.0 0.0 0.3431413691040261 0.3074957562345667 0.3493628746614069
9 618.0 0.0 -1.0 -1.0 -1.0 0.0 0.3638901469452093 0.3093319530277325 0.32677790002705803
9 619.0 0.0 -1.0 -1.0 -1.0 0.0 0.3430537797259204 0.32230707835323374 0.3346391419208459
9 620.0 0.0 -1.0 -1.0 -1.0 0.0 0.32414884654370124 0.3454975626840441 0.3303535907722548
9 621.0 0.0 -1.0 -1.0 -1.0 0.0 0.3314680097263332 0.35981960655191786 0.3087123837217489
9 622.0 0.0 -1.0 -1.0 -1.0 0.0 0.3394480759128654 0.34034959466378595 0.3202023294233485
9 623.0 0.0 -1.0 -1.0 -1.0 0.0 0.34278464411795484 0.33617657818217445 0.3210387776998706
9 624.0 0.0 -1.0 -1.0 -1.0 0.0 0.3342458587218089 0.32604552957774063 0.33970861170045047
9 625.0 0.0 -1.0 -1.0 -1.0 0.0 0.3598723616559797 0.3141465364632175 0.32598110188080254
9 626.0 0.0 -1.0 -1.0 -1.0 0.0 0.3823677326115748 0.33726917497257447 0.2803630924158509
9 627.0 0.0 -1.0 -1.0 -1.0 0.0 0.39371052741375756 0.3003425029545957 0.30594696963164675
9 628.0 0.0 -1.0 -1.0 -1.0 0.0 0.36639084343080347 0.318793755615947 0.3148154009532495
9 629.0 0.0 -1.0 -1.0 -1.0 0.0 0.3523749260909967 0.3306943501065327 0.3169307238024706
9 630.0 0.0 -1.0 -1.0 -1.0 0.0 0.3315453071103416 0.34384913121568056 0.32460556167397797
9 631.0 0.0 -1.0 -1.0 -1.0 0.0 0.3317349028249057 0.35248423097572784 0.31578086619936657
9 632.0 0.0 -1.0 -1.0 -1.0 0.0 0.3266577762722128 0.335849029080053 0.3374931946477342
9 633.0 0.0 -1.0 -1.0 -1.0 0.0 0.3083488796794829 0.32496691290871355 0.3666842074118033
9 634.0 0.0 -1.0 -1.0 -1.0 0.0 0.31745297956662233 0.3114638549951998 0.371083165438178
9 635.0 0.0 -1.0 -1.0 -1.0 0.0 0.35973474993949917 0.27522752841499715 0.3650377216455036
9 636.0 0.0 -1.0 -1.0 -1.0 0.0 0.34154050419720755 0.28474807420493214 0.3737114215978604
9 637.0 0.0 -1.0 -1.0 -1.0 0.0 0.3495106864553162 0.28213475208826483 0.36835456145641887
9 638.0 0.0 -1.0 -1.0 -1.0 0.0 0.3451230530521757 0.2808217711526126 0.37405517579521175
9 639.0 0.0 -1.0 -1.0 -1.0 0.0 0.3531624086807634 0.29595517142865924 0.35088241989057756
9 640.0 0.0 -1.0 -1.0 -1.0 0.0 0.3221681112697329 0.31176586726832767 0.36606602146193956
9 641.0 0.0 -1.0 -1.0 -1.0 0.0 0.33376112727562 0.30648559233654943 0.3597532803878306
9 642.0 0.0 -1.0 -1.0 -1.0 0.0 0.3382765101110063 0.31077275968600865 0.3509507302029851
9 643.0 0.0 -1.0 -1.0 -1.0 0.0 0.34201631159033075 0.3331260603534989 0.3248576280561704
9 644.0 0.0 -1.0 -1.0 -1.0 0.0 0.31849259549470427 0.3469824242194515 0.33452498028584415
9 645.0 0.0 -1.0 -1.0 -1.0 0.0 0.33818908277030546 0.3206589012949291 0.34115201593476535
9 646.0 0.0 -1.0 -1.0 -1.0 0.0 0.3340970049826161 0.31377627432590083 0.3521267206914832
9 647.0 0.0 -1.0 -1.0 -1.0 0.0 0.34525601052646004 0.3179784922819401 0.3367654971916001
9 648.0 0.0 -1.0 -1.0 -1.0 0.0 0.35151367702480135 0.306998249046672 0.3414880739285268
9 649.0 0.0 -1.0 -1.0 -1.0 0.0 0.3475189446595368 0.31630692913767294 0.33617412620279014
9 650.0 0.0 -1.0 -1.0 -1.0 0.0 0.35483241561389767 0.32384629868528736 0.3213212857008147
9 651.0 0.0 -1.0 -1.0 -1.0 0.0 0.3514965615339053 0.32913581215384624 0.3193676263122486
9 652.0 0.0 -1.0 -1.0 -1.0 0.0 0.3287771320123696 0.3466544162282395 0.32456845175939053
9 653.0 0.0 -1.0 -1.0 -1.0 0.0 0.32805071005774045 0.3194951347257679 0.3524541552164915
9 654.0 0.0 -1.0 -1.0 -1.0 0.0 0.32336832618853245 0.33331538231545305 0.3433162914960148
9 655.0 0.0 -1.0 -1.0 -1.0 0.0 0.3161760524585717 0.3318043611007589 0.3520195864406695
9 656.0 0.0 -1.0 -1.0 -1.0 0.0 0.3066747151573057 0.3485960105446033 0.34472927429809075
9 657.0 0.0 -1.0 -1.0 -1.0 0.0 0.29342724983384494 0.33468649810714524 0.37188625205900977
9 658.0 0.0 -1.0 -1.0 -1.0 0.0 0.2908431156078774 0.3705996944254125 0.3385571899667103
9 659.0 0.0 -1.0 -1.0 -1.0 0.0 0.2800485982647312 0.3995875404656909 0.3203638612695778
9 660.0 0.0 -1.0 -1.0 -1.0 0.0 0.2737285495609656 0.40371489257199256 0.3225565578670421
9 661.0 0.0 -1.0 -1.0 -1.0 0.0 0.3081570599760484 0.37955688834381535 0.312286051680136
9 662.0 0.0 -1.0 -1.0 -1.0 0.0 0.325463801992654 0.3782911359212047 0.29624506208614143
9 663.0 0.0 -1.0 -1.0 -1.0 0.0 0.33801876269399456 0.3372395034052182 0.3247417339007875
9 664.0 0.0 -1.0 -1.0 -1.0 0.0 0.30562974029280615 0.3762467246387007 0.31812353506849306
9 665.0 0.0 -1.0 -1.0 -1.0 0.0 0.3252774550226876 0.3584419045968577 0.31628064038045434
9 666.0 0.0 -1.0 -1.0 -1.0 0.0 0.31195944960910105 0.36401583125827186 0.32402471913262704
9 667.0 0.0 -1.0 -1.0 -1.0 0.0 0.34809298669351174 0.33151980886897675 0.3203872044375114
9 668.0 0.0 -1.0 -1.0 -1.0 0.0 0.36432400571343565 0.34068780920426045 0.29498818508230396
9 669.0 0.0 -1.0 -1.0 -1.0 0.0 0.34763823075154787 0.3514991415261819 0.30086262772227035
9 670.0 0.0 -1.0 -1.0 -1.0 0.0 0.3169356303011874 0.346522578596179 0.33654179110263377
9 671.0 0.0 -1.0 -1.0 -1.0 0.0 0.30438626129964147 0.35020293383845014 0.34541080486190845
9 672.0 0.0 -1.0 -1.0 -1.0 0.0 0.30882499609988884 0.3385420978811476 0.3526329060189636
9 673.0 0.0 -1.0 -1.0 -1.0 0.0 0.31634443346917684 0.35961351466592073 0.32404205186490254
9 674.0 0.0 -1.0 -1.0 -1.0 0.0 0.31710323964579756 0.3528135329420554 0.3300832274121471
9 675.0 0.0 -1.0 -1.0 -1.0 0.0 0.3194121060759281 0.34879796860995343 0.3317899253141185
9 676.0 0.0 -1.0 -1.0 -1.0 0.0 0.3531988958407585 0.346478841792865 0.3003222623663765
9 677.0 0.0 -1.0 -1.0 -1.0 0.0 0.36614805952143525 0.31748032046405933 0.31637162001450536
9 678.0 0.0 -1.0 -1.0 -1.0 0.0 0.36913428936505066 0.3092133569878802 0.32165235364706923
9 679.0 0.0 -1.0 -1.0 -1.0 0.0 0.3515316499872187 0.33195555133133503 0.3165127986814462
9 680.0 0.0 -1.0 -1.0 -1.0 0.0 0.3825414285531859 0.3182602295817349 0.2991983418650793
9 681.0 0.0 -1.0 -1.0 -1.0 0.0 0.36445376590367023 0.3330590037022793 0.30248723039405057
9 682.0 0.0 -1.0 -1.0 -1.0 0.0 0.3405532116904292 0.3244414492059846 0.3350053391035862
9 683.0 0.0 -1.0 -1.0 -1.0 0.0 0.34434583072624364 0.3225813759096933 0.33307279336406287
9 684.0 0.0 -1.0 -1.0 -1.0 0.0 0.32066939027505803 0.3387654160586422 0.34056519366629945
9 685.0 0.0 -1.0 -1.0 -1.0 0.0 0.34178209457656406 0.32832610612602514 0.3298917992974109
9 686.0 0.0 -1.0 -1.0 -1.0 0.0 0.337604554856237 0.3335576016503384 0.3288378434934247
9 687.0 0.0 -1.0 -1.0 -1.0 0.0 0.32710728796283056 0.34167947281321664 0.3312132392239527
9 688.0 0.0 -1.0 -1.0 -1.0 0.0 0.300318097439959 0.36201719969542134 0.3376647028646196
9 689.0 0.0 -1.0 -1.0 -1.0 0.0 0.34578737717229957 0.3224125066211095 0.33180011620659117
9 690.0 0.0 -1.0 -1.0 -1.0 0.0 0.3593972982245856 0.30785710865442156 0.33274559312099283
9 691.0 0.0 -1.0 -1.0 -1.0 0.0 0.3452422919243397 0.29243628996636767 0.36232141810929247
9 692.0 0.0 -1.0 -1.0 -1.0 0.0 0.3523267133640753 0.31828175766050465 0.32939152897542
9 693.0 0.0 -1.0 -1.0 -1.0 0.0 0.32603100847680244 0.33004277007145305 0.34392622145174473
9 694.0 0.0 -1.0 -1.0 -1.0 0.0 0.3409279085929739 0.32482516032989833 0.33424693107712783
9 695.0 0.0 -1.0 -1.0 -1.0 0.0 0.36079273274071466 0.33713615317928025 0.3020711140800053
9 696.0 0.0 -1.0 -1.0 -1.0 0.0 0.3604720499578216 0.3406859617813036 0.2988419882608749
9 697.0 0.0 -1.0 -1.0 -1.0 0.0 0.36352208911676337 0.3388586729910005 0.29761923789223593
9 698.0 0.0 -1.0 -1.0 -1.0 0.0 0.3275860333766489 0.3544845485087811 0.3179294181145699
9 699.0 0.0 -1.0 -1.0 -1.0 0.0 0.3185521843860606 0.3294228427382174 0.35202497287572193
9 700.0 0.0 -1.0 -1.0 -1.0 0.0 0.31080925560457096 0.3376304273751255 0.35156031702030366
9 701.0 0.0 -1.0 -1.0 -1.0 0.0 0.32312876982900396 0.3246940733535047 0.35217715681749134
9 702.0 0.0 -1.0 -1.0 -1.0 0.0 0.31347963629519937 0.33540696370742895 0.35111339999737146
9 703.0 0.0 -1.0 -1.0 -1.0 0.0 0.3175830367265502 0.3192054588788983 0.3632115043945516
9 704.0 0.0 -1.0 -1.0 -1.0 0.0 0.30918368138311275 0.32351905033414013 0.36729726828274684
9 705.0 0.0 -1.0 -1.0 -1.0 0.0 0.3195811583309694 0.3268529603603835 0.353565881308647
9 706.0 0.0 -1.0 -1.0 -1.0 0.0 0.30922548364065117 0.33366599806197533 0.3571085182973737
9 707.0 0.0 -1.0 -1.0 -1.0 0.0 0.33070071716018257 0.32704944627197025 0.3422498365678473
9 708.0 0.0 -1.0 -1.0 -1.0 0.0 0.3102907244156563 0.3022822134175207 0.38742706216682293
9 709.0 0.0 -1.0 -1.0 -1.0 0.0 0.30758736192184843 0.29198360443235716 0.40042903364579446
9 710.0 0.0 -1.0 -1.0 -1.0 0.0 0.32489511930097625 0.29535691958670535 0.37974796111231834
9 711.0 0.0 -1.0 -1.0 -1.0 0.0 0.32437865829343593 0.30038770806613835 0.3752336336404257
9 712.0 0.0 -1.0 -1.0 -1.0 0.0 0.2987471575948478 0.33746849833425807 0.363784344070894
9 713.0 0.0 -1.0 -1.0 -1.0 0.0 0.29095757774448705 0.3407466196651416 0.3682958025903716
9 714.0 0.0 -1.0 -1.0 -1.0 0.0 0.3260282055420901 0.33043419239966487 0.34353760205824524
9 715.0 0.0 -1.0 -1.0 -1.0 0.0 0.3196040641764251 0.33339250336934434 0.34700343245423054
9 716.0 0.0 -1.0 -1.0 -1.0 0.0 0.31960905476591056 0.34000567858296177 0.3403852666511279
9 717.0 0.0 -1.0 -1.0 -1.0 0.0 0.3182053072334118 0.36055205244527033 0.3212426403213179
9 718.0 0.0 -1.0 -1.0 -1.0 0.0 0.35117210142711786 0.3425687143541301 0.3062591842187519
9 719.0 0.0 -1.0 -1.0 -1.0 0.0 0.3563253831683362 0.3337469584521155 0.3099276583795482
9 720.0 0.0 -1.0 -1.0 -1.0 0.0 0.3320761187022112 0.33975661920523315 0.3281672620925559
9 721.0 0.0 -1.0 -1.0 -1.0 0.0 0.33534364250255366 0.35142178518628403 0.31323457231116236
9 722.0 0.0 -1.0 -1.0 -1.0 0.0 0.3045162691840046 0.3515140765891378 0.34396965422685777
9 723.0 0.0 -1.0 -1.0 -1.0 0.0 0.2896281974567122 0.3747769445592125 0.3355948579840753
9 724.0 0.0 -1.0 -1.0 -1.0 0.0 0.3065366870765663 0.36750548278238065 0.32595783014105345
9 725.0 0.0 -1.0 -1.0 -1.0 0.0 0.29208424122294224 0.38311239039409195 0.32480336838296625
9 726.0 0.0 -1.0 -1.0 -1.0 0.0 0.28416975303983133 0.37523390824891295 0.34059633871125555
9 727.0 0.0 -1.0 -1.0 -1.0 0.0 0.2767917237605026 0.3731557159290888 0.3500525603104085
9 728.0 0.0 -1.0 -1.0 -1.0 0.0 0.2990133670640877 0.36803053809801894 0.33295609483789335
9 729.0 0.0 -1.0 -1.0 -1.0 0.0 0.28886889670652344 0.3661639971521491 0.3449671061413273
9 730.0 0.0 -1.0 -1.0 -1.0 0.0 0.29316284354286504 0.3419809328127764 0.3648562236443588
9 731.0 0.0 -1.0 -1.0 -1.0 0.0 0.295722084588463 0.34865481963872297 0.3556230957728139
9 732.0 0.0 -1.0 -1.0 -1.0 0.0 0.32587545019233893 0.34719883345042485 0.3269257163572361
9 733.0 0.0 -1.0 -1.0 -1.0 0.0 0.33026304131230616 0.35327235343570246 0.31646460525199144
9 734.0 0.0 -1.0 -1.0 -1.0 0.0 0.34274630758426755 0.35729568106272885 0.29995801135300365
9 735.0 0.0 -1.0 -1.0 -1.0 0.0 0.334519386484429 0.3416972209949393 0.32378339252063176
9 736.0 0.0 -1.0 -1.0 -1.0 0.0 0.34739004864541556 0.3353272791800246 0.31728267217455985
9 737.0 0.0 -1.0 -1.0 -1.0 0.0 0.3671956894744424 0.330075570099577 0.3027287404259804
9 738.0 0.0 -1.0 -1.0 -1.0 0.0 0.39176629589794887 0.3325628013476775 0.27567090275437356
9 739.0 0.0 -1.0 -1.0 -1.0 0.0 0.39196480039349973 0.30263210961779946 0.305403089988701
9 740.0 0.0 -1.0 -1.0 -1.0 0.0 0.3686982580930012 0.32067793909682585 0.310623802810173
9 741.0 0.0 -1.0 -1.0 -1.0 0.0 0.3725462218042223 0.3328684812170832 0.29458529697869434
9 742.0 0.0 -1.0 -1.0 -1.0 0.0 0.36056663466328176 0.3240865216589406 0.31534684367777754
9 743.0 0.0 -1.0 -1.0 -1.0 0.0 0.36911596340918623 0.31182297033634754 0.3190610662544662
9 744.0 0.0 -1.0 -1.0 -1.0 0.0 0.3884897967369387 0.2839924937420409 0.32751770952102044
9 745.0 0.0 -1.0 -1.0 -1.0 0.0 0.3921407666171288 0.2842710566211307 0.3235881767617403
9 746.0 0.0 -1.0 -1.0 -1.0 0.0 0.38540633643647043 0.29847685865745516 0.3161168049060743
9 747.0 0.0 -1.0 -1.0 -1.0 0.0 0.326884984127352 0.3292403019496768 0.3438747139229712
9 748.0 0.0 -1.0 -1.0 -1.0 0.0 0.34743801403900365 0.340604725125838 0.31195726083515807
9 749.0 0.0 -1.0 -1.0 -1.0 0.0 0.34366152311799714 0.32381584408931424 0.3325226327926886
9 750.0 0.0 -1.0 -1.0 -1.0 0.0 0.30984372934461063 0.3391745746700236 0.350981695985366
9 751.0 0.0 -1.0 -1.0 -1.0 0.0 0.3042010330576819 0.3383275193307265 0.3574714476115916
9 752.0 0.0 -1.0 -1.0 -1.0 0.0 0.32697785370538357 0.3162321816583643 0.3567899646362521
9 753.0 0.0 -1.0 -1.0 -1.0 0.0 0.3450745395907478 0.2796328214029065 0.3752926390063457
9 754.0 0.0 -1.0 -1.0 -1.0 0.0 0.3127632363705265 0.3091767739864246 0.3780599896430488
9 755.0 0.0 -1.0 -1.0 -1.0 0.0 0.31792659173665755 0.3034628708917287 0.37861053737161376
9 756.0 0.0 -1.0 -1.0 -1.0 0.0 0.28133115049419577 0.3431052673868893 0.375563582118915
9 757.0 0.0 -1.0 -1.0 -1.0 0.0 0.30312910401720566 0.3325779591682668 0.36429293681452757
9 758.0 0.0 -1.0 -1.0 -1.0 0.0 0.2948473825069106 0.323524019604567 0.3816285978885221
9 759.0 0.0 -1.0 -1.0 -1.0 0.0 0.29300663764213275 0.32025562757354725 0.3867377347843204
9 760.0 0.0 -1.0 -1.0 -1.0 0.0 0.2974835926126126 0.33254355407053315 0.3699728533168545
9 761.0 0.0 -1.0 -1.0 -1.0 0.0 0.31277854348637146 0.3245859954347393 0.36263546107888905
9 762.0 0.0 -1.0 -1.0 -1.0 0.0 0.3247549213915061 0.31231949222103195 0.3629255863874618
9 763.0 0.0 -1.0 -1.0 -1.0 0.0 0.33727534185513236 0.31135121332852805 0.35137344481633953
9 764.0 0.0 -1.0 -1.0 -1.0 0.0 0.33882654819133634 0.33190636905701126 0.3292670827516522
9 765.0 0.0 -1.0 -1.0 -1.0 0.0 0.3444823834415849 0.30589218439890403 0.3496254321595111
9 766.0 0.0 -1.0 -1.0 -1.0 0.0 0.34802145564761566 0.3200509718230143 0.33192757252937016
9 767.0 0.0 -1.0 -1.0 -1.0 0.0 0.35174754093633714 0.2942613734953421 0.3539910855683208
9 768.0 0.0 -1.0 -1.0 -1.0 0.0 0.35900175466619183 0.2811828434197288 0.35981540191407935
9 769.0 0.0 -1.0 -1.0 -1.0 0.0 0.334804472040014 0.3145984334838568 0.3505970944761292
9 770.0 0.0 -1.0 -1.0 -1.0 0.0 0.3297666673932435 0.30794589332306765 0.36228743928368895
9 771.0 0.0 -1.0 -1.0 -1.0 0.0 0.3484719846002831 0.2831924308714776 0.3683355845282392
9 772.0 0.0 -1.0 -1.0 -1.0 0.0 0.3613789522834405 0.2829949238293769 0.3556261238871823
9 773.0 0.0 -1.0 -1.0 -1.0 0.0 0.3747983676704498 0.30099085835859507 0.32421077397095516
9 774.0 0.0 -1.0 -1.0 -1.0 0.0 0.3835172068132745 0.3128517802166533 0.3036310129700723
9 775.0 0.0 -1.0 -1.0 -1.0 0.0 0.39570696758483626 0.2963661180166328 0.3079269143985308
9 776.0 0.0 -1.0 -1.0 -1.0 0.0 0.3588210481315572 0.31816805937871373 0.32301089248972914
9 777.0 0.0 -1.0 -1.0 -1.0 0.0 0.40213494864281524 0.3000802604801711 0.2977847908770138
9 778.0 0.0 -1.0 -1.0 -1.0 0.0 0.36914416309438347 0.31424751100867376 0.3166083258969427
9 779.0 0.0 -1.0 -1.0 -1.0 0.0 0.370789825456273 0.313389219674451 0.3158209548692758
9 780.0 0.0 -1.0 -1.0 -1.0 0.0 0.3284258745747153 0.3456211986108114 0.3259529268144734
9 781.0 0.0 -1.0 -1.0 -1.0 0.0 0.3113551250049145 0.3232993700127529 0.3653455049823326
9 782.0 0.0 -1.0 -1.0 -1.0 0.0 0.32898888959243505 0.32974041192937753 0.3412706984781875
9 783.0 0.0 -1.0 -1.0 -1.0 0.0 0.29788910924044343 0.3390585986423774 0.36305229211717926
9 784.0 0.0 -1.0 -1.0 -1.0 0.0 0.3305059960194228 0.3266439406585344 0.3428500633220427
9 785.0 0.0 -1.0 -1.0 -1.0 0.0 0.3276788850506646 0.3495224050262131 0.3227987099231221
9 786.0 0.0 -1.0 -1.0 -1.0 0.0 0.3222565372102132 0.35128037596156875 0.3264630868282182
9 787.0 0.0 -1.0 -1.0 -1.0 0.0 0.32734307821436637 0.33849014297694524 0.33416677880868817
9 788.0 0.0 -1.0 -1.0 -1.0 0.0 0.32468598626670153 0.34247239626474196 0.3328416174685566
9 789.0 0.0 -1.0 -1.0 -1.0 0.0 0.31884568462299706 0.3632820683978679 0.3178722469791351
9 790.0 0.0 -1.0 -1.0 -1.0 0.0 0.3165503888954087 0.3692556025805652 0.3141940085240265
9 791.0 0.0 -1.0 -1.0 -1.0 0.0 0.32860524087267456 0.3679006939565948 0.30349406517073074
9 792.0 0.0 -1.0 -1.0 -1.0 0.0 0.3373485244917384 0.3610717522381713 0.30157972327009
9 793.0 0.0 -1.0 -1.0 -1.0 0.0 0.3606759038822671 0.32939606703172847 0.3099280290860043
9 794.0 0.0 -1.0 -1.0 -1.0 0.0 0.3679188987757063 0.30570173739138656 0.3263793638329073
9 795.0 0.0 -1.0 -1.0 -1.0 0.0 0.35828196715790717 0.2940245611719061 0.3476934716701866
9 796.0 0.0 -1.0 -1.0 -1.0 0.0 0.3662736473445647 0.29630619653371487 0.3374201561217203
9 797.0 0.0 -1.0 -1.0 -1.0 0.0 0.3466984353418892 0.3160846784495546 0.3372168862085563
9 798.0 0.0 -1.0 -1.0 -1.0 0.0 0.3410428991314172 0.31667719198352395 0.34227990888505877
9 799.0 0.0 -1.0 -1.0 -1.0 0.0 0.3571065907818062 0.280048195400269 0.3628452138179247
9 800.0 0.0 -1.0 -1.0 -1.0 0.0 0.34716511236941877 0.3064405133307111 0.34639437429987024
9 801.0 0.0 -1.0 -1.0 -1.0 0.0 0.3411459926052976 0.3242373523750189 0.3346166550196837
9 802.0 0.0 -1.0 -1.0 -1.0 0.0 0.3313805963086798 0.32675084089926854 0.34186856279205147
9 803.0 0.0 -1.0 -1.0 -1.0 0.0 0.33683660380508107 0.3435820043365597 0.31958139185835926
9 804.0 0.0 -1.0 -1.0 -1.0 0.0 0.29256109666274377 0.37914296212750365 0.32829594120975275
9 805.0 0.0 -1.0 -1.0 -1.0 0.0 0.2932374955158574 0.363363588705454 0.34339891577868853
9 806.0 0.0 -1.0 -1.0 -1.0 0.0 0.2843540871196371 0.36065411417327065 0.35499179870709213
9 807.0 0.0 -1.0 -1.0 -1.0 0.0 0.28070312696423505 0.37413736124849867 0.34515951178726634
9 808.0 0.0 -1.0 -1.0 -1.0 0.0 0.28820980154374587 0.3846769463200897 0.3271132521361645
9 809.0 0.0 -1.0 -1.0 -1.0 0.0 0.29182813160499255 0.3895326755453332 0.3186391928496743
9 810.0 0.0 -1.0 -1.0 -1.0 0.0 0.28796972625507317 0.3827865780780549 0.3292436956668721
9 811.0 0.0 -1.0 -1.0 -1.0 0.0 0.3127528088720335 0.37878146696448256 0.3084657241634841
9 812.0 0.0 -1.0 -1.0 -1.0 0.0 0.32551392194990086 0.35285767205007396 0.321628406000025
9 813.0 0.0 -1.0 -1.0 -1.0 0.0 0.32557558530405317 0.32729737602302705 0.34712703867291966
9 814.0 0.0 -1.0 -1.0 -1.0 0.0 0.32105137519118754 0.33137225340259713 0.3475763714062151
9 815.0 0.0 -1.0 -1.0 -1.0 0.0 0.31883544804579084 0.32934944025327106 0.35181511170093804
9 816.0 0.0 -1.0 -1.0 -1.0 0.0 0.34636861246440226 0.3171353796146901 0.33649600792090767
9 817.0 0.0 -1.0 -1.0 -1.0 0.0 0.3385664767864527 0.34208981033581987 0.3193437128777276
9 818.0 0.0 -1.0 -1.0 -1.0 0.0 0.3415368986841304 0.31460198413042556 0.343861117185444
9 819.0 0.0 -1.0 -1.0 -1.0 0.0 0.3267872211987149 0.3302801557994053 0.3429326230018799
9 820.0 0.0 -1.0 -1.0 -1.0 0.0 0.34607486002682813 0.3249422923377772 0.3289828476353948
9 821.0 0.0 -1.0 -1.0 -1.0 0.0 0.3365139303554871 0.31320500755458647 0.3502810620899263
9 822.0 0.0 -1.0 -1.0 -1.0 0.0 0.33730228648955657 0.30008326574484756 0.36261444776559576
9 823.0 0.0 -1.0 -1.0 -1.0 0.0 0.33340885728438296 0.2991237943855364 0.36746734833008043
9 824.0 0.0 -1.0 -1.0 -1.0 0.0 0.31469740000876906 0.30609038243447967 0.37921221755675133
9 825.0 0.0 -1.0 -1.0 -1.0 0.0 0.299020962119256 0.3089367515736256 0.3920422863071184
9 826.0 0.0 -1.0 -1.0 -1.0 0.0 0.31328705242608035 0.31884808108942414 0.36786486648449546
9 827.0 0.0 -1.0 -1.0 -1.0 0.0 0.3062658053686012 0.3356938175864474 0.35804037704495145
9 828.0 0.0 -1.0 -1.0 -1.0 0.0 0.31803054454052526 0.346363884246469 0.335605571213006
9 829.0 0.0 -1.0 -1.0 -1.0 0.0 0.3084491358064513 0.3389269269716914 0.3526239372218576
9 830.0 0.0 -1.0 -1.0 -1.0 0.0 0.3196002676957706 0.3526602577015813 0.3277394746026481
9 831.0 0.0 -1.0 -1.0 -1.0 0.0 0.3357075779137235 0.3616549433797085 0.3026374787065681
9 832.0 0.0 -1.0 -1.0 -1.0 0.0 0.3588075977156223 0.33190748897132494 0.3092849133130529
9 833.0 0.0 -1.0 -1.0 -1.0 0.0 0.37669430424272266 0.32900146715219764 0.2943042286050796
9 834.0 0.0 -1.0 -1.0 -1.0 0.0 0.3809772227642247 0.3202357675271638 0.29878700970861155
9 835.0 0.0 -1.0 -1.0 -1.0 0.0 0.3904451111384397 0.3160609879896588 0.29349390087190136
9 836.0 0.0 -1.0 -1.0 -1.0 0.0 0.35189413646880424 0.33570508831193946 0.31240077521925647
9 837.0 0.0 -1.0 -1.0 -1.0 0.0 0.3613549524805332 0.31642269570276593 0.32222235181670095
9 838.0 0.0 -1.0 -1.0 -1.0 0.0 0.3535659335571323 0.3204559624238946 0.3259781040189732
9 839.0 0.0 -1.0 -1.0 -1.0 0.0 0.349382064583731 0.3079334852644447 0.34268445015182425
9 840.0 0.0 -1.0 -1.0 -1.0 0.0 0.331410659364191 0.3273222360582896 0.3412671045775194
9 841.0 0.0 -1.0 -1.0 -1.0 0.0 0.34607541461830094 0.3031642532017838 0.3507603321799152
9 842.0 0.0 -1.0 -1.0 -1.0 0.0 0.3604427076633901 0.2774421589350885 0.3621151334015215
9 843.0 0.0 -1.0 -1.0 -1.0 0.0 0.36805090646731264 0.2641439410021153 0.3678051525305721
9 844.0 0.0 -1.0 -1.0 -1.0 0.0 0.3578138027293894 0.27312505675856086 0.36906114051204986
9 845.0 0.0 -1.0 -1.0 -1.0 0.0 0.3321687157799066 0.28232622914360234 0.3855050550764912
9 846.0 0.0 -1.0 -1.0 -1.0 0.0 0.32177530300225177 0.3175689885704568 0.36065570842729144
9 847.0 0.0 -1.0 -1.0 -1.0 0.0 0.3479160229148356 0.32754080835389215 0.3245431687312723
9 848.0 0.0 -1.0 -1.0 -1.0 0.0 0.33287832029929354 0.3334873500990559 0.3336343296016506
9 849.0 0.0 -1.0 -1.0 -1.0 0.0 0.33169143426197223 0.3501825518718398 0.31812601386618783
9 850.0 0.0 -1.0 -1.0 -1.0 0.0 0.34028173459368033 0.33116902109826 0.3285492443080594
9 851.0 0.0 -1.0 -1.0 -1.0 0.0 0.3540674787821982 0.3259754754620232 0.3199570457557786
9 852.0 0.0 -1.0 -1.0 -1.0 0.0 0.35498943358189977 0.3126622797218969 0.3323482866962032
9 853.0 0.0 -1.0 -1.0 -1.0 0.0 0.33209403244645613 0.34295888017129456 0.32494708738224953
9 854.0 0.0 -1.0 -1.0 -1.0 0.0 0.32337557885406715 0.33910996076755295 0.33751446037838
9 855.0 0.0 -1.0 -1.0 -1.0 0.0 0.3260155683504485 0.3387664227746467 0.335218008874905
9 856.0 0.0 -1.0 -1.0 -1.0 0.0 0.3376716531938382 0.31379999051160373 0.3485283562945583
9 857.0 0.0 -1.0 -1.0 -1.0 0.0 0.31781464821444855 0.327587178726054 0.3545981730594975
9 858.0 0.0 -1.0 -1.0 -1.0 0.0 0.35490801010427886 0.3128126190181026 0.3322793708776185
9 859.0 0.0 -1.0 -1.0 -1.0 0.0 0.36260776072453416 0.30224552991255144 0.3351467093629141
9 860.0 0.0 -1.0 -1.0 -1.0 0.0 0.3733183112682017 0.33330943194099083 0.2933722567908072
9 861.0 0.0 -1.0 -1.0 -1.0 0.0 0.3720060062244903 0.3253802227162355 0.302613771059274
9 862.0 0.0 -1.0 -1.0 -1.0 0.0 0.32773083774642053 0.3587886305764209 0.31348053167715856
9 863.0 0.0 -1.0 -1.0 -1.0 0.0 0.3438646171153582 0.3380693607988454 0.3180660220857965
9 864.0 0.0 -1.0 -1.0 -1.0 0.0 0.3556708210968352 0.3102392081004121 0.33408997080275254
9 865.0 0.0 -1.0 -1.0 -1.0 0.0 0.3465234631409547 0.3037548777592567 0.34972165909978825
9 866.0 0.0 -1.0 -1.0 -1.0 0.0 0.35746261819946945 0.28614244454273696 0.3563949372577935
9 867.0 0.0 -1.0 -1.0 -1.0 0.0 0.34947566170849464 0.3130712436772972 0.3374530946142081
9 868.0 0.0 -1.0 -1.0 -1.0 0.0 0.37729676129266065 0.31092169497515393 0.3117815437321852
9 869.0 0.0 -1.0 -1.0 -1.0 0.0 0.37680438936138944 0.3086336934614688 0.3145619171771417
9 870.0 0.0 -1.0 -1.0 -1.0 0.0 0.35596202880012 0.3164536858320534 0.3275842853678268
9 871.0 0.0 -1.0 -1.0 -1.0 0.0 0.31967560858104205 0.348462270313923 0.33186212110503505
9 872.0 0.0 -1.0 -1.0 -1.0 0.0 0.33181759215817297 0.3517057094360776 0.3164766984057492
9 873.0 0.0 -1.0 -1.0 -1.0 0.0 0.3550486868044601 0.33661067993707333 0.3083406332584666
9 874.0 0.0 -1.0 -1.0 -1.0 0.0 0.34411624252608475 0.3573035647479027 0.29858019272601277
9 875.0 0.0 -1.0 -1.0 -1.0 0.0 0.3538422127243732 0.35396814479476524 0.2921896424808613
9 876.0 0.0 -1.0 -1.0 -1.0 0.0 0.34145714333596877 0.34743762785603705 0.31110522880799407
9 877.0 0.0 -1.0 -1.0 -1.0 0.0 0.3382488995822042 0.34766937830823363 0.3140817221095619
9 878.0 0.0 -1.0 -1.0 -1.0 0.0 0.3496531492216921 0.33299696422688085 0.3173498865514269
9 879.0 0.0 -1.0 -1.0 -1.0 0.0 0.31147136320540886 0.35270257019058265 0.33582606660400816
9 880.0 0.0 -1.0 -1.0 -1.0 0.0 0.32787388260123257 0.3396721776451204 0.3324539397536471
9 881.0 0.0 -1.0 -1.0 -1.0 0.0 0.34711482842787794 0.33152931040955225 0.3213558611625698
9 882.0 0.0 -1.0 -1.0 -1.0 0.0 0.34978850246234006 0.3388647147236356 0.31134678281402445
9 883.0 0.0 -1.0 -1.0 -1.0 0.0 0.35391923806314407 0.33022231373927097 0.3158584481975852
9 884.0 0.0 -1.0 -1.0 -1.0 0.0 0.3326555671364491 0.3359121504852325 0.3314322823783187
9 885.0 0.0 -1.0 -1.0 -1.0 0.0 0.3117686703332822 0.32976375790111345 0.358467571765604
9 886.0 0.0 -1.0 -1.0 -1.0 0.0 0.32098744637436133 0.3277021978743208 0.35131035575131814
9 887.0 0.0 -1.0 -1.0 -1.0 0.0 0.33874831653375587 0.32191920001331636 0.33933248345292766
9 888.0 0.0 -1.0 -1.0 -1.0 0.0 0.3669187497676984 0.30858822361308 0.32449302661922164
9 889.0 0.0 -1.0 -1.0 -1.0 0.0 0.3759154643439524 0.3121984286029473 0.3118861070531006
9 890.0 0.0 -1.0 -1.0 -1.0 0.0 0.3621823483019855 0.3314427791572107 0.3063748725408038
9 891.0 0.0 -1.0 -1.0 -1.0 0.0 0.33399630544905057 0.34032932607544436 0.325674368475505
9 892.0 0.0 -1.0 -1.0 -1.0 0.0 0.3467472033574587 0.3263838411723461 0.32686895547019534
9 893.0 0.0 -1.0 -1.0 -1.0 0.0 0.3509095678150146 0.2851308503917011 0.3639595817932843
9 894.0 0.0 -1.0 -1.0 -1.0 0.0 0.33288501924962494 0.3114090049147485 0.35570597583562646
9 895.0 0.0 -1.0 -1.0 -1.0 0.0 0.35649995212015795 0.31595955884327875 0.3275404890365634
9 896.0 0.0 -1.0 -1.0 -1.0 0.0 0.36235400999668266 0.31762595895033696 0.3200200310529804
9 897.0 0.0 -1.0 -1.0 -1.0 0.0 0.36321172003777363 0.32606041671608715 0.3107278632461391
9 898.0 0.0 -1.0 -1.0 -1.0 0.0 0.37416145946289364 0.32299465388951876 0.3028438866475877
9 899.0 0.0 -1.0 -1.0 -1.0 0.0 0.3654891157741329 0.32069237794759986 0.3138185062782672
9 900.0 0.0 -1.0 -1.0 -1.0 0.0 0.3539406752850825 0.33820916864858114 0.30785015606633587
9 901.0 0.0 -1.0 -1.0 -1.0 0.0 0.3538713383645159 0.3286572736742982 0.3174713879611859
9 902.0 0.0 -1.0 -1.0 -1.0 0.0 0.34552527263777255 0.3279705687027089 0.3265041586595185
9 903.0 0.0 -1.0 -1.0 -1.0 0.0 0.3195827807839719 0.3408817517410709 0.3395354674749572
9 904.0 0.0 -1.0 -1.0 -1.0 0.0 0.30456855950609585 0.33019308802547703 0.365238352468427
9 905.0 0.0 -1.0 -1.0 -1.0 0.0 0.31236028385189757 0.3177877883887581 0.36985192775934406
9 906.0 0.0 -1.0 -1.0 -1.0 0.0 0.3141984138454896 0.3367046996080606 0.34909688654644994
9 907.0 0.0 -1.0 -1.0 -1.0 0.0 0.3212357351799538 0.3280630953687982 0.35070116945124796
9 908.0 0.0 -1.0 -1.0 -1.0 0.0 0.32499035215247274 0.34063225420272764 0.3343773936447995
9 909.0 0.0 -1.0 -1.0 -1.0 0.0 0.34368241733120414 0.3420117425011525 0.3143058401676434
9 910.0 0.0 -1.0 -1.0 -1.0 0.0 0.32151494264262753 0.3779652883608426 0.30051976899653005
9 911.0 0.0 -1.0 -1.0 -1.0 0.0 0.2904432510303378 0.37569659058576854 0.33386015838389355
9 912.0 0.0 -1.0 -1.0 -1.0 0.0 0.3075113402183125 0.3449392864324068 0.3475493733492807
9 913.0 0.0 -1.0 -1.0 -1.0 0.0 0.3086689170452189 0.3616547409224762 0.32967634203230467
9 914.0 0.0 -1.0 -1.0 -1.0 0.0 0.3141345321761453 0.37064529816980324 0.31522016965405103
9 915.0 0.0 -1.0 -1.0 -1.0 0.0 0.33146509023562715 0.3435788303634147 0.3249560794009582
9 916.0 0.0 -1.0 -1.0 -1.0 0.0 0.3078044421469436 0.3497113549630597 0.34248420288999676
9 917.0 0.0 -1.0 -1.0 -1.0 0.0 0.29697528788021743 0.34677685627404314 0.3562478558457396
9 918.0 0.0 -1.0 -1.0 -1.0 0.0 0.2869183446495789 0.3601658865968425 0.35291576875357866
9 919.0 0.0 -1.0 -1.0 -1.0 0.0 0.3029021067803819 0.3438003609093931 0.3532975323102252
9 920.0 0.0 -1.0 -1.0 -1.0 0.0 0.31551673108421857 0.3405867266943439 0.34389654222143745
9 921.0 0.0 -1.0 -1.0 -1.0 0.0 0.33294753699971336 0.34070377373403704 0.32634868926624977
9 922.0 0.0 -1.0 -1.0 -1.0 0.0 0.36159366170167523 0.3456471547084966 0.29275918358982794
9 923.0 0.0 -1.0 -1.0 -1.0 0.0 0.3648183155088956 0.33521063562980813 0.2999710488612962
9 924.0 0.0 -1.0 -1.0 -1.0 0.0 0.33889064802518115 0.33787198316690087 0.32323736880791787
9 925.0 0.0 -1.0 -1.0 -1.0 0.0 0.3363018162705253 0.3157038517683743 0.3479943319611
9 926.0 0.0 -1.0 -1.0 -1.0 0.0 0.35784943055580554 0.31006674496830866 0.332083824475886
9 927.0 0.0 -1.0 -1.0 -1.0 0.0 0.34849870890646634 0.3183301917258134 0.33317109936772016
9 928.0 0.0 -1.0 -1.0 -1.0 0.0 0.3265226218440413 0.3432630675720555 0.33021431058390327
9 929.0 0.0 -1.0 -1.0 -1.0 0.0 0.30133271687021307 0.34519246936811787 0.35347481376166884
9 930.0 0.0 -1.0 -1.0 -1.0 0.0 0.3147245260125272 0.3327616170636738 0.352513856923799
9 931.0 0.0 -1.0 -1.0 -1.0 0.0 0.308810950574107 0.3556204008544075 0.33556864857148516
9 932.0 0.0 -1.0 -1.0 -1.0 0.0 0.2905895016865434 0.3833288122036456 0.32608168610981086
9 933.0 0.0 -1.0 -1.0 -1.0 0.0 0.29425804222452606 0.3512211319360766 0.35452082583939715
9 934.0 0.0 -1.0 -1.0 -1.0 0.0 0.2766681228717879 0.36798715369107404 0.355344723437138
9 935.0 0.0 -1.0 -1.0 -1.0 0.0 0.29608141018560596 0.3320149157465376 0.3719036740678564
9 936.0 0.0 -1.0 -1.0 -1.0 0.0 0.2611453194893035 0.3530297758497249 0.3858249046609716
9 937.0 0.0 -1.0 -1.0 -1.0 0.0 0.2946917190128813 0.3396827780250085 0.36562550296211005
9 938.0 0.0 -1.0 -1.0 -1.0 0.0 0.299182098650008 0.3412961387568572 0.35952176259313506
9 939.0 0.0 -1.0 -1.0 -1.0 0.0 0.2540934795138835 0.3313228671520074 0.41458365333410896
9 940.0 0.0 -1.0 -1.0 -1.0 0.0 0.285007675946163 0.3313862402766696 0.38360608377716754
9 941.0 0.0 -1.0 -1.0 -1.0 0.0 0.31187068949004804 0.321201650333296 0.3669276601766559
9 942.0 0.0 -1.0 -1.0 -1.0 0.0 0.309360165149246 0.32942533088510445 0.3612145039656498
9 943.0 0.0 -1.0 -1.0 -1.0 0.0 0.2891812709495732 0.349700975379735 0.36111775367069215
9 944.0 0.0 -1.0 -1.0 -1.0 0.0 0.29010177244573326 0.3159058553280493 0.39399237222621736
9 945.0 0.0 -1.0 -1.0 -1.0 0.0 0.3022349438336499 0.33408436092897775 0.3636806952373724
9 946.0 0.0 -1.0 -1.0 -1.0 0.0 0.30508775940734784 0.3381638400341509 0.3567484005585012
9 947.0 0.0 -1.0 -1.0 -1.0 0.0 0.27984950694592925 0.35248669030223134 0.3676638027518393
9 948.0 0.0 -1.0 -1.0 -1.0 0.0 0.3082163158448333 0.3387788759419827 0.35300480821318386
9 949.0 0.0 -1.0 -1.0 -1.0 0.0 0.33442211765987795 0.3315545770445686 0.33402330529555363
9 950.0 0.0 -1.0 -1.0 -1.0 0.0 0.334016353521521 0.32413648314786864 0.3418471633306105
9 951.0 0.0 -1.0 -1.0 -1.0 0.0 0.3323488745943069 0.33273997914346604 0.33491114626222745
9 952.0 0.0 -1.0 -1.0 -1.0 0.0 0.32318268914061543 0.3222895576369122 0.3545277532224723
9 953.0 0.0 -1.0 -1.0 -1.0 0.0 0.31213251532919417 0.33132961452881504 0.35653787014199084
9 954.0 0.0 -1.0 -1.0 -1.0 0.0 0.3528601324859986 0.30308157476013486 0.34405829275386657
9 955.0 0.0 -1.0 -1.0 -1.0 0.0 0.33448402312763137 0.3305345980889033 0.3349813787834654
9 956.0 0.0 -1.0 -1.0 -1.0 0.0 0.3204942326240878 0.34762810684404344 0.3318776605318689
9 957.0 0.0 -1.0 -1.0 -1.0 0.0 0.3116259162868088 0.3580109063727958 0.33036317734039566
9 958.0 0.0 -1.0 -1.0 -1.0 0.0 0.31911282858990464 0.3515734243524763 0.32931374705761907
9 959.0 0.0 -1.0 -1.0 -1.0 0.0 0.3428657890194415 0.34367695027675815 0.3134572607038004
9 960.0 0.0 -1.0 -1.0 -1.0 0.0 0.3610427294732701 0.32239720115316545 0.3165600693735644
9 961.0 0.0 -1.0 -1.0 -1.0 0.0 0.3645793707579893 0.3094553491249026 0.3259652801171083
9 962.0 0.0 -1.0 -1.0 -1.0 0.0 0.34762409857134086 0.2993963520416303 0.35297954938702886
9 963.0 0.0 -1.0 -1.0 -1.0 0.0 0.35099327684461407 0.2940269326316598 0.35497979052372586
9 964.0 0.0 -1.0 -1.0 -1.0 0.0 0.34153155656889905 0.3226528217431815 0.33581562168791945
9 965.0 0.0 -1.0 -1.0 -1.0 0.0 0.3320499640017816 0.34920915276167824 0.31874088323654026
9 966.0 0.0 -1.0 -1.0 -1.0 0.0 0.3559688573987528 0.3239226964163385 0.3201084461849089
9 967.0 0.0 -1.0 -1.0 -1.0 0.0 0.36119610281139103 0.3227145493018192 0.31608934788678994
9 968.0 0.0 -1.0 -1.0 -1.0 0.0 0.3532428235214863 0.3413847989715629 0.3053723775069508
9 969.0 0.0 -1.0 -1.0 -1.0 0.0 0.3477898994055699 0.3499204125074061 0.30228968808702417
9 970.0 0.0 -1.0 -1.0 -1.0 0.0 0.3426939823405499 0.357317056271542 0.2999889613879081
9 971.0 0.0 -1.0 -1.0 -1.0 0.0 0.3374780952615305 0.3587954117416941 0.30372649299677523
9 972.0 0.0 -1.0 -1.0 -1.0 0.0 0.3452772193761245 0.3420436546627454 0.3126791259611302
9 973.0 0.0 -1.0 -1.0 -1.0 0.0 0.3472309571324815 0.3469990435448024 0.3057699993227163
9 974.0 0.0 -1.0 -1.0 -1.0 0.0 0.33289241520381224 0.3562113291144876 0.3108962556817002
9 975.0 0.0 -1.0 -1.0 -1.0 0.0 0.34502379366204106 0.31842090637385567 0.33655529996410327
9 976.0 0.0 -1.0 -1.0 -1.0 0.0 0.3482908727014368 0.32614409303986386 0.3255650342586995
9 977.0 0.0 -1.0 -1.0 -1.0 0.0 0.3433666793802488 0.3506515262357143 0.30598179438403694
9 978.0 0.0 -1.0 -1.0 -1.0 0.0 0.3604072413391859 0.32812642927722635 0.31146632938358776
9 979.0 0.0 -1.0 -1.0 -1.0 0.0 0.3707027294596971 0.31608724842310776 0.31321002211719523
9 980.0 0.0 -1.0 -1.0 -1.0 0.0 0.37898091192201017 0.30730601485290504 0.3137130732250849
9 981.0 0.0 -1.0 -1.0 -1.0 0.0 0.39461959888163095 0.29995487712791047 0.30542552399045886
9 982.0 0.0 -1.0 -1.0 -1.0 0.0 0.38769934235352854 0.294681725325931 0.3176189323205403
9 983.0 0.0 -1.0 -1.0 -1.0 0.0 0.41465825224738856 0.285981636213611 0.29936011153900033
9 984.0 0.0 -1.0 -1.0 -1.0 0.0 0.3908083286671618 0.30581392655697215 0.30337774477586626
9 985.0 0.0 -1.0 -1.0 -1.0 0.0 0.38795385531665844 0.3149539699852315 0.2970921746981103
9 986.0 0.0 -1.0 -1.0 -1.0 0.0 0.3642882250655825 0.3433234342677858 0.2923883406666316
9 987.0 0.0 -1.0 -1.0 -1.0 0.0 0.3574304212696247 0.33845511453896193 0.3041144641914137
9 988.0 0.0 -1.0 -1.0 -1.0 0.0 0.3648825995661693 0.3145148275260221 0.3206025729078084
9 989.0 0.0 -1.0 -1.0 -1.0 0.0 0.33512663784636515 0.3350504213118674 0.3298229408417674
9 990.0 0.0 -1.0 -1.0 -1.0 0.0 0.3216820192005634 0.3412608280644235 0.337057152735013
9 991.0 0.0 -1.0 -1.0 -1.0 0.0 0.31170062798797116 0.3508386161512028 0.337460755860826
9 992.0 0.0 -1.0 -1.0 -1.0 0.0 0.3183393507041253 0.3381791465198848 0.34348150277598966
9 993.0 0.0 -1.0 -1.0 -1.0 0.0 0.32971626121259695 0.33404719057182175 0.3362365482155814
9 994.0 0.0 -1.0 -1.0 -1.0 0.0 0.3359174303886336 0.34045384708626414 0.32362872252510244
9 995.0 0.0 -1.0 -1.0 -1.0 0.0 0.2997796662334482 0.35333348181378116 0.34688685195277086
9 996.0 0.0 -1.0 -1.0 -1.0 0.0 0.30086068675783145 0.3672138443934325 0.331925468848736
9 997.0 0.0 -1.0 -1.0 -1.0 0.0 0.29908504251284534 0.3673276576069016 0.33358729988025304
9 998.0 0.0 -1.0 -1.0 -1.0 0.0 0.3120070451150273 0.3616638417689325 0.3263291131160404
9 999.0 0.0 -1.0 -1.0 -1.0 0.0 0.3524341488998073 0.32841147995121206 0.3191543711489807
9 1000.0 0.0 -1.0 -1.0 -1.0 0.0 0.34380404257069264 0.3387867672935162 0.317409190135791
1000000000000000000000000000000000000000000000000000000000000000000000000000000000000000000000000000
-1.0
solo con 1: -100.0
