9 0.0 31.0 -42.0 -168.0 -99.78 50.02657475600526 0.3333333333333333 0.3333333333333333 0.3333333333333333
9 1.0 35.0 -40.0 -168.0 -84.81 48.162958859071416 0.27193037860195984 0.28749201112624134 0.440577610271799
9 2.0 35.0 -39.0 -168.0 -66.22 39.97286453320426 0.26364036150120973 0.22490190117395772 0.5114577373248322
9 3.0 13.0 -39.0 -167.0 -58.17 34.49405013838612 0.20894186733236675 0.20821961228751903 0.5828385203801141
9 4.0 19.0 -35.0 -167.0 -50.65 28.28654782540259 0.17852233591324773 0.18244798022231362 0.6390296838644387
9 5.0 69.0 -34.0 -167.0 -46.89 27.285210779334786 0.16951038268068938 0.1640674120236703 0.6664222052956403
9 6.0 68.0 -31.0 -167.0 -43.91 25.9627141349383 0.17730676378118626 0.14031017299073192 0.6823830632280816
9 7.0 87.0 -28.0 -152.0 -38.96 19.885998322762912 0.1800791137284714 0.12309719607890257 0.6968236901926258
9 8.0 87.0 -27.0 -147.0 -35.64 16.19235385088664 0.17675387706357243 0.12433642175078134 0.6989097011856464
9 9.0 32.0 -27.0 -147.0 -33.64 16.37904549456809 0.15569479474548364 0.12761141270173063 0.7166937925527855
9 10.0 54.0 -25.0 -147.0 -31.84 16.627055960060694 0.1424682110582795 0.1167599378305744 0.7407718511111463
9 11.0 41.0 -23.0 -147.0 -29.89 16.83064484981506 0.13336000763664838 0.1224742233572191 0.7441657690061325
9 12.0 54.0 -22.0 -146.0 -27.06 12.372027752436976 0.12230435736025455 0.1112384763205541 0.7664571663191915
9 13.0 61.0 -20.0 -146.0 -25.27 12.550387333553582 0.11312720526998982 0.10647074221278069 0.7804020525172294
9 14.0 78.0 -17.0 -44.0 -22.28 3.632290648273532 0.10127939020529508 0.10454098181318905 0.7941796279815161
9 15.0 13.0 -16.0 -44.0 -20.45 3.3040379335998336 0.09752762162104082 0.10500128630229448 0.797471092076665
9 16.0 44.0 -15.0 -29.0 -18.47 2.11514500302896 0.09924496632483513 0.11230492265725295 0.7884501110179117
9 17.0 53.0 -14.0 -29.0 -16.94 2.0141920705259713 0.08972946424856147 0.1041791387321362 0.8060913970193023
9 18.0 44.0 -11.0 -29.0 -15.4 2.132007163556105 0.08464732510807353 0.10142318914017935 0.8139294857517473
9 19.0 9.0 -10.0 -29.0 -13.78 2.24993827075816 0.08184861362742218 0.09549767098482378 0.8226537153877541
9 20.0 37.0 -9.0 -21.0 -12.31 1.926398219738095 0.09513568440357392 0.10212241088875114 0.8027419047076748
9 21.0 30.0 -7.0 -20.0 -11.07 1.9604936504705532 0.0961080371378651 0.09867861537685568 0.8052133474852795
9 22.0 25.0 -7.0 -18.0 -9.65 1.5787413475374121 0.1031253545009389 0.10498621236208958 0.7918884331369712
9 23.0 60.0 -6.0 -18.0 -8.5 1.4736747170651914 0.11542069231954265 0.1202336854890556 0.7643456221914018
9 24.0 9.0 -5.0 -18.0 -7.6 1.543968388225091 0.1216266729524189 0.11218245655326413 0.766190870494317
9 25.0 9.0 -5.0 -13.0 -6.54 1.0092501466860733 0.11257146264464682 0.11070439574001911 0.7767241416153342
9 26.0 9.0 -5.0 -8.0 -5.92 0.6305360874492097 0.11200887927598063 0.12080017371483028 0.7671909470091894
9 27.0 7.0 -4.0 -8.0 -5.51 0.703454678603025 0.1262009956739147 0.1370810750586156 0.7367179292674699
9 28.0 16.0 -3.0 -7.0 -4.98 0.6510287119923233 0.12248834034393916 0.14282782581107867 0.7346838338449824
9 29.0 0.0 -3.0 -6.0 -4.4 0.7784989441615233 0.1345975838520701 0.1634343779447054 0.7019680382032244
9 30.0 5.0 -2.0 -6.0 -3.9 0.8226589066968623 0.135695769267086 0.16346556471763227 0.7008386660152816
9 31.0 5.0 -2.0 -5.0 -3.31 0.8127146181194546 0.13050797266202324 0.1731579356516399 0.6963340916863371
9 32.0 5.0 -2.0 -5.0 -2.92 0.8370221386594627 0.1262389785984598 0.15518755755408323 0.7185734638474571
9 33.0 1.0 -2.0 -5.0 -2.48 0.7174590404667542 0.1376605444199238 0.1710832427725643 0.6912562128075116
9 34.0 1.0 -2.0 -5.0 -2.19 0.5064233865696239 0.14966310354160386 0.18712380019702535 0.6632130962613709
9 35.0 1.0 -2.0 -5.0 -2.12 0.4557156653844229 0.18399920178876641 0.22031674692662942 0.5956840512846044
9 36.0 1.0 -2.0 -5.0 -2.06 0.3428932159955311 0.2288783409484831 0.2585939005866973 0.5125277584648196
9 37.0 99.0 -1.0 -5.0 -2.04 0.3458264877015054 0.27319525992937127 0.28279943619502906 0.4440053038755998
9 38.0 11.0 -1.0 -5.0 -1.98 0.4015122927285313 0.29743307202795644 0.29079662588006494 0.41177030209197846
9 39.0 11.0 -1.0 -3.0 -1.9 0.3623715376697392 0.29820577101011647 0.292926004419959 0.40886822456992467
9 40.0 5.0 -1.0 -3.0 -1.72 0.4731156136066358 0.27159100662978913 0.2861935977812769 0.4422153955889339
9 41.0 0.0 -1.0 -3.0 -1.48 0.5218459852516181 0.25394805335644116 0.26509066140311516 0.4809612852404439
9 42.0 0.0 -1.0 -2.0 -1.34 0.47609522856952347 0.25214472692055806 0.28946942809290954 0.45838584498653234
9 43.0 0.0 -1.0 -2.0 -1.2 0.40201512610368473 0.26167050822091975 0.2968299761437674 0.4414995156353131
9 44.0 0.0 -1.0 -2.0 -1.11 0.31446603773522025 0.28417783618791004 0.2923803606935474 0.42344180311854257
9 45.0 0.0 -1.0 -2.0 -1.07 0.25643239997624284 0.3032924922742988 0.29086862702816946 0.40583888069753177
9 46.0 0.0 -1.0 -2.0 -1.04 0.1969463855669323 0.3221024165952332 0.301722186403868 0.37617539700089897
9 47.0 0.0 -1.0 -2.0 -1.01 0.09999999999999998 0.33163414840884153 0.3185912012796902 0.3497746503114682
9 48.0 0.0 -1.0 -1.0 -1.0 0.0 0.3314644903184022 0.3231299913072035 0.34540551837439437
9 49.0 0.0 -1.0 -1.0 -1.0 0.0 0.32682069465989166 0.3171941077583048 0.3559851975818035
9 50.0 0.0 -1.0 -1.0 -1.0 0.0 0.3245584668600611 0.32744000096695103 0.3480015321729877
9 51.0 0.0 -1.0 -1.0 -1.0 0.0 0.33586425990634416 0.32848426278082393 0.33565147731283135
9 52.0 0.0 -1.0 -1.0 -1.0 0.0 0.3531866980599818 0.3167277326163237 0.33008556932369465
9 53.0 0.0 -1.0 -1.0 -1.0 0.0 0.36684495819402874 0.3095059705513601 0.3236490712546112
9 54.0 0.0 -1.0 -1.0 -1.0 0.0 0.37133833219219986 0.3082589588505407 0.32040270895725953
9 55.0 0.0 -1.0 -1.0 -1.0 0.0 0.3597240860949612 0.30353809836590456 0.33673781553913384
9 56.0 0.0 -1.0 -1.0 -1.0 0.0 0.35911532953646386 0.30394584804197106 0.3369388224215652
9 57.0 0.0 -1.0 -1.0 -1.0 0.0 0.35136977147301024 0.31667991775940807 0.3319503107675817
9 58.0 0.0 -1.0 -1.0 -1.0 0.0 0.33955994450308935 0.3243698432053227 0.3360702122915879
9 59.0 0.0 -1.0 -1.0 -1.0 0.0 0.3408105999038853 0.311563310865937 0.3476260892301778
9 60.0 0.0 -1.0 -1.0 -1.0 0.0 0.3348792853044127 0.3191815894438406 0.34593912525174675
9 61.0 0.0 -1.0 -1.0 -1.0 0.0 0.362854117393535 0.33007534796780136 0.30707053463866374
9 62.0 0.0 -1.0 -1.0 -1.0 0.0 0.37771281523590666 0.33134382418398495 0.29094336058010833
9 63.0 0.0 -1.0 -1.0 -1.0 0.0 0.35180265153080303 0.35237665507396765 0.2958206933952293
9 64.0 0.0 -1.0 -1.0 -1.0 0.0 0.3444561336731013 0.3541214474293595 0.3014224188975392
9 65.0 0.0 -1.0 -1.0 -1.0 0.0 0.3325143751390173 0.36845508325148285 0.2990305416094998
9 66.0 0.0 -1.0 -1.0 -1.0 0.0 0.3518162904110539 0.3590506869941727 0.28913302259477336
9 67.0 0.0 -1.0 -1.0 -1.0 0.0 0.35472902637383513 0.34913669511725887 0.2961342785089062
9 68.0 0.0 -1.0 -1.0 -1.0 0.0 0.3717271746336466 0.33088852407703945 0.29738430128931403
9 69.0 0.0 -1.0 -1.0 -1.0 0.0 0.34754577739460635 0.3310632344085227 0.3213909881968708
9 70.0 0.0 -1.0 -1.0 -1.0 0.0 0.3597171878479004 0.32684569213044024 0.31343712002165924
9 71.0 0.0 -1.0 -1.0 -1.0 0.0 0.329261789781391 0.33115210979868365 0.3395861004199256
9 72.0 0.0 -1.0 -1.0 -1.0 0.0 0.35074314796239336 0.31387813597325315 0.33537871606435393
9 73.0 0.0 -1.0 -1.0 -1.0 0.0 0.36279078720728153 0.30482817790480005 0.33238103488791887
9 74.0 0.0 -1.0 -1.0 -1.0 0.0 0.36821701843023397 0.32232744370199357 0.30945553786777236
9 75.0 0.0 -1.0 -1.0 -1.0 0.0 0.3453661550706613 0.35228209769558994 0.3023517472337489
9 76.0 0.0 -1.0 -1.0 -1.0 0.0 0.3547231989623432 0.3275783293782591 0.31769847165939763
9 77.0 0.0 -1.0 -1.0 -1.0 0.0 0.33055795154747697 0.35158522164902145 0.31785682680350147
9 78.0 0.0 -1.0 -1.0 -1.0 0.0 0.32564326214643907 0.3393075715653322 0.3350491662882288
9 79.0 0.0 -1.0 -1.0 -1.0 0.0 0.3275818237336827 0.34747351005954846 0.32494466620676865
9 80.0 0.0 -1.0 -1.0 -1.0 0.0 0.32492860229597204 0.3409875952074078 0.3340838024966201
9 81.0 0.0 -1.0 -1.0 -1.0 0.0 0.3447541642129049 0.3389845368389052 0.3162612989481899
9 82.0 0.0 -1.0 -1.0 -1.0 0.0 0.3652108792565192 0.3379197592815137 0.29686936146196713
9 83.0 0.0 -1.0 -1.0 -1.0 0.0 0.33676926762420634 0.367836411259657 0.2953943211161366
9 84.0 0.0 -1.0 -1.0 -1.0 0.0 0.32596897122819807 0.3463376838950009 0.32769334487680096
9 85.0 0.0 -1.0 -1.0 -1.0 0.0 0.32039670267200493 0.3443362126942222 0.33526708463377297
9 86.0 0.0 -1.0 -1.0 -1.0 0.0 0.30826166985573966 0.37182696400192705 0.31991136614233295
9 87.0 0.0 -1.0 -1.0 -1.0 0.0 0.2994279569435927 0.3686831610673007 0.3318888819891065
9 88.0 0.0 -1.0 -1.0 -1.0 0.0 0.30946052525738243 0.34374262910690406 0.34679684563571356
9 89.0 0.0 -1.0 -1.0 -1.0 0.0 0.3236257668239288 0.3403551777604356 0.33601905541563537
9 90.0 0.0 -1.0 -1.0 -1.0 0.0 0.3228768681134209 0.3584192930157005 0.3187038388708786
9 91.0 0.0 -1.0 -1.0 -1.0 0.0 0.3247877612096057 0.35114107936135064 0.3240711594290435
9 92.0 0.0 -1.0 -1.0 -1.0 0.0 0.32378761970836395 0.3653396580472926 0.3108727222443434
9 93.0 0.0 -1.0 -1.0 -1.0 0.0 0.32098107858581576 0.3698778188679331 0.3091411025462511
9 94.0 0.0 -1.0 -1.0 -1.0 0.0 0.3083122218193479 0.38492093629185314 0.3067668418887988
9 95.0 0.0 -1.0 -1.0 -1.0 0.0 0.29403880692814366 0.3887843849675573 0.31717680810429894
9 96.0 0.0 -1.0 -1.0 -1.0 0.0 0.30317573977500084 0.3757230068249548 0.3211012534000444
9 97.0 0.0 -1.0 -1.0 -1.0 0.0 0.31537986563236237 0.35713423364356456 0.3274859007240728
9 98.0 0.0 -1.0 -1.0 -1.0 0.0 0.2963398646744774 0.35993618470773947 0.343723950617783
9 99.0 0.0 -1.0 -1.0 -1.0 0.0 0.32749888673336036 0.3341129519491038 0.338388161317536
9 100.0 0.0 -1.0 -1.0 -1.0 0.0 0.32953467500150874 0.3297453744895277 0.3407199505089637
9 101.0 0.0 -1.0 -1.0 -1.0 0.0 0.32387604438988155 0.3283411735249463 0.34778278208517216
9 102.0 0.0 -1.0 -1.0 -1.0 0.0 0.32408191674044573 0.34879218007900403 0.32712590318055035
9 103.0 0.0 -1.0 -1.0 -1.0 0.0 0.3113566270789616 0.3492301939941162 0.3394131789269222
9 104.0 0.0 -1.0 -1.0 -1.0 0.0 0.3276851857387607 0.3091577128067656 0.36315710145447355
9 105.0 0.0 -1.0 -1.0 -1.0 0.0 0.3302700075446158 0.27993293991085194 0.38979705254453256
9 106.0 0.0 -1.0 -1.0 -1.0 0.0 0.33221756201578434 0.271817535707608 0.39596490227660747
9 107.0 0.0 -1.0 -1.0 -1.0 0.0 0.32867945106720997 0.2947530166809915 0.3765675322517983
9 108.0 0.0 -1.0 -1.0 -1.0 0.0 0.32859109674312237 0.2924771224189037 0.378931780837974
9 109.0 0.0 -1.0 -1.0 -1.0 0.0 0.3515615413987632 0.32151334983119173 0.3269251087700452
9 110.0 0.0 -1.0 -1.0 -1.0 0.0 0.33299553181777936 0.30999469435038185 0.35700977383183874
9 111.0 0.0 -1.0 -1.0 -1.0 0.0 0.3488332429637445 0.3032499686106125 0.3479167884256427
9 112.0 0.0 -1.0 -1.0 -1.0 0.0 0.35171575531347876 0.30695742086931704 0.3413268238172042
9 113.0 0.0 -1.0 -1.0 -1.0 0.0 0.32653206997034695 0.3217451086339825 0.35172282139567057
9 114.0 0.0 -1.0 -1.0 -1.0 0.0 0.30965983052052 0.33028513277901184 0.360055036700468
9 115.0 0.0 -1.0 -1.0 -1.0 0.0 0.32679624969168164 0.3059615880906033 0.367242162217715
9 116.0 0.0 -1.0 -1.0 -1.0 0.0 0.34318606904179655 0.33299559349761976 0.32381833746058364
9 117.0 0.0 -1.0 -1.0 -1.0 0.0 0.345986249284783 0.3215146676199276 0.33249908309528936
9 118.0 0.0 -1.0 -1.0 -1.0 0.0 0.32587193431307554 0.35212478198282887 0.32200328370409537
9 119.0 0.0 -1.0 -1.0 -1.0 0.0 0.3146894873285605 0.35784902891046216 0.32746148376097733
9 120.0 0.0 -1.0 -1.0 -1.0 0.0 0.3331013040456678 0.3689570779459326 0.29794161800839936
9 121.0 0.0 -1.0 -1.0 -1.0 0.0 0.3266512748803864 0.33897576074623864 0.33437296437337494
9 122.0 0.0 -1.0 -1.0 -1.0 0.0 0.31728045573425573 0.34551931760888344 0.33720022665686095
9 123.0 0.0 -1.0 -1.0 -1.0 0.0 0.30510862887490814 0.34447216296127225 0.3504192081638198
9 124.0 0.0 -1.0 -1.0 -1.0 0.0 0.2827165294990692 0.35207079232957644 0.36521267817135394
9 125.0 0.0 -1.0 -1.0 -1.0 0.0 0.2731047867421963 0.39281352411520554 0.33408168914259817
9 126.0 0.0 -1.0 -1.0 -1.0 0.0 0.2782838820481261 0.3752679291432795 0.3464481888085942
9 127.0 0.0 -1.0 -1.0 -1.0 0.0 0.28696605585706986 0.3649498687215323 0.34808407542139774
9 128.0 0.0 -1.0 -1.0 -1.0 0.0 0.310572899748758 0.3742052833659221 0.3152218168853197
9 129.0 0.0 -1.0 -1.0 -1.0 0.0 0.3077164742402702 0.4003489569927432 0.2919345687669866
9 130.0 0.0 -1.0 -1.0 -1.0 0.0 0.3088934833931543 0.3875462287560891 0.3035602878507568
9 131.0 0.0 -1.0 -1.0 -1.0 0.0 0.3208001409834239 0.3611422532060365 0.31805760581053955
9 132.0 0.0 -1.0 -1.0 -1.0 0.0 0.33751601845578927 0.3529829296838798 0.3095010518603306
9 133.0 0.0 -1.0 -1.0 -1.0 0.0 0.3318896612794379 0.36967426573708606 0.2984360729834758
9 134.0 0.0 -1.0 -1.0 -1.0 0.0 0.3307618785289232 0.37625202023730764 0.2929861012337692
9 135.0 0.0 -1.0 -1.0 -1.0 0.0 0.31817429250371576 0.39212708049773987 0.2896986269985442
9 136.0 0.0 -1.0 -1.0 -1.0 0.0 0.32792274485420747 0.3711677012205087 0.3009095539252841
9 137.0 0.0 -1.0 -1.0 -1.0 0.0 0.3097547066585861 0.3777991456129907 0.31244614772842294
9 138.0 0.0 -1.0 -1.0 -1.0 0.0 0.3275883414501276 0.36604034811373587 0.3063713104361366
9 139.0 0.0 -1.0 -1.0 -1.0 0.0 0.32455088985197295 0.35264687140117623 0.3228022387468507
9 140.0 0.0 -1.0 -1.0 -1.0 0.0 0.33510811201292506 0.34974662419816155 0.31514526378891317
9 141.0 0.0 -1.0 -1.0 -1.0 0.0 0.33697832435474984 0.34133141606941175 0.32169025957583847
9 142.0 0.0 -1.0 -1.0 -1.0 0.0 0.3403796759870695 0.33477796673661225 0.3248423572763182
9 143.0 0.0 -1.0 -1.0 -1.0 0.0 0.34316856462596745 0.313582918728022 0.34324851664601047
9 144.0 0.0 -1.0 -1.0 -1.0 0.0 0.3722212918922294 0.2983219153483646 0.32945679275940615
9 145.0 0.0 -1.0 -1.0 -1.0 0.0 0.3680057634091009 0.30771757043518966 0.32427666615570916
9 146.0 0.0 -1.0 -1.0 -1.0 0.0 0.32632125892648217 0.33005322393076164 0.34362551714275624
9 147.0 0.0 -1.0 -1.0 -1.0 0.0 0.29393091978170305 0.3482272023478676 0.3578418778704293
9 148.0 0.0 -1.0 -1.0 -1.0 0.0 0.3214433003369933 0.3240200587468444 0.3545366409161623
9 149.0 0.0 -1.0 -1.0 -1.0 0.0 0.33381528982301817 0.29491441994837847 0.37127029022860336
9 150.0 0.0 -1.0 -1.0 -1.0 0.0 0.33031116115607534 0.31754286432242607 0.35214597452149854
9 151.0 0.0 -1.0 -1.0 -1.0 0.0 0.31679001881023655 0.3417346082776978 0.3414753729120658
9 152.0 0.0 -1.0 -1.0 -1.0 0.0 0.3082765743446236 0.31783451605791446 0.37388890959746185
9 153.0 0.0 -1.0 -1.0 -1.0 0.0 0.2909490410460615 0.3395032814461769 0.36954767750776163
9 154.0 0.0 -1.0 -1.0 -1.0 0.0 0.29857416862026254 0.33612209434762513 0.3653037370321124
9 155.0 0.0 -1.0 -1.0 -1.0 0.0 0.3049904621044718 0.33522435456187516 0.35978518333365317
9 156.0 0.0 -1.0 -1.0 -1.0 0.0 0.30775807986588405 0.34145246703094645 0.3507894531031694
9 157.0 0.0 -1.0 -1.0 -1.0 0.0 0.2714153659039327 0.34073834859334434 0.3878462855027232
9 158.0 0.0 -1.0 -1.0 -1.0 0.0 0.2761346420080968 0.3407142653906758 0.38315109260122726
9 159.0 0.0 -1.0 -1.0 -1.0 0.0 0.3179749379633816 0.32070964584958106 0.36131541618703733
9 160.0 0.0 -1.0 -1.0 -1.0 0.0 0.32766427824609934 0.3438992761345878 0.328436445619313
9 161.0 0.0 -1.0 -1.0 -1.0 0.0 0.3334239567967719 0.34245768607131133 0.324118357131917
9 162.0 0.0 -1.0 -1.0 -1.0 0.0 0.3129871816249027 0.36222981286109396 0.3247830055140033
9 163.0 0.0 -1.0 -1.0 -1.0 0.0 0.325476505528823 0.3684034436091451 0.3061200508620314
9 164.0 0.0 -1.0 -1.0 -1.0 0.0 0.2957734969250501 0.39520438165565963 0.30902212141929036
9 165.0 0.0 -1.0 -1.0 -1.0 0.0 0.3116239750698149 0.37662702782833063 0.31174899710185455
9 166.0 0.0 -1.0 -1.0 -1.0 0.0 0.3091630830246559 0.3795825337289697 0.3112543832463744
9 167.0 0.0 -1.0 -1.0 -1.0 0.0 0.3099591085096586 0.3784610793449826 0.31157981214535896
9 168.0 0.0 -1.0 -1.0 -1.0 0.0 0.2996930183359373 0.3970213661617954 0.30328561550226746
9 169.0 0.0 -1.0 -1.0 -1.0 0.0 0.29133545096053354 0.3955700223713976 0.31309452666806875
9 170.0 0.0 -1.0 -1.0 -1.0 0.0 0.29814398865902786 0.37355980187012655 0.3282962094708456
9 171.0 0.0 -1.0 -1.0 -1.0 0.0 0.3387875814729553 0.31960667290285494 0.34160574562418977
9 172.0 0.0 -1.0 -1.0 -1.0 0.0 0.35031135039738315 0.29982810484365946 0.3498605447589574
9 173.0 0.0 -1.0 -1.0 -1.0 0.0 0.35634604061215713 0.2980609999450889 0.345592959442754
9 174.0 0.0 -1.0 -1.0 -1.0 0.0 0.3803124354423246 0.2881642204483045 0.33152334410937095
9 175.0 0.0 -1.0 -1.0 -1.0 0.0 0.3979802097541631 0.26941046878996333 0.33260932145587374
9 176.0 0.0 -1.0 -1.0 -1.0 0.0 0.3892449410590932 0.2728473490319463 0.33790770990896035
9 177.0 0.0 -1.0 -1.0 -1.0 0.0 0.3823948195160331 0.2798157651603843 0.3377894153235825
9 178.0 0.0 -1.0 -1.0 -1.0 0.0 0.37872422087690255 0.29221427660677185 0.3290615025163254
9 179.0 0.0 -1.0 -1.0 -1.0 0.0 0.3631483487575188 0.3257476092797763 0.31110404196270514
9 180.0 0.0 -1.0 -1.0 -1.0 0.0 0.36099958928469983 0.3296900702301773 0.3093103404851233
9 181.0 0.0 -1.0 -1.0 -1.0 0.0 0.3683741475282776 0.2980496092274351 0.33357624324428764
9 182.0 0.0 -1.0 -1.0 -1.0 0.0 0.3837850838231911 0.30302190182761096 0.31319301434919794
9 183.0 0.0 -1.0 -1.0 -1.0 0.0 0.33104968460434026 0.33493692211802506 0.33401339327763474
9 184.0 0.0 -1.0 -1.0 -1.0 0.0 0.31152931807990264 0.3478103832118634 0.3406602987082343
9 185.0 0.0 -1.0 -1.0 -1.0 0.0 0.33567578201095716 0.3271886985756721 0.3371355194133706
9 186.0 0.0 -1.0 -1.0 -1.0 0.0 0.31066003902351585 0.339541360966964 0.34979860000952007
9 187.0 0.0 -1.0 -1.0 -1.0 0.0 0.3189905946540025 0.3562061299896413 0.3248032753563562
9 188.0 0.0 -1.0 -1.0 -1.0 0.0 0.3288300350316334 0.33725079589394324 0.33391916907442337
9 189.0 0.0 -1.0 -1.0 -1.0 0.0 0.3243285028607842 0.3233365177648359 0.3523349793743802
9 190.0 0.0 -1.0 -1.0 -1.0 0.0 0.30571080230424336 0.3543981872642316 0.33989101043152475
9 191.0 0.0 -1.0 -1.0 -1.0 0.0 0.3168788430383574 0.3181815714723545 0.36493958548928807
9 192.0 0.0 -1.0 -1.0 -1.0 0.0 0.35106749447745356 0.32163957395523723 0.32729293156730904
9 193.0 0.0 -1.0 -1.0 -1.0 0.0 0.3351182152731219 0.3053278523458424 0.3595539323810354
9 194.0 0.0 -1.0 -1.0 -1.0 0.0 0.3445106282502837 0.28827585023661056 0.3672135215131057
9 195.0 0.0 -1.0 -1.0 -1.0 0.0 0.33413827122351725 0.32018371745214497 0.34567801132433773
9 196.0 0.0 -1.0 -1.0 -1.0 0.0 0.34692385184416424 0.30492357511431895 0.3481525730415168
9 197.0 0.0 -1.0 -1.0 -1.0 0.0 0.3640935525114476 0.28953769785336453 0.34636874963518793
9 198.0 0.0 -1.0 -1.0 -1.0 0.0 0.3578838136927031 0.3044564834460422 0.3376597028612548
9 199.0 0.0 -1.0 -1.0 -1.0 0.0 0.35128102408784356 0.3122892920186567 0.3364296838934996
9 200.0 0.0 -1.0 -1.0 -1.0 0.0 0.3634976423557884 0.29543951465622587 0.3410628429879857
9 201.0 0.0 -1.0 -1.0 -1.0 0.0 0.3842794833315819 0.29820065623886616 0.3175198604295517
9 202.0 0.0 -1.0 -1.0 -1.0 0.0 0.3619120702418007 0.30611755729858436 0.3319703724596147
9 203.0 0.0 -1.0 -1.0 -1.0 0.0 0.3713251660494584 0.3035003022449267 0.3251745317056149
9 204.0 0.0 -1.0 -1.0 -1.0 0.0 0.3709264742576092 0.30772732258598473 0.3213462031564059
9 205.0 0.0 -1.0 -1.0 -1.0 0.0 0.3634065293617424 0.3371107921318462 0.29948267850641164
9 206.0 0.0 -1.0 -1.0 -1.0 0.0 0.3400109426049157 0.33281792210482464 0.3271711352902596
9 207.0 0.0 -1.0 -1.0 -1.0 0.0 0.3275648915915803 0.31876071623512664 0.35367439217329283
9 208.0 0.0 -1.0 -1.0 -1.0 0.0 0.3245647346570691 0.3244084343938325 0.35102683094909826
9 209.0 0.0 -1.0 -1.0 -1.0 0.0 0.31591604212733526 0.3112349770784499 0.37284898079421497
9 210.0 0.0 -1.0 -1.0 -1.0 0.0 0.33725384040088735 0.2971299404234559 0.36561621917565695
9 211.0 0.0 -1.0 -1.0 -1.0 0.0 0.3420548730808026 0.305580483623029 0.3523646432961685
9 212.0 0.0 -1.0 -1.0 -1.0 0.0 0.3221748213272363 0.3542668183943725 0.3235583602783914
9 213.0 0.0 -1.0 -1.0 -1.0 0.0 0.3275163768261342 0.33960318755848995 0.33288043561537584
9 214.0 0.0 -1.0 -1.0 -1.0 0.0 0.3129913759455225 0.360459704579496 0.32654891947498127
9 215.0 0.0 -1.0 -1.0 -1.0 0.0 0.35179975844024697 0.3169439668493475 0.3312562747104058
9 216.0 0.0 -1.0 -1.0 -1.0 0.0 0.3567993343979515 0.32330545279590056 0.3198952128061481
9 217.0 0.0 -1.0 -1.0 -1.0 0.0 0.3501732144424015 0.3147449324773518 0.33508185308024674
9 218.0 0.0 -1.0 -1.0 -1.0 0.0 0.35036029755821496 0.3309666961610194 0.3186730062807656
9 219.0 0.0 -1.0 -1.0 -1.0 0.0 0.34956299142555386 0.33365673616761915 0.316780272406827
9 220.0 0.0 -1.0 -1.0 -1.0 0.0 0.35232111949294587 0.3444207756019436 0.3032581049051103
9 221.0 0.0 -1.0 -1.0 -1.0 0.0 0.36535982751539975 0.32008948228552336 0.314550690199077
9 222.0 0.0 -1.0 -1.0 -1.0 0.0 0.3535418673941935 0.34119744843578564 0.3052606841700209
9 223.0 0.0 -1.0 -1.0 -1.0 0.0 0.32673571020130127 0.3511281605092515 0.3221361292894473
9 224.0 0.0 -1.0 -1.0 -1.0 0.0 0.33367094005743114 0.3330981247424951 0.33323093520007363
9 225.0 0.0 -1.0 -1.0 -1.0 0.0 0.3653160313402445 0.33381993074328997 0.3008640379164653
9 226.0 0.0 -1.0 -1.0 -1.0 0.0 0.39368280166451863 0.30470093061426207 0.3016162677212197
9 227.0 0.0 -1.0 -1.0 -1.0 0.0 0.398937348527501 0.3096324789642139 0.2914301725082852
9 228.0 0.0 -1.0 -1.0 -1.0 0.0 0.3803058388427413 0.31255502261048096 0.30713913854677793
9 229.0 0.0 -1.0 -1.0 -1.0 0.0 0.38415813055566467 0.31099124125382765 0.3048506281905079
9 230.0 0.0 -1.0 -1.0 -1.0 0.0 0.3567317099930666 0.33300448448706027 0.31026380551987304
9 231.0 0.0 -1.0 -1.0 -1.0 0.0 0.36152536705147936 0.33715256999048876 0.3013220629580319
9 232.0 0.0 -1.0 -1.0 -1.0 0.0 0.365250432650406 0.33273232562876504 0.30201724172082917
9 233.0 0.0 -1.0 -1.0 -1.0 0.0 0.3283470758666921 0.32503734961138586 0.34661557452192215
9 234.0 0.0 -1.0 -1.0 -1.0 0.0 0.32340416005687045 0.34352942574166107 0.33306641420146826
9 235.0 0.0 -1.0 -1.0 -1.0 0.0 0.33550163092073215 0.3474713164447195 0.31702705263454845
9 236.0 0.0 -1.0 -1.0 -1.0 0.0 0.33716978101602835 0.36355355454741184 0.29927666443655965
9 237.0 0.0 -1.0 -1.0 -1.0 0.0 0.3383532982738191 0.36895720881977695 0.29268949290640395
9 238.0 0.0 -1.0 -1.0 -1.0 0.0 0.3603700145160121 0.3386629834175773 0.30096700206641075
9 239.0 0.0 -1.0 -1.0 -1.0 0.0 0.3592134103272032 0.32883279803948695 0.31195379163330994
9 240.0 0.0 -1.0 -1.0 -1.0 0.0 0.35176842330066876 0.31810972267792653 0.33012185402140476
9 241.0 0.0 -1.0 -1.0 -1.0 0.0 0.33329896804569786 0.3488395351713326 0.3178614967829698
9 242.0 0.0 -1.0 -1.0 -1.0 0.0 0.34870472722039386 0.3348270332181194 0.31646823956148673
9 243.0 0.0 -1.0 -1.0 -1.0 0.0 0.34282307735338996 0.33053446783103996 0.3266424548155704
9 244.0 0.0 -1.0 -1.0 -1.0 0.0 0.32050500316439284 0.35492771040163446 0.3245672864339732
9 245.0 0.0 -1.0 -1.0 -1.0 0.0 0.31418070527995423 0.34152038765848497 0.344298907061561
9 246.0 0.0 -1.0 -1.0 -1.0 0.0 0.3344334995726523 0.33203291608138286 0.3335335843459648
9 247.0 0.0 -1.0 -1.0 -1.0 0.0 0.3211946623476549 0.32451447004962475 0.3542908676027202
9 248.0 0.0 -1.0 -1.0 -1.0 0.0 0.3364635192118297 0.30251200547257684 0.3610244753155933
9 249.0 0.0 -1.0 -1.0 -1.0 0.0 0.34237173554798583 0.2964547295772751 0.36117353487473935
9 250.0 0.0 -1.0 -1.0 -1.0 0.0 0.3459154264841922 0.31988274633840924 0.3342018271773985
9 251.0 0.0 -1.0 -1.0 -1.0 0.0 0.3093720899005359 0.3337239097557216 0.3569040003437426
9 252.0 0.0 -1.0 -1.0 -1.0 0.0 0.301576271944528 0.3475274042853255 0.3508963237701467
9 253.0 0.0 -1.0 -1.0 -1.0 0.0 0.3175037038308243 0.34318638140289887 0.33930991476627687
9 254.0 0.0 -1.0 -1.0 -1.0 0.0 0.3267249747569557 0.32475916710439023 0.348515858138654
9 255.0 0.0 -1.0 -1.0 -1.0 0.0 0.33121525757979847 0.3214434057751373 0.3473413366450644
9 256.0 0.0 -1.0 -1.0 -1.0 0.0 0.28145301403736084 0.3379344268960674 0.38061255906657165
9 257.0 0.0 -1.0 -1.0 -1.0 0.0 0.2877720809788092 0.3357802631994293 0.3764476558217615
9 258.0 0.0 -1.0 -1.0 -1.0 0.0 0.29919233399628875 0.306956326341325 0.3938513396623861
9 259.0 0.0 -1.0 -1.0 -1.0 0.0 0.285806364971723 0.32197456858956763 0.39221906643870946
9 260.0 0.0 -1.0 -1.0 -1.0 0.0 0.2933227441058972 0.3348833549372781 0.3717939009568248
9 261.0 0.0 -1.0 -1.0 -1.0 0.0 0.31037457394357637 0.35103558297905557 0.3385898430773681
9 262.0 0.0 -1.0 -1.0 -1.0 0.0 0.3107256813215196 0.3472223669811537 0.3420519516973268
9 263.0 0.0 -1.0 -1.0 -1.0 0.0 0.3122772352694445 0.33457249740564327 0.35315026732491234
9 264.0 0.0 -1.0 -1.0 -1.0 0.0 0.3189153575152529 0.35072314321519465 0.33036149926955255
9 265.0 0.0 -1.0 -1.0 -1.0 0.0 0.32567986726909803 0.3468013566361902 0.3275187760947119
9 266.0 0.0 -1.0 -1.0 -1.0 0.0 0.34626811066401236 0.33234086545618213 0.32139102387980534
9 267.0 0.0 -1.0 -1.0 -1.0 0.0 0.3450072149135773 0.32049780829990526 0.3344949767865175
9 268.0 0.0 -1.0 -1.0 -1.0 0.0 0.33709395957942734 0.3393103806516333 0.3235956597689393
9 269.0 0.0 -1.0 -1.0 -1.0 0.0 0.3432915160636392 0.327500267196928 0.3292082167394327
9 270.0 0.0 -1.0 -1.0 -1.0 0.0 0.32167473862740126 0.32829208098822144 0.3500331803843774
9 271.0 0.0 -1.0 -1.0 -1.0 0.0 0.35211855195083896 0.32924546479614336 0.3186359832530179
9 272.0 0.0 -1.0 -1.0 -1.0 0.0 0.32496577379155317 0.3357673351503302 0.33926689105811647
9 273.0 0.0 -1.0 -1.0 -1.0 0.0 0.2889394484140707 0.3536219468631255 0.35743860472280403
9 274.0 0.0 -1.0 -1.0 -1.0 0.0 0.29103930667371974 0.34166898912090404 0.36729170420537627
9 275.0 0.0 -1.0 -1.0 -1.0 0.0 0.29696680599189584 0.34974662333975887 0.3532865706683454
9 276.0 0.0 -1.0 -1.0 -1.0 0.0 0.31051461112207257 0.3163377490417615 0.3731476398361659
9 277.0 0.0 -1.0 -1.0 -1.0 0.0 0.309688682641743 0.3188005263755795 0.3715107909826776
9 278.0 0.0 -1.0 -1.0 -1.0 0.0 0.30434527566119346 0.34586674168858783 0.34978798265021865
9 279.0 0.0 -1.0 -1.0 -1.0 0.0 0.29708062086053993 0.34061811779693957 0.36230126134252055
9 280.0 0.0 -1.0 -1.0 -1.0 0.0 0.2747353777407073 0.37219976659207465 0.3530648556672182
9 281.0 0.0 -1.0 -1.0 -1.0 0.0 0.29672654314332103 0.36195150006504784 0.3413219567916313
9 282.0 0.0 -1.0 -1.0 -1.0 0.0 0.31030387487423594 0.3554691984372758 0.334226926688488
9 283.0 0.0 -1.0 -1.0 -1.0 0.0 0.33410644800373446 0.33702786645178023 0.32886568554448525
9 284.0 0.0 -1.0 -1.0 -1.0 0.0 0.3389359889494392 0.3520649012227201 0.30899910982784085
9 285.0 0.0 -1.0 -1.0 -1.0 0.0 0.3513720328673001 0.32123592558011965 0.32739204155258
9 286.0 0.0 -1.0 -1.0 -1.0 0.0 0.3392687393930677 0.3281800100475183 0.33255125055941404
9 287.0 0.0 -1.0 -1.0 -1.0 0.0 0.3684453848641362 0.3244223713166378 0.3071322438192263
9 288.0 0.0 -1.0 -1.0 -1.0 0.0 0.3896715675691644 0.3020240026266246 0.3083044298042113
9 289.0 0.0 -1.0 -1.0 -1.0 0.0 0.331390138195015 0.33242472566339887 0.33618513614158624
9 290.0 0.0 -1.0 -1.0 -1.0 0.0 0.34651299705326666 0.33577232029563947 0.31771468265109387
9 291.0 0.0 -1.0 -1.0 -1.0 0.0 0.3302010907052872 0.33644234060579586 0.33335656868891694
9 292.0 0.0 -1.0 -1.0 -1.0 0.0 0.3508012807691513 0.3405755902062056 0.3086231290246432
9 293.0 0.0 -1.0 -1.0 -1.0 0.0 0.3499914363345472 0.33639323657912423 0.31361532708632867
9 294.0 0.0 -1.0 -1.0 -1.0 0.0 0.3516088108420538 0.3370838879379662 0.3113073012199803
9 295.0 0.0 -1.0 -1.0 -1.0 0.0 0.33386745148933294 0.34392286763819124 0.32220968087247553
9 296.0 0.0 -1.0 -1.0 -1.0 0.0 0.3279020033597906 0.34692222237886405 0.3251757742613454
9 297.0 0.0 -1.0 -1.0 -1.0 0.0 0.30920541298431437 0.3777884043308138 0.31300618268487196
9 298.0 0.0 -1.0 -1.0 -1.0 0.0 0.32579504526006153 0.3522628046476044 0.3219421500923342
9 299.0 0.0 -1.0 -1.0 -1.0 0.0 0.33133696278656577 0.34935412010632894 0.31930891710710513
9 300.0 0.0 -1.0 -1.0 -1.0 0.0 0.33909724102969 0.3403632229426585 0.3205395360276516
9 301.0 0.0 -1.0 -1.0 -1.0 0.0 0.34414373729057796 0.3171612563138472 0.3386950063955749
9 302.0 0.0 -1.0 -1.0 -1.0 0.0 0.3434022205890967 0.30625580693646265 0.3503419724744402
9 303.0 0.0 -1.0 -1.0 -1.0 0.0 0.3293385667816834 0.3386491129133049 0.33201232030501165
9 304.0 0.0 -1.0 -1.0 -1.0 0.0 0.3116451131814457 0.3586329559366995 0.32972193088185486
9 305.0 0.0 -1.0 -1.0 -1.0 0.0 0.3005868145212691 0.3678196523135845 0.3315935331651464
9 306.0 0.0 -1.0 -1.0 -1.0 0.0 0.2999828792087253 0.3705698621744418 0.3294472586168327
9 307.0 0.0 -1.0 -1.0 -1.0 0.0 0.303473297605999 0.36574817763782197 0.33077852475617897
9 308.0 0.0 -1.0 -1.0 -1.0 0.0 0.3165311694015388 0.3413478626401808 0.3421209679582804
9 309.0 0.0 -1.0 -1.0 -1.0 0.0 0.29517520677314685 0.34140731375294964 0.3634174794739035
9 310.0 0.0 -1.0 -1.0 -1.0 0.0 0.3083179974909167 0.32047196802139005 0.37121003448769324
9 311.0 0.0 -1.0 -1.0 -1.0 0.0 0.33151447417583113 0.32270704693058405 0.3457784788935846
9 312.0 0.0 -1.0 -1.0 -1.0 0.0 0.3252044946016553 0.3221256004819548 0.35266990491638994
9 313.0 0.0 -1.0 -1.0 -1.0 0.0 0.3309332359211583 0.31151539715357646 0.3575513669252653
9 314.0 0.0 -1.0 -1.0 -1.0 0.0 0.33550496772610394 0.2903871962431046 0.37410783603079145
9 315.0 0.0 -1.0 -1.0 -1.0 0.0 0.3661557373818367 0.2766716438983817 0.3571726187197816
9 316.0 0.0 -1.0 -1.0 -1.0 0.0 0.3413609610502683 0.2996451186471993 0.35899392030253224
9 317.0 0.0 -1.0 -1.0 -1.0 0.0 0.37219654046913936 0.2924931173555749 0.3353103421752855
9 318.0 0.0 -1.0 -1.0 -1.0 0.0 0.3665257495626983 0.3045185513487854 0.3289556990885162
9 319.0 0.0 -1.0 -1.0 -1.0 0.0 0.3523646803936351 0.3384050294910683 0.30923029011529646
9 320.0 0.0 -1.0 -1.0 -1.0 0.0 0.34625541047817776 0.34703105129091183 0.3067135382309107
9 321.0 0.0 -1.0 -1.0 -1.0 0.0 0.3758099123156008 0.3169436962833592 0.30724639140103965
9 322.0 0.0 -1.0 -1.0 -1.0 0.0 0.34273925561352697 0.32068297247455424 0.3365777719119187
9 323.0 0.0 -1.0 -1.0 -1.0 0.0 0.3537751432801244 0.29297281730195623 0.3532520394179194
9 324.0 0.0 -1.0 -1.0 -1.0 0.0 0.34126898550862017 0.297218704520564 0.3615123099708159
9 325.0 0.0 -1.0 -1.0 -1.0 0.0 0.33435776378692594 0.2854461743124502 0.3801960619006239
9 326.0 0.0 -1.0 -1.0 -1.0 0.0 0.3231027197568636 0.31135754460085197 0.3655397356422842
9 327.0 0.0 -1.0 -1.0 -1.0 0.0 0.3319423567476999 0.31320290015582924 0.35485474309647097
9 328.0 0.0 -1.0 -1.0 -1.0 0.0 0.3472637115018753 0.31519606486218565 0.33754022363593866
9 329.0 0.0 -1.0 -1.0 -1.0 0.0 0.3441581918610686 0.3250100353769344 0.33083177276199716
9 330.0 0.0 -1.0 -1.0 -1.0 0.0 0.35021621247319357 0.329179816955452 0.32060397057135426
9 331.0 0.0 -1.0 -1.0 -1.0 0.0 0.37346378198762215 0.30959631839929314 0.31693989961308466
9 332.0 0.0 -1.0 -1.0 -1.0 0.0 0.34963671872392915 0.3417218820440706 0.3086413992320003
9 333.0 0.0 -1.0 -1.0 -1.0 0.0 0.3537737608555055 0.3380448372333051 0.30818140191118976
9 334.0 0.0 -1.0 -1.0 -1.0 0.0 0.35241387029813054 0.33218408001152455 0.31540204969034513
9 335.0 0.0 -1.0 -1.0 -1.0 0.0 0.3354779785605146 0.3422312472922308 0.32229077414725454
9 336.0 0.0 -1.0 -1.0 -1.0 0.0 0.3179577546493857 0.33378627040666187 0.34825597494395255
9 337.0 0.0 -1.0 -1.0 -1.0 0.0 0.32193607086517284 0.3091228885672528 0.36894104056757404
9 338.0 0.0 -1.0 -1.0 -1.0 0.0 0.31138406929544815 0.3042281460120867 0.3843877846924652
9 339.0 0.0 -1.0 -1.0 -1.0 0.0 0.2903920207991846 0.3327159772607189 0.3768920019400966
9 340.0 0.0 -1.0 -1.0 -1.0 0.0 0.30283177997180477 0.3319949337535156 0.3651732862746797
9 341.0 0.0 -1.0 -1.0 -1.0 0.0 0.3072780970809277 0.3288207781861279 0.3639011247329443
9 342.0 0.0 -1.0 -1.0 -1.0 0.0 0.3303046034248925 0.3105409073383412 0.3591544892367662
9 343.0 0.0 -1.0 -1.0 -1.0 0.0 0.31874953221908997 0.29782417231324987 0.38342629546766005
9 344.0 0.0 -1.0 -1.0 -1.0 0.0 0.3223935360143046 0.2980596373134061 0.37954682667228923
9 345.0 0.0 -1.0 -1.0 -1.0 0.0 0.33935698038658635 0.30868569751686203 0.3519573220965516
9 346.0 0.0 -1.0 -1.0 -1.0 0.0 0.3241616667804604 0.3295926642999581 0.3462456689195813
9 347.0 0.0 -1.0 -1.0 -1.0 0.0 0.35242419178706713 0.32420942297226274 0.32336638524066996
9 348.0 0.0 -1.0 -1.0 -1.0 0.0 0.3383482693102183 0.33590822121129466 0.325743509478487
9 349.0 0.0 -1.0 -1.0 -1.0 0.0 0.35357752413332943 0.30327076142502934 0.343151714441641
9 350.0 0.0 -1.0 -1.0 -1.0 0.0 0.3715967822055017 0.2806650944213851 0.34773812337311305
9 351.0 0.0 -1.0 -1.0 -1.0 0.0 0.3402428683157892 0.29033216352343433 0.36942496816077636
9 352.0 0.0 -1.0 -1.0 -1.0 0.0 0.3441151332305723 0.2806886353022041 0.37519623146722353
9 353.0 0.0 -1.0 -1.0 -1.0 0.0 0.327615203472526 0.2927466435502084 0.3796381529772654
9 354.0 0.0 -1.0 -1.0 -1.0 0.0 0.30713819600136444 0.29908101979712365 0.3937807842015117
9 355.0 0.0 -1.0 -1.0 -1.0 0.0 0.3204281659840892 0.3094729979547677 0.3700988360611429
9 356.0 0.0 -1.0 -1.0 -1.0 0.0 0.3101931773393082 0.3221370452043172 0.36766977745637447
9 357.0 0.0 -1.0 -1.0 -1.0 0.0 0.30451189187723027 0.3296610074900259 0.365827100632744
9 358.0 0.0 -1.0 -1.0 -1.0 0.0 0.321319088807414 0.3297525820281277 0.3489283291644583
9 359.0 0.0 -1.0 -1.0 -1.0 0.0 0.3315029379671121 0.31630012666731533 0.3521969353655727
9 360.0 0.0 -1.0 -1.0 -1.0 0.0 0.3229141232709555 0.32712226119672444 0.3499636155323199
9 361.0 0.0 -1.0 -1.0 -1.0 0.0 0.3024341372013465 0.34074477280443083 0.35682108999422263
9 362.0 0.0 -1.0 -1.0 -1.0 0.0 0.301073409636358 0.3481223633233052 0.3508042270403368
9 363.0 0.0 -1.0 -1.0 -1.0 0.0 0.3160598056301569 0.34336039025388987 0.34057980411595323
9 364.0 0.0 -1.0 -1.0 -1.0 0.0 0.31870886348161503 0.3252637070179692 0.35602742950041544
9 365.0 0.0 -1.0 -1.0 -1.0 0.0 0.35956265728877485 0.3183346123515013 0.32210273035972387
9 366.0 0.0 -1.0 -1.0 -1.0 0.0 0.3436647498170421 0.3091972058154264 0.3471380443675315
9 367.0 0.0 -1.0 -1.0 -1.0 0.0 0.3429769505652721 0.3046961631578118 0.3523268862769159
9 368.0 0.0 -1.0 -1.0 -1.0 0.0 0.3332337653978316 0.31967108510117037 0.3470951495009979
9 369.0 0.0 -1.0 -1.0 -1.0 0.0 0.34404860655299885 0.3135087492440849 0.34244264420291637
9 370.0 0.0 -1.0 -1.0 -1.0 0.0 0.35809441624161065 0.2903225405333557 0.35158304322503364
9 371.0 0.0 -1.0 -1.0 -1.0 0.0 0.3502998614723912 0.3086475784368947 0.34105256009071416
9 372.0 0.0 -1.0 -1.0 -1.0 0.0 0.3420122285607 0.32001467738245387 0.33797309405684595
9 373.0 0.0 -1.0 -1.0 -1.0 0.0 0.3658095716698899 0.30628407797297424 0.3279063503571357
9 374.0 0.0 -1.0 -1.0 -1.0 0.0 0.35778173016121256 0.32364090956667085 0.31857736027211647
9 375.0 0.0 -1.0 -1.0 -1.0 0.0 0.35729481078400793 0.3136261481376964 0.3290790410782957
9 376.0 0.0 -1.0 -1.0 -1.0 0.0 0.39280388145999723 0.28454133721154484 0.32265478132845776
9 377.0 0.0 -1.0 -1.0 -1.0 0.0 0.38006996966257356 0.27554784069289234 0.3443821896445341
9 378.0 0.0 -1.0 -1.0 -1.0 0.0 0.3833065642238826 0.2938308714646831 0.3228625643114343
9 379.0 0.0 -1.0 -1.0 -1.0 0.0 0.3875245156784564 0.281312853478916 0.33116263084262765
9 380.0 0.0 -1.0 -1.0 -1.0 0.0 0.3807311575077192 0.2790628699682591 0.34020597252402185
9 381.0 0.0 -1.0 -1.0 -1.0 0.0 0.37191098573197634 0.285138939607887 0.34295007466013666
9 382.0 0.0 -1.0 -1.0 -1.0 0.0 0.3684825601802367 0.3116681205783326 0.3198493192414308
9 383.0 0.0 -1.0 -1.0 -1.0 0.0 0.3530104609683002 0.32747365961349134 0.3195158794182084
9 384.0 0.0 -1.0 -1.0 -1.0 0.0 0.3354842511378405 0.33128372396223527 0.3332320248999242
9 385.0 0.0 -1.0 -1.0 -1.0 0.0 0.3454782276279684 0.33971098126220456 0.3148107911098272
9 386.0 0.0 -1.0 -1.0 -1.0 0.0 0.34640505861710663 0.33862335668185567 0.3149715847010379
9 387.0 0.0 -1.0 -1.0 -1.0 0.0 0.34579877979032553 0.33799433410564766 0.31620688610402686
9 388.0 0.0 -1.0 -1.0 -1.0 0.0 0.3481167995147409 0.3018914503875923 0.34999175009766686
9 389.0 0.0 -1.0 -1.0 -1.0 0.0 0.34172503057279946 0.29595629732409734 0.3623186721031034
9 390.0 0.0 -1.0 -1.0 -1.0 0.0 0.33472930241024357 0.309495904110095 0.3557747934796614
9 391.0 0.0 -1.0 -1.0 -1.0 0.0 0.3350406429965597 0.32612675344334846 0.33883260356009165
9 392.0 0.0 -1.0 -1.0 -1.0 0.0 0.3156441377951738 0.3385453069158358 0.3458105552889901
9 393.0 0.0 -1.0 -1.0 -1.0 0.0 0.31125475010601256 0.33261437103865205 0.3561308788553353
9 394.0 0.0 -1.0 -1.0 -1.0 0.0 0.31397653589841346 0.32954399599700623 0.35647946810458014
9 395.0 0.0 -1.0 -1.0 -1.0 0.0 0.31786559495128175 0.32177545652070927 0.36035894852800915
9 396.0 0.0 -1.0 -1.0 -1.0 0.0 0.3204044489716748 0.3366637259349059 0.342931825093419
9 397.0 0.0 -1.0 -1.0 -1.0 0.0 0.3213804360879655 0.3552627406971214 0.32335682321491327
9 398.0 0.0 -1.0 -1.0 -1.0 0.0 0.3073296713302573 0.35897471532705494 0.33369561334268805
9 399.0 0.0 -1.0 -1.0 -1.0 0.0 0.3170552130959835 0.3407585016805662 0.3421862852234506
9 400.0 0.0 -1.0 -1.0 -1.0 0.0 0.29063628934288227 0.3617248943956298 0.34763881626148785
9 401.0 0.0 -1.0 -1.0 -1.0 0.0 0.30805310962286975 0.34446563825835896 0.3474812521187712
9 402.0 0.0 -1.0 -1.0 -1.0 0.0 0.35820456211764834 0.285959855943879 0.35583558193847226
9 403.0 0.0 -1.0 -1.0 -1.0 0.0 0.3869659375781366 0.28489455948505016 0.3281395029368131
9 404.0 0.0 -1.0 -1.0 -1.0 0.0 0.377177888658887 0.30332180546243087 0.3195003058786821
9 405.0 0.0 -1.0 -1.0 -1.0 0.0 0.3635209187867307 0.30860418261778916 0.32787489859548
9 406.0 0.0 -1.0 -1.0 -1.0 0.0 0.36251977556412435 0.2909362006766056 0.34654402375927007
9 407.0 0.0 -1.0 -1.0 -1.0 0.0 0.35899376604187694 0.29389322532552653 0.3471130086325966
9 408.0 0.0 -1.0 -1.0 -1.0 0.0 0.3691812097718195 0.30502296120727596 0.32579582902090437
9 409.0 0.0 -1.0 -1.0 -1.0 0.0 0.33771417096944206 0.3204476021527713 0.3418382268777867
9 410.0 0.0 -1.0 -1.0 -1.0 0.0 0.31340716590835493 0.3495624739613328 0.33703036013031223
9 411.0 0.0 -1.0 -1.0 -1.0 0.0 0.2965419345232894 0.35695010560533647 0.34650795987137395
9 412.0 0.0 -1.0 -1.0 -1.0 0.0 0.33275838148073256 0.3378499382824737 0.32939168023679366
9 413.0 0.0 -1.0 -1.0 -1.0 0.0 0.32594889340125444 0.3620993564681087 0.3119517501306371
9 414.0 0.0 -1.0 -1.0 -1.0 0.0 0.36797266480341145 0.3411997313305462 0.2908276038660421
9 415.0 0.0 -1.0 -1.0 -1.0 0.0 0.34445015796267886 0.3542546909944104 0.3012951510429107
9 416.0 0.0 -1.0 -1.0 -1.0 0.0 0.33773070126364246 0.3446741282448416 0.31759517049151603
9 417.0 0.0 -1.0 -1.0 -1.0 0.0 0.34287883325213997 0.3390783818039517 0.3180427849439081
9 418.0 0.0 -1.0 -1.0 -1.0 0.0 0.3194215885549682 0.3523901586988131 0.32818825274621866
9 419.0 0.0 -1.0 -1.0 -1.0 0.0 0.3139553596968662 0.3636360625574388 0.322408577745695
9 420.0 0.0 -1.0 -1.0 -1.0 0.0 0.3083216757535899 0.37110357983320535 0.32057474441320477
9 421.0 0.0 -1.0 -1.0 -1.0 0.0 0.2816843090133517 0.37959946163273356 0.33871622935391493
9 422.0 0.0 -1.0 -1.0 -1.0 0.0 0.27592733514579626 0.37836084501074585 0.3457118198434579
9 423.0 0.0 -1.0 -1.0 -1.0 0.0 0.30201095466262445 0.3513283952374228 0.3466606500999528
9 424.0 0.0 -1.0 -1.0 -1.0 0.0 0.3015764744944147 0.32585547335147697 0.37256805215410843
9 425.0 0.0 -1.0 -1.0 -1.0 0.0 0.329614898217612 0.3254145823706598 0.3449705194117282
9 426.0 0.0 -1.0 -1.0 -1.0 0.0 0.3060973084869358 0.3316290065783335 0.3622736849347308
9 427.0 0.0 -1.0 -1.0 -1.0 0.0 0.3179828397447354 0.33162076948971664 0.3503963907655481
9 428.0 0.0 -1.0 -1.0 -1.0 0.0 0.3183215564657573 0.3157663091326705 0.36591213440157205
9 429.0 0.0 -1.0 -1.0 -1.0 0.0 0.31887700963316534 0.3195017296037134 0.36162126076312134
9 430.0 0.0 -1.0 -1.0 -1.0 0.0 0.2990323305182556 0.3378787411138364 0.36308892836790824
9 431.0 0.0 -1.0 -1.0 -1.0 0.0 0.3059311111095524 0.3620074012701646 0.33206148762028315
9 432.0 0.0 -1.0 -1.0 -1.0 0.0 0.305236317240992 0.3775110537690011 0.31725262899000684
9 433.0 0.0 -1.0 -1.0 -1.0 0.0 0.3509220661670623 0.34365390333008394 0.3054240305028538
9 434.0 0.0 -1.0 -1.0 -1.0 0.0 0.36113666315107484 0.343733487414463 0.29512984943446186
9 435.0 0.0 -1.0 -1.0 -1.0 0.0 0.37015608919855225 0.3160052525944151 0.31383865820703255
9 436.0 0.0 -1.0 -1.0 -1.0 0.0 0.37479464422005065 0.30333932856276696 0.3218660272171826
9 437.0 0.0 -1.0 -1.0 -1.0 0.0 0.38278714665290364 0.2970455203189277 0.3201673330281688
9 438.0 0.0 -1.0 -1.0 -1.0 0.0 0.3822216332746068 0.3116987980703904 0.30607956865500285
9 439.0 0.0 -1.0 -1.0 -1.0 0.0 0.3397863097430054 0.3240536936265629 0.3361599966304315
9 440.0 0.0 -1.0 -1.0 -1.0 0.0 0.3336516930923259 0.34509841066041164 0.32124989624726247
9 441.0 0.0 -1.0 -1.0 -1.0 0.0 0.3566145258061977 0.33028830585639846 0.3130971683374038
9 442.0 0.0 -1.0 -1.0 -1.0 0.0 0.35764800244482337 0.3297076524091581 0.31264434514601847
9 443.0 0.0 -1.0 -1.0 -1.0 0.0 0.3653061543261632 0.31156024064439725 0.32313360502943944
9 444.0 0.0 -1.0 -1.0 -1.0 0.0 0.36995348222018726 0.3042863040249686 0.32576021375484404
9 445.0 0.0 -1.0 -1.0 -1.0 0.0 0.33606108893729064 0.3073542906468699 0.35658462041583955
9 446.0 0.0 -1.0 -1.0 -1.0 0.0 0.31748214191367824 0.32892149317912106 0.3535963649072007
9 447.0 0.0 -1.0 -1.0 -1.0 0.0 0.3330666319198541 0.32974099817842517 0.33719236990172063
9 448.0 0.0 -1.0 -1.0 -1.0 0.0 0.32550200934901263 0.3061208147721896 0.36837717587879765
9 449.0 0.0 -1.0 -1.0 -1.0 0.0 0.3285471496592024 0.31613940474900243 0.35531344559179523
9 450.0 0.0 -1.0 -1.0 -1.0 0.0 0.3387782420339564 0.3257252152004548 0.3354965427655887
9 451.0 0.0 -1.0 -1.0 -1.0 0.0 0.36472442586137743 0.29439662115289583 0.3408789529857267
9 452.0 0.0 -1.0 -1.0 -1.0 0.0 0.35943651955927486 0.30185592463176414 0.3387075558089612
9 453.0 0.0 -1.0 -1.0 -1.0 0.0 0.3507630744504155 0.3270137823818785 0.3222231431677061
9 454.0 0.0 -1.0 -1.0 -1.0 0.0 0.35593332823414137 0.3059453327305749 0.3381213390352837
9 455.0 0.0 -1.0 -1.0 -1.0 0.0 0.3486381749750096 0.3114886383226865 0.339873186702304
9 456.0 0.0 -1.0 -1.0 -1.0 0.0 0.3326082665942048 0.3208276111386279 0.34656412226716704
9 457.0 0.0 -1.0 -1.0 -1.0 0.0 0.31280077339899615 0.34021523345321436 0.34698399314778944
9 458.0 0.0 -1.0 -1.0 -1.0 0.0 0.32840849054653193 0.31129588409491005 0.3602956253585581
9 459.0 0.0 -1.0 -1.0 -1.0 0.0 0.3463786742729899 0.32114846808345404 0.33247285764355605
9 460.0 0.0 -1.0 -1.0 -1.0 0.0 0.3102892719679658 0.34074567013353696 0.3489650578984972
9 461.0 0.0 -1.0 -1.0 -1.0 0.0 0.3254267083043779 0.33612525627206913 0.33844803542355306
9 462.0 0.0 -1.0 -1.0 -1.0 0.0 0.3290944959524104 0.33642613033222896 0.3344793737153607
9 463.0 0.0 -1.0 -1.0 -1.0 0.0 0.3115483938661094 0.3293657308558737 0.35908587527801705
9 464.0 0.0 -1.0 -1.0 -1.0 0.0 0.30749758542658606 0.3438759294857595 0.34862648508765426
9 465.0 0.0 -1.0 -1.0 -1.0 0.0 0.3079557110615183 0.3467967309656524 0.3452475579728293
9 466.0 0.0 -1.0 -1.0 -1.0 0.0 0.30302631945299274 0.3659632204557586 0.33101046009124857
9 467.0 0.0 -1.0 -1.0 -1.0 0.0 0.30185816469925175 0.35390764277608944 0.34423419252465876
9 468.0 0.0 -1.0 -1.0 -1.0 0.0 0.3170578918032638 0.3459358881892339 0.33700622000750236
9 469.0 0.0 -1.0 -1.0 -1.0 0.0 0.3026510929441808 0.35567941596726305 0.3416694910885561
9 470.0 0.0 -1.0 -1.0 -1.0 0.0 0.3194994109789474 0.3297532667894552 0.35074732223159705
9 471.0 0.0 -1.0 -1.0 -1.0 0.0 0.3288198655401927 0.34922531979374577 0.32195481466606163
9 472.0 0.0 -1.0 -1.0 -1.0 0.0 0.33454365036568573 0.35596175692371174 0.30949459271060237
9 473.0 0.0 -1.0 -1.0 -1.0 0.0 0.3275569971804783 0.3558927836411594 0.3165502191783622
9 474.0 0.0 -1.0 -1.0 -1.0 0.0 0.3587106123281953 0.3382309159820941 0.3030584716897109
9 475.0 0.0 -1.0 -1.0 -1.0 0.0 0.3334105554292255 0.33074003391557666 0.3358494106551978
9 476.0 0.0 -1.0 -1.0 -1.0 0.0 0.3401655041809805 0.3431290336090674 0.3167054622099519
9 477.0 0.0 -1.0 -1.0 -1.0 0.0 0.33772815805733714 0.3446660265037966 0.31760581543886646
9 478.0 0.0 -1.0 -1.0 -1.0 0.0 0.34578413208441416 0.3408328343287138 0.31338303358687214
9 479.0 0.0 -1.0 -1.0 -1.0 0.0 0.3584504627103954 0.36594602459989983 0.27560351268970457
9 480.0 0.0 -1.0 -1.0 -1.0 0.0 0.3633470404206777 0.33201359801469615 0.3046393615646262
9 481.0 0.0 -1.0 -1.0 -1.0 0.0 0.3471095553674955 0.35962883873856066 0.2932616058939439
9 482.0 0.0 -1.0 -1.0 -1.0 0.0 0.32025688958250514 0.36115276085492864 0.31859034956256616
9 483.0 0.0 -1.0 -1.0 -1.0 0.0 0.31499689476930237 0.3715004161813756 0.31350268904932194
9 484.0 0.0 -1.0 -1.0 -1.0 0.0 0.34996412873825483 0.35076220562547855 0.2992736656362667
9 485.0 0.0 -1.0 -1.0 -1.0 0.0 0.3531186320817438 0.3382863861496105 0.3085949817686455
9 486.0 0.0 -1.0 -1.0 -1.0 0.0 0.3289219403569168 0.3366447228701089 0.3344333367729744
9 487.0 0.0 -1.0 -1.0 -1.0 0.0 0.3579357432325243 0.3076598844593439 0.334404372308132
9 488.0 0.0 -1.0 -1.0 -1.0 0.0 0.36357274918901716 0.2925288822794048 0.34389836853157796
9 489.0 0.0 -1.0 -1.0 -1.0 0.0 0.3722986040717149 0.29829657210460503 0.3294048238236802
9 490.0 0.0 -1.0 -1.0 -1.0 0.0 0.33048427140926706 0.3292464704849034 0.3402692581058295
9 491.0 0.0 -1.0 -1.0 -1.0 0.0 0.3405764930761989 0.3149992894364421 0.344424217487359
9 492.0 0.0 -1.0 -1.0 -1.0 0.0 0.3411644213981723 0.3262203863101037 0.33261519229172387
9 493.0 0.0 -1.0 -1.0 -1.0 0.0 0.3529314918764254 0.31967834978881027 0.3273901583347645
9 494.0 0.0 -1.0 -1.0 -1.0 0.0 0.35276062807961134 0.31237998224016034 0.33485938968022827
9 495.0 0.0 -1.0 -1.0 -1.0 0.0 0.33001104483452187 0.3097199312262697 0.36026902393920834
9 496.0 0.0 -1.0 -1.0 -1.0 0.0 0.35366047196479866 0.310818557424948 0.3355209706102534
9 497.0 0.0 -1.0 -1.0 -1.0 0.0 0.3421814580871103 0.3387710083125507 0.3190475336003395
9 498.0 0.0 -1.0 -1.0 -1.0 0.0 0.3080096201910759 0.3367860346010292 0.3552043452078946
9 499.0 0.0 -1.0 -1.0 -1.0 0.0 0.3059146541993945 0.33427588909047823 0.35980945671012704
9 500.0 0.0 -1.0 -1.0 -1.0 0.0 0.29270743446177155 0.35345445257151686 0.3538381129667114
9 501.0 0.0 -1.0 -1.0 -1.0 0.0 0.3219737813077009 0.3281470511498117 0.34987916754248727
9 502.0 0.0 -1.0 -1.0 -1.0 0.0 0.3262284695436906 0.3495947064047051 0.32417682405160425
9 503.0 0.0 -1.0 -1.0 -1.0 0.0 0.32658887755757243 0.3655140400777612 0.3078970823646663
9 504.0 0.0 -1.0 -1.0 -1.0 0.0 0.34027768461377605 0.34939229878146966 0.3103300166047541
9 505.0 0.0 -1.0 -1.0 -1.0 0.0 0.33931694457646877 0.3630493523734635 0.29763370305006764
9 506.0 0.0 -1.0 -1.0 -1.0 0.0 0.3355029518411866 0.35640378355402186 0.3080932646047916
9 507.0 0.0 -1.0 -1.0 -1.0 0.0 0.33422399580233625 0.3567007659080943 0.3090752382895697
9 508.0 0.0 -1.0 -1.0 -1.0 0.0 0.3312111632908737 0.3684623037647617 0.30032653294436457
9 509.0 0.0 -1.0 -1.0 -1.0 0.0 0.32731074853922876 0.3754557871995512 0.29723346426122005
9 510.0 0.0 -1.0 -1.0 -1.0 0.0 0.3434122949181822 0.3365863030597951 0.32000140202202254
9 511.0 0.0 -1.0 -1.0 -1.0 0.0 0.31855932720561914 0.3436503174277095 0.33779035536667157
9 512.0 0.0 -1.0 -1.0 -1.0 0.0 0.3310504717631189 0.3335196627843136 0.3354298654525676
9 513.0 0.0 -1.0 -1.0 -1.0 0.0 0.33337909544551797 0.3369238718872532 0.32969703266722894
9 514.0 0.0 -1.0 -1.0 -1.0 0.0 0.34319498062162224 0.3300306070605257 0.32677441231785215
9 515.0 0.0 -1.0 -1.0 -1.0 0.0 0.32651591684270004 0.3239649569313463 0.3495191262259536
9 516.0 0.0 -1.0 -1.0 -1.0 0.0 0.31566606793123275 0.31393560797248654 0.37039832409628076
9 517.0 0.0 -1.0 -1.0 -1.0 0.0 0.30970155926324566 0.3107501762857234 0.37954826445103085
9 518.0 0.0 -1.0 -1.0 -1.0 0.0 0.2983911035332014 0.3292492138700547 0.37235968259674385
9 519.0 0.0 -1.0 -1.0 -1.0 0.0 0.3085762985689075 0.3002463218821141 0.3911773795489782
9 520.0 0.0 -1.0 -1.0 -1.0 0.0 0.28963651715194194 0.34171005499289586 0.36865342785516203
9 521.0 0.0 -1.0 -1.0 -1.0 0.0 0.305062013150974 0.3315638001322695 0.3633741867167564
9 522.0 0.0 -1.0 -1.0 -1.0 0.0 0.3117431422321384 0.33714737238244025 0.3511094853854212
9 523.0 0.0 -1.0 -1.0 -1.0 0.0 0.3302061472571939 0.3236869264132914 0.34610692632951445
9 524.0 0.0 -1.0 -1.0 -1.0 0.0 0.31530201768193056 0.35526445225850295 0.32943353005956644
9 525.0 0.0 -1.0 -1.0 -1.0 0.0 0.34018500677715535 0.33727788831957634 0.3225371049032685
9 526.0 0.0 -1.0 -1.0 -1.0 0.0 0.3168614549736393 0.33110884917513567 0.3520296958512252
9 527.0 0.0 -1.0 -1.0 -1.0 0.0 0.3169755033325262 0.3019427932597618 0.3810817034077118
9 528.0 0.0 -1.0 -1.0 -1.0 0.0 0.3212684864688522 0.3075717006087377 0.3711598129224099
9 529.0 0.0 -1.0 -1.0 -1.0 0.0 0.34279056347864556 0.30545761152439677 0.3517518249969575
9 530.0 0.0 -1.0 -1.0 -1.0 0.0 0.34469229639017795 0.30253025963841274 0.3527774439714096
9 531.0 0.0 -1.0 -1.0 -1.0 0.0 0.36506120559752764 0.2932494373186377 0.3416893570838345
9 532.0 0.0 -1.0 -1.0 -1.0 0.0 0.372280255329547 0.28044321421287316 0.3472765304575798
9 533.0 0.0 -1.0 -1.0 -1.0 0.0 0.3568589279771086 0.28652214880368204 0.35661892321920924
9 534.0 0.0 -1.0 -1.0 -1.0 0.0 0.35295014782218226 0.3017321887418064 0.3453176634360114
9 535.0 0.0 -1.0 -1.0 -1.0 0.0 0.3433156275680973 0.32587295583839937 0.33081141659350327
9 536.0 0.0 -1.0 -1.0 -1.0 0.0 0.3462661386286118 0.33652972134995046 0.317204140021438
9 537.0 0.0 -1.0 -1.0 -1.0 0.0 0.35205677079894776 0.34259341574464514 0.305349813456407
9 538.0 0.0 -1.0 -1.0 -1.0 0.0 0.32925044307188533 0.33629679913426647 0.3344527577938481
9 539.0 0.0 -1.0 -1.0 -1.0 0.0 0.3430983835427122 0.3314300203647362 0.3254715960925518
9 540.0 0.0 -1.0 -1.0 -1.0 0.0 0.3664081272787793 0.3194659186347222 0.31412595408649874
9 541.0 0.0 -1.0 -1.0 -1.0 0.0 0.3564810990722911 0.33318534687184864 0.31033355405586044
9 542.0 0.0 -1.0 -1.0 -1.0 0.0 0.3379225655873128 0.34330282009785434 0.31877461431483295
9 543.0 0.0 -1.0 -1.0 -1.0 0.0 0.354416148608435 0.3365695640141819 0.309014287377383
9 544.0 0.0 -1.0 -1.0 -1.0 0.0 0.3334614628729408 0.3160016085246934 0.35053692860236585
9 545.0 0.0 -1.0 -1.0 -1.0 0.0 0.3405710780294575 0.32063703518498976 0.33879188678555244
9 546.0 0.0 -1.0 -1.0 -1.0 0.0 0.32024010543954673 0.3178463481181541 0.36191354644229895
9 547.0 0.0 -1.0 -1.0 -1.0 0.0 0.3363538475803873 0.31164964111160404 0.351996511308009
9 548.0 0.0 -1.0 -1.0 -1.0 0.0 0.3235253954725878 0.28888970944893955 0.38758489507847266
9 549.0 0.0 -1.0 -1.0 -1.0 0.0 0.30810807770228715 0.2924170708370657 0.39947485146064693
9 550.0 0.0 -1.0 -1.0 -1.0 0.0 0.28650545744905875 0.32633636743677824 0.38715817511416317
9 551.0 0.0 -1.0 -1.0 -1.0 0.0 0.30867241124144146 0.32518156925847747 0.36614601950008085
9 552.0 0.0 -1.0 -1.0 -1.0 0.0 0.32684497327970186 0.3252200267420789 0.3479349999782194
9 553.0 0.0 -1.0 -1.0 -1.0 0.0 0.3076063230656783 0.3571475903497209 0.33524608658460087
9 554.0 0.0 -1.0 -1.0 -1.0 0.0 0.31110609948891677 0.3648523704455699 0.3240415300655134
9 555.0 0.0 -1.0 -1.0 -1.0 0.0 0.33728616625897295 0.36519564388812015 0.2975181898529071
9 556.0 0.0 -1.0 -1.0 -1.0 0.0 0.3547251060093681 0.3545121540566656 0.29076273993396623
9 557.0 0.0 -1.0 -1.0 -1.0 0.0 0.34518592689665495 0.3535032750549134 0.3013107980484316
9 558.0 0.0 -1.0 -1.0 -1.0 0.0 0.33787389276912677 0.35193023907047605 0.31019586816039724
9 559.0 0.0 -1.0 -1.0 -1.0 0.0 0.3472298483413826 0.34241088724703994 0.3103592644115777
9 560.0 0.0 -1.0 -1.0 -1.0 0.0 0.35644883407655037 0.32709348879611666 0.31645767712733297
9 561.0 0.0 -1.0 -1.0 -1.0 0.0 0.3420755165206486 0.3126833265389488 0.3452411569404027
9 562.0 0.0 -1.0 -1.0 -1.0 0.0 0.36369082868663677 0.2999869110972927 0.3363222602160706
9 563.0 0.0 -1.0 -1.0 -1.0 0.0 0.368353838770475 0.30671165214967877 0.32493450907984617
9 564.0 0.0 -1.0 -1.0 -1.0 0.0 0.34232861130808906 0.31876520277317644 0.33890618591873456
9 565.0 0.0 -1.0 -1.0 -1.0 0.0 0.3208831133042741 0.32728769060141505 0.35182919609431124
9 566.0 0.0 -1.0 -1.0 -1.0 0.0 0.35174777471164326 0.33056743969041524 0.3176847855979414
9 567.0 0.0 -1.0 -1.0 -1.0 0.0 0.3506253019590899 0.33511230220205834 0.3142623958388517
9 568.0 0.0 -1.0 -1.0 -1.0 0.0 0.3469189134824367 0.34165595150178063 0.31142513501578273
9 569.0 0.0 -1.0 -1.0 -1.0 0.0 0.3584589510959779 0.3419672301382271 0.2995738187657947
9 570.0 0.0 -1.0 -1.0 -1.0 0.0 0.35632315225274197 0.3224771114352227 0.3211997363120355
9 571.0 0.0 -1.0 -1.0 -1.0 0.0 0.3553563057829877 0.31017951466214116 0.334464179554871
9 572.0 0.0 -1.0 -1.0 -1.0 0.0 0.31425246509805993 0.3274619348101524 0.3582856000917879
9 573.0 0.0 -1.0 -1.0 -1.0 0.0 0.30768653824864317 0.3342942703641413 0.3580191913872153
9 574.0 0.0 -1.0 -1.0 -1.0 0.0 0.32799114815484365 0.3266839296285948 0.34532492221656175
9 575.0 0.0 -1.0 -1.0 -1.0 0.0 0.33909415466117143 0.29038752769536846 0.3705183176434598
9 576.0 0.0 -1.0 -1.0 -1.0 0.0 0.3339082450153085 0.3010588365959025 0.3650329183887889
9 577.0 0.0 -1.0 -1.0 -1.0 0.0 0.3259671439600505 0.31661100697324884 0.3574218490667007
9 578.0 0.0 -1.0 -1.0 -1.0 0.0 0.33146801582744795 0.31112620742890607 0.3574057767436461
9 579.0 0.0 -1.0 -1.0 -1.0 0.0 0.33881373689352595 0.29677946272223005 0.36440680038424383
9 580.0 0.0 -1.0 -1.0 -1.0 0.0 0.3507178698656482 0.32446579161759137 0.32481633851676045
9 581.0 0.0 -1.0 -1.0 -1.0 0.0 0.33069464379680213 0.3279028813474062 0.34140247485579167
9 582.0 0.0 -1.0 -1.0 -1.0 0.0 0.30396672198981184 0.3667586066167003 0.32927467139348804
9 583.0 0.0 -1.0 -1.0 -1.0 0.0 0.304722657579489 0.34890525448379145 0.34637208793671953
9 584.0 0.0 -1.0 -1.0 -1.0 0.0 0.2990599032709106 0.34451678490310816 0.3564233118259809
9 585.0 0.0 -1.0 -1.0 -1.0 0.0 0.2894738590382602 0.34238495223085713 0.36814118873088275
9 586.0 0.0 -1.0 -1.0 -1.0 0.0 0.3108521088402221 0.334229249612717 0.3549186415470611
9 587.0 0.0 -1.0 -1.0 -1.0 0.0 0.3110460544621544 0.32516120648962743 0.363792739048218
9 588.0 0.0 -1.0 -1.0 -1.0 0.0 0.3241769265803412 0.33687010021906666 0.33895297320059226
9 589.0 0.0 -1.0 -1.0 -1.0 0.0 0.34396219207303697 0.3195989681069188 0.336438839820044
9 590.0 0.0 -1.0 -1.0 -1.0 0.0 0.33383702317268793 0.32262023386090866 0.34354274296640336
9 591.0 0.0 -1.0 -1.0 -1.0 0.0 0.3479136513623693 0.32648953687669047 0.3255968117609401
9 592.0 0.0 -1.0 -1.0 -1.0 0.0 0.37232350437859074 0.3003194143277545 0.3273570812936547
9 593.0 0.0 -1.0 -1.0 -1.0 0.0 0.34794080690662577 0.3032396994625874 0.34881949363078696
9 594.0 0.0 -1.0 -1.0 -1.0 0.0 0.35225779554667597 0.30993638356068026 0.33780582089264377
9 595.0 0.0 -1.0 -1.0 -1.0 0.0 0.35457451454203776 0.3216968226965165 0.3237286627614458
9 596.0 0.0 -1.0 -1.0 -1.0 0.0 0.35951670566185084 0.33280809442882114 0.3076751999093277
9 597.0 0.0 -1.0 -1.0 -1.0 0.0 0.3725898801927661 0.3287642062735873 0.29864591353364645
9 598.0 0.0 -1.0 -1.0 -1.0 0.0 0.36606059025600757 0.33888655169196946 0.2950528580520229
9 599.0 0.0 -1.0 -1.0 -1.0 0.0 0.36501926258494405 0.33801045893425913 0.2969702784807966
9 600.0 0.0 -1.0 -1.0 -1.0 0.0 0.36515194510687654 0.31990492076510624 0.31494313412801755
9 601.0 0.0 -1.0 -1.0 -1.0 0.0 0.3553256503008944 0.30775844610721115 0.3369159035918945
9 602.0 0.0 -1.0 -1.0 -1.0 0.0 0.35292035236745434 0.3035429798740513 0.3435366677584942
9 603.0 0.0 -1.0 -1.0 -1.0 0.0 0.34996398586161115 0.2886264056863329 0.36140960845205583
9 604.0 0.0 -1.0 -1.0 -1.0 0.0 0.3295924929887567 0.30469700369811026 0.36571050331313304
9 605.0 0.0 -1.0 -1.0 -1.0 0.0 0.3400272382370465 0.2784870270879517 0.3814857346750018
9 606.0 0.0 -1.0 -1.0 -1.0 0.0 0.3498100500987802 0.29564783039128484 0.3545421195099353
9 607.0 0.0 -1.0 -1.0 -1.0 0.0 0.3576097025833931 0.3047914540323678 0.3375988433842392
9 608.0 0.0 -1.0 -1.0 -1.0 0.0 0.3722783390205361 0.2956010422117589 0.33212061876770477
9 609.0 0.0 -1.0 -1.0 -1.0 0.0 0.3686482394537178 0.29442460271834764 0.3369271578279346
9 610.0 0.0 -1.0 -1.0 -1.0 0.0 0.3837269042657195 0.29090960503263114 0.32536349070164916
9 611.0 0.0 -1.0 -1.0 -1.0 0.0 0.3537188412148383 0.31012041767642795 0.33616074110873406
9 612.0 0.0 -1.0 -1.0 -1.0 0.0 0.3567457189347338 0.3089732074735606 0.3342810735917056
9 613.0 0.0 -1.0 -1.0 -1.0 0.0 0.374939356540489 0.3084894247877554 0.31657121867175564
9 614.0 0.0 -1.0 -1.0 -1.0 0.0 0.3486948590571983 0.3297896247467264 0.3215155161960754
9 615.0 0.0 -1.0 -1.0 -1.0 0.0 0.3193568925526803 0.33811867436501436 0.3425244330823055
9 616.0 0.0 -1.0 -1.0 -1.0 0.0 0.33493951017479257 0.33755766981102114 0.3275028200141865
9 617.0 0.0 -1.0 -1.0 -1.0 0.0 0.31107114774301026 0.37521748575140207 0.31371136650558773
9 618.0 0.0 -1.0 -1.0 -1.0 0.0 0.30661962065599047 0.36440656609858907 0.3289738132454205
9 619.0 0.0 -1.0 -1.0 -1.0 0.0 0.310418701598532 0.35393677857826594 0.335644519823202
9 620.0 0.0 -1.0 -1.0 -1.0 0.0 0.32053215911874133 0.34587027151422767 0.33359756936703083
9 621.0 0.0 -1.0 -1.0 -1.0 0.0 0.30863993084372593 0.3483461600924062 0.3430139090638679
9 622.0 0.0 -1.0 -1.0 -1.0 0.0 0.28400371626075094 0.34488622773691324 0.3711100560023361
9 623.0 0.0 -1.0 -1.0 -1.0 0.0 0.27832955222137157 0.3386023608755289 0.3830680869030996
9 624.0 0.0 -1.0 -1.0 -1.0 0.0 0.27577122326672604 0.32548849258708473 0.398740284146189
9 625.0 0.0 -1.0 -1.0 -1.0 0.0 0.2708141330741452 0.3339597138518616 0.3952261530739932
9 626.0 0.0 -1.0 -1.0 -1.0 0.0 0.29185296070324446 0.3494733336615987 0.35867370563515666
9 627.0 0.0 -1.0 -1.0 -1.0 0.0 0.3098290668287767 0.3657373579289996 0.3244335752422235
9 628.0 0.0 -1.0 -1.0 -1.0 0.0 0.31025726948996263 0.3744159049113697 0.31532682559866754
9 629.0 0.0 -1.0 -1.0 -1.0 0.0 0.3175404079603624 0.35765958146640137 0.32480001057323643
9 630.0 0.0 -1.0 -1.0 -1.0 0.0 0.30754607034122516 0.36154146524151015 0.33091246441726474
9 631.0 0.0 -1.0 -1.0 -1.0 0.0 0.3133713111079731 0.36679749031935777 0.31983119857266923
9 632.0 0.0 -1.0 -1.0 -1.0 0.0 0.3247376057014495 0.3602736217009477 0.3149887725976028
9 633.0 0.0 -1.0 -1.0 -1.0 0.0 0.29382028206911465 0.34422500163208647 0.36195471629879883
9 634.0 0.0 -1.0 -1.0 -1.0 0.0 0.31027532974652733 0.36161784740270797 0.3281068228507648
9 635.0 0.0 -1.0 -1.0 -1.0 0.0 0.2942316771249611 0.37323198245194666 0.3325363404230924
9 636.0 0.0 -1.0 -1.0 -1.0 0.0 0.30778876063114924 0.36263451271423874 0.329576726654612
9 637.0 0.0 -1.0 -1.0 -1.0 0.0 0.3281934432440672 0.34357097585245755 0.3282355809034751
9 638.0 0.0 -1.0 -1.0 -1.0 0.0 0.32387505800514077 0.33595195673892086 0.3401729852559384
9 639.0 0.0 -1.0 -1.0 -1.0 0.0 0.3098794366339338 0.344590043632247 0.34553051973381904
9 640.0 0.0 -1.0 -1.0 -1.0 0.0 0.31456617411880744 0.3378962642043286 0.34753756167686395
9 641.0 0.0 -1.0 -1.0 -1.0 0.0 0.35004101070538207 0.3022775274129003 0.3476814618817179
9 642.0 0.0 -1.0 -1.0 -1.0 0.0 0.3414261481669671 0.302347285801571 0.3562265660314622
9 643.0 0.0 -1.0 -1.0 -1.0 0.0 0.3746769686773469 0.30607508134501554 0.3192479499776375
9 644.0 0.0 -1.0 -1.0 -1.0 0.0 0.36850347854393384 0.3078353118159336 0.32366120964013256
9 645.0 0.0 -1.0 -1.0 -1.0 0.0 0.3275883394132349 0.31762691587621217 0.35478474471055277
9 646.0 0.0 -1.0 -1.0 -1.0 0.0 0.3476890981086362 0.31719335924288233 0.3351175426484815
9 647.0 0.0 -1.0 -1.0 -1.0 0.0 0.3268355262919868 0.32633788896944416 0.34682658473856903
9 648.0 0.0 -1.0 -1.0 -1.0 0.0 0.2930251800007305 0.33332781959072444 0.3736470004085452
9 649.0 0.0 -1.0 -1.0 -1.0 0.0 0.3273796963329458 0.3121455643778518 0.36047473928920243
9 650.0 0.0 -1.0 -1.0 -1.0 0.0 0.3421934111973278 0.3029342182995435 0.354872370503129
9 651.0 0.0 -1.0 -1.0 -1.0 0.0 0.33396407475266954 0.3160690807781164 0.34996684446921406
9 652.0 0.0 -1.0 -1.0 -1.0 0.0 0.36169078221767753 0.3353493363714122 0.3029598814109102
9 653.0 0.0 -1.0 -1.0 -1.0 0.0 0.36012128801201926 0.35510590456134294 0.28477280742663785
9 654.0 0.0 -1.0 -1.0 -1.0 0.0 0.3574760161609792 0.35424698973178914 0.28827699410723134
9 655.0 0.0 -1.0 -1.0 -1.0 0.0 0.3844828993057685 0.3133047374813783 0.30221236321285333
9 656.0 0.0 -1.0 -1.0 -1.0 0.0 0.39321633269738787 0.3085956376479297 0.2981880296546826
9 657.0 0.0 -1.0 -1.0 -1.0 0.0 0.3720012564323193 0.31629862566528827 0.31170011790239216
9 658.0 0.0 -1.0 -1.0 -1.0 0.0 0.38326887807547744 0.31506412434755127 0.30166699757697135
9 659.0 0.0 -1.0 -1.0 -1.0 0.0 0.3597969941850193 0.3290544423436678 0.31114856347131276
9 660.0 0.0 -1.0 -1.0 -1.0 0.0 0.34821638753795175 0.326349587410727 0.3254340250513211
9 661.0 0.0 -1.0 -1.0 -1.0 0.0 0.33166402797380073 0.32987573085397337 0.33846024117222595
9 662.0 0.0 -1.0 -1.0 -1.0 0.0 0.33113758164755375 0.34622493034134133 0.32263748801110487
9 663.0 0.0 -1.0 -1.0 -1.0 0.0 0.30033046603028185 0.35539780197102794 0.34427173199869016
9 664.0 0.0 -1.0 -1.0 -1.0 0.0 0.29341464681614815 0.33284471064162013 0.3737406425422317
9 665.0 0.0 -1.0 -1.0 -1.0 0.0 0.3135489961303385 0.309583572311338 0.3768674315583235
9 666.0 0.0 -1.0 -1.0 -1.0 0.0 0.32477067472929294 0.33615052889986025 0.3390787963708469
9 667.0 0.0 -1.0 -1.0 -1.0 0.0 0.31313777655659175 0.3257259643901574 0.3611362590532509
9 668.0 0.0 -1.0 -1.0 -1.0 0.0 0.3020037241861987 0.32737574868999536 0.37062052712380583
9 669.0 0.0 -1.0 -1.0 -1.0 0.0 0.3006279010167171 0.3075777040272549 0.39179439495602786
9 670.0 0.0 -1.0 -1.0 -1.0 0.0 0.30846379149132114 0.3266344451548518 0.3649017633538271
9 671.0 0.0 -1.0 -1.0 -1.0 0.0 0.3059125132899133 0.3447933084036348 0.3492941783064519
9 672.0 0.0 -1.0 -1.0 -1.0 0.0 0.29175850470063175 0.3617738733493632 0.3464676219500051
9 673.0 0.0 -1.0 -1.0 -1.0 0.0 0.29441032860461774 0.34481775553211336 0.36077191586326895
9 674.0 0.0 -1.0 -1.0 -1.0 0.0 0.3173734292197772 0.33803417658749985 0.34459239419272314
9 675.0 0.0 -1.0 -1.0 -1.0 0.0 0.32010671889830716 0.3567699458154142 0.323123335286279
9 676.0 0.0 -1.0 -1.0 -1.0 0.0 0.3193685213816708 0.345297090402201 0.3353343882161281
9 677.0 0.0 -1.0 -1.0 -1.0 0.0 0.33074839235155484 0.36190417983248 0.30734742781596525
9 678.0 0.0 -1.0 -1.0 -1.0 0.0 0.34397785399052533 0.34956165118293386 0.30646049482654086
9 679.0 0.0 -1.0 -1.0 -1.0 0.0 0.35477619042313013 0.34557489173259837 0.2996489178442716
9 680.0 0.0 -1.0 -1.0 -1.0 0.0 0.3472190452806813 0.34970491523988384 0.303076039479435
9 681.0 0.0 -1.0 -1.0 -1.0 0.0 0.3492371345074772 0.327882519906382 0.3228803455861409
9 682.0 0.0 -1.0 -1.0 -1.0 0.0 0.3355290740191395 0.32245729707057386 0.3420136289102868
9 683.0 0.0 -1.0 -1.0 -1.0 0.0 0.3234259583245606 0.32821778444482413 0.3483562572306153
9 684.0 0.0 -1.0 -1.0 -1.0 0.0 0.3205180711543285 0.3158238175244691 0.3636581113212021
9 685.0 0.0 -1.0 -1.0 -1.0 0.0 0.33803705983608984 0.27988200662484003 0.3820809335390702
9 686.0 0.0 -1.0 -1.0 -1.0 0.0 0.3561069534483142 0.2624550543371706 0.3814379922145153
9 687.0 0.0 -1.0 -1.0 -1.0 0.0 0.35417161153486615 0.2814406689028007 0.364387719562333
9 688.0 0.0 -1.0 -1.0 -1.0 0.0 0.3300119256040513 0.29692485687322495 0.3730632175227237
9 689.0 0.0 -1.0 -1.0 -1.0 0.0 0.32811656614512963 0.30101500165180073 0.37086843220306975
9 690.0 0.0 -1.0 -1.0 -1.0 0.0 0.33260801483789426 0.32300952971293284 0.3443824554491728
9 691.0 0.0 -1.0 -1.0 -1.0 0.0 0.3371953846547893 0.34867538811621374 0.314129227228997
9 692.0 0.0 -1.0 -1.0 -1.0 0.0 0.34436822434854536 0.317158416600712 0.3384733590507424
9 693.0 0.0 -1.0 -1.0 -1.0 0.0 0.3301318444593824 0.31748904348026014 0.35237911206035755
9 694.0 0.0 -1.0 -1.0 -1.0 0.0 0.360142335960816 0.2884916606135021 0.3513660034256819
9 695.0 0.0 -1.0 -1.0 -1.0 0.0 0.3727280187548781 0.3146795103837127 0.3125924708614093
9 696.0 0.0 -1.0 -1.0 -1.0 0.0 0.3701030115369451 0.33175473632209007 0.2981422521409648
9 697.0 0.0 -1.0 -1.0 -1.0 0.0 0.3701609082585881 0.32026516087286405 0.30957393086854806
9 698.0 0.0 -1.0 -1.0 -1.0 0.0 0.3771371714174458 0.36014220182689166 0.26272062675566266
9 699.0 0.0 -1.0 -1.0 -1.0 0.0 0.3514680663746323 0.37960770775321556 0.2689242258721521
9 700.0 0.0 -1.0 -1.0 -1.0 0.0 0.36090829722511913 0.3744663283717607 0.2646253744031199
9 701.0 0.0 -1.0 -1.0 -1.0 0.0 0.37414596999516186 0.35372151572532023 0.27213251427951785
9 702.0 0.0 -1.0 -1.0 -1.0 0.0 0.34731234515873 0.36034899653407876 0.2923386583071911
9 703.0 0.0 -1.0 -1.0 -1.0 0.0 0.35347924377425277 0.33915467143911804 0.3073660847866292
9 704.0 0.0 -1.0 -1.0 -1.0 0.0 0.34556651462842475 0.33879000899788136 0.3156434763736939
9 705.0 0.0 -1.0 -1.0 -1.0 0.0 0.3201108751804249 0.33624703275801104 0.34364209206156404
9 706.0 0.0 -1.0 -1.0 -1.0 0.0 0.3116623251339838 0.3433160820041554 0.34502159286186085
9 707.0 0.0 -1.0 -1.0 -1.0 0.0 0.32596787894078494 0.3258739278025342 0.34815819325668096
9 708.0 0.0 -1.0 -1.0 -1.0 0.0 0.31008978270701526 0.32827969189981426 0.36163052539317064
9 709.0 0.0 -1.0 -1.0 -1.0 0.0 0.32011845024558994 0.3114085795255153 0.3684729702288947
9 710.0 0.0 -1.0 -1.0 -1.0 0.0 0.303721024222207 0.33411130518649523 0.36216767059129795
9 711.0 0.0 -1.0 -1.0 -1.0 0.0 0.3078902566086047 0.3423282893861855 0.3497814540052096
9 712.0 0.0 -1.0 -1.0 -1.0 0.0 0.3373170501407719 0.3476633595331937 0.3150195903260343
9 713.0 0.0 -1.0 -1.0 -1.0 0.0 0.3472857502500971 0.34126750995668614 0.31144673979321646
9 714.0 0.0 -1.0 -1.0 -1.0 0.0 0.32602979262253307 0.33151281710537345 0.3424573902720935
9 715.0 0.0 -1.0 -1.0 -1.0 0.0 0.3317747003891227 0.31807541709900666 0.3501498825118707
9 716.0 0.0 -1.0 -1.0 -1.0 0.0 0.29446815527900067 0.34256875074284937 0.3629630939781496
9 717.0 0.0 -1.0 -1.0 -1.0 0.0 0.27759557526856626 0.3304255334458106 0.39197889128562297
9 718.0 0.0 -1.0 -1.0 -1.0 0.0 0.29604182980332605 0.3167021940756025 0.3872559761210715
9 719.0 0.0 -1.0 -1.0 -1.0 0.0 0.30305176420214575 0.32869827591853323 0.3682499598793209
9 720.0 0.0 -1.0 -1.0 -1.0 0.0 0.30825718286546056 0.3243553899020775 0.36738742723246176
9 721.0 0.0 -1.0 -1.0 -1.0 0.0 0.29258721325620757 0.34384780312383 0.36356498361996265
9 722.0 0.0 -1.0 -1.0 -1.0 0.0 0.28050967766006724 0.33997945407086255 0.3795108682690701
9 723.0 0.0 -1.0 -1.0 -1.0 0.0 0.2693694449629371 0.34221126325529583 0.38841929178176704
9 724.0 0.0 -1.0 -1.0 -1.0 0.0 0.2675276146802178 0.33868682495229424 0.393785560367488
9 725.0 0.0 -1.0 -1.0 -1.0 0.0 0.2680491349259862 0.36478611889705026 0.3671647461769638
9 726.0 0.0 -1.0 -1.0 -1.0 0.0 0.28744476930957324 0.35540585079051035 0.35714937989991646
9 727.0 0.0 -1.0 -1.0 -1.0 0.0 0.2997457523886943 0.3551609734233201 0.3450932741879857
9 728.0 0.0 -1.0 -1.0 -1.0 0.0 0.331349111462693 0.3243072909505971 0.3443435975867098
9 729.0 0.0 -1.0 -1.0 -1.0 0.0 0.3386391177000656 0.328793354127072 0.33256752817286217
9 730.0 0.0 -1.0 -1.0 -1.0 0.0 0.3248886810044571 0.3273875099970931 0.34772380899844996
9 731.0 0.0 -1.0 -1.0 -1.0 0.0 0.33496217601608685 0.33841490471986746 0.3266229192640458
9 732.0 0.0 -1.0 -1.0 -1.0 0.0 0.3605273630789833 0.3124129842501866 0.32705965267082987
9 733.0 0.0 -1.0 -1.0 -1.0 0.0 0.3587699151290164 0.30507193676533845 0.33615814810564504
9 734.0 0.0 -1.0 -1.0 -1.0 0.0 0.3568123337216623 0.2909542297363037 0.3522334365420342
9 735.0 0.0 -1.0 -1.0 -1.0 0.0 0.37767243765273073 0.29110683703678064 0.3312207253104884
9 736.0 0.0 -1.0 -1.0 -1.0 0.0 0.33242386289973824 0.3096315821828405 0.3579445549174212
9 737.0 0.0 -1.0 -1.0 -1.0 0.0 0.3398594918576878 0.3193105166029922 0.3408299915393197
9 738.0 0.0 -1.0 -1.0 -1.0 0.0 0.3227824637529313 0.34436982426784674 0.33284771197922175
9 739.0 0.0 -1.0 -1.0 -1.0 0.0 0.31274753176045506 0.37166298890969274 0.3155894793298521
9 740.0 0.0 -1.0 -1.0 -1.0 0.0 0.3269641756984562 0.3464029708305199 0.3266328534710239
9 741.0 0.0 -1.0 -1.0 -1.0 0.0 0.32626334606873997 0.35654504954533445 0.3171916043859257
9 742.0 0.0 -1.0 -1.0 -1.0 0.0 0.33115961416431006 0.3576165356990975 0.3112238501365924
9 743.0 0.0 -1.0 -1.0 -1.0 0.0 0.3331865462266088 0.3725320827289289 0.29428137104446234
9 744.0 0.0 -1.0 -1.0 -1.0 0.0 0.3258696534345401 0.37290917730028966 0.30122116926517006
9 745.0 0.0 -1.0 -1.0 -1.0 0.0 0.3315332696857027 0.3687433493557755 0.2997233809585216
9 746.0 0.0 -1.0 -1.0 -1.0 0.0 0.32613166762726103 0.35375761280409584 0.32011071956864323
9 747.0 0.0 -1.0 -1.0 -1.0 0.0 0.31998787029227715 0.32158570805800424 0.3584264216497186
9 748.0 0.0 -1.0 -1.0 -1.0 0.0 0.320367025259056 0.32195196544528876 0.3576810092956553
9 749.0 0.0 -1.0 -1.0 -1.0 0.0 0.32682526046514915 0.31067016502429456 0.36250457451055623
9 750.0 0.0 -1.0 -1.0 -1.0 0.0 0.3299584279983545 0.3241115052587697 0.34593006674287574
9 751.0 0.0 -1.0 -1.0 -1.0 0.0 0.32584681559440265 0.3121702995320085 0.3619828848735887
9 752.0 0.0 -1.0 -1.0 -1.0 0.0 0.2986017044079914 0.32149710296339357 0.37990119262861477
9 753.0 0.0 -1.0 -1.0 -1.0 0.0 0.3103492513691726 0.3320615285279007 0.35758922010292676
9 754.0 0.0 -1.0 -1.0 -1.0 0.0 0.3353523349626443 0.28410580773768573 0.38054185729967005
9 755.0 0.0 -1.0 -1.0 -1.0 0.0 0.32157337383350487 0.29692182947352797 0.38150479669296716
9 756.0 0.0 -1.0 -1.0 -1.0 0.0 0.3259004203759266 0.31373369060264344 0.36036588902143
9 757.0 0.0 -1.0 -1.0 -1.0 0.0 0.32181047414755987 0.3189595971477221 0.3592299287047181
9 758.0 0.0 -1.0 -1.0 -1.0 0.0 0.3044056269760571 0.3265342821387365 0.3690600908852065
9 759.0 0.0 -1.0 -1.0 -1.0 0.0 0.32525511621097697 0.3209813824712197 0.35376350131780326
9 760.0 0.0 -1.0 -1.0 -1.0 0.0 0.3418903418869172 0.32628659381800573 0.3318230642950772
9 761.0 0.0 -1.0 -1.0 -1.0 0.0 0.359104356108754 0.3143194482160849 0.32657619567516116
9 762.0 0.0 -1.0 -1.0 -1.0 0.0 0.37340187272787034 0.30381449101799246 0.3227836362541371
9 763.0 0.0 -1.0 -1.0 -1.0 0.0 0.36860024729744495 0.29943132178422815 0.3319684309183271
9 764.0 0.0 -1.0 -1.0 -1.0 0.0 0.37610374151768705 0.28645900703583954 0.3374372514464736
9 765.0 0.0 -1.0 -1.0 -1.0 0.0 0.33440519474879715 0.32984976863799176 0.335745036613211
9 766.0 0.0 -1.0 -1.0 -1.0 0.0 0.33800126203196784 0.31344312687500697 0.34855561109302513
9 767.0 0.0 -1.0 -1.0 -1.0 0.0 0.31585725789962454 0.30891939476436975 0.3752233473360059
9 768.0 0.0 -1.0 -1.0 -1.0 0.0 0.31521796179504113 0.2877958473170801 0.3969861908878787
9 769.0 0.0 -1.0 -1.0 -1.0 0.0 0.36175933974908636 0.27975812374092723 0.35848253650998624
9 770.0 0.0 -1.0 -1.0 -1.0 0.0 0.364825326853196 0.28667754328551687 0.34849712986128706
9 771.0 0.0 -1.0 -1.0 -1.0 0.0 0.3680058675321768 0.30653856259881485 0.3254555698690082
9 772.0 0.0 -1.0 -1.0 -1.0 0.0 0.3729847966646249 0.2962608041647889 0.3307543991705862
9 773.0 0.0 -1.0 -1.0 -1.0 0.0 0.38344226327317543 0.2696676080472633 0.3468901286795612
9 774.0 0.0 -1.0 -1.0 -1.0 0.0 0.3429640692357791 0.2949725970472807 0.3620633337169402
9 775.0 0.0 -1.0 -1.0 -1.0 0.0 0.3511692193850468 0.3005124201616457 0.34831836045330744
9 776.0 0.0 -1.0 -1.0 -1.0 0.0 0.3434589922712164 0.2985052101530096 0.358035797575774
9 777.0 0.0 -1.0 -1.0 -1.0 0.0 0.35406288938099023 0.29736608143603616 0.3485710291829738
9 778.0 0.0 -1.0 -1.0 -1.0 0.0 0.33316063537899476 0.307568129613535 0.3592712350074699
9 779.0 0.0 -1.0 -1.0 -1.0 0.0 0.32309888784068486 0.3280928743707674 0.34880823778854797
9 780.0 0.0 -1.0 -1.0 -1.0 0.0 0.32595420441943596 0.33727068234550855 0.3367751132350555
9 781.0 0.0 -1.0 -1.0 -1.0 0.0 0.33321351489247325 0.3447055125433287 0.3220809725641981
9 782.0 0.0 -1.0 -1.0 -1.0 0.0 0.32297086751909965 0.36416420530045046 0.3128649271804498
9 783.0 0.0 -1.0 -1.0 -1.0 0.0 0.313959098970208 0.3414743625436444 0.34456653848614754
9 784.0 0.0 -1.0 -1.0 -1.0 0.0 0.31429597111452706 0.34359623027385544 0.34210779861161744
9 785.0 0.0 -1.0 -1.0 -1.0 0.0 0.3382016569393948 0.34646892024822024 0.31532942281238524
9 786.0 0.0 -1.0 -1.0 -1.0 0.0 0.3058530448693305 0.36981173407731716 0.3243352210533523
9 787.0 0.0 -1.0 -1.0 -1.0 0.0 0.32770291121978284 0.3475086336219148 0.3247884551583025
9 788.0 0.0 -1.0 -1.0 -1.0 0.0 0.34768778264723493 0.32547008017449275 0.3268421371782725
9 789.0 0.0 -1.0 -1.0 -1.0 0.0 0.31994030054568995 0.359309101225869 0.32075059822844126
9 790.0 0.0 -1.0 -1.0 -1.0 0.0 0.3077177401750611 0.3449918790773367 0.3472903807476021
9 791.0 0.0 -1.0 -1.0 -1.0 0.0 0.3100776624043191 0.3556033342444495 0.3343190033512313
9 792.0 0.0 -1.0 -1.0 -1.0 0.0 0.2931667828407203 0.3589445382724347 0.347888678886845
9 793.0 0.0 -1.0 -1.0 -1.0 0.0 0.30888742667762803 0.3717026951717314 0.31940987815064054
9 794.0 0.0 -1.0 -1.0 -1.0 0.0 0.3105314890553267 0.3409302094775392 0.348538301467134
9 795.0 0.0 -1.0 -1.0 -1.0 0.0 0.3096107146713793 0.33116251712580314 0.35922676820281746
9 796.0 0.0 -1.0 -1.0 -1.0 0.0 0.3194084324339525 0.3352504397817288 0.3453411277843187
9 797.0 0.0 -1.0 -1.0 -1.0 0.0 0.33910717168706456 0.33347164533696017 0.32742118297597544
9 798.0 0.0 -1.0 -1.0 -1.0 0.0 0.34550217051167026 0.31889725024018295 0.3356005792481468
9 799.0 0.0 -1.0 -1.0 -1.0 0.0 0.3509683205327461 0.33990595877050467 0.309125720696749
9 800.0 0.0 -1.0 -1.0 -1.0 0.0 0.33668590210830324 0.337310698163624 0.32600339972807296
9 801.0 0.0 -1.0 -1.0 -1.0 0.0 0.34320809847142736 0.336079500178644 0.3207124013499287
9 802.0 0.0 -1.0 -1.0 -1.0 0.0 0.3190568233302806 0.3149765118331276 0.3659666648365921
9 803.0 0.0 -1.0 -1.0 -1.0 0.0 0.2942186518822234 0.34641945771524246 0.35936189040253397
9 804.0 0.0 -1.0 -1.0 -1.0 0.0 0.31463371124784 0.3391782211181813 0.34618806763397864
9 805.0 0.0 -1.0 -1.0 -1.0 0.0 0.3554567052603649 0.30978092643096494 0.33476236830867007
9 806.0 0.0 -1.0 -1.0 -1.0 0.0 0.33587155864364454 0.32648042673802197 0.3376480146183335
9 807.0 0.0 -1.0 -1.0 -1.0 0.0 0.31365203403439984 0.34893899962494834 0.3374089663406518
9 808.0 0.0 -1.0 -1.0 -1.0 0.0 0.3293859019129311 0.35291935554015696 0.3176947425469119
9 809.0 0.0 -1.0 -1.0 -1.0 0.0 0.35026020942964137 0.342954852387467 0.30678493818289154
9 810.0 0.0 -1.0 -1.0 -1.0 0.0 0.3439868301582047 0.3342269414656929 0.32178622837610255
9 811.0 0.0 -1.0 -1.0 -1.0 0.0 0.336305566116791 0.33617745303531277 0.32751698084789593
9 812.0 0.0 -1.0 -1.0 -1.0 0.0 0.3191978779538967 0.3432065690539977 0.3375955529921054
9 813.0 0.0 -1.0 -1.0 -1.0 0.0 0.34014268848542284 0.32125317849708923 0.33860413301748776
9 814.0 0.0 -1.0 -1.0 -1.0 0.0 0.34005708902707626 0.32894724739226733 0.33099566358065663
9 815.0 0.0 -1.0 -1.0 -1.0 0.0 0.3342800920181568 0.3333673963357819 0.3323525116460613
9 816.0 0.0 -1.0 -1.0 -1.0 0.0 0.32676023604941923 0.36492207111674413 0.3083176928338368
9 817.0 0.0 -1.0 -1.0 -1.0 0.0 0.3425523444853612 0.34051051730937 0.31693713820526886
9 818.0 0.0 -1.0 -1.0 -1.0 0.0 0.3422196400838749 0.3285428871683999 0.32923747274772525
9 819.0 0.0 -1.0 -1.0 -1.0 0.0 0.31349221789538634 0.3531141479710568 0.33339363413355705
9 820.0 0.0 -1.0 -1.0 -1.0 0.0 0.3449073706790351 0.3219248801186649 0.3331677492023
9 821.0 0.0 -1.0 -1.0 -1.0 0.0 0.3548697038057438 0.3175090850995323 0.3276212110947238
9 822.0 0.0 -1.0 -1.0 -1.0 0.0 0.3360589268200793 0.3224419021972346 0.3414991709826858
9 823.0 0.0 -1.0 -1.0 -1.0 0.0 0.32884049724716624 0.33675520287708316 0.3344042998757506
9 824.0 0.0 -1.0 -1.0 -1.0 0.0 0.33026014131286835 0.3426632636488957 0.327076595038236
9 825.0 0.0 -1.0 -1.0 -1.0 0.0 0.318323208887344 0.37042066544057994 0.31125612567207633
9 826.0 0.0 -1.0 -1.0 -1.0 0.0 0.34010303648435275 0.3524879358723493 0.30740902764329797
9 827.0 0.0 -1.0 -1.0 -1.0 0.0 0.32194089833860545 0.3579922381336986 0.32006686352769553
9 828.0 0.0 -1.0 -1.0 -1.0 0.0 0.3148168734940107 0.33044881551772975 0.3547343109882597
9 829.0 0.0 -1.0 -1.0 -1.0 0.0 0.3296507079370054 0.32758222895814393 0.34276706310485067
9 830.0 0.0 -1.0 -1.0 -1.0 0.0 0.3345951942759405 0.3245182473525739 0.34088655837148557
9 831.0 0.0 -1.0 -1.0 -1.0 0.0 0.3343738899432378 0.29913311937027726 0.36649299068648494
9 832.0 0.0 -1.0 -1.0 -1.0 0.0 0.34636738159035835 0.29168514851389715 0.3619474698957445
9 833.0 0.0 -1.0 -1.0 -1.0 0.0 0.35032704877608395 0.30656735856981876 0.34310559265409735
9 834.0 0.0 -1.0 -1.0 -1.0 0.0 0.32361693206868236 0.3082746902082449 0.3681083777230726
9 835.0 0.0 -1.0 -1.0 -1.0 0.0 0.32770812435911867 0.2967567394886655 0.3755351361522156
9 836.0 0.0 -1.0 -1.0 -1.0 0.0 0.32278338977464005 0.31498922595332834 0.36222738427203155
9 837.0 0.0 -1.0 -1.0 -1.0 0.0 0.3372455541304542 0.3288715656043593 0.3338828802651864
9 838.0 0.0 -1.0 -1.0 -1.0 0.0 0.36496604915174446 0.33058786758900255 0.3044460832592532
9 839.0 0.0 -1.0 -1.0 -1.0 0.0 0.35135695750526885 0.3352821434812039 0.313360899013527
9 840.0 0.0 -1.0 -1.0 -1.0 0.0 0.3286570394457668 0.35027308096494375 0.3210698795892896
9 841.0 0.0 -1.0 -1.0 -1.0 0.0 0.3242546683140572 0.3495208271772966 0.3262245045086462
9 842.0 0.0 -1.0 -1.0 -1.0 0.0 0.31595746124945207 0.3540489852283426 0.32999355352220533
9 843.0 0.0 -1.0 -1.0 -1.0 0.0 0.3192366503769062 0.35008314695457604 0.33068020266851766
9 844.0 0.0 -1.0 -1.0 -1.0 0.0 0.35095366410882634 0.3628852558339624 0.2861610800572112
9 845.0 0.0 -1.0 -1.0 -1.0 0.0 0.3346664446074679 0.36946299196324434 0.2958705634292875
9 846.0 0.0 -1.0 -1.0 -1.0 0.0 0.34342356517545414 0.3563624238708586 0.3002140109536873
9 847.0 0.0 -1.0 -1.0 -1.0 0.0 0.3562061558017346 0.3350348758264318 0.30875896837183386
9 848.0 0.0 -1.0 -1.0 -1.0 0.0 0.3753162001833045 0.3159658741200055 0.3087179256966901
9 849.0 0.0 -1.0 -1.0 -1.0 0.0 0.3453544192063505 0.30783518464035153 0.3468103961532978
9 850.0 0.0 -1.0 -1.0 -1.0 0.0 0.34343830051001695 0.323067052328612 0.33349464716137106
9 851.0 0.0 -1.0 -1.0 -1.0 0.0 0.3192290847027224 0.3273722796038333 0.35339863569344443
9 852.0 0.0 -1.0 -1.0 -1.0 0.0 0.35483126995690123 0.3089670670006774 0.33620166304242133
9 853.0 0.0 -1.0 -1.0 -1.0 0.0 0.3453103065971784 0.3183260562580758 0.33636363714474593
9 854.0 0.0 -1.0 -1.0 -1.0 0.0 0.35286747052658646 0.3299372471843098 0.3171952822891036
9 855.0 0.0 -1.0 -1.0 -1.0 0.0 0.33603892474747465 0.33897373905781414 0.32498733619471104
9 856.0 0.0 -1.0 -1.0 -1.0 0.0 0.3754899594076901 0.32138796585881424 0.3031220747334956
9 857.0 0.0 -1.0 -1.0 -1.0 0.0 0.37725365528917565 0.3123371784519262 0.31040916625889814
9 858.0 0.0 -1.0 -1.0 -1.0 0.0 0.38792565469037166 0.28919052604890627 0.3228838192607219
9 859.0 0.0 -1.0 -1.0 -1.0 0.0 0.3713250986036208 0.29947706014788056 0.3291978412484983
9 860.0 0.0 -1.0 -1.0 -1.0 0.0 0.38287001781247215 0.27246082464337834 0.34466915754414934
9 861.0 0.0 -1.0 -1.0 -1.0 0.0 0.3939678264846328 0.29221484664632597 0.3138173268690412
9 862.0 0.0 -1.0 -1.0 -1.0 0.0 0.3641263637303328 0.2923297528563274 0.3435438834133398
9 863.0 0.0 -1.0 -1.0 -1.0 0.0 0.36159725134643517 0.30166948113151004 0.3367332675220549
9 864.0 0.0 -1.0 -1.0 -1.0 0.0 0.3680424303780347 0.30955816754539955 0.32239940207656576
9 865.0 0.0 -1.0 -1.0 -1.0 0.0 0.3825970283161579 0.284154569688557 0.33324840199528516
9 866.0 0.0 -1.0 -1.0 -1.0 0.0 0.3284533943282471 0.3328471041327801 0.3386995015389729
9 867.0 0.0 -1.0 -1.0 -1.0 0.0 0.3459307395562447 0.32490850581295844 0.3291607546307971
9 868.0 0.0 -1.0 -1.0 -1.0 0.0 0.3428004838780637 0.33956405232945086 0.3176354637924853
9 869.0 0.0 -1.0 -1.0 -1.0 0.0 0.36608836189923166 0.3143220131130664 0.3195896249877019
9 870.0 0.0 -1.0 -1.0 -1.0 0.0 0.3956423263145334 0.32607611218869337 0.27828156149677347
9 871.0 0.0 -1.0 -1.0 -1.0 0.0 0.36646824675540124 0.33819400185262255 0.2953377513919763
9 872.0 0.0 -1.0 -1.0 -1.0 0.0 0.3694143292831382 0.31577709623250994 0.314808574484352
9 873.0 0.0 -1.0 -1.0 -1.0 0.0 0.37989789027539134 0.30658920630849545 0.313512903416113
9 874.0 0.0 -1.0 -1.0 -1.0 0.0 0.3760182095572217 0.30321752259709284 0.32076426784568535
9 875.0 0.0 -1.0 -1.0 -1.0 0.0 0.36361717737227656 0.3099942210370138 0.32638860159070965
9 876.0 0.0 -1.0 -1.0 -1.0 0.0 0.3604951517281205 0.3104322639743355 0.32907258429754416
9 877.0 0.0 -1.0 -1.0 -1.0 0.0 0.35487641029037387 0.29348614388385597 0.3516374458257704
9 878.0 0.0 -1.0 -1.0 -1.0 0.0 0.36791789743101433 0.3184323058736637 0.3136497966953218
9 879.0 0.0 -1.0 -1.0 -1.0 0.0 0.34878591037486456 0.32667186186057484 0.3245422277645607
9 880.0 0.0 -1.0 -1.0 -1.0 0.0 0.3859252438642947 0.32398790903169844 0.29008684710400706
9 881.0 0.0 -1.0 -1.0 -1.0 0.0 0.36993779595486403 0.31767267972639945 0.31238952431873673
9 882.0 0.0 -1.0 -1.0 -1.0 0.0 0.349342252215819 0.3265732970902792 0.32408445069390174
9 883.0 0.0 -1.0 -1.0 -1.0 0.0 0.35983661506929593 0.3196859034958771 0.320477481434827
9 884.0 0.0 -1.0 -1.0 -1.0 0.0 0.36142548377921224 0.33135147591779396 0.3072230403029936
9 885.0 0.0 -1.0 -1.0 -1.0 0.0 0.3442992556366413 0.3251778303784812 0.33052291398487765
9 886.0 0.0 -1.0 -1.0 -1.0 0.0 0.35440090812205 0.3408358877857893 0.30476320409216073
9 887.0 0.0 -1.0 -1.0 -1.0 0.0 0.32513904383532405 0.32314014579229794 0.3517208103723779
9 888.0 0.0 -1.0 -1.0 -1.0 0.0 0.3166452533334711 0.3261182996067835 0.3572364470597455
9 889.0 0.0 -1.0 -1.0 -1.0 0.0 0.30679796561514466 0.34587000882642466 0.34733202555843073
9 890.0 0.0 -1.0 -1.0 -1.0 0.0 0.2988392759741831 0.35899475229383326 0.3421659717319837
9 891.0 0.0 -1.0 -1.0 -1.0 0.0 0.3106293487053769 0.37655472796989464 0.31281592332472846
9 892.0 0.0 -1.0 -1.0 -1.0 0.0 0.3492316282679348 0.3331449058746449 0.31762346585742024
9 893.0 0.0 -1.0 -1.0 -1.0 0.0 0.3468204999127426 0.33699166549627046 0.31618783459098687
9 894.0 0.0 -1.0 -1.0 -1.0 0.0 0.3138649157169509 0.3542090919718984 0.33192599231115066
9 895.0 0.0 -1.0 -1.0 -1.0 0.0 0.31103987614590745 0.3250560282891318 0.36390409556496073
9 896.0 0.0 -1.0 -1.0 -1.0 0.0 0.3131249583555251 0.34308371404694044 0.3437913275975342
9 897.0 0.0 -1.0 -1.0 -1.0 0.0 0.32462888944971335 0.3398963980284497 0.33547471252183714
9 898.0 0.0 -1.0 -1.0 -1.0 0.0 0.35088601230096783 0.30489751473074883 0.3442164729682833
9 899.0 0.0 -1.0 -1.0 -1.0 0.0 0.37232089278203406 0.31533525821719854 0.3123438490007674
9 900.0 0.0 -1.0 -1.0 -1.0 0.0 0.35898174955418455 0.3329454133927083 0.30807283705310723
9 901.0 0.0 -1.0 -1.0 -1.0 0.0 0.3521635117550602 0.32822220980523165 0.3196142784397084
9 902.0 0.0 -1.0 -1.0 -1.0 0.0 0.3389954109849618 0.30913706746387637 0.35186752155116197
9 903.0 0.0 -1.0 -1.0 -1.0 0.0 0.36341084851383365 0.30890943804969767 0.3276797134364689
9 904.0 0.0 -1.0 -1.0 -1.0 0.0 0.3374322330171055 0.322310983730559 0.3402567832523353
9 905.0 0.0 -1.0 -1.0 -1.0 0.0 0.32926442696615027 0.3300820933295163 0.34065347970433324
9 906.0 0.0 -1.0 -1.0 -1.0 0.0 0.34234842433360924 0.30758156938450854 0.3500700062818822
9 907.0 0.0 -1.0 -1.0 -1.0 0.0 0.3488279590558431 0.3128026834644939 0.33836935747966285
9 908.0 0.0 -1.0 -1.0 -1.0 0.0 0.3505034702364101 0.3028193365009744 0.3466771932626159
9 909.0 0.0 -1.0 -1.0 -1.0 0.0 0.34346710920249995 0.3126518328665344 0.3438810579309653
9 910.0 0.0 -1.0 -1.0 -1.0 0.0 0.3364519767067636 0.34225078771457634 0.32129723557866
9 911.0 0.0 -1.0 -1.0 -1.0 0.0 0.32299406645561957 0.3376506272107651 0.3393553063336154
9 912.0 0.0 -1.0 -1.0 -1.0 0.0 0.3198937476530361 0.3146970394514341 0.36540921289552986
9 913.0 0.0 -1.0 -1.0 -1.0 0.0 0.30453157282446897 0.3335703740856224 0.36189805308990874
9 914.0 0.0 -1.0 -1.0 -1.0 0.0 0.29831743306298963 0.35134086868074554 0.35034169825626493
9 915.0 0.0 -1.0 -1.0 -1.0 0.0 0.30472472766252456 0.3501337830398777 0.3451414892975976
9 916.0 0.0 -1.0 -1.0 -1.0 0.0 0.31101949003265866 0.3222513588723664 0.3667291510949747
9 917.0 0.0 -1.0 -1.0 -1.0 0.0 0.3027381354492587 0.3404106580509291 0.3568512064998124
9 918.0 0.0 -1.0 -1.0 -1.0 0.0 0.32825713906692633 0.31805177316275624 0.3536910877703173
9 919.0 0.0 -1.0 -1.0 -1.0 0.0 0.3201633037069979 0.33641197855237037 0.343424717740632
9 920.0 0.0 -1.0 -1.0 -1.0 0.0 0.3286275980170575 0.2957998925293363 0.37557250945360615
9 921.0 0.0 -1.0 -1.0 -1.0 0.0 0.3301264366953419 0.307622494807539 0.36225106849711913
9 922.0 0.0 -1.0 -1.0 -1.0 0.0 0.35101295815351136 0.32036923784813026 0.3286178039983586
9 923.0 0.0 -1.0 -1.0 -1.0 0.0 0.3494867088349966 0.3072051135426888 0.3433081776223147
9 924.0 0.0 -1.0 -1.0 -1.0 0.0 0.3012215704308947 0.3386790166085876 0.36009941296051723
9 925.0 0.0 -1.0 -1.0 -1.0 0.0 0.3059631877001424 0.3444176537401644 0.349619158559693
9 926.0 0.0 -1.0 -1.0 -1.0 0.0 0.3191428009963617 0.36330984949518397 0.31754734950845426
9 927.0 0.0 -1.0 -1.0 -1.0 0.0 0.317509817813692 0.33819082511552623 0.3442993570707818
9 928.0 0.0 -1.0 -1.0 -1.0 0.0 0.3322272538653735 0.34321547034812455 0.32455727578650206
9 929.0 0.0 -1.0 -1.0 -1.0 0.0 0.32725894836871566 0.32229551015829583 0.35044554147298856
9 930.0 0.0 -1.0 -1.0 -1.0 0.0 0.32290341192031 0.34990237562025783 0.32719421245943225
9 931.0 0.0 -1.0 -1.0 -1.0 0.0 0.33851699806855023 0.34580123936471024 0.3156817625667395
9 932.0 0.0 -1.0 -1.0 -1.0 0.0 0.3379070515504071 0.319016055360971 0.3430768930886217
9 933.0 0.0 -1.0 -1.0 -1.0 0.0 0.3514286947302738 0.2931302576974018 0.35544104757232425
9 934.0 0.0 -1.0 -1.0 -1.0 0.0 0.34584611371800245 0.2887278419055219 0.3654260443764759
9 935.0 0.0 -1.0 -1.0 -1.0 0.0 0.3467272842798385 0.3140738918628914 0.33919882385727007
9 936.0 0.0 -1.0 -1.0 -1.0 0.0 0.3234067215979235 0.31710335422031266 0.35948992418176395
9 937.0 0.0 -1.0 -1.0 -1.0 0.0 0.3174697476610814 0.3115167902809323 0.3710134620579863
9 938.0 0.0 -1.0 -1.0 -1.0 0.0 0.309604007398015 0.33770608937822444 0.3526899032237605
9 939.0 0.0 -1.0 -1.0 -1.0 0.0 0.2981918739167731 0.3372372485592364 0.36457087752399064
9 940.0 0.0 -1.0 -1.0 -1.0 0.0 0.306211635356594 0.3230697978018211 0.370718566841585
9 941.0 0.0 -1.0 -1.0 -1.0 0.0 0.3396845424077459 0.33187578084710934 0.3284396767451448
9 942.0 0.0 -1.0 -1.0 -1.0 0.0 0.335993309491989 0.33242866338614824 0.33157802712186263
9 943.0 0.0 -1.0 -1.0 -1.0 0.0 0.3375502475623016 0.337529919912939 0.32491983252475926
9 944.0 0.0 -1.0 -1.0 -1.0 0.0 0.3356031797806643 0.33135717734420433 0.33303964287513144
9 945.0 0.0 -1.0 -1.0 -1.0 0.0 0.32723413751447716 0.34209655185023335 0.3306693106352894
9 946.0 0.0 -1.0 -1.0 -1.0 0.0 0.36608473209667935 0.3199342156124697 0.3139810522908511
9 947.0 0.0 -1.0 -1.0 -1.0 0.0 0.379163582379618 0.3237820778233016 0.29705433979708046
9 948.0 0.0 -1.0 -1.0 -1.0 0.0 0.34641031930602906 0.35365083259554636 0.2999388480984246
9 949.0 0.0 -1.0 -1.0 -1.0 0.0 0.3339023706319339 0.3588865097776228 0.30721111959044317
9 950.0 0.0 -1.0 -1.0 -1.0 0.0 0.3310492171383646 0.3574905176904997 0.3114602651711357
9 951.0 0.0 -1.0 -1.0 -1.0 0.0 0.3298041572853556 0.37341562365885994 0.2967802190557843
9 952.0 0.0 -1.0 -1.0 -1.0 0.0 0.3347871456813409 0.3741975597131637 0.2910152946054954
9 953.0 0.0 -1.0 -1.0 -1.0 0.0 0.3126719482751849 0.36870425142113594 0.3186238003036791
9 954.0 0.0 -1.0 -1.0 -1.0 0.0 0.31202488088581304 0.3438558948910056 0.34411922422318136
9 955.0 0.0 -1.0 -1.0 -1.0 0.0 0.33174318379385986 0.34032952735665817 0.327927288849482
9 956.0 0.0 -1.0 -1.0 -1.0 0.0 0.3359341754292931 0.3262859644559048 0.33777986011480204
9 957.0 0.0 -1.0 -1.0 -1.0 0.0 0.33431652882335916 0.32859072673660383 0.33709274444003695
9 958.0 0.0 -1.0 -1.0 -1.0 0.0 0.3593090543847202 0.3024452178146312 0.33824572780064843
9 959.0 0.0 -1.0 -1.0 -1.0 0.0 0.36257214193391285 0.28903738947505514 0.3483904685910319
9 960.0 0.0 -1.0 -1.0 -1.0 0.0 0.34879228005314233 0.3115703078567071 0.3396374120901504
9 961.0 0.0 -1.0 -1.0 -1.0 0.0 0.3213883235501235 0.32299607717984297 0.3556155992700337
9 962.0 0.0 -1.0 -1.0 -1.0 0.0 0.3017064952711265 0.35361725866686805 0.34467624606200536
9 963.0 0.0 -1.0 -1.0 -1.0 0.0 0.28941540789072645 0.35730298290654894 0.35328160920272467
9 964.0 0.0 -1.0 -1.0 -1.0 0.0 0.30665821668239457 0.3524854596585232 0.3408563236590821
9 965.0 0.0 -1.0 -1.0 -1.0 0.0 0.30570374393690386 0.34265445201328715 0.35164180404980905
9 966.0 0.0 -1.0 -1.0 -1.0 0.0 0.31070216343033547 0.34754807041436386 0.3417497661553008
9 967.0 0.0 -1.0 -1.0 -1.0 0.0 0.310445558865837 0.3398762795161934 0.34967816161796966
9 968.0 0.0 -1.0 -1.0 -1.0 0.0 0.31832907918218895 0.34032722637145496 0.34134369444635604
9 969.0 0.0 -1.0 -1.0 -1.0 0.0 0.32594695761753056 0.3273896641537094 0.34666337822876
9 970.0 0.0 -1.0 -1.0 -1.0 0.0 0.3264294564916292 0.3234417038819133 0.3501288396264575
9 971.0 0.0 -1.0 -1.0 -1.0 0.0 0.3199856135096438 0.3267383366215293 0.3532760498688269
9 972.0 0.0 -1.0 -1.0 -1.0 0.0 0.3026432483792987 0.3410503259049095 0.3563064257157922
9 973.0 0.0 -1.0 -1.0 -1.0 0.0 0.3316254193494557 0.30781490480640283 0.36055967584414134
9 974.0 0.0 -1.0 -1.0 -1.0 0.0 0.33220545653275246 0.310587300441288 0.35720724302595974
9 975.0 0.0 -1.0 -1.0 -1.0 0.0 0.32434941984069726 0.32016829507147165 0.3554822850878312
9 976.0 0.0 -1.0 -1.0 -1.0 0.0 0.32526840325252593 0.31995416318732967 0.3547774335601443
9 977.0 0.0 -1.0 -1.0 -1.0 0.0 0.34085638134182233 0.3184673290880963 0.3406762895700814
9 978.0 0.0 -1.0 -1.0 -1.0 0.0 0.33041500679565955 0.3029662211417725 0.366618772062568
9 979.0 0.0 -1.0 -1.0 -1.0 0.0 0.3526958009615797 0.333868574113921 0.31343562492449906
9 980.0 0.0 -1.0 -1.0 -1.0 0.0 0.32962576591944115 0.33583116505545996 0.33454306902509906
9 981.0 0.0 -1.0 -1.0 -1.0 0.0 0.3501908787933515 0.3135306498592306 0.3362784713474179
9 982.0 0.0 -1.0 -1.0 -1.0 0.0 0.3513642990688005 0.29832389499536166 0.35031180593583783
9 983.0 0.0 -1.0 -1.0 -1.0 0.0 0.35334400277832984 0.31641232995756446 0.3302436672641057
9 984.0 0.0 -1.0 -1.0 -1.0 0.0 0.3546828776931885 0.32546121146219975 0.3198559108446117
9 985.0 0.0 -1.0 -1.0 -1.0 0.0 0.38052648683403395 0.3036384326984546 0.3158350804675114
9 986.0 0.0 -1.0 -1.0 -1.0 0.0 0.3847628651125596 0.2946559382783662 0.3205811966090743
9 987.0 0.0 -1.0 -1.0 -1.0 0.0 0.3762287197364225 0.29574055682943917 0.32803072343413797
9 988.0 0.0 -1.0 -1.0 -1.0 0.0 0.38063816017957497 0.33820119366919793 0.2811606461512272
9 989.0 0.0 -1.0 -1.0 -1.0 0.0 0.35210523260496124 0.34779179618524536 0.30010297120979357
9 990.0 0.0 -1.0 -1.0 -1.0 0.0 0.306239497324856 0.37255484694691654 0.32120565572822746
9 991.0 0.0 -1.0 -1.0 -1.0 0.0 0.29849500754804686 0.3528166558130736 0.3486883366388797
9 992.0 0.0 -1.0 -1.0 -1.0 0.0 0.32548964696654287 0.3338482495466423 0.34066210348681486
9 993.0 0.0 -1.0 -1.0 -1.0 0.0 0.35329080673292074 0.31243182173636863 0.33427737153071085
9 994.0 0.0 -1.0 -1.0 -1.0 0.0 0.37720133414502977 0.31514457106171423 0.307654094793256
9 995.0 0.0 -1.0 -1.0 -1.0 0.0 0.3655502456632387 0.30252240653065593 0.33192734780610544
9 996.0 0.0 -1.0 -1.0 -1.0 0.0 0.35172634141412934 0.2861306318170165 0.3621430267688538
9 997.0 0.0 -1.0 -1.0 -1.0 0.0 0.33853498236626356 0.29933626960111975 0.36212874803261663
9 998.0 0.0 -1.0 -1.0 -1.0 0.0 0.3358668172997102 0.3055195165112148 0.35861366618907525
9 999.0 0.0 -1.0 -1.0 -1.0 0.0 0.3062301857320967 0.32210497199151816 0.3716648422763853
9 1000.0 0.0 -1.0 -1.0 -1.0 0.0 0.3205059677318697 0.332823997523432 0.3466700347446984
1000000000000000000000000000000000000000000000000000000000000000000000000000000000000000000000000000
-1.0
solo con 1: -100.0
