9 0.0 2.0 -41.0 -163.0 -100.72 49.85617293573564 0.3333333333333333 0.3333333333333333 0.3333333333333333
9 1.0 0.0 -41.0 -159.0 -84.75 48.45415932152322 0.28546289749026527 0.27181629596659945 0.4427208065431355
9 2.0 68.0 -37.0 -159.0 -71.71 44.45410639926953 0.2676190246223632 0.23034705500553723 0.5020339203720992
9 3.0 81.0 -33.0 -159.0 -61.39 39.16860601259249 0.23451084795863225 0.19562330625729663 0.5698658457840713
9 4.0 81.0 -32.0 -154.0 -46.59 22.127771754704135 0.23532568154486566 0.16241647247728117 0.6022578459778534
9 5.0 49.0 -31.0 -146.0 -40.94 12.115454693252023 0.22009695434862003 0.13465532975611935 0.6452477158952606
9 6.0 30.0 -30.0 -62.0 -37.43 5.76869818831587 0.1907345931629286 0.14208594759647938 0.6671794592405921
9 7.0 8.0 -28.0 -62.0 -35.26 5.672225437528143 0.1755330469456473 0.13206572494683674 0.6924012281075161
9 8.0 47.0 -27.0 -55.0 -33.11 5.196920222399012 0.17341574700298718 0.12850313772732533 0.6980811152696877
9 9.0 44.0 -26.0 -55.0 -31.34 4.849700605150381 0.13690477517716115 0.13017670372938706 0.7329185210934519
9 10.0 20.0 -21.0 -54.0 -28.98 3.8401914935417865 0.13119042213407192 0.11673304157545665 0.7520765362904713
9 11.0 20.0 -21.0 -37.0 -26.85 2.388419028258119 0.12255479781138962 0.1077076985162192 0.7697375036723916
9 12.0 57.0 -19.0 -33.0 -24.98 2.1080892780051808 0.1369873098052299 0.1019821463073029 0.7610305438874667
9 13.0 9.0 -19.0 -31.0 -23.23 2.059003387441349 0.13928190529778797 0.1061869055458741 0.7545311891563378
9 14.0 25.0 -18.0 -31.0 -21.73 2.210420683028368 0.1311261818251067 0.10689160703577867 0.7619822111391144
9 15.0 67.0 -17.0 -27.0 -20.07 2.230436837224602 0.12873181996411762 0.09903523404700522 0.7722329459888772
9 16.0 43.0 -15.0 -27.0 -18.74 1.888936422455983 0.1394171177568748 0.09454322845155977 0.7660396537915654
9 17.0 37.0 -15.0 -26.0 -17.36 1.6113235666257848 0.15269468203007044 0.09533778829179523 0.7519675296781344
9 18.0 9.0 -14.0 -22.0 -16.19 1.4120334216435473 0.14628805902850434 0.08873938347818522 0.7649725574933106
9 19.0 82.0 -11.0 -18.0 -15.08 0.9285592184789412 0.14983651302795387 0.09747685499317797 0.7526866319788684
9 20.0 9.0 -11.0 -18.0 -14.21 1.2576633777434938 0.1533079794425293 0.11330869721986277 0.7333833233376081
9 21.0 5.0 -11.0 -18.0 -13.23 1.4761059883656347 0.1466934477692001 0.1259495434154446 0.7273570088153555
9 22.0 9.0 -10.0 -18.0 -12.05 1.5529379129946443 0.15193738072901747 0.14738649511373433 0.700676124157248
9 23.0 49.0 -9.0 -16.0 -11.28 1.3489988805769928 0.16647124056926313 0.13965726624258487 0.6938714931881522
9 24.0 29.0 -8.0 -15.0 -10.52 1.3444987049740011 0.16499621906283 0.1476642961947794 0.6873394847423907
9 25.0 45.0 -7.0 -14.0 -9.84 1.3463005803033925 0.1683820199031742 0.14457978143943512 0.687038198657391
9 26.0 68.0 -5.0 -14.0 -8.86 1.5892314386698254 0.14202657557401627 0.14424704250850753 0.7137263819174764
9 27.0 68.0 -4.0 -14.0 -7.98 1.803363860157238 0.142025841912087 0.14379026188432392 0.7141838962035892
9 28.0 19.0 -4.0 -14.0 -7.12 1.7938165396098276 0.12486980721933304 0.15103928681547896 0.7240909059651881
9 29.0 51.0 -3.0 -14.0 -6.11 1.8634983935131966 0.11038601839454888 0.13177339101522142 0.7578405905902297
9 30.0 6.0 -3.0 -14.0 -5.02 1.6451950239004098 0.10783208532474951 0.1440079340932874 0.7481599805819628
9 31.0 15.0 -2.0 -8.0 -4.05 1.0384039812533603 0.10487721976867714 0.15915696951935782 0.7359658107119645
9 32.0 1.0 -2.0 -7.0 -3.32 1.023758178517178 0.11996919940370528 0.1593042591189685 0.7207265414773266
9 33.0 22.0 -1.0 -7.0 -2.71 0.8909760848857747 0.11770822273661569 0.16617969393594034 0.7161120833274438
9 34.0 3.0 -1.0 -7.0 -2.24 0.7800543881581904 0.1391975781730863 0.16073050789935386 0.7000719139275595
9 35.0 3.0 -1.0 -7.0 -1.89 0.8027100562117265 0.15332979278645598 0.17918282250373568 0.6674873847098084
9 36.0 0.0 -1.0 -7.0 -1.47 0.77139516789419 0.17597844626141565 0.17183780422111414 0.65218374951747
9 37.0 0.0 -1.0 -7.0 -1.21 0.71484970518991 0.18884853903980325 0.1961895851859178 0.6149618757742786
9 38.0 0.0 -1.0 -3.0 -1.1 0.3623715376697392 0.20235029911828772 0.24289670020119383 0.5547530006805184
9 39.0 0.0 -1.0 -3.0 -1.07 0.32582451743479324 0.23221820505059795 0.2534282223035888 0.5143535726458133
9 40.0 0.0 -1.0 -3.0 -1.03 0.22270150335361386 0.25303943293119086 0.26570397154361136 0.4812565955251978
9 41.0 0.0 -1.0 -2.0 -1.01 0.09999999999999999 0.25554592874661486 0.2822895678581011 0.4621645033952839
9 42.0 0.0 -1.0 -2.0 -1.01 0.09999999999999999 0.2838644151398896 0.2978577827162864 0.41827780214382393
9 43.0 0.0 -1.0 -2.0 -1.01 0.09999999999999999 0.2823390936068418 0.3429288770030707 0.3747320293900874
9 44.0 0.0 -1.0 -2.0 -1.01 0.09999999999999999 0.30005602324036296 0.3444197704016226 0.35552420635801446
9 45.0 0.0 -1.0 -1.0 -1.0 0.0 0.30969481283251843 0.31909769301695645 0.3712074941505253
9 46.0 0.0 -1.0 -1.0 -1.0 0.0 0.318971513604102 0.32498080848295474 0.35604767791294306
9 47.0 0.0 -1.0 -1.0 -1.0 0.0 0.3301613673211767 0.3396629681248917 0.3301756645539315
9 48.0 0.0 -1.0 -1.0 -1.0 0.0 0.30629393932456317 0.3534049087270399 0.3403011519483969
9 49.0 0.0 -1.0 -1.0 -1.0 0.0 0.295503695681079 0.3587916001716849 0.34570470414723614
9 50.0 0.0 -1.0 -1.0 -1.0 0.0 0.3014159096254427 0.335314295178354 0.3632697951962033
9 51.0 0.0 -1.0 -1.0 -1.0 0.0 0.32711265034016107 0.31447288308841437 0.3584144665714246
9 52.0 0.0 -1.0 -1.0 -1.0 0.0 0.3328993738628553 0.3298258354890043 0.3372747906481404
9 53.0 0.0 -1.0 -1.0 -1.0 0.0 0.33783961488133935 0.32736502075660406 0.3347953643620567
9 54.0 0.0 -1.0 -1.0 -1.0 0.0 0.32529546465497106 0.3458554722031082 0.3288490631419208
9 55.0 0.0 -1.0 -1.0 -1.0 0.0 0.3261325820707542 0.35455516251548547 0.3193122554137604
9 56.0 0.0 -1.0 -1.0 -1.0 0.0 0.3417546057282799 0.3393259872803729 0.31891940699134724
9 57.0 0.0 -1.0 -1.0 -1.0 0.0 0.3431177101347629 0.3329736949743827 0.32390859489085466
9 58.0 0.0 -1.0 -1.0 -1.0 0.0 0.33479447662820655 0.3471740355967198 0.3180314877750737
9 59.0 0.0 -1.0 -1.0 -1.0 0.0 0.34546188864609756 0.3528919989644996 0.3016461123894028
9 60.0 0.0 -1.0 -1.0 -1.0 0.0 0.34048169398085426 0.36670668847520793 0.2928116175439377
9 61.0 0.0 -1.0 -1.0 -1.0 0.0 0.3591211167548364 0.34932502366948215 0.2915538595756814
9 62.0 0.0 -1.0 -1.0 -1.0 0.0 0.3581226505162233 0.35159980952783443 0.29027753995594235
9 63.0 0.0 -1.0 -1.0 -1.0 0.0 0.3219687098642698 0.37427030436975484 0.3037609857659753
9 64.0 0.0 -1.0 -1.0 -1.0 0.0 0.3274116609587379 0.3370165504496536 0.3355717885916083
9 65.0 0.0 -1.0 -1.0 -1.0 0.0 0.30795638728056085 0.3227709502254787 0.36927266249396035
9 66.0 0.0 -1.0 -1.0 -1.0 0.0 0.3281197574924351 0.30663389794393014 0.36524634456363486
9 67.0 0.0 -1.0 -1.0 -1.0 0.0 0.30727305374628094 0.33219667355657867 0.36053027269714005
9 68.0 0.0 -1.0 -1.0 -1.0 0.0 0.3463377946515723 0.3107975463376383 0.3428646590107896
9 69.0 0.0 -1.0 -1.0 -1.0 0.0 0.35628586014056896 0.327726493555839 0.31598764630359183
9 70.0 0.0 -1.0 -1.0 -1.0 0.0 0.35412029023661207 0.32119754136925155 0.32468216839413644
9 71.0 0.0 -1.0 -1.0 -1.0 0.0 0.3487900988615092 0.32521302048645084 0.3259968806520398
9 72.0 0.0 -1.0 -1.0 -1.0 0.0 0.34718658321679174 0.34752325733038314 0.30529015945282517
9 73.0 0.0 -1.0 -1.0 -1.0 0.0 0.35089391457911645 0.351059005255808 0.29804708016507564
9 74.0 0.0 -1.0 -1.0 -1.0 0.0 0.3108416909238621 0.372258951712885 0.3168993573632527
9 75.0 0.0 -1.0 -1.0 -1.0 0.0 0.3248839116582918 0.3770910113915321 0.29802507695017605
9 76.0 0.0 -1.0 -1.0 -1.0 0.0 0.31922473411196933 0.3513805880452171 0.32939467784281345
9 77.0 0.0 -1.0 -1.0 -1.0 0.0 0.3323693994661046 0.3494685969240676 0.3181620036098277
9 78.0 0.0 -1.0 -1.0 -1.0 0.0 0.33850621445628937 0.36981405475875506 0.2916797307849556
9 79.0 0.0 -1.0 -1.0 -1.0 0.0 0.33412083799222303 0.3719211968597436 0.2939579651480331
9 80.0 0.0 -1.0 -1.0 -1.0 0.0 0.32582456316458386 0.35873056192442193 0.31544487491099404
9 81.0 0.0 -1.0 -1.0 -1.0 0.0 0.3153282067766778 0.3466361462990318 0.3380356469242902
9 82.0 0.0 -1.0 -1.0 -1.0 0.0 0.33111542710741415 0.33210451551622716 0.3367800573763587
9 83.0 0.0 -1.0 -1.0 -1.0 0.0 0.33249103088716486 0.34551863509989217 0.321990334012943
9 84.0 0.0 -1.0 -1.0 -1.0 0.0 0.33807312868235373 0.3216525574604702 0.3402743138571762
9 85.0 0.0 -1.0 -1.0 -1.0 0.0 0.3395022303607906 0.30957504563877003 0.35092272400043945
9 86.0 0.0 -1.0 -1.0 -1.0 0.0 0.33595544950406725 0.32679623030656707 0.3372483201893658
9 87.0 0.0 -1.0 -1.0 -1.0 0.0 0.3106331285091324 0.3502957808230945 0.3390710906677731
9 88.0 0.0 -1.0 -1.0 -1.0 0.0 0.27880275401358295 0.3893300705519956 0.3318671754344215
9 89.0 0.0 -1.0 -1.0 -1.0 0.0 0.3036672222904512 0.3917850359335234 0.30454774177602506
9 90.0 0.0 -1.0 -1.0 -1.0 0.0 0.3031039162569546 0.3478162307038254 0.34907985303922023
9 91.0 0.0 -1.0 -1.0 -1.0 0.0 0.29527779461249265 0.38072081492208903 0.3240013904654183
9 92.0 0.0 -1.0 -1.0 -1.0 0.0 0.29888510752821007 0.3704267742476089 0.3306881182241809
9 93.0 0.0 -1.0 -1.0 -1.0 0.0 0.2853344256764237 0.3633280960738853 0.35133747824969086
9 94.0 0.0 -1.0 -1.0 -1.0 0.0 0.2946599094666949 0.34720485458186146 0.3581352359514436
9 95.0 0.0 -1.0 -1.0 -1.0 0.0 0.2924448288862988 0.36678010987942633 0.3407750612342749
9 96.0 0.0 -1.0 -1.0 -1.0 0.0 0.30405336415074613 0.3636345890695642 0.3323120467796897
9 97.0 0.0 -1.0 -1.0 -1.0 0.0 0.2989738941413716 0.35691693111857914 0.3441091747400493
9 98.0 0.0 -1.0 -1.0 -1.0 0.0 0.299153211386664 0.372085913988136 0.32876087462519993
9 99.0 0.0 -1.0 -1.0 -1.0 0.0 0.3237471357577239 0.35071380280638725 0.32553906143588873
9 100.0 0.0 -1.0 -1.0 -1.0 0.0 0.3468312444679881 0.3547478758272266 0.29842087970478554
9 101.0 0.0 -1.0 -1.0 -1.0 0.0 0.34511778861252085 0.35362682911782345 0.30125538226965604
9 102.0 0.0 -1.0 -1.0 -1.0 0.0 0.3536312132429997 0.33800338094462484 0.3083654058123756
9 103.0 0.0 -1.0 -1.0 -1.0 0.0 0.3443194603472404 0.339811851291406 0.31586868836135357
9 104.0 0.0 -1.0 -1.0 -1.0 0.0 0.334507362038824 0.34839471301270736 0.3170979249484687
9 105.0 0.0 -1.0 -1.0 -1.0 0.0 0.3378839312168482 0.3277725957383243 0.33434347304482764
9 106.0 0.0 -1.0 -1.0 -1.0 0.0 0.32621568707041604 0.32980271904999825 0.34398159387958566
9 107.0 0.0 -1.0 -1.0 -1.0 0.0 0.31949711541904846 0.33718810184503084 0.34331478273592075
9 108.0 0.0 -1.0 -1.0 -1.0 0.0 0.3252887778570126 0.33507659860895944 0.339634623534028
9 109.0 0.0 -1.0 -1.0 -1.0 0.0 0.325240476742629 0.3636235208273184 0.3111360024300525
9 110.0 0.0 -1.0 -1.0 -1.0 0.0 0.3254761235643569 0.3778486869846242 0.29667518945101884
9 111.0 0.0 -1.0 -1.0 -1.0 0.0 0.30905290866155055 0.3570528212430204 0.33389427009542916
9 112.0 0.0 -1.0 -1.0 -1.0 0.0 0.2926859398141028 0.3644145478404248 0.34289951234547217
9 113.0 0.0 -1.0 -1.0 -1.0 0.0 0.30350098355488747 0.38324701221668356 0.31325200422842897
9 114.0 0.0 -1.0 -1.0 -1.0 0.0 0.328918520722675 0.3679832364678989 0.3030982428094259
9 115.0 0.0 -1.0 -1.0 -1.0 0.0 0.3288705091347693 0.3480245158792463 0.3231049749859843
9 116.0 0.0 -1.0 -1.0 -1.0 0.0 0.31454596019716563 0.33762644950776566 0.3478275902950688
9 117.0 0.0 -1.0 -1.0 -1.0 0.0 0.3098792765722316 0.3361070457203651 0.3540136777074033
9 118.0 0.0 -1.0 -1.0 -1.0 0.0 0.3206687124989109 0.3256526401443997 0.35367864735668947
9 119.0 0.0 -1.0 -1.0 -1.0 0.0 0.3521730396876947 0.2896388804437987 0.3581880798685067
9 120.0 0.0 -1.0 -1.0 -1.0 0.0 0.32417136215307 0.2957513293567268 0.3800773084902031
9 121.0 0.0 -1.0 -1.0 -1.0 0.0 0.3366533865455714 0.3097398258487312 0.3536067876056975
9 122.0 0.0 -1.0 -1.0 -1.0 0.0 0.3075963774133499 0.35023477492141103 0.34216884766523903
9 123.0 0.0 -1.0 -1.0 -1.0 0.0 0.30291587407734905 0.3292993586954814 0.3677847672271697
9 124.0 0.0 -1.0 -1.0 -1.0 0.0 0.3013517045764528 0.34469169595170845 0.3539565994718386
9 125.0 0.0 -1.0 -1.0 -1.0 0.0 0.30160144138194356 0.34586068028424066 0.3525378783338157
9 126.0 0.0 -1.0 -1.0 -1.0 0.0 0.29984913976268784 0.3414284527766682 0.358722407460644
9 127.0 0.0 -1.0 -1.0 -1.0 0.0 0.28194963839180937 0.3558378944104532 0.3622124671977376
9 128.0 0.0 -1.0 -1.0 -1.0 0.0 0.2783582315367447 0.3588081864231886 0.36283358204006644
9 129.0 0.0 -1.0 -1.0 -1.0 0.0 0.2757215378683503 0.3643573885895315 0.35992107354211805
9 130.0 0.0 -1.0 -1.0 -1.0 0.0 0.29649408248458864 0.3469710547353936 0.3565348627800178
9 131.0 0.0 -1.0 -1.0 -1.0 0.0 0.32007668453436056 0.3360264449731123 0.3438968704925272
9 132.0 0.0 -1.0 -1.0 -1.0 0.0 0.3425613965030843 0.325506877352132 0.33193172614478383
9 133.0 0.0 -1.0 -1.0 -1.0 0.0 0.30273551285581507 0.3561246868109533 0.3411398003332317
9 134.0 0.0 -1.0 -1.0 -1.0 0.0 0.29250241787573017 0.39411107923811867 0.3133865028861511
9 135.0 0.0 -1.0 -1.0 -1.0 0.0 0.2798177368326694 0.4053138980027519 0.31486836516457906
9 136.0 0.0 -1.0 -1.0 -1.0 0.0 0.2670837929211875 0.42184821934141115 0.3110679877374013
9 137.0 0.0 -1.0 -1.0 -1.0 0.0 0.26288267441869345 0.4012834092753109 0.33583391630599585
9 138.0 0.0 -1.0 -1.0 -1.0 0.0 0.3018075211873146 0.37854116577999924 0.3196513130326863
9 139.0 0.0 -1.0 -1.0 -1.0 0.0 0.2957248229357519 0.3677534960863183 0.33652168097792967
9 140.0 0.0 -1.0 -1.0 -1.0 0.0 0.31517275022949487 0.347453553513714 0.33737369625679087
9 141.0 0.0 -1.0 -1.0 -1.0 0.0 0.32260640970410853 0.33130310516650224 0.3460904851293894
9 142.0 0.0 -1.0 -1.0 -1.0 0.0 0.30031159525783974 0.33553378860893346 0.36415461613322697
9 143.0 0.0 -1.0 -1.0 -1.0 0.0 0.31264540391024587 0.3293121007103162 0.3580424953794379
9 144.0 0.0 -1.0 -1.0 -1.0 0.0 0.318228380657473 0.33737349087910606 0.34439812846342105
9 145.0 0.0 -1.0 -1.0 -1.0 0.0 0.34092731561134854 0.31055810646939674 0.3485145779192546
9 146.0 0.0 -1.0 -1.0 -1.0 0.0 0.3326313793119162 0.3367959279257348 0.33057269276234885
9 147.0 0.0 -1.0 -1.0 -1.0 0.0 0.34889284879101046 0.32484236104972636 0.3262647901592631
9 148.0 0.0 -1.0 -1.0 -1.0 0.0 0.3368984208567732 0.3307814933716265 0.33232008577160016
9 149.0 0.0 -1.0 -1.0 -1.0 0.0 0.3500996945618259 0.33552559731859843 0.31437470811957613
9 150.0 0.0 -1.0 -1.0 -1.0 0.0 0.34333489140011425 0.33662660944231776 0.3200384991575681
9 151.0 0.0 -1.0 -1.0 -1.0 0.0 0.3523973724858346 0.3312573119894666 0.3163453155246988
9 152.0 0.0 -1.0 -1.0 -1.0 0.0 0.34372396396617383 0.3547959101310439 0.30148012590278234
9 153.0 0.0 -1.0 -1.0 -1.0 0.0 0.322642256781257 0.38604891791617646 0.2913088253025665
9 154.0 0.0 -1.0 -1.0 -1.0 0.0 0.34254078658582154 0.3432540977885609 0.3142051156256176
9 155.0 0.0 -1.0 -1.0 -1.0 0.0 0.3463463399573506 0.35025640100035255 0.30339725904229686
9 156.0 0.0 -1.0 -1.0 -1.0 0.0 0.3395470983262732 0.3309637890193918 0.3294891126543349
9 157.0 0.0 -1.0 -1.0 -1.0 0.0 0.3327950925395211 0.32579057557167324 0.3414143318888055
9 158.0 0.0 -1.0 -1.0 -1.0 0.0 0.3581942201424135 0.3490818003840803 0.29272397947350637
9 159.0 0.0 -1.0 -1.0 -1.0 0.0 0.3543147499348675 0.3281508159618318 0.3175344341033005
9 160.0 0.0 -1.0 -1.0 -1.0 0.0 0.35027837286218305 0.3156333765676335 0.33408825057018354
9 161.0 0.0 -1.0 -1.0 -1.0 0.0 0.35370795110571135 0.3436627521461694 0.30262929674811934
9 162.0 0.0 -1.0 -1.0 -1.0 0.0 0.35140890865985325 0.3617159107240686 0.2868751806160779
9 163.0 0.0 -1.0 -1.0 -1.0 0.0 0.32921600882587254 0.35559435728605154 0.31518963388807575
9 164.0 0.0 -1.0 -1.0 -1.0 0.0 0.3384551095190739 0.33401539377452116 0.3275294967064047
9 165.0 0.0 -1.0 -1.0 -1.0 0.0 0.32446816193399847 0.3539003439341147 0.32163149413188685
9 166.0 0.0 -1.0 -1.0 -1.0 0.0 0.32228309282887707 0.36204444887749676 0.31567245829362617
9 167.0 0.0 -1.0 -1.0 -1.0 0.0 0.32175141717688766 0.3427492394180593 0.33549934340505305
9 168.0 0.0 -1.0 -1.0 -1.0 0.0 0.3159340353432329 0.382841264667776 0.3012246999889915
9 169.0 0.0 -1.0 -1.0 -1.0 0.0 0.3300113414051759 0.38371063362790436 0.2862780249669194
9 170.0 0.0 -1.0 -1.0 -1.0 0.0 0.3093081462284386 0.3903825300590865 0.30030932371247476
9 171.0 0.0 -1.0 -1.0 -1.0 0.0 0.2944999828312271 0.3965696307627368 0.3089303864060359
9 172.0 0.0 -1.0 -1.0 -1.0 0.0 0.298568843136905 0.38193670252935497 0.31949445433374
9 173.0 0.0 -1.0 -1.0 -1.0 0.0 0.33547086586514346 0.3675138946022736 0.29701523953258274
9 174.0 0.0 -1.0 -1.0 -1.0 0.0 0.34259818962813676 0.35277071382295133 0.3046310965489118
9 175.0 0.0 -1.0 -1.0 -1.0 0.0 0.3460646615686654 0.32032601116661413 0.3336093272647204
9 176.0 0.0 -1.0 -1.0 -1.0 0.0 0.35493804534882256 0.3082798731084695 0.33678208154270806
9 177.0 0.0 -1.0 -1.0 -1.0 0.0 0.3596453666197524 0.32213067508021026 0.3182239583000374
9 178.0 0.0 -1.0 -1.0 -1.0 0.0 0.3479589683272997 0.3162455226283921 0.33579550904430827
9 179.0 0.0 -1.0 -1.0 -1.0 0.0 0.3441663055788707 0.31688698313200875 0.3389467112891207
9 180.0 0.0 -1.0 -1.0 -1.0 0.0 0.336818538280607 0.3094128517938707 0.3537686099255225
9 181.0 0.0 -1.0 -1.0 -1.0 0.0 0.33908156107580056 0.3135487787859014 0.3473696601382981
9 182.0 0.0 -1.0 -1.0 -1.0 0.0 0.3377203820892823 0.30564455537282487 0.35663506253789284
9 183.0 0.0 -1.0 -1.0 -1.0 0.0 0.3367522549830515 0.31758279226982905 0.3456649527471194
9 184.0 0.0 -1.0 -1.0 -1.0 0.0 0.3640449433249 0.32003073475296573 0.3159243219221341
9 185.0 0.0 -1.0 -1.0 -1.0 0.0 0.36053641556115457 0.3346135913239131 0.3048499931149325
9 186.0 0.0 -1.0 -1.0 -1.0 0.0 0.3585027367286815 0.3179900304076342 0.3235072328636845
9 187.0 0.0 -1.0 -1.0 -1.0 0.0 0.3290334179884787 0.33829401429705075 0.3326725677144707
9 188.0 0.0 -1.0 -1.0 -1.0 0.0 0.33027522192385966 0.3336696983935738 0.33605507968256654
9 189.0 0.0 -1.0 -1.0 -1.0 0.0 0.32000930632537306 0.35876322997394877 0.32122746370067795
9 190.0 0.0 -1.0 -1.0 -1.0 0.0 0.3179467754151406 0.38955691110150853 0.2924963134833511
9 191.0 0.0 -1.0 -1.0 -1.0 0.0 0.297874754672315 0.3926047655869609 0.30952047974072405
9 192.0 0.0 -1.0 -1.0 -1.0 0.0 0.3083669177338856 0.37462928206410273 0.31700380020201163
9 193.0 0.0 -1.0 -1.0 -1.0 0.0 0.29585379406624845 0.3685040276322997 0.3356421783014518
9 194.0 0.0 -1.0 -1.0 -1.0 0.0 0.29281696281257863 0.3552842544744451 0.3518987827129761
9 195.0 0.0 -1.0 -1.0 -1.0 0.0 0.28503315903754334 0.3625374176715202 0.35242942329093624
9 196.0 0.0 -1.0 -1.0 -1.0 0.0 0.2888760108300911 0.36317066840892553 0.34795332076098334
9 197.0 0.0 -1.0 -1.0 -1.0 0.0 0.30232941955180137 0.3509317601723218 0.3467388202758767
9 198.0 0.0 -1.0 -1.0 -1.0 0.0 0.3150921352616555 0.347169187237822 0.33773867750052217
9 199.0 0.0 -1.0 -1.0 -1.0 0.0 0.3305116077821604 0.361001728851352 0.30848666336648745
9 200.0 0.0 -1.0 -1.0 -1.0 0.0 0.33067850905941576 0.341499947337028 0.32782154360355614
9 201.0 0.0 -1.0 -1.0 -1.0 0.0 0.3586849759939984 0.3442008155992057 0.2971142084067962
9 202.0 0.0 -1.0 -1.0 -1.0 0.0 0.3548742056713374 0.34443971860640715 0.3006860757222554
9 203.0 0.0 -1.0 -1.0 -1.0 0.0 0.3634946289630466 0.34036800442593945 0.296137366611014
9 204.0 0.0 -1.0 -1.0 -1.0 0.0 0.3350252981513154 0.333495702445138 0.33147899940354686
9 205.0 0.0 -1.0 -1.0 -1.0 0.0 0.3362632492732656 0.3024753742894729 0.3612613764372615
9 206.0 0.0 -1.0 -1.0 -1.0 0.0 0.30761332484049997 0.2849028335349778 0.40748384162452234
9 207.0 0.0 -1.0 -1.0 -1.0 0.0 0.29671550427111204 0.29678787661771144 0.4064966191111767
9 208.0 0.0 -1.0 -1.0 -1.0 0.0 0.3220554140160113 0.29847997944123295 0.3794646065427559
9 209.0 0.0 -1.0 -1.0 -1.0 0.0 0.334961954046949 0.3251065687733316 0.33993147717971944
9 210.0 0.0 -1.0 -1.0 -1.0 0.0 0.3229721943556801 0.33116702855589575 0.3458607770884244
9 211.0 0.0 -1.0 -1.0 -1.0 0.0 0.322367956737901 0.33116829017522276 0.34646375308687616
9 212.0 0.0 -1.0 -1.0 -1.0 0.0 0.34194985924301313 0.31453575137433826 0.3435143893826485
9 213.0 0.0 -1.0 -1.0 -1.0 0.0 0.33151662282923794 0.33327939263422257 0.3352039845365395
9 214.0 0.0 -1.0 -1.0 -1.0 0.0 0.3170749584876472 0.3584784639540718 0.32444657755828105
9 215.0 0.0 -1.0 -1.0 -1.0 0.0 0.3140654167739026 0.35877970817332383 0.3271548750527737
9 216.0 0.0 -1.0 -1.0 -1.0 0.0 0.3231055797611387 0.31413687571725624 0.3627575445216051
9 217.0 0.0 -1.0 -1.0 -1.0 0.0 0.30884330010989425 0.3251040092556774 0.36605269063442847
9 218.0 0.0 -1.0 -1.0 -1.0 0.0 0.30879535257362833 0.3452395976249458 0.34596504980142556
9 219.0 0.0 -1.0 -1.0 -1.0 0.0 0.3345573639565091 0.3358871390692567 0.32955549697423436
9 220.0 0.0 -1.0 -1.0 -1.0 0.0 0.36591719070421164 0.34863783173948604 0.2854449775563025
9 221.0 0.0 -1.0 -1.0 -1.0 0.0 0.3407979029612777 0.3608103158405317 0.2983917811981909
9 222.0 0.0 -1.0 -1.0 -1.0 0.0 0.3324206907634859 0.3399919499278756 0.32758735930863836
9 223.0 0.0 -1.0 -1.0 -1.0 0.0 0.3133572845948529 0.35411660190010175 0.3325261135050455
9 224.0 0.0 -1.0 -1.0 -1.0 0.0 0.3145434555882823 0.3369785753687331 0.3484779690429846
9 225.0 0.0 -1.0 -1.0 -1.0 0.0 0.3436472599442386 0.309728243625505 0.3466244964302561
9 226.0 0.0 -1.0 -1.0 -1.0 0.0 0.32718848657274313 0.34125577293966136 0.3315557404875954
9 227.0 0.0 -1.0 -1.0 -1.0 0.0 0.3420533298509444 0.34339902360495117 0.3145476465441044
9 228.0 0.0 -1.0 -1.0 -1.0 0.0 0.32801218592454795 0.3463363756809617 0.3256514383944904
9 229.0 0.0 -1.0 -1.0 -1.0 0.0 0.2922330499658777 0.3761080544024339 0.3316588956316884
9 230.0 0.0 -1.0 -1.0 -1.0 0.0 0.31323413673969147 0.35389744654095695 0.3328684167193514
9 231.0 0.0 -1.0 -1.0 -1.0 0.0 0.32020490439265153 0.35144324446336717 0.3283518511439809
9 232.0 0.0 -1.0 -1.0 -1.0 0.0 0.3126086695050909 0.3700411299401168 0.31735020055479257
9 233.0 0.0 -1.0 -1.0 -1.0 0.0 0.315532363036653 0.3780625079890531 0.306405128974294
9 234.0 0.0 -1.0 -1.0 -1.0 0.0 0.3476341164913553 0.3381194019986748 0.3142464815099701
9 235.0 0.0 -1.0 -1.0 -1.0 0.0 0.35585597939606856 0.33473430694004186 0.30940971366388953
9 236.0 0.0 -1.0 -1.0 -1.0 0.0 0.3325830178322334 0.3571691117361555 0.31024787043161134
9 237.0 0.0 -1.0 -1.0 -1.0 0.0 0.3473404800400224 0.3512438533222319 0.30141566663774555
9 238.0 0.0 -1.0 -1.0 -1.0 0.0 0.34661206497259284 0.36312922214650095 0.29025871288090604
9 239.0 0.0 -1.0 -1.0 -1.0 0.0 0.3359480397573879 0.343152008882773 0.3208999513598392
9 240.0 0.0 -1.0 -1.0 -1.0 0.0 0.3460714180075965 0.3452803613057235 0.30864822068668024
9 241.0 0.0 -1.0 -1.0 -1.0 0.0 0.34170207693305316 0.35007971822236145 0.3082182048445856
9 242.0 0.0 -1.0 -1.0 -1.0 0.0 0.3300785976453144 0.3507701458839847 0.31915125647070125
9 243.0 0.0 -1.0 -1.0 -1.0 0.0 0.32628748214968717 0.344010999048743 0.3297015188015696
9 244.0 0.0 -1.0 -1.0 -1.0 0.0 0.31971330026514144 0.34628942054590506 0.3339972791889533
9 245.0 0.0 -1.0 -1.0 -1.0 0.0 0.34279852977972053 0.3192926327998047 0.3379088374204748
9 246.0 0.0 -1.0 -1.0 -1.0 0.0 0.3190420248788423 0.33342903583215394 0.3475289392890039
9 247.0 0.0 -1.0 -1.0 -1.0 0.0 0.31222532861408003 0.34618072877931594 0.3415939426066039
9 248.0 0.0 -1.0 -1.0 -1.0 0.0 0.33653877266596877 0.33012455573875904 0.3333366715952721
9 249.0 0.0 -1.0 -1.0 -1.0 0.0 0.35852030024442816 0.334071783269376 0.307407916486196
9 250.0 0.0 -1.0 -1.0 -1.0 0.0 0.3673614845575022 0.3259690558475614 0.3066694595949362
9 251.0 0.0 -1.0 -1.0 -1.0 0.0 0.32613151817567215 0.3464134151048712 0.32745506671945657
9 252.0 0.0 -1.0 -1.0 -1.0 0.0 0.3297539400039397 0.355738679802076 0.3145073801939841
9 253.0 0.0 -1.0 -1.0 -1.0 0.0 0.3102062769856237 0.32820423336859333 0.36158948964578275
9 254.0 0.0 -1.0 -1.0 -1.0 0.0 0.2886848374763392 0.35530919956367213 0.3560059629599885
9 255.0 0.0 -1.0 -1.0 -1.0 0.0 0.27405346769045347 0.3629656305783548 0.3629809017311918
9 256.0 0.0 -1.0 -1.0 -1.0 0.0 0.3056931621536092 0.34768224369724765 0.34662459414914326
9 257.0 0.0 -1.0 -1.0 -1.0 0.0 0.31492470124279787 0.34516672779153024 0.33990857096567206
9 258.0 0.0 -1.0 -1.0 -1.0 0.0 0.3577947016050686 0.28419847051806263 0.35800682787686894
9 259.0 0.0 -1.0 -1.0 -1.0 0.0 0.33529231906371615 0.3075926131426317 0.3571150677936524
9 260.0 0.0 -1.0 -1.0 -1.0 0.0 0.3416797031326322 0.3034107681064249 0.3549095287609426
9 261.0 0.0 -1.0 -1.0 -1.0 0.0 0.34112585553551056 0.3166607766688567 0.3422133677956327
9 262.0 0.0 -1.0 -1.0 -1.0 0.0 0.3315263646353822 0.3229790909956436 0.3454945443689744
9 263.0 0.0 -1.0 -1.0 -1.0 0.0 0.32913655809968634 0.34357455970482 0.3272888821954936
9 264.0 0.0 -1.0 -1.0 -1.0 0.0 0.2946331564806547 0.355826239669479 0.34954060384986635
9 265.0 0.0 -1.0 -1.0 -1.0 0.0 0.3251045420080691 0.3276063738408639 0.347289084151067
9 266.0 0.0 -1.0 -1.0 -1.0 0.0 0.3394174354375592 0.29827755313534154 0.3623050114270997
9 267.0 0.0 -1.0 -1.0 -1.0 0.0 0.31517511758941463 0.32165521234247296 0.3631696700681124
9 268.0 0.0 -1.0 -1.0 -1.0 0.0 0.29037947979608053 0.3105086093503291 0.3991119108535905
9 269.0 0.0 -1.0 -1.0 -1.0 0.0 0.31399148718307673 0.3085595039794137 0.3774490088375098
9 270.0 0.0 -1.0 -1.0 -1.0 0.0 0.307479737170092 0.31113007713126406 0.38139018569864397
9 271.0 0.0 -1.0 -1.0 -1.0 0.0 0.32709808736488744 0.2986334415264739 0.37426847110863853
9 272.0 0.0 -1.0 -1.0 -1.0 0.0 0.3409890548112455 0.29422859515808125 0.3647823500306734
9 273.0 0.0 -1.0 -1.0 -1.0 0.0 0.3519147550408849 0.30867106340203726 0.33941418155707803
9 274.0 0.0 -1.0 -1.0 -1.0 0.0 0.3459805721064588 0.32601854497317445 0.32800088292036667
9 275.0 0.0 -1.0 -1.0 -1.0 0.0 0.35512496549457295 0.3035811483242339 0.34129388618119305
9 276.0 0.0 -1.0 -1.0 -1.0 0.0 0.3329540450953224 0.3230119663988525 0.3440339885058253
9 277.0 0.0 -1.0 -1.0 -1.0 0.0 0.3166187352511142 0.3261229085206935 0.35725835622819235
9 278.0 0.0 -1.0 -1.0 -1.0 0.0 0.3126556831129282 0.35101311935807217 0.3363311975289997
9 279.0 0.0 -1.0 -1.0 -1.0 0.0 0.335992074788486 0.3527505289282404 0.31125739628327376
9 280.0 0.0 -1.0 -1.0 -1.0 0.0 0.31226936096426366 0.36734700868613357 0.32038363034960254
9 281.0 0.0 -1.0 -1.0 -1.0 0.0 0.3116190168126107 0.34784780445733965 0.34053317873004957
9 282.0 0.0 -1.0 -1.0 -1.0 0.0 0.2787779644315714 0.3518918295667217 0.369330206001707
9 283.0 0.0 -1.0 -1.0 -1.0 0.0 0.3261082587315265 0.32211011597860434 0.3517816252898692
9 284.0 0.0 -1.0 -1.0 -1.0 0.0 0.32693639688576925 0.3277118935748393 0.3453517095393916
9 285.0 0.0 -1.0 -1.0 -1.0 0.0 0.32275315381988756 0.3472820253651902 0.3299648208149222
9 286.0 0.0 -1.0 -1.0 -1.0 0.0 0.29959554229912266 0.34756024582957806 0.35284421187129916
9 287.0 0.0 -1.0 -1.0 -1.0 0.0 0.2920039299355397 0.3710721981974599 0.33692387186700024
9 288.0 0.0 -1.0 -1.0 -1.0 0.0 0.2920123722878428 0.3562737426734969 0.3517138850386602
9 289.0 0.0 -1.0 -1.0 -1.0 0.0 0.29970842515327073 0.33114144431876896 0.36915013052796036
9 290.0 0.0 -1.0 -1.0 -1.0 0.0 0.31004010221719086 0.33451809877818356 0.3554417990046255
9 291.0 0.0 -1.0 -1.0 -1.0 0.0 0.3287253997640465 0.3356008647780855 0.335673735457868
9 292.0 0.0 -1.0 -1.0 -1.0 0.0 0.3194646435967549 0.3406974650213915 0.33983789138185344
9 293.0 0.0 -1.0 -1.0 -1.0 0.0 0.3097124074102501 0.3570606548848167 0.3332269377049331
9 294.0 0.0 -1.0 -1.0 -1.0 0.0 0.3103633158576907 0.35397548740040585 0.3356611967419032
9 295.0 0.0 -1.0 -1.0 -1.0 0.0 0.2959611145276631 0.3524697675570653 0.35156911791527146
9 296.0 0.0 -1.0 -1.0 -1.0 0.0 0.2811917953763626 0.37108247523195187 0.34772572939168533
9 297.0 0.0 -1.0 -1.0 -1.0 0.0 0.28514301501158706 0.363159046718015 0.3516979382703977
9 298.0 0.0 -1.0 -1.0 -1.0 0.0 0.3056388288130078 0.36246560161710534 0.3318955695698868
9 299.0 0.0 -1.0 -1.0 -1.0 0.0 0.30097639815965826 0.3582707101440896 0.34075289169625206
9 300.0 0.0 -1.0 -1.0 -1.0 0.0 0.29663342262528886 0.3285417426228229 0.37482483475188816
9 301.0 0.0 -1.0 -1.0 -1.0 0.0 0.3160453953697304 0.32696164813216116 0.3569929564981083
9 302.0 0.0 -1.0 -1.0 -1.0 0.0 0.30269971996642264 0.34020419654602 0.3570960834875573
9 303.0 0.0 -1.0 -1.0 -1.0 0.0 0.2991928608657859 0.3429569996702427 0.3578501394639716
9 304.0 0.0 -1.0 -1.0 -1.0 0.0 0.2993502620291711 0.3135027484692005 0.3871469895016283
9 305.0 0.0 -1.0 -1.0 -1.0 0.0 0.31189014864342507 0.3082128857926852 0.3798969655638897
9 306.0 0.0 -1.0 -1.0 -1.0 0.0 0.2938989863425511 0.3283684177988416 0.37773259585860713
9 307.0 0.0 -1.0 -1.0 -1.0 0.0 0.27589355558279727 0.3566936392071554 0.36741280521004754
9 308.0 0.0 -1.0 -1.0 -1.0 0.0 0.27200123502059287 0.37142521477337836 0.35657355020602893
9 309.0 0.0 -1.0 -1.0 -1.0 0.0 0.3050813928615606 0.3309223250085857 0.36399628212985347
9 310.0 0.0 -1.0 -1.0 -1.0 0.0 0.3107030368204408 0.31581326861248804 0.3734836945670713
9 311.0 0.0 -1.0 -1.0 -1.0 0.0 0.29644768401316773 0.3194361511643786 0.38411616482245364
9 312.0 0.0 -1.0 -1.0 -1.0 0.0 0.31024177927846724 0.3029944120431811 0.38676380867835225
9 313.0 0.0 -1.0 -1.0 -1.0 0.0 0.3224537607509206 0.3095686773462372 0.3679775619028424
9 314.0 0.0 -1.0 -1.0 -1.0 0.0 0.327435358660682 0.320275453157104 0.352289188182214
9 315.0 0.0 -1.0 -1.0 -1.0 0.0 0.32106406306951973 0.3142135011318771 0.36472243579860325
9 316.0 0.0 -1.0 -1.0 -1.0 0.0 0.35674087708521235 0.3148090540609806 0.3284500688538069
9 317.0 0.0 -1.0 -1.0 -1.0 0.0 0.35483270550062906 0.3077844223509013 0.3373828721484697
9 318.0 0.0 -1.0 -1.0 -1.0 0.0 0.349579621559512 0.31134922889658245 0.33907114954390577
9 319.0 0.0 -1.0 -1.0 -1.0 0.0 0.34920602618552005 0.3212313479177294 0.3295626258967505
9 320.0 0.0 -1.0 -1.0 -1.0 0.0 0.373835144286407 0.29797586979736357 0.3281889859162293
9 321.0 0.0 -1.0 -1.0 -1.0 0.0 0.35840411121338583 0.30914597069404043 0.3324499180925735
9 322.0 0.0 -1.0 -1.0 -1.0 0.0 0.31467635859496534 0.3336540360502458 0.3516696053547887
9 323.0 0.0 -1.0 -1.0 -1.0 0.0 0.32070975918374367 0.34785068483441045 0.33143955598184605
9 324.0 0.0 -1.0 -1.0 -1.0 0.0 0.3240700992479746 0.3701325913074893 0.30579730944453604
9 325.0 0.0 -1.0 -1.0 -1.0 0.0 0.3203787630672788 0.36788971461427766 0.31173152231844375
9 326.0 0.0 -1.0 -1.0 -1.0 0.0 0.319264689080239 0.35424398057944606 0.32649133034031474
9 327.0 0.0 -1.0 -1.0 -1.0 0.0 0.33269287835727923 0.3526440097084681 0.31466311193425267
9 328.0 0.0 -1.0 -1.0 -1.0 0.0 0.3357106142313473 0.35259534991456687 0.3116940358540859
9 329.0 0.0 -1.0 -1.0 -1.0 0.0 0.35909723986384606 0.3361620941251471 0.30474066601100713
9 330.0 0.0 -1.0 -1.0 -1.0 0.0 0.3290124819329157 0.35310450318273773 0.3178830148843465
9 331.0 0.0 -1.0 -1.0 -1.0 0.0 0.32770598097433 0.33337752107721935 0.3389164979484506
9 332.0 0.0 -1.0 -1.0 -1.0 0.0 0.34090434204405473 0.33268096159104554 0.32641469636489967
9 333.0 0.0 -1.0 -1.0 -1.0 0.0 0.34486558334729217 0.34039047542903283 0.31474394122367483
9 334.0 0.0 -1.0 -1.0 -1.0 0.0 0.35275736638281635 0.3237033904241622 0.3235392431930215
9 335.0 0.0 -1.0 -1.0 -1.0 0.0 0.36381616624743046 0.30781235637407195 0.3283714773784978
9 336.0 0.0 -1.0 -1.0 -1.0 0.0 0.35465228356708706 0.3068109750961885 0.33853674133672434
9 337.0 0.0 -1.0 -1.0 -1.0 0.0 0.354410492690849 0.2886852762970698 0.35690423101208135
9 338.0 0.0 -1.0 -1.0 -1.0 0.0 0.3849584943760459 0.27633296474516256 0.33870854087879154
9 339.0 0.0 -1.0 -1.0 -1.0 0.0 0.3919222374611751 0.305263640159938 0.302814122378887
9 340.0 0.0 -1.0 -1.0 -1.0 0.0 0.388948423371927 0.3091141582136682 0.30193741841440463
9 341.0 0.0 -1.0 -1.0 -1.0 0.0 0.3798398653375501 0.3165079761329623 0.3036521585294874
9 342.0 0.0 -1.0 -1.0 -1.0 0.0 0.35757609271851093 0.32465332097942634 0.3177705863020627
9 343.0 0.0 -1.0 -1.0 -1.0 0.0 0.3561094745639308 0.32993938986892085 0.31395113556714854
9 344.0 0.0 -1.0 -1.0 -1.0 0.0 0.3515540818794679 0.29474428562832 0.35370163249221187
9 345.0 0.0 -1.0 -1.0 -1.0 0.0 0.3478671123276253 0.2991959246190653 0.35293696305330946
9 346.0 0.0 -1.0 -1.0 -1.0 0.0 0.33748611084620106 0.30918400479189695 0.353329884361902
9 347.0 0.0 -1.0 -1.0 -1.0 0.0 0.34327316876342645 0.311810992035001 0.3449158392015728
9 348.0 0.0 -1.0 -1.0 -1.0 0.0 0.35403360649798465 0.2924085380885136 0.3535578554135019
9 349.0 0.0 -1.0 -1.0 -1.0 0.0 0.3486714345576557 0.2992754032017633 0.3520531622405813
9 350.0 0.0 -1.0 -1.0 -1.0 0.0 0.36998905873639865 0.26813929711959444 0.36187164414400674
9 351.0 0.0 -1.0 -1.0 -1.0 0.0 0.3585639287053435 0.28150377253629555 0.35993229875836086
9 352.0 0.0 -1.0 -1.0 -1.0 0.0 0.32588561090040835 0.2994459952407365 0.374668393858855
9 353.0 0.0 -1.0 -1.0 -1.0 0.0 0.35054585577676045 0.31933086938115457 0.33012327484208503
9 354.0 0.0 -1.0 -1.0 -1.0 0.0 0.3472929577808512 0.3356209943298766 0.3170860478892724
9 355.0 0.0 -1.0 -1.0 -1.0 0.0 0.37189188790999367 0.3410550911583332 0.28705302093167306
9 356.0 0.0 -1.0 -1.0 -1.0 0.0 0.36222470820032904 0.3461735770699144 0.2916017147297569
9 357.0 0.0 -1.0 -1.0 -1.0 0.0 0.361354216964473 0.33733311036502456 0.3013126726705025
9 358.0 0.0 -1.0 -1.0 -1.0 0.0 0.35707372496466205 0.3448142062473643 0.29811206878797397
9 359.0 0.0 -1.0 -1.0 -1.0 0.0 0.38868219273253596 0.31404414216996307 0.2972736650975008
9 360.0 0.0 -1.0 -1.0 -1.0 0.0 0.37000065220049705 0.3100695963532264 0.3199297514462765
9 361.0 0.0 -1.0 -1.0 -1.0 0.0 0.36242444075789115 0.3286911178114742 0.3088844414306348
9 362.0 0.0 -1.0 -1.0 -1.0 0.0 0.3316706339027379 0.3453230464412366 0.3230063196560252
9 363.0 0.0 -1.0 -1.0 -1.0 0.0 0.3182399210261428 0.3555517193389119 0.3262083596349452
9 364.0 0.0 -1.0 -1.0 -1.0 0.0 0.3273186388611073 0.35395431640496156 0.3187270447339309
9 365.0 0.0 -1.0 -1.0 -1.0 0.0 0.337384531066083 0.3585358167328475 0.30407965220106964
9 366.0 0.0 -1.0 -1.0 -1.0 0.0 0.34538893260682085 0.350504022322287 0.3041070450708921
9 367.0 0.0 -1.0 -1.0 -1.0 0.0 0.3196624412111115 0.37126654836367207 0.3090710104252164
9 368.0 0.0 -1.0 -1.0 -1.0 0.0 0.3359943323240446 0.3449001125735977 0.3191055551023577
9 369.0 0.0 -1.0 -1.0 -1.0 0.0 0.35787160316338207 0.3440046010874267 0.2981237957491909
9 370.0 0.0 -1.0 -1.0 -1.0 0.0 0.32200889740084543 0.3501179479666067 0.327873154632548
9 371.0 0.0 -1.0 -1.0 -1.0 0.0 0.32381664613014605 0.35788978647782066 0.318293567392033
9 372.0 0.0 -1.0 -1.0 -1.0 0.0 0.3319159881731949 0.3626452157065751 0.30543879612023006
9 373.0 0.0 -1.0 -1.0 -1.0 0.0 0.3321243481408944 0.37401758110260125 0.29385807075650455
9 374.0 0.0 -1.0 -1.0 -1.0 0.0 0.3483529386262996 0.35601323643740435 0.2956338249362965
9 375.0 0.0 -1.0 -1.0 -1.0 0.0 0.34086037297858773 0.34961958895762474 0.30952003806378764
9 376.0 0.0 -1.0 -1.0 -1.0 0.0 0.3671618069479566 0.32063854079072224 0.3121996522613214
9 377.0 0.0 -1.0 -1.0 -1.0 0.0 0.3450075981133914 0.3271701933234647 0.3278222085631436
9 378.0 0.0 -1.0 -1.0 -1.0 0.0 0.3222193625746317 0.33930912461082136 0.3384715128145468
9 379.0 0.0 -1.0 -1.0 -1.0 0.0 0.30177286882784643 0.3316142844034788 0.36661284676867495
9 380.0 0.0 -1.0 -1.0 -1.0 0.0 0.29550292592000177 0.31606623774632464 0.3884308363336734
9 381.0 0.0 -1.0 -1.0 -1.0 0.0 0.32258742297544724 0.3301541924176763 0.3472583846068764
9 382.0 0.0 -1.0 -1.0 -1.0 0.0 0.3144539153060108 0.3453848630918748 0.34016122160211454
9 383.0 0.0 -1.0 -1.0 -1.0 0.0 0.3384729813083546 0.3443624766598936 0.31716454203175204
9 384.0 0.0 -1.0 -1.0 -1.0 0.0 0.3243103708334572 0.3563969300508426 0.3192926991157001
9 385.0 0.0 -1.0 -1.0 -1.0 0.0 0.316010520398066 0.3703297879315724 0.31365969167036145
9 386.0 0.0 -1.0 -1.0 -1.0 0.0 0.33944674519449447 0.33867119783339983 0.3218820569721057
9 387.0 0.0 -1.0 -1.0 -1.0 0.0 0.3285872482631198 0.3448405573340771 0.3265721944028035
9 388.0 0.0 -1.0 -1.0 -1.0 0.0 0.310080231783579 0.32974953003646595 0.36017023817995486
9 389.0 0.0 -1.0 -1.0 -1.0 0.0 0.31853350890341353 0.33176912400046193 0.349697367096125
9 390.0 0.0 -1.0 -1.0 -1.0 0.0 0.31120597252504684 0.3207213612862229 0.36807266618873014
9 391.0 0.0 -1.0 -1.0 -1.0 0.0 0.3299751824806837 0.3273887384404748 0.3426360790788414
9 392.0 0.0 -1.0 -1.0 -1.0 0.0 0.3215712645748085 0.3314093024740462 0.3470194329511454
9 393.0 0.0 -1.0 -1.0 -1.0 0.0 0.31912590740780916 0.3138574161276106 0.36701667646458025
9 394.0 0.0 -1.0 -1.0 -1.0 0.0 0.3245163209417392 0.30002985979951735 0.37545381925874355
9 395.0 0.0 -1.0 -1.0 -1.0 0.0 0.31745762180955933 0.29232078582601584 0.390221592364425
9 396.0 0.0 -1.0 -1.0 -1.0 0.0 0.3014005139913993 0.3195139176076922 0.3790855684009087
9 397.0 0.0 -1.0 -1.0 -1.0 0.0 0.3471104944680048 0.2900262759300334 0.3628632296019621
9 398.0 0.0 -1.0 -1.0 -1.0 0.0 0.31740531954069434 0.32161917356745257 0.3609755068918528
9 399.0 0.0 -1.0 -1.0 -1.0 0.0 0.3354696936505017 0.32088082066044504 0.3436494856890531
9 400.0 0.0 -1.0 -1.0 -1.0 0.0 0.3441885970676959 0.2979549340459064 0.35785646888639766
9 401.0 0.0 -1.0 -1.0 -1.0 0.0 0.36780165240271545 0.3100608116308236 0.32213753596646105
9 402.0 0.0 -1.0 -1.0 -1.0 0.0 0.3498811579628156 0.32468223452302114 0.325436607514163
9 403.0 0.0 -1.0 -1.0 -1.0 0.0 0.34113959335337285 0.3303248723398619 0.3285355343067653
9 404.0 0.0 -1.0 -1.0 -1.0 0.0 0.31176029211923534 0.3527129914252529 0.3355267164555118
9 405.0 0.0 -1.0 -1.0 -1.0 0.0 0.3456211032285916 0.3376577397578488 0.3167211570135598
9 406.0 0.0 -1.0 -1.0 -1.0 0.0 0.3435935817512961 0.333249494070939 0.32315692417776487
9 407.0 0.0 -1.0 -1.0 -1.0 0.0 0.3496136539332275 0.314402678351273 0.3359836677154998
9 408.0 0.0 -1.0 -1.0 -1.0 0.0 0.34635909122216973 0.32215004553288956 0.33149086324494076
9 409.0 0.0 -1.0 -1.0 -1.0 0.0 0.32415763013541904 0.33988809127968517 0.3359542785848955
9 410.0 0.0 -1.0 -1.0 -1.0 0.0 0.3277367070900803 0.3382951120790088 0.33396818083091095
9 411.0 0.0 -1.0 -1.0 -1.0 0.0 0.31806247560842454 0.3524284749287369 0.3295090494628385
9 412.0 0.0 -1.0 -1.0 -1.0 0.0 0.32114867201649416 0.36381951591057915 0.31503181207292696
9 413.0 0.0 -1.0 -1.0 -1.0 0.0 0.33835052427820606 0.3553926539798148 0.30625682174197916
9 414.0 0.0 -1.0 -1.0 -1.0 0.0 0.3509536046904481 0.36872056572032136 0.28032582958923025
9 415.0 0.0 -1.0 -1.0 -1.0 0.0 0.37108366254974 0.33072071983137263 0.2981956176188873
9 416.0 0.0 -1.0 -1.0 -1.0 0.0 0.3366345542237566 0.3447038218085973 0.31866162396764586
9 417.0 0.0 -1.0 -1.0 -1.0 0.0 0.3259996117503746 0.34881761890602647 0.32518276934359874
9 418.0 0.0 -1.0 -1.0 -1.0 0.0 0.3610418949925262 0.325893115979249 0.3130649890282248
9 419.0 0.0 -1.0 -1.0 -1.0 0.0 0.35242021956452535 0.3172222302788908 0.33035755015658375
9 420.0 0.0 -1.0 -1.0 -1.0 0.0 0.34027639974008617 0.3507641932677795 0.3089594069921342
9 421.0 0.0 -1.0 -1.0 -1.0 0.0 0.3241285212243647 0.34769517393336313 0.3281763048422723
9 422.0 0.0 -1.0 -1.0 -1.0 0.0 0.334210599076032 0.32777400063432083 0.338015400289647
9 423.0 0.0 -1.0 -1.0 -1.0 0.0 0.3043502210448042 0.3470611595358822 0.3485886194193135
9 424.0 0.0 -1.0 -1.0 -1.0 0.0 0.296999218225977 0.33953235567683554 0.3634684260971872
9 425.0 0.0 -1.0 -1.0 -1.0 0.0 0.3234528174929094 0.3233998414463142 0.35314734106077644
9 426.0 0.0 -1.0 -1.0 -1.0 0.0 0.338545410856215 0.31429666720653215 0.3471579219372531
9 427.0 0.0 -1.0 -1.0 -1.0 0.0 0.3510897247815558 0.3236985399947686 0.32521173522367575
9 428.0 0.0 -1.0 -1.0 -1.0 0.0 0.3354813534247612 0.35137028076577903 0.3131483658094595
9 429.0 0.0 -1.0 -1.0 -1.0 0.0 0.30843395921250577 0.3550589179481065 0.33650712283938766
9 430.0 0.0 -1.0 -1.0 -1.0 0.0 0.32451245929773376 0.35483258755941305 0.32065495314285314
9 431.0 0.0 -1.0 -1.0 -1.0 0.0 0.3074866607343186 0.3335301517686766 0.3589831874970049
9 432.0 0.0 -1.0 -1.0 -1.0 0.0 0.33033508876002515 0.3395044357880974 0.3301604754518773
9 433.0 0.0 -1.0 -1.0 -1.0 0.0 0.32705312870632336 0.3462456915472631 0.32670117974641366
9 434.0 0.0 -1.0 -1.0 -1.0 0.0 0.31622304426189873 0.3523687610412789 0.33140819469682264
9 435.0 0.0 -1.0 -1.0 -1.0 0.0 0.29271842261739506 0.3522681111134486 0.3550134662691565
9 436.0 0.0 -1.0 -1.0 -1.0 0.0 0.31247458796644567 0.31601702850344887 0.37150838353010557
9 437.0 0.0 -1.0 -1.0 -1.0 0.0 0.31458109529319367 0.33915177870928254 0.34626712599752374
9 438.0 0.0 -1.0 -1.0 -1.0 0.0 0.3004912619550428 0.36639177318154625 0.33311696486341075
9 439.0 0.0 -1.0 -1.0 -1.0 0.0 0.27542446895426786 0.38497330609362806 0.33960222495210396
9 440.0 0.0 -1.0 -1.0 -1.0 0.0 0.31215873471928435 0.35586037195527714 0.3319808933254384
9 441.0 0.0 -1.0 -1.0 -1.0 0.0 0.33126894906688265 0.3387484393641484 0.329982611568969
9 442.0 0.0 -1.0 -1.0 -1.0 0.0 0.31957632707541295 0.34420217665708086 0.3362214962675061
9 443.0 0.0 -1.0 -1.0 -1.0 0.0 0.3140694247508029 0.3385771717650002 0.34735340348419697
9 444.0 0.0 -1.0 -1.0 -1.0 0.0 0.3383784564003987 0.3223363296028138 0.3392852139967875
9 445.0 0.0 -1.0 -1.0 -1.0 0.0 0.3344621676535162 0.3248171282070566 0.34072070413942734
9 446.0 0.0 -1.0 -1.0 -1.0 0.0 0.321648967438773 0.32429495991917123 0.35405607264205585
9 447.0 0.0 -1.0 -1.0 -1.0 0.0 0.29836477126698835 0.33955467848603155 0.3620805502469801
9 448.0 0.0 -1.0 -1.0 -1.0 0.0 0.3082413990072737 0.3247152562317158 0.3670433447610105
9 449.0 0.0 -1.0 -1.0 -1.0 0.0 0.30440265200549277 0.34108074772596103 0.3545166002685459
9 450.0 0.0 -1.0 -1.0 -1.0 0.0 0.31769609535394344 0.33841388031580233 0.3438900243302541
9 451.0 0.0 -1.0 -1.0 -1.0 0.0 0.3057268856685072 0.35100610664376547 0.34326700768772767
9 452.0 0.0 -1.0 -1.0 -1.0 0.0 0.30897498996051437 0.33729464013560867 0.35373036990387746
9 453.0 0.0 -1.0 -1.0 -1.0 0.0 0.329626249805626 0.3336072092588464 0.33676654093552755
9 454.0 0.0 -1.0 -1.0 -1.0 0.0 0.33983127222605025 0.32221660710596206 0.3379521206679875
9 455.0 0.0 -1.0 -1.0 -1.0 0.0 0.34732862063422876 0.32478107323475247 0.32789030613101855
9 456.0 0.0 -1.0 -1.0 -1.0 0.0 0.33394479270719524 0.3167026921036331 0.3493525151891715
9 457.0 0.0 -1.0 -1.0 -1.0 0.0 0.3278706709992838 0.3309379289322972 0.3411914000684192
9 458.0 0.0 -1.0 -1.0 -1.0 0.0 0.3242334859781959 0.3314168904396675 0.34434962358213667
9 459.0 0.0 -1.0 -1.0 -1.0 0.0 0.2963682884191286 0.3548072198697737 0.3488244917110977
9 460.0 0.0 -1.0 -1.0 -1.0 0.0 0.31158906522954566 0.36961432287963725 0.31879661189081715
9 461.0 0.0 -1.0 -1.0 -1.0 0.0 0.3069985284126745 0.35592362060728017 0.3370778509800452
9 462.0 0.0 -1.0 -1.0 -1.0 0.0 0.28170817932940073 0.3620447118593967 0.35624710881120225
9 463.0 0.0 -1.0 -1.0 -1.0 0.0 0.3086416967677624 0.3549620256903419 0.33639627754189577
9 464.0 0.0 -1.0 -1.0 -1.0 0.0 0.30574354272752335 0.34417376829412993 0.35008268897834666
9 465.0 0.0 -1.0 -1.0 -1.0 0.0 0.3493452092865636 0.3213180716273753 0.32933671908606094
9 466.0 0.0 -1.0 -1.0 -1.0 0.0 0.3564730977136781 0.3153412767167582 0.3281856255695636
9 467.0 0.0 -1.0 -1.0 -1.0 0.0 0.349426414359557 0.31395489205098204 0.33661869358946084
9 468.0 0.0 -1.0 -1.0 -1.0 0.0 0.3403072146508191 0.31005988173116805 0.3496329036180127
9 469.0 0.0 -1.0 -1.0 -1.0 0.0 0.35070680580172814 0.2899115846987776 0.3593816094994945
9 470.0 0.0 -1.0 -1.0 -1.0 0.0 0.36349854420398847 0.2788921064869437 0.3576093493090676
9 471.0 0.0 -1.0 -1.0 -1.0 0.0 0.3768644865576796 0.2861094175202924 0.3370260959220282
9 472.0 0.0 -1.0 -1.0 -1.0 0.0 0.3513794740292811 0.29537154530631443 0.35324898066440447
9 473.0 0.0 -1.0 -1.0 -1.0 0.0 0.38335548789259294 0.26476409727004585 0.35188041483736143
9 474.0 0.0 -1.0 -1.0 -1.0 0.0 0.3381718438774075 0.28401552915296024 0.3778126269696324
9 475.0 0.0 -1.0 -1.0 -1.0 0.0 0.3280864444570778 0.30437291947956935 0.36754063606335285
9 476.0 0.0 -1.0 -1.0 -1.0 0.0 0.32767500508281705 0.28188094860747676 0.3904440463097062
9 477.0 0.0 -1.0 -1.0 -1.0 0.0 0.32712490766557606 0.2895210923260191 0.38335400000840464
9 478.0 0.0 -1.0 -1.0 -1.0 0.0 0.3606012970624942 0.2881014778257034 0.35129722511180206
9 479.0 0.0 -1.0 -1.0 -1.0 0.0 0.35540126104233083 0.271917909625463 0.37268082933220614
9 480.0 0.0 -1.0 -1.0 -1.0 0.0 0.3400654123163554 0.2832184785183241 0.37671610916532045
9 481.0 0.0 -1.0 -1.0 -1.0 0.0 0.3477836089691595 0.2856281674985897 0.36658822353225046
9 482.0 0.0 -1.0 -1.0 -1.0 0.0 0.34402023343049465 0.30133227179536826 0.35464749477413704
9 483.0 0.0 -1.0 -1.0 -1.0 0.0 0.32636020693060996 0.31084758734726997 0.3627922057221197
9 484.0 0.0 -1.0 -1.0 -1.0 0.0 0.3350828745609435 0.30288759784809527 0.3620295275909614
9 485.0 0.0 -1.0 -1.0 -1.0 0.0 0.3149565585961854 0.3347720493947307 0.3502713920090838
9 486.0 0.0 -1.0 -1.0 -1.0 0.0 0.3194624245776327 0.33437639651349454 0.3461611789088729
9 487.0 0.0 -1.0 -1.0 -1.0 0.0 0.32870629578121013 0.3565311092791567 0.3147625949396332
9 488.0 0.0 -1.0 -1.0 -1.0 0.0 0.3185784920888323 0.33926433534519956 0.34215717256596817
9 489.0 0.0 -1.0 -1.0 -1.0 0.0 0.3402618960716356 0.3055873970569649 0.35415070687139943
9 490.0 0.0 -1.0 -1.0 -1.0 0.0 0.3565393419800126 0.302749753269435 0.34071090475055227
9 491.0 0.0 -1.0 -1.0 -1.0 0.0 0.36592841490937283 0.3121912516670737 0.32188033342355377
9 492.0 0.0 -1.0 -1.0 -1.0 0.0 0.3491858389995517 0.3214787449598407 0.32933541604060745
9 493.0 0.0 -1.0 -1.0 -1.0 0.0 0.37013765809772814 0.31820502444790255 0.3116573174543689
9 494.0 0.0 -1.0 -1.0 -1.0 0.0 0.3581310052870142 0.338945761201509 0.30292323351147676
9 495.0 0.0 -1.0 -1.0 -1.0 0.0 0.32178635539908823 0.3426001846632339 0.33561345993767794
9 496.0 0.0 -1.0 -1.0 -1.0 0.0 0.3120069663248543 0.3398404454274142 0.34815258824773115
9 497.0 0.0 -1.0 -1.0 -1.0 0.0 0.32751998553702577 0.32415641961810154 0.34832359484487263
9 498.0 0.0 -1.0 -1.0 -1.0 0.0 0.33164241552115037 0.32586300709424776 0.34249457738460193
9 499.0 0.0 -1.0 -1.0 -1.0 0.0 0.3349898543553113 0.31509464155435735 0.3499155040903314
9 500.0 0.0 -1.0 -1.0 -1.0 0.0 0.3294734709272244 0.3043407685655582 0.36618576050721763
9 501.0 0.0 -1.0 -1.0 -1.0 0.0 0.3323414112201975 0.29190249652769895 0.3757560922521039
9 502.0 0.0 -1.0 -1.0 -1.0 0.0 0.310613130577743 0.3226255595394928 0.3667613098827643
9 503.0 0.0 -1.0 -1.0 -1.0 0.0 0.31162511883917315 0.3432898526268559 0.345085028533971
9 504.0 0.0 -1.0 -1.0 -1.0 0.0 0.3293244443699247 0.32399780119278004 0.34667775443729504
9 505.0 0.0 -1.0 -1.0 -1.0 0.0 0.3253560437634077 0.3335715080482384 0.3410724481883542
9 506.0 0.0 -1.0 -1.0 -1.0 0.0 0.31408008816740074 0.3408114521398125 0.3451084596927867
9 507.0 0.0 -1.0 -1.0 -1.0 0.0 0.314542072826719 0.3241103529922462 0.3613475741810347
9 508.0 0.0 -1.0 -1.0 -1.0 0.0 0.329812858911053 0.3212094532544997 0.3489776878344475
9 509.0 0.0 -1.0 -1.0 -1.0 0.0 0.31647573305245336 0.3373208499647155 0.34620341698283136
9 510.0 0.0 -1.0 -1.0 -1.0 0.0 0.3211977331753087 0.3328804239295034 0.34592184289518785
9 511.0 0.0 -1.0 -1.0 -1.0 0.0 0.3217608578443298 0.3297911673748167 0.3484479747808535
9 512.0 0.0 -1.0 -1.0 -1.0 0.0 0.34194082145329874 0.33838258483974953 0.3196765937069518
9 513.0 0.0 -1.0 -1.0 -1.0 0.0 0.3332325345041812 0.32541750037028755 0.34134996512553123
9 514.0 0.0 -1.0 -1.0 -1.0 0.0 0.3192202152310328 0.3309513996539694 0.349828385114998
9 515.0 0.0 -1.0 -1.0 -1.0 0.0 0.3416603413627998 0.33772699470841344 0.3206126639287868
9 516.0 0.0 -1.0 -1.0 -1.0 0.0 0.3149009208143679 0.3521580885366575 0.33294099064897453
9 517.0 0.0 -1.0 -1.0 -1.0 0.0 0.30981777608138106 0.331151416846626 0.35903080707199275
9 518.0 0.0 -1.0 -1.0 -1.0 0.0 0.3120429778821595 0.3540647607886851 0.3338922613291555
9 519.0 0.0 -1.0 -1.0 -1.0 0.0 0.31302925821342137 0.3586788909167647 0.32829185086981366
9 520.0 0.0 -1.0 -1.0 -1.0 0.0 0.3342864453844222 0.35582059686183276 0.30989295775374476
9 521.0 0.0 -1.0 -1.0 -1.0 0.0 0.34136276857480824 0.33488477189379834 0.3237524595313932
9 522.0 0.0 -1.0 -1.0 -1.0 0.0 0.3477842798324718 0.3108923806213602 0.34132333954616834
9 523.0 0.0 -1.0 -1.0 -1.0 0.0 0.3580237763886858 0.31008565061000654 0.3318905730013075
9 524.0 0.0 -1.0 -1.0 -1.0 0.0 0.331297208185348 0.3352340373058606 0.33346875450879154
9 525.0 0.0 -1.0 -1.0 -1.0 0.0 0.3523304776205587 0.3105162196058167 0.3371533027736245
9 526.0 0.0 -1.0 -1.0 -1.0 0.0 0.346125410542424 0.32436593536327735 0.3295086540942986
9 527.0 0.0 -1.0 -1.0 -1.0 0.0 0.35441028435705163 0.35180059036104167 0.29378912528190654
9 528.0 0.0 -1.0 -1.0 -1.0 0.0 0.3364676644135935 0.3640029728432576 0.2995293627431488
9 529.0 0.0 -1.0 -1.0 -1.0 0.0 0.3655823720370846 0.3457498484622195 0.28866777950069555
9 530.0 0.0 -1.0 -1.0 -1.0 0.0 0.342030070047006 0.3705682412406635 0.28740168871233046
9 531.0 0.0 -1.0 -1.0 -1.0 0.0 0.3307265813871348 0.36950601713113146 0.29976740148173353
9 532.0 0.0 -1.0 -1.0 -1.0 0.0 0.3072880599068137 0.37308086152451453 0.31963107856867173
9 533.0 0.0 -1.0 -1.0 -1.0 0.0 0.30906621120156275 0.37355074710943503 0.31738304168900217
9 534.0 0.0 -1.0 -1.0 -1.0 0.0 0.31493748005200933 0.3567726822335226 0.3282898377144683
9 535.0 0.0 -1.0 -1.0 -1.0 0.0 0.288812853201455 0.3425056642543059 0.36868148254423916
9 536.0 0.0 -1.0 -1.0 -1.0 0.0 0.28310058489470113 0.3631417101810863 0.35375770492421255
9 537.0 0.0 -1.0 -1.0 -1.0 0.0 0.29809890070787654 0.38464830095210073 0.3172527983400226
9 538.0 0.0 -1.0 -1.0 -1.0 0.0 0.30312047557773536 0.3641710955301008 0.33270842889216395
9 539.0 0.0 -1.0 -1.0 -1.0 0.0 0.3096027378279218 0.3473872027900331 0.3430100593820452
9 540.0 0.0 -1.0 -1.0 -1.0 0.0 0.3186712221516928 0.3533960961872842 0.3279326816610231
9 541.0 0.0 -1.0 -1.0 -1.0 0.0 0.32212577170083617 0.3280511590772488 0.3498230692219149
9 542.0 0.0 -1.0 -1.0 -1.0 0.0 0.3418214517429923 0.3234979812776136 0.3346805669793939
9 543.0 0.0 -1.0 -1.0 -1.0 0.0 0.3614875432484178 0.32628671315452684 0.3122257435970553
9 544.0 0.0 -1.0 -1.0 -1.0 0.0 0.3645203486286755 0.2958214775514646 0.33965817381986
9 545.0 0.0 -1.0 -1.0 -1.0 0.0 0.32390049391021924 0.3090069781629601 0.3670925279268208
9 546.0 0.0 -1.0 -1.0 -1.0 0.0 0.3164345709867264 0.32222647268205273 0.3613389563312208
9 547.0 0.0 -1.0 -1.0 -1.0 0.0 0.3047435080560805 0.3303501881258299 0.3649063038180895
9 548.0 0.0 -1.0 -1.0 -1.0 0.0 0.31347360137327906 0.3234157355088307 0.36311066311789036
9 549.0 0.0 -1.0 -1.0 -1.0 0.0 0.3575434781581049 0.2881875049162345 0.35426901692566043
9 550.0 0.0 -1.0 -1.0 -1.0 0.0 0.32603577832321057 0.3065209419244491 0.3674432797523406
9 551.0 0.0 -1.0 -1.0 -1.0 0.0 0.3120131089151281 0.3116874608155301 0.3762994302693416
9 552.0 0.0 -1.0 -1.0 -1.0 0.0 0.3402930996547841 0.2912478896135223 0.36845901073169346
9 553.0 0.0 -1.0 -1.0 -1.0 0.0 0.31775274618519567 0.30379792693089236 0.37844932688391175
9 554.0 0.0 -1.0 -1.0 -1.0 0.0 0.3136819449899675 0.3180172270734948 0.36830082793653757
9 555.0 0.0 -1.0 -1.0 -1.0 0.0 0.2946365559180835 0.32643271823072295 0.3789307258511935
9 556.0 0.0 -1.0 -1.0 -1.0 0.0 0.27807679887686687 0.3460823465453073 0.375840854577826
9 557.0 0.0 -1.0 -1.0 -1.0 0.0 0.29039343312492505 0.3138209012393706 0.3957856656357044
9 558.0 0.0 -1.0 -1.0 -1.0 0.0 0.31147511829718366 0.32793747085718594 0.36058741084563034
9 559.0 0.0 -1.0 -1.0 -1.0 0.0 0.3140137340182339 0.3218448895372802 0.3641413764444858
9 560.0 0.0 -1.0 -1.0 -1.0 0.0 0.29530851394044105 0.31924469985877946 0.38544678620077993
9 561.0 0.0 -1.0 -1.0 -1.0 0.0 0.3314647499167237 0.3006595733887767 0.36787567669449983
9 562.0 0.0 -1.0 -1.0 -1.0 0.0 0.3252867419304111 0.33143337142595164 0.34327988664363723
9 563.0 0.0 -1.0 -1.0 -1.0 0.0 0.31538584812033543 0.371483534583721 0.31313061729594355
9 564.0 0.0 -1.0 -1.0 -1.0 0.0 0.3209503329242075 0.3578331294710266 0.3212165376047658
9 565.0 0.0 -1.0 -1.0 -1.0 0.0 0.3244567676048228 0.3767102131455748 0.29883301924960215
9 566.0 0.0 -1.0 -1.0 -1.0 0.0 0.33669660877912755 0.37897880759570535 0.2843245836251671
9 567.0 0.0 -1.0 -1.0 -1.0 0.0 0.31688178492468494 0.3707868052881543 0.3123314097871607
9 568.0 0.0 -1.0 -1.0 -1.0 0.0 0.2959882237415899 0.37424031579978473 0.3297714604586251
9 569.0 0.0 -1.0 -1.0 -1.0 0.0 0.29417129748401405 0.36357935437589967 0.3422493481400859
9 570.0 0.0 -1.0 -1.0 -1.0 0.0 0.32615720313474156 0.36431191411951536 0.3095308827457431
9 571.0 0.0 -1.0 -1.0 -1.0 0.0 0.3358877821085148 0.3465892939415302 0.3175229239499549
9 572.0 0.0 -1.0 -1.0 -1.0 0.0 0.33425677520792907 0.3362004166354614 0.3295428081566096
9 573.0 0.0 -1.0 -1.0 -1.0 0.0 0.3435116056327063 0.32374307173883343 0.33274532262846
9 574.0 0.0 -1.0 -1.0 -1.0 0.0 0.34047258231345423 0.3332646102558364 0.32626280743070923
9 575.0 0.0 -1.0 -1.0 -1.0 0.0 0.30569073543128367 0.34174574994658596 0.3525635146221306
9 576.0 0.0 -1.0 -1.0 -1.0 0.0 0.316313849054709 0.3665241102042227 0.31716204074106835
9 577.0 0.0 -1.0 -1.0 -1.0 0.0 0.30468851486969833 0.3738606109650812 0.3214508741652204
9 578.0 0.0 -1.0 -1.0 -1.0 0.0 0.29771578101440094 0.35939302322053135 0.3428911957650677
9 579.0 0.0 -1.0 -1.0 -1.0 0.0 0.3236425081126666 0.33759340534835713 0.33876408653897633
9 580.0 0.0 -1.0 -1.0 -1.0 0.0 0.33999022304182347 0.33003274350243783 0.32997703345573853
9 581.0 0.0 -1.0 -1.0 -1.0 0.0 0.3271310427085713 0.34353001463621213 0.32933894265521646
9 582.0 0.0 -1.0 -1.0 -1.0 0.0 0.31763726965188743 0.35470275236275306 0.32765997798535934
9 583.0 0.0 -1.0 -1.0 -1.0 0.0 0.32075489968738813 0.3172404118128986 0.3620046884997135
9 584.0 0.0 -1.0 -1.0 -1.0 0.0 0.3116591574319018 0.3255774072830293 0.362763435285069
9 585.0 0.0 -1.0 -1.0 -1.0 0.0 0.3093975161071054 0.30715623602808434 0.3834462478648106
9 586.0 0.0 -1.0 -1.0 -1.0 0.0 0.30579082327620627 0.3123292152761743 0.38187996144761954
9 587.0 0.0 -1.0 -1.0 -1.0 0.0 0.32348052024460267 0.30490480673699805 0.3716146730183991
9 588.0 0.0 -1.0 -1.0 -1.0 0.0 0.3421601058617043 0.3152090920605193 0.3426308020777762
9 589.0 0.0 -1.0 -1.0 -1.0 0.0 0.33958201147423467 0.30423807126246016 0.35617991726330517
9 590.0 0.0 -1.0 -1.0 -1.0 0.0 0.3509328798517175 0.3084757259772128 0.3405913941710697
9 591.0 0.0 -1.0 -1.0 -1.0 0.0 0.32694992192611705 0.3223120537469331 0.35073802432694945
9 592.0 0.0 -1.0 -1.0 -1.0 0.0 0.3327233974113522 0.33218886257438135 0.3350877400142666
9 593.0 0.0 -1.0 -1.0 -1.0 0.0 0.3197541476050367 0.3263985668675949 0.35384728552736855
9 594.0 0.0 -1.0 -1.0 -1.0 0.0 0.33825891555281723 0.3173771020779748 0.3443639823692077
9 595.0 0.0 -1.0 -1.0 -1.0 0.0 0.33330835888133636 0.33261870599288607 0.3340729351257777
9 596.0 0.0 -1.0 -1.0 -1.0 0.0 0.33146016270459805 0.3550845540964939 0.3134552831989077
9 597.0 0.0 -1.0 -1.0 -1.0 0.0 0.3349497317984145 0.35855013849056033 0.306500129711025
9 598.0 0.0 -1.0 -1.0 -1.0 0.0 0.31515107226005734 0.3524002106605828 0.3324487170793601
9 599.0 0.0 -1.0 -1.0 -1.0 0.0 0.3064037758791187 0.3885250454154254 0.3050711787054562
9 600.0 0.0 -1.0 -1.0 -1.0 0.0 0.3180749004015423 0.3729917480312733 0.3089333515671842
9 601.0 0.0 -1.0 -1.0 -1.0 0.0 0.33166881719162816 0.3575600427648994 0.31077114004347256
9 602.0 0.0 -1.0 -1.0 -1.0 0.0 0.32346048155914076 0.3545974756209529 0.32194204281990624
9 603.0 0.0 -1.0 -1.0 -1.0 0.0 0.32703691760668135 0.35829597642372063 0.3146671059695978
9 604.0 0.0 -1.0 -1.0 -1.0 0.0 0.3346615557310492 0.3294295538461773 0.3359088904227733
9 605.0 0.0 -1.0 -1.0 -1.0 0.0 0.3546851686128394 0.3337210798024122 0.3115937515847486
9 606.0 0.0 -1.0 -1.0 -1.0 0.0 0.3495942866835959 0.3367212727620701 0.3136844405543339
9 607.0 0.0 -1.0 -1.0 -1.0 0.0 0.34602212372893326 0.3598332261567046 0.29414465011436186
9 608.0 0.0 -1.0 -1.0 -1.0 0.0 0.3458870999611284 0.35967291099744264 0.2944399890414287
9 609.0 0.0 -1.0 -1.0 -1.0 0.0 0.33485280033014225 0.3414602234091695 0.3236869762606882
9 610.0 0.0 -1.0 -1.0 -1.0 0.0 0.34560389517692736 0.31712648322381365 0.33726962159925933
9 611.0 0.0 -1.0 -1.0 -1.0 0.0 0.35186561016032686 0.29007471830703596 0.3580596715326373
9 612.0 0.0 -1.0 -1.0 -1.0 0.0 0.3344696025165369 0.29253057517419867 0.37299982230926454
9 613.0 0.0 -1.0 -1.0 -1.0 0.0 0.35197256017006834 0.3030165004297892 0.3450109394001426
9 614.0 0.0 -1.0 -1.0 -1.0 0.0 0.33348102770583515 0.3367278048731577 0.3297911674210073
9 615.0 0.0 -1.0 -1.0 -1.0 0.0 0.35658423860263644 0.33500583468037964 0.3084099267169839
9 616.0 0.0 -1.0 -1.0 -1.0 0.0 0.37456146771841115 0.31598394944193897 0.30945458283965
9 617.0 0.0 -1.0 -1.0 -1.0 0.0 0.3927464756665696 0.3137285887572627 0.2935249355761674
9 618.0 0.0 -1.0 -1.0 -1.0 0.0 0.37297735227394857 0.3195453556589143 0.3074772920671368
9 619.0 0.0 -1.0 -1.0 -1.0 0.0 0.3829186089296153 0.3140991751350121 0.30298221593537256
9 620.0 0.0 -1.0 -1.0 -1.0 0.0 0.3810241073441462 0.30020851685579536 0.31876737580005854
9 621.0 0.0 -1.0 -1.0 -1.0 0.0 0.34890552675075837 0.3228270059268324 0.32826746732240936
9 622.0 0.0 -1.0 -1.0 -1.0 0.0 0.3244098557988566 0.34054807327999725 0.33504207092114585
9 623.0 0.0 -1.0 -1.0 -1.0 0.0 0.2990465979150031 0.3494709154408329 0.35148248664416387
9 624.0 0.0 -1.0 -1.0 -1.0 0.0 0.3200618005983273 0.35984813457917364 0.3200900648224991
9 625.0 0.0 -1.0 -1.0 -1.0 0.0 0.327091014375846 0.3704453067661755 0.30246367885797854
9 626.0 0.0 -1.0 -1.0 -1.0 0.0 0.3433726098880705 0.34240923557883063 0.3142181545330988
9 627.0 0.0 -1.0 -1.0 -1.0 0.0 0.34066274855372347 0.3353788305163337 0.3239584209299427
9 628.0 0.0 -1.0 -1.0 -1.0 0.0 0.34299837711544773 0.34380539501262974 0.3131962278719225
9 629.0 0.0 -1.0 -1.0 -1.0 0.0 0.38552273386629726 0.3216924890717479 0.29278477706195494
9 630.0 0.0 -1.0 -1.0 -1.0 0.0 0.3708586185929141 0.344645943163011 0.28449543824407497
9 631.0 0.0 -1.0 -1.0 -1.0 0.0 0.3476395769379687 0.38356457455988663 0.2687958485021449
9 632.0 0.0 -1.0 -1.0 -1.0 0.0 0.34621423772337073 0.3678855362912604 0.28590022598536896
9 633.0 0.0 -1.0 -1.0 -1.0 0.0 0.3365633109226379 0.37124824196848116 0.29218844710888087
9 634.0 0.0 -1.0 -1.0 -1.0 0.0 0.31743099587381235 0.35439628534689255 0.3281727187792952
9 635.0 0.0 -1.0 -1.0 -1.0 0.0 0.3550685266125113 0.31463093480675036 0.3303005385807383
9 636.0 0.0 -1.0 -1.0 -1.0 0.0 0.33678405920462073 0.3170289812552911 0.3461869595400884
9 637.0 0.0 -1.0 -1.0 -1.0 0.0 0.32238269713662027 0.3437244922311124 0.33389281063226744
9 638.0 0.0 -1.0 -1.0 -1.0 0.0 0.3283279798275825 0.33476915880539126 0.33690286136702624
9 639.0 0.0 -1.0 -1.0 -1.0 0.0 0.34597670264080654 0.3288959322702075 0.325127365088986
9 640.0 0.0 -1.0 -1.0 -1.0 0.0 0.33807626516958195 0.3356945873198305 0.32622914751058774
9 641.0 0.0 -1.0 -1.0 -1.0 0.0 0.3171391018793223 0.36158461403616643 0.3212762840845113
9 642.0 0.0 -1.0 -1.0 -1.0 0.0 0.2979548253659786 0.3647412038730548 0.3373039707609663
9 643.0 0.0 -1.0 -1.0 -1.0 0.0 0.3071893738095996 0.36435797042215223 0.32845265576824845
9 644.0 0.0 -1.0 -1.0 -1.0 0.0 0.31754694764053754 0.3681320352536725 0.31432101710579
9 645.0 0.0 -1.0 -1.0 -1.0 0.0 0.3189090379452591 0.37323854171070897 0.3078524203440317
9 646.0 0.0 -1.0 -1.0 -1.0 0.0 0.313328521693156 0.3678622038934564 0.3188092744133876
9 647.0 0.0 -1.0 -1.0 -1.0 0.0 0.3011715903243968 0.3923695403679669 0.3064588693076366
9 648.0 0.0 -1.0 -1.0 -1.0 0.0 0.2870022638433246 0.3778739636419794 0.3351237725146957
9 649.0 0.0 -1.0 -1.0 -1.0 0.0 0.3074743952657608 0.3563029436891817 0.3362226610450576
9 650.0 0.0 -1.0 -1.0 -1.0 0.0 0.3396456030536416 0.32818293146764893 0.33217146547870946
9 651.0 0.0 -1.0 -1.0 -1.0 0.0 0.33420412717632764 0.3382895109428469 0.32750636188082544
9 652.0 0.0 -1.0 -1.0 -1.0 0.0 0.3153358294565765 0.3373824287041074 0.34728174183931615
9 653.0 0.0 -1.0 -1.0 -1.0 0.0 0.33478142522992793 0.3217219383244733 0.3434966364455987
9 654.0 0.0 -1.0 -1.0 -1.0 0.0 0.3486541178724255 0.30842425736715107 0.34292162476042326
9 655.0 0.0 -1.0 -1.0 -1.0 0.0 0.36434385593704127 0.32870360344658217 0.3069525406163768
9 656.0 0.0 -1.0 -1.0 -1.0 0.0 0.37046814264043904 0.3329996767413766 0.29653218061818437
9 657.0 0.0 -1.0 -1.0 -1.0 0.0 0.3431671225094985 0.3241048994741837 0.33272797801631776
9 658.0 0.0 -1.0 -1.0 -1.0 0.0 0.3537437973700018 0.3277590090796992 0.318497193550299
9 659.0 0.0 -1.0 -1.0 -1.0 0.0 0.33757646412004655 0.35093363284868645 0.31148990303126706
9 660.0 0.0 -1.0 -1.0 -1.0 0.0 0.34019270731490553 0.3461103704749285 0.3136969222101662
9 661.0 0.0 -1.0 -1.0 -1.0 0.0 0.34117849262372113 0.32226604488095717 0.33655546249532153
9 662.0 0.0 -1.0 -1.0 -1.0 0.0 0.3255486868509197 0.31862516774501826 0.355826145404062
9 663.0 0.0 -1.0 -1.0 -1.0 0.0 0.3445467565627636 0.3316581943047886 0.3237950491324477
9 664.0 0.0 -1.0 -1.0 -1.0 0.0 0.3318165049948211 0.3409412638578873 0.32724223114729156
9 665.0 0.0 -1.0 -1.0 -1.0 0.0 0.3184196881620049 0.33228201144741204 0.3492983003905832
9 666.0 0.0 -1.0 -1.0 -1.0 0.0 0.3233027893914071 0.3592079468581245 0.31748926375046826
9 667.0 0.0 -1.0 -1.0 -1.0 0.0 0.31627551025097966 0.36553342536154865 0.3181910643874716
9 668.0 0.0 -1.0 -1.0 -1.0 0.0 0.32425232154903694 0.35989167973280417 0.31585599871815884
9 669.0 0.0 -1.0 -1.0 -1.0 0.0 0.34088099080500844 0.3379250103754724 0.3211939988195194
9 670.0 0.0 -1.0 -1.0 -1.0 0.0 0.3465385975511691 0.34661475278357934 0.30684664966525144
9 671.0 0.0 -1.0 -1.0 -1.0 0.0 0.31220206130192346 0.3558830402716506 0.33191489842642596
9 672.0 0.0 -1.0 -1.0 -1.0 0.0 0.32308823330713365 0.3536161612909059 0.3232956054019606
9 673.0 0.0 -1.0 -1.0 -1.0 0.0 0.3290886139781399 0.3354548188312454 0.33545656719061445
9 674.0 0.0 -1.0 -1.0 -1.0 0.0 0.3362672422462023 0.33065983717081154 0.3330729205829862
9 675.0 0.0 -1.0 -1.0 -1.0 0.0 0.33997926682502716 0.29379990006262796 0.36622083311234505
9 676.0 0.0 -1.0 -1.0 -1.0 0.0 0.33150499858530125 0.3090434894391988 0.35945151197550024
9 677.0 0.0 -1.0 -1.0 -1.0 0.0 0.33716815187590443 0.3132102832603733 0.3496215648637226
9 678.0 0.0 -1.0 -1.0 -1.0 0.0 0.3326734754522355 0.33398111445719025 0.33334541009057433
9 679.0 0.0 -1.0 -1.0 -1.0 0.0 0.33366078048213005 0.3409625502911273 0.32537666922674285
9 680.0 0.0 -1.0 -1.0 -1.0 0.0 0.3608172537279609 0.32511589268284646 0.31406685358919273
9 681.0 0.0 -1.0 -1.0 -1.0 0.0 0.3474206197072825 0.3390662107225865 0.31351316957013087
9 682.0 0.0 -1.0 -1.0 -1.0 0.0 0.3247793138941959 0.37866618190418583 0.29655450420161833
9 683.0 0.0 -1.0 -1.0 -1.0 0.0 0.3626828167317222 0.33402589825068874 0.3032912850175892
9 684.0 0.0 -1.0 -1.0 -1.0 0.0 0.3451919374661183 0.33315575663564867 0.3216523058982329
9 685.0 0.0 -1.0 -1.0 -1.0 0.0 0.3563488750496646 0.35449047244419973 0.28916065250613565
9 686.0 0.0 -1.0 -1.0 -1.0 0.0 0.3529536240251745 0.3301305517644332 0.31691582421039244
9 687.0 0.0 -1.0 -1.0 -1.0 0.0 0.34503867677927047 0.3488154387646595 0.30614588445607
9 688.0 0.0 -1.0 -1.0 -1.0 0.0 0.3260563594823086 0.37248324570984453 0.30146039480784714
9 689.0 0.0 -1.0 -1.0 -1.0 0.0 0.32943373334860815 0.3859401801321976 0.2846260865191941
9 690.0 0.0 -1.0 -1.0 -1.0 0.0 0.36622977870375906 0.36703637499643554 0.2667338462998055
9 691.0 0.0 -1.0 -1.0 -1.0 0.0 0.3628207001219444 0.3506425167051767 0.28653678317287873
9 692.0 0.0 -1.0 -1.0 -1.0 0.0 0.3662625142178525 0.35758670325380826 0.2761507825283394
9 693.0 0.0 -1.0 -1.0 -1.0 0.0 0.33021703577152534 0.3612137714853438 0.30856919274313105
9 694.0 0.0 -1.0 -1.0 -1.0 0.0 0.32806048454183157 0.3593785460106736 0.31256096944749495
9 695.0 0.0 -1.0 -1.0 -1.0 0.0 0.3361671029235363 0.35958628202130255 0.30424661505516115
9 696.0 0.0 -1.0 -1.0 -1.0 0.0 0.3411830674440106 0.3692797269833126 0.2895372055726768
9 697.0 0.0 -1.0 -1.0 -1.0 0.0 0.3433651223818487 0.3487137746020688 0.3079211030160823
9 698.0 0.0 -1.0 -1.0 -1.0 0.0 0.35680596336157294 0.3495367492578591 0.2936572873805679
9 699.0 0.0 -1.0 -1.0 -1.0 0.0 0.3562866062644413 0.3391245361187718 0.30458885761678706
9 700.0 0.0 -1.0 -1.0 -1.0 0.0 0.33489086242826566 0.3561807710838922 0.3089283664878423
9 701.0 0.0 -1.0 -1.0 -1.0 0.0 0.3780749126893108 0.32493791597721544 0.29698717133347385
9 702.0 0.0 -1.0 -1.0 -1.0 0.0 0.3535385852426492 0.3496850219407526 0.2967763928165982
9 703.0 0.0 -1.0 -1.0 -1.0 0.0 0.33540020645751556 0.3471677084572174 0.3174320850852672
9 704.0 0.0 -1.0 -1.0 -1.0 0.0 0.34922020872232046 0.3525525574152553 0.298227233862424
9 705.0 0.0 -1.0 -1.0 -1.0 0.0 0.3576387009065672 0.3433893931192872 0.2989719059741457
9 706.0 0.0 -1.0 -1.0 -1.0 0.0 0.3393707316715362 0.34888311759677776 0.3117461507316861
9 707.0 0.0 -1.0 -1.0 -1.0 0.0 0.34159389783236926 0.32986089798264023 0.3285452041849905
9 708.0 0.0 -1.0 -1.0 -1.0 0.0 0.33752699242430645 0.3538721012623636 0.30860090631333004
9 709.0 0.0 -1.0 -1.0 -1.0 0.0 0.31126440647874465 0.3426448390536851 0.3460907544675703
9 710.0 0.0 -1.0 -1.0 -1.0 0.0 0.3388383287312344 0.32754346347581076 0.333618207792955
9 711.0 0.0 -1.0 -1.0 -1.0 0.0 0.3305221776158924 0.32193578905780784 0.3475420333262998
9 712.0 0.0 -1.0 -1.0 -1.0 0.0 0.3356912703340982 0.32123752385348925 0.3430712058124126
9 713.0 0.0 -1.0 -1.0 -1.0 0.0 0.3351943838056018 0.36254415297822723 0.3022614632161707
9 714.0 0.0 -1.0 -1.0 -1.0 0.0 0.3610792486819121 0.3307275968070366 0.3081931545110514
9 715.0 0.0 -1.0 -1.0 -1.0 0.0 0.3485228304033765 0.3545700877308925 0.29690708186573084
9 716.0 0.0 -1.0 -1.0 -1.0 0.0 0.3535585494626155 0.3460653348619845 0.30037611567539985
9 717.0 0.0 -1.0 -1.0 -1.0 0.0 0.3461769394418985 0.35031863283417203 0.3035044277239297
9 718.0 0.0 -1.0 -1.0 -1.0 0.0 0.33130315457822634 0.3297331829514216 0.33896366247035187
9 719.0 0.0 -1.0 -1.0 -1.0 0.0 0.33420378586888755 0.32288644216027357 0.3429097719708388
9 720.0 0.0 -1.0 -1.0 -1.0 0.0 0.3473718149417735 0.31242104222880296 0.3402071428294234
9 721.0 0.0 -1.0 -1.0 -1.0 0.0 0.3741354749880714 0.28052327002224714 0.3453412549896815
9 722.0 0.0 -1.0 -1.0 -1.0 0.0 0.36642636285183244 0.273823304002541 0.35975033314562666
9 723.0 0.0 -1.0 -1.0 -1.0 0.0 0.3503784060681268 0.29550678735425046 0.3541148065776226
9 724.0 0.0 -1.0 -1.0 -1.0 0.0 0.34461472575754987 0.30006524469624174 0.3553200295462085
9 725.0 0.0 -1.0 -1.0 -1.0 0.0 0.35892843796289853 0.3013010341891576 0.33977052784794387
9 726.0 0.0 -1.0 -1.0 -1.0 0.0 0.3174988041731259 0.33300187038325463 0.34949932544361945
9 727.0 0.0 -1.0 -1.0 -1.0 0.0 0.35352359337057976 0.3349025002706609 0.31157390635875937
9 728.0 0.0 -1.0 -1.0 -1.0 0.0 0.35971914553539514 0.3281547375682878 0.3121261168963171
9 729.0 0.0 -1.0 -1.0 -1.0 0.0 0.35892207571938045 0.3380306009913344 0.30304732328928513
9 730.0 0.0 -1.0 -1.0 -1.0 0.0 0.35070851994199964 0.3542507902658828 0.2950406897921179
9 731.0 0.0 -1.0 -1.0 -1.0 0.0 0.35063690426805116 0.37206316633533965 0.27729992939660913
9 732.0 0.0 -1.0 -1.0 -1.0 0.0 0.33688101805822235 0.3808722884057421 0.2822466935360356
9 733.0 0.0 -1.0 -1.0 -1.0 0.0 0.3496933252982929 0.3518520796584745 0.2984545950432325
9 734.0 0.0 -1.0 -1.0 -1.0 0.0 0.3670100789954274 0.34337165151428545 0.2896182694902871
9 735.0 0.0 -1.0 -1.0 -1.0 0.0 0.37041228180284635 0.3306628369150204 0.29892488128213335
9 736.0 0.0 -1.0 -1.0 -1.0 0.0 0.36260778988446013 0.3219738889179106 0.31541832119762925
9 737.0 0.0 -1.0 -1.0 -1.0 0.0 0.3687240467620489 0.31992423736865955 0.3113517158692914
9 738.0 0.0 -1.0 -1.0 -1.0 0.0 0.35875570163858655 0.3065517807835462 0.3346925175778673
9 739.0 0.0 -1.0 -1.0 -1.0 0.0 0.35791271517106965 0.29836961162963904 0.3437176731992912
9 740.0 0.0 -1.0 -1.0 -1.0 0.0 0.3571837759628281 0.2731833235621541 0.36963290047501773
9 741.0 0.0 -1.0 -1.0 -1.0 0.0 0.38049301594158963 0.2758905720673429 0.3436164119910677
9 742.0 0.0 -1.0 -1.0 -1.0 0.0 0.3607908965480177 0.26780797751112606 0.37140112594085617
9 743.0 0.0 -1.0 -1.0 -1.0 0.0 0.3470884674634299 0.2826011614282893 0.37031037110828086
9 744.0 0.0 -1.0 -1.0 -1.0 0.0 0.3543731000995986 0.2793225715126021 0.3663043283877993
9 745.0 0.0 -1.0 -1.0 -1.0 0.0 0.34446788151899205 0.3030331342346117 0.3524989842463963
9 746.0 0.0 -1.0 -1.0 -1.0 0.0 0.34770875269566237 0.3178759968893881 0.33441525041494946
9 747.0 0.0 -1.0 -1.0 -1.0 0.0 0.35929182048524716 0.3313644908602271 0.3093436886545255
9 748.0 0.0 -1.0 -1.0 -1.0 0.0 0.3349604824253636 0.3382930307294006 0.32674648684523544
9 749.0 0.0 -1.0 -1.0 -1.0 0.0 0.33679977563367847 0.35044100150197294 0.3127592228643488
9 750.0 0.0 -1.0 -1.0 -1.0 0.0 0.3152768874924147 0.33613531266912133 0.34858779983846394
9 751.0 0.0 -1.0 -1.0 -1.0 0.0 0.29107005126036195 0.34454093526072005 0.36438901347891794
9 752.0 0.0 -1.0 -1.0 -1.0 0.0 0.3032776136741415 0.3306719501156676 0.3660504362101908
9 753.0 0.0 -1.0 -1.0 -1.0 0.0 0.3241969979904102 0.33286580512214387 0.3429371968874462
9 754.0 0.0 -1.0 -1.0 -1.0 0.0 0.29952094532468765 0.3303085322746428 0.3701705224006699
9 755.0 0.0 -1.0 -1.0 -1.0 0.0 0.3011896319921167 0.3453056500187261 0.353504717989157
9 756.0 0.0 -1.0 -1.0 -1.0 0.0 0.3345094754481652 0.32119643177169627 0.3442940927801385
9 757.0 0.0 -1.0 -1.0 -1.0 0.0 0.3362028242593685 0.30394480013994163 0.3598523756006897
9 758.0 0.0 -1.0 -1.0 -1.0 0.0 0.36063964771339196 0.33157937837806545 0.3077809739085427
9 759.0 0.0 -1.0 -1.0 -1.0 0.0 0.3424948329001601 0.3349612478037553 0.32254391929608445
9 760.0 0.0 -1.0 -1.0 -1.0 0.0 0.35427411952113397 0.3240524423218533 0.32167343815701266
9 761.0 0.0 -1.0 -1.0 -1.0 0.0 0.3813051000748415 0.2969213891805761 0.32177351074458244
9 762.0 0.0 -1.0 -1.0 -1.0 0.0 0.3754693823763228 0.3005981837047122 0.32393243391896503
9 763.0 0.0 -1.0 -1.0 -1.0 0.0 0.3466629339648028 0.3119502724468522 0.34138679358834506
9 764.0 0.0 -1.0 -1.0 -1.0 0.0 0.37369054988542966 0.3076447026319054 0.3186647474826645
9 765.0 0.0 -1.0 -1.0 -1.0 0.0 0.35079409084420166 0.31921574428629496 0.32999016486950333
9 766.0 0.0 -1.0 -1.0 -1.0 0.0 0.35166896582591634 0.3033131341929781 0.3450178999811056
9 767.0 0.0 -1.0 -1.0 -1.0 0.0 0.3714607013356281 0.2903803729327444 0.33815892573162754
9 768.0 0.0 -1.0 -1.0 -1.0 0.0 0.35749168198300246 0.30063936629586124 0.3418689517211363
9 769.0 0.0 -1.0 -1.0 -1.0 0.0 0.36744000294792234 0.30155916578661357 0.3310008312654643
9 770.0 0.0 -1.0 -1.0 -1.0 0.0 0.3662065353555148 0.3067412161677155 0.3270522484767699
9 771.0 0.0 -1.0 -1.0 -1.0 0.0 0.3503313047998825 0.3062931642492708 0.3433755309508463
9 772.0 0.0 -1.0 -1.0 -1.0 0.0 0.3492754070265307 0.33874271037142945 0.3119818826020399
9 773.0 0.0 -1.0 -1.0 -1.0 0.0 0.3519946218237211 0.3409041259023253 0.3071012522739537
9 774.0 0.0 -1.0 -1.0 -1.0 0.0 0.3507723269455864 0.34670937618629694 0.30251829686811627
9 775.0 0.0 -1.0 -1.0 -1.0 0.0 0.31876953771758515 0.362234368950172 0.3189960933322429
9 776.0 0.0 -1.0 -1.0 -1.0 0.0 0.3200990992215976 0.3566380914307093 0.32326280934769325
9 777.0 0.0 -1.0 -1.0 -1.0 0.0 0.3303066010385129 0.3440069952003995 0.3256864037610879
9 778.0 0.0 -1.0 -1.0 -1.0 0.0 0.3277745228739618 0.3626850327911054 0.30954044433493283
9 779.0 0.0 -1.0 -1.0 -1.0 0.0 0.3598862410736832 0.33068386853651044 0.3094298903898063
9 780.0 0.0 -1.0 -1.0 -1.0 0.0 0.3707613401297536 0.34114264042804243 0.288096019442204
9 781.0 0.0 -1.0 -1.0 -1.0 0.0 0.3756342707059357 0.348213731247969 0.2761519980460953
9 782.0 0.0 -1.0 -1.0 -1.0 0.0 0.38355293659295614 0.3172345120818149 0.29921255132522906
9 783.0 0.0 -1.0 -1.0 -1.0 0.0 0.37549293455825283 0.3341931766881875 0.2903138887535594
9 784.0 0.0 -1.0 -1.0 -1.0 0.0 0.3691771827947439 0.35064201599426065 0.28018080121099553
9 785.0 0.0 -1.0 -1.0 -1.0 0.0 0.3699223484405727 0.3147395601440869 0.3153380914153401
9 786.0 0.0 -1.0 -1.0 -1.0 0.0 0.3304505044866015 0.34314036145068094 0.3264091340627174
9 787.0 0.0 -1.0 -1.0 -1.0 0.0 0.3160486566318853 0.3295011217711442 0.3544502215969705
9 788.0 0.0 -1.0 -1.0 -1.0 0.0 0.29134206271622587 0.33701088176802363 0.37164705551575045
9 789.0 0.0 -1.0 -1.0 -1.0 0.0 0.2912375494712294 0.3439627780090985 0.36479967251967194
9 790.0 0.0 -1.0 -1.0 -1.0 0.0 0.279662369413204 0.33386040409672135 0.38647722649007454
9 791.0 0.0 -1.0 -1.0 -1.0 0.0 0.302934376863039 0.34093226444314595 0.3561333586938151
9 792.0 0.0 -1.0 -1.0 -1.0 0.0 0.2971791713945427 0.34978299472652474 0.3530378338789326
9 793.0 0.0 -1.0 -1.0 -1.0 0.0 0.30863834862853223 0.36635881336210957 0.3250028380093583
9 794.0 0.0 -1.0 -1.0 -1.0 0.0 0.3294675167170831 0.3356720612100012 0.33486042207291583
9 795.0 0.0 -1.0 -1.0 -1.0 0.0 0.33416179760014036 0.3193593455190075 0.3464788568808524
9 796.0 0.0 -1.0 -1.0 -1.0 0.0 0.3461212895861761 0.33310075912234 0.3207779512914838
9 797.0 0.0 -1.0 -1.0 -1.0 0.0 0.3364666964855692 0.34340094589471193 0.3201323576197189
9 798.0 0.0 -1.0 -1.0 -1.0 0.0 0.3220467352433897 0.35842227390351217 0.319530990853098
9 799.0 0.0 -1.0 -1.0 -1.0 0.0 0.3618801668311574 0.32961268414151335 0.30850714902732923
9 800.0 0.0 -1.0 -1.0 -1.0 0.0 0.3289123085489974 0.33769267257414903 0.33339501887685363
9 801.0 0.0 -1.0 -1.0 -1.0 0.0 0.3322066411580213 0.35191938584040683 0.31587397300157194
9 802.0 0.0 -1.0 -1.0 -1.0 0.0 0.31979068439072944 0.33237964374817075 0.34782967186109987
9 803.0 0.0 -1.0 -1.0 -1.0 0.0 0.32210776333585556 0.315956554575631 0.3619356820885134
9 804.0 0.0 -1.0 -1.0 -1.0 0.0 0.31932351875194415 0.3171082956880869 0.3635681855599692
9 805.0 0.0 -1.0 -1.0 -1.0 0.0 0.32380537289458317 0.33116166552001686 0.34503296158539976
9 806.0 0.0 -1.0 -1.0 -1.0 0.0 0.31447315342647286 0.3240402476324096 0.3614865989411178
9 807.0 0.0 -1.0 -1.0 -1.0 0.0 0.3153682385554847 0.34219963048801233 0.34243213095650304
9 808.0 0.0 -1.0 -1.0 -1.0 0.0 0.2991907449689582 0.35537734275489874 0.345431912276143
9 809.0 0.0 -1.0 -1.0 -1.0 0.0 0.31457955507754165 0.3360747850786992 0.3493456598437594
9 810.0 0.0 -1.0 -1.0 -1.0 0.0 0.29984230414778446 0.3372288220650198 0.36292887378719546
9 811.0 0.0 -1.0 -1.0 -1.0 0.0 0.3390327370361073 0.33149837152378336 0.3294688914401094
9 812.0 0.0 -1.0 -1.0 -1.0 0.0 0.321078507386775 0.3312604741281197 0.3476610184851054
9 813.0 0.0 -1.0 -1.0 -1.0 0.0 0.329144907728495 0.3185816794165749 0.35227341285493
9 814.0 0.0 -1.0 -1.0 -1.0 0.0 0.33572638971628593 0.31194183525082514 0.35233177503288887
9 815.0 0.0 -1.0 -1.0 -1.0 0.0 0.36566726985256054 0.2967877363463575 0.33754499380108205
9 816.0 0.0 -1.0 -1.0 -1.0 0.0 0.3463411817180228 0.31307825045614435 0.340580567825833
9 817.0 0.0 -1.0 -1.0 -1.0 0.0 0.31860370333931237 0.3430097865410857 0.33838651011960197
9 818.0 0.0 -1.0 -1.0 -1.0 0.0 0.307728190070485 0.3635765395667559 0.328695270362759
9 819.0 0.0 -1.0 -1.0 -1.0 0.0 0.3051171487256933 0.36510096385346974 0.32978188742083697
9 820.0 0.0 -1.0 -1.0 -1.0 0.0 0.30683432950966405 0.3542043628171065 0.3389613076732295
9 821.0 0.0 -1.0 -1.0 -1.0 0.0 0.3014232169043373 0.3655690949818109 0.33300768811385184
9 822.0 0.0 -1.0 -1.0 -1.0 0.0 0.29583829883202384 0.3632359554475898 0.34092574572038614
9 823.0 0.0 -1.0 -1.0 -1.0 0.0 0.30311603074829113 0.34625770020356095 0.35062626904814786
9 824.0 0.0 -1.0 -1.0 -1.0 0.0 0.30519527373183897 0.3396094147911397 0.35519531147702116
9 825.0 0.0 -1.0 -1.0 -1.0 0.0 0.31962939007479707 0.33282229236145916 0.3475483175637437
9 826.0 0.0 -1.0 -1.0 -1.0 0.0 0.3327190260006187 0.35380473684769176 0.3134762371516895
9 827.0 0.0 -1.0 -1.0 -1.0 0.0 0.33362215763607067 0.33833109799592087 0.3280467443680085
9 828.0 0.0 -1.0 -1.0 -1.0 0.0 0.33043184062589653 0.3359543048860364 0.3336138544880671
9 829.0 0.0 -1.0 -1.0 -1.0 0.0 0.3357805287684215 0.34616180556920123 0.3180576656623773
9 830.0 0.0 -1.0 -1.0 -1.0 0.0 0.3305051440805322 0.3361536536452903 0.3333412022741774
9 831.0 0.0 -1.0 -1.0 -1.0 0.0 0.3188391197938572 0.3397551189431464 0.3414057612629965
9 832.0 0.0 -1.0 -1.0 -1.0 0.0 0.3171639418925244 0.32800331957338413 0.3548327385340913
9 833.0 0.0 -1.0 -1.0 -1.0 0.0 0.3301772889172912 0.3289937772274547 0.34082893385525403
9 834.0 0.0 -1.0 -1.0 -1.0 0.0 0.34848081526432023 0.347293662452751 0.30422552228292865
9 835.0 0.0 -1.0 -1.0 -1.0 0.0 0.32069271025962387 0.3482052358875746 0.3311020538528014
9 836.0 0.0 -1.0 -1.0 -1.0 0.0 0.3176800801072014 0.3454606783257957 0.33685924156700287
9 837.0 0.0 -1.0 -1.0 -1.0 0.0 0.30241111766066725 0.3321988931909008 0.36538998914843196
9 838.0 0.0 -1.0 -1.0 -1.0 0.0 0.3108436724760868 0.3105894890752295 0.37856683844868383
9 839.0 0.0 -1.0 -1.0 -1.0 0.0 0.2965079971090521 0.34303252835904524 0.36045947453190263
9 840.0 0.0 -1.0 -1.0 -1.0 0.0 0.2999612975705327 0.3259442224995587 0.3740944799299086
9 841.0 0.0 -1.0 -1.0 -1.0 0.0 0.2970113883844431 0.3282918796117042 0.37469673200385256
9 842.0 0.0 -1.0 -1.0 -1.0 0.0 0.2849692921186266 0.3285732782793353 0.3864574296020379
9 843.0 0.0 -1.0 -1.0 -1.0 0.0 0.2999682982777396 0.3285319835929966 0.3714997181292642
9 844.0 0.0 -1.0 -1.0 -1.0 0.0 0.2980406388648953 0.34124824761135025 0.36071111352375446
9 845.0 0.0 -1.0 -1.0 -1.0 0.0 0.32014979548299777 0.34917116438481594 0.3306790401321862
9 846.0 0.0 -1.0 -1.0 -1.0 0.0 0.35788079308888654 0.30969260103825685 0.3324266058728567
9 847.0 0.0 -1.0 -1.0 -1.0 0.0 0.353318473595069 0.3184515863422001 0.32822994006273093
9 848.0 0.0 -1.0 -1.0 -1.0 0.0 0.3234467612423339 0.348477596861188 0.3280756418964781
9 849.0 0.0 -1.0 -1.0 -1.0 0.0 0.31370059572685327 0.3455319633708591 0.34076744090228756
9 850.0 0.0 -1.0 -1.0 -1.0 0.0 0.32906077725118116 0.3572499726885542 0.3136892500602645
9 851.0 0.0 -1.0 -1.0 -1.0 0.0 0.34697632396557937 0.3548085762813081 0.2982150997531128
9 852.0 0.0 -1.0 -1.0 -1.0 0.0 0.3531375424174446 0.3469139839608345 0.29994847362172106
9 853.0 0.0 -1.0 -1.0 -1.0 0.0 0.3492538187751532 0.3303543407122942 0.3203918405125525
9 854.0 0.0 -1.0 -1.0 -1.0 0.0 0.3290050403176017 0.33896026800144924 0.3320346916809493
9 855.0 0.0 -1.0 -1.0 -1.0 0.0 0.3152579798150109 0.3365347376553675 0.34820728252962163
9 856.0 0.0 -1.0 -1.0 -1.0 0.0 0.34648361512473236 0.31837392217076343 0.33514246270450426
9 857.0 0.0 -1.0 -1.0 -1.0 0.0 0.3466343509819561 0.32864687057586184 0.3247187784421822
9 858.0 0.0 -1.0 -1.0 -1.0 0.0 0.3284024227735392 0.34593661828819094 0.32566095893826985
9 859.0 0.0 -1.0 -1.0 -1.0 0.0 0.32015353026052745 0.33579029817276657 0.34405617156670615
9 860.0 0.0 -1.0 -1.0 -1.0 0.0 0.3106961295275364 0.32644481105984374 0.36285905941261964
9 861.0 0.0 -1.0 -1.0 -1.0 0.0 0.3248436652416568 0.34252270716118605 0.3326336275971572
9 862.0 0.0 -1.0 -1.0 -1.0 0.0 0.3008079253941812 0.3418693839145422 0.3573226906912767
9 863.0 0.0 -1.0 -1.0 -1.0 0.0 0.3129610140262877 0.3255631476093053 0.36147583836440683
9 864.0 0.0 -1.0 -1.0 -1.0 0.0 0.31413779613854453 0.3317840552851458 0.3540781485763096
9 865.0 0.0 -1.0 -1.0 -1.0 0.0 0.2864624602888578 0.3470180114074395 0.3665195283037027
9 866.0 0.0 -1.0 -1.0 -1.0 0.0 0.2884685407563626 0.3150915110919718 0.39643994815166567
9 867.0 0.0 -1.0 -1.0 -1.0 0.0 0.2809728980019532 0.34010388256093804 0.3789232194371089
9 868.0 0.0 -1.0 -1.0 -1.0 0.0 0.2860974836751617 0.3314070562500888 0.38249546007474977
9 869.0 0.0 -1.0 -1.0 -1.0 0.0 0.2742878455878781 0.3464920273340199 0.3792201270781021
9 870.0 0.0 -1.0 -1.0 -1.0 0.0 0.2845701561750998 0.308623449486068 0.4068063943388322
9 871.0 0.0 -1.0 -1.0 -1.0 0.0 0.2857395939485996 0.31895388816205084 0.39530651788934984
9 872.0 0.0 -1.0 -1.0 -1.0 0.0 0.3093133071636364 0.3222892348636253 0.36839745797273804
9 873.0 0.0 -1.0 -1.0 -1.0 0.0 0.3153211196291389 0.3504667956438366 0.33421208472702474
9 874.0 0.0 -1.0 -1.0 -1.0 0.0 0.31858442149192806 0.34895407991957617 0.33246149858849583
9 875.0 0.0 -1.0 -1.0 -1.0 0.0 0.31430571903524795 0.34596214902769873 0.33973213193705326
9 876.0 0.0 -1.0 -1.0 -1.0 0.0 0.3207947087258995 0.32128300930933984 0.3579222819647604
9 877.0 0.0 -1.0 -1.0 -1.0 0.0 0.3077332539277851 0.33670649982016393 0.3555602462520507
9 878.0 0.0 -1.0 -1.0 -1.0 0.0 0.3185110101607709 0.34130418602261803 0.34018480381661065
9 879.0 0.0 -1.0 -1.0 -1.0 0.0 0.3146163541196831 0.3545811782135327 0.3308024676667843
9 880.0 0.0 -1.0 -1.0 -1.0 0.0 0.34052072794169375 0.344736448105572 0.31474282395273423
9 881.0 0.0 -1.0 -1.0 -1.0 0.0 0.3407874233160205 0.3475711334900703 0.3116414431939088
9 882.0 0.0 -1.0 -1.0 -1.0 0.0 0.3249184028432694 0.36930700825718793 0.30577458889954234
9 883.0 0.0 -1.0 -1.0 -1.0 0.0 0.32370025412286013 0.37091896168878846 0.30538078418835163
9 884.0 0.0 -1.0 -1.0 -1.0 0.0 0.3411210700468591 0.35016836076218716 0.3087105691909536
9 885.0 0.0 -1.0 -1.0 -1.0 0.0 0.3018941160529059 0.37794909774249114 0.32015678620460286
9 886.0 0.0 -1.0 -1.0 -1.0 0.0 0.3207587340670433 0.3774864804090704 0.30175478552388624
9 887.0 0.0 -1.0 -1.0 -1.0 0.0 0.3325449928192945 0.36504431091883965 0.3024106962618658
9 888.0 0.0 -1.0 -1.0 -1.0 0.0 0.31281130775625826 0.38905231109039434 0.29813638115334756
9 889.0 0.0 -1.0 -1.0 -1.0 0.0 0.331396718637901 0.36900359576016695 0.2995996856019321
9 890.0 0.0 -1.0 -1.0 -1.0 0.0 0.3339530646879635 0.3536338897786254 0.31241304553341087
9 891.0 0.0 -1.0 -1.0 -1.0 0.0 0.3370559143725871 0.31936354747685947 0.3435805381505535
9 892.0 0.0 -1.0 -1.0 -1.0 0.0 0.3387959074171933 0.3145293643431156 0.346674728239691
9 893.0 0.0 -1.0 -1.0 -1.0 0.0 0.3253114659261488 0.3517715428806901 0.32291699119316086
9 894.0 0.0 -1.0 -1.0 -1.0 0.0 0.3476373092661881 0.3362613709893412 0.31610131974447064
9 895.0 0.0 -1.0 -1.0 -1.0 0.0 0.3561020555493979 0.33541201409923926 0.308485930351363
9 896.0 0.0 -1.0 -1.0 -1.0 0.0 0.364176152368695 0.3244938450910302 0.31133000254027465
9 897.0 0.0 -1.0 -1.0 -1.0 0.0 0.3657250193320793 0.3005509415135494 0.3337240391543713
9 898.0 0.0 -1.0 -1.0 -1.0 0.0 0.35482904793920894 0.3051470225987494 0.3400239294620417
9 899.0 0.0 -1.0 -1.0 -1.0 0.0 0.3587217744374934 0.32038620018635927 0.32089202537614697
9 900.0 0.0 -1.0 -1.0 -1.0 0.0 0.3480374501811023 0.3272666406258626 0.32469590919303476
9 901.0 0.0 -1.0 -1.0 -1.0 0.0 0.3495809583380714 0.35063925709693883 0.29977978456498994
9 902.0 0.0 -1.0 -1.0 -1.0 0.0 0.3445496978012048 0.33493720914496494 0.32051309305383024
9 903.0 0.0 -1.0 -1.0 -1.0 0.0 0.3574134216812924 0.3327345311084642 0.3098520472102434
9 904.0 0.0 -1.0 -1.0 -1.0 0.0 0.34319633756723616 0.3456065721641056 0.3111970902686582
9 905.0 0.0 -1.0 -1.0 -1.0 0.0 0.352060855285998 0.33100205100109803 0.3169370937129038
9 906.0 0.0 -1.0 -1.0 -1.0 0.0 0.3504531663592402 0.3324889457306398 0.31705788791012013
9 907.0 0.0 -1.0 -1.0 -1.0 0.0 0.3551882137503348 0.33229759086210064 0.3125141953875644
9 908.0 0.0 -1.0 -1.0 -1.0 0.0 0.34823110367197857 0.3324883551573666 0.31928054117065474
9 909.0 0.0 -1.0 -1.0 -1.0 0.0 0.3590817794075533 0.3193173057626588 0.3216009148297877
9 910.0 0.0 -1.0 -1.0 -1.0 0.0 0.3468062552005032 0.29866221585689184 0.354531528942605
9 911.0 0.0 -1.0 -1.0 -1.0 0.0 0.3517449699946865 0.3226723981133516 0.325582631891962
9 912.0 0.0 -1.0 -1.0 -1.0 0.0 0.3405740295739722 0.34171573477141715 0.3177102356546106
9 913.0 0.0 -1.0 -1.0 -1.0 0.0 0.3459290386676433 0.32756522016191875 0.3265057411704381
9 914.0 0.0 -1.0 -1.0 -1.0 0.0 0.3375102664946481 0.3137831584596907 0.3487065750456614
9 915.0 0.0 -1.0 -1.0 -1.0 0.0 0.3486567277745071 0.30701276550137846 0.3443305067241144
9 916.0 0.0 -1.0 -1.0 -1.0 0.0 0.3305528760232873 0.3126386672218672 0.3568084567548454
9 917.0 0.0 -1.0 -1.0 -1.0 0.0 0.34669141756022703 0.3272259806949956 0.32608260174477754
9 918.0 0.0 -1.0 -1.0 -1.0 0.0 0.33770095582399934 0.3297958575319006 0.33250318664409995
9 919.0 0.0 -1.0 -1.0 -1.0 0.0 0.3170195691504771 0.3154306309328477 0.36754979991667514
9 920.0 0.0 -1.0 -1.0 -1.0 0.0 0.31463312812270183 0.3088200503735389 0.37654682150375934
9 921.0 0.0 -1.0 -1.0 -1.0 0.0 0.31815416748351905 0.3204387779850517 0.36140705453142935
9 922.0 0.0 -1.0 -1.0 -1.0 0.0 0.32927423593909144 0.3357005005045098 0.335025263556399
9 923.0 0.0 -1.0 -1.0 -1.0 0.0 0.30948548354690525 0.3636000407655715 0.32691447568752335
9 924.0 0.0 -1.0 -1.0 -1.0 0.0 0.29780130396668797 0.3648620702425946 0.3373366257907172
9 925.0 0.0 -1.0 -1.0 -1.0 0.0 0.31508393659937917 0.34976029754252586 0.33515576585809514
9 926.0 0.0 -1.0 -1.0 -1.0 0.0 0.32209064035023216 0.3329641544865046 0.3449452051632631
9 927.0 0.0 -1.0 -1.0 -1.0 0.0 0.332686500430766 0.33649390341280494 0.33081959615642864
9 928.0 0.0 -1.0 -1.0 -1.0 0.0 0.3370544466431641 0.33135325626519935 0.3315922970916367
9 929.0 0.0 -1.0 -1.0 -1.0 0.0 0.3167874094859979 0.34158399327814115 0.34162859723586086
9 930.0 0.0 -1.0 -1.0 -1.0 0.0 0.30663261385830337 0.38987924215642455 0.3034881439852719
9 931.0 0.0 -1.0 -1.0 -1.0 0.0 0.2850326115646735 0.38856117177446997 0.32640621666085645
9 932.0 0.0 -1.0 -1.0 -1.0 0.0 0.31395302004348946 0.37480562272054097 0.31124135723596924
9 933.0 0.0 -1.0 -1.0 -1.0 0.0 0.3058374100066317 0.3780443413158138 0.3161182486775545
9 934.0 0.0 -1.0 -1.0 -1.0 0.0 0.31133496809313405 0.37984458963154827 0.3088204422753178
9 935.0 0.0 -1.0 -1.0 -1.0 0.0 0.31023711418820876 0.37484884651503214 0.3149140392967594
9 936.0 0.0 -1.0 -1.0 -1.0 0.0 0.33186167837029 0.3526830150813979 0.315455306548312
9 937.0 0.0 -1.0 -1.0 -1.0 0.0 0.347032390022799 0.3393284060719747 0.3136392039052262
9 938.0 0.0 -1.0 -1.0 -1.0 0.0 0.36574578035845273 0.33155663409451025 0.30269758554703724
9 939.0 0.0 -1.0 -1.0 -1.0 0.0 0.3760838180435867 0.3211532135467386 0.3027629684096747
9 940.0 0.0 -1.0 -1.0 -1.0 0.0 0.3706187296884042 0.3377438678910486 0.29163740242054687
9 941.0 0.0 -1.0 -1.0 -1.0 0.0 0.3301213229170001 0.3682094934976032 0.3016691835853969
9 942.0 0.0 -1.0 -1.0 -1.0 0.0 0.3155560862463817 0.3745350314774653 0.3099088822761532
9 943.0 0.0 -1.0 -1.0 -1.0 0.0 0.2954797958632151 0.3979046065448173 0.3066155975919673
9 944.0 0.0 -1.0 -1.0 -1.0 0.0 0.3032990835006383 0.3807897543005649 0.3159111621987968
9 945.0 0.0 -1.0 -1.0 -1.0 0.0 0.30572925411118945 0.36990752532396615 0.32436322056484473
9 946.0 0.0 -1.0 -1.0 -1.0 0.0 0.3206285837553168 0.33539936445735363 0.3439720517873295
9 947.0 0.0 -1.0 -1.0 -1.0 0.0 0.29610439663797544 0.3455694478126361 0.3583261555493884
9 948.0 0.0 -1.0 -1.0 -1.0 0.0 0.2952243228945041 0.3748683259795767 0.32990735112591907
9 949.0 0.0 -1.0 -1.0 -1.0 0.0 0.3099899905833697 0.3753979234911599 0.3146120859254703
9 950.0 0.0 -1.0 -1.0 -1.0 0.0 0.33548903391638724 0.35280583478394545 0.3117051312996671
9 951.0 0.0 -1.0 -1.0 -1.0 0.0 0.3300249566520371 0.3351029594511399 0.334872083896823
9 952.0 0.0 -1.0 -1.0 -1.0 0.0 0.32231193358885385 0.35307493921450417 0.3246131271966419
9 953.0 0.0 -1.0 -1.0 -1.0 0.0 0.28623342956733716 0.35504718308074656 0.3587193873519164
9 954.0 0.0 -1.0 -1.0 -1.0 0.0 0.2888729594331529 0.37181196899649555 0.33931507157035135
9 955.0 0.0 -1.0 -1.0 -1.0 0.0 0.3012032704018853 0.35423661738819484 0.34456011220991983
9 956.0 0.0 -1.0 -1.0 -1.0 0.0 0.29127750550602255 0.3340840195397238 0.3746384749542536
9 957.0 0.0 -1.0 -1.0 -1.0 0.0 0.2937792411132694 0.347826675733642 0.3583940831530885
9 958.0 0.0 -1.0 -1.0 -1.0 0.0 0.2942724374456817 0.3852808748164066 0.3204466877379115
9 959.0 0.0 -1.0 -1.0 -1.0 0.0 0.2929778269699155 0.3724703822518846 0.33455179077819963
9 960.0 0.0 -1.0 -1.0 -1.0 0.0 0.2941381847162157 0.3650375139884543 0.34082430129532976
9 961.0 0.0 -1.0 -1.0 -1.0 0.0 0.33497743788093837 0.33012519438931365 0.334897367729748
9 962.0 0.0 -1.0 -1.0 -1.0 0.0 0.3323348500134795 0.3539765985050203 0.3136885514815004
9 963.0 0.0 -1.0 -1.0 -1.0 0.0 0.30058004117863424 0.3530480632707389 0.3463718955506269
9 964.0 0.0 -1.0 -1.0 -1.0 0.0 0.3304127995006309 0.35572061489465084 0.31386658560471803
9 965.0 0.0 -1.0 -1.0 -1.0 0.0 0.3177390198663755 0.33676737504079846 0.34549360509282606
9 966.0 0.0 -1.0 -1.0 -1.0 0.0 0.3346375714050113 0.3142348450616148 0.35112758353337364
9 967.0 0.0 -1.0 -1.0 -1.0 0.0 0.3264588907243375 0.3267490721032445 0.346792037172418
9 968.0 0.0 -1.0 -1.0 -1.0 0.0 0.34255324306074825 0.31923790116877254 0.33820885577047904
9 969.0 0.0 -1.0 -1.0 -1.0 0.0 0.3474308752917632 0.31555633302406805 0.337012791684169
9 970.0 0.0 -1.0 -1.0 -1.0 0.0 0.3355961005714333 0.3220840799145504 0.34231981951401624
9 971.0 0.0 -1.0 -1.0 -1.0 0.0 0.3416549847083922 0.3396661861270118 0.31867882916459594
9 972.0 0.0 -1.0 -1.0 -1.0 0.0 0.34748930384361537 0.3461594495531395 0.30635124660324536
9 973.0 0.0 -1.0 -1.0 -1.0 0.0 0.3288603992127296 0.3655175868236069 0.3056220139636636
9 974.0 0.0 -1.0 -1.0 -1.0 0.0 0.3303705555045305 0.3711087538435245 0.2985206906519455
9 975.0 0.0 -1.0 -1.0 -1.0 0.0 0.3214786328921051 0.3832846911343865 0.2952366759735085
9 976.0 0.0 -1.0 -1.0 -1.0 0.0 0.3592211592077896 0.3819921512057968 0.258786689586414
9 977.0 0.0 -1.0 -1.0 -1.0 0.0 0.3078925772076892 0.3924352731277609 0.2996721496645502
9 978.0 0.0 -1.0 -1.0 -1.0 0.0 0.33194931994378224 0.37673079192421755 0.2913198881320003
9 979.0 0.0 -1.0 -1.0 -1.0 0.0 0.31355300346171694 0.37096619400969794 0.31548080252858524
9 980.0 0.0 -1.0 -1.0 -1.0 0.0 0.34115153756261113 0.3527767719038791 0.30607169053350963
9 981.0 0.0 -1.0 -1.0 -1.0 0.0 0.3426182241294958 0.3364562185500906 0.32092555732041383
9 982.0 0.0 -1.0 -1.0 -1.0 0.0 0.34734780577189944 0.3270339125487486 0.325618281679352
9 983.0 0.0 -1.0 -1.0 -1.0 0.0 0.3212173054292247 0.328247250414759 0.3505354441560165
9 984.0 0.0 -1.0 -1.0 -1.0 0.0 0.3115851233409682 0.35589773618336695 0.3325171404756649
9 985.0 0.0 -1.0 -1.0 -1.0 0.0 0.33567719382362937 0.3627818625556584 0.3015409436207122
9 986.0 0.0 -1.0 -1.0 -1.0 0.0 0.33186018776624443 0.3725303788149638 0.2956094334187919
9 987.0 0.0 -1.0 -1.0 -1.0 0.0 0.33182885056629985 0.375030933409197 0.2931402160245033
9 988.0 0.0 -1.0 -1.0 -1.0 0.0 0.35651296002318267 0.3531838862494937 0.29030315372732357
9 989.0 0.0 -1.0 -1.0 -1.0 0.0 0.3741862282521917 0.3265780913956406 0.29923568035216763
9 990.0 0.0 -1.0 -1.0 -1.0 0.0 0.3402208511081784 0.3458312603880432 0.3139478885037784
9 991.0 0.0 -1.0 -1.0 -1.0 0.0 0.3350040704544917 0.35284377412001056 0.31215215542549757
9 992.0 0.0 -1.0 -1.0 -1.0 0.0 0.3158098857069186 0.3453415649341754 0.338848549358906
9 993.0 0.0 -1.0 -1.0 -1.0 0.0 0.3334204174752283 0.3315735011879194 0.3350060813368524
9 994.0 0.0 -1.0 -1.0 -1.0 0.0 0.3075190790352959 0.3624310999427658 0.3300498210219384
9 995.0 0.0 -1.0 -1.0 -1.0 0.0 0.32330516748849164 0.3461901504183144 0.33050468209319406
9 996.0 0.0 -1.0 -1.0 -1.0 0.0 0.29672765932332174 0.35766921765601717 0.34560312302066143
9 997.0 0.0 -1.0 -1.0 -1.0 0.0 0.3207115855688423 0.3611203003744022 0.31816811405675555
9 998.0 0.0 -1.0 -1.0 -1.0 0.0 0.30083156476304124 0.38001946308767237 0.3191489721492864
9 999.0 0.0 -1.0 -1.0 -1.0 0.0 0.30689058905646727 0.3604652734603103 0.33264413748322225
9 1000.0 0.0 -1.0 -1.0 -1.0 0.0 0.29320266647712506 0.38020613520892793 0.3265911983139472
1000000000000000000000000000000000000000000000000000000000000000000000000000000000000000000000000000
-1.0
solo con 1: -100.0
