9 0.0 42.0 -37.0 -160.0 -96.14 49.74358899863024 0.3333333333333333 0.3333333333333333 0.3333333333333333
9 1.0 42.0 -36.0 -160.0 -80.53 47.50830974629065 0.30696548756227343 0.26914098545405557 0.42389352698367083
9 2.0 92.0 -34.0 -158.0 -64.31 39.59126906097588 0.2891715736514647 0.2099828771367267 0.5008455492118086
9 3.0 87.0 -33.0 -158.0 -54.39 33.107079105059796 0.2618482562809741 0.19801140910844597 0.54014033461058
9 4.0 92.0 -32.0 -158.0 -47.5 26.99476193110752 0.2530957332160171 0.17737242279294754 0.5695318439910355
9 5.0 22.0 -30.0 -158.0 -44.26 25.429887768513495 0.24461074322246362 0.14894292931773367 0.6064463274598029
9 6.0 40.0 -28.0 -158.0 -38.36 16.84001967416495 0.21985220021713714 0.14767409790488523 0.6324737018779776
9 7.0 97.0 -25.0 -158.0 -34.92 13.25711548984585 0.18123710426959813 0.14448909778321656 0.6742737979471854
9 8.0 23.0 -23.0 -158.0 -32.58 13.448878140288253 0.17609808570924648 0.12550847591482522 0.6983934383759286
9 9.0 23.0 -21.0 -158.0 -29.8 13.606296819168442 0.16507567843051962 0.11893896218756499 0.7159853593819157
9 10.0 43.0 -18.0 -47.0 -25.98 4.17781538775248 0.1496700820180797 0.10287413331953062 0.7474557846623895
9 11.0 3.0 -18.0 -47.0 -23.73 3.8921184281295766 0.15102069799768253 0.09527922631563722 0.7537000756866802
9 12.0 39.0 -15.0 -47.0 -21.07 3.6383340621051756 0.1389697860746887 0.09368145086883946 0.767348763056472
9 13.0 7.0 -15.0 -32.0 -18.84 2.8945089079465314 0.1237759511581171 0.08976607500102012 0.7864579738408628
9 14.0 9.0 -13.0 -32.0 -17.15 3.07277060515737 0.1070064744258096 0.08231279340293873 0.8106807321712517
9 15.0 80.0 -11.0 -32.0 -15.35 2.992836565379189 0.11255131589739899 0.08564060739369235 0.8018080767089089
9 16.0 31.0 -10.0 -30.0 -13.68 2.5815194022595342 0.12449302270628157 0.09068549492966259 0.7848214823640559
9 17.0 12.0 -9.0 -30.0 -12.37 2.8164559720372395 0.11231675353033768 0.09105708789436734 0.7966261585752951
9 18.0 20.0 -8.0 -30.0 -10.76 2.4623221363238197 0.10933792648889462 0.08426000471090528 0.8064020688002005
9 19.0 16.0 -7.0 -30.0 -9.62 2.3646384822029676 0.09974807604779425 0.08006870859844156 0.8201832153537643
9 20.0 80.0 -6.0 -15.0 -8.52 1.3519906759585243 0.12226595026552811 0.08657685237858032 0.7911571973558919
9 21.0 7.0 -6.0 -13.0 -7.59 1.1467565151550287 0.11320301074497423 0.08721547811744804 0.7995815111375775
9 22.0 3.0 -5.0 -13.0 -6.77 1.1708151351977307 0.1352383621790672 0.09578757887579359 0.768974058945139
9 23.0 26.0 -4.0 -13.0 -6.08 1.1606337523399477 0.13608962299475386 0.11393223578306934 0.7499781412221768
9 24.0 4.0 -4.0 -9.0 -5.39 0.9089343299499785 0.15143568472227456 0.11257447448729177 0.7359898407904335
9 25.0 61.0 -3.0 -9.0 -4.85 0.8211226608993469 0.16492477859693264 0.12100419560385185 0.7140710257992154
9 26.0 12.0 -3.0 -7.0 -4.22 0.7188655484634642 0.16444003226937143 0.12852284373370543 0.7070371239969236
9 27.0 32.0 -2.0 -6.0 -3.71 0.7823172003862641 0.15302449733787116 0.11862380918537735 0.7283516934767517
9 28.0 19.0 -1.0 -6.0 -3.14 0.7916228058025275 0.1387672718490546 0.1313785071953099 0.7298542209556355
9 29.0 14.0 -1.0 -6.0 -2.58 0.8782443460183111 0.1336081863262393 0.14120784571420283 0.7251839679595576
9 30.0 3.0 -1.0 -5.0 -1.89 0.7640270765734505 0.1417470830413777 0.15189488869452486 0.7063580282640973
9 31.0 0.0 -1.0 -4.0 -1.47 0.6735253251633259 0.16600786846497279 0.15847247165082048 0.6755196598842068
9 32.0 0.0 -1.0 -4.0 -1.19 0.5448565745851718 0.18997283568385653 0.18516193260568312 0.6248652317104606
9 33.0 0.0 -1.0 -3.0 -1.08 0.367354726319799 0.20876119007632912 0.21164534329096174 0.5795934666327095
9 34.0 0.0 -1.0 -3.0 -1.05 0.297294195005282 0.24496519365117636 0.2152178877684554 0.5398169185803683
9 35.0 0.0 -1.0 -3.0 -1.03 0.22270150335361383 0.26201042778374994 0.22691293254906383 0.5110766396671864
9 36.0 0.0 -1.0 -2.0 -1.02 0.14070529413628957 0.2733028198228561 0.2624407485211565 0.4642564316559873
9 37.0 0.0 -1.0 -2.0 -1.01 0.09999999999999996 0.30841558720344137 0.27036017486510944 0.4212242379314491
9 38.0 0.0 -1.0 -1.0 -1.0 0.0 0.30599935973980885 0.2949291539973327 0.39907148626285854
9 39.0 0.0 -1.0 -1.0 -1.0 0.0 0.2939275709103199 0.29067508042015466 0.4153973486695254
9 40.0 0.0 -1.0 -1.0 -1.0 0.0 0.30570886105489836 0.29624788491807186 0.3980432540270297
9 41.0 0.0 -1.0 -1.0 -1.0 0.0 0.31969727881708493 0.29198862058112096 0.38831410060179405
9 42.0 0.0 -1.0 -1.0 -1.0 0.0 0.3365134646946975 0.2908245280372035 0.37266200726809906
9 43.0 0.0 -1.0 -1.0 -1.0 0.0 0.32832694357352465 0.2984988554864583 0.37317420094001696
9 44.0 0.0 -1.0 -1.0 -1.0 0.0 0.3336603991172412 0.30867198601601464 0.3576676148667442
9 45.0 0.0 -1.0 -1.0 -1.0 0.0 0.3420364130424394 0.3017436461140372 0.3562199408435233
9 46.0 0.0 -1.0 -1.0 -1.0 0.0 0.3333101707883286 0.32527584097527795 0.3414139882363935
9 47.0 0.0 -1.0 -1.0 -1.0 0.0 0.3253039820318828 0.337062392241583 0.337633625726534
9 48.0 0.0 -1.0 -1.0 -1.0 0.0 0.37237557523665177 0.3026028489637882 0.32502157579956015
9 49.0 0.0 -1.0 -1.0 -1.0 0.0 0.354685521610194 0.33524819937073663 0.31006627901906936
9 50.0 0.0 -1.0 -1.0 -1.0 0.0 0.368326175186308 0.33577251843623906 0.29590130637745277
9 51.0 0.0 -1.0 -1.0 -1.0 0.0 0.3849537636117429 0.33002722951332303 0.28501900687493437
9 52.0 0.0 -1.0 -1.0 -1.0 0.0 0.3731634684166811 0.31797150394577683 0.30886502763754226
9 53.0 0.0 -1.0 -1.0 -1.0 0.0 0.3685237319181489 0.3241323674282913 0.30734390065355965
9 54.0 0.0 -1.0 -1.0 -1.0 0.0 0.3779789853438151 0.3058086796421865 0.31621233501399837
9 55.0 0.0 -1.0 -1.0 -1.0 0.0 0.34890689162499344 0.33562552693985664 0.31546758143514986
9 56.0 0.0 -1.0 -1.0 -1.0 0.0 0.3543501030117717 0.3402012418725516 0.3054486551156766
9 57.0 0.0 -1.0 -1.0 -1.0 0.0 0.34744813292182014 0.36315145519863024 0.2894004118795495
9 58.0 0.0 -1.0 -1.0 -1.0 0.0 0.3680081849404319 0.3563439230835849 0.2756478919759834
9 59.0 0.0 -1.0 -1.0 -1.0 0.0 0.3614695244738798 0.33981402661238674 0.2987164489137333
9 60.0 0.0 -1.0 -1.0 -1.0 0.0 0.3527621511699912 0.3193140995342871 0.32792374929572177
9 61.0 0.0 -1.0 -1.0 -1.0 0.0 0.3357523718051592 0.32684618803335597 0.33740144016148477
9 62.0 0.0 -1.0 -1.0 -1.0 0.0 0.3609544068073843 0.32711599751667875 0.31192959567593675
9 63.0 0.0 -1.0 -1.0 -1.0 0.0 0.3306042063081054 0.36331013964961867 0.3060856540422761
9 64.0 0.0 -1.0 -1.0 -1.0 0.0 0.329263715343775 0.3566594217244443 0.31407686293178083
9 65.0 0.0 -1.0 -1.0 -1.0 0.0 0.3303527919558104 0.35586657510904374 0.3137806329351458
9 66.0 0.0 -1.0 -1.0 -1.0 0.0 0.33810890993526693 0.3291892227136566 0.3327018673510764
9 67.0 0.0 -1.0 -1.0 -1.0 0.0 0.329241999034545 0.33409549876225364 0.3366625022032016
9 68.0 0.0 -1.0 -1.0 -1.0 0.0 0.3323956885939567 0.32976666795503073 0.3378376434510125
9 69.0 0.0 -1.0 -1.0 -1.0 0.0 0.3370452584561762 0.3498296876634782 0.3131250538803454
9 70.0 0.0 -1.0 -1.0 -1.0 0.0 0.35170980579935934 0.3305836007394033 0.31770659346123725
9 71.0 0.0 -1.0 -1.0 -1.0 0.0 0.34396495309947966 0.3225859199047985 0.333449126995722
9 72.0 0.0 -1.0 -1.0 -1.0 0.0 0.3254408081509254 0.3384915273107981 0.3360676645382766
9 73.0 0.0 -1.0 -1.0 -1.0 0.0 0.34206776071223577 0.3245833488212655 0.33334889046649896
9 74.0 0.0 -1.0 -1.0 -1.0 0.0 0.3283852699578052 0.3338581745075268 0.337756555534668
9 75.0 0.0 -1.0 -1.0 -1.0 0.0 0.34505488113098104 0.3280644307830785 0.3268806880859406
9 76.0 0.0 -1.0 -1.0 -1.0 0.0 0.3425886096658075 0.34631503929871227 0.31109635103548017
9 77.0 0.0 -1.0 -1.0 -1.0 0.0 0.3535276939219552 0.31473103600674135 0.3317412700713034
9 78.0 0.0 -1.0 -1.0 -1.0 0.0 0.3243576188584188 0.31765417050122774 0.3579882106403533
9 79.0 0.0 -1.0 -1.0 -1.0 0.0 0.3001043887366774 0.3251660373198508 0.37472957394347217
9 80.0 0.0 -1.0 -1.0 -1.0 0.0 0.32642795070062147 0.31911368160555853 0.3544583676938201
9 81.0 0.0 -1.0 -1.0 -1.0 0.0 0.3083001293645687 0.3251828493666039 0.3665170212688274
9 82.0 0.0 -1.0 -1.0 -1.0 0.0 0.29853439293245876 0.3192154256332896 0.38225018143425166
9 83.0 0.0 -1.0 -1.0 -1.0 0.0 0.3100600823690455 0.3073587211558054 0.38258119647514904
9 84.0 0.0 -1.0 -1.0 -1.0 0.0 0.3269661813034441 0.2933143606500679 0.379719458046488
9 85.0 0.0 -1.0 -1.0 -1.0 0.0 0.3242478482370796 0.29319437432928014 0.38255777743364017
9 86.0 0.0 -1.0 -1.0 -1.0 0.0 0.2950403136259613 0.3194229516142777 0.38553673475976113
9 87.0 0.0 -1.0 -1.0 -1.0 0.0 0.3321764974790902 0.3027290866028122 0.36509441591809755
9 88.0 0.0 -1.0 -1.0 -1.0 0.0 0.33530319418633964 0.3128319354160338 0.35186487039762687
9 89.0 0.0 -1.0 -1.0 -1.0 0.0 0.3165154204025632 0.34187724536898983 0.341607334228447
9 90.0 0.0 -1.0 -1.0 -1.0 0.0 0.3015392621792444 0.3611493997285208 0.33731133809223474
9 91.0 0.0 -1.0 -1.0 -1.0 0.0 0.3143310369066923 0.3542189742920575 0.3314499888012503
9 92.0 0.0 -1.0 -1.0 -1.0 0.0 0.320211402405107 0.35994831801230326 0.31984027958258987
9 93.0 0.0 -1.0 -1.0 -1.0 0.0 0.3045427230004522 0.39618361535648605 0.2992736616430619
9 94.0 0.0 -1.0 -1.0 -1.0 0.0 0.3279109868328586 0.3790947486579521 0.2929942645091895
9 95.0 0.0 -1.0 -1.0 -1.0 0.0 0.3112949958251111 0.3770636350705881 0.3116413691043007
9 96.0 0.0 -1.0 -1.0 -1.0 0.0 0.2900891658668396 0.3782554492393823 0.3316553848937782
9 97.0 0.0 -1.0 -1.0 -1.0 0.0 0.2860221014853631 0.39378499383619814 0.3201929046784386
9 98.0 0.0 -1.0 -1.0 -1.0 0.0 0.308820822918239 0.3699922536992425 0.32118692338251853
9 99.0 0.0 -1.0 -1.0 -1.0 0.0 0.32482110399933595 0.36107365541416725 0.3141052405864969
9 100.0 0.0 -1.0 -1.0 -1.0 0.0 0.32081236370836147 0.3587310307823043 0.32045660550933436
9 101.0 0.0 -1.0 -1.0 -1.0 0.0 0.33703772603787313 0.3283480828987557 0.3346141910633711
9 102.0 0.0 -1.0 -1.0 -1.0 0.0 0.33893475327455164 0.3250941592920256 0.33597108743342247
9 103.0 0.0 -1.0 -1.0 -1.0 0.0 0.3523215665802703 0.3211072410762254 0.32657119234350424
9 104.0 0.0 -1.0 -1.0 -1.0 0.0 0.36208866737032525 0.3398010008902649 0.29811033173940993
9 105.0 0.0 -1.0 -1.0 -1.0 0.0 0.3709035243814127 0.33333281646316076 0.29576365915542663
9 106.0 0.0 -1.0 -1.0 -1.0 0.0 0.36344942803866276 0.3475651820893637 0.28898538987197353
9 107.0 0.0 -1.0 -1.0 -1.0 0.0 0.40133666413007985 0.33516169173109767 0.2635016441388224
9 108.0 0.0 -1.0 -1.0 -1.0 0.0 0.35513163781578205 0.3660930564023893 0.27877530578182874
9 109.0 0.0 -1.0 -1.0 -1.0 0.0 0.3402616870556592 0.331960292077774 0.32777802086656677
9 110.0 0.0 -1.0 -1.0 -1.0 0.0 0.3427719942917781 0.3490448521702802 0.30818315353794157
9 111.0 0.0 -1.0 -1.0 -1.0 0.0 0.3011177306464122 0.36533542063775765 0.3335468487158302
9 112.0 0.0 -1.0 -1.0 -1.0 0.0 0.30334205553021876 0.36366484438380486 0.3329931000859764
9 113.0 0.0 -1.0 -1.0 -1.0 0.0 0.313622184157688 0.35581973927412236 0.33055807656819
9 114.0 0.0 -1.0 -1.0 -1.0 0.0 0.3131574776317237 0.3641178283729482 0.3227246939953283
9 115.0 0.0 -1.0 -1.0 -1.0 0.0 0.2985310198466408 0.35435816032350503 0.3471108198298545
9 116.0 0.0 -1.0 -1.0 -1.0 0.0 0.30348235983983396 0.3753385213166674 0.3211791188434987
9 117.0 0.0 -1.0 -1.0 -1.0 0.0 0.32586604058510077 0.3664541676366349 0.3076797917782642
9 118.0 0.0 -1.0 -1.0 -1.0 0.0 0.3165882723312405 0.3713474669276119 0.3120642607411478
9 119.0 0.0 -1.0 -1.0 -1.0 0.0 0.30630712827806045 0.3858228994608758 0.307869972261064
9 120.0 0.0 -1.0 -1.0 -1.0 0.0 0.31413276437741827 0.35723982705100643 0.328627408571575
9 121.0 0.0 -1.0 -1.0 -1.0 0.0 0.3387680090561281 0.3548517024792143 0.3063802884646578
9 122.0 0.0 -1.0 -1.0 -1.0 0.0 0.32812917173011646 0.3516610808376008 0.3202097474322828
9 123.0 0.0 -1.0 -1.0 -1.0 0.0 0.32461535663634455 0.33892849520446267 0.3364561481591927
9 124.0 0.0 -1.0 -1.0 -1.0 0.0 0.3132562476272235 0.33198802124212606 0.35475573113065023
9 125.0 0.0 -1.0 -1.0 -1.0 0.0 0.33475423341219823 0.35137408157942224 0.31387168500837936
9 126.0 0.0 -1.0 -1.0 -1.0 0.0 0.33457629152380525 0.36476437237809245 0.30065933609810247
9 127.0 0.0 -1.0 -1.0 -1.0 0.0 0.33836039423286657 0.3572942025284405 0.30434540323869286
9 128.0 0.0 -1.0 -1.0 -1.0 0.0 0.3408225379624028 0.37258751940242973 0.2865899426351675
9 129.0 0.0 -1.0 -1.0 -1.0 0.0 0.3028538199665202 0.3781844283727751 0.31896175166070473
9 130.0 0.0 -1.0 -1.0 -1.0 0.0 0.32639394893787177 0.362412198959963 0.31119385210216505
9 131.0 0.0 -1.0 -1.0 -1.0 0.0 0.3165862528803802 0.35425079933820136 0.32916294778141864
9 132.0 0.0 -1.0 -1.0 -1.0 0.0 0.3450016523244889 0.32896770487527666 0.3260306428002341
9 133.0 0.0 -1.0 -1.0 -1.0 0.0 0.36496010401906753 0.3241238796361159 0.3109160163448165
9 134.0 0.0 -1.0 -1.0 -1.0 0.0 0.37443852005984823 0.33241269475989266 0.29314878518025916
9 135.0 0.0 -1.0 -1.0 -1.0 0.0 0.35943621115433894 0.3270837104491231 0.3134800783965379
9 136.0 0.0 -1.0 -1.0 -1.0 0.0 0.33886258392180124 0.3259887068215908 0.3351487092566078
9 137.0 0.0 -1.0 -1.0 -1.0 0.0 0.3458397374962415 0.34296594804049685 0.3111943144632618
9 138.0 0.0 -1.0 -1.0 -1.0 0.0 0.32487127875574395 0.3382915841337213 0.3368371371105349
9 139.0 0.0 -1.0 -1.0 -1.0 0.0 0.32771380707964964 0.33775245825273126 0.33453373466761893
9 140.0 0.0 -1.0 -1.0 -1.0 0.0 0.3236210203031004 0.36025434915520743 0.31612463054169243
9 141.0 0.0 -1.0 -1.0 -1.0 0.0 0.34021369404720075 0.3541302425511537 0.3056560634016453
9 142.0 0.0 -1.0 -1.0 -1.0 0.0 0.33936777623593906 0.33471749156250996 0.32591473220155115
9 143.0 0.0 -1.0 -1.0 -1.0 0.0 0.35306907018411643 0.33211089664134846 0.31482003317453516
9 144.0 0.0 -1.0 -1.0 -1.0 0.0 0.3488321512035095 0.3236900987174427 0.32747775007904784
9 145.0 0.0 -1.0 -1.0 -1.0 0.0 0.3427723863426426 0.3330596817211322 0.32416793193622523
9 146.0 0.0 -1.0 -1.0 -1.0 0.0 0.3386632643441292 0.33460870750687227 0.32672802814899826
9 147.0 0.0 -1.0 -1.0 -1.0 0.0 0.326780961722876 0.3444823102262449 0.32873672805087895
9 148.0 0.0 -1.0 -1.0 -1.0 0.0 0.3459650634674087 0.30083608716940724 0.353198849363184
9 149.0 0.0 -1.0 -1.0 -1.0 0.0 0.3179938666507373 0.32585154018810164 0.356154593161161
9 150.0 0.0 -1.0 -1.0 -1.0 0.0 0.329016274757492 0.3352536027049776 0.3357301225375304
9 151.0 0.0 -1.0 -1.0 -1.0 0.0 0.3318824601973015 0.33028389004265757 0.33783364976004093
9 152.0 0.0 -1.0 -1.0 -1.0 0.0 0.3246162202057304 0.3333628643269024 0.3420209154673674
9 153.0 0.0 -1.0 -1.0 -1.0 0.0 0.33214665751420186 0.30950243178556774 0.35835091070023045
9 154.0 0.0 -1.0 -1.0 -1.0 0.0 0.2794118856335097 0.3313972055609653 0.389190908805525
9 155.0 0.0 -1.0 -1.0 -1.0 0.0 0.2937767461637547 0.3099892222090045 0.3962340316272408
9 156.0 0.0 -1.0 -1.0 -1.0 0.0 0.31504850340874857 0.3130497157568235 0.3719017808344276
9 157.0 0.0 -1.0 -1.0 -1.0 0.0 0.32479191754417785 0.3102623671058011 0.3649457153500213
9 158.0 0.0 -1.0 -1.0 -1.0 0.0 0.31214122609560563 0.3263186647122554 0.36154010919213897
9 159.0 0.0 -1.0 -1.0 -1.0 0.0 0.33609545165174565 0.3357493149804078 0.32815523336784636
9 160.0 0.0 -1.0 -1.0 -1.0 0.0 0.34237858449702885 0.33557202455814017 0.3220493909448313
9 161.0 0.0 -1.0 -1.0 -1.0 0.0 0.34560776622910405 0.35217904446239373 0.3022131893085021
9 162.0 0.0 -1.0 -1.0 -1.0 0.0 0.3690895948243575 0.35180803086543433 0.27910237431020823
9 163.0 0.0 -1.0 -1.0 -1.0 0.0 0.3606126404073955 0.34759147153009357 0.29179588806251094
9 164.0 0.0 -1.0 -1.0 -1.0 0.0 0.34743724740246856 0.3561834157673563 0.2963793368301751
9 165.0 0.0 -1.0 -1.0 -1.0 0.0 0.34037174864877606 0.3542277056071926 0.30540054574403114
9 166.0 0.0 -1.0 -1.0 -1.0 0.0 0.3421901747800941 0.33710570689134706 0.3207041183285588
9 167.0 0.0 -1.0 -1.0 -1.0 0.0 0.3389790950197727 0.32278558061768287 0.3382353243625446
9 168.0 0.0 -1.0 -1.0 -1.0 0.0 0.3218450421024257 0.3426892078073187 0.33546575009025564
9 169.0 0.0 -1.0 -1.0 -1.0 0.0 0.32050906699763887 0.33128539438602755 0.34820553861633363
9 170.0 0.0 -1.0 -1.0 -1.0 0.0 0.3394360547260416 0.30953418288251283 0.3510297623914456
9 171.0 0.0 -1.0 -1.0 -1.0 0.0 0.2991842208866594 0.35060058854148807 0.3502151905718526
9 172.0 0.0 -1.0 -1.0 -1.0 0.0 0.28955210418091704 0.3745366941732264 0.3359112016458566
9 173.0 0.0 -1.0 -1.0 -1.0 0.0 0.29443916850536067 0.3649932755522069 0.3405675559424322
9 174.0 0.0 -1.0 -1.0 -1.0 0.0 0.3206300656621244 0.3472936310622796 0.33207630327559573
9 175.0 0.0 -1.0 -1.0 -1.0 0.0 0.29729563758029376 0.3594626889764534 0.34324167344325285
9 176.0 0.0 -1.0 -1.0 -1.0 0.0 0.2913088811361937 0.3527301917242623 0.35596092713954414
9 177.0 0.0 -1.0 -1.0 -1.0 0.0 0.310436857786494 0.32596751060013135 0.3635956316133747
9 178.0 0.0 -1.0 -1.0 -1.0 0.0 0.3069934332451514 0.32680244697575844 0.3662041197790903
9 179.0 0.0 -1.0 -1.0 -1.0 0.0 0.29341583012888794 0.3241462183801251 0.38243795149098725
9 180.0 0.0 -1.0 -1.0 -1.0 0.0 0.3063292241129917 0.34785978663549594 0.3458109892515124
9 181.0 0.0 -1.0 -1.0 -1.0 0.0 0.3081471261013162 0.3287341548496666 0.36311871904901694
9 182.0 0.0 -1.0 -1.0 -1.0 0.0 0.3308826294535278 0.3226669200604362 0.3464504504860359
9 183.0 0.0 -1.0 -1.0 -1.0 0.0 0.31609441038931707 0.33569277937210046 0.34821281023858247
9 184.0 0.0 -1.0 -1.0 -1.0 0.0 0.2975665943747444 0.33450339235893084 0.3679300132663244
9 185.0 0.0 -1.0 -1.0 -1.0 0.0 0.3008350264416205 0.3526582601798384 0.34650671337854105
9 186.0 0.0 -1.0 -1.0 -1.0 0.0 0.32175911754029163 0.3181603168594378 0.3600805656002703
9 187.0 0.0 -1.0 -1.0 -1.0 0.0 0.3316706094290422 0.3150173425742946 0.35331204799666316
9 188.0 0.0 -1.0 -1.0 -1.0 0.0 0.3316205708352829 0.331410804087726 0.33696862507699116
9 189.0 0.0 -1.0 -1.0 -1.0 0.0 0.32811711045700037 0.31755748107913767 0.3543254084638621
9 190.0 0.0 -1.0 -1.0 -1.0 0.0 0.3325182823448046 0.3087744091561479 0.3587073084990473
9 191.0 0.0 -1.0 -1.0 -1.0 0.0 0.32438924541118247 0.31771148248273423 0.35789927210608313
9 192.0 0.0 -1.0 -1.0 -1.0 0.0 0.3455532649641123 0.3148568158245436 0.3395899192113441
9 193.0 0.0 -1.0 -1.0 -1.0 0.0 0.35414105734702805 0.31441905380894425 0.33143988884402775
9 194.0 0.0 -1.0 -1.0 -1.0 0.0 0.36485480707562895 0.3191626988250648 0.3159824940993062
9 195.0 0.0 -1.0 -1.0 -1.0 0.0 0.3503579869615849 0.3468488789301469 0.30279313410826847
9 196.0 0.0 -1.0 -1.0 -1.0 0.0 0.31557352928769156 0.35189976423660363 0.3325267064757049
9 197.0 0.0 -1.0 -1.0 -1.0 0.0 0.35549012663306556 0.3359567496709387 0.3085531236959958
9 198.0 0.0 -1.0 -1.0 -1.0 0.0 0.3633608608840851 0.31628503873447733 0.32035410038143775
9 199.0 0.0 -1.0 -1.0 -1.0 0.0 0.36913163877771515 0.2982441557305752 0.3326242054917096
9 200.0 0.0 -1.0 -1.0 -1.0 0.0 0.33425218506331544 0.3265199949636963 0.3392278199729883
9 201.0 0.0 -1.0 -1.0 -1.0 0.0 0.343006812124205 0.30702453380163147 0.3499686540741637
9 202.0 0.0 -1.0 -1.0 -1.0 0.0 0.32266980575233134 0.3274780783400953 0.34985211590757376
9 203.0 0.0 -1.0 -1.0 -1.0 0.0 0.34305730909591403 0.299733653832523 0.3572090370715629
9 204.0 0.0 -1.0 -1.0 -1.0 0.0 0.3487835285510372 0.3403622809153684 0.31085419053359437
9 205.0 0.0 -1.0 -1.0 -1.0 0.0 0.32329893816701266 0.3539888139724652 0.3227122478605222
9 206.0 0.0 -1.0 -1.0 -1.0 0.0 0.3084691808725412 0.3821810276339322 0.30934979149352687
9 207.0 0.0 -1.0 -1.0 -1.0 0.0 0.27785332840756705 0.4011172238690113 0.32102944772342185
9 208.0 0.0 -1.0 -1.0 -1.0 0.0 0.30829733258876524 0.39349732214231886 0.29820534526891596
9 209.0 0.0 -1.0 -1.0 -1.0 0.0 0.3113850957402233 0.3929487735287699 0.2956661307310069
9 210.0 0.0 -1.0 -1.0 -1.0 0.0 0.3013924513698921 0.3688161304537844 0.3297914181763235
9 211.0 0.0 -1.0 -1.0 -1.0 0.0 0.31041093493789 0.35301807589759737 0.33657098916451267
9 212.0 0.0 -1.0 -1.0 -1.0 0.0 0.29850722168512056 0.3764307861834191 0.3250619921314604
9 213.0 0.0 -1.0 -1.0 -1.0 0.0 0.3243263174522242 0.3691790668749349 0.30649461567284086
9 214.0 0.0 -1.0 -1.0 -1.0 0.0 0.3319819007158717 0.3888326192220118 0.2791854800621164
9 215.0 0.0 -1.0 -1.0 -1.0 0.0 0.3318744762427224 0.3884693724003628 0.27965615135691496
9 216.0 0.0 -1.0 -1.0 -1.0 0.0 0.3379357203551729 0.37575212075703285 0.28631215888779427
9 217.0 0.0 -1.0 -1.0 -1.0 0.0 0.32778439320590586 0.377243666201341 0.294971940592753
9 218.0 0.0 -1.0 -1.0 -1.0 0.0 0.31885382503486587 0.3603384822383525 0.3208076927267816
9 219.0 0.0 -1.0 -1.0 -1.0 0.0 0.283533728821143 0.3745900176602543 0.34187625351860285
9 220.0 0.0 -1.0 -1.0 -1.0 0.0 0.3286049798574034 0.32930411283009164 0.34209090731250497
9 221.0 0.0 -1.0 -1.0 -1.0 0.0 0.3115940022116324 0.340349591251087 0.3480564065372807
9 222.0 0.0 -1.0 -1.0 -1.0 0.0 0.31851108755231716 0.3332704682199331 0.3482184442277495
9 223.0 0.0 -1.0 -1.0 -1.0 0.0 0.32289661362076616 0.33900573021361624 0.33809765616561743
9 224.0 0.0 -1.0 -1.0 -1.0 0.0 0.32699917840289894 0.3388858260826939 0.3341149955144072
9 225.0 0.0 -1.0 -1.0 -1.0 0.0 0.2938246903016285 0.35660904764472184 0.3495662620536497
9 226.0 0.0 -1.0 -1.0 -1.0 0.0 0.28571434896490616 0.3770758839479377 0.33720976708715605
9 227.0 0.0 -1.0 -1.0 -1.0 0.0 0.3070466043973837 0.36260317055466 0.33035022504795625
9 228.0 0.0 -1.0 -1.0 -1.0 0.0 0.3217230618791232 0.33387052452495275 0.34440641359592383
9 229.0 0.0 -1.0 -1.0 -1.0 0.0 0.2915817704353584 0.3570131885110838 0.3514050410535577
9 230.0 0.0 -1.0 -1.0 -1.0 0.0 0.28256682391552496 0.35652074452439747 0.3609124315600778
9 231.0 0.0 -1.0 -1.0 -1.0 0.0 0.3055224613075845 0.37765453530267357 0.3168230033897422
9 232.0 0.0 -1.0 -1.0 -1.0 0.0 0.3211733018532649 0.38438698260415755 0.2944397155425777
9 233.0 0.0 -1.0 -1.0 -1.0 0.0 0.3405432908409986 0.36459898780165567 0.29485772135734556
9 234.0 0.0 -1.0 -1.0 -1.0 0.0 0.339988206492548 0.36544603701439066 0.2945657564930614
9 235.0 0.0 -1.0 -1.0 -1.0 0.0 0.3391872883693574 0.36689942960950567 0.2939132820211368
9 236.0 0.0 -1.0 -1.0 -1.0 0.0 0.3389155449483504 0.33820955107349304 0.32287490397815644
9 237.0 0.0 -1.0 -1.0 -1.0 0.0 0.3191625630470717 0.34623833443633223 0.33459910251659586
9 238.0 0.0 -1.0 -1.0 -1.0 0.0 0.31063568474110714 0.33176806639850576 0.35759624886038677
9 239.0 0.0 -1.0 -1.0 -1.0 0.0 0.27352050936714056 0.34586237405427656 0.3806171165785829
9 240.0 0.0 -1.0 -1.0 -1.0 0.0 0.3049278002327356 0.33955468680839634 0.3555175129588681
9 241.0 0.0 -1.0 -1.0 -1.0 0.0 0.30873151923744535 0.3414895309773961 0.3497789497851587
9 242.0 0.0 -1.0 -1.0 -1.0 0.0 0.30232428545748874 0.36008498208698214 0.33759073245552934
9 243.0 0.0 -1.0 -1.0 -1.0 0.0 0.28771299604643774 0.3752972142646273 0.336989789688935
9 244.0 0.0 -1.0 -1.0 -1.0 0.0 0.30930586940607696 0.36058493298681427 0.3301091976071086
9 245.0 0.0 -1.0 -1.0 -1.0 0.0 0.3123506211359859 0.34863050689433417 0.3390188719696799
9 246.0 0.0 -1.0 -1.0 -1.0 0.0 0.32306851405044773 0.3246098403487019 0.3523216456008504
9 247.0 0.0 -1.0 -1.0 -1.0 0.0 0.3395533645115193 0.3307186985517367 0.3297279369367441
9 248.0 0.0 -1.0 -1.0 -1.0 0.0 0.3393132987764663 0.32027959771174414 0.34040710351178965
9 249.0 0.0 -1.0 -1.0 -1.0 0.0 0.3718930985392162 0.301418413957296 0.3266884875034879
9 250.0 0.0 -1.0 -1.0 -1.0 0.0 0.31922115300872794 0.3104516838884415 0.37032716310283076
9 251.0 0.0 -1.0 -1.0 -1.0 0.0 0.31861565735868913 0.31208618663114246 0.3692981560101684
9 252.0 0.0 -1.0 -1.0 -1.0 0.0 0.3233469245390295 0.3197294222815782 0.35692365317939223
9 253.0 0.0 -1.0 -1.0 -1.0 0.0 0.32666923034185347 0.3239308336772166 0.34939993598092994
9 254.0 0.0 -1.0 -1.0 -1.0 0.0 0.3262944947173812 0.31680585089309515 0.3568996543895235
9 255.0 0.0 -1.0 -1.0 -1.0 0.0 0.3341826120041615 0.2994114449368139 0.366405943059025
9 256.0 0.0 -1.0 -1.0 -1.0 0.0 0.33237118770890595 0.3091245798819922 0.3585042324091017
9 257.0 0.0 -1.0 -1.0 -1.0 0.0 0.34825615073421573 0.3110585132204331 0.3406853360453513
9 258.0 0.0 -1.0 -1.0 -1.0 0.0 0.33897056057275143 0.33951635074622893 0.32151308868101985
9 259.0 0.0 -1.0 -1.0 -1.0 0.0 0.32925236473284936 0.3413010946552084 0.32944654061194245
9 260.0 0.0 -1.0 -1.0 -1.0 0.0 0.3268778793332897 0.333129726410018 0.3399923942566925
9 261.0 0.0 -1.0 -1.0 -1.0 0.0 0.3135454189264429 0.3332016738159565 0.3532529072576004
9 262.0 0.0 -1.0 -1.0 -1.0 0.0 0.32383187116073886 0.346616982878685 0.3295511459605762
9 263.0 0.0 -1.0 -1.0 -1.0 0.0 0.35051768652079607 0.29983373260107926 0.3496485808781246
9 264.0 0.0 -1.0 -1.0 -1.0 0.0 0.3490028565079432 0.31511470895559274 0.33588243453646394
9 265.0 0.0 -1.0 -1.0 -1.0 0.0 0.3359434435257223 0.327164043101681 0.3368925133725966
9 266.0 0.0 -1.0 -1.0 -1.0 0.0 0.3113282658016087 0.35573472984514737 0.33293700435324375
9 267.0 0.0 -1.0 -1.0 -1.0 0.0 0.3434252161887066 0.3449048569556213 0.3116699268556723
9 268.0 0.0 -1.0 -1.0 -1.0 0.0 0.3154722331911004 0.34586876335782035 0.3386590034510791
9 269.0 0.0 -1.0 -1.0 -1.0 0.0 0.3020398499360409 0.3430973760536425 0.3548627740103166
9 270.0 0.0 -1.0 -1.0 -1.0 0.0 0.3043123836024249 0.30820414848723027 0.3874834679103447
9 271.0 0.0 -1.0 -1.0 -1.0 0.0 0.2853864972794361 0.29271423862745355 0.42189926409311007
9 272.0 0.0 -1.0 -1.0 -1.0 0.0 0.30156319465390485 0.29684899130392794 0.4015878140421671
9 273.0 0.0 -1.0 -1.0 -1.0 0.0 0.32159236010971426 0.28368004949301734 0.39472759039726824
9 274.0 0.0 -1.0 -1.0 -1.0 0.0 0.3268328290954286 0.2591293036739795 0.4140378672305918
9 275.0 0.0 -1.0 -1.0 -1.0 0.0 0.33462842961351247 0.25389261702305127 0.4114789533634364
9 276.0 0.0 -1.0 -1.0 -1.0 0.0 0.3337946167003174 0.2614048452963743 0.40480053800330834
9 277.0 0.0 -1.0 -1.0 -1.0 0.0 0.33783325797088004 0.2745427949591623 0.38762394706995784
9 278.0 0.0 -1.0 -1.0 -1.0 0.0 0.34176040988583606 0.30806736783206906 0.3501722222820946
9 279.0 0.0 -1.0 -1.0 -1.0 0.0 0.35314839292352473 0.32351213877421586 0.3233394683022592
9 280.0 0.0 -1.0 -1.0 -1.0 0.0 0.3640449487598789 0.31870696347427946 0.31724808776584157
9 281.0 0.0 -1.0 -1.0 -1.0 0.0 0.34840573733278696 0.3121364034331118 0.33945785923410143
9 282.0 0.0 -1.0 -1.0 -1.0 0.0 0.3206427189150907 0.3227622972309504 0.35659498385395877
9 283.0 0.0 -1.0 -1.0 -1.0 0.0 0.32755786725663233 0.30971489922972234 0.3627272335136453
9 284.0 0.0 -1.0 -1.0 -1.0 0.0 0.3575803961970264 0.2923211938655448 0.3500984099374289
9 285.0 0.0 -1.0 -1.0 -1.0 0.0 0.3343276074154797 0.2955400111120058 0.3701323814725145
9 286.0 0.0 -1.0 -1.0 -1.0 0.0 0.3312104733717358 0.3243082182643407 0.34448130836392343
9 287.0 0.0 -1.0 -1.0 -1.0 0.0 0.3036010356977824 0.32196605118307375 0.37443291311914384
9 288.0 0.0 -1.0 -1.0 -1.0 0.0 0.3389195459483726 0.3111349770108081 0.3499454770408191
9 289.0 0.0 -1.0 -1.0 -1.0 0.0 0.3407014711934643 0.31274010050076295 0.34655842830577266
9 290.0 0.0 -1.0 -1.0 -1.0 0.0 0.32442971231516887 0.33112776794569243 0.3444425197391387
9 291.0 0.0 -1.0 -1.0 -1.0 0.0 0.32050095005314994 0.33834552014140296 0.341153529805447
9 292.0 0.0 -1.0 -1.0 -1.0 0.0 0.32960994393141196 0.33038298820023326 0.3400070678683545
9 293.0 0.0 -1.0 -1.0 -1.0 0.0 0.3308282129818309 0.3413571827374769 0.32781460428069215
9 294.0 0.0 -1.0 -1.0 -1.0 0.0 0.3361253937261484 0.33239157671092256 0.3314830295629291
9 295.0 0.0 -1.0 -1.0 -1.0 0.0 0.34373387551443796 0.3244230008752089 0.33184312361035295
9 296.0 0.0 -1.0 -1.0 -1.0 0.0 0.32153947858343207 0.3417868198394362 0.3366737015771315
9 297.0 0.0 -1.0 -1.0 -1.0 0.0 0.33641533237223853 0.3385854946210769 0.32499917300668474
9 298.0 0.0 -1.0 -1.0 -1.0 0.0 0.3262436642109894 0.3576094846051201 0.31614685118389035
9 299.0 0.0 -1.0 -1.0 -1.0 0.0 0.34715296547430774 0.3477844258452517 0.30506260868044055
9 300.0 0.0 -1.0 -1.0 -1.0 0.0 0.35142441495519394 0.325879011946059 0.3226965730987475
9 301.0 0.0 -1.0 -1.0 -1.0 0.0 0.3392007733612109 0.3362540960124127 0.32454513062637635
9 302.0 0.0 -1.0 -1.0 -1.0 0.0 0.3422964509100075 0.3215005308861096 0.3362030182038829
9 303.0 0.0 -1.0 -1.0 -1.0 0.0 0.35054331947905004 0.3229296026540117 0.3265270778669386
9 304.0 0.0 -1.0 -1.0 -1.0 0.0 0.34317202166688565 0.3353440044287781 0.3214839739043363
9 305.0 0.0 -1.0 -1.0 -1.0 0.0 0.3350507509822848 0.33210860864169106 0.3328406403760238
9 306.0 0.0 -1.0 -1.0 -1.0 0.0 0.35071212763843573 0.32026010956740186 0.3290277627941622
9 307.0 0.0 -1.0 -1.0 -1.0 0.0 0.3515430705833771 0.32297979974298596 0.32547712967363684
9 308.0 0.0 -1.0 -1.0 -1.0 0.0 0.3339256280587301 0.3311706468907043 0.33490372505056565
9 309.0 0.0 -1.0 -1.0 -1.0 0.0 0.3454518405465216 0.324214312644835 0.3303338468086436
9 310.0 0.0 -1.0 -1.0 -1.0 0.0 0.33142540524704844 0.33104640626597015 0.33752818848698124
9 311.0 0.0 -1.0 -1.0 -1.0 0.0 0.3418499170727781 0.31525729472300873 0.3428927882042132
9 312.0 0.0 -1.0 -1.0 -1.0 0.0 0.34699832044349144 0.32153820385028253 0.33146347570622603
9 313.0 0.0 -1.0 -1.0 -1.0 0.0 0.32861257114864484 0.3244902913190221 0.3468971375323332
9 314.0 0.0 -1.0 -1.0 -1.0 0.0 0.3588026264615469 0.313184941305511 0.3280124322329423
9 315.0 0.0 -1.0 -1.0 -1.0 0.0 0.3340130063394264 0.3373401846218049 0.32864680903876875
9 316.0 0.0 -1.0 -1.0 -1.0 0.0 0.3194168384129386 0.3257326729124976 0.35485048867456376
9 317.0 0.0 -1.0 -1.0 -1.0 0.0 0.31962724488337785 0.335786709313819 0.34458604580280294
9 318.0 0.0 -1.0 -1.0 -1.0 0.0 0.29583429325996435 0.38047423845116835 0.3236914682888672
9 319.0 0.0 -1.0 -1.0 -1.0 0.0 0.3097269924125048 0.3685618469024282 0.32171116068506683
9 320.0 0.0 -1.0 -1.0 -1.0 0.0 0.30307232181954313 0.34552909807771925 0.3513985801027375
9 321.0 0.0 -1.0 -1.0 -1.0 0.0 0.3030664220366973 0.3476201896260612 0.34931338833724135
9 322.0 0.0 -1.0 -1.0 -1.0 0.0 0.3019336270563241 0.34431265195643573 0.35375372098723995
9 323.0 0.0 -1.0 -1.0 -1.0 0.0 0.362353497325495 0.28487278058984505 0.35277372208465996
9 324.0 0.0 -1.0 -1.0 -1.0 0.0 0.3460174098907595 0.30910869534091673 0.34487389476832375
9 325.0 0.0 -1.0 -1.0 -1.0 0.0 0.34410292016566174 0.3089224586367099 0.34697462119762845
9 326.0 0.0 -1.0 -1.0 -1.0 0.0 0.3510039854512581 0.3128620012125167 0.33613401333622517
9 327.0 0.0 -1.0 -1.0 -1.0 0.0 0.360485661970791 0.3154974020432041 0.3240169359860048
9 328.0 0.0 -1.0 -1.0 -1.0 0.0 0.35698843117741647 0.3057156203235175 0.33729594849906613
9 329.0 0.0 -1.0 -1.0 -1.0 0.0 0.3595244214993702 0.3063769521224972 0.3340986263781327
9 330.0 0.0 -1.0 -1.0 -1.0 0.0 0.35909814963106185 0.293667043074073 0.3472348072948651
9 331.0 0.0 -1.0 -1.0 -1.0 0.0 0.3603221378674947 0.2924424666472126 0.347235395485293
9 332.0 0.0 -1.0 -1.0 -1.0 0.0 0.3334086707985227 0.30945941614821776 0.35713191305325975
9 333.0 0.0 -1.0 -1.0 -1.0 0.0 0.34120626339673416 0.3154876086419667 0.34330612796129933
9 334.0 0.0 -1.0 -1.0 -1.0 0.0 0.3364649496914541 0.3112166041819495 0.3523184461265966
9 335.0 0.0 -1.0 -1.0 -1.0 0.0 0.3312022721631487 0.30388202233064493 0.3649157055062063
9 336.0 0.0 -1.0 -1.0 -1.0 0.0 0.3440452487652804 0.2952014156675362 0.36075333556718353
9 337.0 0.0 -1.0 -1.0 -1.0 0.0 0.3524117404327713 0.2939461599417161 0.35364209962551263
9 338.0 0.0 -1.0 -1.0 -1.0 0.0 0.39659264157126606 0.2892235654424549 0.31418379298627885
9 339.0 0.0 -1.0 -1.0 -1.0 0.0 0.36312320750730664 0.3047480745789458 0.33212871791374765
9 340.0 0.0 -1.0 -1.0 -1.0 0.0 0.36272859661974927 0.3089487548796486 0.3283226485006022
9 341.0 0.0 -1.0 -1.0 -1.0 0.0 0.364093431870677 0.31467432462597406 0.321232243503349
9 342.0 0.0 -1.0 -1.0 -1.0 0.0 0.3707436267895817 0.34236885770195125 0.2868875155084669
9 343.0 0.0 -1.0 -1.0 -1.0 0.0 0.3508142550276323 0.35267898674643533 0.2965067582259324
9 344.0 0.0 -1.0 -1.0 -1.0 0.0 0.3466241611988178 0.3470010204955086 0.30637481830567365
9 345.0 0.0 -1.0 -1.0 -1.0 0.0 0.36788357893373413 0.3264339887577193 0.30568243230854664
9 346.0 0.0 -1.0 -1.0 -1.0 0.0 0.37086170201085983 0.30810434537181786 0.32103395261732237
9 347.0 0.0 -1.0 -1.0 -1.0 0.0 0.3484384136343882 0.3221386237600779 0.3294229626055338
9 348.0 0.0 -1.0 -1.0 -1.0 0.0 0.3599143744499374 0.35717551216408433 0.28291011338597827
9 349.0 0.0 -1.0 -1.0 -1.0 0.0 0.34785289052339535 0.36746426620728406 0.28468284326932036
9 350.0 0.0 -1.0 -1.0 -1.0 0.0 0.3535208768501198 0.3665720802507302 0.27990704289914997
9 351.0 0.0 -1.0 -1.0 -1.0 0.0 0.3148389698456059 0.36576290437800724 0.31939812577638693
9 352.0 0.0 -1.0 -1.0 -1.0 0.0 0.32093960498433816 0.35790482488906583 0.321155570126596
9 353.0 0.0 -1.0 -1.0 -1.0 0.0 0.3219415448259889 0.34892930764059105 0.3291291475334203
9 354.0 0.0 -1.0 -1.0 -1.0 0.0 0.33442226348990917 0.31737125307598507 0.3482064834341058
9 355.0 0.0 -1.0 -1.0 -1.0 0.0 0.3298875812015035 0.32615657519476143 0.3439558436037348
9 356.0 0.0 -1.0 -1.0 -1.0 0.0 0.33054523857704743 0.3342456441802839 0.3352091172426686
9 357.0 0.0 -1.0 -1.0 -1.0 0.0 0.31708973015041825 0.3297438899641463 0.3531663798854354
9 358.0 0.0 -1.0 -1.0 -1.0 0.0 0.3200114422878891 0.31698628435079007 0.36300227336132096
9 359.0 0.0 -1.0 -1.0 -1.0 0.0 0.3194549011120126 0.34836049356817483 0.33218460531981253
9 360.0 0.0 -1.0 -1.0 -1.0 0.0 0.3284132276442066 0.3316667051923616 0.339920067163432
9 361.0 0.0 -1.0 -1.0 -1.0 0.0 0.35020295276164226 0.29665620023397304 0.353140847004385
9 362.0 0.0 -1.0 -1.0 -1.0 0.0 0.3468056828620623 0.3068265102493786 0.346367806888559
9 363.0 0.0 -1.0 -1.0 -1.0 0.0 0.31495381669810685 0.31525799527629883 0.3697881880255946
9 364.0 0.0 -1.0 -1.0 -1.0 0.0 0.3387662420642654 0.30397699660721006 0.35725676132852446
9 365.0 0.0 -1.0 -1.0 -1.0 0.0 0.34956035331466867 0.33078994897085245 0.31964969771447865
9 366.0 0.0 -1.0 -1.0 -1.0 0.0 0.36281602102641836 0.2948645823035618 0.34231939667002
9 367.0 0.0 -1.0 -1.0 -1.0 0.0 0.31866290894078636 0.32355764821015287 0.35777944284906094
9 368.0 0.0 -1.0 -1.0 -1.0 0.0 0.2886626812484125 0.34417396068587275 0.36716335806571476
9 369.0 0.0 -1.0 -1.0 -1.0 0.0 0.2999033422701538 0.38026456479118886 0.3198320929386572
9 370.0 0.0 -1.0 -1.0 -1.0 0.0 0.28424244337264054 0.3694566705511535 0.34630088607620607
9 371.0 0.0 -1.0 -1.0 -1.0 0.0 0.3233776929221136 0.34673704090581003 0.32988526617207653
9 372.0 0.0 -1.0 -1.0 -1.0 0.0 0.30792379965901384 0.32522255296806357 0.3668536473729226
9 373.0 0.0 -1.0 -1.0 -1.0 0.0 0.3253121553186487 0.3351833913104049 0.33950445337094665
9 374.0 0.0 -1.0 -1.0 -1.0 0.0 0.32273908810137136 0.34257039017008045 0.334690521728548
9 375.0 0.0 -1.0 -1.0 -1.0 0.0 0.3088684486934768 0.3262143943401625 0.36491715696636057
9 376.0 0.0 -1.0 -1.0 -1.0 0.0 0.3114264843367722 0.3376297101864778 0.3509438054767501
9 377.0 0.0 -1.0 -1.0 -1.0 0.0 0.33563111046243393 0.35179601683466544 0.31257287270290046
9 378.0 0.0 -1.0 -1.0 -1.0 0.0 0.33756715322476544 0.3571433536608734 0.305289493114361
9 379.0 0.0 -1.0 -1.0 -1.0 0.0 0.35428728961960076 0.3673885896157849 0.27832412076461455
9 380.0 0.0 -1.0 -1.0 -1.0 0.0 0.3361426009973515 0.3610774399955823 0.30277995900706633
9 381.0 0.0 -1.0 -1.0 -1.0 0.0 0.3366378636499383 0.36094044313578844 0.3024216932142732
9 382.0 0.0 -1.0 -1.0 -1.0 0.0 0.3481240612441805 0.352047798167052 0.2998281405887675
9 383.0 0.0 -1.0 -1.0 -1.0 0.0 0.35334306493183637 0.31478231874544993 0.3318746163227136
9 384.0 0.0 -1.0 -1.0 -1.0 0.0 0.3348352928088915 0.3377564197925973 0.3274082873985112
9 385.0 0.0 -1.0 -1.0 -1.0 0.0 0.33241884156303597 0.3590166917841902 0.30856446665277404
9 386.0 0.0 -1.0 -1.0 -1.0 0.0 0.33967783444384314 0.34642657352442063 0.31389559203173606
9 387.0 0.0 -1.0 -1.0 -1.0 0.0 0.3725794712078356 0.3083774745351107 0.31904305425705387
9 388.0 0.0 -1.0 -1.0 -1.0 0.0 0.3822726013020755 0.3111607149567856 0.306566683741139
9 389.0 0.0 -1.0 -1.0 -1.0 0.0 0.37831798285872636 0.3269817524330563 0.2947002647082172
9 390.0 0.0 -1.0 -1.0 -1.0 0.0 0.391058154048418 0.3339617008566597 0.2749801450949223
9 391.0 0.0 -1.0 -1.0 -1.0 0.0 0.3894327602753892 0.34276963044702086 0.26779760927759017
9 392.0 0.0 -1.0 -1.0 -1.0 0.0 0.38491446644175115 0.30584296249493786 0.3092425710633109
9 393.0 0.0 -1.0 -1.0 -1.0 0.0 0.371989097035916 0.2985293425963195 0.32948156036776466
9 394.0 0.0 -1.0 -1.0 -1.0 0.0 0.3593390761277528 0.3334716055997631 0.30718931827248414
9 395.0 0.0 -1.0 -1.0 -1.0 0.0 0.3634719754115263 0.3350855449582837 0.3014424796301898
9 396.0 0.0 -1.0 -1.0 -1.0 0.0 0.36130864935156054 0.3167681964306902 0.3219231542177493
9 397.0 0.0 -1.0 -1.0 -1.0 0.0 0.3464983409608483 0.3214283733414465 0.33207328569770506
9 398.0 0.0 -1.0 -1.0 -1.0 0.0 0.34575959961694436 0.32537169906179736 0.3288687013212582
9 399.0 0.0 -1.0 -1.0 -1.0 0.0 0.3336819656677347 0.3167098011548909 0.3496082331773742
9 400.0 0.0 -1.0 -1.0 -1.0 0.0 0.33180484097289875 0.30751468856933867 0.36068047045776264
9 401.0 0.0 -1.0 -1.0 -1.0 0.0 0.3632867418516885 0.28851489308378914 0.34819836506452245
9 402.0 0.0 -1.0 -1.0 -1.0 0.0 0.3524206323527273 0.30163194198872606 0.34594742565854675
9 403.0 0.0 -1.0 -1.0 -1.0 0.0 0.3692824407203713 0.2825955692403502 0.34812199003927846
9 404.0 0.0 -1.0 -1.0 -1.0 0.0 0.3595404065696868 0.3161200210867758 0.3243395723435372
9 405.0 0.0 -1.0 -1.0 -1.0 0.0 0.3388019834531138 0.3489074010331834 0.31229061551370263
9 406.0 0.0 -1.0 -1.0 -1.0 0.0 0.35541972126302007 0.3504839139394458 0.29409636479753404
9 407.0 0.0 -1.0 -1.0 -1.0 0.0 0.39264544217242003 0.3156492326827132 0.29170532514486686
9 408.0 0.0 -1.0 -1.0 -1.0 0.0 0.3760932787474837 0.3426597090576584 0.28124701219485787
9 409.0 0.0 -1.0 -1.0 -1.0 0.0 0.37246356764439276 0.354253666592803 0.27328276576280425
9 410.0 0.0 -1.0 -1.0 -1.0 0.0 0.3726084953946437 0.3454935108383903 0.281897993766966
9 411.0 0.0 -1.0 -1.0 -1.0 0.0 0.37851475026527465 0.3385851251171153 0.2829001246176101
9 412.0 0.0 -1.0 -1.0 -1.0 0.0 0.3522356536527663 0.3317642689961652 0.3160000773510684
9 413.0 0.0 -1.0 -1.0 -1.0 0.0 0.3385944787823181 0.3166926647866328 0.34471285643104904
9 414.0 0.0 -1.0 -1.0 -1.0 0.0 0.3447198508590413 0.30442708560790854 0.35085306353304985
9 415.0 0.0 -1.0 -1.0 -1.0 0.0 0.3484707079693283 0.2758963888032841 0.3756329032273877
9 416.0 0.0 -1.0 -1.0 -1.0 0.0 0.3130915010743791 0.29067825535737285 0.39623024356824815
9 417.0 0.0 -1.0 -1.0 -1.0 0.0 0.31479065905129183 0.31250889844611573 0.37270044250259227
9 418.0 0.0 -1.0 -1.0 -1.0 0.0 0.3341907779909124 0.3122423368942045 0.35356688511488327
9 419.0 0.0 -1.0 -1.0 -1.0 0.0 0.343465542308862 0.28997240557266335 0.3665620521184747
9 420.0 0.0 -1.0 -1.0 -1.0 0.0 0.38348125196469107 0.2785775316421945 0.3379412163931146
9 421.0 0.0 -1.0 -1.0 -1.0 0.0 0.37294819359061426 0.3106040650965842 0.31644774131280146
9 422.0 0.0 -1.0 -1.0 -1.0 0.0 0.359243914550873 0.32003458053536576 0.3207215049137613
9 423.0 0.0 -1.0 -1.0 -1.0 0.0 0.3588219322065848 0.3399774868062142 0.3012005809872011
9 424.0 0.0 -1.0 -1.0 -1.0 0.0 0.3464277369072326 0.35038215947834267 0.3031901036144249
9 425.0 0.0 -1.0 -1.0 -1.0 0.0 0.3633262541660563 0.3573589098454086 0.2793148359885354
9 426.0 0.0 -1.0 -1.0 -1.0 0.0 0.3473293172285852 0.3709751999016555 0.28169548286975904
9 427.0 0.0 -1.0 -1.0 -1.0 0.0 0.3591958977680831 0.36064430641390594 0.28015979581801104
9 428.0 0.0 -1.0 -1.0 -1.0 0.0 0.3599599570829042 0.35983392606682735 0.2802061168502687
9 429.0 0.0 -1.0 -1.0 -1.0 0.0 0.3665971351200568 0.3168996725056051 0.3165031923743383
9 430.0 0.0 -1.0 -1.0 -1.0 0.0 0.3604395433963565 0.31522407382314954 0.3243363827804938
9 431.0 0.0 -1.0 -1.0 -1.0 0.0 0.37712717110722754 0.31069010582852746 0.31218272306424494
9 432.0 0.0 -1.0 -1.0 -1.0 0.0 0.36170090032183444 0.3117545880670395 0.32654451161112624
9 433.0 0.0 -1.0 -1.0 -1.0 0.0 0.35714576643358387 0.33156536711955636 0.31128886644685977
9 434.0 0.0 -1.0 -1.0 -1.0 0.0 0.34595218529404875 0.3322181131016599 0.3218297016042912
9 435.0 0.0 -1.0 -1.0 -1.0 0.0 0.32562585920504006 0.34779154877577945 0.32658259201918066
9 436.0 0.0 -1.0 -1.0 -1.0 0.0 0.334394996805158 0.35461434067598907 0.3109906625188529
9 437.0 0.0 -1.0 -1.0 -1.0 0.0 0.3530676360204917 0.34739823860705477 0.29953412537245344
9 438.0 0.0 -1.0 -1.0 -1.0 0.0 0.35395876033054996 0.33986637184517166 0.30617486782427844
9 439.0 0.0 -1.0 -1.0 -1.0 0.0 0.3373773322223924 0.35503349447362076 0.307589173303987
9 440.0 0.0 -1.0 -1.0 -1.0 0.0 0.3306155929116786 0.35595300663060037 0.31343140045772083
9 441.0 0.0 -1.0 -1.0 -1.0 0.0 0.3426928850428862 0.3571148178069017 0.3001922971502121
9 442.0 0.0 -1.0 -1.0 -1.0 0.0 0.34618757151990814 0.34712138386599894 0.30669104461409297
9 443.0 0.0 -1.0 -1.0 -1.0 0.0 0.3312850353310648 0.35167234724865076 0.31704261742028444
9 444.0 0.0 -1.0 -1.0 -1.0 0.0 0.3276904406309282 0.3440528010661364 0.3282567583029355
9 445.0 0.0 -1.0 -1.0 -1.0 0.0 0.3738960061918032 0.32403406332446905 0.3020699304837277
9 446.0 0.0 -1.0 -1.0 -1.0 0.0 0.3794385239397861 0.31257880013415706 0.3079826759260568
9 447.0 0.0 -1.0 -1.0 -1.0 0.0 0.3589765513979322 0.31795280835088285 0.32307064025118487
9 448.0 0.0 -1.0 -1.0 -1.0 0.0 0.33030679305373384 0.33629767182365666 0.3333955351226093
9 449.0 0.0 -1.0 -1.0 -1.0 0.0 0.3499663736568872 0.32494215039350777 0.32509147594960525
9 450.0 0.0 -1.0 -1.0 -1.0 0.0 0.34462892242651577 0.30830792809231333 0.34706314948117095
9 451.0 0.0 -1.0 -1.0 -1.0 0.0 0.3365525635498078 0.32156728833727877 0.3418801481129137
9 452.0 0.0 -1.0 -1.0 -1.0 0.0 0.31016839395126744 0.33711153296356067 0.3527200730851717
9 453.0 0.0 -1.0 -1.0 -1.0 0.0 0.3164148354290501 0.3257227243355966 0.35786244023535374
9 454.0 0.0 -1.0 -1.0 -1.0 0.0 0.36082710498928855 0.28729626925668933 0.35187662575402195
9 455.0 0.0 -1.0 -1.0 -1.0 0.0 0.33346096999268865 0.3138147699171663 0.35272426009014496
9 456.0 0.0 -1.0 -1.0 -1.0 0.0 0.3213335739698486 0.32772614149183 0.3509402845383214
9 457.0 0.0 -1.0 -1.0 -1.0 0.0 0.31143208939773687 0.32545247503547486 0.36311543556678827
9 458.0 0.0 -1.0 -1.0 -1.0 0.0 0.3228799566283517 0.32623529798022943 0.35088474539141873
9 459.0 0.0 -1.0 -1.0 -1.0 0.0 0.34321509249182547 0.31579823661842626 0.34098667088974827
9 460.0 0.0 -1.0 -1.0 -1.0 0.0 0.33893647568841395 0.3487025440459835 0.3123609802656028
9 461.0 0.0 -1.0 -1.0 -1.0 0.0 0.333042966786097 0.33277568384215495 0.3341813493717479
9 462.0 0.0 -1.0 -1.0 -1.0 0.0 0.34708975642672985 0.32600687972718634 0.3269033638460839
9 463.0 0.0 -1.0 -1.0 -1.0 0.0 0.368547493704955 0.3149131365531643 0.31653936974188057
9 464.0 0.0 -1.0 -1.0 -1.0 0.0 0.3504093621677672 0.31363334983112756 0.3359572880011053
9 465.0 0.0 -1.0 -1.0 -1.0 0.0 0.35139252725418446 0.30362896345968865 0.34497850928612744
9 466.0 0.0 -1.0 -1.0 -1.0 0.0 0.35078740343518583 0.3114074935747513 0.33780510299006317
9 467.0 0.0 -1.0 -1.0 -1.0 0.0 0.35204052244977385 0.3062352700569224 0.3417242074933038
9 468.0 0.0 -1.0 -1.0 -1.0 0.0 0.35780203658155246 0.31129935921627583 0.3308986042021717
9 469.0 0.0 -1.0 -1.0 -1.0 0.0 0.34659647359414947 0.32029751250666977 0.33310601389918054
9 470.0 0.0 -1.0 -1.0 -1.0 0.0 0.3525407618529771 0.3313671552278106 0.3160920829192124
9 471.0 0.0 -1.0 -1.0 -1.0 0.0 0.33260443478018603 0.3435415284832202 0.32385403673659346
9 472.0 0.0 -1.0 -1.0 -1.0 0.0 0.32176214639915424 0.3449341023326122 0.3333037512682339
9 473.0 0.0 -1.0 -1.0 -1.0 0.0 0.34017696608529746 0.3385237648089335 0.32129926910576906
9 474.0 0.0 -1.0 -1.0 -1.0 0.0 0.32992188764770725 0.3365585062530496 0.333519606099243
9 475.0 0.0 -1.0 -1.0 -1.0 0.0 0.3479161001266903 0.3189996562618671 0.3330842436114424
9 476.0 0.0 -1.0 -1.0 -1.0 0.0 0.33898012662082216 0.31594403101112734 0.3450758423680506
9 477.0 0.0 -1.0 -1.0 -1.0 0.0 0.33453067170471984 0.3413110148383642 0.3241583134569159
9 478.0 0.0 -1.0 -1.0 -1.0 0.0 0.33554044663102855 0.37153702271060235 0.29292253065836893
9 479.0 0.0 -1.0 -1.0 -1.0 0.0 0.37431605851097716 0.357177333054452 0.26850660843457086
9 480.0 0.0 -1.0 -1.0 -1.0 0.0 0.3810049726244486 0.33209596020216653 0.28689906717338487
9 481.0 0.0 -1.0 -1.0 -1.0 0.0 0.33887702487302507 0.3365218330354589 0.32460114209151586
9 482.0 0.0 -1.0 -1.0 -1.0 0.0 0.3499708965395012 0.3339936349817096 0.3160354684787893
9 483.0 0.0 -1.0 -1.0 -1.0 0.0 0.34709635306254705 0.3250698033468528 0.3278338435906004
9 484.0 0.0 -1.0 -1.0 -1.0 0.0 0.359175063466372 0.3169593879676411 0.3238655485659871
9 485.0 0.0 -1.0 -1.0 -1.0 0.0 0.3616864488611393 0.3237521741251175 0.31456137701374337
9 486.0 0.0 -1.0 -1.0 -1.0 0.0 0.3635244372185547 0.3161700581043446 0.3203055046771005
9 487.0 0.0 -1.0 -1.0 -1.0 0.0 0.3217862692902829 0.3381218584846406 0.34009187222507614
9 488.0 0.0 -1.0 -1.0 -1.0 0.0 0.34359614463339333 0.30712949646814247 0.3492743588984644
9 489.0 0.0 -1.0 -1.0 -1.0 0.0 0.321165371154664 0.3265247227107244 0.3523099061346114
9 490.0 0.0 -1.0 -1.0 -1.0 0.0 0.3430226712226986 0.3107462028185502 0.34623112595875116
9 491.0 0.0 -1.0 -1.0 -1.0 0.0 0.3565357750413488 0.3078077833581324 0.33565644160051883
9 492.0 0.0 -1.0 -1.0 -1.0 0.0 0.3496795771373354 0.289567894303118 0.36075252855954676
9 493.0 0.0 -1.0 -1.0 -1.0 0.0 0.3711339604208135 0.29463315817811997 0.33423288140106633
9 494.0 0.0 -1.0 -1.0 -1.0 0.0 0.35294876879737536 0.3026228938633328 0.3444283373392922
9 495.0 0.0 -1.0 -1.0 -1.0 0.0 0.32088987831176147 0.31320693243762293 0.36590318925061555
9 496.0 0.0 -1.0 -1.0 -1.0 0.0 0.329150949477632 0.3170498654072593 0.3537991851151085
9 497.0 0.0 -1.0 -1.0 -1.0 0.0 0.3681119899333566 0.31140389826193354 0.3204841118047099
9 498.0 0.0 -1.0 -1.0 -1.0 0.0 0.3444394757932323 0.3210696616322772 0.3344908625744905
9 499.0 0.0 -1.0 -1.0 -1.0 0.0 0.34649045041170223 0.34588855915177086 0.30762099043652724
9 500.0 0.0 -1.0 -1.0 -1.0 0.0 0.3393507209819359 0.3526848349581087 0.3079644440599552
9 501.0 0.0 -1.0 -1.0 -1.0 0.0 0.34520447098635754 0.34096394422533827 0.31383158478830425
9 502.0 0.0 -1.0 -1.0 -1.0 0.0 0.35446659876051356 0.3278019131619224 0.31773148807756385
9 503.0 0.0 -1.0 -1.0 -1.0 0.0 0.3538802014121159 0.3331394473123401 0.3129803512755442
9 504.0 0.0 -1.0 -1.0 -1.0 0.0 0.34532370034534454 0.3302159399570813 0.324460359697574
9 505.0 0.0 -1.0 -1.0 -1.0 0.0 0.3472351646254373 0.33850451508506363 0.31426032028949896
9 506.0 0.0 -1.0 -1.0 -1.0 0.0 0.34954386582774427 0.3336801567161933 0.3167759774560626
9 507.0 0.0 -1.0 -1.0 -1.0 0.0 0.3508955018885231 0.3373203330726661 0.3117841650388108
9 508.0 0.0 -1.0 -1.0 -1.0 0.0 0.3563827914768163 0.33109744812427494 0.31251976039890883
9 509.0 0.0 -1.0 -1.0 -1.0 0.0 0.32771028578902517 0.33536999577597887 0.33691971843499596
9 510.0 0.0 -1.0 -1.0 -1.0 0.0 0.3130011577781973 0.32691096242453027 0.3600878797972725
9 511.0 0.0 -1.0 -1.0 -1.0 0.0 0.3027689253994292 0.3561887188788458 0.34104235572172475
9 512.0 0.0 -1.0 -1.0 -1.0 0.0 0.3168517544544784 0.34046865267672094 0.34267959286880073
9 513.0 0.0 -1.0 -1.0 -1.0 0.0 0.28450672629754836 0.3660455297050112 0.3494477439974404
9 514.0 0.0 -1.0 -1.0 -1.0 0.0 0.2798694341894389 0.371527582394994 0.3486029834155671
9 515.0 0.0 -1.0 -1.0 -1.0 0.0 0.30680700034811 0.3607517887581659 0.3324412108937242
9 516.0 0.0 -1.0 -1.0 -1.0 0.0 0.32333416107332186 0.3515949143107193 0.3250709246159588
9 517.0 0.0 -1.0 -1.0 -1.0 0.0 0.31450865614980555 0.35354089090685975 0.3319504529433346
9 518.0 0.0 -1.0 -1.0 -1.0 0.0 0.35853807403238336 0.33830662181077253 0.3031553041568442
9 519.0 0.0 -1.0 -1.0 -1.0 0.0 0.36009723822785306 0.30600670769623195 0.33389605407591477
9 520.0 0.0 -1.0 -1.0 -1.0 0.0 0.3477784588904946 0.2868077226639252 0.36541381844558024
9 521.0 0.0 -1.0 -1.0 -1.0 0.0 0.3528111807818589 0.3060140954937193 0.3411747237244218
9 522.0 0.0 -1.0 -1.0 -1.0 0.0 0.333582546502499 0.34150700727566685 0.32491044622183424
9 523.0 0.0 -1.0 -1.0 -1.0 0.0 0.34009750786882864 0.3583732961954943 0.3015291959356771
9 524.0 0.0 -1.0 -1.0 -1.0 0.0 0.3625059892407356 0.35993786082317397 0.27755614993609024
9 525.0 0.0 -1.0 -1.0 -1.0 0.0 0.3480126341619987 0.3401772822158615 0.3118100836221396
9 526.0 0.0 -1.0 -1.0 -1.0 0.0 0.3453987203682595 0.35076190776744676 0.30383937186429355
9 527.0 0.0 -1.0 -1.0 -1.0 0.0 0.3425043768203221 0.32259211536146276 0.33490350781821543
9 528.0 0.0 -1.0 -1.0 -1.0 0.0 0.31516564921910506 0.33745532748966206 0.34737902329123294
9 529.0 0.0 -1.0 -1.0 -1.0 0.0 0.3342720535662792 0.3423512345973458 0.32337671183637506
9 530.0 0.0 -1.0 -1.0 -1.0 0.0 0.33200277133522765 0.34807614972095136 0.319921078943821
9 531.0 0.0 -1.0 -1.0 -1.0 0.0 0.3571075424798921 0.3393592121238908 0.30353324539621707
9 532.0 0.0 -1.0 -1.0 -1.0 0.0 0.351391349769821 0.317664560972848 0.33094408925733093
9 533.0 0.0 -1.0 -1.0 -1.0 0.0 0.35501223127362896 0.33143955569168504 0.3135482130346856
9 534.0 0.0 -1.0 -1.0 -1.0 0.0 0.3572500414909918 0.3214776415084904 0.3212723170005177
9 535.0 0.0 -1.0 -1.0 -1.0 0.0 0.3174847982503955 0.3495351305699716 0.33298007117963285
9 536.0 0.0 -1.0 -1.0 -1.0 0.0 0.32283699816366307 0.37312817444126745 0.3040348273950694
9 537.0 0.0 -1.0 -1.0 -1.0 0.0 0.32306670171928475 0.37223786754522925 0.30469543073548594
9 538.0 0.0 -1.0 -1.0 -1.0 0.0 0.3092502988514123 0.34804896676819475 0.34270073438039306
9 539.0 0.0 -1.0 -1.0 -1.0 0.0 0.3271349615209758 0.3541549560445567 0.3187100824344676
9 540.0 0.0 -1.0 -1.0 -1.0 0.0 0.3397975112685823 0.3485251292011967 0.31167735953022113
9 541.0 0.0 -1.0 -1.0 -1.0 0.0 0.31753795641149085 0.34311783087487463 0.33934421271363446
9 542.0 0.0 -1.0 -1.0 -1.0 0.0 0.32234902950478544 0.3445103179430392 0.3331406525521755
9 543.0 0.0 -1.0 -1.0 -1.0 0.0 0.3420419998484941 0.3411023702626498 0.3168556298888559
9 544.0 0.0 -1.0 -1.0 -1.0 0.0 0.3193138591348277 0.3574751981178493 0.32321094274732304
9 545.0 0.0 -1.0 -1.0 -1.0 0.0 0.3280227391974481 0.3581290115910656 0.3138482492114864
9 546.0 0.0 -1.0 -1.0 -1.0 0.0 0.316501088938471 0.3515082156502379 0.331990695411291
9 547.0 0.0 -1.0 -1.0 -1.0 0.0 0.31835585484753365 0.3346607678798687 0.34698337727259776
9 548.0 0.0 -1.0 -1.0 -1.0 0.0 0.2976388789903665 0.3533325221797904 0.349028598829843
9 549.0 0.0 -1.0 -1.0 -1.0 0.0 0.2861080232343831 0.38572287202048094 0.3281691047451357
9 550.0 0.0 -1.0 -1.0 -1.0 0.0 0.28991175973468997 0.37867100432794387 0.3314172359373662
9 551.0 0.0 -1.0 -1.0 -1.0 0.0 0.3140152459582461 0.36457833390534455 0.3214064201364095
9 552.0 0.0 -1.0 -1.0 -1.0 0.0 0.30523650682578635 0.3539390889696158 0.3408244042045978
9 553.0 0.0 -1.0 -1.0 -1.0 0.0 0.3194348691453661 0.3356556885732261 0.34490944228140774
9 554.0 0.0 -1.0 -1.0 -1.0 0.0 0.30517277320456165 0.3410026896266251 0.3538245371688131
9 555.0 0.0 -1.0 -1.0 -1.0 0.0 0.3250433302929834 0.3270559295213837 0.3479007401856331
9 556.0 0.0 -1.0 -1.0 -1.0 0.0 0.3462582723413001 0.3066789337648164 0.3470627938938835
9 557.0 0.0 -1.0 -1.0 -1.0 0.0 0.3516419435017085 0.32333586163861333 0.32502219485967815
9 558.0 0.0 -1.0 -1.0 -1.0 0.0 0.33720341367467394 0.3221863886969447 0.3406101976283813
9 559.0 0.0 -1.0 -1.0 -1.0 0.0 0.32483350467209854 0.3475838199036746 0.3275826754242267
9 560.0 0.0 -1.0 -1.0 -1.0 0.0 0.30460074319495645 0.3481088821084971 0.3472903746965462
9 561.0 0.0 -1.0 -1.0 -1.0 0.0 0.3081277861580405 0.3269084473787061 0.3649637664632532
9 562.0 0.0 -1.0 -1.0 -1.0 0.0 0.30472303809007695 0.33042952303489737 0.3648474388750258
9 563.0 0.0 -1.0 -1.0 -1.0 0.0 0.2957403398625447 0.3499432663735281 0.3543163937639274
9 564.0 0.0 -1.0 -1.0 -1.0 0.0 0.3148006141203759 0.3294571382457772 0.355742247633847
9 565.0 0.0 -1.0 -1.0 -1.0 0.0 0.31050785491352073 0.32647676944186266 0.3630153756446166
9 566.0 0.0 -1.0 -1.0 -1.0 0.0 0.33719067375963435 0.33000746110694074 0.3328018651334253
9 567.0 0.0 -1.0 -1.0 -1.0 0.0 0.3254496234840412 0.3205762382431901 0.3539741382727688
9 568.0 0.0 -1.0 -1.0 -1.0 0.0 0.33874994956818016 0.3283358080777214 0.3329142423540985
9 569.0 0.0 -1.0 -1.0 -1.0 0.0 0.31449826035881395 0.3555775072367303 0.3299242324044559
9 570.0 0.0 -1.0 -1.0 -1.0 0.0 0.3015363187778901 0.350540761588114 0.3479229196339962
9 571.0 0.0 -1.0 -1.0 -1.0 0.0 0.31408893370569757 0.3515427263714043 0.3343683399228982
9 572.0 0.0 -1.0 -1.0 -1.0 0.0 0.30535262938612745 0.33891617732927104 0.3557311932846017
9 573.0 0.0 -1.0 -1.0 -1.0 0.0 0.30652903979069557 0.3238894975402008 0.36958146266910363
9 574.0 0.0 -1.0 -1.0 -1.0 0.0 0.3295855324617855 0.31938600054846605 0.35102846698974843
9 575.0 0.0 -1.0 -1.0 -1.0 0.0 0.3209676061703244 0.3508935665252126 0.3281388273044628
9 576.0 0.0 -1.0 -1.0 -1.0 0.0 0.31389359768206876 0.35556378111141695 0.33054262120651445
9 577.0 0.0 -1.0 -1.0 -1.0 0.0 0.31371434842338924 0.3558107022601996 0.3304749493164112
9 578.0 0.0 -1.0 -1.0 -1.0 0.0 0.32657827089116276 0.3166137116690707 0.3568080174397666
9 579.0 0.0 -1.0 -1.0 -1.0 0.0 0.3300870478768825 0.30324916109795597 0.36666379102516183
9 580.0 0.0 -1.0 -1.0 -1.0 0.0 0.2844296758860166 0.3255370861984121 0.3900332379155713
9 581.0 0.0 -1.0 -1.0 -1.0 0.0 0.30001181002277055 0.3109810838544734 0.3890071061227562
9 582.0 0.0 -1.0 -1.0 -1.0 0.0 0.2746636599216848 0.34220018232822824 0.3831361577500871
9 583.0 0.0 -1.0 -1.0 -1.0 0.0 0.29188639123561144 0.3543390506710839 0.35377455809330466
9 584.0 0.0 -1.0 -1.0 -1.0 0.0 0.3113498460534282 0.34626796045382996 0.3423821934927419
9 585.0 0.0 -1.0 -1.0 -1.0 0.0 0.32049712176961564 0.34687282326705143 0.33263005496333314
9 586.0 0.0 -1.0 -1.0 -1.0 0.0 0.29223012214417493 0.37101474825877306 0.3367551295970521
9 587.0 0.0 -1.0 -1.0 -1.0 0.0 0.30597105904217065 0.34652364777607075 0.3475052931817584
9 588.0 0.0 -1.0 -1.0 -1.0 0.0 0.315399796675006 0.34808991316708365 0.3365102901579101
9 589.0 0.0 -1.0 -1.0 -1.0 0.0 0.3254196245726767 0.3607876918426748 0.3137926835846485
9 590.0 0.0 -1.0 -1.0 -1.0 0.0 0.35034055045870827 0.36036553224443163 0.2892939172968597
9 591.0 0.0 -1.0 -1.0 -1.0 0.0 0.346418065450806 0.3213915793140455 0.33219035523514856
9 592.0 0.0 -1.0 -1.0 -1.0 0.0 0.3404561819089509 0.32016855407616013 0.3393752640148889
9 593.0 0.0 -1.0 -1.0 -1.0 0.0 0.3240818471908204 0.3205612134954534 0.3553569393137262
9 594.0 0.0 -1.0 -1.0 -1.0 0.0 0.31809679628724835 0.3404286888019961 0.3414745149107556
9 595.0 0.0 -1.0 -1.0 -1.0 0.0 0.3309297946622685 0.34332400458889434 0.32574620074883726
9 596.0 0.0 -1.0 -1.0 -1.0 0.0 0.33357274597420605 0.3248862821873251 0.3415409718384687
9 597.0 0.0 -1.0 -1.0 -1.0 0.0 0.3477254545593724 0.3138973612796605 0.33837718416096707
9 598.0 0.0 -1.0 -1.0 -1.0 0.0 0.3491474799646177 0.29754378286613403 0.353308737169248
9 599.0 0.0 -1.0 -1.0 -1.0 0.0 0.33731250490325143 0.3062295284242246 0.35645796667252355
9 600.0 0.0 -1.0 -1.0 -1.0 0.0 0.3164620087219912 0.31165106297392486 0.37188692830408404
9 601.0 0.0 -1.0 -1.0 -1.0 0.0 0.30674597039082424 0.32572076893802937 0.3675332606711462
9 602.0 0.0 -1.0 -1.0 -1.0 0.0 0.31657764229098606 0.35958941409932627 0.3238329436096876
9 603.0 0.0 -1.0 -1.0 -1.0 0.0 0.3132804479784646 0.34669157841520554 0.3400279736063297
9 604.0 0.0 -1.0 -1.0 -1.0 0.0 0.3253885838433963 0.3358502752143853 0.3387611409422185
9 605.0 0.0 -1.0 -1.0 -1.0 0.0 0.34436033802812716 0.3403215929521143 0.3153180690197583
9 606.0 0.0 -1.0 -1.0 -1.0 0.0 0.3347948379002087 0.33749569441427396 0.3277094676855174
9 607.0 0.0 -1.0 -1.0 -1.0 0.0 0.32212071989287344 0.3464243022517661 0.3314549778553603
9 608.0 0.0 -1.0 -1.0 -1.0 0.0 0.3168506092799121 0.31907122246211966 0.3640781682579684
9 609.0 0.0 -1.0 -1.0 -1.0 0.0 0.3088680557864676 0.339954499470796 0.3511774447427365
9 610.0 0.0 -1.0 -1.0 -1.0 0.0 0.3297726103126432 0.3327557207079658 0.33747166897939096
9 611.0 0.0 -1.0 -1.0 -1.0 0.0 0.3182962349292084 0.33650472976911705 0.3451990353016746
9 612.0 0.0 -1.0 -1.0 -1.0 0.0 0.32766437560398065 0.3354161074806251 0.3369195169153945
9 613.0 0.0 -1.0 -1.0 -1.0 0.0 0.33259772233814133 0.3030164567232271 0.36438582093863175
9 614.0 0.0 -1.0 -1.0 -1.0 0.0 0.3535591374318992 0.2925172113176254 0.35392365125047553
9 615.0 0.0 -1.0 -1.0 -1.0 0.0 0.3449989038883634 0.2918416628020737 0.36315943330956296
9 616.0 0.0 -1.0 -1.0 -1.0 0.0 0.3294540896749721 0.31559725473285544 0.35494865559217226
9 617.0 0.0 -1.0 -1.0 -1.0 0.0 0.30927400952589124 0.3260817726582295 0.36464421781587913
9 618.0 0.0 -1.0 -1.0 -1.0 0.0 0.317673816052541 0.32004386440087357 0.36228231954658535
9 619.0 0.0 -1.0 -1.0 -1.0 0.0 0.32571288483858696 0.34153338746301465 0.3327537276983988
9 620.0 0.0 -1.0 -1.0 -1.0 0.0 0.34394428732528914 0.33540176320801784 0.3206539494666928
9 621.0 0.0 -1.0 -1.0 -1.0 0.0 0.33751468650518646 0.35383120000706086 0.30865411348775235
9 622.0 0.0 -1.0 -1.0 -1.0 0.0 0.33310610725404466 0.35774603470848954 0.3091478580374661
9 623.0 0.0 -1.0 -1.0 -1.0 0.0 0.3490804247266044 0.3684148923057581 0.2825046829676374
9 624.0 0.0 -1.0 -1.0 -1.0 0.0 0.3504223792483647 0.35488640618565553 0.2946912145659795
9 625.0 0.0 -1.0 -1.0 -1.0 0.0 0.353199489085129 0.35302854259257116 0.2937719683223
9 626.0 0.0 -1.0 -1.0 -1.0 0.0 0.37419975944452594 0.3453014640962136 0.2804987764592607
9 627.0 0.0 -1.0 -1.0 -1.0 0.0 0.3977201859077477 0.3225810222833868 0.2796987918088657
9 628.0 0.0 -1.0 -1.0 -1.0 0.0 0.4068270230855488 0.2987938728218313 0.2943791040926196
9 629.0 0.0 -1.0 -1.0 -1.0 0.0 0.35933008321600624 0.3173146966818178 0.32335522010217593
9 630.0 0.0 -1.0 -1.0 -1.0 0.0 0.3424983420926385 0.30510975674720325 0.3523919011601583
9 631.0 0.0 -1.0 -1.0 -1.0 0.0 0.35235384851092943 0.311512415207112 0.3361337362819585
9 632.0 0.0 -1.0 -1.0 -1.0 0.0 0.34967752424301607 0.3232835457003966 0.3270389300565872
9 633.0 0.0 -1.0 -1.0 -1.0 0.0 0.32121667296563344 0.34767216475570284 0.331111162278664
9 634.0 0.0 -1.0 -1.0 -1.0 0.0 0.32781094016889833 0.3181672802813705 0.3540217795497314
9 635.0 0.0 -1.0 -1.0 -1.0 0.0 0.3144490602415269 0.3303029303490911 0.3552480094093818
9 636.0 0.0 -1.0 -1.0 -1.0 0.0 0.32990217822765433 0.3438842814254698 0.3262135403468756
9 637.0 0.0 -1.0 -1.0 -1.0 0.0 0.32333779090124376 0.361018303849322 0.3156439052494344
9 638.0 0.0 -1.0 -1.0 -1.0 0.0 0.3313897647634784 0.35775214581065684 0.3108580894258648
9 639.0 0.0 -1.0 -1.0 -1.0 0.0 0.3246200682133057 0.3547222142045204 0.32065771758217393
9 640.0 0.0 -1.0 -1.0 -1.0 0.0 0.3193824535174032 0.3777463203508147 0.30287122613178213
9 641.0 0.0 -1.0 -1.0 -1.0 0.0 0.3311915689281984 0.34990292977244225 0.3189055012993593
9 642.0 0.0 -1.0 -1.0 -1.0 0.0 0.36088394582444006 0.32730201433561945 0.3118140398399401
9 643.0 0.0 -1.0 -1.0 -1.0 0.0 0.35193313823532163 0.33777145423092364 0.3102954075337548
9 644.0 0.0 -1.0 -1.0 -1.0 0.0 0.3537241002053025 0.34968095690215933 0.2965949428925382
9 645.0 0.0 -1.0 -1.0 -1.0 0.0 0.33250486613725655 0.37596810794960456 0.2915270259131388
9 646.0 0.0 -1.0 -1.0 -1.0 0.0 0.3366920347207326 0.38133843711846893 0.28196952816079834
9 647.0 0.0 -1.0 -1.0 -1.0 0.0 0.36993095175329577 0.3509520530973337 0.27911699514937033
9 648.0 0.0 -1.0 -1.0 -1.0 0.0 0.34740537883845973 0.32303070734614747 0.3295639138153926
9 649.0 0.0 -1.0 -1.0 -1.0 0.0 0.3294392579031365 0.31577214661397696 0.3547885954828868
9 650.0 0.0 -1.0 -1.0 -1.0 0.0 0.3028238500073691 0.35542542236422386 0.3417507276284069
9 651.0 0.0 -1.0 -1.0 -1.0 0.0 0.3109277501728169 0.3319615096747212 0.3571107401524622
9 652.0 0.0 -1.0 -1.0 -1.0 0.0 0.32811469455670966 0.340761993165785 0.33112331227750536
9 653.0 0.0 -1.0 -1.0 -1.0 0.0 0.351028345865662 0.30987400326729236 0.3390976508670458
9 654.0 0.0 -1.0 -1.0 -1.0 0.0 0.31434647469823074 0.3382391139934603 0.34741441130830886
9 655.0 0.0 -1.0 -1.0 -1.0 0.0 0.33249902668362485 0.3040016241622828 0.36349934915409216
9 656.0 0.0 -1.0 -1.0 -1.0 0.0 0.3265309610773901 0.2904474888276045 0.3830215500950053
9 657.0 0.0 -1.0 -1.0 -1.0 0.0 0.29610442141093574 0.2933139207833498 0.41058165780571443
9 658.0 0.0 -1.0 -1.0 -1.0 0.0 0.3031540369047403 0.32994082984713635 0.36690513324812335
9 659.0 0.0 -1.0 -1.0 -1.0 0.0 0.31673652510503864 0.34905681895990726 0.33420665593505416
9 660.0 0.0 -1.0 -1.0 -1.0 0.0 0.3264629254214439 0.3261311457832077 0.34740592879534854
9 661.0 0.0 -1.0 -1.0 -1.0 0.0 0.3238359464531769 0.3328532066043548 0.3433108469424684
9 662.0 0.0 -1.0 -1.0 -1.0 0.0 0.3020426272964424 0.32812164036108626 0.36983573234247147
9 663.0 0.0 -1.0 -1.0 -1.0 0.0 0.3060289225322777 0.34362091768680997 0.35035015978091244
9 664.0 0.0 -1.0 -1.0 -1.0 0.0 0.3036832511514622 0.37531816772307036 0.32099858112546753
9 665.0 0.0 -1.0 -1.0 -1.0 0.0 0.28935978990813394 0.36177529013365245 0.34886491995821367
9 666.0 0.0 -1.0 -1.0 -1.0 0.0 0.2840785372708405 0.3569938041763453 0.35892765855281417
9 667.0 0.0 -1.0 -1.0 -1.0 0.0 0.31128333483233894 0.34291213531823833 0.3458045298494229
9 668.0 0.0 -1.0 -1.0 -1.0 0.0 0.31684210749953 0.3413450257502209 0.3418128667502489
9 669.0 0.0 -1.0 -1.0 -1.0 0.0 0.3308182405362684 0.31746874407674314 0.3517130153869885
9 670.0 0.0 -1.0 -1.0 -1.0 0.0 0.32434280882145167 0.3271276725638468 0.3485295186147018
9 671.0 0.0 -1.0 -1.0 -1.0 0.0 0.33406944317234866 0.330399954533326 0.33553060229432513
9 672.0 0.0 -1.0 -1.0 -1.0 0.0 0.32663151989895595 0.33466760619085983 0.3387008739101843
9 673.0 0.0 -1.0 -1.0 -1.0 0.0 0.348849915789198 0.354580256757431 0.29656982745337096
9 674.0 0.0 -1.0 -1.0 -1.0 0.0 0.35680465476089074 0.36098083140858056 0.28221451383052876
9 675.0 0.0 -1.0 -1.0 -1.0 0.0 0.34056619869292143 0.3660823602963401 0.2933514410107382
9 676.0 0.0 -1.0 -1.0 -1.0 0.0 0.31877468930310954 0.352609836119324 0.3286154745775665
9 677.0 0.0 -1.0 -1.0 -1.0 0.0 0.3152664804488139 0.3533808282571793 0.3313526912940066
9 678.0 0.0 -1.0 -1.0 -1.0 0.0 0.3296112085578518 0.3537238504601058 0.31666494098204245
9 679.0 0.0 -1.0 -1.0 -1.0 0.0 0.32775656280991666 0.3599309736481846 0.31231246354189884
9 680.0 0.0 -1.0 -1.0 -1.0 0.0 0.3326340081605128 0.353343160441591 0.31402283139789605
9 681.0 0.0 -1.0 -1.0 -1.0 0.0 0.32577297221518803 0.3357092424920844 0.3385177852927278
9 682.0 0.0 -1.0 -1.0 -1.0 0.0 0.3361316670128597 0.3248833473250014 0.33898498566213897
9 683.0 0.0 -1.0 -1.0 -1.0 0.0 0.35443429662022075 0.31206407352699544 0.33350162985278403
9 684.0 0.0 -1.0 -1.0 -1.0 0.0 0.3500481623981058 0.3134027216889199 0.33654911591297426
9 685.0 0.0 -1.0 -1.0 -1.0 0.0 0.32586420940906535 0.3300712686616395 0.3440645219292952
9 686.0 0.0 -1.0 -1.0 -1.0 0.0 0.3265127683776511 0.34790523610949525 0.3255819955128536
9 687.0 0.0 -1.0 -1.0 -1.0 0.0 0.3263508748378736 0.3507133501702366 0.32293577499188997
9 688.0 0.0 -1.0 -1.0 -1.0 0.0 0.34493259669549514 0.31756262601914015 0.33750477728536465
9 689.0 0.0 -1.0 -1.0 -1.0 0.0 0.33241084236999524 0.3349948665864123 0.33259429104359234
9 690.0 0.0 -1.0 -1.0 -1.0 0.0 0.3036647810068623 0.3454591395855728 0.3508760794075647
9 691.0 0.0 -1.0 -1.0 -1.0 0.0 0.3240460509223184 0.34569997983778417 0.3302539692398976
9 692.0 0.0 -1.0 -1.0 -1.0 0.0 0.314856050461224 0.35009742826774404 0.335046521271032
9 693.0 0.0 -1.0 -1.0 -1.0 0.0 0.322312680970557 0.36003459013385464 0.3176527288955881
9 694.0 0.0 -1.0 -1.0 -1.0 0.0 0.32793388405832324 0.3485021375695084 0.32356397837216827
9 695.0 0.0 -1.0 -1.0 -1.0 0.0 0.32501934744386424 0.34487781054621186 0.3301028420099239
9 696.0 0.0 -1.0 -1.0 -1.0 0.0 0.3432117078224725 0.3239613686812598 0.3328269234962676
9 697.0 0.0 -1.0 -1.0 -1.0 0.0 0.3581412148899979 0.2972213300898605 0.344637455020142
9 698.0 0.0 -1.0 -1.0 -1.0 0.0 0.37860271824508956 0.294080769381 0.32731651237391063
9 699.0 0.0 -1.0 -1.0 -1.0 0.0 0.3667749464022627 0.28843415429849406 0.3447908992992432
9 700.0 0.0 -1.0 -1.0 -1.0 0.0 0.35468539627852314 0.29644166283030515 0.34887294089117193
9 701.0 0.0 -1.0 -1.0 -1.0 0.0 0.32199299923348507 0.3188370343866734 0.3591699663798414
9 702.0 0.0 -1.0 -1.0 -1.0 0.0 0.30068761141085293 0.3271980073398409 0.3721143812493062
9 703.0 0.0 -1.0 -1.0 -1.0 0.0 0.28157924861872574 0.34484172951368885 0.373579021867585
9 704.0 0.0 -1.0 -1.0 -1.0 0.0 0.3005545147210531 0.3465065339599472 0.352938951319
9 705.0 0.0 -1.0 -1.0 -1.0 0.0 0.31143163176686217 0.33310089321596137 0.35546747501717635
9 706.0 0.0 -1.0 -1.0 -1.0 0.0 0.3329501447023897 0.3222462686342057 0.3448035866634045
9 707.0 0.0 -1.0 -1.0 -1.0 0.0 0.3572586171423289 0.3409346272116915 0.3018067556459798
9 708.0 0.0 -1.0 -1.0 -1.0 0.0 0.3680762465579936 0.3442419656404163 0.28768178780159015
9 709.0 0.0 -1.0 -1.0 -1.0 0.0 0.37295152764587064 0.33076980356978736 0.296278668784342
9 710.0 0.0 -1.0 -1.0 -1.0 0.0 0.36803218715365804 0.32364237590083517 0.3083254369455067
9 711.0 0.0 -1.0 -1.0 -1.0 0.0 0.3503621500583209 0.34346044754224375 0.3061774023994356
9 712.0 0.0 -1.0 -1.0 -1.0 0.0 0.33810872781736534 0.33309678963872 0.32879448254391463
9 713.0 0.0 -1.0 -1.0 -1.0 0.0 0.34414374991060265 0.3306197526513435 0.3252364974380539
9 714.0 0.0 -1.0 -1.0 -1.0 0.0 0.3291587279750419 0.3565772115522168 0.3142640604727416
9 715.0 0.0 -1.0 -1.0 -1.0 0.0 0.32358754138499307 0.33443015131381626 0.3419823073011907
9 716.0 0.0 -1.0 -1.0 -1.0 0.0 0.3287455853826517 0.32287578407239154 0.34837863054495694
9 717.0 0.0 -1.0 -1.0 -1.0 0.0 0.3578981769538316 0.33307375665403444 0.30902806639213415
9 718.0 0.0 -1.0 -1.0 -1.0 0.0 0.3492956976237815 0.33195596817135953 0.3187483342048587
9 719.0 0.0 -1.0 -1.0 -1.0 0.0 0.34961184347920027 0.3221230323073694 0.32826512421343035
9 720.0 0.0 -1.0 -1.0 -1.0 0.0 0.34932670602531296 0.3259010439247947 0.32477225004989224
9 721.0 0.0 -1.0 -1.0 -1.0 0.0 0.3367511036358468 0.3409864159655832 0.32226248039857025
9 722.0 0.0 -1.0 -1.0 -1.0 0.0 0.3208613527770296 0.3211004386251732 0.35803820859779717
9 723.0 0.0 -1.0 -1.0 -1.0 0.0 0.32387372804519665 0.31843188369213515 0.3576943882626682
9 724.0 0.0 -1.0 -1.0 -1.0 0.0 0.30477458598699864 0.3301089173620577 0.36511649665094376
9 725.0 0.0 -1.0 -1.0 -1.0 0.0 0.2921393814937685 0.34341585236091304 0.36444476614531834
9 726.0 0.0 -1.0 -1.0 -1.0 0.0 0.3172684379740882 0.37247358881644216 0.3102579732094697
9 727.0 0.0 -1.0 -1.0 -1.0 0.0 0.31629793832003766 0.3704432998134537 0.3132587618665087
9 728.0 0.0 -1.0 -1.0 -1.0 0.0 0.33467716850988305 0.363434508607783 0.30188832288233386
9 729.0 0.0 -1.0 -1.0 -1.0 0.0 0.3260546684080636 0.3712395320590352 0.3027057995329012
9 730.0 0.0 -1.0 -1.0 -1.0 0.0 0.32709253575058844 0.3672839306592415 0.30562353359016997
9 731.0 0.0 -1.0 -1.0 -1.0 0.0 0.2822543410000527 0.3886354180980765 0.3291102409018704
9 732.0 0.0 -1.0 -1.0 -1.0 0.0 0.30333297581118834 0.3647369801879345 0.3319300440008769
9 733.0 0.0 -1.0 -1.0 -1.0 0.0 0.3200284477307469 0.33948383763835444 0.3404877146308987
9 734.0 0.0 -1.0 -1.0 -1.0 0.0 0.32958082984238324 0.36256463494019775 0.3078545352174191
9 735.0 0.0 -1.0 -1.0 -1.0 0.0 0.3338602890544263 0.3395872322999816 0.32655247864559184
9 736.0 0.0 -1.0 -1.0 -1.0 0.0 0.33046634955736076 0.3240191031317217 0.3455145473109177
9 737.0 0.0 -1.0 -1.0 -1.0 0.0 0.3293260401324791 0.33411914342370996 0.336554816443811
9 738.0 0.0 -1.0 -1.0 -1.0 0.0 0.32590186860616077 0.3444337884043234 0.32966434298951575
9 739.0 0.0 -1.0 -1.0 -1.0 0.0 0.34106562413560143 0.3313073435091378 0.3276270323552609
9 740.0 0.0 -1.0 -1.0 -1.0 0.0 0.3272276184264081 0.3550809032849978 0.3176914782885944
9 741.0 0.0 -1.0 -1.0 -1.0 0.0 0.3507702056070835 0.3418281998290147 0.30740159456390187
9 742.0 0.0 -1.0 -1.0 -1.0 0.0 0.3343733497334059 0.3523232265155671 0.3133034237510271
9 743.0 0.0 -1.0 -1.0 -1.0 0.0 0.36418053816572304 0.31251486586374694 0.32330459597053013
9 744.0 0.0 -1.0 -1.0 -1.0 0.0 0.36226976258952087 0.3315439251548471 0.30618631225563225
9 745.0 0.0 -1.0 -1.0 -1.0 0.0 0.3587876349251259 0.3172867227950941 0.32392564227978
9 746.0 0.0 -1.0 -1.0 -1.0 0.0 0.3651822965562273 0.3218191356950502 0.3129985677487225
9 747.0 0.0 -1.0 -1.0 -1.0 0.0 0.34447850585991185 0.31607838038405284 0.33944311375603525
9 748.0 0.0 -1.0 -1.0 -1.0 0.0 0.3385480825173712 0.3295164352831052 0.33193548219952373
9 749.0 0.0 -1.0 -1.0 -1.0 0.0 0.366925960601403 0.28548393760100527 0.3475901017975921
9 750.0 0.0 -1.0 -1.0 -1.0 0.0 0.35668460462780077 0.2936371302177246 0.3496782651544747
9 751.0 0.0 -1.0 -1.0 -1.0 0.0 0.3252959867904408 0.32472581350039365 0.3499781997091658
9 752.0 0.0 -1.0 -1.0 -1.0 0.0 0.35934957895748243 0.3103147456518243 0.3303356753906936
9 753.0 0.0 -1.0 -1.0 -1.0 0.0 0.3264161975341329 0.311433977157104 0.3621498253087628
9 754.0 0.0 -1.0 -1.0 -1.0 0.0 0.3338276383682212 0.30814065690962733 0.3580317047221516
9 755.0 0.0 -1.0 -1.0 -1.0 0.0 0.32438390854887894 0.3218894435450011 0.35372664790612
9 756.0 0.0 -1.0 -1.0 -1.0 0.0 0.33649819883100385 0.3277505558183808 0.3357512453506152
9 757.0 0.0 -1.0 -1.0 -1.0 0.0 0.30867940023678697 0.31043929347557475 0.38088130628763844
9 758.0 0.0 -1.0 -1.0 -1.0 0.0 0.3177072937360228 0.3060611253565098 0.37623158090746744
9 759.0 0.0 -1.0 -1.0 -1.0 0.0 0.2990066519751776 0.3308690391272546 0.3701243088975677
9 760.0 0.0 -1.0 -1.0 -1.0 0.0 0.3182685005824633 0.3175989496128517 0.36413254980468496
9 761.0 0.0 -1.0 -1.0 -1.0 0.0 0.3295280712971564 0.31274233578059163 0.35772959292225204
9 762.0 0.0 -1.0 -1.0 -1.0 0.0 0.33001305886002696 0.29467514329306055 0.37531179784691254
9 763.0 0.0 -1.0 -1.0 -1.0 0.0 0.2955336656847856 0.33051429623603673 0.37395203807917765
9 764.0 0.0 -1.0 -1.0 -1.0 0.0 0.3027473819968299 0.3457335813545702 0.3515190366486
9 765.0 0.0 -1.0 -1.0 -1.0 0.0 0.2950103977009556 0.339401308570581 0.36558829372846335
9 766.0 0.0 -1.0 -1.0 -1.0 0.0 0.2959578044408796 0.36201876764424834 0.3420234279148723
9 767.0 0.0 -1.0 -1.0 -1.0 0.0 0.32194714177754746 0.3754962576367768 0.3025566005856757
9 768.0 0.0 -1.0 -1.0 -1.0 0.0 0.2994710103098189 0.37440281873661396 0.3261261709535671
9 769.0 0.0 -1.0 -1.0 -1.0 0.0 0.2969124458658466 0.3955918917306336 0.30749566240351994
9 770.0 0.0 -1.0 -1.0 -1.0 0.0 0.31761528237023273 0.393852369424103 0.2885323482056642
9 771.0 0.0 -1.0 -1.0 -1.0 0.0 0.32543611522354365 0.36650967061700135 0.3080542141594551
9 772.0 0.0 -1.0 -1.0 -1.0 0.0 0.34588012528179135 0.3428210131226788 0.3112988615955297
9 773.0 0.0 -1.0 -1.0 -1.0 0.0 0.358324392719059 0.35039943329261797 0.2912761739883227
9 774.0 0.0 -1.0 -1.0 -1.0 0.0 0.3523020288524733 0.3571389578003089 0.2905590133472179
9 775.0 0.0 -1.0 -1.0 -1.0 0.0 0.361295319486042 0.3374820002280628 0.3012226802858955
9 776.0 0.0 -1.0 -1.0 -1.0 0.0 0.34254633872648654 0.3345988969314418 0.32285476434207155
9 777.0 0.0 -1.0 -1.0 -1.0 0.0 0.36846378129918295 0.32382752011609833 0.3077086985847188
9 778.0 0.0 -1.0 -1.0 -1.0 0.0 0.35216499780919447 0.33124375506273585 0.3165912471280697
9 779.0 0.0 -1.0 -1.0 -1.0 0.0 0.34938101558735846 0.33497758230390984 0.3156414021087318
9 780.0 0.0 -1.0 -1.0 -1.0 0.0 0.35526227841744473 0.3225375827134751 0.32220013886907983
9 781.0 0.0 -1.0 -1.0 -1.0 0.0 0.34965582990823785 0.33405619924849766 0.3162879708432649
9 782.0 0.0 -1.0 -1.0 -1.0 0.0 0.3446710549560534 0.3199668978215642 0.3353620472223826
9 783.0 0.0 -1.0 -1.0 -1.0 0.0 0.3512236299663308 0.3209121935183017 0.3278641765153676
9 784.0 0.0 -1.0 -1.0 -1.0 0.0 0.3693858833010642 0.3224751547081059 0.30813896199082985
9 785.0 0.0 -1.0 -1.0 -1.0 0.0 0.34577017363289736 0.3441066067173687 0.31012321964973394
9 786.0 0.0 -1.0 -1.0 -1.0 0.0 0.3414013248406338 0.3610687778402648 0.2975298973191014
9 787.0 0.0 -1.0 -1.0 -1.0 0.0 0.34245461562467794 0.37823302016953336 0.27931236420578875
9 788.0 0.0 -1.0 -1.0 -1.0 0.0 0.33360385348685667 0.3648677653655885 0.30152838114755487
9 789.0 0.0 -1.0 -1.0 -1.0 0.0 0.3459983714289022 0.31802552353809577 0.3359761050330022
9 790.0 0.0 -1.0 -1.0 -1.0 0.0 0.33849270913137003 0.30513450099123685 0.35637278987739324
9 791.0 0.0 -1.0 -1.0 -1.0 0.0 0.3293179497298218 0.3187879476503236 0.3518941026198547
9 792.0 0.0 -1.0 -1.0 -1.0 0.0 0.31611298450209635 0.3402850420713907 0.3436019734265128
9 793.0 0.0 -1.0 -1.0 -1.0 0.0 0.3191977666083486 0.3402443234951661 0.34055790989648527
9 794.0 0.0 -1.0 -1.0 -1.0 0.0 0.32776972714037717 0.32313865258679464 0.34909162027282803
9 795.0 0.0 -1.0 -1.0 -1.0 0.0 0.34793670514225655 0.3303084852098126 0.3217548096479312
9 796.0 0.0 -1.0 -1.0 -1.0 0.0 0.37121454168233553 0.3075106742130443 0.32127478410462
9 797.0 0.0 -1.0 -1.0 -1.0 0.0 0.3852178592291359 0.31129996958420303 0.30348217118666115
9 798.0 0.0 -1.0 -1.0 -1.0 0.0 0.34513422863398097 0.3189790516265483 0.3358867197394709
9 799.0 0.0 -1.0 -1.0 -1.0 0.0 0.3595085661731154 0.3125497972193578 0.3279416366075267
9 800.0 0.0 -1.0 -1.0 -1.0 0.0 0.36038012609610226 0.3037450217324156 0.3358748521714821
9 801.0 0.0 -1.0 -1.0 -1.0 0.0 0.3438374855730848 0.3020854473815842 0.35407706704533093
9 802.0 0.0 -1.0 -1.0 -1.0 0.0 0.33591628301295595 0.3020659894153046 0.3620177275717396
9 803.0 0.0 -1.0 -1.0 -1.0 0.0 0.34156370086223925 0.3252985315984878 0.33313776753927316
9 804.0 0.0 -1.0 -1.0 -1.0 0.0 0.3458957320358011 0.33500429980714735 0.31909996815705155
9 805.0 0.0 -1.0 -1.0 -1.0 0.0 0.3303528700446759 0.3466278832550663 0.32301924670025806
9 806.0 0.0 -1.0 -1.0 -1.0 0.0 0.34245839979464343 0.33532026438444634 0.32222133582091017
9 807.0 0.0 -1.0 -1.0 -1.0 0.0 0.3541014040086344 0.3304669178477633 0.31543167814360246
9 808.0 0.0 -1.0 -1.0 -1.0 0.0 0.33541325648748194 0.31760267373613665 0.3469840697763815
9 809.0 0.0 -1.0 -1.0 -1.0 0.0 0.3259748274462045 0.3274686126435442 0.3465565599102513
9 810.0 0.0 -1.0 -1.0 -1.0 0.0 0.31659075135075954 0.29964113937557857 0.383768109273662
9 811.0 0.0 -1.0 -1.0 -1.0 0.0 0.31882211686298356 0.30517305739380984 0.3760048257432066
9 812.0 0.0 -1.0 -1.0 -1.0 0.0 0.3375889045592476 0.3077210963448729 0.3546899990958795
9 813.0 0.0 -1.0 -1.0 -1.0 0.0 0.3432314423475467 0.3375226485818969 0.31924590907055633
9 814.0 0.0 -1.0 -1.0 -1.0 0.0 0.335012026178663 0.35566042680353255 0.30932754701780457
9 815.0 0.0 -1.0 -1.0 -1.0 0.0 0.351145716189172 0.34238616527721605 0.3064681185336118
9 816.0 0.0 -1.0 -1.0 -1.0 0.0 0.3487619222749108 0.34000169888823956 0.3112363788368494
9 817.0 0.0 -1.0 -1.0 -1.0 0.0 0.3518126495551598 0.32602349923830265 0.32216385120653773
9 818.0 0.0 -1.0 -1.0 -1.0 0.0 0.3615262855344385 0.3251373824382061 0.3133363320273556
9 819.0 0.0 -1.0 -1.0 -1.0 0.0 0.35141010907673925 0.3310084748104922 0.31758141611276863
9 820.0 0.0 -1.0 -1.0 -1.0 0.0 0.34258793683371097 0.3476147903366438 0.30979727282964525
9 821.0 0.0 -1.0 -1.0 -1.0 0.0 0.376171380464977 0.3390633950896244 0.28476522444539837
9 822.0 0.0 -1.0 -1.0 -1.0 0.0 0.35155148978404815 0.35382938350931115 0.29461912670664053
9 823.0 0.0 -1.0 -1.0 -1.0 0.0 0.33027964587251707 0.35176772199498074 0.31795263213250224
9 824.0 0.0 -1.0 -1.0 -1.0 0.0 0.3588471659558997 0.33151785379387955 0.30963498025022057
9 825.0 0.0 -1.0 -1.0 -1.0 0.0 0.33899463216930714 0.34639596399551176 0.3146094038351814
9 826.0 0.0 -1.0 -1.0 -1.0 0.0 0.35722055823887056 0.32063427267964606 0.3221451690814834
9 827.0 0.0 -1.0 -1.0 -1.0 0.0 0.3452279354310375 0.32327137521537014 0.33150068935359234
9 828.0 0.0 -1.0 -1.0 -1.0 0.0 0.35856340421651 0.3143013241005867 0.32713527168290346
9 829.0 0.0 -1.0 -1.0 -1.0 0.0 0.3535416918672963 0.3332161910463657 0.3132421170863379
9 830.0 0.0 -1.0 -1.0 -1.0 0.0 0.36287337625400234 0.3272379143233033 0.3098887094226942
9 831.0 0.0 -1.0 -1.0 -1.0 0.0 0.35226887639778093 0.32212304670315023 0.32560807689906873
9 832.0 0.0 -1.0 -1.0 -1.0 0.0 0.3776047966088934 0.31212459418088745 0.31027060921021926
9 833.0 0.0 -1.0 -1.0 -1.0 0.0 0.34257549155469236 0.3282698441237468 0.3291546643215607
9 834.0 0.0 -1.0 -1.0 -1.0 0.0 0.3502470864110795 0.3104367958074165 0.33931611778150417
9 835.0 0.0 -1.0 -1.0 -1.0 0.0 0.3221198930883884 0.3456495122080227 0.3322305947035889
9 836.0 0.0 -1.0 -1.0 -1.0 0.0 0.3293429790028883 0.3393993605841194 0.3312576604129924
9 837.0 0.0 -1.0 -1.0 -1.0 0.0 0.3265659237011917 0.33197331746914843 0.3414607588296598
9 838.0 0.0 -1.0 -1.0 -1.0 0.0 0.3291666356223961 0.31480799449380653 0.356025369883797
9 839.0 0.0 -1.0 -1.0 -1.0 0.0 0.3286585341865929 0.31283632878202083 0.3585051370313863
9 840.0 0.0 -1.0 -1.0 -1.0 0.0 0.31901553947230005 0.3064555320777164 0.37452892844998376
9 841.0 0.0 -1.0 -1.0 -1.0 0.0 0.3459340653852989 0.3142617006105816 0.3398042340041196
9 842.0 0.0 -1.0 -1.0 -1.0 0.0 0.3271141049678872 0.3321200056185934 0.34076588941351943
9 843.0 0.0 -1.0 -1.0 -1.0 0.0 0.3081781510875827 0.3454131056031498 0.3464087433092672
9 844.0 0.0 -1.0 -1.0 -1.0 0.0 0.2920888384297389 0.3566136650717614 0.3512974964984995
9 845.0 0.0 -1.0 -1.0 -1.0 0.0 0.3066965981923699 0.3309840057781144 0.3623193960295158
9 846.0 0.0 -1.0 -1.0 -1.0 0.0 0.3177714138532759 0.3463028585178936 0.33592572762883044
9 847.0 0.0 -1.0 -1.0 -1.0 0.0 0.3070491046500861 0.3563550664968856 0.33659582885302824
9 848.0 0.0 -1.0 -1.0 -1.0 0.0 0.29789430196825095 0.3780264696666867 0.3240792283650624
9 849.0 0.0 -1.0 -1.0 -1.0 0.0 0.335973977788491 0.3370713100643299 0.32695471214717925
9 850.0 0.0 -1.0 -1.0 -1.0 0.0 0.313715830277069 0.3508884955475668 0.3353956741753641
9 851.0 0.0 -1.0 -1.0 -1.0 0.0 0.32138128373973907 0.34366596843962877 0.3349527478206325
9 852.0 0.0 -1.0 -1.0 -1.0 0.0 0.3202747900508874 0.3375102263180521 0.34221498363106045
9 853.0 0.0 -1.0 -1.0 -1.0 0.0 0.3385656758109799 0.35562001808742205 0.30581430610159804
9 854.0 0.0 -1.0 -1.0 -1.0 0.0 0.3369055508123434 0.3387822688050533 0.3243121803826031
9 855.0 0.0 -1.0 -1.0 -1.0 0.0 0.3068649392938639 0.3611621121885434 0.3319729485175929
9 856.0 0.0 -1.0 -1.0 -1.0 0.0 0.31722762400081495 0.34880177874262275 0.33397059725656236
9 857.0 0.0 -1.0 -1.0 -1.0 0.0 0.3152457693848728 0.34679412327169656 0.3379601073434306
9 858.0 0.0 -1.0 -1.0 -1.0 0.0 0.3257797858978224 0.36854929454789265 0.30567091955428494
9 859.0 0.0 -1.0 -1.0 -1.0 0.0 0.3316809566409763 0.37161173189288055 0.29670731146614326
9 860.0 0.0 -1.0 -1.0 -1.0 0.0 0.30892959417128424 0.37893409594616473 0.31213630988255125
9 861.0 0.0 -1.0 -1.0 -1.0 0.0 0.3520589601946304 0.34881153580967267 0.29912950399569704
9 862.0 0.0 -1.0 -1.0 -1.0 0.0 0.3450480151096732 0.34614733353646293 0.30880465135386387
9 863.0 0.0 -1.0 -1.0 -1.0 0.0 0.3376424374009735 0.35636760418295166 0.305989958416075
9 864.0 0.0 -1.0 -1.0 -1.0 0.0 0.31935633874531244 0.38053290738832524 0.30011075386636216
9 865.0 0.0 -1.0 -1.0 -1.0 0.0 0.3244368866830066 0.35666517934970093 0.3188979339672924
9 866.0 0.0 -1.0 -1.0 -1.0 0.0 0.35818379193088196 0.3497275800842885 0.2920886279848296
9 867.0 0.0 -1.0 -1.0 -1.0 0.0 0.36871094016675426 0.3499729678869938 0.28131609194625185
9 868.0 0.0 -1.0 -1.0 -1.0 0.0 0.3480724133090338 0.3636417444816991 0.2882858422092673
9 869.0 0.0 -1.0 -1.0 -1.0 0.0 0.3433459049775513 0.32277697265862676 0.33387712236382183
9 870.0 0.0 -1.0 -1.0 -1.0 0.0 0.3731201763181035 0.31119326954436993 0.3156865541375266
9 871.0 0.0 -1.0 -1.0 -1.0 0.0 0.36829154102638545 0.30519249401334486 0.3265159649602694
9 872.0 0.0 -1.0 -1.0 -1.0 0.0 0.3653538642987748 0.323656051167881 0.31099008453334426
9 873.0 0.0 -1.0 -1.0 -1.0 0.0 0.3410120854574689 0.32770760616192746 0.33128030838060385
9 874.0 0.0 -1.0 -1.0 -1.0 0.0 0.3223560347828077 0.32621923588534185 0.3514247293318506
9 875.0 0.0 -1.0 -1.0 -1.0 0.0 0.300938132527494 0.3276927543823934 0.37136911309011283
9 876.0 0.0 -1.0 -1.0 -1.0 0.0 0.32140434906344756 0.31655212992028414 0.3620435210162681
9 877.0 0.0 -1.0 -1.0 -1.0 0.0 0.3158213526671143 0.3363137291174912 0.34786491821539456
9 878.0 0.0 -1.0 -1.0 -1.0 0.0 0.31998630861813043 0.3121532049165873 0.36786048646528213
9 879.0 0.0 -1.0 -1.0 -1.0 0.0 0.33360848637542473 0.2885914558326053 0.37780005779197007
9 880.0 0.0 -1.0 -1.0 -1.0 0.0 0.38587239690836783 0.28817290572011794 0.32595469737151406
9 881.0 0.0 -1.0 -1.0 -1.0 0.0 0.37038097682014476 0.3325521511401972 0.29706687203965804
9 882.0 0.0 -1.0 -1.0 -1.0 0.0 0.37860594693200367 0.2999078260904524 0.321486226977544
9 883.0 0.0 -1.0 -1.0 -1.0 0.0 0.35842094662763535 0.30898768952725086 0.33259136384511356
9 884.0 0.0 -1.0 -1.0 -1.0 0.0 0.3595499256912617 0.3273825089221545 0.31306756538658376
9 885.0 0.0 -1.0 -1.0 -1.0 0.0 0.3514238906578094 0.3013137606371894 0.34726234870500133
9 886.0 0.0 -1.0 -1.0 -1.0 0.0 0.37513910199113604 0.3041833675034298 0.320677530505434
9 887.0 0.0 -1.0 -1.0 -1.0 0.0 0.3751926073431987 0.350295478970679 0.27451191368612265
9 888.0 0.0 -1.0 -1.0 -1.0 0.0 0.36376755315251125 0.36239253863149784 0.27383990821599097
9 889.0 0.0 -1.0 -1.0 -1.0 0.0 0.3355618522672153 0.3415878478414548 0.32285029989133013
9 890.0 0.0 -1.0 -1.0 -1.0 0.0 0.35127357575691354 0.32614084559515943 0.32258557864792686
9 891.0 0.0 -1.0 -1.0 -1.0 0.0 0.340861845873793 0.33618297421102866 0.32295517991517836
9 892.0 0.0 -1.0 -1.0 -1.0 0.0 0.3359251577791952 0.3398871945143642 0.32418764770644054
9 893.0 0.0 -1.0 -1.0 -1.0 0.0 0.31476237281956776 0.3413888682299105 0.3438487589505217
9 894.0 0.0 -1.0 -1.0 -1.0 0.0 0.3095380722659873 0.33005083699248083 0.3604110907415319
9 895.0 0.0 -1.0 -1.0 -1.0 0.0 0.32499372316463576 0.32151843305618905 0.3534878437791751
9 896.0 0.0 -1.0 -1.0 -1.0 0.0 0.34210027557258377 0.3206208754736668 0.33727884895374943
9 897.0 0.0 -1.0 -1.0 -1.0 0.0 0.32109974427303706 0.35340731875259224 0.3254929369743707
9 898.0 0.0 -1.0 -1.0 -1.0 0.0 0.3103768475165075 0.34514755042753953 0.34447560205595307
9 899.0 0.0 -1.0 -1.0 -1.0 0.0 0.31411210473882334 0.3758708971594659 0.3100169981017106
9 900.0 0.0 -1.0 -1.0 -1.0 0.0 0.3330188504969812 0.3612958408732445 0.30568530862977417
9 901.0 0.0 -1.0 -1.0 -1.0 0.0 0.3289560250528939 0.37011322439745414 0.30093075054965196
9 902.0 0.0 -1.0 -1.0 -1.0 0.0 0.31656073079614566 0.38285416315863846 0.3005851060452157
9 903.0 0.0 -1.0 -1.0 -1.0 0.0 0.27890208949065887 0.4038704862193056 0.3172274242900357
9 904.0 0.0 -1.0 -1.0 -1.0 0.0 0.2966382628974167 0.39720973016107813 0.30615200694150513
9 905.0 0.0 -1.0 -1.0 -1.0 0.0 0.3052169998447978 0.3866040261881 0.3081789739671023
9 906.0 0.0 -1.0 -1.0 -1.0 0.0 0.3069525098525437 0.38958465183677404 0.3034628383106822
9 907.0 0.0 -1.0 -1.0 -1.0 0.0 0.330040854787037 0.37162538018426583 0.29833376502869724
9 908.0 0.0 -1.0 -1.0 -1.0 0.0 0.3488820702659229 0.35294846412180064 0.2981694656122767
9 909.0 0.0 -1.0 -1.0 -1.0 0.0 0.33570262224985514 0.37638431149334084 0.28791306625680413
9 910.0 0.0 -1.0 -1.0 -1.0 0.0 0.32362837843003545 0.37257131459013704 0.3038003069798274
9 911.0 0.0 -1.0 -1.0 -1.0 0.0 0.33723914427312807 0.3442459772807838 0.31851487844608817
9 912.0 0.0 -1.0 -1.0 -1.0 0.0 0.3324565066184095 0.3350721107279287 0.3324713826536616
9 913.0 0.0 -1.0 -1.0 -1.0 0.0 0.325528733329597 0.3278358940291058 0.3466353726412972
9 914.0 0.0 -1.0 -1.0 -1.0 0.0 0.31914303450849224 0.3431725750817606 0.3376843904097472
9 915.0 0.0 -1.0 -1.0 -1.0 0.0 0.3024638934404594 0.3437369107266923 0.35379919583284836
9 916.0 0.0 -1.0 -1.0 -1.0 0.0 0.3230791404865228 0.32857443983995394 0.34834641967352326
9 917.0 0.0 -1.0 -1.0 -1.0 0.0 0.3255963433571626 0.3262689465653703 0.3481347100774673
9 918.0 0.0 -1.0 -1.0 -1.0 0.0 0.3010887435898594 0.3029630862535965 0.395948170156544
9 919.0 0.0 -1.0 -1.0 -1.0 0.0 0.2954230714970372 0.30690422122879985 0.3976727072741629
9 920.0 0.0 -1.0 -1.0 -1.0 0.0 0.3038238301328804 0.2984360441266599 0.3977401257404595
9 921.0 0.0 -1.0 -1.0 -1.0 0.0 0.3251740255149825 0.32081265813235427 0.35401331635266314
9 922.0 0.0 -1.0 -1.0 -1.0 0.0 0.3225969009920698 0.3297228266743371 0.3476802723335933
9 923.0 0.0 -1.0 -1.0 -1.0 0.0 0.2915079935358939 0.35382775463513844 0.35466425182896755
9 924.0 0.0 -1.0 -1.0 -1.0 0.0 0.2598171968414497 0.3843656648675822 0.355817138290968
9 925.0 0.0 -1.0 -1.0 -1.0 0.0 0.28845500728798595 0.3455503269499765 0.36599466576203776
9 926.0 0.0 -1.0 -1.0 -1.0 0.0 0.3192948883087162 0.3242186571163879 0.3564864545748957
9 927.0 0.0 -1.0 -1.0 -1.0 0.0 0.31511325644677235 0.30939927569670206 0.3754874678565256
9 928.0 0.0 -1.0 -1.0 -1.0 0.0 0.35037491167813584 0.31054081252336835 0.3390842757984958
9 929.0 0.0 -1.0 -1.0 -1.0 0.0 0.368563648911841 0.3014131789534875 0.3300231721346713
9 930.0 0.0 -1.0 -1.0 -1.0 0.0 0.39179270895999935 0.3077979439857692 0.3004093470542316
9 931.0 0.0 -1.0 -1.0 -1.0 0.0 0.39151839915255876 0.30965665435785233 0.2988249464895885
9 932.0 0.0 -1.0 -1.0 -1.0 0.0 0.37371875608479566 0.3215265203137637 0.3047547236014408
9 933.0 0.0 -1.0 -1.0 -1.0 0.0 0.3820696835057828 0.28779724905582205 0.3301330674383952
9 934.0 0.0 -1.0 -1.0 -1.0 0.0 0.35578609613800305 0.30070550692014064 0.34350839694185675
9 935.0 0.0 -1.0 -1.0 -1.0 0.0 0.3395368633556782 0.30984371543396844 0.3506194212103532
9 936.0 0.0 -1.0 -1.0 -1.0 0.0 0.3427670231767195 0.3317341062829058 0.32549887054037463
9 937.0 0.0 -1.0 -1.0 -1.0 0.0 0.3375784956328478 0.3454905348898998 0.3169309694772527
9 938.0 0.0 -1.0 -1.0 -1.0 0.0 0.3456452998181365 0.3387775132600337 0.3155771869218298
9 939.0 0.0 -1.0 -1.0 -1.0 0.0 0.3443182765704097 0.34368906287246825 0.31199266055712205
9 940.0 0.0 -1.0 -1.0 -1.0 0.0 0.3487367606186523 0.3475270858861708 0.30373615349517685
9 941.0 0.0 -1.0 -1.0 -1.0 0.0 0.3552207793607303 0.3304693351658897 0.31430988547338023
9 942.0 0.0 -1.0 -1.0 -1.0 0.0 0.37159528379372 0.3015818598698057 0.32682285633647423
9 943.0 0.0 -1.0 -1.0 -1.0 0.0 0.39739268468065836 0.2935845020937054 0.3090228132256364
9 944.0 0.0 -1.0 -1.0 -1.0 0.0 0.38573369268694063 0.3062207138300622 0.3080455934829969
9 945.0 0.0 -1.0 -1.0 -1.0 0.0 0.3803400944812077 0.3077841130313811 0.3118757924874112
9 946.0 0.0 -1.0 -1.0 -1.0 0.0 0.3381971739814471 0.33086048178388877 0.3309423442346641
9 947.0 0.0 -1.0 -1.0 -1.0 0.0 0.3235882836784956 0.34782321484611345 0.3285885014753909
9 948.0 0.0 -1.0 -1.0 -1.0 0.0 0.2989240837249827 0.3679429098832385 0.33313300639177884
9 949.0 0.0 -1.0 -1.0 -1.0 0.0 0.29533671482325735 0.35040652235001885 0.35425676282672397
9 950.0 0.0 -1.0 -1.0 -1.0 0.0 0.3231649824337735 0.3172066050906532 0.3596284124755736
9 951.0 0.0 -1.0 -1.0 -1.0 0.0 0.3252775687132854 0.3057850503838912 0.36893738090282335
9 952.0 0.0 -1.0 -1.0 -1.0 0.0 0.32033197159429 0.3183961971244535 0.36127183128125656
9 953.0 0.0 -1.0 -1.0 -1.0 0.0 0.3014446297594784 0.3117906570522637 0.38676471318825767
9 954.0 0.0 -1.0 -1.0 -1.0 0.0 0.29459281927855246 0.31352032445611466 0.39188685626533293
9 955.0 0.0 -1.0 -1.0 -1.0 0.0 0.3239300165095563 0.2931050600643801 0.3829649234260637
9 956.0 0.0 -1.0 -1.0 -1.0 0.0 0.35473097868888787 0.31208381249371736 0.33318520881739466
9 957.0 0.0 -1.0 -1.0 -1.0 0.0 0.3877175627179061 0.3082140390369559 0.30406839824513815
9 958.0 0.0 -1.0 -1.0 -1.0 0.0 0.34300365047121345 0.3234859988730283 0.3335103506557581
9 959.0 0.0 -1.0 -1.0 -1.0 0.0 0.36612245383340414 0.3099917309684702 0.3238858151981252
9 960.0 0.0 -1.0 -1.0 -1.0 0.0 0.32351587517218156 0.3277724474228813 0.348711677404937
9 961.0 0.0 -1.0 -1.0 -1.0 0.0 0.33391184895892556 0.32192189106276453 0.3441662599783099
9 962.0 0.0 -1.0 -1.0 -1.0 0.0 0.34648592551559154 0.31528475904889297 0.3382293154355155
9 963.0 0.0 -1.0 -1.0 -1.0 0.0 0.34480390218695506 0.32673606644937037 0.3284600313636745
9 964.0 0.0 -1.0 -1.0 -1.0 0.0 0.35519498248597103 0.3266156312493556 0.3181893862646732
9 965.0 0.0 -1.0 -1.0 -1.0 0.0 0.3591432396704106 0.3044114978943482 0.3364452624352414
9 966.0 0.0 -1.0 -1.0 -1.0 0.0 0.342606260732737 0.3139292530873544 0.3434644861799084
9 967.0 0.0 -1.0 -1.0 -1.0 0.0 0.34440283665632615 0.32877923604751735 0.3268179272961566
9 968.0 0.0 -1.0 -1.0 -1.0 0.0 0.31584539032793435 0.33757293650806625 0.34658167316399935
9 969.0 0.0 -1.0 -1.0 -1.0 0.0 0.3178385006344795 0.3369831120465432 0.34517838731897726
9 970.0 0.0 -1.0 -1.0 -1.0 0.0 0.32140311071059685 0.31954580778189023 0.35905108150751275
9 971.0 0.0 -1.0 -1.0 -1.0 0.0 0.32855016029903206 0.288381421420154 0.3830684182808139
9 972.0 0.0 -1.0 -1.0 -1.0 0.0 0.3473104586082524 0.30737139908201183 0.34531814230973595
9 973.0 0.0 -1.0 -1.0 -1.0 0.0 0.37885038559313955 0.29252723621102267 0.32862237819583767
9 974.0 0.0 -1.0 -1.0 -1.0 0.0 0.3426001443053246 0.31457744520055625 0.3428224104941193
9 975.0 0.0 -1.0 -1.0 -1.0 0.0 0.338602703086894 0.31942899281437365 0.3419683040987325
9 976.0 0.0 -1.0 -1.0 -1.0 0.0 0.31981232678097 0.3158095969220582 0.36437807629697205
9 977.0 0.0 -1.0 -1.0 -1.0 0.0 0.32962515315070995 0.2999397127033399 0.3704351341459498
9 978.0 0.0 -1.0 -1.0 -1.0 0.0 0.30318044913475667 0.3488209046813007 0.3479986461839426
9 979.0 0.0 -1.0 -1.0 -1.0 0.0 0.3210000693238666 0.32034271095563116 0.35865721972050224
9 980.0 0.0 -1.0 -1.0 -1.0 0.0 0.3091254426703777 0.34226453929636697 0.34861001803325536
9 981.0 0.0 -1.0 -1.0 -1.0 0.0 0.3094194842015726 0.3569287904902439 0.3336517253081835
9 982.0 0.0 -1.0 -1.0 -1.0 0.0 0.3358021374705328 0.34281325100559684 0.3213846115238703
9 983.0 0.0 -1.0 -1.0 -1.0 0.0 0.3206420058944569 0.3736122331727927 0.30574576093275024
9 984.0 0.0 -1.0 -1.0 -1.0 0.0 0.3389962121379647 0.31605208388966527 0.34495170397237024
9 985.0 0.0 -1.0 -1.0 -1.0 0.0 0.32413934701081615 0.34570798460646723 0.3301526683827168
9 986.0 0.0 -1.0 -1.0 -1.0 0.0 0.3341592441976679 0.35517351084472737 0.3106672449576049
9 987.0 0.0 -1.0 -1.0 -1.0 0.0 0.3282959007861915 0.36048138360300824 0.3112227156108001
9 988.0 0.0 -1.0 -1.0 -1.0 0.0 0.3576204600025859 0.34475384010319937 0.297625699894215
9 989.0 0.0 -1.0 -1.0 -1.0 0.0 0.34589992549863596 0.3358945109263859 0.31820556357497837
9 990.0 0.0 -1.0 -1.0 -1.0 0.0 0.35675804729422267 0.32895930113780136 0.31428265156797575
9 991.0 0.0 -1.0 -1.0 -1.0 0.0 0.3567417727405982 0.319796608460061 0.3234616187993407
9 992.0 0.0 -1.0 -1.0 -1.0 0.0 0.35544139157329424 0.31187436482027425 0.33268424360643145
9 993.0 0.0 -1.0 -1.0 -1.0 0.0 0.36278645456213426 0.3333635110465876 0.303850034391278
9 994.0 0.0 -1.0 -1.0 -1.0 0.0 0.32889226535708327 0.3558684894763403 0.3152392451665763
9 995.0 0.0 -1.0 -1.0 -1.0 0.0 0.33478262280567167 0.3483013767959116 0.3169160003984166
9 996.0 0.0 -1.0 -1.0 -1.0 0.0 0.31688148450872194 0.3726940948517951 0.3104244206394831
9 997.0 0.0 -1.0 -1.0 -1.0 0.0 0.31822369122133887 0.371809363001511 0.30996694577715006
9 998.0 0.0 -1.0 -1.0 -1.0 0.0 0.3090099967747788 0.37513847753586 0.31585152568936165
9 999.0 0.0 -1.0 -1.0 -1.0 0.0 0.29075560360199065 0.36776701110766497 0.3414773852903445
9 1000.0 0.0 -1.0 -1.0 -1.0 0.0 0.31355487549530336 0.3479819583193081 0.3384631661853885
1000000000000000000000000000000000000000000000000000000000000000000000000000000000000000000000000000
-1.0
solo con 1: -100.0
