9 0.0 4.0 -41.0 -158.0 -98.84 49.622559222982275 0.3333333333333333 0.3333333333333333 0.3333333333333333
9 1.0 76.0 -40.0 -155.0 -76.33 44.924190914171504 0.3149849416771307 0.25497431019782957 0.4300407481250398
9 2.0 43.0 -40.0 -155.0 -63.26 37.266883503461976 0.28670034450518683 0.21250338173433597 0.5007962737604772
9 3.0 93.0 -36.0 -152.0 -53.94 29.67188241518569 0.270678319263788 0.18765415325174342 0.5416675274844686
9 4.0 0.0 -36.0 -152.0 -50.97 28.804971161873496 0.24512333064141706 0.17001883584242625 0.5848578335161568
9 5.0 67.0 -35.0 -151.0 -46.53 25.559775453084907 0.21704465066302614 0.1613225620616769 0.621632787275297
9 6.0 93.0 -29.0 -150.0 -42.51 21.186757346717474 0.1793432438832543 0.15175904551091882 0.6688977106058269
9 7.0 91.0 -28.0 -150.0 -38.49 16.203563020072295 0.16780556032141725 0.12436578181146456 0.7078286578671182
9 8.0 91.0 -28.0 -150.0 -35.83 16.19268758770858 0.16559134043139515 0.11715594678798605 0.7172527127806189
9 9.0 13.0 -28.0 -53.0 -31.79 3.9087960894227867 0.16875935931555872 0.11808194286451666 0.7131586978199245
9 10.0 34.0 -26.0 -42.0 -29.56 2.731484962618336 0.17683075575743185 0.11298096564027946 0.710188278602289
9 11.0 62.0 -23.0 -42.0 -27.79 2.5437385991107773 0.16528176539184575 0.10556698555162161 0.7291512490565322
9 12.0 20.0 -23.0 -39.0 -25.79 2.2032803826214327 0.15619860004659977 0.10802562021939066 0.7357757797340091
9 13.0 20.0 -19.0 -31.0 -24.35 2.1759706994462222 0.14877811136175598 0.09961660622935778 0.7516052824088862
9 14.0 28.0 -18.0 -30.0 -22.56 2.3626726862225804 0.14829112210141146 0.0908727888587444 0.7608360890398446
9 15.0 22.0 -16.0 -30.0 -20.81 2.4728628156552697 0.15745186359185173 0.08445659659544066 0.7580915398127078
9 16.0 22.0 -16.0 -30.0 -19.27 2.489797363058069 0.16565023957448355 0.08610720031013887 0.7482425601153777
9 17.0 13.0 -15.0 -30.0 -17.94 2.1168873662082555 0.15996184696119534 0.0861048215586248 0.7539333314801798
9 18.0 31.0 -14.0 -30.0 -16.63 1.9931954953863127 0.16379776579342434 0.09202237098595217 0.7441798632206232
9 19.0 52.0 -13.0 -30.0 -15.67 2.0402762736274886 0.15835126989043272 0.11781237827448368 0.7238363518350837
9 20.0 38.0 -12.0 -30.0 -14.64 2.101081972352686 0.1567914357628622 0.1141756777178941 0.7290328865192438
9 21.0 8.0 -11.0 -30.0 -13.63 2.2457816798467665 0.1589776730811736 0.09792435705181385 0.7430979698670122
9 22.0 46.0 -10.0 -30.0 -12.69 2.130561646442767 0.13718914560244436 0.09267623022243834 0.7701346241751175
9 23.0 8.0 -10.0 -18.0 -11.77 1.3622248586986523 0.14166483561759996 0.09185815155804126 0.7664770128243588
9 24.0 10.0 -9.0 -18.0 -10.99 1.4177446878757827 0.1268159014472983 0.09103317869088853 0.7821509198618131
9 25.0 72.0 -7.0 -15.0 -9.95 1.1752927853573896 0.1406856180393003 0.0933371584106985 0.765977223550001
9 26.0 87.0 -6.0 -14.0 -9.06 1.2294369245777326 0.12250411662738384 0.1016464384228068 0.7758494449498091
9 27.0 93.0 -5.0 -14.0 -8.12 1.3504956067453104 0.11223185395002325 0.11173728476810424 0.7760308612818725
9 28.0 18.0 -5.0 -12.0 -7.18 1.2008414558217921 0.11472797605746474 0.12493872184733787 0.7603333020951974
9 29.0 56.0 -4.0 -10.0 -6.28 1.0158342344689866 0.12566068983836157 0.12204218876121421 0.7522971214004245
9 30.0 0.0 -4.0 -10.0 -5.69 1.0317681205316696 0.11771664373978591 0.1353936770729249 0.7468896791872891
9 31.0 21.0 -3.0 -8.0 -5.09 0.7925792188682577 0.12913386538460425 0.1408982215732361 0.7299679130421595
9 32.0 21.0 -3.0 -8.0 -4.53 0.8927881647236973 0.12680393751023533 0.1345351278126956 0.7386609346770692
9 33.0 83.0 -2.0 -8.0 -3.99 0.9691712590109812 0.1298520607325113 0.13157186385700728 0.7385760754104815
9 34.0 6.0 -2.0 -7.0 -3.38 0.7625051746802387 0.13153380422965866 0.13768266098357515 0.730783534786766
9 35.0 6.0 -2.0 -5.0 -2.95 0.6415731927193978 0.1551158977575311 0.14981684445246482 0.695067257790004
9 36.0 57.0 -1.0 -4.0 -2.49 0.5945034427438953 0.1883053141914981 0.15651236919415593 0.6551823166143462
9 37.0 1.0 -1.0 -4.0 -2.17 0.620442982835244 0.17073183844775502 0.1638022367107155 0.6654659248415293
9 38.0 1.0 -1.0 -3.0 -1.77 0.6171783299088612 0.16217118694540833 0.16840892236076274 0.6694198906938289
9 39.0 0.0 -1.0 -3.0 -1.36 0.5949280577846316 0.16293790124220273 0.15732955051172512 0.679732548246072
9 40.0 0.0 -1.0 -3.0 -1.16 0.4431293675255982 0.19026026309780325 0.1991298554230011 0.6106098814791959
9 41.0 0.0 -1.0 -3.0 -1.11 0.3450955072018603 0.24231952323240397 0.24057929267833494 0.517101184089261
9 42.0 0.0 -1.0 -3.0 -1.06 0.277797979063414 0.25276037079266145 0.26056356517923623 0.4866760640281025
9 43.0 0.0 -1.0 -2.0 -1.03 0.1714466079977652 0.2741231687563285 0.2790353006095592 0.446841530634112
9 44.0 0.0 -1.0 -2.0 -1.02 0.14070529413628963 0.3002715598896168 0.2737135266990636 0.4260149134113198
9 45.0 0.0 -1.0 -2.0 -1.02 0.14070529413628963 0.32531216763098664 0.2861955745450305 0.3884922578239828
9 46.0 0.0 -1.0 -2.0 -1.02 0.14070529413628963 0.35290139854838354 0.28385439303188326 0.3632442084197334
9 47.0 0.0 -1.0 -1.0 -1.0 0.0 0.3186991668520978 0.32420632272680777 0.35709451042109414
9 48.0 0.0 -1.0 -1.0 -1.0 0.0 0.3217257414133172 0.3283302861672984 0.3499439724193845
9 49.0 0.0 -1.0 -1.0 -1.0 0.0 0.33900680045058385 0.3292471251938458 0.3317460743555703
9 50.0 0.0 -1.0 -1.0 -1.0 0.0 0.3647420038078142 0.3040341931858979 0.3312238030062875
9 51.0 0.0 -1.0 -1.0 -1.0 0.0 0.35240873699483205 0.32331147687785694 0.3242797861273111
9 52.0 0.0 -1.0 -1.0 -1.0 0.0 0.352861446567969 0.3116756633211206 0.33546289011091046
9 53.0 0.0 -1.0 -1.0 -1.0 0.0 0.342163623919036 0.3286502470274481 0.32918612905351613
9 54.0 0.0 -1.0 -1.0 -1.0 0.0 0.3398121933933603 0.32694189057632095 0.33324591603031883
9 55.0 0.0 -1.0 -1.0 -1.0 0.0 0.31513281804488175 0.33901263739927273 0.3458545445558454
9 56.0 0.0 -1.0 -1.0 -1.0 0.0 0.33223633204599856 0.3353732543767578 0.33239041357724375
9 57.0 0.0 -1.0 -1.0 -1.0 0.0 0.30122524037908166 0.34028101508279873 0.35849374453811955
9 58.0 0.0 -1.0 -1.0 -1.0 0.0 0.30201506246822984 0.36246515228869236 0.335519785243078
9 59.0 0.0 -1.0 -1.0 -1.0 0.0 0.29702616223339373 0.35581776981803964 0.34715606794856685
9 60.0 0.0 -1.0 -1.0 -1.0 0.0 0.2846569610628026 0.3397091530332103 0.375633885903987
9 61.0 0.0 -1.0 -1.0 -1.0 0.0 0.3402495463056557 0.33269127163082535 0.3270591820635187
9 62.0 0.0 -1.0 -1.0 -1.0 0.0 0.3699229460994142 0.32129000824512716 0.3087870456554587
9 63.0 0.0 -1.0 -1.0 -1.0 0.0 0.37086819221093603 0.3319821183743825 0.29714968941468145
9 64.0 0.0 -1.0 -1.0 -1.0 0.0 0.40579231032145635 0.33000940087167235 0.2641982888068713
9 65.0 0.0 -1.0 -1.0 -1.0 0.0 0.38103412768989303 0.32006708763698355 0.2988987846731233
9 66.0 0.0 -1.0 -1.0 -1.0 0.0 0.3880496102184366 0.3155898372971971 0.2963605524843663
9 67.0 0.0 -1.0 -1.0 -1.0 0.0 0.3848276888526235 0.3051166965655278 0.31005561458184877
9 68.0 0.0 -1.0 -1.0 -1.0 0.0 0.35115289919569237 0.3225986829571126 0.32624841784719494
9 69.0 0.0 -1.0 -1.0 -1.0 0.0 0.3386188700522903 0.339944461415808 0.32143666853190167
9 70.0 0.0 -1.0 -1.0 -1.0 0.0 0.33857481666546385 0.29736742013945056 0.3640577631950857
9 71.0 0.0 -1.0 -1.0 -1.0 0.0 0.34942657392970844 0.3013390939582057 0.3492343321120859
9 72.0 0.0 -1.0 -1.0 -1.0 0.0 0.3796027152673113 0.2960140026677953 0.3243832820648935
9 73.0 0.0 -1.0 -1.0 -1.0 0.0 0.37665491131960815 0.3038774345291271 0.3194676541512649
9 74.0 0.0 -1.0 -1.0 -1.0 0.0 0.3681338932133098 0.30145556933141693 0.33041053745527327
9 75.0 0.0 -1.0 -1.0 -1.0 0.0 0.33091052179305636 0.32504474069895595 0.3440447375079878
9 76.0 0.0 -1.0 -1.0 -1.0 0.0 0.32471507918578174 0.3402961819278152 0.33498873888640296
9 77.0 0.0 -1.0 -1.0 -1.0 0.0 0.31086923042335335 0.3418691430144867 0.34726162656216003
9 78.0 0.0 -1.0 -1.0 -1.0 0.0 0.3053389204805357 0.341746200608402 0.3529148789110622
9 79.0 0.0 -1.0 -1.0 -1.0 0.0 0.30235705335444135 0.3433986008907938 0.3542443457547649
9 80.0 0.0 -1.0 -1.0 -1.0 0.0 0.29379346883957846 0.35310644638619193 0.35310008477422955
9 81.0 0.0 -1.0 -1.0 -1.0 0.0 0.32997232116096614 0.3326359567989892 0.33739172204004464
9 82.0 0.0 -1.0 -1.0 -1.0 0.0 0.3589471198278858 0.291679284824553 0.3493735953475611
9 83.0 0.0 -1.0 -1.0 -1.0 0.0 0.32956867114415955 0.31582589569324027 0.3546054331626
9 84.0 0.0 -1.0 -1.0 -1.0 0.0 0.33799631175951533 0.31467344357107196 0.3473302446694126
9 85.0 0.0 -1.0 -1.0 -1.0 0.0 0.3396467772340132 0.3027126830789017 0.35764053968708504
9 86.0 0.0 -1.0 -1.0 -1.0 0.0 0.31362829970193823 0.31940279726520204 0.3669689030328597
9 87.0 0.0 -1.0 -1.0 -1.0 0.0 0.311148898373205 0.3076154931969167 0.3812356084298782
9 88.0 0.0 -1.0 -1.0 -1.0 0.0 0.3362140789903274 0.2881035413936576 0.37568237961601497
9 89.0 0.0 -1.0 -1.0 -1.0 0.0 0.3292310195357602 0.306876671477203 0.3638923089870369
9 90.0 0.0 -1.0 -1.0 -1.0 0.0 0.3556970908124624 0.2826263706832367 0.36167653850430076
9 91.0 0.0 -1.0 -1.0 -1.0 0.0 0.3351638358021149 0.2960310388053821 0.36880512539250276
9 92.0 0.0 -1.0 -1.0 -1.0 0.0 0.3481236149063929 0.32171047560045224 0.33016590949315483
9 93.0 0.0 -1.0 -1.0 -1.0 0.0 0.33821048480140453 0.31491627066782024 0.34687324453077506
9 94.0 0.0 -1.0 -1.0 -1.0 0.0 0.327729565704842 0.3315815480860402 0.3406888862091179
9 95.0 0.0 -1.0 -1.0 -1.0 0.0 0.347690191723953 0.3434998047017869 0.30881000357426003
9 96.0 0.0 -1.0 -1.0 -1.0 0.0 0.34288297987202987 0.33270364999499835 0.3244133701329719
9 97.0 0.0 -1.0 -1.0 -1.0 0.0 0.3245754232587762 0.36900825772040285 0.30641631902082095
9 98.0 0.0 -1.0 -1.0 -1.0 0.0 0.33838900764013424 0.34724375246900324 0.31436723989086274
9 99.0 0.0 -1.0 -1.0 -1.0 0.0 0.3214074142367973 0.3369945169177896 0.34159806884541305
9 100.0 0.0 -1.0 -1.0 -1.0 0.0 0.34049856430495123 0.3152798574881713 0.3442215782068772
9 101.0 0.0 -1.0 -1.0 -1.0 0.0 0.34952242951229834 0.31192136205966786 0.3385562084280339
9 102.0 0.0 -1.0 -1.0 -1.0 0.0 0.328166085927966 0.31347934465960847 0.3583545694124255
9 103.0 0.0 -1.0 -1.0 -1.0 0.0 0.328125117367244 0.32015289419458876 0.35172198843816743
9 104.0 0.0 -1.0 -1.0 -1.0 0.0 0.32712944926558946 0.3150485963134119 0.3578219544209986
9 105.0 0.0 -1.0 -1.0 -1.0 0.0 0.3378123762773001 0.32917829217283784 0.3330093315498621
9 106.0 0.0 -1.0 -1.0 -1.0 0.0 0.3349382365522786 0.3403728368923011 0.3246889265554204
9 107.0 0.0 -1.0 -1.0 -1.0 0.0 0.3486544005646444 0.32559829482349323 0.3257473046118624
9 108.0 0.0 -1.0 -1.0 -1.0 0.0 0.3603614088431474 0.3019285908928062 0.33771000026404635
9 109.0 0.0 -1.0 -1.0 -1.0 0.0 0.3682470026342326 0.3009972827854198 0.3307557145803476
9 110.0 0.0 -1.0 -1.0 -1.0 0.0 0.3523628573136895 0.31772991116810473 0.32990723151820567
9 111.0 0.0 -1.0 -1.0 -1.0 0.0 0.36523846684207795 0.3297997154700119 0.30496181768791014
9 112.0 0.0 -1.0 -1.0 -1.0 0.0 0.35416713797538096 0.33738689771263575 0.30844596431198334
9 113.0 0.0 -1.0 -1.0 -1.0 0.0 0.3279779893040387 0.33938091344312327 0.33264109725283825
9 114.0 0.0 -1.0 -1.0 -1.0 0.0 0.31475245732502327 0.34497005935463165 0.34027748332034496
9 115.0 0.0 -1.0 -1.0 -1.0 0.0 0.31092875834470113 0.3594040996055604 0.3296671420497384
9 116.0 0.0 -1.0 -1.0 -1.0 0.0 0.3278515377180253 0.3403845618154726 0.33176390046650217
9 117.0 0.0 -1.0 -1.0 -1.0 0.0 0.31279458796869375 0.34128676573270444 0.3459186462986017
9 118.0 0.0 -1.0 -1.0 -1.0 0.0 0.3114167832801496 0.3357242351348326 0.3528589815850177
9 119.0 0.0 -1.0 -1.0 -1.0 0.0 0.3171520772816701 0.34359391464663114 0.33925400807169853
9 120.0 0.0 -1.0 -1.0 -1.0 0.0 0.3436896307092895 0.3166894825807092 0.3396208867100014
9 121.0 0.0 -1.0 -1.0 -1.0 0.0 0.3277133694072297 0.3376278612062712 0.33465876938649913
9 122.0 0.0 -1.0 -1.0 -1.0 0.0 0.31769201684747944 0.3552466540085221 0.32706132914399866
9 123.0 0.0 -1.0 -1.0 -1.0 0.0 0.3127680256498836 0.3685875494101241 0.3186444249399923
9 124.0 0.0 -1.0 -1.0 -1.0 0.0 0.3029620417810687 0.3616324126761132 0.3354055455428182
9 125.0 0.0 -1.0 -1.0 -1.0 0.0 0.29702014269370614 0.3271209117647754 0.3758589455415185
9 126.0 0.0 -1.0 -1.0 -1.0 0.0 0.3007150937671073 0.3173758104500799 0.38190909578281285
9 127.0 0.0 -1.0 -1.0 -1.0 0.0 0.3101800922245497 0.3225789765508314 0.3672409312246189
9 128.0 0.0 -1.0 -1.0 -1.0 0.0 0.3324701599435897 0.321979143974164 0.34555069608224664
9 129.0 0.0 -1.0 -1.0 -1.0 0.0 0.34406505438721113 0.3250804702540913 0.3308544753586974
9 130.0 0.0 -1.0 -1.0 -1.0 0.0 0.34696034101880796 0.32624253749661736 0.32679712148457474
9 131.0 0.0 -1.0 -1.0 -1.0 0.0 0.37151623940271217 0.3254855229101137 0.30299823768717415
9 132.0 0.0 -1.0 -1.0 -1.0 0.0 0.3679460465788662 0.3263854087717153 0.3056685446494183
9 133.0 0.0 -1.0 -1.0 -1.0 0.0 0.32530355271049344 0.34005621181370266 0.3346402354758041
9 134.0 0.0 -1.0 -1.0 -1.0 0.0 0.3289904072731565 0.3127390656671603 0.35827052705968315
9 135.0 0.0 -1.0 -1.0 -1.0 0.0 0.3376202130400939 0.31834215468696525 0.3440376322729409
9 136.0 0.0 -1.0 -1.0 -1.0 0.0 0.33247956871938883 0.33093082022026155 0.33658961106034985
9 137.0 0.0 -1.0 -1.0 -1.0 0.0 0.32219781030145406 0.35603409959833954 0.3217680901002067
9 138.0 0.0 -1.0 -1.0 -1.0 0.0 0.329890615286318 0.34864968063851004 0.32145970407517166
9 139.0 0.0 -1.0 -1.0 -1.0 0.0 0.3316980673740595 0.3499762631789319 0.3183256694470085
9 140.0 0.0 -1.0 -1.0 -1.0 0.0 0.31992966525870165 0.3629199639978644 0.3171503707434339
9 141.0 0.0 -1.0 -1.0 -1.0 0.0 0.3387220926800435 0.3631912798802436 0.29808662743971287
9 142.0 0.0 -1.0 -1.0 -1.0 0.0 0.34203929850873666 0.3348750108723073 0.323085690618956
9 143.0 0.0 -1.0 -1.0 -1.0 0.0 0.3280731529934956 0.3413288095121673 0.33059803749433736
9 144.0 0.0 -1.0 -1.0 -1.0 0.0 0.33974457311168066 0.33653301256676343 0.32372241432155563
9 145.0 0.0 -1.0 -1.0 -1.0 0.0 0.33394040292634924 0.33554823706267956 0.33051136001097137
9 146.0 0.0 -1.0 -1.0 -1.0 0.0 0.3060413833966218 0.34968970503882674 0.34426891156455147
9 147.0 0.0 -1.0 -1.0 -1.0 0.0 0.3214346748071813 0.32183027491791516 0.35673505027490365
9 148.0 0.0 -1.0 -1.0 -1.0 0.0 0.32884357538088405 0.3214281298929449 0.34972829472617084
9 149.0 0.0 -1.0 -1.0 -1.0 0.0 0.3305528111347968 0.3351123742760307 0.3343348145891723
9 150.0 0.0 -1.0 -1.0 -1.0 0.0 0.3456400125655082 0.32143872345190083 0.3329212639825908
9 151.0 0.0 -1.0 -1.0 -1.0 0.0 0.34591023136450333 0.3463246559188481 0.30776511271664825
9 152.0 0.0 -1.0 -1.0 -1.0 0.0 0.3461452965529497 0.3495314379415 0.30432326550555
9 153.0 0.0 -1.0 -1.0 -1.0 0.0 0.3561704648313868 0.3420786098250319 0.30175092534358133
9 154.0 0.0 -1.0 -1.0 -1.0 0.0 0.34546950731427567 0.33402932395840296 0.32050116872732154
9 155.0 0.0 -1.0 -1.0 -1.0 0.0 0.3502610511300358 0.30403264461495705 0.34570630425500715
9 156.0 0.0 -1.0 -1.0 -1.0 0.0 0.35316129136653696 0.3027876958383258 0.34405101279513706
9 157.0 0.0 -1.0 -1.0 -1.0 0.0 0.3684702845960319 0.3043267892397582 0.32720292616421
9 158.0 0.0 -1.0 -1.0 -1.0 0.0 0.3512034123090782 0.3240207610438828 0.32477582664703925
9 159.0 0.0 -1.0 -1.0 -1.0 0.0 0.351348951051124 0.32814528649499564 0.32050576245388074
9 160.0 0.0 -1.0 -1.0 -1.0 0.0 0.35944669180130007 0.32798215758800475 0.31257115061069507
9 161.0 0.0 -1.0 -1.0 -1.0 0.0 0.3589739441704095 0.3095051469157465 0.3315209089138439
9 162.0 0.0 -1.0 -1.0 -1.0 0.0 0.3577417635943829 0.3209566283642604 0.3213016080413568
9 163.0 0.0 -1.0 -1.0 -1.0 0.0 0.3708192909969095 0.29488971455066076 0.3342909944524297
9 164.0 0.0 -1.0 -1.0 -1.0 0.0 0.3733763279648171 0.30613503572058814 0.3204886363145947
9 165.0 0.0 -1.0 -1.0 -1.0 0.0 0.3555430717777145 0.3088477209510057 0.33560920727128
9 166.0 0.0 -1.0 -1.0 -1.0 0.0 0.35755629888527074 0.3071809880135612 0.3352627131011681
9 167.0 0.0 -1.0 -1.0 -1.0 0.0 0.3434893813671735 0.30776671488034546 0.348743903752481
9 168.0 0.0 -1.0 -1.0 -1.0 0.0 0.33467390009961606 0.3126144483418729 0.3527116515585112
9 169.0 0.0 -1.0 -1.0 -1.0 0.0 0.3226603311889413 0.3082205550604362 0.3691191137506224
9 170.0 0.0 -1.0 -1.0 -1.0 0.0 0.31776440469490586 0.3087392938509188 0.37349630145417506
9 171.0 0.0 -1.0 -1.0 -1.0 0.0 0.3319920331553419 0.3025339516402756 0.3654740152043822
9 172.0 0.0 -1.0 -1.0 -1.0 0.0 0.331886410735772 0.3365683570390788 0.33154523222514926
9 173.0 0.0 -1.0 -1.0 -1.0 0.0 0.3555311806636935 0.32395853122602836 0.3205102881102782
9 174.0 0.0 -1.0 -1.0 -1.0 0.0 0.346042593758732 0.3341674298344694 0.31978997640679885
9 175.0 0.0 -1.0 -1.0 -1.0 0.0 0.3614370174124621 0.3312445921477547 0.3073183904397835
9 176.0 0.0 -1.0 -1.0 -1.0 0.0 0.3651240663787714 0.33086509009218046 0.30401084352904806
9 177.0 0.0 -1.0 -1.0 -1.0 0.0 0.34149110986916675 0.3389679590272507 0.31954093110358256
9 178.0 0.0 -1.0 -1.0 -1.0 0.0 0.31651105188675915 0.3614531916262516 0.3220357564869892
9 179.0 0.0 -1.0 -1.0 -1.0 0.0 0.31812551700817787 0.34963128333277693 0.33224319965904514
9 180.0 0.0 -1.0 -1.0 -1.0 0.0 0.29109195406223465 0.366610439719236 0.3422976062185294
9 181.0 0.0 -1.0 -1.0 -1.0 0.0 0.2752064755383525 0.3696537572756791 0.3551397671859685
9 182.0 0.0 -1.0 -1.0 -1.0 0.0 0.26560147545191737 0.34019667121834923 0.3942018533297334
9 183.0 0.0 -1.0 -1.0 -1.0 0.0 0.2801713184807761 0.2941430881387122 0.42568559338051204
9 184.0 0.0 -1.0 -1.0 -1.0 0.0 0.27243388271675256 0.3070447586026711 0.42052135868057655
9 185.0 0.0 -1.0 -1.0 -1.0 0.0 0.29114542732776205 0.32609225838217604 0.3827623142900618
9 186.0 0.0 -1.0 -1.0 -1.0 0.0 0.3131717527837065 0.32120676777737733 0.36562147943891615
9 187.0 0.0 -1.0 -1.0 -1.0 0.0 0.32686114270725874 0.32846839597501337 0.34467046131772755
9 188.0 0.0 -1.0 -1.0 -1.0 0.0 0.3433625238199853 0.3362750681706034 0.32036240800941124
9 189.0 0.0 -1.0 -1.0 -1.0 0.0 0.3221794865630961 0.3504643671561534 0.3273561462807502
9 190.0 0.0 -1.0 -1.0 -1.0 0.0 0.3055159817890948 0.3636197943904459 0.3308642238204596
9 191.0 0.0 -1.0 -1.0 -1.0 0.0 0.3006647947095615 0.35922649953006663 0.34010870576037205
9 192.0 0.0 -1.0 -1.0 -1.0 0.0 0.3189047255827455 0.36604989577554037 0.3150453786417141
9 193.0 0.0 -1.0 -1.0 -1.0 0.0 0.3052392788926973 0.367343740737535 0.32741698036976763
9 194.0 0.0 -1.0 -1.0 -1.0 0.0 0.30824615645012043 0.37406041913904964 0.3176934244108296
9 195.0 0.0 -1.0 -1.0 -1.0 0.0 0.31280000457492646 0.35300426281446357 0.3341957326106101
9 196.0 0.0 -1.0 -1.0 -1.0 0.0 0.3094758000984213 0.36183059281112057 0.3286936070904581
9 197.0 0.0 -1.0 -1.0 -1.0 0.0 0.3114778709273997 0.34251421086365313 0.3460079182089472
9 198.0 0.0 -1.0 -1.0 -1.0 0.0 0.32485608186604764 0.3299068675842401 0.3452370505497124
9 199.0 0.0 -1.0 -1.0 -1.0 0.0 0.3154128142881104 0.3164065701049265 0.36818061560696286
9 200.0 0.0 -1.0 -1.0 -1.0 0.0 0.317444046664097 0.3281167063801533 0.3544392469557498
9 201.0 0.0 -1.0 -1.0 -1.0 0.0 0.31906534495086464 0.34398859345505345 0.336946061594082
9 202.0 0.0 -1.0 -1.0 -1.0 0.0 0.3170909671579004 0.38363215348805274 0.29927687935404684
9 203.0 0.0 -1.0 -1.0 -1.0 0.0 0.3363703417744847 0.3664177707706873 0.2972118874548279
9 204.0 0.0 -1.0 -1.0 -1.0 0.0 0.30439910203459486 0.38132738786288445 0.3142735101025207
9 205.0 0.0 -1.0 -1.0 -1.0 0.0 0.3037349066973827 0.37513482156224787 0.32113027174036946
9 206.0 0.0 -1.0 -1.0 -1.0 0.0 0.311490844027906 0.3322013784258065 0.35630777754628745
9 207.0 0.0 -1.0 -1.0 -1.0 0.0 0.3281253895883737 0.33533345155221317 0.3365411588594131
9 208.0 0.0 -1.0 -1.0 -1.0 0.0 0.31292122010134854 0.3482508084359002 0.33882797146275123
9 209.0 0.0 -1.0 -1.0 -1.0 0.0 0.28667818382861876 0.3537273020057568 0.3595945141656245
9 210.0 0.0 -1.0 -1.0 -1.0 0.0 0.302179499698785 0.35668652118097144 0.34113397912024374
9 211.0 0.0 -1.0 -1.0 -1.0 0.0 0.3216996068333311 0.3476997684199259 0.33060062474674284
9 212.0 0.0 -1.0 -1.0 -1.0 0.0 0.3073556285369974 0.3608604564538226 0.33178391500918
9 213.0 0.0 -1.0 -1.0 -1.0 0.0 0.29527245575346556 0.3539781695336085 0.3507493747129258
9 214.0 0.0 -1.0 -1.0 -1.0 0.0 0.27283469331070503 0.35635569249032395 0.37080961419897085
9 215.0 0.0 -1.0 -1.0 -1.0 0.0 0.2899832504749713 0.3367193900805185 0.37329735944451015
9 216.0 0.0 -1.0 -1.0 -1.0 0.0 0.28697696759239294 0.3425321085257674 0.37049092388183985
9 217.0 0.0 -1.0 -1.0 -1.0 0.0 0.30454189913197044 0.3101334002769804 0.38532470059104923
9 218.0 0.0 -1.0 -1.0 -1.0 0.0 0.3288217608670504 0.2814140067327828 0.3897642324001668
9 219.0 0.0 -1.0 -1.0 -1.0 0.0 0.341139582858261 0.2660853398230109 0.3927750773187278
9 220.0 0.0 -1.0 -1.0 -1.0 0.0 0.3286378601728167 0.2889715119869673 0.38239062784021605
9 221.0 0.0 -1.0 -1.0 -1.0 0.0 0.3319314665612277 0.3177312769983858 0.3503372564403863
9 222.0 0.0 -1.0 -1.0 -1.0 0.0 0.3157229877696922 0.35345493320751287 0.33082207902279476
9 223.0 0.0 -1.0 -1.0 -1.0 0.0 0.3349461989350476 0.3170319099283241 0.34802189113662835
9 224.0 0.0 -1.0 -1.0 -1.0 0.0 0.3131797245778355 0.3185421383681081 0.3682781370540564
9 225.0 0.0 -1.0 -1.0 -1.0 0.0 0.2862606725720718 0.33532915893363724 0.3784101684942911
9 226.0 0.0 -1.0 -1.0 -1.0 0.0 0.28790939416775196 0.3323422629321686 0.37974834290007925
9 227.0 0.0 -1.0 -1.0 -1.0 0.0 0.3011550726676472 0.3395478007773328 0.35929712655502
9 228.0 0.0 -1.0 -1.0 -1.0 0.0 0.3099610450800426 0.3435159580433871 0.3465229968765705
9 229.0 0.0 -1.0 -1.0 -1.0 0.0 0.31057366456837204 0.35144796265903994 0.3379783727725878
9 230.0 0.0 -1.0 -1.0 -1.0 0.0 0.3050158488568908 0.34197094268346484 0.35301320845964407
9 231.0 0.0 -1.0 -1.0 -1.0 0.0 0.31031001199274555 0.3551263247880068 0.3345636632192475
9 232.0 0.0 -1.0 -1.0 -1.0 0.0 0.306154701795194 0.35626799775155926 0.33757730045324696
9 233.0 0.0 -1.0 -1.0 -1.0 0.0 0.333274159243869 0.3211909336648717 0.34553490709125934
9 234.0 0.0 -1.0 -1.0 -1.0 0.0 0.3544592348451968 0.32584552504210285 0.3196952401127004
9 235.0 0.0 -1.0 -1.0 -1.0 0.0 0.36416265733697506 0.3231537002289761 0.31268364243404906
9 236.0 0.0 -1.0 -1.0 -1.0 0.0 0.36540722283387106 0.3195627289328247 0.3150300482333041
9 237.0 0.0 -1.0 -1.0 -1.0 0.0 0.3827479917673212 0.311715026396125 0.30553698183655364
9 238.0 0.0 -1.0 -1.0 -1.0 0.0 0.362815218215484 0.3313828550910411 0.3058019266934749
9 239.0 0.0 -1.0 -1.0 -1.0 0.0 0.3500641113844922 0.35120985214013006 0.2987260364753776
9 240.0 0.0 -1.0 -1.0 -1.0 0.0 0.31779191996330153 0.35189488313599765 0.3303131969007007
9 241.0 0.0 -1.0 -1.0 -1.0 0.0 0.32902466467273334 0.3532885950688712 0.3176867402583954
9 242.0 0.0 -1.0 -1.0 -1.0 0.0 0.3527543261284977 0.3250312419968327 0.3222144318746698
9 243.0 0.0 -1.0 -1.0 -1.0 0.0 0.33577055349699303 0.3286760880923553 0.3355533584106517
9 244.0 0.0 -1.0 -1.0 -1.0 0.0 0.32362002228649417 0.3375380007645732 0.3388419769489326
9 245.0 0.0 -1.0 -1.0 -1.0 0.0 0.3038069473243929 0.3433445778083171 0.35284847486729015
9 246.0 0.0 -1.0 -1.0 -1.0 0.0 0.30643995142207464 0.34071947211231524 0.3528405764656102
9 247.0 0.0 -1.0 -1.0 -1.0 0.0 0.30352559206637736 0.35392902451164404 0.34254538342197877
9 248.0 0.0 -1.0 -1.0 -1.0 0.0 0.3183610786870238 0.3439587947483968 0.3376801265645794
9 249.0 0.0 -1.0 -1.0 -1.0 0.0 0.33289959507412276 0.32291803078149817 0.34418237414437913
9 250.0 0.0 -1.0 -1.0 -1.0 0.0 0.32955904583344414 0.34625174000330106 0.32418921416325475
9 251.0 0.0 -1.0 -1.0 -1.0 0.0 0.3344983614137406 0.3491014107104517 0.31640022787580796
9 252.0 0.0 -1.0 -1.0 -1.0 0.0 0.3703430980299144 0.3289504076217296 0.3007064943483561
9 253.0 0.0 -1.0 -1.0 -1.0 0.0 0.37665373361835613 0.3178297768962939 0.3055164894853497
9 254.0 0.0 -1.0 -1.0 -1.0 0.0 0.37358749043669925 0.31004728075998417 0.31636522880331625
9 255.0 0.0 -1.0 -1.0 -1.0 0.0 0.35228805276538444 0.3013793756705507 0.34633257156406494
9 256.0 0.0 -1.0 -1.0 -1.0 0.0 0.3389311271900633 0.30322251025231434 0.3578463625576223
9 257.0 0.0 -1.0 -1.0 -1.0 0.0 0.31920895799479654 0.32044770300836456 0.36034333899683885
9 258.0 0.0 -1.0 -1.0 -1.0 0.0 0.3528998965413215 0.3055471432543455 0.34155296020433296
9 259.0 0.0 -1.0 -1.0 -1.0 0.0 0.3851050786182207 0.2704518192086856 0.34444310217309393
9 260.0 0.0 -1.0 -1.0 -1.0 0.0 0.377647435753609 0.2592006781120972 0.36315188613429394
9 261.0 0.0 -1.0 -1.0 -1.0 0.0 0.34200061938910536 0.2946330895867991 0.36336629102409534
9 262.0 0.0 -1.0 -1.0 -1.0 0.0 0.3378547446418584 0.30343026466616485 0.3587149906919768
9 263.0 0.0 -1.0 -1.0 -1.0 0.0 0.3239588685357041 0.30193240736959004 0.37410872409470586
9 264.0 0.0 -1.0 -1.0 -1.0 0.0 0.3617712111361827 0.27090352066779866 0.3673252681960188
9 265.0 0.0 -1.0 -1.0 -1.0 0.0 0.3725060521742202 0.29077580094354766 0.3367181468822323
9 266.0 0.0 -1.0 -1.0 -1.0 0.0 0.36007362749043886 0.3081212055532747 0.33180516695628653
9 267.0 0.0 -1.0 -1.0 -1.0 0.0 0.3790052381586155 0.3175870573539912 0.30340770448739346
9 268.0 0.0 -1.0 -1.0 -1.0 0.0 0.3672353909458396 0.31816183687762595 0.3146027721765342
9 269.0 0.0 -1.0 -1.0 -1.0 0.0 0.3507957734535781 0.3166832839462142 0.3325209426002078
9 270.0 0.0 -1.0 -1.0 -1.0 0.0 0.36265089170656883 0.33136715443002546 0.3059819538634054
9 271.0 0.0 -1.0 -1.0 -1.0 0.0 0.36559623810012 0.33714314922589156 0.2972606126739885
9 272.0 0.0 -1.0 -1.0 -1.0 0.0 0.3795346339387198 0.33376745103761535 0.2866979150236649
9 273.0 0.0 -1.0 -1.0 -1.0 0.0 0.3714193863397462 0.32058549768970834 0.30799511597054574
9 274.0 0.0 -1.0 -1.0 -1.0 0.0 0.3690282447282417 0.3240945295739072 0.30687722569785086
9 275.0 0.0 -1.0 -1.0 -1.0 0.0 0.37432842640257996 0.3033437220954695 0.32232785150195054
9 276.0 0.0 -1.0 -1.0 -1.0 0.0 0.3679040925814675 0.31838541448919466 0.3137104929293379
9 277.0 0.0 -1.0 -1.0 -1.0 0.0 0.36534889831125783 0.3188345192243273 0.315816582464415
9 278.0 0.0 -1.0 -1.0 -1.0 0.0 0.322393323869078 0.3256312558814746 0.3519754202494472
9 279.0 0.0 -1.0 -1.0 -1.0 0.0 0.3273198210048459 0.32560431806555334 0.3470758609296008
9 280.0 0.0 -1.0 -1.0 -1.0 0.0 0.3070554419802388 0.30660183079180015 0.38634272722796115
9 281.0 0.0 -1.0 -1.0 -1.0 0.0 0.31824730663287004 0.31690293892789756 0.36484975443923223
9 282.0 0.0 -1.0 -1.0 -1.0 0.0 0.3202314312461887 0.3203876319169637 0.3593809368368477
9 283.0 0.0 -1.0 -1.0 -1.0 0.0 0.31273932136996657 0.3089782656451958 0.3782824129848377
9 284.0 0.0 -1.0 -1.0 -1.0 0.0 0.3268938043637543 0.3226686787749 0.3504375168613456
9 285.0 0.0 -1.0 -1.0 -1.0 0.0 0.35019475246357085 0.2941405750217934 0.3556646725146358
9 286.0 0.0 -1.0 -1.0 -1.0 0.0 0.3292380578220833 0.30614567707298174 0.364616265104935
9 287.0 0.0 -1.0 -1.0 -1.0 0.0 0.32904748894659164 0.3186914968822523 0.35226101417115596
9 288.0 0.0 -1.0 -1.0 -1.0 0.0 0.36278583495682637 0.3120193264308402 0.32519483861233345
9 289.0 0.0 -1.0 -1.0 -1.0 0.0 0.3277945959317163 0.3385711086017644 0.3336342954665191
9 290.0 0.0 -1.0 -1.0 -1.0 0.0 0.33152367541730166 0.32634526096785493 0.3421310636148435
9 291.0 0.0 -1.0 -1.0 -1.0 0.0 0.3610428806047929 0.3170916194923807 0.32186549990282615
9 292.0 0.0 -1.0 -1.0 -1.0 0.0 0.37578817376155876 0.2876836921771173 0.33652813406132426
9 293.0 0.0 -1.0 -1.0 -1.0 0.0 0.36433756533425865 0.2811634282320635 0.3544990064336781
9 294.0 0.0 -1.0 -1.0 -1.0 0.0 0.36617183379884866 0.27326804732564747 0.360560118875504
9 295.0 0.0 -1.0 -1.0 -1.0 0.0 0.3678629078453438 0.29621837270130086 0.3359187194533553
9 296.0 0.0 -1.0 -1.0 -1.0 0.0 0.36895173523743824 0.30243760779823753 0.3286106569643243
9 297.0 0.0 -1.0 -1.0 -1.0 0.0 0.37011777842430404 0.31198171173312206 0.317900509842574
9 298.0 0.0 -1.0 -1.0 -1.0 0.0 0.36416738738515464 0.32488209923559763 0.31095051337924773
9 299.0 0.0 -1.0 -1.0 -1.0 0.0 0.35190266649916785 0.33238099912962293 0.3157163343712094
9 300.0 0.0 -1.0 -1.0 -1.0 0.0 0.34620515287448883 0.3386286372570957 0.31516620986841554
9 301.0 0.0 -1.0 -1.0 -1.0 0.0 0.3315476974247957 0.32273522605582755 0.3457170765193769
9 302.0 0.0 -1.0 -1.0 -1.0 0.0 0.34795901735473866 0.332157981831808 0.3198830008134534
9 303.0 0.0 -1.0 -1.0 -1.0 0.0 0.33747959199792954 0.3336785049894565 0.32884190301261385
9 304.0 0.0 -1.0 -1.0 -1.0 0.0 0.3445011732924993 0.3524255998197146 0.3030732268877861
9 305.0 0.0 -1.0 -1.0 -1.0 0.0 0.34735399123031213 0.35828444076826577 0.2943615680014221
9 306.0 0.0 -1.0 -1.0 -1.0 0.0 0.3618433147871984 0.34694650862032317 0.29121017659247866
9 307.0 0.0 -1.0 -1.0 -1.0 0.0 0.33124076433303257 0.33949593274577766 0.3292633029211898
9 308.0 0.0 -1.0 -1.0 -1.0 0.0 0.3461907677500137 0.33221816254362646 0.32159106970635976
9 309.0 0.0 -1.0 -1.0 -1.0 0.0 0.3431182625971836 0.3286422352803692 0.32823950212244746
9 310.0 0.0 -1.0 -1.0 -1.0 0.0 0.347032155189662 0.3197797316967599 0.33318811311357804
9 311.0 0.0 -1.0 -1.0 -1.0 0.0 0.3468117364801098 0.32725870227249243 0.3259295612473975
9 312.0 0.0 -1.0 -1.0 -1.0 0.0 0.32580756256243676 0.32537138384837083 0.34882105358919213
9 313.0 0.0 -1.0 -1.0 -1.0 0.0 0.31640211790020306 0.31230604486774927 0.3712918372320476
9 314.0 0.0 -1.0 -1.0 -1.0 0.0 0.33858464022383183 0.32946730679376807 0.33194805298240027
9 315.0 0.0 -1.0 -1.0 -1.0 0.0 0.34643462962140004 0.3305259904023241 0.3230393799762756
9 316.0 0.0 -1.0 -1.0 -1.0 0.0 0.36314121965312174 0.31033888930311215 0.32651989104376616
9 317.0 0.0 -1.0 -1.0 -1.0 0.0 0.3195034871174129 0.33067699817416624 0.3498195147084208
9 318.0 0.0 -1.0 -1.0 -1.0 0.0 0.30144005173294697 0.3320375092619197 0.3665224390051334
9 319.0 0.0 -1.0 -1.0 -1.0 0.0 0.312278914450397 0.32556979395776336 0.36215129159183973
9 320.0 0.0 -1.0 -1.0 -1.0 0.0 0.3457221842775396 0.3251276915913085 0.329150124131152
9 321.0 0.0 -1.0 -1.0 -1.0 0.0 0.358865023871187 0.3186818064782877 0.3224531696505253
9 322.0 0.0 -1.0 -1.0 -1.0 0.0 0.34545822821912175 0.3167690291788865 0.33777274260199186
9 323.0 0.0 -1.0 -1.0 -1.0 0.0 0.35373077428140626 0.34064927697197483 0.3056199487466189
9 324.0 0.0 -1.0 -1.0 -1.0 0.0 0.3427311008725203 0.35232125999362957 0.30494763913385003
9 325.0 0.0 -1.0 -1.0 -1.0 0.0 0.29976912749913986 0.37863051483936616 0.3216003576614941
9 326.0 0.0 -1.0 -1.0 -1.0 0.0 0.3348943173098206 0.35251032192891835 0.3125953607612613
9 327.0 0.0 -1.0 -1.0 -1.0 0.0 0.3516364321908869 0.33867491791738 0.30968864989173345
9 328.0 0.0 -1.0 -1.0 -1.0 0.0 0.3542868002015549 0.3337662125558788 0.3119469872425664
9 329.0 0.0 -1.0 -1.0 -1.0 0.0 0.33429923217150054 0.3682710788119988 0.2974296890165006
9 330.0 0.0 -1.0 -1.0 -1.0 0.0 0.3208113581388782 0.3639793154016177 0.31520932645950434
9 331.0 0.0 -1.0 -1.0 -1.0 0.0 0.32459077605953424 0.34279483133878075 0.33261439260168496
9 332.0 0.0 -1.0 -1.0 -1.0 0.0 0.32750739880800045 0.3556487226597975 0.31684387853220203
9 333.0 0.0 -1.0 -1.0 -1.0 0.0 0.29575709135131856 0.37754339447860824 0.32669951417007304
9 334.0 0.0 -1.0 -1.0 -1.0 0.0 0.29142801000259144 0.36150309485231263 0.3470688951450959
9 335.0 0.0 -1.0 -1.0 -1.0 0.0 0.2924266710109833 0.358950121812102 0.3486232071769147
9 336.0 0.0 -1.0 -1.0 -1.0 0.0 0.2966815932613742 0.3589606763498705 0.34435773038875506
9 337.0 0.0 -1.0 -1.0 -1.0 0.0 0.3092711641899876 0.34035495564226664 0.3503738801677458
9 338.0 0.0 -1.0 -1.0 -1.0 0.0 0.3259187661469681 0.3337366696468171 0.34034456420621473
9 339.0 0.0 -1.0 -1.0 -1.0 0.0 0.35197704296285975 0.30366266076188725 0.34436029627525305
9 340.0 0.0 -1.0 -1.0 -1.0 0.0 0.3656795722413178 0.31264810571572244 0.3216723220429597
9 341.0 0.0 -1.0 -1.0 -1.0 0.0 0.34286761870914667 0.32255388404608465 0.3345784972447685
9 342.0 0.0 -1.0 -1.0 -1.0 0.0 0.3144226985636835 0.33580185820724595 0.3497754432290707
9 343.0 0.0 -1.0 -1.0 -1.0 0.0 0.32166249446155104 0.3072612060351604 0.3710762995032886
9 344.0 0.0 -1.0 -1.0 -1.0 0.0 0.32920566427884246 0.34134308815791764 0.32945124756324007
9 345.0 0.0 -1.0 -1.0 -1.0 0.0 0.33339291809381905 0.3312867302555631 0.33532035165061763
9 346.0 0.0 -1.0 -1.0 -1.0 0.0 0.34287551337325206 0.32766182771363345 0.3294626589131142
9 347.0 0.0 -1.0 -1.0 -1.0 0.0 0.3420928812710337 0.3017103457418066 0.3561967729871598
9 348.0 0.0 -1.0 -1.0 -1.0 0.0 0.3235018436684681 0.33531465255134224 0.3411835037801895
9 349.0 0.0 -1.0 -1.0 -1.0 0.0 0.3175341685328949 0.3285499435110249 0.3539158879560802
9 350.0 0.0 -1.0 -1.0 -1.0 0.0 0.3336368771066152 0.33791633843505325 0.3284467844583317
9 351.0 0.0 -1.0 -1.0 -1.0 0.0 0.32265956303927323 0.3464576286852124 0.3308828082755143
9 352.0 0.0 -1.0 -1.0 -1.0 0.0 0.32648715522517235 0.3646993849934404 0.3088134597813871
9 353.0 0.0 -1.0 -1.0 -1.0 0.0 0.34396116659298925 0.33857517121137143 0.31746366219563915
9 354.0 0.0 -1.0 -1.0 -1.0 0.0 0.3373897101770335 0.36005151664589496 0.30255877317707164
9 355.0 0.0 -1.0 -1.0 -1.0 0.0 0.3119109866574861 0.370625274932898 0.3174637384096159
9 356.0 0.0 -1.0 -1.0 -1.0 0.0 0.32073641014262044 0.34214612304859116 0.33711746680878824
9 357.0 0.0 -1.0 -1.0 -1.0 0.0 0.32555454247092414 0.3345885587068293 0.3398568988222464
9 358.0 0.0 -1.0 -1.0 -1.0 0.0 0.32336053164156087 0.3331068859218418 0.3435325824365973
9 359.0 0.0 -1.0 -1.0 -1.0 0.0 0.34263439736749873 0.3171678780172941 0.340197724615207
9 360.0 0.0 -1.0 -1.0 -1.0 0.0 0.3403605662588657 0.35527823777412854 0.3043611959670056
9 361.0 0.0 -1.0 -1.0 -1.0 0.0 0.3413047200424395 0.36362527833249286 0.29507000162506797
9 362.0 0.0 -1.0 -1.0 -1.0 0.0 0.3566122803588906 0.35096350773883517 0.29242421190227463
9 363.0 0.0 -1.0 -1.0 -1.0 0.0 0.3125004362384831 0.3830968255572983 0.3044027382042186
9 364.0 0.0 -1.0 -1.0 -1.0 0.0 0.33818650986935284 0.344500086632979 0.31731340349766807
9 365.0 0.0 -1.0 -1.0 -1.0 0.0 0.31927357555228536 0.3507849329831187 0.3299414914645958
9 366.0 0.0 -1.0 -1.0 -1.0 0.0 0.31270951794379265 0.353442442225009 0.33384803983119854
9 367.0 0.0 -1.0 -1.0 -1.0 0.0 0.2967104874757824 0.3684742176958961 0.3348152948283218
9 368.0 0.0 -1.0 -1.0 -1.0 0.0 0.29054842312701473 0.3538859176198676 0.35556565925311767
9 369.0 0.0 -1.0 -1.0 -1.0 0.0 0.32409291975058546 0.3213104826105627 0.354596597638852
9 370.0 0.0 -1.0 -1.0 -1.0 0.0 0.3480286889508903 0.3068872705723981 0.34508404047671165
9 371.0 0.0 -1.0 -1.0 -1.0 0.0 0.35006452716265224 0.29647961405484075 0.3534558587825067
9 372.0 0.0 -1.0 -1.0 -1.0 0.0 0.34914708778540016 0.3081102486597171 0.3427426635548826
9 373.0 0.0 -1.0 -1.0 -1.0 0.0 0.3384821966111323 0.3151670649746125 0.3463507384142554
9 374.0 0.0 -1.0 -1.0 -1.0 0.0 0.3341594780877636 0.3151954113871944 0.350645110525042
9 375.0 0.0 -1.0 -1.0 -1.0 0.0 0.34237417349217497 0.2925982480540879 0.36502757845373696
9 376.0 0.0 -1.0 -1.0 -1.0 0.0 0.34327300170920205 0.3045854988609564 0.3521414994298419
9 377.0 0.0 -1.0 -1.0 -1.0 0.0 0.3505277694207814 0.3198078688209874 0.3296643617582311
9 378.0 0.0 -1.0 -1.0 -1.0 0.0 0.3617160304496839 0.311599560625882 0.3266844089244343
9 379.0 0.0 -1.0 -1.0 -1.0 0.0 0.3503756334310172 0.30453238914636066 0.3450919774226221
9 380.0 0.0 -1.0 -1.0 -1.0 0.0 0.3462855589768251 0.33424220574166674 0.3194722352815081
9 381.0 0.0 -1.0 -1.0 -1.0 0.0 0.3584387087813225 0.3380460009207682 0.3035152902979093
9 382.0 0.0 -1.0 -1.0 -1.0 0.0 0.36593221901425127 0.34627667465304657 0.2877911063327023
9 383.0 0.0 -1.0 -1.0 -1.0 0.0 0.39345546676588633 0.335243681954425 0.27130085127968856
9 384.0 0.0 -1.0 -1.0 -1.0 0.0 0.3692162128188927 0.3218323418700732 0.3089514453110338
9 385.0 0.0 -1.0 -1.0 -1.0 0.0 0.34978878227414856 0.3367856365438445 0.3134255811820071
9 386.0 0.0 -1.0 -1.0 -1.0 0.0 0.3310466411549302 0.3277376821967258 0.34121567664834385
9 387.0 0.0 -1.0 -1.0 -1.0 0.0 0.3274328772459182 0.329832302354739 0.3427348203993429
9 388.0 0.0 -1.0 -1.0 -1.0 0.0 0.3294267116472857 0.32842035351473525 0.34215293483797915
9 389.0 0.0 -1.0 -1.0 -1.0 0.0 0.3523551016014858 0.3213148359591903 0.32633006243932405
9 390.0 0.0 -1.0 -1.0 -1.0 0.0 0.3421270138929951 0.3194141106739604 0.33845887543304426
9 391.0 0.0 -1.0 -1.0 -1.0 0.0 0.33864503224835546 0.32167219489199794 0.33968277285964654
9 392.0 0.0 -1.0 -1.0 -1.0 0.0 0.33411945892189715 0.3705548725591875 0.2953256685189154
9 393.0 0.0 -1.0 -1.0 -1.0 0.0 0.32701494945600706 0.35932713861429605 0.3136579119296969
9 394.0 0.0 -1.0 -1.0 -1.0 0.0 0.3095138802282106 0.35764056370604896 0.3328455560657403
9 395.0 0.0 -1.0 -1.0 -1.0 0.0 0.33340694375484486 0.34482892885732375 0.3217641273878312
9 396.0 0.0 -1.0 -1.0 -1.0 0.0 0.3204204509707719 0.3686702176119923 0.31090933141723587
9 397.0 0.0 -1.0 -1.0 -1.0 0.0 0.3348837637912794 0.33000060342518117 0.3351156327835391
9 398.0 0.0 -1.0 -1.0 -1.0 0.0 0.3269077151687179 0.3227241531923445 0.3503681316389375
9 399.0 0.0 -1.0 -1.0 -1.0 0.0 0.3261321060611126 0.31629227235796903 0.35757562158091866
9 400.0 0.0 -1.0 -1.0 -1.0 0.0 0.3121626805961144 0.3346878475393236 0.35314947186456197
9 401.0 0.0 -1.0 -1.0 -1.0 0.0 0.31538722245859124 0.36379391783162485 0.3208188597097839
9 402.0 0.0 -1.0 -1.0 -1.0 0.0 0.2990991007165983 0.37952539506733857 0.32137550421606315
9 403.0 0.0 -1.0 -1.0 -1.0 0.0 0.3016938333654149 0.3894223522498872 0.30888381438469803
9 404.0 0.0 -1.0 -1.0 -1.0 0.0 0.2995498766884832 0.36405111365090564 0.33639900966061126
9 405.0 0.0 -1.0 -1.0 -1.0 0.0 0.29866053323471775 0.3492297571682713 0.3521097095970112
9 406.0 0.0 -1.0 -1.0 -1.0 0.0 0.31017967772645505 0.33303414568111805 0.35678617659242695
9 407.0 0.0 -1.0 -1.0 -1.0 0.0 0.32934004556146634 0.32565219158874037 0.34500776284979345
9 408.0 0.0 -1.0 -1.0 -1.0 0.0 0.29111336917388997 0.38555068888111327 0.3233359419449964
9 409.0 0.0 -1.0 -1.0 -1.0 0.0 0.2834498956393551 0.3704955814307903 0.34605452292985456
9 410.0 0.0 -1.0 -1.0 -1.0 0.0 0.3053757225649151 0.38217004282551814 0.312454234609567
9 411.0 0.0 -1.0 -1.0 -1.0 0.0 0.31034332641247275 0.3672751004417559 0.3223815731457716
9 412.0 0.0 -1.0 -1.0 -1.0 0.0 0.314864127126035 0.3616108414157591 0.3235250314582058
9 413.0 0.0 -1.0 -1.0 -1.0 0.0 0.3193443466691565 0.3585476623931316 0.32210799093771203
9 414.0 0.0 -1.0 -1.0 -1.0 0.0 0.3172803669851756 0.36390434803164234 0.318815284983182
9 415.0 0.0 -1.0 -1.0 -1.0 0.0 0.3106208119868136 0.3717023945648763 0.31767679344831024
9 416.0 0.0 -1.0 -1.0 -1.0 0.0 0.3188637644424158 0.34825707784372784 0.3328791577138565
9 417.0 0.0 -1.0 -1.0 -1.0 0.0 0.3312281621373707 0.3748115308831181 0.29396030697951114
9 418.0 0.0 -1.0 -1.0 -1.0 0.0 0.3392854550663778 0.36621731693928106 0.29449722799434086
9 419.0 0.0 -1.0 -1.0 -1.0 0.0 0.3251166242849153 0.3466240603357436 0.32825931537934094
9 420.0 0.0 -1.0 -1.0 -1.0 0.0 0.33169170037223267 0.3137270978895889 0.35458120173817853
9 421.0 0.0 -1.0 -1.0 -1.0 0.0 0.3392475112021212 0.3375027574421459 0.3232497313557329
9 422.0 0.0 -1.0 -1.0 -1.0 0.0 0.35310484895080224 0.33975473049834576 0.30714042055085206
9 423.0 0.0 -1.0 -1.0 -1.0 0.0 0.38552282590401526 0.32219146844433394 0.29228570565165074
9 424.0 0.0 -1.0 -1.0 -1.0 0.0 0.3755170026747618 0.3200721135971342 0.3044108837281038
9 425.0 0.0 -1.0 -1.0 -1.0 0.0 0.34175266444888774 0.3433826185451926 0.31486471700591956
9 426.0 0.0 -1.0 -1.0 -1.0 0.0 0.32215210874307604 0.3562802706820038 0.3215676205749201
9 427.0 0.0 -1.0 -1.0 -1.0 0.0 0.3193880239822995 0.34047907141599154 0.3401329046017093
9 428.0 0.0 -1.0 -1.0 -1.0 0.0 0.3282905402025363 0.3445223547780401 0.32718710501942366
9 429.0 0.0 -1.0 -1.0 -1.0 0.0 0.3203890757442426 0.361242097042333 0.31836882721342447
9 430.0 0.0 -1.0 -1.0 -1.0 0.0 0.33872675545543646 0.36682066853922884 0.2944525760053347
9 431.0 0.0 -1.0 -1.0 -1.0 0.0 0.3491541699906833 0.3409367518688437 0.30990907814047314
9 432.0 0.0 -1.0 -1.0 -1.0 0.0 0.34618901038948857 0.35518946426056464 0.2986215253499469
9 433.0 0.0 -1.0 -1.0 -1.0 0.0 0.34735143596476975 0.3629755855826147 0.28967297845261536
9 434.0 0.0 -1.0 -1.0 -1.0 0.0 0.36288363938684853 0.37571399173423076 0.26140236887892065
9 435.0 0.0 -1.0 -1.0 -1.0 0.0 0.3329362891303458 0.36923991135847417 0.29782379951118015
9 436.0 0.0 -1.0 -1.0 -1.0 0.0 0.3292819235329782 0.37219023042454435 0.2985278460424776
9 437.0 0.0 -1.0 -1.0 -1.0 0.0 0.3277405137725815 0.38686624908263845 0.28539323714477965
9 438.0 0.0 -1.0 -1.0 -1.0 0.0 0.3074616246419466 0.3630288740470332 0.3295095013110202
9 439.0 0.0 -1.0 -1.0 -1.0 0.0 0.30837858248291267 0.3511606657507299 0.34046075176635715
9 440.0 0.0 -1.0 -1.0 -1.0 0.0 0.32579930915748856 0.3472173791237344 0.3269833117187768
9 441.0 0.0 -1.0 -1.0 -1.0 0.0 0.3151848591670677 0.32648505728560606 0.35833008354732615
9 442.0 0.0 -1.0 -1.0 -1.0 0.0 0.32213166309628866 0.30472202512464375 0.37314631177906743
9 443.0 0.0 -1.0 -1.0 -1.0 0.0 0.3150627960398762 0.3275856244235911 0.3573515795365325
9 444.0 0.0 -1.0 -1.0 -1.0 0.0 0.3208100307034612 0.330753424770186 0.3484365445263525
9 445.0 0.0 -1.0 -1.0 -1.0 0.0 0.31312780770631304 0.3305028015223012 0.3563693907713855
9 446.0 0.0 -1.0 -1.0 -1.0 0.0 0.3282666917129988 0.33262277277897184 0.3391105355080293
9 447.0 0.0 -1.0 -1.0 -1.0 0.0 0.3425736714183294 0.3128436524555133 0.34458267612615706
9 448.0 0.0 -1.0 -1.0 -1.0 0.0 0.33723417100757436 0.3174547227712119 0.3453111062212138
9 449.0 0.0 -1.0 -1.0 -1.0 0.0 0.32133988278955145 0.322541322923244 0.35611879428720444
9 450.0 0.0 -1.0 -1.0 -1.0 0.0 0.3305854510336906 0.31347986908812164 0.3559346798781876
9 451.0 0.0 -1.0 -1.0 -1.0 0.0 0.35152474109853654 0.31969207545137307 0.32878318345009055
9 452.0 0.0 -1.0 -1.0 -1.0 0.0 0.3404796204012155 0.3250910942358224 0.3344292853629621
9 453.0 0.0 -1.0 -1.0 -1.0 0.0 0.3505112408774964 0.33130825874242825 0.3181805003800752
9 454.0 0.0 -1.0 -1.0 -1.0 0.0 0.3474174563414935 0.3487455342962371 0.3038370093622696
9 455.0 0.0 -1.0 -1.0 -1.0 0.0 0.348694356082403 0.3678312837409106 0.2834743601766864
9 456.0 0.0 -1.0 -1.0 -1.0 0.0 0.35509628755102357 0.3340337035417395 0.3108700089072372
9 457.0 0.0 -1.0 -1.0 -1.0 0.0 0.33504080357177896 0.33723153997550787 0.3277276564527133
9 458.0 0.0 -1.0 -1.0 -1.0 0.0 0.3229529809763729 0.3657505453533726 0.31129647367025465
9 459.0 0.0 -1.0 -1.0 -1.0 0.0 0.34135012362495354 0.33557778053202614 0.3230720958430206
9 460.0 0.0 -1.0 -1.0 -1.0 0.0 0.331333464490255 0.34264901714129453 0.3260175183684506
9 461.0 0.0 -1.0 -1.0 -1.0 0.0 0.3224913504608502 0.367286209551051 0.3102224399880985
9 462.0 0.0 -1.0 -1.0 -1.0 0.0 0.32459002426143013 0.38719819700331953 0.2882117787352503
9 463.0 0.0 -1.0 -1.0 -1.0 0.0 0.32778382722887367 0.36759484145642174 0.3046213313147048
9 464.0 0.0 -1.0 -1.0 -1.0 0.0 0.2912099674195117 0.37722674793081995 0.3315632846496688
9 465.0 0.0 -1.0 -1.0 -1.0 0.0 0.3166384447105915 0.35198567289083527 0.33137588239857324
9 466.0 0.0 -1.0 -1.0 -1.0 0.0 0.34142656840474683 0.317666185230883 0.34090724636437003
9 467.0 0.0 -1.0 -1.0 -1.0 0.0 0.3302421865596484 0.3223442513101923 0.34741356213015934
9 468.0 0.0 -1.0 -1.0 -1.0 0.0 0.32228301434881373 0.3248055028790956 0.3529114827720907
9 469.0 0.0 -1.0 -1.0 -1.0 0.0 0.34971979695141514 0.31389027500460026 0.3363899280439846
9 470.0 0.0 -1.0 -1.0 -1.0 0.0 0.3508975218310731 0.30880962499470554 0.3402928531742213
9 471.0 0.0 -1.0 -1.0 -1.0 0.0 0.3610044912260325 0.29873453419701473 0.34026097457695237
9 472.0 0.0 -1.0 -1.0 -1.0 0.0 0.345484980876532 0.32058735431368257 0.3339276648097854
9 473.0 0.0 -1.0 -1.0 -1.0 0.0 0.3335781169308826 0.34153893759101345 0.32488294547810415
9 474.0 0.0 -1.0 -1.0 -1.0 0.0 0.303197431689585 0.365003846052858 0.33179872225755697
9 475.0 0.0 -1.0 -1.0 -1.0 0.0 0.30016655000701614 0.36960746048824644 0.3302259895047374
9 476.0 0.0 -1.0 -1.0 -1.0 0.0 0.29308323924027074 0.35297524132104685 0.3539415194386823
9 477.0 0.0 -1.0 -1.0 -1.0 0.0 0.3167995933001577 0.32978271996124336 0.3534176867385989
9 478.0 0.0 -1.0 -1.0 -1.0 0.0 0.31273648177824837 0.36182835349971215 0.3254351647220396
9 479.0 0.0 -1.0 -1.0 -1.0 0.0 0.3162676432055515 0.3469500142319298 0.33678234256251877
9 480.0 0.0 -1.0 -1.0 -1.0 0.0 0.3001067371888562 0.36131076833118314 0.3385824944799605
9 481.0 0.0 -1.0 -1.0 -1.0 0.0 0.28392813566875413 0.37561649616846265 0.34045536816278316
9 482.0 0.0 -1.0 -1.0 -1.0 0.0 0.3097393443377972 0.3503908696382026 0.3398697860240001
9 483.0 0.0 -1.0 -1.0 -1.0 0.0 0.3072796654240204 0.36368790976138515 0.3290324248145946
9 484.0 0.0 -1.0 -1.0 -1.0 0.0 0.29931743517454334 0.38259694423550394 0.31808562058995293
9 485.0 0.0 -1.0 -1.0 -1.0 0.0 0.3111542235208069 0.3624961511726039 0.32634962530658895
9 486.0 0.0 -1.0 -1.0 -1.0 0.0 0.3239255897973054 0.3455859496745805 0.330488460528114
9 487.0 0.0 -1.0 -1.0 -1.0 0.0 0.32216842745408497 0.3411966196647078 0.3366349528812071
9 488.0 0.0 -1.0 -1.0 -1.0 0.0 0.32998240800614803 0.3195169625287365 0.3505006294651157
9 489.0 0.0 -1.0 -1.0 -1.0 0.0 0.3386846073817262 0.30027759919712776 0.361037793421146
9 490.0 0.0 -1.0 -1.0 -1.0 0.0 0.2969447370313621 0.3155120048641427 0.3875432581044953
9 491.0 0.0 -1.0 -1.0 -1.0 0.0 0.28882553453657445 0.33267068380381576 0.37850378165960996
9 492.0 0.0 -1.0 -1.0 -1.0 0.0 0.2992399591746309 0.33089410419659876 0.36986593662877026
9 493.0 0.0 -1.0 -1.0 -1.0 0.0 0.3030168949272432 0.3322291241993316 0.3647539808734249
9 494.0 0.0 -1.0 -1.0 -1.0 0.0 0.3070833590622856 0.35028861625029334 0.34262802468742093
9 495.0 0.0 -1.0 -1.0 -1.0 0.0 0.31885037199316324 0.35387940983174915 0.3272702181750873
9 496.0 0.0 -1.0 -1.0 -1.0 0.0 0.306708320766275 0.3700430110849027 0.32324866814882214
9 497.0 0.0 -1.0 -1.0 -1.0 0.0 0.3197378335468888 0.35893110664081135 0.3213310598123
9 498.0 0.0 -1.0 -1.0 -1.0 0.0 0.30373717834672886 0.3567949038303538 0.3394679178229175
9 499.0 0.0 -1.0 -1.0 -1.0 0.0 0.30098185966573854 0.34751657768522987 0.35150156264903143
9 500.0 0.0 -1.0 -1.0 -1.0 0.0 0.33491266952396864 0.35234180203034976 0.31274552844568193
9 501.0 0.0 -1.0 -1.0 -1.0 0.0 0.3547528380190385 0.34479951702220396 0.3004476449587578
9 502.0 0.0 -1.0 -1.0 -1.0 0.0 0.3303012805800044 0.31847970097258615 0.3512190184474095
9 503.0 0.0 -1.0 -1.0 -1.0 0.0 0.32403373959559256 0.3277684133691902 0.3481978470352173
9 504.0 0.0 -1.0 -1.0 -1.0 0.0 0.3222110458314284 0.3260310079807536 0.351757946187818
9 505.0 0.0 -1.0 -1.0 -1.0 0.0 0.328068860642583 0.33041376103954506 0.341517378317872
9 506.0 0.0 -1.0 -1.0 -1.0 0.0 0.32989971555902975 0.34912072643415426 0.3209795580068159
9 507.0 0.0 -1.0 -1.0 -1.0 0.0 0.33431013755032274 0.32502294617427085 0.3406669162754066
9 508.0 0.0 -1.0 -1.0 -1.0 0.0 0.3345720618348053 0.32091123412511197 0.34451670404008283
9 509.0 0.0 -1.0 -1.0 -1.0 0.0 0.3383890703267234 0.3170194509153387 0.34459147875793805
9 510.0 0.0 -1.0 -1.0 -1.0 0.0 0.31227786101844357 0.33179971473716674 0.3559224242443895
9 511.0 0.0 -1.0 -1.0 -1.0 0.0 0.2964226572839216 0.3448600454693506 0.35871729724672774
9 512.0 0.0 -1.0 -1.0 -1.0 0.0 0.2792529993180515 0.3701840660634972 0.35056293461845134
9 513.0 0.0 -1.0 -1.0 -1.0 0.0 0.267705196373603 0.3618680711376314 0.3704267324887654
9 514.0 0.0 -1.0 -1.0 -1.0 0.0 0.2805124399302467 0.3525554811079339 0.3669320789618197
9 515.0 0.0 -1.0 -1.0 -1.0 0.0 0.28622483527209225 0.36477103977303954 0.3490041249548681
9 516.0 0.0 -1.0 -1.0 -1.0 0.0 0.2852881309931056 0.35336127358931885 0.3613505954175757
9 517.0 0.0 -1.0 -1.0 -1.0 0.0 0.30177819058376415 0.34479846746582177 0.3534233419504142
9 518.0 0.0 -1.0 -1.0 -1.0 0.0 0.3186996942439887 0.3372689257873332 0.3440313799686782
9 519.0 0.0 -1.0 -1.0 -1.0 0.0 0.31716466072151456 0.3376378689205319 0.34519747035795345
9 520.0 0.0 -1.0 -1.0 -1.0 0.0 0.2928891085112771 0.332399333982168 0.3747115575065548
9 521.0 0.0 -1.0 -1.0 -1.0 0.0 0.30585197944310605 0.34239795738645545 0.3517500631704385
9 522.0 0.0 -1.0 -1.0 -1.0 0.0 0.32955207759619864 0.3311279190882771 0.33932000331552403
9 523.0 0.0 -1.0 -1.0 -1.0 0.0 0.3086795127509559 0.3467324065937788 0.3445880806552654
9 524.0 0.0 -1.0 -1.0 -1.0 0.0 0.28491757211369445 0.35896275244230635 0.3561196754439993
9 525.0 0.0 -1.0 -1.0 -1.0 0.0 0.3245023985318597 0.34720915387425416 0.32828844759388626
9 526.0 0.0 -1.0 -1.0 -1.0 0.0 0.31748605007385455 0.36556360567311985 0.31695034425302565
9 527.0 0.0 -1.0 -1.0 -1.0 0.0 0.31703658363853376 0.3639167071957863 0.3190467091656799
9 528.0 0.0 -1.0 -1.0 -1.0 0.0 0.291447567275526 0.37842304660665954 0.33012938611781456
9 529.0 0.0 -1.0 -1.0 -1.0 0.0 0.323317191654809 0.3676875382088429 0.30899527013634803
9 530.0 0.0 -1.0 -1.0 -1.0 0.0 0.35462171581545454 0.33873720787623696 0.3066410763083088
9 531.0 0.0 -1.0 -1.0 -1.0 0.0 0.3484942061923498 0.3601832499320179 0.29132254387563217
9 532.0 0.0 -1.0 -1.0 -1.0 0.0 0.33605636376955017 0.35886494455756535 0.3050786916728846
9 533.0 0.0 -1.0 -1.0 -1.0 0.0 0.3241420107848525 0.364302699176583 0.31155529003856414
9 534.0 0.0 -1.0 -1.0 -1.0 0.0 0.3281900338139206 0.33659762027477647 0.3352123459113028
9 535.0 0.0 -1.0 -1.0 -1.0 0.0 0.3492962387399368 0.3188024557667158 0.3319013054933471
9 536.0 0.0 -1.0 -1.0 -1.0 0.0 0.3289713992090909 0.3165084219118517 0.35452017887905724
9 537.0 0.0 -1.0 -1.0 -1.0 0.0 0.3324091672928658 0.33689675392366986 0.33069407878346446
9 538.0 0.0 -1.0 -1.0 -1.0 0.0 0.3393247927890501 0.34061615914673105 0.3200590480642186
9 539.0 0.0 -1.0 -1.0 -1.0 0.0 0.3202123264375028 0.3649848070395511 0.31480286652294626
9 540.0 0.0 -1.0 -1.0 -1.0 0.0 0.3290437980032521 0.3279097593329584 0.34304644266378964
9 541.0 0.0 -1.0 -1.0 -1.0 0.0 0.30356426788463836 0.3350274814320262 0.3614082506833356
9 542.0 0.0 -1.0 -1.0 -1.0 0.0 0.3146131013073498 0.30645448514892737 0.37893241354372287
9 543.0 0.0 -1.0 -1.0 -1.0 0.0 0.3294661346451066 0.3277918232132987 0.3427420421415947
9 544.0 0.0 -1.0 -1.0 -1.0 0.0 0.3171652777551017 0.35001162026437105 0.3328231019805271
9 545.0 0.0 -1.0 -1.0 -1.0 0.0 0.32373576551080524 0.32186364858617234 0.35440058590302237
9 546.0 0.0 -1.0 -1.0 -1.0 0.0 0.32742765889143405 0.3295939814103641 0.34297835969820184
9 547.0 0.0 -1.0 -1.0 -1.0 0.0 0.3483010558499213 0.29998049187404435 0.35171845227603454
9 548.0 0.0 -1.0 -1.0 -1.0 0.0 0.3515810132509694 0.3106511172010035 0.337767869548027
9 549.0 0.0 -1.0 -1.0 -1.0 0.0 0.3499381566315298 0.29827354067640316 0.35178830269206735
9 550.0 0.0 -1.0 -1.0 -1.0 0.0 0.3413265410981948 0.3392849756445761 0.3193884832572291
9 551.0 0.0 -1.0 -1.0 -1.0 0.0 0.3687331642120465 0.30618291031063377 0.32508392547731985
9 552.0 0.0 -1.0 -1.0 -1.0 0.0 0.365988256771912 0.3222249421426968 0.3117868010853913
9 553.0 0.0 -1.0 -1.0 -1.0 0.0 0.364224654217926 0.326032761858753 0.3097425839233213
9 554.0 0.0 -1.0 -1.0 -1.0 0.0 0.34702701256920887 0.3367085035315264 0.3162644838992647
9 555.0 0.0 -1.0 -1.0 -1.0 0.0 0.3296683679836675 0.32127209020946546 0.34905954180686705
9 556.0 0.0 -1.0 -1.0 -1.0 0.0 0.3421257583699663 0.30983735628274983 0.3480368853472841
9 557.0 0.0 -1.0 -1.0 -1.0 0.0 0.3408723043259719 0.3148417490611457 0.3442859466128824
9 558.0 0.0 -1.0 -1.0 -1.0 0.0 0.34226121832574097 0.33101289924409305 0.3267258824301658
9 559.0 0.0 -1.0 -1.0 -1.0 0.0 0.3211362207570419 0.35008161585473535 0.3287821633882227
9 560.0 0.0 -1.0 -1.0 -1.0 0.0 0.3591952942144281 0.33312570086323745 0.30767900492233446
9 561.0 0.0 -1.0 -1.0 -1.0 0.0 0.3678539024271863 0.3290099366592909 0.30313616091352263
9 562.0 0.0 -1.0 -1.0 -1.0 0.0 0.34679403272336673 0.3374049301504492 0.315801037126184
9 563.0 0.0 -1.0 -1.0 -1.0 0.0 0.36819242463608737 0.3174492610277704 0.3143583143361422
9 564.0 0.0 -1.0 -1.0 -1.0 0.0 0.36086726120200274 0.30694836962781663 0.3321843691701806
9 565.0 0.0 -1.0 -1.0 -1.0 0.0 0.38982249541593617 0.27750579994288216 0.33267170464118206
9 566.0 0.0 -1.0 -1.0 -1.0 0.0 0.372223118968864 0.2750422047320696 0.3527346762990662
9 567.0 0.0 -1.0 -1.0 -1.0 0.0 0.3676141273700153 0.2969159881871898 0.3354698844427952
9 568.0 0.0 -1.0 -1.0 -1.0 0.0 0.3457823116106606 0.3140113052830171 0.34020638310632234
9 569.0 0.0 -1.0 -1.0 -1.0 0.0 0.3272674716363313 0.34845607323284716 0.32427645513082154
9 570.0 0.0 -1.0 -1.0 -1.0 0.0 0.3179956864973945 0.3571492471884627 0.32485506631414296
9 571.0 0.0 -1.0 -1.0 -1.0 0.0 0.3404273975538843 0.34602346732347206 0.3135491351226437
9 572.0 0.0 -1.0 -1.0 -1.0 0.0 0.37923673004680575 0.3186082413985463 0.3021550285546481
9 573.0 0.0 -1.0 -1.0 -1.0 0.0 0.3877658423776218 0.30812566162932753 0.3041084959930506
9 574.0 0.0 -1.0 -1.0 -1.0 0.0 0.34653417280191057 0.3438083919867699 0.30965743521131955
9 575.0 0.0 -1.0 -1.0 -1.0 0.0 0.36588665077377996 0.33256106422015885 0.30155228500606124
9 576.0 0.0 -1.0 -1.0 -1.0 0.0 0.3342812493257376 0.329241885207782 0.33647686546648053
9 577.0 0.0 -1.0 -1.0 -1.0 0.0 0.3349127351583462 0.32230751246218664 0.3427797523794669
9 578.0 0.0 -1.0 -1.0 -1.0 0.0 0.33335348631512574 0.33270605920350427 0.3339404544813702
9 579.0 0.0 -1.0 -1.0 -1.0 0.0 0.3303747573261873 0.32851076404725943 0.3411144786265533
9 580.0 0.0 -1.0 -1.0 -1.0 0.0 0.3344392441868436 0.33238046938841026 0.33318028642474606
9 581.0 0.0 -1.0 -1.0 -1.0 0.0 0.2988314524786058 0.3507892751221568 0.35037927239923755
9 582.0 0.0 -1.0 -1.0 -1.0 0.0 0.31732950129101817 0.3512993366542922 0.3313711620546896
9 583.0 0.0 -1.0 -1.0 -1.0 0.0 0.3223545528157349 0.3651765429212863 0.31246890426297863
9 584.0 0.0 -1.0 -1.0 -1.0 0.0 0.32413297753828696 0.3492198217293754 0.32664720073233755
9 585.0 0.0 -1.0 -1.0 -1.0 0.0 0.29623990464973504 0.38101373770113434 0.3227463576491308
9 586.0 0.0 -1.0 -1.0 -1.0 0.0 0.34072840110105984 0.35087597372478796 0.30839562517415203
9 587.0 0.0 -1.0 -1.0 -1.0 0.0 0.33588072349843556 0.3506609010847816 0.31345837541678295
9 588.0 0.0 -1.0 -1.0 -1.0 0.0 0.33534838308265497 0.35017870462965733 0.31447291228768776
9 589.0 0.0 -1.0 -1.0 -1.0 0.0 0.3572941382205856 0.3275311368359939 0.3151747249434206
9 590.0 0.0 -1.0 -1.0 -1.0 0.0 0.3605743031503348 0.3253605183225182 0.31406517852714705
9 591.0 0.0 -1.0 -1.0 -1.0 0.0 0.3405785972490096 0.3330816502577957 0.32633975249319475
9 592.0 0.0 -1.0 -1.0 -1.0 0.0 0.34624928934333743 0.3451937343667782 0.3085569762898841
9 593.0 0.0 -1.0 -1.0 -1.0 0.0 0.35462802692943557 0.3414275045566482 0.3039444685139163
9 594.0 0.0 -1.0 -1.0 -1.0 0.0 0.3350113525933603 0.36640603840816105 0.2985826089984787
9 595.0 0.0 -1.0 -1.0 -1.0 0.0 0.3191364669734346 0.3699307788741389 0.3109327541524266
9 596.0 0.0 -1.0 -1.0 -1.0 0.0 0.34707249816884256 0.3488270200991066 0.3041004817320508
9 597.0 0.0 -1.0 -1.0 -1.0 0.0 0.35802687006162354 0.3366570549360251 0.3053160750023513
9 598.0 0.0 -1.0 -1.0 -1.0 0.0 0.344688027928878 0.3289586092675663 0.32635336280355565
9 599.0 0.0 -1.0 -1.0 -1.0 0.0 0.3558804143480537 0.31349051782504556 0.3306290678269008
9 600.0 0.0 -1.0 -1.0 -1.0 0.0 0.34771744918350833 0.31456605901019236 0.3377164918062992
9 601.0 0.0 -1.0 -1.0 -1.0 0.0 0.3348974617029155 0.3273230293664507 0.33777950893063374
9 602.0 0.0 -1.0 -1.0 -1.0 0.0 0.33143421972245185 0.31187022559880634 0.35669555467874176
9 603.0 0.0 -1.0 -1.0 -1.0 0.0 0.36296683056277973 0.30165787349016204 0.33537529594705817
9 604.0 0.0 -1.0 -1.0 -1.0 0.0 0.3545088817794724 0.30235391876492423 0.3431371994556032
9 605.0 0.0 -1.0 -1.0 -1.0 0.0 0.3488416333493275 0.3194348963939003 0.3317234702567724
9 606.0 0.0 -1.0 -1.0 -1.0 0.0 0.34097158427480023 0.32146838806553824 0.33756002765966175
9 607.0 0.0 -1.0 -1.0 -1.0 0.0 0.3432651455598866 0.3228931565436843 0.3338416978964289
9 608.0 0.0 -1.0 -1.0 -1.0 0.0 0.3275190224184768 0.31756562166511915 0.3549153559164043
9 609.0 0.0 -1.0 -1.0 -1.0 0.0 0.3215386289626608 0.3292687933350082 0.34919257770233103
9 610.0 0.0 -1.0 -1.0 -1.0 0.0 0.3626580647450849 0.32921632569023046 0.3081256095646847
9 611.0 0.0 -1.0 -1.0 -1.0 0.0 0.3617836869435912 0.3307969810333099 0.3074193320230988
9 612.0 0.0 -1.0 -1.0 -1.0 0.0 0.35867939880426947 0.3240675147013736 0.3172530864943571
9 613.0 0.0 -1.0 -1.0 -1.0 0.0 0.33633612632471327 0.33672114595101377 0.32694272772427313
9 614.0 0.0 -1.0 -1.0 -1.0 0.0 0.34562667416779186 0.3236331537113684 0.3307401721208399
9 615.0 0.0 -1.0 -1.0 -1.0 0.0 0.3536625236497728 0.3248988820788882 0.32143859427133914
9 616.0 0.0 -1.0 -1.0 -1.0 0.0 0.36830873075098247 0.3381127135972117 0.29357855565180574
9 617.0 0.0 -1.0 -1.0 -1.0 0.0 0.36290499186164327 0.33055988454472723 0.30653512359362967
9 618.0 0.0 -1.0 -1.0 -1.0 0.0 0.3837733180913379 0.3164813303358869 0.2997453515727752
9 619.0 0.0 -1.0 -1.0 -1.0 0.0 0.3829060449518448 0.3373230124586305 0.27977094258952473
9 620.0 0.0 -1.0 -1.0 -1.0 0.0 0.36114944731929377 0.3214386309867704 0.3174119216939355
9 621.0 0.0 -1.0 -1.0 -1.0 0.0 0.34206949860047553 0.34918041192804494 0.30875008947147947
9 622.0 0.0 -1.0 -1.0 -1.0 0.0 0.32626759009081646 0.3522083881987927 0.321524021710391
9 623.0 0.0 -1.0 -1.0 -1.0 0.0 0.3478765201251243 0.30746113866552505 0.3446623412093508
9 624.0 0.0 -1.0 -1.0 -1.0 0.0 0.35576674636003147 0.31725174731245576 0.3269815063275129
9 625.0 0.0 -1.0 -1.0 -1.0 0.0 0.3553334758034285 0.29895047892402377 0.3457160452725475
9 626.0 0.0 -1.0 -1.0 -1.0 0.0 0.35335897151315726 0.28470412586351057 0.36193690262333233
9 627.0 0.0 -1.0 -1.0 -1.0 0.0 0.3449775758573048 0.30145425214501637 0.35356817199767887
9 628.0 0.0 -1.0 -1.0 -1.0 0.0 0.33191120671673047 0.2983289181249152 0.36975987515835435
9 629.0 0.0 -1.0 -1.0 -1.0 0.0 0.3284308657459396 0.3178259267820513 0.3537432074720091
9 630.0 0.0 -1.0 -1.0 -1.0 0.0 0.32813546502902413 0.32744226659158215 0.3444222683793938
9 631.0 0.0 -1.0 -1.0 -1.0 0.0 0.3135620941918767 0.34889928151404864 0.3375386242940747
9 632.0 0.0 -1.0 -1.0 -1.0 0.0 0.35155595103122567 0.32404496498245927 0.3243990839863153
9 633.0 0.0 -1.0 -1.0 -1.0 0.0 0.3293394284137644 0.34934286891039207 0.32131770267584336
9 634.0 0.0 -1.0 -1.0 -1.0 0.0 0.33305391650812943 0.3408757450647058 0.3260703384271648
9 635.0 0.0 -1.0 -1.0 -1.0 0.0 0.33960034470289613 0.3388552505124167 0.321544404784687
9 636.0 0.0 -1.0 -1.0 -1.0 0.0 0.3274573748263308 0.31647235828155423 0.356070266892115
9 637.0 0.0 -1.0 -1.0 -1.0 0.0 0.33295832290808264 0.3327238893651008 0.3343177877268168
9 638.0 0.0 -1.0 -1.0 -1.0 0.0 0.32134785937708055 0.35601199048146465 0.3226401501414546
9 639.0 0.0 -1.0 -1.0 -1.0 0.0 0.3008622011737735 0.3756874463057268 0.3234503525204998
9 640.0 0.0 -1.0 -1.0 -1.0 0.0 0.2974725172339074 0.37548666506978456 0.32704081769630783
9 641.0 0.0 -1.0 -1.0 -1.0 0.0 0.2992957009408756 0.37388311059397966 0.3268211884651449
9 642.0 0.0 -1.0 -1.0 -1.0 0.0 0.3026276707613616 0.34603513597685337 0.35133719326178503
9 643.0 0.0 -1.0 -1.0 -1.0 0.0 0.29198673337177206 0.3563531332331329 0.35166013339509505
9 644.0 0.0 -1.0 -1.0 -1.0 0.0 0.29519986481852317 0.38358816522122396 0.32121196996025264
9 645.0 0.0 -1.0 -1.0 -1.0 0.0 0.3150246631845733 0.3560208951234831 0.3289544416919437
9 646.0 0.0 -1.0 -1.0 -1.0 0.0 0.30903634880352326 0.34617683312990993 0.3447868180665667
9 647.0 0.0 -1.0 -1.0 -1.0 0.0 0.2948126766759319 0.36591775203002336 0.3392695712940447
9 648.0 0.0 -1.0 -1.0 -1.0 0.0 0.28869125777340077 0.37239354360039423 0.33891519862620506
9 649.0 0.0 -1.0 -1.0 -1.0 0.0 0.31170162829692344 0.35140203030287004 0.3368963414002063
9 650.0 0.0 -1.0 -1.0 -1.0 0.0 0.34029325410339284 0.32881870323705653 0.33088804265955074
9 651.0 0.0 -1.0 -1.0 -1.0 0.0 0.355352324025998 0.3143482766479863 0.3302993993260156
9 652.0 0.0 -1.0 -1.0 -1.0 0.0 0.3455738659901428 0.3037667915867499 0.35065934242310726
9 653.0 0.0 -1.0 -1.0 -1.0 0.0 0.33268162317242267 0.31505800000130935 0.3522603768262678
9 654.0 0.0 -1.0 -1.0 -1.0 0.0 0.3305486271153242 0.31316505859569743 0.3562863142889785
9 655.0 0.0 -1.0 -1.0 -1.0 0.0 0.3407862022020454 0.29845791635590796 0.3607558814420467
9 656.0 0.0 -1.0 -1.0 -1.0 0.0 0.34296250891209906 0.3215642637383433 0.3354732273495577
9 657.0 0.0 -1.0 -1.0 -1.0 0.0 0.3568480785748093 0.3086852271897558 0.33446669423543496
9 658.0 0.0 -1.0 -1.0 -1.0 0.0 0.3500078622512297 0.34354027706204043 0.30645186068672986
9 659.0 0.0 -1.0 -1.0 -1.0 0.0 0.3475366543544877 0.34641809374528293 0.30604525190022935
9 660.0 0.0 -1.0 -1.0 -1.0 0.0 0.33156251975247814 0.36028774275840286 0.30814973748911895
9 661.0 0.0 -1.0 -1.0 -1.0 0.0 0.34505784414897805 0.3666207955965794 0.28832136025444266
9 662.0 0.0 -1.0 -1.0 -1.0 0.0 0.34200065271045205 0.36037075123467815 0.29762859605486985
9 663.0 0.0 -1.0 -1.0 -1.0 0.0 0.32730479438741555 0.35373320364534144 0.3189620019672428
9 664.0 0.0 -1.0 -1.0 -1.0 0.0 0.33226760344946976 0.32029325756309773 0.3474391389874325
9 665.0 0.0 -1.0 -1.0 -1.0 0.0 0.32721180126314164 0.3200112475420869 0.3527769511947714
9 666.0 0.0 -1.0 -1.0 -1.0 0.0 0.3358058821000966 0.29924873121263934 0.3649453866872643
9 667.0 0.0 -1.0 -1.0 -1.0 0.0 0.34892354623241334 0.30336696971418137 0.3477094840534051
9 668.0 0.0 -1.0 -1.0 -1.0 0.0 0.3581953637818934 0.3197453382959478 0.3220592979221585
9 669.0 0.0 -1.0 -1.0 -1.0 0.0 0.3574743882257849 0.33158876627194567 0.3109368455022694
9 670.0 0.0 -1.0 -1.0 -1.0 0.0 0.34581025750026195 0.33157233812514464 0.3226174043745936
9 671.0 0.0 -1.0 -1.0 -1.0 0.0 0.3575972594997349 0.3504183487389858 0.2919843917612791
9 672.0 0.0 -1.0 -1.0 -1.0 0.0 0.3579429169487968 0.3232328545189253 0.3188242285322777
9 673.0 0.0 -1.0 -1.0 -1.0 0.0 0.3584028031192711 0.34352060758058056 0.2980765893001484
9 674.0 0.0 -1.0 -1.0 -1.0 0.0 0.339902404211919 0.3520830538819562 0.30801454190612476
9 675.0 0.0 -1.0 -1.0 -1.0 0.0 0.3428383769543873 0.3416385727197712 0.3155230503258415
9 676.0 0.0 -1.0 -1.0 -1.0 0.0 0.35522689457959084 0.33308759397911786 0.3116855114412914
9 677.0 0.0 -1.0 -1.0 -1.0 0.0 0.31458369561573485 0.3650318143761047 0.3203844900081602
9 678.0 0.0 -1.0 -1.0 -1.0 0.0 0.3109188869604625 0.37498168800206527 0.31409942503747224
9 679.0 0.0 -1.0 -1.0 -1.0 0.0 0.3335206229901273 0.3360367389388448 0.3304426380710278
9 680.0 0.0 -1.0 -1.0 -1.0 0.0 0.33310729164943775 0.344220163261705 0.3226725450888574
9 681.0 0.0 -1.0 -1.0 -1.0 0.0 0.3396791918080188 0.3251452842170904 0.33517552397489064
9 682.0 0.0 -1.0 -1.0 -1.0 0.0 0.3154019750980543 0.34540192445685686 0.3391961004450891
9 683.0 0.0 -1.0 -1.0 -1.0 0.0 0.31663543264949373 0.35459775342450817 0.32876681392599805
9 684.0 0.0 -1.0 -1.0 -1.0 0.0 0.33619348716350284 0.33080650791290284 0.3330000049235944
9 685.0 0.0 -1.0 -1.0 -1.0 0.0 0.34215418184833984 0.309496251052284 0.3483495670993761
9 686.0 0.0 -1.0 -1.0 -1.0 0.0 0.3500795902630812 0.3195055425107379 0.330414867226181
9 687.0 0.0 -1.0 -1.0 -1.0 0.0 0.354313270347806 0.2923623475215435 0.3533243821306503
9 688.0 0.0 -1.0 -1.0 -1.0 0.0 0.3520595774941271 0.2904499452896718 0.35749047721620103
9 689.0 0.0 -1.0 -1.0 -1.0 0.0 0.365983147631021 0.27386694572517356 0.3601499066438055
9 690.0 0.0 -1.0 -1.0 -1.0 0.0 0.3667509440740939 0.272321298408113 0.3609277575177929
9 691.0 0.0 -1.0 -1.0 -1.0 0.0 0.3731993960322336 0.2947284374817045 0.33207216648606186
9 692.0 0.0 -1.0 -1.0 -1.0 0.0 0.3444770603620107 0.30246095316437077 0.3530619864736183
9 693.0 0.0 -1.0 -1.0 -1.0 0.0 0.33615173776555834 0.2951368119763322 0.3687114502581095
9 694.0 0.0 -1.0 -1.0 -1.0 0.0 0.3394710497634651 0.31193718993279596 0.3485917603037388
9 695.0 0.0 -1.0 -1.0 -1.0 0.0 0.3139933790146453 0.32566894373727245 0.36033767724808236
9 696.0 0.0 -1.0 -1.0 -1.0 0.0 0.31020816333900825 0.3611555726821543 0.32863626397883744
9 697.0 0.0 -1.0 -1.0 -1.0 0.0 0.32085672625282413 0.34989431376185187 0.32924895998532394
9 698.0 0.0 -1.0 -1.0 -1.0 0.0 0.31519187712257063 0.34504579263218127 0.33976233024524793
9 699.0 0.0 -1.0 -1.0 -1.0 0.0 0.3017286553501182 0.35174013836188556 0.3465312062879962
9 700.0 0.0 -1.0 -1.0 -1.0 0.0 0.3202501807782711 0.3318790042501318 0.34787081497159716
9 701.0 0.0 -1.0 -1.0 -1.0 0.0 0.30841029556211685 0.3319157225046309 0.35967398193325245
9 702.0 0.0 -1.0 -1.0 -1.0 0.0 0.3186259750573004 0.32475566051532484 0.35661836442737493
9 703.0 0.0 -1.0 -1.0 -1.0 0.0 0.34472024635523296 0.31973498737219064 0.33554476627257657
9 704.0 0.0 -1.0 -1.0 -1.0 0.0 0.34022302393375364 0.3260218331767307 0.3337551428895157
9 705.0 0.0 -1.0 -1.0 -1.0 0.0 0.3282446653777289 0.33529013636305005 0.3364651982592212
9 706.0 0.0 -1.0 -1.0 -1.0 0.0 0.31161821476559715 0.3303861193148162 0.35799566591958637
9 707.0 0.0 -1.0 -1.0 -1.0 0.0 0.3297617131789582 0.3342574539807884 0.3359808328402534
9 708.0 0.0 -1.0 -1.0 -1.0 0.0 0.3322485516796704 0.3246105158482734 0.3431409324720562
9 709.0 0.0 -1.0 -1.0 -1.0 0.0 0.3493700616494042 0.331226579165615 0.31940335918498036
9 710.0 0.0 -1.0 -1.0 -1.0 0.0 0.35756613155319383 0.32496468454067345 0.31746918390613243
9 711.0 0.0 -1.0 -1.0 -1.0 0.0 0.34099612142910707 0.3378884608201572 0.3211154177507354
9 712.0 0.0 -1.0 -1.0 -1.0 0.0 0.3309887499643393 0.3415720658555791 0.32743918418008183
9 713.0 0.0 -1.0 -1.0 -1.0 0.0 0.3333680442427422 0.33867349850869183 0.3279584572485658
9 714.0 0.0 -1.0 -1.0 -1.0 0.0 0.3488994272413606 0.3351509137511281 0.31594965900751143
9 715.0 0.0 -1.0 -1.0 -1.0 0.0 0.33476636373435154 0.3321404536137231 0.3330931826519255
9 716.0 0.0 -1.0 -1.0 -1.0 0.0 0.32421493438319665 0.3524602915563185 0.3233247740604849
9 717.0 0.0 -1.0 -1.0 -1.0 0.0 0.3228607403291735 0.3430486673386116 0.334090592332215
9 718.0 0.0 -1.0 -1.0 -1.0 0.0 0.33915820830528715 0.3394911170399017 0.3213506746548112
9 719.0 0.0 -1.0 -1.0 -1.0 0.0 0.3272704419760401 0.3323619180573923 0.3403676399665676
9 720.0 0.0 -1.0 -1.0 -1.0 0.0 0.30490013365861 0.325552877387627 0.36954698895376287
9 721.0 0.0 -1.0 -1.0 -1.0 0.0 0.3142357829093342 0.32917079973937147 0.35659341735129435
9 722.0 0.0 -1.0 -1.0 -1.0 0.0 0.3221262123044804 0.3453030503967864 0.332570737298733
9 723.0 0.0 -1.0 -1.0 -1.0 0.0 0.3480862567457796 0.3387318787235793 0.31318186453064095
9 724.0 0.0 -1.0 -1.0 -1.0 0.0 0.3213346662414457 0.36095828329334395 0.3177070504652105
9 725.0 0.0 -1.0 -1.0 -1.0 0.0 0.30302376518883667 0.36029072337019996 0.33668551144096315
9 726.0 0.0 -1.0 -1.0 -1.0 0.0 0.3333319812668074 0.33127530804002314 0.3353927106931696
9 727.0 0.0 -1.0 -1.0 -1.0 0.0 0.3539781240247428 0.32255839516990625 0.3234634808053512
9 728.0 0.0 -1.0 -1.0 -1.0 0.0 0.3137460937049539 0.33323342707268305 0.35302047922236307
9 729.0 0.0 -1.0 -1.0 -1.0 0.0 0.29819125014470876 0.34295617183360255 0.3588525780216887
9 730.0 0.0 -1.0 -1.0 -1.0 0.0 0.2950269734384094 0.3340635267183306 0.3709094998432601
9 731.0 0.0 -1.0 -1.0 -1.0 0.0 0.29721422650894036 0.3504067011691444 0.35237907232191534
9 732.0 0.0 -1.0 -1.0 -1.0 0.0 0.2860842514731525 0.362212958478229 0.3517027900486186
9 733.0 0.0 -1.0 -1.0 -1.0 0.0 0.3154061013195831 0.31541614837365345 0.3691777503067635
9 734.0 0.0 -1.0 -1.0 -1.0 0.0 0.34438216838729585 0.31524433338882696 0.34037349822387697
9 735.0 0.0 -1.0 -1.0 -1.0 0.0 0.3304479994890011 0.31276243440884904 0.35678956610215
9 736.0 0.0 -1.0 -1.0 -1.0 0.0 0.334625343140125 0.3164321301847468 0.34894252667512804
9 737.0 0.0 -1.0 -1.0 -1.0 0.0 0.323808877302672 0.3347093574531296 0.34148176524419843
9 738.0 0.0 -1.0 -1.0 -1.0 0.0 0.30574394671035526 0.3191582085711332 0.3750978447185115
9 739.0 0.0 -1.0 -1.0 -1.0 0.0 0.3100477475060144 0.3389664751476641 0.3509857773463215
9 740.0 0.0 -1.0 -1.0 -1.0 0.0 0.30724388720228446 0.34989214682012976 0.34286396597758567
9 741.0 0.0 -1.0 -1.0 -1.0 0.0 0.32982030095604714 0.36588670699283216 0.30429299205112054
9 742.0 0.0 -1.0 -1.0 -1.0 0.0 0.33844098235830944 0.3698737979194479 0.29168521972224265
9 743.0 0.0 -1.0 -1.0 -1.0 0.0 0.32493994075886556 0.3704940831144641 0.30456597612667036
9 744.0 0.0 -1.0 -1.0 -1.0 0.0 0.34602938105080533 0.3430929508078513 0.3108776681413433
9 745.0 0.0 -1.0 -1.0 -1.0 0.0 0.36497773444524306 0.33536143383433514 0.2996608317204217
9 746.0 0.0 -1.0 -1.0 -1.0 0.0 0.35904531796602845 0.3245395876006664 0.31641509443330534
9 747.0 0.0 -1.0 -1.0 -1.0 0.0 0.34270667503808716 0.32669537226187606 0.3305979527000369
9 748.0 0.0 -1.0 -1.0 -1.0 0.0 0.3348181614021446 0.34213318884433674 0.3230486497535183
9 749.0 0.0 -1.0 -1.0 -1.0 0.0 0.33557994754532267 0.3299146952531315 0.33450535720154567
9 750.0 0.0 -1.0 -1.0 -1.0 0.0 0.33312546147468497 0.3162023723599538 0.35067216616536145
9 751.0 0.0 -1.0 -1.0 -1.0 0.0 0.30092015580337017 0.32442882564809244 0.3746510185485375
9 752.0 0.0 -1.0 -1.0 -1.0 0.0 0.3207325040367983 0.3081869634912854 0.3710805324719162
9 753.0 0.0 -1.0 -1.0 -1.0 0.0 0.33649026353189454 0.3181100292743016 0.34539970719380375
9 754.0 0.0 -1.0 -1.0 -1.0 0.0 0.30929977299086603 0.3420301257328212 0.3486701012763126
9 755.0 0.0 -1.0 -1.0 -1.0 0.0 0.3287242004442573 0.32744810073620506 0.34382769881953784
9 756.0 0.0 -1.0 -1.0 -1.0 0.0 0.3174830056818647 0.3302540157022037 0.35226297861593137
9 757.0 0.0 -1.0 -1.0 -1.0 0.0 0.3408750076289062 0.32182594796591707 0.3372990444051768
9 758.0 0.0 -1.0 -1.0 -1.0 0.0 0.30596905561410415 0.3335580325667735 0.3604729118191225
9 759.0 0.0 -1.0 -1.0 -1.0 0.0 0.30274614514810577 0.3053677233452134 0.39188613150668083
9 760.0 0.0 -1.0 -1.0 -1.0 0.0 0.32915368606401046 0.2976450313152633 0.3732012826207262
9 761.0 0.0 -1.0 -1.0 -1.0 0.0 0.3514369169967518 0.3081530639194505 0.34041001908379775
9 762.0 0.0 -1.0 -1.0 -1.0 0.0 0.3514889765082193 0.31282772862081526 0.33568329487096527
9 763.0 0.0 -1.0 -1.0 -1.0 0.0 0.3593991648522219 0.33660784631803387 0.30399298882974407
9 764.0 0.0 -1.0 -1.0 -1.0 0.0 0.36015576163433843 0.3291009619274582 0.31074327643820354
9 765.0 0.0 -1.0 -1.0 -1.0 0.0 0.38493369741672373 0.32213875558042915 0.2929275470028472
9 766.0 0.0 -1.0 -1.0 -1.0 0.0 0.3796469525146064 0.30815271564772945 0.3122003318376642
9 767.0 0.0 -1.0 -1.0 -1.0 0.0 0.3558834855225982 0.3100286450527499 0.33408786942465196
9 768.0 0.0 -1.0 -1.0 -1.0 0.0 0.36306297604942517 0.3164454663604953 0.3204915575900797
9 769.0 0.0 -1.0 -1.0 -1.0 0.0 0.3601065199772922 0.3227889427189316 0.3171045373037765
9 770.0 0.0 -1.0 -1.0 -1.0 0.0 0.355415449678354 0.33306396445924535 0.3115205858624005
9 771.0 0.0 -1.0 -1.0 -1.0 0.0 0.31748971662207526 0.34089229655082137 0.3416179868271035
9 772.0 0.0 -1.0 -1.0 -1.0 0.0 0.3400579167858535 0.327120716156599 0.3328213670575472
9 773.0 0.0 -1.0 -1.0 -1.0 0.0 0.3653701274547516 0.3084401105838508 0.326189761961398
9 774.0 0.0 -1.0 -1.0 -1.0 0.0 0.37030099586805143 0.2997875140744944 0.32991149005745407
9 775.0 0.0 -1.0 -1.0 -1.0 0.0 0.3544150955067358 0.29543603224120885 0.3501488722520552
9 776.0 0.0 -1.0 -1.0 -1.0 0.0 0.3396245972878302 0.31913885878197285 0.34123654393019726
9 777.0 0.0 -1.0 -1.0 -1.0 0.0 0.32372978913662387 0.3250062260895327 0.35126398477384335
9 778.0 0.0 -1.0 -1.0 -1.0 0.0 0.3391075658443535 0.3399478560004415 0.320944578155205
9 779.0 0.0 -1.0 -1.0 -1.0 0.0 0.3300063554697221 0.3455170007061553 0.3244766438241225
9 780.0 0.0 -1.0 -1.0 -1.0 0.0 0.32961803771090303 0.346814902244534 0.32356706004456304
9 781.0 0.0 -1.0 -1.0 -1.0 0.0 0.3230574911923838 0.346307138607413 0.33063537020020306
9 782.0 0.0 -1.0 -1.0 -1.0 0.0 0.3470544714369951 0.337756452920711 0.3151890756422938
9 783.0 0.0 -1.0 -1.0 -1.0 0.0 0.3474142070466399 0.34255647320210286 0.3100293197512574
9 784.0 0.0 -1.0 -1.0 -1.0 0.0 0.3326623490087433 0.3289082391316983 0.33842941185955844
9 785.0 0.0 -1.0 -1.0 -1.0 0.0 0.32414480351617675 0.34031980907123816 0.335535387412585
9 786.0 0.0 -1.0 -1.0 -1.0 0.0 0.32356600938543845 0.3530115313395714 0.3234224592749903
9 787.0 0.0 -1.0 -1.0 -1.0 0.0 0.3356041016917492 0.33208946996388006 0.33230642834437063
9 788.0 0.0 -1.0 -1.0 -1.0 0.0 0.3349732859558141 0.34594218940147603 0.3190845246427102
9 789.0 0.0 -1.0 -1.0 -1.0 0.0 0.3226285977726727 0.3469197026692184 0.3304516995581088
9 790.0 0.0 -1.0 -1.0 -1.0 0.0 0.2865589694433143 0.3690116836879792 0.34442934686870635
9 791.0 0.0 -1.0 -1.0 -1.0 0.0 0.3043384735601222 0.340300470925171 0.355361055514707
9 792.0 0.0 -1.0 -1.0 -1.0 0.0 0.3180784167996831 0.3307194021281634 0.35120218107215373
9 793.0 0.0 -1.0 -1.0 -1.0 0.0 0.3310960874628901 0.3388607789147063 0.33004313362240373
9 794.0 0.0 -1.0 -1.0 -1.0 0.0 0.3214993640508089 0.35202207190712087 0.3264785640420701
9 795.0 0.0 -1.0 -1.0 -1.0 0.0 0.3126704936686686 0.37108504287529714 0.3162444634560341
9 796.0 0.0 -1.0 -1.0 -1.0 0.0 0.3409385142523652 0.3605442218621589 0.2985172638854757
9 797.0 0.0 -1.0 -1.0 -1.0 0.0 0.33195922351040663 0.35033604132185564 0.31770473516773773
9 798.0 0.0 -1.0 -1.0 -1.0 0.0 0.3361975215408755 0.33136833701329915 0.3324341414458256
9 799.0 0.0 -1.0 -1.0 -1.0 0.0 0.31095746275387975 0.36338478245013073 0.32565775479598963
9 800.0 0.0 -1.0 -1.0 -1.0 0.0 0.3012556603550953 0.37807029106685325 0.3206740485780511
9 801.0 0.0 -1.0 -1.0 -1.0 0.0 0.3036035305276703 0.3778347189809908 0.3185617504913387
9 802.0 0.0 -1.0 -1.0 -1.0 0.0 0.27147487657798886 0.39699221355383557 0.33153290986817574
9 803.0 0.0 -1.0 -1.0 -1.0 0.0 0.29481044840274445 0.3908339467680601 0.3143556048291954
9 804.0 0.0 -1.0 -1.0 -1.0 0.0 0.31251493372066325 0.3856919711265195 0.3017930951528172
9 805.0 0.0 -1.0 -1.0 -1.0 0.0 0.3084635188376291 0.3653628528477866 0.3261736283145843
9 806.0 0.0 -1.0 -1.0 -1.0 0.0 0.305941264034043 0.34169513210000263 0.35236360386595444
9 807.0 0.0 -1.0 -1.0 -1.0 0.0 0.29958301432500933 0.35517522818252245 0.34524175749246827
9 808.0 0.0 -1.0 -1.0 -1.0 0.0 0.27890776387930966 0.3570491306621573 0.3640431054585332
9 809.0 0.0 -1.0 -1.0 -1.0 0.0 0.31131877753239606 0.3517761773525172 0.3369050451150866
9 810.0 0.0 -1.0 -1.0 -1.0 0.0 0.34370126534916723 0.34615050030612743 0.310148234344705
9 811.0 0.0 -1.0 -1.0 -1.0 0.0 0.3048302699163798 0.3434182995680095 0.3517514305156108
9 812.0 0.0 -1.0 -1.0 -1.0 0.0 0.3064404748197959 0.35483468777969646 0.33872483740050785
9 813.0 0.0 -1.0 -1.0 -1.0 0.0 0.30416330767404787 0.33265959138541945 0.3631771009405327
9 814.0 0.0 -1.0 -1.0 -1.0 0.0 0.309243884843695 0.33732106297294917 0.35343505218335586
9 815.0 0.0 -1.0 -1.0 -1.0 0.0 0.3034609154244138 0.34789422530174163 0.34864485927384464
9 816.0 0.0 -1.0 -1.0 -1.0 0.0 0.31663656112689853 0.34159251716791617 0.34177092170518536
9 817.0 0.0 -1.0 -1.0 -1.0 0.0 0.30897176093139683 0.3138158687049925 0.37721237036361066
9 818.0 0.0 -1.0 -1.0 -1.0 0.0 0.34448971760058134 0.3154973070821039 0.3400129753173146
9 819.0 0.0 -1.0 -1.0 -1.0 0.0 0.3544213534321258 0.30788398759239377 0.33769465897548057
9 820.0 0.0 -1.0 -1.0 -1.0 0.0 0.3475612419407897 0.3375269899142846 0.3149117681449256
9 821.0 0.0 -1.0 -1.0 -1.0 0.0 0.3670225033852991 0.3370464159408993 0.2959310806738015
9 822.0 0.0 -1.0 -1.0 -1.0 0.0 0.3555872843274823 0.3507367475142898 0.2936759681582277
9 823.0 0.0 -1.0 -1.0 -1.0 0.0 0.3575950989938246 0.35026138967084974 0.2921435113353258
9 824.0 0.0 -1.0 -1.0 -1.0 0.0 0.3409965672649532 0.38285012091300835 0.2761533118220384
9 825.0 0.0 -1.0 -1.0 -1.0 0.0 0.3523663905636202 0.3541938054202546 0.29343980401612524
9 826.0 0.0 -1.0 -1.0 -1.0 0.0 0.33524301176769994 0.3658342358162352 0.29892275241606486
9 827.0 0.0 -1.0 -1.0 -1.0 0.0 0.3150766386984157 0.3547381734982832 0.3301851878033013
9 828.0 0.0 -1.0 -1.0 -1.0 0.0 0.3260808397026394 0.3390844517174649 0.3348347085798958
9 829.0 0.0 -1.0 -1.0 -1.0 0.0 0.3151513777234378 0.3628009233588266 0.3220476989177355
9 830.0 0.0 -1.0 -1.0 -1.0 0.0 0.30738810728700794 0.3725631167171934 0.3200487759957989
9 831.0 0.0 -1.0 -1.0 -1.0 0.0 0.3044299193130187 0.35009130297179764 0.3454787777151836
9 832.0 0.0 -1.0 -1.0 -1.0 0.0 0.324688885222129 0.35495361231506345 0.32035750246280764
9 833.0 0.0 -1.0 -1.0 -1.0 0.0 0.30920129610162855 0.3498697284353417 0.3409289754630296
9 834.0 0.0 -1.0 -1.0 -1.0 0.0 0.28345198493522444 0.35323721791276 0.363310797152016
9 835.0 0.0 -1.0 -1.0 -1.0 0.0 0.29699432907464834 0.3587327022694978 0.34427296865585366
9 836.0 0.0 -1.0 -1.0 -1.0 0.0 0.30951967352468834 0.35906444855444586 0.33141587792086574
9 837.0 0.0 -1.0 -1.0 -1.0 0.0 0.34844319347918506 0.34666330478729895 0.3048935017335155
9 838.0 0.0 -1.0 -1.0 -1.0 0.0 0.36475796971859487 0.33672908693212183 0.29851294334928336
9 839.0 0.0 -1.0 -1.0 -1.0 0.0 0.3802340633340917 0.3236281398599885 0.2961377968059196
9 840.0 0.0 -1.0 -1.0 -1.0 0.0 0.3645161086456139 0.3492100066940455 0.28627388466034054
9 841.0 0.0 -1.0 -1.0 -1.0 0.0 0.36288946163919433 0.33200082271718345 0.30510971564362227
9 842.0 0.0 -1.0 -1.0 -1.0 0.0 0.3360998301968106 0.3368315197873816 0.32706865001580737
9 843.0 0.0 -1.0 -1.0 -1.0 0.0 0.36353127230942583 0.33717451799690756 0.2992942096936666
9 844.0 0.0 -1.0 -1.0 -1.0 0.0 0.34145169199498043 0.3370139474952692 0.3215343605097503
9 845.0 0.0 -1.0 -1.0 -1.0 0.0 0.34855655834956883 0.31573629043539503 0.335707151215036
9 846.0 0.0 -1.0 -1.0 -1.0 0.0 0.3662493729778656 0.29792468926644544 0.33582593775568903
9 847.0 0.0 -1.0 -1.0 -1.0 0.0 0.3377940387161715 0.2999703473200931 0.3622356139637351
9 848.0 0.0 -1.0 -1.0 -1.0 0.0 0.3451172997937807 0.29136965647969393 0.3635130437265254
9 849.0 0.0 -1.0 -1.0 -1.0 0.0 0.3531488132548856 0.28113393582825347 0.36571725091686086
9 850.0 0.0 -1.0 -1.0 -1.0 0.0 0.3371248451653919 0.29040473999526023 0.3724704148393478
9 851.0 0.0 -1.0 -1.0 -1.0 0.0 0.3202646250602962 0.3254965138547372 0.35423886108496666
9 852.0 0.0 -1.0 -1.0 -1.0 0.0 0.32361792496834363 0.3500259298202715 0.32635614521138484
9 853.0 0.0 -1.0 -1.0 -1.0 0.0 0.31289707974061715 0.37912427314620345 0.3079786471131797
9 854.0 0.0 -1.0 -1.0 -1.0 0.0 0.33370595599371533 0.3539719562149343 0.3123220877913504
9 855.0 0.0 -1.0 -1.0 -1.0 0.0 0.32710090169793465 0.3645731008706058 0.3083259974314596
9 856.0 0.0 -1.0 -1.0 -1.0 0.0 0.35154740722583777 0.35805553220788133 0.2903970605662811
9 857.0 0.0 -1.0 -1.0 -1.0 0.0 0.3370065503254257 0.32492371913659956 0.33806973053797473
9 858.0 0.0 -1.0 -1.0 -1.0 0.0 0.3132629895049999 0.337029576335299 0.3497074341597009
9 859.0 0.0 -1.0 -1.0 -1.0 0.0 0.3417666822415258 0.3239300383808358 0.33430327937763826
9 860.0 0.0 -1.0 -1.0 -1.0 0.0 0.30363454610774493 0.3406068240173751 0.3557586298748799
9 861.0 0.0 -1.0 -1.0 -1.0 0.0 0.3088532011238727 0.32356980833729077 0.36757699053883647
9 862.0 0.0 -1.0 -1.0 -1.0 0.0 0.31483336071412643 0.33287062765081116 0.3522960116350622
9 863.0 0.0 -1.0 -1.0 -1.0 0.0 0.29939639248143896 0.3347623312866834 0.3658412762318777
9 864.0 0.0 -1.0 -1.0 -1.0 0.0 0.3030688733822377 0.3494717563530193 0.3474593702647432
9 865.0 0.0 -1.0 -1.0 -1.0 0.0 0.2960826151644096 0.3391502040787557 0.3647671807568347
9 866.0 0.0 -1.0 -1.0 -1.0 0.0 0.3215308239985762 0.345137448492428 0.3333317275089959
9 867.0 0.0 -1.0 -1.0 -1.0 0.0 0.3383363499632277 0.32902879552094966 0.3326348545158225
9 868.0 0.0 -1.0 -1.0 -1.0 0.0 0.32500497309296483 0.35530630066624413 0.319688726240791
9 869.0 0.0 -1.0 -1.0 -1.0 0.0 0.3571670871208709 0.3371794854354213 0.30565342744370794
9 870.0 0.0 -1.0 -1.0 -1.0 0.0 0.36047511500339297 0.35379717368285435 0.28572771131375274
9 871.0 0.0 -1.0 -1.0 -1.0 0.0 0.3558147922929747 0.359701163795068 0.2844840439119575
9 872.0 0.0 -1.0 -1.0 -1.0 0.0 0.32692836386157603 0.3677090326411329 0.30536260349729116
9 873.0 0.0 -1.0 -1.0 -1.0 0.0 0.30408452709303224 0.3628875526547899 0.3330279202521779
9 874.0 0.0 -1.0 -1.0 -1.0 0.0 0.3257761269256636 0.3557485469790702 0.3184753260952663
9 875.0 0.0 -1.0 -1.0 -1.0 0.0 0.3207673717503953 0.359226309711362 0.32000631853824274
9 876.0 0.0 -1.0 -1.0 -1.0 0.0 0.32300434311558357 0.34825293843045885 0.3287427184539575
9 877.0 0.0 -1.0 -1.0 -1.0 0.0 0.31630241373392914 0.3458489610742669 0.3378486251918043
9 878.0 0.0 -1.0 -1.0 -1.0 0.0 0.31016045946451487 0.33892667146336275 0.3509128690721225
9 879.0 0.0 -1.0 -1.0 -1.0 0.0 0.32546202873977137 0.32819348798190495 0.3463444832783239
9 880.0 0.0 -1.0 -1.0 -1.0 0.0 0.3406177325635317 0.3322645408714372 0.327117726565031
9 881.0 0.0 -1.0 -1.0 -1.0 0.0 0.3561333986688139 0.31905892431710137 0.3248076770140848
9 882.0 0.0 -1.0 -1.0 -1.0 0.0 0.35095676108963325 0.29200749090220673 0.3570357480081598
9 883.0 0.0 -1.0 -1.0 -1.0 0.0 0.3531895631542721 0.29307684167985976 0.3537335951658682
9 884.0 0.0 -1.0 -1.0 -1.0 0.0 0.3452843282260194 0.2983313424967559 0.3563843292772244
9 885.0 0.0 -1.0 -1.0 -1.0 0.0 0.34070381216123335 0.29991402183158966 0.35938216600717676
9 886.0 0.0 -1.0 -1.0 -1.0 0.0 0.3508588684077043 0.283661161828524 0.36547996976377156
9 887.0 0.0 -1.0 -1.0 -1.0 0.0 0.36225673583146223 0.27334247857288696 0.36440078559565103
9 888.0 0.0 -1.0 -1.0 -1.0 0.0 0.3544034015130117 0.26536855068179416 0.38022804780519415
9 889.0 0.0 -1.0 -1.0 -1.0 0.0 0.36109440811886534 0.30745315612302 0.3314524357581145
9 890.0 0.0 -1.0 -1.0 -1.0 0.0 0.36759333163592234 0.31969636826183384 0.31271030010224393
9 891.0 0.0 -1.0 -1.0 -1.0 0.0 0.349924284803746 0.33264962671781534 0.31742608847843845
9 892.0 0.0 -1.0 -1.0 -1.0 0.0 0.3435703763450024 0.3359930050438637 0.32043661861113365
9 893.0 0.0 -1.0 -1.0 -1.0 0.0 0.3569615255827976 0.31566273606693307 0.3273757383502693
9 894.0 0.0 -1.0 -1.0 -1.0 0.0 0.3606909101985946 0.34412909322637764 0.2951799965750276
9 895.0 0.0 -1.0 -1.0 -1.0 0.0 0.353055987616613 0.3599194844457667 0.2870245279376201
9 896.0 0.0 -1.0 -1.0 -1.0 0.0 0.3446251096627677 0.36511272428448927 0.2902621660527428
9 897.0 0.0 -1.0 -1.0 -1.0 0.0 0.33405166129511243 0.3721216875862069 0.29382665111868084
9 898.0 0.0 -1.0 -1.0 -1.0 0.0 0.33606766666718696 0.3529491711091703 0.31098316222364253
9 899.0 0.0 -1.0 -1.0 -1.0 0.0 0.3144221626089217 0.3647317735749623 0.320846063816116
9 900.0 0.0 -1.0 -1.0 -1.0 0.0 0.32556497879347795 0.34361107842718974 0.33082394277933197
9 901.0 0.0 -1.0 -1.0 -1.0 0.0 0.3458946878526753 0.32105171247796144 0.33305359966936315
9 902.0 0.0 -1.0 -1.0 -1.0 0.0 0.36358270561303757 0.3147791041175782 0.3216381902693843
9 903.0 0.0 -1.0 -1.0 -1.0 0.0 0.33167140893789826 0.3100207806364277 0.35830781042567417
9 904.0 0.0 -1.0 -1.0 -1.0 0.0 0.32850164701006634 0.30319140631924285 0.36830694667069097
9 905.0 0.0 -1.0 -1.0 -1.0 0.0 0.3168174580508326 0.2991026741998747 0.3840798677492927
9 906.0 0.0 -1.0 -1.0 -1.0 0.0 0.329342419909048 0.3062836022186829 0.3643739778722687
9 907.0 0.0 -1.0 -1.0 -1.0 0.0 0.3428772680573443 0.3071276487575215 0.349995083185134
9 908.0 0.0 -1.0 -1.0 -1.0 0.0 0.3602328339115086 0.32627495169003135 0.31349221439846026
9 909.0 0.0 -1.0 -1.0 -1.0 0.0 0.3513520194485875 0.3398138780521016 0.30883410249931065
9 910.0 0.0 -1.0 -1.0 -1.0 0.0 0.3556653346869196 0.3146595198170648 0.3296751454960156
9 911.0 0.0 -1.0 -1.0 -1.0 0.0 0.35387352020446383 0.3257139730754433 0.32041250672009275
9 912.0 0.0 -1.0 -1.0 -1.0 0.0 0.37818418992050545 0.33353766881458896 0.28827814126490564
9 913.0 0.0 -1.0 -1.0 -1.0 0.0 0.35244108194238316 0.345149048051902 0.302409870005715
9 914.0 0.0 -1.0 -1.0 -1.0 0.0 0.33400872094971285 0.3472658000876986 0.3187254789625883
9 915.0 0.0 -1.0 -1.0 -1.0 0.0 0.33802674354751827 0.3449839204563536 0.31698933599612816
9 916.0 0.0 -1.0 -1.0 -1.0 0.0 0.34441946788492844 0.33116536605008257 0.3244151660649891
9 917.0 0.0 -1.0 -1.0 -1.0 0.0 0.35089013139531144 0.31691794704365184 0.33219192156103644
9 918.0 0.0 -1.0 -1.0 -1.0 0.0 0.31622854699190234 0.34173671706141723 0.3420347359466803
9 919.0 0.0 -1.0 -1.0 -1.0 0.0 0.3381493671663813 0.33005343200062953 0.33179720083298897
9 920.0 0.0 -1.0 -1.0 -1.0 0.0 0.3180968302271676 0.3476005720851157 0.33430259768771686
9 921.0 0.0 -1.0 -1.0 -1.0 0.0 0.3253913900285816 0.3328839598797989 0.34172465009161956
9 922.0 0.0 -1.0 -1.0 -1.0 0.0 0.325947629218358 0.33572688267722894 0.3383254881044131
9 923.0 0.0 -1.0 -1.0 -1.0 0.0 0.34915105935285884 0.3338720055128616 0.3169769351342794
9 924.0 0.0 -1.0 -1.0 -1.0 0.0 0.34835872314819305 0.330393380496099 0.32124789635570794
9 925.0 0.0 -1.0 -1.0 -1.0 0.0 0.35925310967063745 0.3276382848780188 0.3131086054513437
9 926.0 0.0 -1.0 -1.0 -1.0 0.0 0.3592545190873042 0.3313852688499634 0.3093602120627325
9 927.0 0.0 -1.0 -1.0 -1.0 0.0 0.3689531399872258 0.3049997317115016 0.32604712830127275
9 928.0 0.0 -1.0 -1.0 -1.0 0.0 0.34659653533078016 0.32423430858078733 0.32916915608843256
9 929.0 0.0 -1.0 -1.0 -1.0 0.0 0.34119905054865773 0.34206394631578363 0.3167370031355585
9 930.0 0.0 -1.0 -1.0 -1.0 0.0 0.3515695910656341 0.324190915059152 0.32423949387521384
9 931.0 0.0 -1.0 -1.0 -1.0 0.0 0.3431086453631551 0.302875589033273 0.35401576560357206
9 932.0 0.0 -1.0 -1.0 -1.0 0.0 0.33324825645611367 0.30357220242224114 0.3631795411216454
9 933.0 0.0 -1.0 -1.0 -1.0 0.0 0.36008175245417207 0.29757529609195893 0.34234295145386895
9 934.0 0.0 -1.0 -1.0 -1.0 0.0 0.3619263875482796 0.32442792023116285 0.3136456922205577
9 935.0 0.0 -1.0 -1.0 -1.0 0.0 0.3498001968007779 0.32194420573221566 0.3282555974670063
9 936.0 0.0 -1.0 -1.0 -1.0 0.0 0.33052212281574306 0.3232682408268552 0.346209636357402
9 937.0 0.0 -1.0 -1.0 -1.0 0.0 0.3097570145176336 0.35997364456278896 0.3302693409195776
9 938.0 0.0 -1.0 -1.0 -1.0 0.0 0.3203629552093492 0.3452400380049667 0.33439700678568424
9 939.0 0.0 -1.0 -1.0 -1.0 0.0 0.30776101852478027 0.35708752470201965 0.3351514567732
9 940.0 0.0 -1.0 -1.0 -1.0 0.0 0.30439140055785674 0.3646582249450921 0.33095037449705117
9 941.0 0.0 -1.0 -1.0 -1.0 0.0 0.3198847515159141 0.3453474865157059 0.3347677619683799
9 942.0 0.0 -1.0 -1.0 -1.0 0.0 0.3510056686428997 0.3273724718753236 0.32162185948177624
9 943.0 0.0 -1.0 -1.0 -1.0 0.0 0.37086022975232696 0.3295228840991073 0.29961688614856546
9 944.0 0.0 -1.0 -1.0 -1.0 0.0 0.3736912588840618 0.3244082844183853 0.30190045669755255
9 945.0 0.0 -1.0 -1.0 -1.0 0.0 0.37401815327433807 0.33421857583254594 0.29176327089311593
9 946.0 0.0 -1.0 -1.0 -1.0 0.0 0.36376111985182197 0.324830850460613 0.3114080296875648
9 947.0 0.0 -1.0 -1.0 -1.0 0.0 0.33630854635736623 0.32163613794867124 0.3420553156939624
9 948.0 0.0 -1.0 -1.0 -1.0 0.0 0.3577347977444003 0.31205688759781436 0.33020831465778533
9 949.0 0.0 -1.0 -1.0 -1.0 0.0 0.3312600265123225 0.3252055718098282 0.3435344016778491
9 950.0 0.0 -1.0 -1.0 -1.0 0.0 0.3332834361132817 0.31099455907642853 0.3557220048102898
9 951.0 0.0 -1.0 -1.0 -1.0 0.0 0.3380975053478003 0.30320134260364995 0.35870115204854996
9 952.0 0.0 -1.0 -1.0 -1.0 0.0 0.35259836011230716 0.29897355738546155 0.3484280825022312
9 953.0 0.0 -1.0 -1.0 -1.0 0.0 0.3326864470489737 0.3315545570273076 0.33575899592371883
9 954.0 0.0 -1.0 -1.0 -1.0 0.0 0.3528346776025273 0.3159307772295819 0.3312345451678906
9 955.0 0.0 -1.0 -1.0 -1.0 0.0 0.37882928015216394 0.32996314712608277 0.2912075727217536
9 956.0 0.0 -1.0 -1.0 -1.0 0.0 0.3869692065888898 0.3043688098342785 0.3086619835768317
9 957.0 0.0 -1.0 -1.0 -1.0 0.0 0.3739518015312532 0.30478593957874794 0.321262258889999
9 958.0 0.0 -1.0 -1.0 -1.0 0.0 0.3588752472489592 0.30033531080749926 0.3407894419435417
9 959.0 0.0 -1.0 -1.0 -1.0 0.0 0.366004098355635 0.3089305483488155 0.32506535329554936
9 960.0 0.0 -1.0 -1.0 -1.0 0.0 0.34362602091965194 0.3077389612062665 0.3486350178740815
9 961.0 0.0 -1.0 -1.0 -1.0 0.0 0.3346626470507848 0.3253928943848294 0.3399444585643859
9 962.0 0.0 -1.0 -1.0 -1.0 0.0 0.3192009411311884 0.33020837772601114 0.35059068114280056
9 963.0 0.0 -1.0 -1.0 -1.0 0.0 0.3377985190204417 0.30972781820803047 0.35247366277152764
9 964.0 0.0 -1.0 -1.0 -1.0 0.0 0.33249862167431155 0.30357740870656424 0.3639239696191244
9 965.0 0.0 -1.0 -1.0 -1.0 0.0 0.3335231052168712 0.3262837800738001 0.3401931147093286
9 966.0 0.0 -1.0 -1.0 -1.0 0.0 0.334782328194819 0.346499817196422 0.3187178546087592
9 967.0 0.0 -1.0 -1.0 -1.0 0.0 0.3252364677339849 0.3629316090079518 0.31183192325806336
9 968.0 0.0 -1.0 -1.0 -1.0 0.0 0.31887577058395533 0.35644189402951887 0.32468233538652597
9 969.0 0.0 -1.0 -1.0 -1.0 0.0 0.3083388015785777 0.3589130773878477 0.3327481210335745
9 970.0 0.0 -1.0 -1.0 -1.0 0.0 0.3244596097036992 0.37403429247191494 0.30150609782438587
9 971.0 0.0 -1.0 -1.0 -1.0 0.0 0.31677687505320795 0.3660023422923444 0.31722078265444753
9 972.0 0.0 -1.0 -1.0 -1.0 0.0 0.32539245540947315 0.3565036260703932 0.3181039185201336
9 973.0 0.0 -1.0 -1.0 -1.0 0.0 0.3181346681711252 0.3433782196559458 0.33848711217292893
9 974.0 0.0 -1.0 -1.0 -1.0 0.0 0.3257623101340734 0.3383983448252827 0.3358393450406439
9 975.0 0.0 -1.0 -1.0 -1.0 0.0 0.31752299060993994 0.3512330323418426 0.3312439770482174
9 976.0 0.0 -1.0 -1.0 -1.0 0.0 0.3084681568026421 0.3690264294263004 0.32250541377105757
9 977.0 0.0 -1.0 -1.0 -1.0 0.0 0.3183624644180484 0.34982372948886725 0.3318138060930842
9 978.0 0.0 -1.0 -1.0 -1.0 0.0 0.3472355689711093 0.3160808710578202 0.33668355997107047
9 979.0 0.0 -1.0 -1.0 -1.0 0.0 0.31443853697612634 0.35293735513915064 0.33262410788472274
9 980.0 0.0 -1.0 -1.0 -1.0 0.0 0.33064715365795444 0.3444570083567448 0.3248958379853006
9 981.0 0.0 -1.0 -1.0 -1.0 0.0 0.3362779004391821 0.327773203717711 0.33594889584310694
9 982.0 0.0 -1.0 -1.0 -1.0 0.0 0.30955914970307935 0.3307209337387787 0.359719916558142
9 983.0 0.0 -1.0 -1.0 -1.0 0.0 0.2908873039722335 0.344069900874747 0.3650427951530196
9 984.0 0.0 -1.0 -1.0 -1.0 0.0 0.2965489623707176 0.338872440853651 0.3645785967756316
9 985.0 0.0 -1.0 -1.0 -1.0 0.0 0.29654590126133296 0.34766297959247494 0.35579111914619177
9 986.0 0.0 -1.0 -1.0 -1.0 0.0 0.29968260253210594 0.33459918425560065 0.3657182132122934
9 987.0 0.0 -1.0 -1.0 -1.0 0.0 0.30256151991611235 0.33099001323928867 0.3664484668445992
9 988.0 0.0 -1.0 -1.0 -1.0 0.0 0.3130800999453405 0.32026516533630855 0.3666547347183509
9 989.0 0.0 -1.0 -1.0 -1.0 0.0 0.33261204506997977 0.3219559213632471 0.34543203356677316
9 990.0 0.0 -1.0 -1.0 -1.0 0.0 0.33041563207437613 0.33680238828970516 0.3327819796359187
9 991.0 0.0 -1.0 -1.0 -1.0 0.0 0.32514719961656524 0.32932302825418275 0.34552977212925184
9 992.0 0.0 -1.0 -1.0 -1.0 0.0 0.340286048352972 0.31887384355035664 0.3408401080966715
9 993.0 0.0 -1.0 -1.0 -1.0 0.0 0.34425483299375786 0.29948671478262584 0.3562584522236162
9 994.0 0.0 -1.0 -1.0 -1.0 0.0 0.34180592704654067 0.3063125405209845 0.35188153243247483
9 995.0 0.0 -1.0 -1.0 -1.0 0.0 0.34933386335018696 0.30987563454612554 0.3407905021036875
9 996.0 0.0 -1.0 -1.0 -1.0 0.0 0.35088707341800585 0.30753957030350615 0.34157335627848795
9 997.0 0.0 -1.0 -1.0 -1.0 0.0 0.33780171680839866 0.31763190597794755 0.3445663772136537
9 998.0 0.0 -1.0 -1.0 -1.0 0.0 0.3444391804463622 0.30747834144305763 0.3480824781105799
9 999.0 0.0 -1.0 -1.0 -1.0 0.0 0.3626941832002214 0.3201707209775234 0.31713509582225524
9 1000.0 0.0 -1.0 -1.0 -1.0 0.0 0.36097078347694755 0.31986954498679343 0.3191596715362592
1000000000000000000000000000000000000000000000000000000000000000000000000000000000000000000000000000
-1.0
solo con 1: -100.0
