9 0.0 38.0 -35.0 -157.0 -101.86 49.388589039096146 0.3333333333333333 0.3333333333333333 0.3333333333333333
9 1.0 38.0 -35.0 -157.0 -82.49 46.94602423974997 0.31906514049601514 0.28721612880593594 0.39371873069804875
9 2.0 33.0 -33.0 -157.0 -73.76 44.63434380009014 0.29561759468893206 0.2498956947064107 0.45448671060465734
9 3.0 33.0 -32.0 -157.0 -63.69 40.019110333929106 0.28334628583252264 0.20817872424334777 0.5084749899241295
9 4.0 56.0 -31.0 -157.0 -58.43 38.077872096984926 0.2588247438650709 0.1981040535192162 0.5430712026157125
9 5.0 22.0 -29.0 -157.0 -50.23 33.233746692058645 0.24154719654436946 0.18854942777202727 0.5699033756836033
9 6.0 22.0 -27.0 -157.0 -45.11 30.902222796060695 0.2301434269901226 0.16711692167343878 0.6027396513364383
9 7.0 79.0 -24.0 -157.0 -38.22 22.912913742289863 0.2065261574210411 0.14773151519155023 0.6457423273874086
9 8.0 3.0 -23.0 -157.0 -35.19 23.417033858870223 0.19089134135542637 0.1452617123302945 0.6638469463142791
9 9.0 31.0 -22.0 -157.0 -32.56 23.819743953707857 0.17445578298176842 0.1330737990633696 0.6924704179548623
9 10.0 90.0 -18.0 -156.0 -29.82 24.28633069415507 0.14678530208283902 0.1294743219052752 0.7237403760118859
9 11.0 17.0 -17.0 -155.0 -26.58 21.987223103383936 0.13448075663220604 0.12792181720271234 0.7375974261650817
9 12.0 16.0 -16.0 -155.0 -21.88 14.730769007609734 0.1263440302250443 0.11464157280403364 0.7590143969709221
9 13.0 47.0 -14.0 -155.0 -20.09 14.679123497902268 0.13378069351405955 0.10841929342823912 0.757800013057701
9 14.0 8.0 -14.0 -155.0 -18.66 14.813466436954856 0.14325432913493613 0.1055217298312026 0.7512239410338616
9 15.0 80.0 -11.0 -155.0 -17.18 14.474903394594 0.13710028115696576 0.12203486622388944 0.740864852619145
9 16.0 80.0 -10.0 -155.0 -16.27 14.61482228092529 0.13113876524753176 0.12116195799161647 0.7476992767608515
9 17.0 51.0 -9.0 -155.0 -14.69 14.322896129461862 0.13107539112193997 0.11540577606122751 0.7535188328168325
9 18.0 27.0 -7.0 -155.0 -13.19 14.457667218958301 0.11874045154416063 0.12113731744589043 0.7601222310099486
9 19.0 27.0 -7.0 -155.0 -11.65 14.614490525958582 0.12107683355459757 0.12000306899019464 0.7589200974552077
9 20.0 80.0 -6.0 -153.0 -10.53 14.508412745853363 0.1294134200371161 0.1126774548981095 0.7579091250647744
9 21.0 78.0 -5.0 -150.0 -9.51 14.316406495678132 0.13650423706739293 0.1156853804411217 0.7478103824914857
9 22.0 1.0 -4.0 -149.0 -8.11 14.306807731801927 0.15563046560663701 0.11201631899664877 0.7323532153967143
9 23.0 30.0 -3.0 -45.0 -5.98 4.182648138983893 0.1552621889842994 0.10191772783776608 0.7428200831779348
9 24.0 74.0 -2.0 -45.0 -5.08 4.317406628984581 0.13916022624347618 0.10997573735244638 0.7508640364040775
9 25.0 8.0 -2.0 -11.0 -3.74 1.5016489253315815 0.13964056130618493 0.11046432884686888 0.7498951098469462
9 26.0 0.0 -2.0 -7.0 -2.87 1.001564432840601 0.14247320205227262 0.1131548437342804 0.7443719542134472
9 27.0 24.0 -1.0 -5.0 -2.27 0.649086382011771 0.15700653968319214 0.12648110968924486 0.716512350627563
9 28.0 10.0 -1.0 -4.0 -1.93 0.5904116009919333 0.1668086257272984 0.16145323675821313 0.6717381375144885
9 29.0 1.0 -1.0 -4.0 -1.5 0.6113406364191519 0.16992139517513938 0.17379055214354217 0.6562880526813184
9 30.0 0.0 -1.0 -2.0 -1.26 0.440844002276808 0.18956430878679614 0.19260589403622155 0.6178297971769825
9 31.0 0.0 -1.0 -2.0 -1.17 0.377525168068637 0.20207263454105168 0.21365098284688475 0.5842763826120634
9 32.0 0.0 -1.0 -2.0 -1.1 0.30151134457776346 0.2180649979216252 0.2280494274342381 0.5538855746441363
9 33.0 0.0 -1.0 -2.0 -1.08 0.27265992434429087 0.23664313572879955 0.25600148494882957 0.5073553793223708
9 34.0 0.0 -1.0 -2.0 -1.05 0.2190429135575906 0.26634333686828543 0.25878364179574664 0.4748730213359677
9 35.0 0.0 -1.0 -2.0 -1.01 0.09999999999999998 0.3185117573481359 0.2751335994650274 0.4063546431868368
9 36.0 0.0 -1.0 -2.0 -1.01 0.09999999999999998 0.3497998004404597 0.29505494245512975 0.3551452571044106
9 37.0 0.0 -1.0 -2.0 -1.01 0.09999999999999998 0.36426463461504327 0.3021623253320487 0.33357304005290817
9 38.0 0.0 -1.0 -2.0 -1.01 0.09999999999999998 0.3659081779827026 0.300452683393965 0.3336391386233324
9 39.0 0.0 -1.0 -2.0 -1.01 0.09999999999999998 0.36222216248165323 0.29894602935206804 0.338831808166279
9 40.0 0.0 -1.0 -2.0 -1.01 0.09999999999999998 0.36941758546241543 0.283200236852064 0.3473821776855207
9 41.0 0.0 -1.0 -2.0 -1.01 0.09999999999999998 0.3546855585416972 0.2841091727803189 0.3612052686779841
9 42.0 0.0 -1.0 -2.0 -1.01 0.09999999999999998 0.3254072427350551 0.2745149581752245 0.40007779908972085
9 43.0 0.0 -1.0 -1.0 -1.0 0.0 0.34175799137309903 0.2891618417454374 0.36908016688146394
9 44.0 0.0 -1.0 -1.0 -1.0 0.0 0.3223188774618853 0.30581491638020064 0.37186620615791427
9 45.0 0.0 -1.0 -1.0 -1.0 0.0 0.3103254108669281 0.3270297871112507 0.36264480202182126
9 46.0 0.0 -1.0 -1.0 -1.0 0.0 0.3025838514182922 0.3337323849547537 0.3636837636269541
9 47.0 0.0 -1.0 -1.0 -1.0 0.0 0.3120245540625097 0.3285854644829087 0.3593899814545818
9 48.0 0.0 -1.0 -1.0 -1.0 0.0 0.3273101428799784 0.29950498015762667 0.3731848769623947
9 49.0 0.0 -1.0 -1.0 -1.0 0.0 0.31456048977435797 0.33951256101802507 0.34592694920761713
9 50.0 0.0 -1.0 -1.0 -1.0 0.0 0.316359882069183 0.355227141285086 0.328412976645731
9 51.0 0.0 -1.0 -1.0 -1.0 0.0 0.32591119148543596 0.3511999975536979 0.32288881096086586
9 52.0 0.0 -1.0 -1.0 -1.0 0.0 0.3316994727945554 0.36190743924228547 0.30639308796315917
9 53.0 0.0 -1.0 -1.0 -1.0 0.0 0.33033963837849695 0.35756586985958916 0.31209449176191345
9 54.0 0.0 -1.0 -1.0 -1.0 0.0 0.3621163034481237 0.33057147942689624 0.30731221712498025
9 55.0 0.0 -1.0 -1.0 -1.0 0.0 0.3505435911007413 0.3547164688396412 0.2947399400596174
9 56.0 0.0 -1.0 -1.0 -1.0 0.0 0.35837918935942087 0.35503336196665153 0.2865874486739276
9 57.0 0.0 -1.0 -1.0 -1.0 0.0 0.33262096901849736 0.3741109054149782 0.29326812556652454
9 58.0 0.0 -1.0 -1.0 -1.0 0.0 0.3188264749904918 0.3737084099819284 0.30746511502757984
9 59.0 0.0 -1.0 -1.0 -1.0 0.0 0.32021618503807375 0.3526083020580325 0.3271755129038938
9 60.0 0.0 -1.0 -1.0 -1.0 0.0 0.3045374385827409 0.3445966660887577 0.35086589532850126
9 61.0 0.0 -1.0 -1.0 -1.0 0.0 0.3241019927565769 0.328591234460064 0.3473067727833591
9 62.0 0.0 -1.0 -1.0 -1.0 0.0 0.32033698416404927 0.3395173295716914 0.3401456862642595
9 63.0 0.0 -1.0 -1.0 -1.0 0.0 0.3084097947300491 0.3477829079177531 0.34380729735219795
9 64.0 0.0 -1.0 -1.0 -1.0 0.0 0.29737949529796226 0.35414233527193084 0.3484781694301068
9 65.0 0.0 -1.0 -1.0 -1.0 0.0 0.3078331331809464 0.3209090346296245 0.371257832189429
9 66.0 0.0 -1.0 -1.0 -1.0 0.0 0.3132528338519414 0.3257454376712413 0.3610017284768171
9 67.0 0.0 -1.0 -1.0 -1.0 0.0 0.3318689708977532 0.30820183945727486 0.359929189644972
9 68.0 0.0 -1.0 -1.0 -1.0 0.0 0.3402015271004377 0.3260638774733333 0.3337345954262288
9 69.0 0.0 -1.0 -1.0 -1.0 0.0 0.3520453357657676 0.30974965480917044 0.33820500942506215
9 70.0 0.0 -1.0 -1.0 -1.0 0.0 0.3680732974352653 0.286878971152105 0.3450477314126295
9 71.0 0.0 -1.0 -1.0 -1.0 0.0 0.36750044018494693 0.3005356244785634 0.33196393533648966
9 72.0 0.0 -1.0 -1.0 -1.0 0.0 0.3739281904227407 0.3110732376193402 0.31499857195791925
9 73.0 0.0 -1.0 -1.0 -1.0 0.0 0.3577490298388726 0.318233550430038 0.3240174197310893
9 74.0 0.0 -1.0 -1.0 -1.0 0.0 0.3754278170438711 0.32486053488632555 0.2997116480698031
9 75.0 0.0 -1.0 -1.0 -1.0 0.0 0.347746016227673 0.3317126414009794 0.32054134237134746
9 76.0 0.0 -1.0 -1.0 -1.0 0.0 0.33716511270362487 0.32483969199373613 0.337995195302639
9 77.0 0.0 -1.0 -1.0 -1.0 0.0 0.38577841342795055 0.29089125028896956 0.32333033628307994
9 78.0 0.0 -1.0 -1.0 -1.0 0.0 0.36279752888989303 0.29398034438495774 0.3432221267251492
9 79.0 0.0 -1.0 -1.0 -1.0 0.0 0.350889861193036 0.29920517232052796 0.34990496648643615
9 80.0 0.0 -1.0 -1.0 -1.0 0.0 0.33395491842300423 0.3015809022984592 0.3644641792785365
9 81.0 0.0 -1.0 -1.0 -1.0 0.0 0.30614787920113967 0.31584022601656825 0.37801189478229186
9 82.0 0.0 -1.0 -1.0 -1.0 0.0 0.30937121311394084 0.34402434713357133 0.34660443975248784
9 83.0 0.0 -1.0 -1.0 -1.0 0.0 0.3185069297553163 0.3439767775010109 0.33751629274367284
9 84.0 0.0 -1.0 -1.0 -1.0 0.0 0.3332887940934093 0.3480927855182089 0.31861842038838206
9 85.0 0.0 -1.0 -1.0 -1.0 0.0 0.30608149005167595 0.37771391535815646 0.3162045945901676
9 86.0 0.0 -1.0 -1.0 -1.0 0.0 0.31523508232608694 0.35012099149198356 0.3346439261819296
9 87.0 0.0 -1.0 -1.0 -1.0 0.0 0.3099922043935718 0.3421486511494847 0.34785914445694355
9 88.0 0.0 -1.0 -1.0 -1.0 0.0 0.30464345141199417 0.3477160409770915 0.34764050761091453
9 89.0 0.0 -1.0 -1.0 -1.0 0.0 0.3043147477727172 0.35010365761956214 0.34558159460772053
9 90.0 0.0 -1.0 -1.0 -1.0 0.0 0.33140888905128735 0.35584884240535736 0.31274226854335535
9 91.0 0.0 -1.0 -1.0 -1.0 0.0 0.30109181664891627 0.37081766570160546 0.32809051764947833
9 92.0 0.0 -1.0 -1.0 -1.0 0.0 0.32332155539689444 0.3534721029529367 0.32320634165016904
9 93.0 0.0 -1.0 -1.0 -1.0 0.0 0.3021068221501476 0.34246029777930537 0.35543288007054685
9 94.0 0.0 -1.0 -1.0 -1.0 0.0 0.3144606481652848 0.3505769524883632 0.3349623993463522
9 95.0 0.0 -1.0 -1.0 -1.0 0.0 0.309266000918613 0.31488559883714773 0.3758484002442393
9 96.0 0.0 -1.0 -1.0 -1.0 0.0 0.3321992323538977 0.349505124250779 0.31829564339532335
9 97.0 0.0 -1.0 -1.0 -1.0 0.0 0.34345750553824866 0.3579409088275213 0.2986015856342296
9 98.0 0.0 -1.0 -1.0 -1.0 0.0 0.3029392708210985 0.3765184647883868 0.32054226439051464
9 99.0 0.0 -1.0 -1.0 -1.0 0.0 0.31146107077965973 0.3654024785348324 0.3231364506855075
9 100.0 0.0 -1.0 -1.0 -1.0 0.0 0.31881491747335616 0.333113607590215 0.3480714749364288
9 101.0 0.0 -1.0 -1.0 -1.0 0.0 0.3301795952139904 0.3590871300636877 0.31073327472232193
9 102.0 0.0 -1.0 -1.0 -1.0 0.0 0.3311939298941708 0.3611207137284599 0.3076853563773696
9 103.0 0.0 -1.0 -1.0 -1.0 0.0 0.34105505915496104 0.35870141899574987 0.3002435218492892
9 104.0 0.0 -1.0 -1.0 -1.0 0.0 0.29354067496877884 0.36962397704222694 0.33683534798899417
9 105.0 0.0 -1.0 -1.0 -1.0 0.0 0.2991793267903982 0.36582835557712473 0.33499231763247717
9 106.0 0.0 -1.0 -1.0 -1.0 0.0 0.3035588858324792 0.3344908022836973 0.36195031188382343
9 107.0 0.0 -1.0 -1.0 -1.0 0.0 0.29335054906785474 0.3525463407718796 0.3541031101602659
9 108.0 0.0 -1.0 -1.0 -1.0 0.0 0.2889743497395342 0.3539471891619507 0.3570784610985151
9 109.0 0.0 -1.0 -1.0 -1.0 0.0 0.29077617352719975 0.3629678059278721 0.34625602054492804
9 110.0 0.0 -1.0 -1.0 -1.0 0.0 0.32492585374046556 0.3510689764738093 0.32400516978572536
9 111.0 0.0 -1.0 -1.0 -1.0 0.0 0.3740235482061717 0.31812836432515296 0.3078480874686757
9 112.0 0.0 -1.0 -1.0 -1.0 0.0 0.3763242374044499 0.325514288289836 0.29816147430571394
9 113.0 0.0 -1.0 -1.0 -1.0 0.0 0.3819358768678633 0.33481298792564024 0.2832511352064965
9 114.0 0.0 -1.0 -1.0 -1.0 0.0 0.35201121426578924 0.3555645536288577 0.29242423210535273
9 115.0 0.0 -1.0 -1.0 -1.0 0.0 0.3646088027131861 0.3282568311346328 0.3071343661521812
9 116.0 0.0 -1.0 -1.0 -1.0 0.0 0.37377943326101715 0.3166986273836414 0.30952193935534167
9 117.0 0.0 -1.0 -1.0 -1.0 0.0 0.38004254423978806 0.30817164992797114 0.31178580583224075
9 118.0 0.0 -1.0 -1.0 -1.0 0.0 0.3645049680101939 0.2972880105451958 0.33820702144461
9 119.0 0.0 -1.0 -1.0 -1.0 0.0 0.36176890549261254 0.31948508895499583 0.31874600555239146
9 120.0 0.0 -1.0 -1.0 -1.0 0.0 0.3561622439110539 0.34643764121766446 0.29740011487128176
9 121.0 0.0 -1.0 -1.0 -1.0 0.0 0.3494714244148192 0.29672705972871544 0.3538015158564653
9 122.0 0.0 -1.0 -1.0 -1.0 0.0 0.32246677720126277 0.3360349299699156 0.34149829282882166
9 123.0 0.0 -1.0 -1.0 -1.0 0.0 0.293882679467229 0.37264391743510517 0.3334734030976661
9 124.0 0.0 -1.0 -1.0 -1.0 0.0 0.2745356538825584 0.40486632412738305 0.3205980219900587
9 125.0 0.0 -1.0 -1.0 -1.0 0.0 0.3063587800045153 0.3822464506220755 0.31139476937340943
9 126.0 0.0 -1.0 -1.0 -1.0 0.0 0.30930014536764733 0.3488895303445672 0.3418103242877853
9 127.0 0.0 -1.0 -1.0 -1.0 0.0 0.29173955894547005 0.33305872177323254 0.3752017192812975
9 128.0 0.0 -1.0 -1.0 -1.0 0.0 0.2979746566428903 0.31838570472176736 0.3836396386353422
9 129.0 0.0 -1.0 -1.0 -1.0 0.0 0.33940547930161247 0.3027125710726728 0.35788194962571473
9 130.0 0.0 -1.0 -1.0 -1.0 0.0 0.3441691383244953 0.3175017992043344 0.3383290624711703
9 131.0 0.0 -1.0 -1.0 -1.0 0.0 0.34050347866433506 0.33078098509125636 0.3287155362444084
9 132.0 0.0 -1.0 -1.0 -1.0 0.0 0.3230379698515241 0.3425003464218722 0.33446168372660395
9 133.0 0.0 -1.0 -1.0 -1.0 0.0 0.3164426361849089 0.3503837308639887 0.33317363295110264
9 134.0 0.0 -1.0 -1.0 -1.0 0.0 0.3204328989171417 0.3489159041104748 0.3306511969723833
9 135.0 0.0 -1.0 -1.0 -1.0 0.0 0.29188935472701305 0.3762738011977151 0.33183684407527175
9 136.0 0.0 -1.0 -1.0 -1.0 0.0 0.30894714752612856 0.3626958138161129 0.32835703865775856
9 137.0 0.0 -1.0 -1.0 -1.0 0.0 0.31540638292689194 0.34675424507412134 0.33783937199898645
9 138.0 0.0 -1.0 -1.0 -1.0 0.0 0.3212880256528694 0.33234001619584447 0.346371958151286
9 139.0 0.0 -1.0 -1.0 -1.0 0.0 0.30433454287206646 0.3395016943445988 0.3561637627833346
9 140.0 0.0 -1.0 -1.0 -1.0 0.0 0.31473334444973156 0.337802122519572 0.3474645330306967
9 141.0 0.0 -1.0 -1.0 -1.0 0.0 0.337581715439579 0.3297956670440842 0.33262261751633687
9 142.0 0.0 -1.0 -1.0 -1.0 0.0 0.3033470591292661 0.32815440406744684 0.36849853680328715
9 143.0 0.0 -1.0 -1.0 -1.0 0.0 0.31107535774899236 0.3383902720943511 0.35053437015665656
9 144.0 0.0 -1.0 -1.0 -1.0 0.0 0.3172685447243006 0.3088746617523044 0.37385679352339485
9 145.0 0.0 -1.0 -1.0 -1.0 0.0 0.3288462210644108 0.3244614984085328 0.34669228052705664
9 146.0 0.0 -1.0 -1.0 -1.0 0.0 0.3395201702008231 0.2899805879978792 0.37049924180129784
9 147.0 0.0 -1.0 -1.0 -1.0 0.0 0.3451401070445586 0.2869912698799013 0.36786862307554036
9 148.0 0.0 -1.0 -1.0 -1.0 0.0 0.34938033976847016 0.2949524118070644 0.35566724842446557
9 149.0 0.0 -1.0 -1.0 -1.0 0.0 0.3149289112267413 0.3145843520896581 0.3704867366836006
9 150.0 0.0 -1.0 -1.0 -1.0 0.0 0.3219524319166796 0.31349763224341215 0.36454993583990825
9 151.0 0.0 -1.0 -1.0 -1.0 0.0 0.3299025830184805 0.3189820095035628 0.35111540747795666
9 152.0 0.0 -1.0 -1.0 -1.0 0.0 0.3410430299978101 0.31503235345018005 0.34392461655200973
9 153.0 0.0 -1.0 -1.0 -1.0 0.0 0.3345980620988286 0.315416451808133 0.3499854860930388
9 154.0 0.0 -1.0 -1.0 -1.0 0.0 0.32838320488016465 0.3144607809238127 0.3571560141960227
9 155.0 0.0 -1.0 -1.0 -1.0 0.0 0.30019540132001526 0.34688051315793117 0.35292408552205357
9 156.0 0.0 -1.0 -1.0 -1.0 0.0 0.3151688032073975 0.3468555767263577 0.33797562006624476
9 157.0 0.0 -1.0 -1.0 -1.0 0.0 0.3393826579506928 0.3254279578071223 0.335189384242185
9 158.0 0.0 -1.0 -1.0 -1.0 0.0 0.33249173252851 0.3021971686235062 0.3653110988479835
9 159.0 0.0 -1.0 -1.0 -1.0 0.0 0.3537099335768042 0.29604191968009563 0.35024814674310006
9 160.0 0.0 -1.0 -1.0 -1.0 0.0 0.34765021289947545 0.3159862886087781 0.3363634984917461
9 161.0 0.0 -1.0 -1.0 -1.0 0.0 0.35387542151249124 0.3286073946504006 0.31751718383710814
9 162.0 0.0 -1.0 -1.0 -1.0 0.0 0.36819463554208504 0.3266492568073451 0.3051561076505699
9 163.0 0.0 -1.0 -1.0 -1.0 0.0 0.3596893685718562 0.34158345326034556 0.2987271781677983
9 164.0 0.0 -1.0 -1.0 -1.0 0.0 0.36029609272301927 0.3458497827392863 0.2938541245376944
9 165.0 0.0 -1.0 -1.0 -1.0 0.0 0.3480127311439682 0.3565658447634088 0.2954214240926227
9 166.0 0.0 -1.0 -1.0 -1.0 0.0 0.3461365668266274 0.32364431608986494 0.33021911708350776
9 167.0 0.0 -1.0 -1.0 -1.0 0.0 0.35690637422439137 0.3231821021229321 0.31991152365267633
9 168.0 0.0 -1.0 -1.0 -1.0 0.0 0.3711474525404224 0.32356778680461873 0.30528476065495913
9 169.0 0.0 -1.0 -1.0 -1.0 0.0 0.3647777738918092 0.3185577145551645 0.31666451155302644
9 170.0 0.0 -1.0 -1.0 -1.0 0.0 0.3600114155466331 0.3189615811648798 0.3210270032884872
9 171.0 0.0 -1.0 -1.0 -1.0 0.0 0.33864741965461725 0.33722458856649273 0.3241279917788898
9 172.0 0.0 -1.0 -1.0 -1.0 0.0 0.3434298124600251 0.3445845274776309 0.31198566006234385
9 173.0 0.0 -1.0 -1.0 -1.0 0.0 0.32469507494426525 0.3411149580570967 0.3341899669986382
9 174.0 0.0 -1.0 -1.0 -1.0 0.0 0.3115795325341955 0.32840511812088524 0.3600153493449193
9 175.0 0.0 -1.0 -1.0 -1.0 0.0 0.3110997454204399 0.3450012552942686 0.34389899928529166
9 176.0 0.0 -1.0 -1.0 -1.0 0.0 0.33075119350286203 0.31796315635710526 0.35128565014003293
9 177.0 0.0 -1.0 -1.0 -1.0 0.0 0.3398659635971436 0.33347331096072763 0.32666072544212865
9 178.0 0.0 -1.0 -1.0 -1.0 0.0 0.33497093748458684 0.3255243567499295 0.3395047057654835
9 179.0 0.0 -1.0 -1.0 -1.0 0.0 0.3398467544526735 0.324840407135162 0.33531283841216464
9 180.0 0.0 -1.0 -1.0 -1.0 0.0 0.36070980866894353 0.31210714409510437 0.3271830472359518
9 181.0 0.0 -1.0 -1.0 -1.0 0.0 0.3491617475431807 0.31487236885992725 0.3359658835968923
9 182.0 0.0 -1.0 -1.0 -1.0 0.0 0.3389485115551825 0.3319242438744846 0.32912724457033277
9 183.0 0.0 -1.0 -1.0 -1.0 0.0 0.32231191052501884 0.3436753963973227 0.3340126930776583
9 184.0 0.0 -1.0 -1.0 -1.0 0.0 0.3235954339767025 0.3290353935988608 0.3473691724244364
9 185.0 0.0 -1.0 -1.0 -1.0 0.0 0.313592766378529 0.34509752125267584 0.34130971236879515
9 186.0 0.0 -1.0 -1.0 -1.0 0.0 0.30028850556675624 0.3662288202314292 0.3334826742018149
9 187.0 0.0 -1.0 -1.0 -1.0 0.0 0.3332209727661006 0.3453708850217834 0.32140814221211605
9 188.0 0.0 -1.0 -1.0 -1.0 0.0 0.3373944786858005 0.3369397629103098 0.32566575840388945
9 189.0 0.0 -1.0 -1.0 -1.0 0.0 0.31384480731219677 0.3241423291719034 0.36201286351589984
9 190.0 0.0 -1.0 -1.0 -1.0 0.0 0.3183481655138334 0.3246829431591878 0.3569688913269787
9 191.0 0.0 -1.0 -1.0 -1.0 0.0 0.33395432033151967 0.32354697413715705 0.34249870553132333
9 192.0 0.0 -1.0 -1.0 -1.0 0.0 0.3217019159273549 0.31076327338634085 0.3675348106863043
9 193.0 0.0 -1.0 -1.0 -1.0 0.0 0.3429225417979431 0.31187402385547985 0.345203434346577
9 194.0 0.0 -1.0 -1.0 -1.0 0.0 0.3581071954502029 0.29326490393068894 0.3486279006191082
9 195.0 0.0 -1.0 -1.0 -1.0 0.0 0.3700186369262205 0.27468103845916125 0.35530032461461813
9 196.0 0.0 -1.0 -1.0 -1.0 0.0 0.3600309125929722 0.29464912166332435 0.34531996574370355
9 197.0 0.0 -1.0 -1.0 -1.0 0.0 0.32421634348289224 0.3297728526113231 0.3460108039057846
9 198.0 0.0 -1.0 -1.0 -1.0 0.0 0.31068232126950984 0.3647848778480159 0.3245328008824744
9 199.0 0.0 -1.0 -1.0 -1.0 0.0 0.3126115064081909 0.33238767606933406 0.3550008175224752
9 200.0 0.0 -1.0 -1.0 -1.0 0.0 0.30025250269037096 0.34878533598333084 0.3509621613262982
9 201.0 0.0 -1.0 -1.0 -1.0 0.0 0.29451330020815736 0.34931135062805274 0.35617534916378984
9 202.0 0.0 -1.0 -1.0 -1.0 0.0 0.32806194317319554 0.33856784934678275 0.3333702074800218
9 203.0 0.0 -1.0 -1.0 -1.0 0.0 0.34762844194533143 0.3163284101349776 0.33604314791969087
9 204.0 0.0 -1.0 -1.0 -1.0 0.0 0.3495942338468623 0.31066921212120263 0.33973655403193526
9 205.0 0.0 -1.0 -1.0 -1.0 0.0 0.341860669359057 0.32170125669278654 0.3364380739481562
9 206.0 0.0 -1.0 -1.0 -1.0 0.0 0.31379268396268845 0.34998262245249334 0.3362246935848183
9 207.0 0.0 -1.0 -1.0 -1.0 0.0 0.3180471491337332 0.3702424934369155 0.31171035742935116
9 208.0 0.0 -1.0 -1.0 -1.0 0.0 0.3176222423756131 0.3620047449042241 0.32037301272016294
9 209.0 0.0 -1.0 -1.0 -1.0 0.0 0.3373835518590675 0.33858623995797715 0.32403020818295514
9 210.0 0.0 -1.0 -1.0 -1.0 0.0 0.3293971408161699 0.3484847862288872 0.32211807295494266
9 211.0 0.0 -1.0 -1.0 -1.0 0.0 0.35184838339645075 0.32273394818657414 0.3254176684169752
9 212.0 0.0 -1.0 -1.0 -1.0 0.0 0.3453662224817141 0.3377571371916299 0.31687664032665597
9 213.0 0.0 -1.0 -1.0 -1.0 0.0 0.3178119675079973 0.3509782804449771 0.33120975204702563
9 214.0 0.0 -1.0 -1.0 -1.0 0.0 0.3282097099540217 0.3346056252036637 0.33718466484231485
9 215.0 0.0 -1.0 -1.0 -1.0 0.0 0.3396542979671338 0.3017658642781761 0.3585798377546903
9 216.0 0.0 -1.0 -1.0 -1.0 0.0 0.3808833712471712 0.30960846022908173 0.3095081685237469
9 217.0 0.0 -1.0 -1.0 -1.0 0.0 0.379090046448104 0.3152872895072351 0.3056226640446609
9 218.0 0.0 -1.0 -1.0 -1.0 0.0 0.3772315412839406 0.3159274585058725 0.306841000210187
9 219.0 0.0 -1.0 -1.0 -1.0 0.0 0.3746089241756515 0.3147371342514617 0.31065394157288706
9 220.0 0.0 -1.0 -1.0 -1.0 0.0 0.3695376935328051 0.3318253842916604 0.2986369221755343
9 221.0 0.0 -1.0 -1.0 -1.0 0.0 0.38720397578363625 0.31531707618023036 0.2974789480361334
9 222.0 0.0 -1.0 -1.0 -1.0 0.0 0.4031243617121779 0.30242986247569736 0.2944457758121249
9 223.0 0.0 -1.0 -1.0 -1.0 0.0 0.38502611494117867 0.314214358606234 0.30075952645258747
9 224.0 0.0 -1.0 -1.0 -1.0 0.0 0.38365971856023867 0.28957599838347314 0.3267642830562879
9 225.0 0.0 -1.0 -1.0 -1.0 0.0 0.360919997727921 0.29473383895423666 0.3443461633178422
9 226.0 0.0 -1.0 -1.0 -1.0 0.0 0.35612567038256265 0.31213112505924673 0.3317432045581905
9 227.0 0.0 -1.0 -1.0 -1.0 0.0 0.35641790998951495 0.32590766132921783 0.3176744286812673
9 228.0 0.0 -1.0 -1.0 -1.0 0.0 0.34353502843113864 0.329201152901552 0.32726381866730914
9 229.0 0.0 -1.0 -1.0 -1.0 0.0 0.3572927342748191 0.31883630532348917 0.3238709604016914
9 230.0 0.0 -1.0 -1.0 -1.0 0.0 0.36484261667624546 0.2943220837644741 0.34083529955928027
9 231.0 0.0 -1.0 -1.0 -1.0 0.0 0.3495777932974366 0.3254241518986793 0.32499805480388405
9 232.0 0.0 -1.0 -1.0 -1.0 0.0 0.35300119150597403 0.35093297209005847 0.2960658364039676
9 233.0 0.0 -1.0 -1.0 -1.0 0.0 0.30178815627455985 0.3655121956930849 0.3326996480323552
9 234.0 0.0 -1.0 -1.0 -1.0 0.0 0.30624298875032213 0.36244371385536217 0.3313132973943161
9 235.0 0.0 -1.0 -1.0 -1.0 0.0 0.33256848110115295 0.34603986758628325 0.3213916513125642
9 236.0 0.0 -1.0 -1.0 -1.0 0.0 0.33903183300627476 0.3332632901435326 0.3277048768501924
9 237.0 0.0 -1.0 -1.0 -1.0 0.0 0.31145593369269453 0.3407451204377825 0.34779894586952304
9 238.0 0.0 -1.0 -1.0 -1.0 0.0 0.319963386518265 0.3371151612528206 0.34292145222891435
9 239.0 0.0 -1.0 -1.0 -1.0 0.0 0.32341920318438666 0.3418295081293952 0.33475128868621806
9 240.0 0.0 -1.0 -1.0 -1.0 0.0 0.3552037245188556 0.32321989568981424 0.32157637979133014
9 241.0 0.0 -1.0 -1.0 -1.0 0.0 0.33465210783060984 0.3418384749245211 0.3235094172448692
9 242.0 0.0 -1.0 -1.0 -1.0 0.0 0.34765831239299855 0.3262845335671935 0.3260571540398079
9 243.0 0.0 -1.0 -1.0 -1.0 0.0 0.3740468382768068 0.3054888909047197 0.32046427081847334
9 244.0 0.0 -1.0 -1.0 -1.0 0.0 0.3397909850780163 0.34365157573807315 0.31655743918391044
9 245.0 0.0 -1.0 -1.0 -1.0 0.0 0.3113402296497744 0.37324309340601547 0.31541667694421005
9 246.0 0.0 -1.0 -1.0 -1.0 0.0 0.32991317900591605 0.34730399246826243 0.32278282852582135
9 247.0 0.0 -1.0 -1.0 -1.0 0.0 0.340517794757886 0.3529984232682169 0.3064837819738969
9 248.0 0.0 -1.0 -1.0 -1.0 0.0 0.3307216648520659 0.3676356186222933 0.301642716525641
9 249.0 0.0 -1.0 -1.0 -1.0 0.0 0.3243262353623508 0.35688993401753777 0.3187838306201114
9 250.0 0.0 -1.0 -1.0 -1.0 0.0 0.32619989002838534 0.3349167802366875 0.338883329734927
9 251.0 0.0 -1.0 -1.0 -1.0 0.0 0.31797461021717593 0.3257403629295352 0.35628502685328906
9 252.0 0.0 -1.0 -1.0 -1.0 0.0 0.3341130598961884 0.3365429500493082 0.32934399005450343
9 253.0 0.0 -1.0 -1.0 -1.0 0.0 0.3323419381150625 0.32913203088459064 0.3385260310003471
9 254.0 0.0 -1.0 -1.0 -1.0 0.0 0.3090282980938957 0.34761607659815913 0.343355625307945
9 255.0 0.0 -1.0 -1.0 -1.0 0.0 0.3184762097678273 0.34738881787162557 0.33413497236054696
9 256.0 0.0 -1.0 -1.0 -1.0 0.0 0.31555517673520284 0.37736108556592235 0.3070837376988748
9 257.0 0.0 -1.0 -1.0 -1.0 0.0 0.32796621443367413 0.34902245546480914 0.32301133010151667
9 258.0 0.0 -1.0 -1.0 -1.0 0.0 0.3283409100304654 0.35102532180759805 0.3206337681619367
9 259.0 0.0 -1.0 -1.0 -1.0 0.0 0.3262360289375312 0.3549613425073472 0.3188026285551216
9 260.0 0.0 -1.0 -1.0 -1.0 0.0 0.3400189071155979 0.36024779877701313 0.2997332941073892
9 261.0 0.0 -1.0 -1.0 -1.0 0.0 0.34884958342803934 0.3523575240550079 0.29879289251695235
9 262.0 0.0 -1.0 -1.0 -1.0 0.0 0.34640801695171597 0.3376831708026638 0.31590881224562023
9 263.0 0.0 -1.0 -1.0 -1.0 0.0 0.33379861657699245 0.3785943860828363 0.2876069973401714
9 264.0 0.0 -1.0 -1.0 -1.0 0.0 0.320942512755635 0.3801416335532652 0.2989158536910999
9 265.0 0.0 -1.0 -1.0 -1.0 0.0 0.33618629682312284 0.3468056747022454 0.317008028474632
9 266.0 0.0 -1.0 -1.0 -1.0 0.0 0.3336393508915747 0.33806515752098515 0.32829549158744004
9 267.0 0.0 -1.0 -1.0 -1.0 0.0 0.3169555236276704 0.3595021493513443 0.3235423270209853
9 268.0 0.0 -1.0 -1.0 -1.0 0.0 0.3069487579069697 0.37797388532336745 0.3150773567696629
9 269.0 0.0 -1.0 -1.0 -1.0 0.0 0.32098593030788225 0.3600709713026699 0.31894309838944773
9 270.0 0.0 -1.0 -1.0 -1.0 0.0 0.31620487890102517 0.37469954328281724 0.3090955778161579
9 271.0 0.0 -1.0 -1.0 -1.0 0.0 0.34400871898118046 0.3858763299455071 0.2701149510733123
9 272.0 0.0 -1.0 -1.0 -1.0 0.0 0.3606916587200439 0.3555270945541683 0.2837812467257878
9 273.0 0.0 -1.0 -1.0 -1.0 0.0 0.33783459842423147 0.3462994997584893 0.3158659018172792
9 274.0 0.0 -1.0 -1.0 -1.0 0.0 0.3247254301832177 0.34114224720167313 0.3341323226151092
9 275.0 0.0 -1.0 -1.0 -1.0 0.0 0.3111383955022258 0.3544845807618821 0.3343770237358921
9 276.0 0.0 -1.0 -1.0 -1.0 0.0 0.31229343317716635 0.35893279492114594 0.3287737719016878
9 277.0 0.0 -1.0 -1.0 -1.0 0.0 0.297673133927814 0.3658781532796941 0.33644871279249217
9 278.0 0.0 -1.0 -1.0 -1.0 0.0 0.3003307003197067 0.3589218766909166 0.34074742298937655
9 279.0 0.0 -1.0 -1.0 -1.0 0.0 0.3121355017487595 0.3421206131509812 0.3457438851002593
9 280.0 0.0 -1.0 -1.0 -1.0 0.0 0.30642376788615355 0.3476612332239 0.34591499888994653
9 281.0 0.0 -1.0 -1.0 -1.0 0.0 0.3083171620939592 0.3687965940453386 0.3228862438607022
9 282.0 0.0 -1.0 -1.0 -1.0 0.0 0.3497801899272347 0.3218395791620189 0.3283802309107463
9 283.0 0.0 -1.0 -1.0 -1.0 0.0 0.3420129360117161 0.32048921952005116 0.33749784446823283
9 284.0 0.0 -1.0 -1.0 -1.0 0.0 0.37840583260191635 0.27089126823731324 0.35070289916077035
9 285.0 0.0 -1.0 -1.0 -1.0 0.0 0.3714399124172638 0.2884796112920014 0.34008047629073473
9 286.0 0.0 -1.0 -1.0 -1.0 0.0 0.36091078344664057 0.2949522587784583 0.3441369577749014
9 287.0 0.0 -1.0 -1.0 -1.0 0.0 0.3326575117126432 0.30680048216626477 0.36054200612109194
9 288.0 0.0 -1.0 -1.0 -1.0 0.0 0.34493168100962907 0.2930503661001433 0.3620179528902278
9 289.0 0.0 -1.0 -1.0 -1.0 0.0 0.34171169553916125 0.30983338114049713 0.3484549233203414
9 290.0 0.0 -1.0 -1.0 -1.0 0.0 0.3327896403987813 0.3312680777428982 0.33594228185832087
9 291.0 0.0 -1.0 -1.0 -1.0 0.0 0.31272338235886227 0.3236998470638834 0.3635767705772545
9 292.0 0.0 -1.0 -1.0 -1.0 0.0 0.3261359727165103 0.32086744861445254 0.3529965786690372
9 293.0 0.0 -1.0 -1.0 -1.0 0.0 0.3374304479870316 0.3150345466267687 0.3475350053861996
9 294.0 0.0 -1.0 -1.0 -1.0 0.0 0.34510099537409417 0.33541049131457823 0.3194885133113276
9 295.0 0.0 -1.0 -1.0 -1.0 0.0 0.3586911163107592 0.34850806098841297 0.29280082270082775
9 296.0 0.0 -1.0 -1.0 -1.0 0.0 0.3543834627628011 0.34565019966004473 0.29996633757715424
9 297.0 0.0 -1.0 -1.0 -1.0 0.0 0.33906495521644686 0.34300551585763706 0.31792952892591575
9 298.0 0.0 -1.0 -1.0 -1.0 0.0 0.32328624664971956 0.3328540011570639 0.34385975219321707
9 299.0 0.0 -1.0 -1.0 -1.0 0.0 0.3189445464628812 0.32546668243397214 0.3555887711031467
9 300.0 0.0 -1.0 -1.0 -1.0 0.0 0.3004934087735181 0.3359684899961135 0.3635381012303683
9 301.0 0.0 -1.0 -1.0 -1.0 0.0 0.29475989535542363 0.3490960793105307 0.3561440253340456
9 302.0 0.0 -1.0 -1.0 -1.0 0.0 0.31377424656570296 0.3278042814501566 0.35842147198414076
9 303.0 0.0 -1.0 -1.0 -1.0 0.0 0.30917276890366413 0.3433770271242987 0.3474502039720374
9 304.0 0.0 -1.0 -1.0 -1.0 0.0 0.2925804006498207 0.3468859240683679 0.36053367528181157
9 305.0 0.0 -1.0 -1.0 -1.0 0.0 0.29124701779418516 0.35317165601620415 0.3555813261896108
9 306.0 0.0 -1.0 -1.0 -1.0 0.0 0.3009746858302453 0.3546412371337427 0.34438407703601215
9 307.0 0.0 -1.0 -1.0 -1.0 0.0 0.3147930489358714 0.3594000973895322 0.3258068536745963
9 308.0 0.0 -1.0 -1.0 -1.0 0.0 0.2791741612123676 0.3660616995514573 0.3547641392361751
9 309.0 0.0 -1.0 -1.0 -1.0 0.0 0.2972613249633904 0.35629245279891103 0.3464462222376985
9 310.0 0.0 -1.0 -1.0 -1.0 0.0 0.32684431824160404 0.3459888393033688 0.32716684245502714
9 311.0 0.0 -1.0 -1.0 -1.0 0.0 0.35616107789877527 0.32500622935533763 0.3188326927458871
9 312.0 0.0 -1.0 -1.0 -1.0 0.0 0.36484990474751167 0.30766411240891545 0.327485982843573
9 313.0 0.0 -1.0 -1.0 -1.0 0.0 0.33788925731967884 0.3355147521389243 0.3265959905413968
9 314.0 0.0 -1.0 -1.0 -1.0 0.0 0.32102199364296213 0.34456111272042994 0.3344168936366079
9 315.0 0.0 -1.0 -1.0 -1.0 0.0 0.32787323109237415 0.35273143106017235 0.31939533784745366
9 316.0 0.0 -1.0 -1.0 -1.0 0.0 0.33306815303355664 0.3464230301026521 0.32050881686379123
9 317.0 0.0 -1.0 -1.0 -1.0 0.0 0.3194899584123091 0.3470225431238977 0.3334874984637932
9 318.0 0.0 -1.0 -1.0 -1.0 0.0 0.325250836502555 0.3484312178751455 0.32631794562229954
9 319.0 0.0 -1.0 -1.0 -1.0 0.0 0.33644105363566645 0.33750779022682287 0.3260511561375105
9 320.0 0.0 -1.0 -1.0 -1.0 0.0 0.3400412744823856 0.32348072480510986 0.33647800071250444
9 321.0 0.0 -1.0 -1.0 -1.0 0.0 0.3515513989019927 0.3179771399702064 0.33047146112780085
9 322.0 0.0 -1.0 -1.0 -1.0 0.0 0.3283064090444013 0.3446390424993872 0.32705454845621157
9 323.0 0.0 -1.0 -1.0 -1.0 0.0 0.31554911642231026 0.3617618992069244 0.3226889843707654
9 324.0 0.0 -1.0 -1.0 -1.0 0.0 0.3337080155170365 0.33119704552089113 0.3350949389620726
9 325.0 0.0 -1.0 -1.0 -1.0 0.0 0.32452876121785074 0.32902106244966617 0.34645017633248315
9 326.0 0.0 -1.0 -1.0 -1.0 0.0 0.3317029135509786 0.3160195672605288 0.35227751918849265
9 327.0 0.0 -1.0 -1.0 -1.0 0.0 0.3197563218596443 0.3519372220820179 0.3283064560583378
9 328.0 0.0 -1.0 -1.0 -1.0 0.0 0.3114221904327567 0.3516534248070984 0.33692438476014486
9 329.0 0.0 -1.0 -1.0 -1.0 0.0 0.33397093159267605 0.3321277161235753 0.3339013522837488
9 330.0 0.0 -1.0 -1.0 -1.0 0.0 0.33916248180999 0.3297731403033574 0.33106437788665255
9 331.0 0.0 -1.0 -1.0 -1.0 0.0 0.3438546534655898 0.32058929008379144 0.335556056450619
9 332.0 0.0 -1.0 -1.0 -1.0 0.0 0.3555953309326237 0.30103310177384146 0.3433715672935348
9 333.0 0.0 -1.0 -1.0 -1.0 0.0 0.3455078504688138 0.3186347132891437 0.3358574362420425
9 334.0 0.0 -1.0 -1.0 -1.0 0.0 0.34926542533450067 0.3172787154141599 0.3334558592513394
9 335.0 0.0 -1.0 -1.0 -1.0 0.0 0.3499960434791541 0.33499823521248584 0.31500572130836013
9 336.0 0.0 -1.0 -1.0 -1.0 0.0 0.37347866425477017 0.32958439616819674 0.29693693957703293
9 337.0 0.0 -1.0 -1.0 -1.0 0.0 0.3813093331169272 0.3048075529975375 0.3138831138855356
9 338.0 0.0 -1.0 -1.0 -1.0 0.0 0.38607756030156226 0.29997954750514616 0.31394289219329163
9 339.0 0.0 -1.0 -1.0 -1.0 0.0 0.3899938659134275 0.28686006621668025 0.32314606786989236
9 340.0 0.0 -1.0 -1.0 -1.0 0.0 0.3808767318103342 0.30005187747460793 0.31907139071505775
9 341.0 0.0 -1.0 -1.0 -1.0 0.0 0.3740505240082481 0.304215347018507 0.3217341289732448
9 342.0 0.0 -1.0 -1.0 -1.0 0.0 0.34951934958818676 0.3164348016384056 0.33404584877340754
9 343.0 0.0 -1.0 -1.0 -1.0 0.0 0.33205452250804496 0.31926483500695885 0.3486806424849962
9 344.0 0.0 -1.0 -1.0 -1.0 0.0 0.334613575043136 0.30624261896668714 0.35914380599017703
9 345.0 0.0 -1.0 -1.0 -1.0 0.0 0.34132345702904454 0.3233462216226431 0.33533032134831264
9 346.0 0.0 -1.0 -1.0 -1.0 0.0 0.32190786526368725 0.3328963317553449 0.34519580298096775
9 347.0 0.0 -1.0 -1.0 -1.0 0.0 0.3197606416024207 0.3326889886847749 0.34755036971280423
9 348.0 0.0 -1.0 -1.0 -1.0 0.0 0.3264744137470067 0.3555181451622053 0.31800744109078805
9 349.0 0.0 -1.0 -1.0 -1.0 0.0 0.34961631377993796 0.3628001442265383 0.2875835419935239
9 350.0 0.0 -1.0 -1.0 -1.0 0.0 0.3372310851332971 0.36841447376090725 0.2943544411057957
9 351.0 0.0 -1.0 -1.0 -1.0 0.0 0.3518826185058235 0.33837827795556946 0.3097391035386071
9 352.0 0.0 -1.0 -1.0 -1.0 0.0 0.34572061517527075 0.31181649234947817 0.3424628924752512
9 353.0 0.0 -1.0 -1.0 -1.0 0.0 0.3550413808792821 0.301266202783375 0.3436924163373427
9 354.0 0.0 -1.0 -1.0 -1.0 0.0 0.3601267913082601 0.31550204408196636 0.3243711646097738
9 355.0 0.0 -1.0 -1.0 -1.0 0.0 0.3534806468736392 0.3326636499718123 0.3138557031545486
9 356.0 0.0 -1.0 -1.0 -1.0 0.0 0.36842721127751543 0.3180273858560817 0.3135454028664027
9 357.0 0.0 -1.0 -1.0 -1.0 0.0 0.3791218148793783 0.31673537502574883 0.30414281009487304
9 358.0 0.0 -1.0 -1.0 -1.0 0.0 0.34081091384153034 0.32611038902009987 0.33307869713836974
9 359.0 0.0 -1.0 -1.0 -1.0 0.0 0.3291505020599675 0.33782918801484885 0.33302030992518367
9 360.0 0.0 -1.0 -1.0 -1.0 0.0 0.3241352560180909 0.33826700029952866 0.3375977436823805
9 361.0 0.0 -1.0 -1.0 -1.0 0.0 0.3158512438167491 0.34008749501377233 0.34406126116947855
9 362.0 0.0 -1.0 -1.0 -1.0 0.0 0.3239244726686206 0.340146667183309 0.3359288601480705
9 363.0 0.0 -1.0 -1.0 -1.0 0.0 0.34343991413985764 0.31803186806537137 0.33852821779477116
9 364.0 0.0 -1.0 -1.0 -1.0 0.0 0.3508880375082024 0.32530548317048996 0.3238064793213077
9 365.0 0.0 -1.0 -1.0 -1.0 0.0 0.3644187711609731 0.32051582719604177 0.3150654016429854
9 366.0 0.0 -1.0 -1.0 -1.0 0.0 0.34716152696687064 0.32761019604524677 0.32522827698788254
9 367.0 0.0 -1.0 -1.0 -1.0 0.0 0.3429016793392284 0.33903922747797177 0.3180590931827999
9 368.0 0.0 -1.0 -1.0 -1.0 0.0 0.3558268272070815 0.32777282630127585 0.31640034649164284
9 369.0 0.0 -1.0 -1.0 -1.0 0.0 0.35919920130572236 0.32274262518035746 0.3180581735139201
9 370.0 0.0 -1.0 -1.0 -1.0 0.0 0.3522285940327967 0.31394122933653806 0.33383017663066533
9 371.0 0.0 -1.0 -1.0 -1.0 0.0 0.35546239705352733 0.30673066545396166 0.33780693749251106
9 372.0 0.0 -1.0 -1.0 -1.0 0.0 0.3497779826692735 0.3032914126168224 0.34693060471390397
9 373.0 0.0 -1.0 -1.0 -1.0 0.0 0.3654230843882009 0.2972028014756446 0.3373741141361544
9 374.0 0.0 -1.0 -1.0 -1.0 0.0 0.3477515614317685 0.3058031526755036 0.34644528589272766
9 375.0 0.0 -1.0 -1.0 -1.0 0.0 0.3247875872803738 0.3308516421282917 0.34436077059133424
9 376.0 0.0 -1.0 -1.0 -1.0 0.0 0.3314306991140244 0.33782338923604477 0.3307459116499308
9 377.0 0.0 -1.0 -1.0 -1.0 0.0 0.3377184639048833 0.3414327639411818 0.3208487721539348
9 378.0 0.0 -1.0 -1.0 -1.0 0.0 0.35635084564869723 0.3201764998123092 0.32347265453899354
9 379.0 0.0 -1.0 -1.0 -1.0 0.0 0.3538526857873002 0.33091480321562455 0.31523251099707517
9 380.0 0.0 -1.0 -1.0 -1.0 0.0 0.36523518958980744 0.3260159037350754 0.3087489066751173
9 381.0 0.0 -1.0 -1.0 -1.0 0.0 0.36658590935519975 0.32227349890168616 0.3111405917431142
9 382.0 0.0 -1.0 -1.0 -1.0 0.0 0.3738230345909741 0.31405356034101145 0.3121234050680144
9 383.0 0.0 -1.0 -1.0 -1.0 0.0 0.39316310443576596 0.31524733009879535 0.2915895654654387
9 384.0 0.0 -1.0 -1.0 -1.0 0.0 0.3902818425821069 0.313726850400062 0.29599130701783116
9 385.0 0.0 -1.0 -1.0 -1.0 0.0 0.40288432266604146 0.2830646743709951 0.31405100296296345
9 386.0 0.0 -1.0 -1.0 -1.0 0.0 0.3692843436577705 0.2937676054393659 0.3369480509028635
9 387.0 0.0 -1.0 -1.0 -1.0 0.0 0.3450279209380007 0.3351587231730584 0.3198133558889408
9 388.0 0.0 -1.0 -1.0 -1.0 0.0 0.34657084403742056 0.3391090074099247 0.3143201485526546
9 389.0 0.0 -1.0 -1.0 -1.0 0.0 0.34904262533057867 0.359264274532026 0.29169310013739524
9 390.0 0.0 -1.0 -1.0 -1.0 0.0 0.35763480919285073 0.3474750081584663 0.2948901826486826
9 391.0 0.0 -1.0 -1.0 -1.0 0.0 0.36803358636494254 0.3501710025144664 0.2817954111205911
9 392.0 0.0 -1.0 -1.0 -1.0 0.0 0.36579913746557935 0.32454787202450264 0.3096529905099177
9 393.0 0.0 -1.0 -1.0 -1.0 0.0 0.3461129649284706 0.34145137351190624 0.3124356615596231
9 394.0 0.0 -1.0 -1.0 -1.0 0.0 0.3612286178187176 0.3120909316645504 0.32668045051673206
9 395.0 0.0 -1.0 -1.0 -1.0 0.0 0.37985858931535893 0.3158982417574258 0.3042431689272153
9 396.0 0.0 -1.0 -1.0 -1.0 0.0 0.4009668212654922 0.28013624780807533 0.3188969309264325
9 397.0 0.0 -1.0 -1.0 -1.0 0.0 0.3756844159672034 0.29402525840309135 0.33029032562970523
9 398.0 0.0 -1.0 -1.0 -1.0 0.0 0.3706275806011131 0.2897709054667652 0.3396015139321216
9 399.0 0.0 -1.0 -1.0 -1.0 0.0 0.3768546669802771 0.2834165858406106 0.33972874717911233
9 400.0 0.0 -1.0 -1.0 -1.0 0.0 0.3539117529656172 0.2939246337037429 0.35216361333063984
9 401.0 0.0 -1.0 -1.0 -1.0 0.0 0.33076723315738255 0.321525655745276 0.3477071110973412
9 402.0 0.0 -1.0 -1.0 -1.0 0.0 0.326718425138431 0.33218754925243277 0.3410940256091361
9 403.0 0.0 -1.0 -1.0 -1.0 0.0 0.3248232715094063 0.3191752123708515 0.3560015161197422
9 404.0 0.0 -1.0 -1.0 -1.0 0.0 0.31557490253142473 0.3315982533541171 0.3528268441144581
9 405.0 0.0 -1.0 -1.0 -1.0 0.0 0.33010452541060814 0.3083578585850769 0.361537616004315
9 406.0 0.0 -1.0 -1.0 -1.0 0.0 0.3187399807964795 0.3213461103236556 0.35991390887986463
9 407.0 0.0 -1.0 -1.0 -1.0 0.0 0.30989719529248655 0.3521088598362141 0.33799394487129925
9 408.0 0.0 -1.0 -1.0 -1.0 0.0 0.32477711808473 0.2974524579467467 0.3777704239685234
9 409.0 0.0 -1.0 -1.0 -1.0 0.0 0.33339152379793285 0.27955189156663907 0.38705658463542797
9 410.0 0.0 -1.0 -1.0 -1.0 0.0 0.3608944857866879 0.3041103084032209 0.33499520581009107
9 411.0 0.0 -1.0 -1.0 -1.0 0.0 0.3443551376899069 0.3167232904271743 0.33892157188291866
9 412.0 0.0 -1.0 -1.0 -1.0 0.0 0.3376348332841784 0.3222693404731681 0.3400958262426535
9 413.0 0.0 -1.0 -1.0 -1.0 0.0 0.345673271066297 0.3174666471894114 0.3368600817442915
9 414.0 0.0 -1.0 -1.0 -1.0 0.0 0.32012446698860925 0.3066388567663702 0.37323667624502044
9 415.0 0.0 -1.0 -1.0 -1.0 0.0 0.34161982494281473 0.30621232364626083 0.3521678514109246
9 416.0 0.0 -1.0 -1.0 -1.0 0.0 0.3506318437006592 0.30579340822206474 0.34357474807727606
9 417.0 0.0 -1.0 -1.0 -1.0 0.0 0.3345009229166729 0.3166869308023539 0.348812146280973
9 418.0 0.0 -1.0 -1.0 -1.0 0.0 0.34294910136241064 0.3298837476085829 0.32716715102900645
9 419.0 0.0 -1.0 -1.0 -1.0 0.0 0.3307419127029941 0.3282139162677788 0.34104417102922746
9 420.0 0.0 -1.0 -1.0 -1.0 0.0 0.32662351752377644 0.3220527121168894 0.3513237703593343
9 421.0 0.0 -1.0 -1.0 -1.0 0.0 0.33788114794552954 0.3355366585386094 0.3265821935158611
9 422.0 0.0 -1.0 -1.0 -1.0 0.0 0.34403963367925683 0.3474352204743283 0.30852514584641516
9 423.0 0.0 -1.0 -1.0 -1.0 0.0 0.3448988547263887 0.34708174462551994 0.3080194006480911
9 424.0 0.0 -1.0 -1.0 -1.0 0.0 0.34360910068817063 0.3435100108430366 0.3128808884687928
9 425.0 0.0 -1.0 -1.0 -1.0 0.0 0.31922016618085786 0.3721351081715072 0.30864472564763523
9 426.0 0.0 -1.0 -1.0 -1.0 0.0 0.31321326554511353 0.3537592655736577 0.3330274688812289
9 427.0 0.0 -1.0 -1.0 -1.0 0.0 0.317170443870181 0.3724767042391517 0.3103528518906672
9 428.0 0.0 -1.0 -1.0 -1.0 0.0 0.3045288856261019 0.35747021698161624 0.3380008973922818
9 429.0 0.0 -1.0 -1.0 -1.0 0.0 0.30012925013983344 0.36145239852685923 0.33841835133330717
9 430.0 0.0 -1.0 -1.0 -1.0 0.0 0.3061877462120614 0.3566353005042744 0.33717695328366426
9 431.0 0.0 -1.0 -1.0 -1.0 0.0 0.310483636601022 0.3711074182430157 0.31840894515596235
9 432.0 0.0 -1.0 -1.0 -1.0 0.0 0.3061671525407307 0.34930713652756945 0.3445257109316998
9 433.0 0.0 -1.0 -1.0 -1.0 0.0 0.327070624499296 0.35559383996344496 0.31733553553725896
9 434.0 0.0 -1.0 -1.0 -1.0 0.0 0.29381128471638673 0.37675555575277236 0.3294331595308407
9 435.0 0.0 -1.0 -1.0 -1.0 0.0 0.28709926601193714 0.3821263930479909 0.3307743409400722
9 436.0 0.0 -1.0 -1.0 -1.0 0.0 0.3200895560641884 0.3574086654032929 0.3225017785325185
9 437.0 0.0 -1.0 -1.0 -1.0 0.0 0.3404922801067858 0.34542122256686797 0.3140864973263462
9 438.0 0.0 -1.0 -1.0 -1.0 0.0 0.322461165853978 0.3509200155402566 0.3266188186057654
9 439.0 0.0 -1.0 -1.0 -1.0 0.0 0.31572783789131864 0.3522647046759968 0.3320074574326845
9 440.0 0.0 -1.0 -1.0 -1.0 0.0 0.3424017091791962 0.3419967847606767 0.3156015060601273
9 441.0 0.0 -1.0 -1.0 -1.0 0.0 0.3447353516950583 0.35347115523839784 0.30179349306654396
9 442.0 0.0 -1.0 -1.0 -1.0 0.0 0.33139343607844035 0.3676568555215954 0.3009497083999647
9 443.0 0.0 -1.0 -1.0 -1.0 0.0 0.34825781702577574 0.3333490364852578 0.31839314648896644
9 444.0 0.0 -1.0 -1.0 -1.0 0.0 0.3196431518156872 0.345635945913174 0.3347209022711388
9 445.0 0.0 -1.0 -1.0 -1.0 0.0 0.30212152734861397 0.3417831171607865 0.3560953554905997
9 446.0 0.0 -1.0 -1.0 -1.0 0.0 0.31460336613340534 0.3480441036956778 0.3373525301709168
9 447.0 0.0 -1.0 -1.0 -1.0 0.0 0.33608083448333537 0.3293479693808412 0.3345711961358235
9 448.0 0.0 -1.0 -1.0 -1.0 0.0 0.3232431885092717 0.3369262282551248 0.33983058323560345
9 449.0 0.0 -1.0 -1.0 -1.0 0.0 0.31335401809965435 0.36179906993098504 0.32484691196936033
9 450.0 0.0 -1.0 -1.0 -1.0 0.0 0.33309615599494485 0.3435396571925961 0.32336418681245926
9 451.0 0.0 -1.0 -1.0 -1.0 0.0 0.32280397051630244 0.33894358001863073 0.33825244946506694
9 452.0 0.0 -1.0 -1.0 -1.0 0.0 0.3156219891243663 0.3291972304464818 0.3551807804291521
9 453.0 0.0 -1.0 -1.0 -1.0 0.0 0.33334265487886955 0.3099992375943493 0.3566581075267814
9 454.0 0.0 -1.0 -1.0 -1.0 0.0 0.3078809045498312 0.3374219579686491 0.3546971374815196
9 455.0 0.0 -1.0 -1.0 -1.0 0.0 0.31960596743470776 0.3302907940189273 0.3501032385463651
9 456.0 0.0 -1.0 -1.0 -1.0 0.0 0.35482674923850976 0.30092212348639064 0.34425112727509954
9 457.0 0.0 -1.0 -1.0 -1.0 0.0 0.37498483410717304 0.2974013804370654 0.3276137854557614
9 458.0 0.0 -1.0 -1.0 -1.0 0.0 0.36952068625246376 0.27872533179841275 0.3517539819491233
9 459.0 0.0 -1.0 -1.0 -1.0 0.0 0.38802834489276933 0.2642833773526694 0.34768827775456146
9 460.0 0.0 -1.0 -1.0 -1.0 0.0 0.38892869192452606 0.2592840463597377 0.3517872617157364
9 461.0 0.0 -1.0 -1.0 -1.0 0.0 0.41502806766155187 0.2780237552424168 0.3069481770960314
9 462.0 0.0 -1.0 -1.0 -1.0 0.0 0.3808493711635565 0.30911060521972333 0.31004002361672023
9 463.0 0.0 -1.0 -1.0 -1.0 0.0 0.3770937775932643 0.31836587477390466 0.3045403476328312
9 464.0 0.0 -1.0 -1.0 -1.0 0.0 0.3598420378510269 0.32862276154210124 0.31153520060687157
9 465.0 0.0 -1.0 -1.0 -1.0 0.0 0.331558506417821 0.3339135203540397 0.33452797322813893
9 466.0 0.0 -1.0 -1.0 -1.0 0.0 0.33013568451449693 0.33876703061155355 0.3310972848739495
9 467.0 0.0 -1.0 -1.0 -1.0 0.0 0.3464617635873545 0.32991857773761873 0.32361965867502696
9 468.0 0.0 -1.0 -1.0 -1.0 0.0 0.36524975404660437 0.3109247462388169 0.3238254997145787
9 469.0 0.0 -1.0 -1.0 -1.0 0.0 0.38045642910171423 0.3214709561371595 0.29807261476112656
9 470.0 0.0 -1.0 -1.0 -1.0 0.0 0.36343845283826093 0.3474838862010959 0.2890776609606432
9 471.0 0.0 -1.0 -1.0 -1.0 0.0 0.3689926672040445 0.33988629094305794 0.29112104185289744
9 472.0 0.0 -1.0 -1.0 -1.0 0.0 0.36866592828539496 0.3570760500116233 0.27425802170298175
9 473.0 0.0 -1.0 -1.0 -1.0 0.0 0.35778374160170734 0.3592409377101806 0.28297532068811204
9 474.0 0.0 -1.0 -1.0 -1.0 0.0 0.32478751880460005 0.36705647590376955 0.3081560052916305
9 475.0 0.0 -1.0 -1.0 -1.0 0.0 0.3220062769422834 0.37038123100059117 0.30761249205712543
9 476.0 0.0 -1.0 -1.0 -1.0 0.0 0.32587163421911713 0.36677752924246326 0.3073508365384196
9 477.0 0.0 -1.0 -1.0 -1.0 0.0 0.3078419052050686 0.35377666673923647 0.338381428055695
9 478.0 0.0 -1.0 -1.0 -1.0 0.0 0.2925857634733173 0.35259147917401434 0.3548227573526686
9 479.0 0.0 -1.0 -1.0 -1.0 0.0 0.28215912758190526 0.35393916119720115 0.36390171122089343
9 480.0 0.0 -1.0 -1.0 -1.0 0.0 0.2947112829438647 0.3310181108332838 0.37427060622285135
9 481.0 0.0 -1.0 -1.0 -1.0 0.0 0.27956978004638006 0.372956713270818 0.3474735066828021
9 482.0 0.0 -1.0 -1.0 -1.0 0.0 0.2849510681213725 0.37899100049566214 0.33605793138296525
9 483.0 0.0 -1.0 -1.0 -1.0 0.0 0.3309185536253411 0.34212747323087384 0.3269539731437848
9 484.0 0.0 -1.0 -1.0 -1.0 0.0 0.3373295563998971 0.3416891319432586 0.32098131165684435
9 485.0 0.0 -1.0 -1.0 -1.0 0.0 0.3332172293208252 0.3371441989234667 0.3296385717557082
9 486.0 0.0 -1.0 -1.0 -1.0 0.0 0.34213107981554686 0.333822176003125 0.3240467441813283
9 487.0 0.0 -1.0 -1.0 -1.0 0.0 0.3417387625483657 0.353684364450312 0.3045768730013225
9 488.0 0.0 -1.0 -1.0 -1.0 0.0 0.31547710848193145 0.33799315571641203 0.34652973580165664
9 489.0 0.0 -1.0 -1.0 -1.0 0.0 0.3205230525546463 0.3498779180132863 0.32959902943206737
9 490.0 0.0 -1.0 -1.0 -1.0 0.0 0.3403130141765674 0.3398833757753298 0.3198036100481029
9 491.0 0.0 -1.0 -1.0 -1.0 0.0 0.3550867610736095 0.3336982867864781 0.3112149521399125
9 492.0 0.0 -1.0 -1.0 -1.0 0.0 0.3421629742344096 0.34537093488781934 0.3124660908777709
9 493.0 0.0 -1.0 -1.0 -1.0 0.0 0.3364851284962241 0.3454676901249368 0.31804718137883936
9 494.0 0.0 -1.0 -1.0 -1.0 0.0 0.3405622030516598 0.33535006664040945 0.324087730307931
9 495.0 0.0 -1.0 -1.0 -1.0 0.0 0.33785065797287733 0.3333641263954387 0.3287852156316839
9 496.0 0.0 -1.0 -1.0 -1.0 0.0 0.335331177667077 0.3363609146032676 0.3283079077296554
9 497.0 0.0 -1.0 -1.0 -1.0 0.0 0.33243584044830565 0.34630046541867693 0.3212636941330175
9 498.0 0.0 -1.0 -1.0 -1.0 0.0 0.3349889758280056 0.33323700216984237 0.33177402200215217
9 499.0 0.0 -1.0 -1.0 -1.0 0.0 0.32929941022828557 0.33284825751192637 0.3378523322597882
9 500.0 0.0 -1.0 -1.0 -1.0 0.0 0.3353242584551815 0.35797016568395973 0.3067055758608589
9 501.0 0.0 -1.0 -1.0 -1.0 0.0 0.31724737222664934 0.371809412129464 0.31094321564388666
9 502.0 0.0 -1.0 -1.0 -1.0 0.0 0.31172871271070657 0.337433750716472 0.35083753657282124
9 503.0 0.0 -1.0 -1.0 -1.0 0.0 0.3244518475173023 0.33750348535120167 0.338044667131496
9 504.0 0.0 -1.0 -1.0 -1.0 0.0 0.3047163811171668 0.367170405327411 0.32811321355542206
9 505.0 0.0 -1.0 -1.0 -1.0 0.0 0.31126447323625395 0.37659050488379786 0.3121450218799484
9 506.0 0.0 -1.0 -1.0 -1.0 0.0 0.3079439604053442 0.3417752123215423 0.35028082727311355
9 507.0 0.0 -1.0 -1.0 -1.0 0.0 0.3012019061740776 0.37092496169182515 0.327873132134097
9 508.0 0.0 -1.0 -1.0 -1.0 0.0 0.300267556624128 0.4054424980205399 0.29428994535533226
9 509.0 0.0 -1.0 -1.0 -1.0 0.0 0.30785877442015164 0.36797250500550477 0.32416872057434354
9 510.0 0.0 -1.0 -1.0 -1.0 0.0 0.33031583027924755 0.32699790372610105 0.34268626599465135
9 511.0 0.0 -1.0 -1.0 -1.0 0.0 0.3432270638769672 0.3114456734128648 0.34532726271016806
9 512.0 0.0 -1.0 -1.0 -1.0 0.0 0.31089723385394596 0.3449516430648588 0.34415112308119505
9 513.0 0.0 -1.0 -1.0 -1.0 0.0 0.3140280219136621 0.33851113232102237 0.3474608457653156
9 514.0 0.0 -1.0 -1.0 -1.0 0.0 0.308358354374948 0.35012049647255705 0.3415211491524948
9 515.0 0.0 -1.0 -1.0 -1.0 0.0 0.3265356648156331 0.3578473342132112 0.31561700097115586
9 516.0 0.0 -1.0 -1.0 -1.0 0.0 0.32665503932857853 0.33683437536267924 0.3365105853087424
9 517.0 0.0 -1.0 -1.0 -1.0 0.0 0.3277522274450162 0.34913698642414304 0.3231107861308407
9 518.0 0.0 -1.0 -1.0 -1.0 0.0 0.31951705367383487 0.34362066983870904 0.33686227648745615
9 519.0 0.0 -1.0 -1.0 -1.0 0.0 0.32741506382227564 0.33960016523242925 0.3329847709452953
9 520.0 0.0 -1.0 -1.0 -1.0 0.0 0.3583463140043153 0.3233745397748267 0.3182791462208582
9 521.0 0.0 -1.0 -1.0 -1.0 0.0 0.36121928968344863 0.308437039439123 0.33034367087742844
9 522.0 0.0 -1.0 -1.0 -1.0 0.0 0.3581312670531967 0.2918035026722836 0.3500652302745195
9 523.0 0.0 -1.0 -1.0 -1.0 0.0 0.33647546816823476 0.31021538606311494 0.3533091457686502
9 524.0 0.0 -1.0 -1.0 -1.0 0.0 0.353601164242308 0.3093541624768134 0.3370446732808789
9 525.0 0.0 -1.0 -1.0 -1.0 0.0 0.36134573938051867 0.3109217999555776 0.32773246066390377
9 526.0 0.0 -1.0 -1.0 -1.0 0.0 0.33161135511040185 0.31798598436676967 0.3504026605228283
9 527.0 0.0 -1.0 -1.0 -1.0 0.0 0.3320043724033681 0.32164100648488564 0.34635462111174625
9 528.0 0.0 -1.0 -1.0 -1.0 0.0 0.32389811586509276 0.33535324549621714 0.3407486386386902
9 529.0 0.0 -1.0 -1.0 -1.0 0.0 0.330924236744328 0.3301495653812123 0.3389261978744593
9 530.0 0.0 -1.0 -1.0 -1.0 0.0 0.3325926511685708 0.33403722060690905 0.3333701282245204
9 531.0 0.0 -1.0 -1.0 -1.0 0.0 0.3293637743083384 0.32694956510077744 0.34368666059088426
9 532.0 0.0 -1.0 -1.0 -1.0 0.0 0.3058118238399015 0.33577698393716965 0.35841119222292894
9 533.0 0.0 -1.0 -1.0 -1.0 0.0 0.3276208052462618 0.32071686160539387 0.35166233314834444
9 534.0 0.0 -1.0 -1.0 -1.0 0.0 0.3397894598426705 0.3175678181445977 0.3426427220127316
9 535.0 0.0 -1.0 -1.0 -1.0 0.0 0.3586280992742523 0.28996555330731266 0.3514063474184353
9 536.0 0.0 -1.0 -1.0 -1.0 0.0 0.3417880403189653 0.3022538415908169 0.3559581180902178
9 537.0 0.0 -1.0 -1.0 -1.0 0.0 0.34119007680030095 0.31779442366078875 0.3410154995389101
9 538.0 0.0 -1.0 -1.0 -1.0 0.0 0.3355893809371589 0.33177912506354734 0.33263149399929387
9 539.0 0.0 -1.0 -1.0 -1.0 0.0 0.34493335398029573 0.3517167632609096 0.303349882758795
9 540.0 0.0 -1.0 -1.0 -1.0 0.0 0.32768768598088194 0.36212505344657925 0.31018726057253887
9 541.0 0.0 -1.0 -1.0 -1.0 0.0 0.3425683666549649 0.3335266785069819 0.32390495483805326
9 542.0 0.0 -1.0 -1.0 -1.0 0.0 0.3514047602120167 0.31197813211518205 0.3366171076728014
9 543.0 0.0 -1.0 -1.0 -1.0 0.0 0.34842732494661505 0.31052486919510186 0.3410478058582832
9 544.0 0.0 -1.0 -1.0 -1.0 0.0 0.3304410714157129 0.3413864800691957 0.3281724485150914
9 545.0 0.0 -1.0 -1.0 -1.0 0.0 0.3181508548584448 0.354826090290269 0.32702305485128624
9 546.0 0.0 -1.0 -1.0 -1.0 0.0 0.32831760174253566 0.3399150658845083 0.33176733237295614
9 547.0 0.0 -1.0 -1.0 -1.0 0.0 0.3061617865534594 0.3484396757012871 0.3453985377452533
9 548.0 0.0 -1.0 -1.0 -1.0 0.0 0.3467292739663874 0.30748683618798284 0.3457838898456297
9 549.0 0.0 -1.0 -1.0 -1.0 0.0 0.3379037023283709 0.3012039245908356 0.36089237308079364
9 550.0 0.0 -1.0 -1.0 -1.0 0.0 0.32015320992461455 0.31749441743935736 0.36235237263602826
9 551.0 0.0 -1.0 -1.0 -1.0 0.0 0.310279455626722 0.3384142048846208 0.3513063394886572
9 552.0 0.0 -1.0 -1.0 -1.0 0.0 0.3233301937600176 0.32549930269509736 0.3511705035448852
9 553.0 0.0 -1.0 -1.0 -1.0 0.0 0.3422056102683774 0.3285222742817522 0.3292721154498704
9 554.0 0.0 -1.0 -1.0 -1.0 0.0 0.3417279262083149 0.32574117338798286 0.33253090040370226
9 555.0 0.0 -1.0 -1.0 -1.0 0.0 0.3231639925128441 0.31869168789535496 0.3581443195918011
9 556.0 0.0 -1.0 -1.0 -1.0 0.0 0.34121717761731946 0.3163464374279853 0.34243638495469525
9 557.0 0.0 -1.0 -1.0 -1.0 0.0 0.3047161677979065 0.34188579936768415 0.35339803283440946
9 558.0 0.0 -1.0 -1.0 -1.0 0.0 0.30018672605492974 0.34885931533512027 0.3509539586099501
9 559.0 0.0 -1.0 -1.0 -1.0 0.0 0.3143872775082347 0.35328893077686346 0.3323237917149019
9 560.0 0.0 -1.0 -1.0 -1.0 0.0 0.3399152932401015 0.3476674746563019 0.3124172321035966
9 561.0 0.0 -1.0 -1.0 -1.0 0.0 0.3688641313706404 0.32281468916345674 0.3083211794659028
9 562.0 0.0 -1.0 -1.0 -1.0 0.0 0.3538017329865895 0.3315830316997488 0.31461523531366176
9 563.0 0.0 -1.0 -1.0 -1.0 0.0 0.36517327255364973 0.2976461909431018 0.33718053650324864
9 564.0 0.0 -1.0 -1.0 -1.0 0.0 0.35224992844116604 0.3258495828157599 0.32190048874307386
9 565.0 0.0 -1.0 -1.0 -1.0 0.0 0.3145478260249689 0.31689076288673323 0.3685614110882978
9 566.0 0.0 -1.0 -1.0 -1.0 0.0 0.31108267350509206 0.3507265725367037 0.33819075395820425
9 567.0 0.0 -1.0 -1.0 -1.0 0.0 0.3148523502666747 0.3527061473957136 0.3324415023376116
9 568.0 0.0 -1.0 -1.0 -1.0 0.0 0.3170754686086491 0.3132533236917911 0.36967120769955997
9 569.0 0.0 -1.0 -1.0 -1.0 0.0 0.31895942689193424 0.3319180509660514 0.3491225221420144
9 570.0 0.0 -1.0 -1.0 -1.0 0.0 0.34650727477146004 0.32643409615178326 0.32705862907675676
9 571.0 0.0 -1.0 -1.0 -1.0 0.0 0.34065301908996554 0.30808475257363915 0.35126222833639525
9 572.0 0.0 -1.0 -1.0 -1.0 0.0 0.33066548433641657 0.3003065293270977 0.36902798633648587
9 573.0 0.0 -1.0 -1.0 -1.0 0.0 0.3464654552286365 0.31534331414479594 0.33819123062656764
9 574.0 0.0 -1.0 -1.0 -1.0 0.0 0.3314136385608782 0.32993008761562514 0.33865627382349645
9 575.0 0.0 -1.0 -1.0 -1.0 0.0 0.3358644929180349 0.32593377152153474 0.3382017355604301
9 576.0 0.0 -1.0 -1.0 -1.0 0.0 0.32454084479691575 0.34994648647824694 0.3255126687248374
9 577.0 0.0 -1.0 -1.0 -1.0 0.0 0.3314996202661446 0.3488525072223914 0.3196478725114639
9 578.0 0.0 -1.0 -1.0 -1.0 0.0 0.32234318534718903 0.3574660080880999 0.3201908065647111
9 579.0 0.0 -1.0 -1.0 -1.0 0.0 0.3316933044828461 0.3615720859846568 0.30673460953249715
9 580.0 0.0 -1.0 -1.0 -1.0 0.0 0.3442741106560945 0.35014864448372035 0.3055772448601853
9 581.0 0.0 -1.0 -1.0 -1.0 0.0 0.35401211003187777 0.32776119522890695 0.3182266947392152
9 582.0 0.0 -1.0 -1.0 -1.0 0.0 0.3550655781518754 0.33143428882934667 0.3135001330187784
9 583.0 0.0 -1.0 -1.0 -1.0 0.0 0.3435754306279588 0.3376019251186322 0.31882264425340884
9 584.0 0.0 -1.0 -1.0 -1.0 0.0 0.34775917808577084 0.34892686360330427 0.30331395831092495
9 585.0 0.0 -1.0 -1.0 -1.0 0.0 0.319674179780581 0.3623709703898335 0.3179548498295855
9 586.0 0.0 -1.0 -1.0 -1.0 0.0 0.3410129019744273 0.348857101905704 0.31012999611986897
9 587.0 0.0 -1.0 -1.0 -1.0 0.0 0.34050623319854784 0.36285025591894976 0.2966435108825022
9 588.0 0.0 -1.0 -1.0 -1.0 0.0 0.3458588239303738 0.3501284772278299 0.30401269884179616
9 589.0 0.0 -1.0 -1.0 -1.0 0.0 0.36549033315651386 0.3439365649670416 0.29057310187644453
9 590.0 0.0 -1.0 -1.0 -1.0 0.0 0.3491539356369524 0.33742877563044466 0.313417288732603
9 591.0 0.0 -1.0 -1.0 -1.0 0.0 0.37261013378641744 0.29704689657157546 0.330342969642007
9 592.0 0.0 -1.0 -1.0 -1.0 0.0 0.338113249801622 0.30103960255967277 0.36084714763870546
9 593.0 0.0 -1.0 -1.0 -1.0 0.0 0.330964388484234 0.30278245172252427 0.3662531597932418
9 594.0 0.0 -1.0 -1.0 -1.0 0.0 0.36272930887844346 0.3185589569192818 0.31871173420227444
9 595.0 0.0 -1.0 -1.0 -1.0 0.0 0.35763238282927434 0.32899886787516214 0.31336874929556385
9 596.0 0.0 -1.0 -1.0 -1.0 0.0 0.3702881810539861 0.3006563616798619 0.3290554572661517
9 597.0 0.0 -1.0 -1.0 -1.0 0.0 0.3790713879107489 0.308189818670301 0.3127387934189501
9 598.0 0.0 -1.0 -1.0 -1.0 0.0 0.35541330389337794 0.3194210094751479 0.3251656866314743
9 599.0 0.0 -1.0 -1.0 -1.0 0.0 0.37086011255258045 0.31070093536484067 0.31843895208257894
9 600.0 0.0 -1.0 -1.0 -1.0 0.0 0.35476367310350587 0.3041241142136789 0.34111221268281516
9 601.0 0.0 -1.0 -1.0 -1.0 0.0 0.36169640280870935 0.31643646001695386 0.3218671371743367
9 602.0 0.0 -1.0 -1.0 -1.0 0.0 0.36265980329359443 0.31378132284263205 0.32355887386377347
9 603.0 0.0 -1.0 -1.0 -1.0 0.0 0.3536275154018844 0.31814439718663 0.3282280874114854
9 604.0 0.0 -1.0 -1.0 -1.0 0.0 0.334174101340165 0.3434334013069796 0.32239249735285536
9 605.0 0.0 -1.0 -1.0 -1.0 0.0 0.33862666972619704 0.3339894488392474 0.3273838814345553
9 606.0 0.0 -1.0 -1.0 -1.0 0.0 0.33921824410168194 0.31729038574890306 0.343491370149415
9 607.0 0.0 -1.0 -1.0 -1.0 0.0 0.3240515759451796 0.3124910295064068 0.3634573945484136
9 608.0 0.0 -1.0 -1.0 -1.0 0.0 0.32898016755909737 0.31687522724738365 0.35414460519351904
9 609.0 0.0 -1.0 -1.0 -1.0 0.0 0.34294841054112146 0.31002495013807846 0.3470266393207999
9 610.0 0.0 -1.0 -1.0 -1.0 0.0 0.33085129405211583 0.3183790540014623 0.35076965194642157
9 611.0 0.0 -1.0 -1.0 -1.0 0.0 0.3384574658661612 0.2963868977199886 0.3651556364138501
9 612.0 0.0 -1.0 -1.0 -1.0 0.0 0.36016583771737404 0.2917104396948219 0.34812372258780405
9 613.0 0.0 -1.0 -1.0 -1.0 0.0 0.3653612650206255 0.30030186369119194 0.3343368712881827
9 614.0 0.0 -1.0 -1.0 -1.0 0.0 0.34039672588822206 0.31489460777627454 0.3447086663355035
9 615.0 0.0 -1.0 -1.0 -1.0 0.0 0.36410634440566997 0.2921640356788353 0.34372961991549467
9 616.0 0.0 -1.0 -1.0 -1.0 0.0 0.35427100240591664 0.2851631074452808 0.36056589014880236
9 617.0 0.0 -1.0 -1.0 -1.0 0.0 0.32154011879472383 0.32451460860199355 0.3539452726032826
9 618.0 0.0 -1.0 -1.0 -1.0 0.0 0.331021143724115 0.32089510733620796 0.34808374893967736
9 619.0 0.0 -1.0 -1.0 -1.0 0.0 0.32695915281550214 0.3240957569659769 0.34894509021852116
9 620.0 0.0 -1.0 -1.0 -1.0 0.0 0.3352602445357121 0.32388263363029346 0.3408571218339945
9 621.0 0.0 -1.0 -1.0 -1.0 0.0 0.3628087931910886 0.29898092399872533 0.3382102828101859
9 622.0 0.0 -1.0 -1.0 -1.0 0.0 0.34246445899562183 0.29973682171190325 0.35779871929247486
9 623.0 0.0 -1.0 -1.0 -1.0 0.0 0.3227581899477464 0.3164924484713557 0.36074936158089793
9 624.0 0.0 -1.0 -1.0 -1.0 0.0 0.3244316680048049 0.3282977977365056 0.3472705342586895
9 625.0 0.0 -1.0 -1.0 -1.0 0.0 0.32178390445566135 0.3455108144299189 0.3327052811144198
9 626.0 0.0 -1.0 -1.0 -1.0 0.0 0.3413518814038688 0.312237937348567 0.3464101812475643
9 627.0 0.0 -1.0 -1.0 -1.0 0.0 0.3218041011450481 0.32706917076211167 0.3511267280928403
9 628.0 0.0 -1.0 -1.0 -1.0 0.0 0.31728486028495584 0.34705908122888446 0.33565605848615954
9 629.0 0.0 -1.0 -1.0 -1.0 0.0 0.34157149185014984 0.3245878702397825 0.3338406379100676
9 630.0 0.0 -1.0 -1.0 -1.0 0.0 0.3517214525527999 0.31476743224395537 0.3335111152032449
9 631.0 0.0 -1.0 -1.0 -1.0 0.0 0.36035999957086184 0.28663557357757674 0.35300442685156164
9 632.0 0.0 -1.0 -1.0 -1.0 0.0 0.3459279277907699 0.2936163070140416 0.36045576519518824
9 633.0 0.0 -1.0 -1.0 -1.0 0.0 0.3568705213000471 0.2936020458160027 0.34952743288395005
9 634.0 0.0 -1.0 -1.0 -1.0 0.0 0.353677447160208 0.2825506915416196 0.3637718612981724
9 635.0 0.0 -1.0 -1.0 -1.0 0.0 0.3729572310985816 0.27555938857727047 0.351483380324148
9 636.0 0.0 -1.0 -1.0 -1.0 0.0 0.3395083862949687 0.2977727799334781 0.362718833771553
9 637.0 0.0 -1.0 -1.0 -1.0 0.0 0.34571789487905746 0.29208499704584184 0.36219710807510064
9 638.0 0.0 -1.0 -1.0 -1.0 0.0 0.3241735913540066 0.31462925660038854 0.361197152045605
9 639.0 0.0 -1.0 -1.0 -1.0 0.0 0.3275268933457899 0.33326236593573966 0.33921074071847024
9 640.0 0.0 -1.0 -1.0 -1.0 0.0 0.32018463447054785 0.32973793055839784 0.35007743497105426
9 641.0 0.0 -1.0 -1.0 -1.0 0.0 0.32129485281752873 0.32160206957696014 0.3571030776055112
9 642.0 0.0 -1.0 -1.0 -1.0 0.0 0.31088292578684795 0.3036476671414092 0.3854694070717426
9 643.0 0.0 -1.0 -1.0 -1.0 0.0 0.33096287863488266 0.31831100475325014 0.35072611661186703
9 644.0 0.0 -1.0 -1.0 -1.0 0.0 0.3269215150241203 0.3225188217069965 0.3505596632688834
9 645.0 0.0 -1.0 -1.0 -1.0 0.0 0.3360897252805213 0.31161727472237666 0.35229299999710223
9 646.0 0.0 -1.0 -1.0 -1.0 0.0 0.3346071382803716 0.32766638758853533 0.33772647413109297
9 647.0 0.0 -1.0 -1.0 -1.0 0.0 0.3359215862437076 0.3426409654776467 0.3214374482786457
9 648.0 0.0 -1.0 -1.0 -1.0 0.0 0.3617099496532464 0.31698596987539757 0.32130408047135584
9 649.0 0.0 -1.0 -1.0 -1.0 0.0 0.36462191993195814 0.31512446480834566 0.3202536152596962
9 650.0 0.0 -1.0 -1.0 -1.0 0.0 0.3529136389322658 0.2942000965959321 0.3528862644718022
9 651.0 0.0 -1.0 -1.0 -1.0 0.0 0.3407646377013321 0.28099860987173747 0.3782367524269305
9 652.0 0.0 -1.0 -1.0 -1.0 0.0 0.3427742905897672 0.2880536489013873 0.36917206050884543
9 653.0 0.0 -1.0 -1.0 -1.0 0.0 0.31680815627333136 0.2786121854925702 0.4045796582340986
9 654.0 0.0 -1.0 -1.0 -1.0 0.0 0.31758937213875593 0.29258636584692416 0.38982426201431997
9 655.0 0.0 -1.0 -1.0 -1.0 0.0 0.2959875262352172 0.30955887169356655 0.39445360207121605
9 656.0 0.0 -1.0 -1.0 -1.0 0.0 0.30829804961051094 0.3271163173971343 0.3645856329923546
9 657.0 0.0 -1.0 -1.0 -1.0 0.0 0.30842072911189466 0.3173457409281699 0.3742335299599353
9 658.0 0.0 -1.0 -1.0 -1.0 0.0 0.30677229590443017 0.34279827499162435 0.35042942910394537
9 659.0 0.0 -1.0 -1.0 -1.0 0.0 0.2939618542494107 0.34978669779953026 0.35625144795105945
9 660.0 0.0 -1.0 -1.0 -1.0 0.0 0.3288253510646102 0.30247326921747075 0.3687013797179191
9 661.0 0.0 -1.0 -1.0 -1.0 0.0 0.32531768052306054 0.2863061511476798 0.3883761683292597
9 662.0 0.0 -1.0 -1.0 -1.0 0.0 0.32640798219599737 0.30923273512284544 0.36435928268115697
9 663.0 0.0 -1.0 -1.0 -1.0 0.0 0.3447722625550579 0.35340154912571875 0.30182618831922303
9 664.0 0.0 -1.0 -1.0 -1.0 0.0 0.31465425284754683 0.3542653211586781 0.3310804259937751
9 665.0 0.0 -1.0 -1.0 -1.0 0.0 0.3150765322638325 0.34009766151744103 0.34482580621872666
9 666.0 0.0 -1.0 -1.0 -1.0 0.0 0.3104608193457543 0.3601603396904748 0.3293788409637711
9 667.0 0.0 -1.0 -1.0 -1.0 0.0 0.31617216832392975 0.3354759651371002 0.3483518665389701
9 668.0 0.0 -1.0 -1.0 -1.0 0.0 0.3284325147914203 0.31995935383349433 0.3516081313750851
9 669.0 0.0 -1.0 -1.0 -1.0 0.0 0.3231695644099173 0.31007320049009485 0.3667572350999879
9 670.0 0.0 -1.0 -1.0 -1.0 0.0 0.31528495673696194 0.3274824868471679 0.3572325564158699
9 671.0 0.0 -1.0 -1.0 -1.0 0.0 0.29977109496565946 0.3451519904222611 0.3550769146120797
9 672.0 0.0 -1.0 -1.0 -1.0 0.0 0.3134333324736176 0.33231385987235756 0.354252807654025
9 673.0 0.0 -1.0 -1.0 -1.0 0.0 0.326826064183796 0.3311345348431483 0.3420394009730557
9 674.0 0.0 -1.0 -1.0 -1.0 0.0 0.32090465027340975 0.33720600663288747 0.3418893430937027
9 675.0 0.0 -1.0 -1.0 -1.0 0.0 0.321194519971824 0.3382825946857657 0.3405228853424101
9 676.0 0.0 -1.0 -1.0 -1.0 0.0 0.33143152911392504 0.3321514615818774 0.3364170093041976
9 677.0 0.0 -1.0 -1.0 -1.0 0.0 0.32652211895811584 0.3064614099370482 0.36701647110483604
9 678.0 0.0 -1.0 -1.0 -1.0 0.0 0.3041468270056378 0.3034217354031202 0.3924314375912422
9 679.0 0.0 -1.0 -1.0 -1.0 0.0 0.2923562888005694 0.3363743463194714 0.3712693648799593
9 680.0 0.0 -1.0 -1.0 -1.0 0.0 0.31006092226070603 0.34510079349581024 0.3448382842434836
9 681.0 0.0 -1.0 -1.0 -1.0 0.0 0.31866367365804654 0.35154292681640187 0.3297933995255517
9 682.0 0.0 -1.0 -1.0 -1.0 0.0 0.31484114633953336 0.35433848636958265 0.3308203672908837
9 683.0 0.0 -1.0 -1.0 -1.0 0.0 0.28921774946690937 0.3598144865833206 0.3509677639497702
9 684.0 0.0 -1.0 -1.0 -1.0 0.0 0.3194871944854365 0.3249869452208657 0.35552586029369787
9 685.0 0.0 -1.0 -1.0 -1.0 0.0 0.3150770054709705 0.3367787816163875 0.3481442129126421
9 686.0 0.0 -1.0 -1.0 -1.0 0.0 0.30793824562748723 0.32747437045384836 0.3645873839186644
9 687.0 0.0 -1.0 -1.0 -1.0 0.0 0.3190432810674245 0.3571752023908406 0.32378151654173465
9 688.0 0.0 -1.0 -1.0 -1.0 0.0 0.31015674723189285 0.34887322248870645 0.3409700302794009
9 689.0 0.0 -1.0 -1.0 -1.0 0.0 0.292803225780462 0.3515280467624136 0.3556687274571245
9 690.0 0.0 -1.0 -1.0 -1.0 0.0 0.2975108798308617 0.3618886190417612 0.34060050112737705
9 691.0 0.0 -1.0 -1.0 -1.0 0.0 0.2979757995188866 0.3582563635943012 0.34376783688681206
9 692.0 0.0 -1.0 -1.0 -1.0 0.0 0.2877563818045658 0.3622515078068793 0.34999211038855477
9 693.0 0.0 -1.0 -1.0 -1.0 0.0 0.26246024299010595 0.38753638494896797 0.35000337206092624
9 694.0 0.0 -1.0 -1.0 -1.0 0.0 0.2727897148160649 0.3929971551270162 0.334213130056919
9 695.0 0.0 -1.0 -1.0 -1.0 0.0 0.28517263700368733 0.3758238768502632 0.3390034861460494
9 696.0 0.0 -1.0 -1.0 -1.0 0.0 0.29739471166837134 0.36845545831221654 0.33414983001941223
9 697.0 0.0 -1.0 -1.0 -1.0 0.0 0.3217592078199957 0.358694819883679 0.31954597229632553
9 698.0 0.0 -1.0 -1.0 -1.0 0.0 0.3151886454756925 0.36126420901320166 0.3235471455111059
9 699.0 0.0 -1.0 -1.0 -1.0 0.0 0.2867437432680468 0.3713904877170461 0.34186576901490723
9 700.0 0.0 -1.0 -1.0 -1.0 0.0 0.2886716743403603 0.34789818389802485 0.36343014176161503
9 701.0 0.0 -1.0 -1.0 -1.0 0.0 0.30998125005028565 0.36570421562317107 0.32431453432654306
9 702.0 0.0 -1.0 -1.0 -1.0 0.0 0.31702505044880236 0.3395003321407373 0.34347461741046037
9 703.0 0.0 -1.0 -1.0 -1.0 0.0 0.3156110575627624 0.33481612434563457 0.3495728180916031
9 704.0 0.0 -1.0 -1.0 -1.0 0.0 0.3322623463730443 0.3084933715400517 0.35924428208690384
9 705.0 0.0 -1.0 -1.0 -1.0 0.0 0.3182283760182127 0.33607281711055426 0.34569880687123317
9 706.0 0.0 -1.0 -1.0 -1.0 0.0 0.3067135007686777 0.3383400433967484 0.35494645583457385
9 707.0 0.0 -1.0 -1.0 -1.0 0.0 0.3131441917220785 0.3437171028795019 0.3431387053984196
9 708.0 0.0 -1.0 -1.0 -1.0 0.0 0.3093185930482022 0.3447238470133447 0.34595755993845306
9 709.0 0.0 -1.0 -1.0 -1.0 0.0 0.30170154733405324 0.3570340731467687 0.3412643795191779
9 710.0 0.0 -1.0 -1.0 -1.0 0.0 0.3016383696296237 0.351224410293717 0.3471372200766593
9 711.0 0.0 -1.0 -1.0 -1.0 0.0 0.3120811662912039 0.3692025667224922 0.31871626698630395
9 712.0 0.0 -1.0 -1.0 -1.0 0.0 0.30980291944664917 0.35398787207220195 0.33620920848114877
9 713.0 0.0 -1.0 -1.0 -1.0 0.0 0.3201601614630136 0.3417857906493504 0.3380540478876361
9 714.0 0.0 -1.0 -1.0 -1.0 0.0 0.3210479132685997 0.3541132055847519 0.32483888114664855
9 715.0 0.0 -1.0 -1.0 -1.0 0.0 0.3261318691873028 0.3549247290373014 0.318943401775396
9 716.0 0.0 -1.0 -1.0 -1.0 0.0 0.3370630012207155 0.3280052819032522 0.33493171687603235
9 717.0 0.0 -1.0 -1.0 -1.0 0.0 0.3423121388065272 0.32273000577100985 0.3349578554224628
9 718.0 0.0 -1.0 -1.0 -1.0 0.0 0.3321104728974786 0.33484767037055624 0.333041856731965
9 719.0 0.0 -1.0 -1.0 -1.0 0.0 0.3299271032192779 0.3489968911476389 0.32107600563308336
9 720.0 0.0 -1.0 -1.0 -1.0 0.0 0.3439977129029589 0.3300390696729634 0.32596321742407774
9 721.0 0.0 -1.0 -1.0 -1.0 0.0 0.35482968053861 0.3124374062522433 0.3327329132091466
9 722.0 0.0 -1.0 -1.0 -1.0 0.0 0.3522620240718188 0.318128668199656 0.3296093077285251
9 723.0 0.0 -1.0 -1.0 -1.0 0.0 0.3335638940973474 0.34493064780188937 0.32150545810076325
9 724.0 0.0 -1.0 -1.0 -1.0 0.0 0.2881593890789684 0.3450352504317158 0.366805360489316
9 725.0 0.0 -1.0 -1.0 -1.0 0.0 0.30039210342816053 0.36642515521892727 0.33318274135291204
9 726.0 0.0 -1.0 -1.0 -1.0 0.0 0.3125288404240856 0.35994630683501133 0.3275248527409027
9 727.0 0.0 -1.0 -1.0 -1.0 0.0 0.3027857022110284 0.37398681768876535 0.32322748010020597
9 728.0 0.0 -1.0 -1.0 -1.0 0.0 0.3064552673501668 0.3495387361195737 0.34400599653025943
9 729.0 0.0 -1.0 -1.0 -1.0 0.0 0.27844190001503166 0.3646456187252355 0.3569124812597325
9 730.0 0.0 -1.0 -1.0 -1.0 0.0 0.2957056025417199 0.3561029726393445 0.34819142481893567
9 731.0 0.0 -1.0 -1.0 -1.0 0.0 0.28985626998231817 0.3484597345418477 0.3616839954758342
9 732.0 0.0 -1.0 -1.0 -1.0 0.0 0.2691530132660652 0.37819870299652486 0.35264828373740964
9 733.0 0.0 -1.0 -1.0 -1.0 0.0 0.29747854880146113 0.34976737454840773 0.35275407665013153
9 734.0 0.0 -1.0 -1.0 -1.0 0.0 0.2978470599486748 0.33532796552546396 0.3668249745258613
9 735.0 0.0 -1.0 -1.0 -1.0 0.0 0.3209292173394998 0.338995615684272 0.34007516697622847
9 736.0 0.0 -1.0 -1.0 -1.0 0.0 0.34729679529328505 0.30552845702691167 0.3471747476798032
9 737.0 0.0 -1.0 -1.0 -1.0 0.0 0.35551807289213444 0.3010621476106516 0.34341977949721403
9 738.0 0.0 -1.0 -1.0 -1.0 0.0 0.32304015139538705 0.321851288067738 0.3551085605368751
9 739.0 0.0 -1.0 -1.0 -1.0 0.0 0.3274063175696972 0.340620803825538 0.331972878604765
9 740.0 0.0 -1.0 -1.0 -1.0 0.0 0.3472263804603557 0.317410432505837 0.3353631870338073
9 741.0 0.0 -1.0 -1.0 -1.0 0.0 0.35017079271887275 0.3164823724784596 0.33334683480266764
9 742.0 0.0 -1.0 -1.0 -1.0 0.0 0.3311529068815014 0.33533218444001756 0.33351490867848116
9 743.0 0.0 -1.0 -1.0 -1.0 0.0 0.3227945575566477 0.33120232576998293 0.34600311667336947
9 744.0 0.0 -1.0 -1.0 -1.0 0.0 0.3130173439634902 0.34436320499769724 0.3426194510388125
9 745.0 0.0 -1.0 -1.0 -1.0 0.0 0.29503999403849757 0.37590916554311254 0.3290508404183898
9 746.0 0.0 -1.0 -1.0 -1.0 0.0 0.3124113782588733 0.34213509455424707 0.34545352718687977
9 747.0 0.0 -1.0 -1.0 -1.0 0.0 0.34177420593712154 0.31766143001042435 0.340564364052454
9 748.0 0.0 -1.0 -1.0 -1.0 0.0 0.3325193345221137 0.34368839464128925 0.323792270836597
9 749.0 0.0 -1.0 -1.0 -1.0 0.0 0.31983649854584484 0.35420066844716613 0.3259628330069893
9 750.0 0.0 -1.0 -1.0 -1.0 0.0 0.3089364478700206 0.36454550984457645 0.3265180422854029
9 751.0 0.0 -1.0 -1.0 -1.0 0.0 0.3329257166633877 0.32997437774641974 0.3370999055901926
9 752.0 0.0 -1.0 -1.0 -1.0 0.0 0.34510590373721683 0.2990597623368543 0.3558343339259289
9 753.0 0.0 -1.0 -1.0 -1.0 0.0 0.3389127718605049 0.3146547821640269 0.34643244597546824
9 754.0 0.0 -1.0 -1.0 -1.0 0.0 0.3543071020574221 0.2813270137696105 0.36436588417296734
9 755.0 0.0 -1.0 -1.0 -1.0 0.0 0.36158864247601963 0.2679070908584838 0.37050426666549646
9 756.0 0.0 -1.0 -1.0 -1.0 0.0 0.329608926699902 0.3206829239899418 0.34970814931015604
9 757.0 0.0 -1.0 -1.0 -1.0 0.0 0.3244835571659468 0.3226290430986857 0.35288739973536776
9 758.0 0.0 -1.0 -1.0 -1.0 0.0 0.33213400745753924 0.30444411841811264 0.36342187412434834
9 759.0 0.0 -1.0 -1.0 -1.0 0.0 0.3429143604437066 0.325987386335602 0.33109825322069136
9 760.0 0.0 -1.0 -1.0 -1.0 0.0 0.3677660857564648 0.3273670085380899 0.30486690570544545
9 761.0 0.0 -1.0 -1.0 -1.0 0.0 0.3674761310422388 0.33022734351076904 0.3022965254469922
9 762.0 0.0 -1.0 -1.0 -1.0 0.0 0.3142915892242833 0.36205411033058005 0.3236543004451368
9 763.0 0.0 -1.0 -1.0 -1.0 0.0 0.2994774229030856 0.36704641173526525 0.33347616536164926
9 764.0 0.0 -1.0 -1.0 -1.0 0.0 0.2976757428383421 0.37837461374335396 0.323949643418304
9 765.0 0.0 -1.0 -1.0 -1.0 0.0 0.3132970128918322 0.3408107246689994 0.34589226243916793
9 766.0 0.0 -1.0 -1.0 -1.0 0.0 0.3130793066449883 0.3222938189172004 0.36462687443781105
9 767.0 0.0 -1.0 -1.0 -1.0 0.0 0.30301726590233974 0.31559559061837594 0.3813871434792842
9 768.0 0.0 -1.0 -1.0 -1.0 0.0 0.297174187359765 0.31912713718744506 0.3836986754527901
9 769.0 0.0 -1.0 -1.0 -1.0 0.0 0.32065636982093776 0.3246815332759488 0.3546620969031135
9 770.0 0.0 -1.0 -1.0 -1.0 0.0 0.32469521400467777 0.3302423012324222 0.34506248476289997
9 771.0 0.0 -1.0 -1.0 -1.0 0.0 0.3260835597652798 0.31345850520101237 0.36045793503370793
9 772.0 0.0 -1.0 -1.0 -1.0 0.0 0.31635012800255136 0.32662096119463124 0.35702891080281757
9 773.0 0.0 -1.0 -1.0 -1.0 0.0 0.3088778451802904 0.3343636577933132 0.3567584970263966
9 774.0 0.0 -1.0 -1.0 -1.0 0.0 0.3166464780647365 0.33977586706959473 0.34357765486566905
9 775.0 0.0 -1.0 -1.0 -1.0 0.0 0.3310973039251152 0.35872921857955115 0.3101734774953335
9 776.0 0.0 -1.0 -1.0 -1.0 0.0 0.333291852900913 0.3387861586518893 0.327921988447198
9 777.0 0.0 -1.0 -1.0 -1.0 0.0 0.3303641058606598 0.33261391637569837 0.3370219777636417
9 778.0 0.0 -1.0 -1.0 -1.0 0.0 0.34194982005032754 0.3271525005367758 0.3308976794128967
9 779.0 0.0 -1.0 -1.0 -1.0 0.0 0.3237728791758647 0.3490518738416846 0.3271752469824506
9 780.0 0.0 -1.0 -1.0 -1.0 0.0 0.33892651636262267 0.3526787409355939 0.3083947427017834
9 781.0 0.0 -1.0 -1.0 -1.0 0.0 0.3205199641022811 0.3209967431339342 0.3584832927637847
9 782.0 0.0 -1.0 -1.0 -1.0 0.0 0.3044561204882063 0.3321624123749126 0.3633814671368809
9 783.0 0.0 -1.0 -1.0 -1.0 0.0 0.3311720935988695 0.3299972077660267 0.33883069863510357
9 784.0 0.0 -1.0 -1.0 -1.0 0.0 0.3583409056739903 0.3244251228012386 0.31723397152477106
9 785.0 0.0 -1.0 -1.0 -1.0 0.0 0.3618128544348513 0.3356405926728156 0.3025465528923333
9 786.0 0.0 -1.0 -1.0 -1.0 0.0 0.3476008448806335 0.34681560244299725 0.3055835526763693
9 787.0 0.0 -1.0 -1.0 -1.0 0.0 0.3554570677119386 0.3388887390757006 0.30565419321236087
9 788.0 0.0 -1.0 -1.0 -1.0 0.0 0.3317682830633235 0.3489483031468839 0.3192834137897926
9 789.0 0.0 -1.0 -1.0 -1.0 0.0 0.36051858067782505 0.33842102334393787 0.3010603959782371
9 790.0 0.0 -1.0 -1.0 -1.0 0.0 0.37636882845949915 0.31249383553314325 0.3111373360073577
9 791.0 0.0 -1.0 -1.0 -1.0 0.0 0.32244219111741196 0.3260769107192656 0.3514808981633224
9 792.0 0.0 -1.0 -1.0 -1.0 0.0 0.33600210652715357 0.3436109675607766 0.32038692591207
9 793.0 0.0 -1.0 -1.0 -1.0 0.0 0.3445682067949902 0.3455829466880341 0.30984884651697575
9 794.0 0.0 -1.0 -1.0 -1.0 0.0 0.3308194048009987 0.35728574509449984 0.3118948501045015
9 795.0 0.0 -1.0 -1.0 -1.0 0.0 0.30920964914705185 0.3809433271877796 0.3098470236651683
9 796.0 0.0 -1.0 -1.0 -1.0 0.0 0.3235889381493741 0.3625137850282166 0.31389727682240925
9 797.0 0.0 -1.0 -1.0 -1.0 0.0 0.34508767316369615 0.34656541638678673 0.30834691044951734
9 798.0 0.0 -1.0 -1.0 -1.0 0.0 0.34579505015477324 0.36445745274500224 0.2897474971002246
9 799.0 0.0 -1.0 -1.0 -1.0 0.0 0.348508045317218 0.35160429568057905 0.2998876590022028
9 800.0 0.0 -1.0 -1.0 -1.0 0.0 0.3707495904474489 0.3345948029846817 0.2946556065678692
9 801.0 0.0 -1.0 -1.0 -1.0 0.0 0.33980333616867225 0.33983680275291384 0.3203598610784139
9 802.0 0.0 -1.0 -1.0 -1.0 0.0 0.340343152651696 0.32162555296558293 0.33803129438272095
9 803.0 0.0 -1.0 -1.0 -1.0 0.0 0.32372894525494184 0.35063164883115683 0.3256394059139012
9 804.0 0.0 -1.0 -1.0 -1.0 0.0 0.33300504426661676 0.34411565965347657 0.32287929607990634
9 805.0 0.0 -1.0 -1.0 -1.0 0.0 0.34436344984500983 0.32712806620554824 0.3285084839494421
9 806.0 0.0 -1.0 -1.0 -1.0 0.0 0.3462013496163546 0.3220314973917099 0.3317671529919354
9 807.0 0.0 -1.0 -1.0 -1.0 0.0 0.36095976204403857 0.31158552657549315 0.32745471138046817
9 808.0 0.0 -1.0 -1.0 -1.0 0.0 0.3226575842843928 0.32603242478215655 0.3513099909334507
9 809.0 0.0 -1.0 -1.0 -1.0 0.0 0.31850516255542377 0.3447688418696126 0.3367259955749635
9 810.0 0.0 -1.0 -1.0 -1.0 0.0 0.335604487281484 0.32272191032252195 0.341673602395994
9 811.0 0.0 -1.0 -1.0 -1.0 0.0 0.3401868334216182 0.3339947073841219 0.32581845919426
9 812.0 0.0 -1.0 -1.0 -1.0 0.0 0.33837925220936194 0.3174177396622311 0.3442030081284069
9 813.0 0.0 -1.0 -1.0 -1.0 0.0 0.32885732343116075 0.3267564844880002 0.34438619208083887
9 814.0 0.0 -1.0 -1.0 -1.0 0.0 0.3410918609288556 0.32831364375966343 0.33059449531148116
9 815.0 0.0 -1.0 -1.0 -1.0 0.0 0.35228327861314157 0.31208291655364323 0.33563380483321514
9 816.0 0.0 -1.0 -1.0 -1.0 0.0 0.3557869663450134 0.3394832059420586 0.30472982771292795
9 817.0 0.0 -1.0 -1.0 -1.0 0.0 0.35132357092709127 0.3269595218620128 0.321716907210896
9 818.0 0.0 -1.0 -1.0 -1.0 0.0 0.3564767688410725 0.3107445565733233 0.3327786745856043
9 819.0 0.0 -1.0 -1.0 -1.0 0.0 0.3347695813296097 0.34717890216213854 0.3180515165082517
9 820.0 0.0 -1.0 -1.0 -1.0 0.0 0.3305903652114659 0.3641902926994129 0.3052193420891214
9 821.0 0.0 -1.0 -1.0 -1.0 0.0 0.3271884255456973 0.37513124583645713 0.2976803286178452
9 822.0 0.0 -1.0 -1.0 -1.0 0.0 0.3141714542349796 0.35850203987613943 0.3273265058888806
9 823.0 0.0 -1.0 -1.0 -1.0 0.0 0.3289928810224885 0.3415088497262508 0.3294982692512607
9 824.0 0.0 -1.0 -1.0 -1.0 0.0 0.31064371332626955 0.36378077888544164 0.325575507788289
9 825.0 0.0 -1.0 -1.0 -1.0 0.0 0.31298518579495677 0.36664272270272585 0.32037209150231755
9 826.0 0.0 -1.0 -1.0 -1.0 0.0 0.2971746412441449 0.36203453065726615 0.3407908280985891
9 827.0 0.0 -1.0 -1.0 -1.0 0.0 0.2893629974843789 0.34895129033661754 0.3616857121790035
9 828.0 0.0 -1.0 -1.0 -1.0 0.0 0.3190452410581502 0.3487347641905597 0.33221999475129027
9 829.0 0.0 -1.0 -1.0 -1.0 0.0 0.3236640004707329 0.35647663081501924 0.31985936871424764
9 830.0 0.0 -1.0 -1.0 -1.0 0.0 0.3389924680656963 0.37234337713716975 0.2886641547971336
9 831.0 0.0 -1.0 -1.0 -1.0 0.0 0.3434486401751296 0.3469977893043206 0.3095535705205497
9 832.0 0.0 -1.0 -1.0 -1.0 0.0 0.3318371814413517 0.35757085273819444 0.310591965820454
9 833.0 0.0 -1.0 -1.0 -1.0 0.0 0.32343707709638986 0.35535845959972634 0.32120446330388414
9 834.0 0.0 -1.0 -1.0 -1.0 0.0 0.30484877157900625 0.3677878905854456 0.32736333783554805
9 835.0 0.0 -1.0 -1.0 -1.0 0.0 0.2723588391683039 0.37248454447329815 0.35515661635839807
9 836.0 0.0 -1.0 -1.0 -1.0 0.0 0.2656692883437141 0.37995357000978813 0.35437714164649775
9 837.0 0.0 -1.0 -1.0 -1.0 0.0 0.28615364621336203 0.38138059767141913 0.3324657561152188
9 838.0 0.0 -1.0 -1.0 -1.0 0.0 0.2747183199745479 0.3452074008914524 0.3800742791339997
9 839.0 0.0 -1.0 -1.0 -1.0 0.0 0.2683928876698652 0.3624807752877058 0.36912633704242936
9 840.0 0.0 -1.0 -1.0 -1.0 0.0 0.28606045358474125 0.36203162996795063 0.35190791644730796
9 841.0 0.0 -1.0 -1.0 -1.0 0.0 0.2924487705724166 0.3594228919311292 0.3481283374964543
9 842.0 0.0 -1.0 -1.0 -1.0 0.0 0.28719879923511277 0.3732521630281848 0.33954903773670236
9 843.0 0.0 -1.0 -1.0 -1.0 0.0 0.3090377901604645 0.3823087309104424 0.3086534789290933
9 844.0 0.0 -1.0 -1.0 -1.0 0.0 0.32567608658656005 0.3711746569303597 0.3031492564830801
9 845.0 0.0 -1.0 -1.0 -1.0 0.0 0.32291878620720615 0.349388013779613 0.3276932000131808
9 846.0 0.0 -1.0 -1.0 -1.0 0.0 0.3097196166975563 0.34840486804171517 0.34187551526072846
9 847.0 0.0 -1.0 -1.0 -1.0 0.0 0.3146390713897538 0.33959778245490285 0.3457631461553433
9 848.0 0.0 -1.0 -1.0 -1.0 0.0 0.3102788482866362 0.3450751864996052 0.3446459652137585
9 849.0 0.0 -1.0 -1.0 -1.0 0.0 0.3139595974782241 0.3655977174692397 0.3204426850525364
9 850.0 0.0 -1.0 -1.0 -1.0 0.0 0.2997294403817809 0.36564269319299525 0.3346278664252238
9 851.0 0.0 -1.0 -1.0 -1.0 0.0 0.3180987247678977 0.3516494367443436 0.33025183848775874
9 852.0 0.0 -1.0 -1.0 -1.0 0.0 0.3150701328512967 0.3367461273487159 0.34818373979998735
9 853.0 0.0 -1.0 -1.0 -1.0 0.0 0.3104673523853481 0.3462413933646197 0.3432912542500325
9 854.0 0.0 -1.0 -1.0 -1.0 0.0 0.32106385819519767 0.3476360902057987 0.3313000515990037
9 855.0 0.0 -1.0 -1.0 -1.0 0.0 0.30282516722241604 0.362526600082267 0.3346482326953171
9 856.0 0.0 -1.0 -1.0 -1.0 0.0 0.31911890388620334 0.345849645332535 0.3350314507812617
9 857.0 0.0 -1.0 -1.0 -1.0 0.0 0.3305155874186817 0.34108354451277784 0.3284008680685403
9 858.0 0.0 -1.0 -1.0 -1.0 0.0 0.3365588621367329 0.31945247035429963 0.3439886675089673
9 859.0 0.0 -1.0 -1.0 -1.0 0.0 0.3419779706077579 0.3181948499293986 0.33982717946284374
9 860.0 0.0 -1.0 -1.0 -1.0 0.0 0.3254742781112396 0.34918545181300076 0.32534027007575944
9 861.0 0.0 -1.0 -1.0 -1.0 0.0 0.3391075731916674 0.3297773000676568 0.33111512674067584
9 862.0 0.0 -1.0 -1.0 -1.0 0.0 0.36768344392298224 0.3359621469655012 0.296354409111517
9 863.0 0.0 -1.0 -1.0 -1.0 0.0 0.35527332259464367 0.35026099072783595 0.2944656866775205
9 864.0 0.0 -1.0 -1.0 -1.0 0.0 0.3732039564059618 0.3342912462210518 0.29250479737298624
9 865.0 0.0 -1.0 -1.0 -1.0 0.0 0.3823427957819814 0.32742099198104185 0.290236212236977
9 866.0 0.0 -1.0 -1.0 -1.0 0.0 0.3601092834827394 0.33097183745589576 0.30891887906136506
9 867.0 0.0 -1.0 -1.0 -1.0 0.0 0.3755338051760133 0.3290990767793347 0.29536711804465215
9 868.0 0.0 -1.0 -1.0 -1.0 0.0 0.35955095439274937 0.3009273438402811 0.3395217017669697
9 869.0 0.0 -1.0 -1.0 -1.0 0.0 0.35398396193935583 0.3153940690576095 0.3306219690030348
9 870.0 0.0 -1.0 -1.0 -1.0 0.0 0.35660705727874675 0.31083378702085906 0.33255915570039396
9 871.0 0.0 -1.0 -1.0 -1.0 0.0 0.3384784972883383 0.31631237060700895 0.34520913210465265
9 872.0 0.0 -1.0 -1.0 -1.0 0.0 0.33144748586592093 0.3274871572249257 0.3410653569091533
9 873.0 0.0 -1.0 -1.0 -1.0 0.0 0.327844294728294 0.3540372768912599 0.31811842838044596
9 874.0 0.0 -1.0 -1.0 -1.0 0.0 0.33413037220150926 0.35597386411837334 0.30989576368011756
9 875.0 0.0 -1.0 -1.0 -1.0 0.0 0.30129892513528866 0.40297344650277445 0.29572762836193695
9 876.0 0.0 -1.0 -1.0 -1.0 0.0 0.3116610336898182 0.3967309688551379 0.2916079974550439
9 877.0 0.0 -1.0 -1.0 -1.0 0.0 0.3114445972979796 0.38959286521227343 0.29896253748974705
9 878.0 0.0 -1.0 -1.0 -1.0 0.0 0.31732626027502037 0.38124507044677486 0.30142866927820483
9 879.0 0.0 -1.0 -1.0 -1.0 0.0 0.33480184667941354 0.35545680260727885 0.3097413507133075
9 880.0 0.0 -1.0 -1.0 -1.0 0.0 0.31405417209425424 0.3452365726908878 0.34070925521485784
9 881.0 0.0 -1.0 -1.0 -1.0 0.0 0.3238513117203269 0.33795907781713325 0.33818961046254026
9 882.0 0.0 -1.0 -1.0 -1.0 0.0 0.34723190904160584 0.3431832991613276 0.30958479179706666
9 883.0 0.0 -1.0 -1.0 -1.0 0.0 0.351736709246332 0.33632329073027883 0.3119400000233892
9 884.0 0.0 -1.0 -1.0 -1.0 0.0 0.355993866270522 0.3248083555702754 0.31919777815920247
9 885.0 0.0 -1.0 -1.0 -1.0 0.0 0.36683811011902845 0.318802286895605 0.31435960298536664
9 886.0 0.0 -1.0 -1.0 -1.0 0.0 0.31658380356212856 0.3206041419108463 0.36281205452702525
9 887.0 0.0 -1.0 -1.0 -1.0 0.0 0.3489553385430683 0.2892001219284762 0.36184453952845563
9 888.0 0.0 -1.0 -1.0 -1.0 0.0 0.324790061012767 0.3042988856811256 0.37091105330610735
9 889.0 0.0 -1.0 -1.0 -1.0 0.0 0.32216299755954614 0.3159182181946647 0.36191878424578905
9 890.0 0.0 -1.0 -1.0 -1.0 0.0 0.33794452060492125 0.30211122405522683 0.35994425533985186
9 891.0 0.0 -1.0 -1.0 -1.0 0.0 0.32215923039245903 0.32413966414871576 0.35370110545882527
9 892.0 0.0 -1.0 -1.0 -1.0 0.0 0.3425941820374202 0.3286163956140934 0.32878942234848657
9 893.0 0.0 -1.0 -1.0 -1.0 0.0 0.3259782385703208 0.3371867006514021 0.336835060778277
9 894.0 0.0 -1.0 -1.0 -1.0 0.0 0.33671506832900583 0.3363522058773639 0.3269327257936302
9 895.0 0.0 -1.0 -1.0 -1.0 0.0 0.3180414571121783 0.3373945812269785 0.3445639616608432
9 896.0 0.0 -1.0 -1.0 -1.0 0.0 0.3182311872221729 0.34767629176178466 0.33409252101604253
9 897.0 0.0 -1.0 -1.0 -1.0 0.0 0.3237389855777252 0.3367607659216641 0.33950024850061067
9 898.0 0.0 -1.0 -1.0 -1.0 0.0 0.34760312538167165 0.30178517389071025 0.35061170072761827
9 899.0 0.0 -1.0 -1.0 -1.0 0.0 0.33677975725274023 0.31479005076423067 0.348430191983029
9 900.0 0.0 -1.0 -1.0 -1.0 0.0 0.3358296525978528 0.3185292224383643 0.34564112496378274
9 901.0 0.0 -1.0 -1.0 -1.0 0.0 0.30869233456092393 0.3049832754224895 0.3863243900165863
9 902.0 0.0 -1.0 -1.0 -1.0 0.0 0.30824107083240504 0.3083791089184378 0.38337982024915723
9 903.0 0.0 -1.0 -1.0 -1.0 0.0 0.35052262944952767 0.30417758033827924 0.3452997902121929
9 904.0 0.0 -1.0 -1.0 -1.0 0.0 0.3274854978425767 0.32963663562147316 0.34287786653595015
9 905.0 0.0 -1.0 -1.0 -1.0 0.0 0.3108769392082083 0.3329517667333648 0.35617129405842723
9 906.0 0.0 -1.0 -1.0 -1.0 0.0 0.33979638986585425 0.33111804113309773 0.3290855690010481
9 907.0 0.0 -1.0 -1.0 -1.0 0.0 0.30838201167255214 0.36828621238068615 0.3233317759467619
9 908.0 0.0 -1.0 -1.0 -1.0 0.0 0.30633146383064175 0.3768653931905737 0.3168031429787846
9 909.0 0.0 -1.0 -1.0 -1.0 0.0 0.32521848622347754 0.35607365103659505 0.31870786273992746
9 910.0 0.0 -1.0 -1.0 -1.0 0.0 0.3174437712482315 0.35517892230244597 0.3273773064493222
9 911.0 0.0 -1.0 -1.0 -1.0 0.0 0.32287704968106234 0.3244490387423782 0.3526739115765596
9 912.0 0.0 -1.0 -1.0 -1.0 0.0 0.3142033612174295 0.3453541202607619 0.3404425185218085
9 913.0 0.0 -1.0 -1.0 -1.0 0.0 0.29046196746324315 0.3509412737655455 0.35859675877121105
9 914.0 0.0 -1.0 -1.0 -1.0 0.0 0.2784596770659531 0.36057253237814907 0.3609677905558978
9 915.0 0.0 -1.0 -1.0 -1.0 0.0 0.29512074951558065 0.3289210713932554 0.37595817909116397
9 916.0 0.0 -1.0 -1.0 -1.0 0.0 0.3158732100670207 0.3464438884686383 0.337682901464341
9 917.0 0.0 -1.0 -1.0 -1.0 0.0 0.30960447572794214 0.34975039760599197 0.34064512666606583
9 918.0 0.0 -1.0 -1.0 -1.0 0.0 0.2740272924156156 0.38843978463867246 0.337532922945712
9 919.0 0.0 -1.0 -1.0 -1.0 0.0 0.3007201253772309 0.40361305923646057 0.2956668153863084
9 920.0 0.0 -1.0 -1.0 -1.0 0.0 0.3128896481368594 0.37725228810456946 0.3098580637585713
9 921.0 0.0 -1.0 -1.0 -1.0 0.0 0.293867085770279 0.39373271066162924 0.31240020356809184
9 922.0 0.0 -1.0 -1.0 -1.0 0.0 0.3073440613116474 0.3695327243651327 0.3231232143232201
9 923.0 0.0 -1.0 -1.0 -1.0 0.0 0.30349242806683047 0.36352315019882586 0.33298442173434367
9 924.0 0.0 -1.0 -1.0 -1.0 0.0 0.31727925205772267 0.3399864685896182 0.34273427935265915
9 925.0 0.0 -1.0 -1.0 -1.0 0.0 0.3430101111161539 0.34149940468185824 0.3154904842019879
9 926.0 0.0 -1.0 -1.0 -1.0 0.0 0.3273376490093063 0.34860167258067415 0.3240606784100196
9 927.0 0.0 -1.0 -1.0 -1.0 0.0 0.31177483585008914 0.356550335436146 0.33167482871376497
9 928.0 0.0 -1.0 -1.0 -1.0 0.0 0.31034579010270685 0.37252419584927005 0.3171300140480231
9 929.0 0.0 -1.0 -1.0 -1.0 0.0 0.30719004088823587 0.36349830939963196 0.3293116497121322
9 930.0 0.0 -1.0 -1.0 -1.0 0.0 0.3242580843524419 0.34082985268855304 0.33491206295900483
9 931.0 0.0 -1.0 -1.0 -1.0 0.0 0.32461470750606713 0.3469720956016819 0.3284131968922507
9 932.0 0.0 -1.0 -1.0 -1.0 0.0 0.3393779731189376 0.3426682895983602 0.31795373728270243
9 933.0 0.0 -1.0 -1.0 -1.0 0.0 0.3563586358611415 0.325021974023679 0.31861939011517953
9 934.0 0.0 -1.0 -1.0 -1.0 0.0 0.34297905294118514 0.3367471124971966 0.3202738345616181
9 935.0 0.0 -1.0 -1.0 -1.0 0.0 0.36015747022877603 0.33062286806342917 0.30921966170779497
9 936.0 0.0 -1.0 -1.0 -1.0 0.0 0.3433073673675807 0.3135538702191786 0.3431387624132409
9 937.0 0.0 -1.0 -1.0 -1.0 0.0 0.35097253660844147 0.3358412083683915 0.313186255023167
9 938.0 0.0 -1.0 -1.0 -1.0 0.0 0.34624900559405175 0.32315943753297655 0.3305915568729716
9 939.0 0.0 -1.0 -1.0 -1.0 0.0 0.33350646047358273 0.3272841986366297 0.3392093408897874
9 940.0 0.0 -1.0 -1.0 -1.0 0.0 0.3305839869198607 0.3512729981374958 0.3181430149426435
9 941.0 0.0 -1.0 -1.0 -1.0 0.0 0.35060977043113994 0.309695896763081 0.33969433280577926
9 942.0 0.0 -1.0 -1.0 -1.0 0.0 0.3773844167769847 0.3134465770808123 0.3091690061422029
9 943.0 0.0 -1.0 -1.0 -1.0 0.0 0.35228194727705336 0.3276944079733937 0.3200236447495526
9 944.0 0.0 -1.0 -1.0 -1.0 0.0 0.34599211067440505 0.3086139883582009 0.3453939009673938
9 945.0 0.0 -1.0 -1.0 -1.0 0.0 0.3501500301553988 0.3095372079693783 0.34031276187522275
9 946.0 0.0 -1.0 -1.0 -1.0 0.0 0.3422934538425462 0.3219189760736794 0.33578757008377424
9 947.0 0.0 -1.0 -1.0 -1.0 0.0 0.33874386905727294 0.3268735916769998 0.3343825392657274
9 948.0 0.0 -1.0 -1.0 -1.0 0.0 0.3540014437979959 0.31871127693011625 0.32728727927188794
9 949.0 0.0 -1.0 -1.0 -1.0 0.0 0.3544488776392244 0.32771152414076377 0.31783959822001184
9 950.0 0.0 -1.0 -1.0 -1.0 0.0 0.3299573075571651 0.3472499604291994 0.32279273201363523
9 951.0 0.0 -1.0 -1.0 -1.0 0.0 0.35478230356063634 0.32837112807528607 0.31684656836407765
9 952.0 0.0 -1.0 -1.0 -1.0 0.0 0.3544914580097787 0.31557682528836106 0.32993171670186056
9 953.0 0.0 -1.0 -1.0 -1.0 0.0 0.35760668798875683 0.32301040252560625 0.31938290948563686
9 954.0 0.0 -1.0 -1.0 -1.0 0.0 0.3581749464611638 0.3009177842243306 0.3409072693145058
9 955.0 0.0 -1.0 -1.0 -1.0 0.0 0.34624023562488415 0.3197689519217255 0.33399081245339046
9 956.0 0.0 -1.0 -1.0 -1.0 0.0 0.34994398139018096 0.3231534119653624 0.32690260664445675
9 957.0 0.0 -1.0 -1.0 -1.0 0.0 0.3524810022227486 0.3339699413631218 0.3135490564141294
9 958.0 0.0 -1.0 -1.0 -1.0 0.0 0.36054839440716874 0.31876404031014294 0.32068756528268827
9 959.0 0.0 -1.0 -1.0 -1.0 0.0 0.35732753148361374 0.3262807842212695 0.31639168429511694
9 960.0 0.0 -1.0 -1.0 -1.0 0.0 0.3355967095826562 0.34538962117182676 0.31901366924551694
9 961.0 0.0 -1.0 -1.0 -1.0 0.0 0.3291685548673162 0.3396720095154053 0.3311594356172786
9 962.0 0.0 -1.0 -1.0 -1.0 0.0 0.3753355740509828 0.32868357046325175 0.2959808554857655
9 963.0 0.0 -1.0 -1.0 -1.0 0.0 0.3671995633165779 0.3468567921090175 0.2859436445744048
9 964.0 0.0 -1.0 -1.0 -1.0 0.0 0.37552485952754894 0.3538029550752736 0.2706721853971774
9 965.0 0.0 -1.0 -1.0 -1.0 0.0 0.3793030195109701 0.36193007455104137 0.2587669059379883
9 966.0 0.0 -1.0 -1.0 -1.0 0.0 0.3640410110766854 0.34776543900141993 0.28819354992189444
9 967.0 0.0 -1.0 -1.0 -1.0 0.0 0.33457589957144107 0.3591292885179477 0.3062948119106111
9 968.0 0.0 -1.0 -1.0 -1.0 0.0 0.3338104294831287 0.33917305569398515 0.32701651482288585
9 969.0 0.0 -1.0 -1.0 -1.0 0.0 0.3152223106392173 0.3449364482819678 0.3398412410788147
9 970.0 0.0 -1.0 -1.0 -1.0 0.0 0.3347528615767715 0.31497835691072323 0.35026878151250557
9 971.0 0.0 -1.0 -1.0 -1.0 0.0 0.31769735695035695 0.34366481101263885 0.3386378320370042
9 972.0 0.0 -1.0 -1.0 -1.0 0.0 0.338651669695179 0.35414932260629867 0.30719900769852243
9 973.0 0.0 -1.0 -1.0 -1.0 0.0 0.35215604255176586 0.31298529639669354 0.3348586610515406
9 974.0 0.0 -1.0 -1.0 -1.0 0.0 0.3495749692634132 0.3150913028352345 0.3353337279013522
9 975.0 0.0 -1.0 -1.0 -1.0 0.0 0.31519831642088036 0.31696838431886615 0.36783329926025365
9 976.0 0.0 -1.0 -1.0 -1.0 0.0 0.2925633023343461 0.3469018756923413 0.36053482197331255
9 977.0 0.0 -1.0 -1.0 -1.0 0.0 0.29300213773792144 0.34543350036444037 0.3615643618976383
9 978.0 0.0 -1.0 -1.0 -1.0 0.0 0.3116714444128824 0.33147218989629984 0.35685636569081763
9 979.0 0.0 -1.0 -1.0 -1.0 0.0 0.3144448992111105 0.36302269033474793 0.32253241045414144
9 980.0 0.0 -1.0 -1.0 -1.0 0.0 0.31929167066324043 0.4065791238324994 0.27412920550425995
9 981.0 0.0 -1.0 -1.0 -1.0 0.0 0.3210446418707555 0.3917580928201596 0.2871972653090849
9 982.0 0.0 -1.0 -1.0 -1.0 0.0 0.3166056476126824 0.3881808680375913 0.2952134843497261
9 983.0 0.0 -1.0 -1.0 -1.0 0.0 0.3426522821449414 0.35708420255321116 0.3002635153018475
9 984.0 0.0 -1.0 -1.0 -1.0 0.0 0.3520043952951232 0.3301696311514272 0.3178259735534496
9 985.0 0.0 -1.0 -1.0 -1.0 0.0 0.34821199232572814 0.34078695816411403 0.3110010495101577
9 986.0 0.0 -1.0 -1.0 -1.0 0.0 0.33491260642572657 0.3275281767652546 0.337559216809019
9 987.0 0.0 -1.0 -1.0 -1.0 0.0 0.34394742076317025 0.33341681615509766 0.3226357630817321
9 988.0 0.0 -1.0 -1.0 -1.0 0.0 0.35825636531136706 0.33647365190338896 0.305269982785244
9 989.0 0.0 -1.0 -1.0 -1.0 0.0 0.35217556954244805 0.3337227915119286 0.31410163894562326
9 990.0 0.0 -1.0 -1.0 -1.0 0.0 0.3673359855640404 0.3047639609430808 0.3279000534928788
9 991.0 0.0 -1.0 -1.0 -1.0 0.0 0.36703394832729846 0.3024216051960255 0.33054444647667597
9 992.0 0.0 -1.0 -1.0 -1.0 0.0 0.3695574939365408 0.2994714778494818 0.33097102821397756
9 993.0 0.0 -1.0 -1.0 -1.0 0.0 0.3903734331515776 0.30096936241301525 0.3086572044354069
9 994.0 0.0 -1.0 -1.0 -1.0 0.0 0.3875508877343454 0.2795745839060833 0.3328745283595713
9 995.0 0.0 -1.0 -1.0 -1.0 0.0 0.38405660472618336 0.26440408371632435 0.3515393115574923
9 996.0 0.0 -1.0 -1.0 -1.0 0.0 0.35174788510391186 0.29274476395028004 0.3555073509458079
9 997.0 0.0 -1.0 -1.0 -1.0 0.0 0.3455979473937507 0.2945837797788117 0.35981827282743767
9 998.0 0.0 -1.0 -1.0 -1.0 0.0 0.3208501706400927 0.3294761827261308 0.34967364663377665
9 999.0 0.0 -1.0 -1.0 -1.0 0.0 0.33176237926656826 0.32175971758230987 0.3464779031511216
9 1000.0 0.0 -1.0 -1.0 -1.0 0.0 0.3387057506764327 0.31152060716477203 0.3497736421587953
1000000000000000000000000000000000000000000000000000000000000000000000000000000000000000000000000000
-1.0
solo con 1: -100.0
