9 0.0 2.0 21.0 9.0 15.0 3.408249054303634 0.3333333333333333 0.3333333333333333 0.3333333333333333
9 1.0 15.0 22.0 9.0 16.24 3.2196367195788747 0.28782478089700564 0.32911872446165463 0.3830564946413398
9 2.0 15.0 22.0 10.0 17.62 2.549628612289654 0.2799278308278736 0.30207949347380353 0.41799267569832305
9 3.0 15.0 22.0 10.0 18.4 2.069499524722895 0.2743924497069223 0.27465666861176624 0.4509508816813117
9 4.0 15.0 22.0 13.0 18.93 1.7880354322749616 0.24350670305961994 0.28733192490026493 0.469161372040115
9 5.0 15.0 22.0 13.0 19.33 1.5508550916031838 0.2603057870417306 0.2653174604603936 0.47437675249787586
9 6.0 97.0 23.0 13.0 19.75 1.3880805728658825 0.26798815176668095 0.27160308345105366 0.46040876478226567
9 7.0 86.0 23.0 14.0 20.04 1.3402849086532453 0.25653432159926726 0.2864378269256772 0.4570278514750557
9 8.0 39.0 23.0 14.0 20.26 1.3530362414610595 0.2714267985425925 0.27769049697345444 0.45088270448395307
9 9.0 20.0 23.0 14.0 20.53 1.3367758589119187 0.2634952357839174 0.2767250952835089 0.45977966893257355
9 10.0 20.0 23.0 14.0 20.66 1.3723091208733993 0.3062845537649645 0.2848455600425593 0.4088698861924764
9 11.0 20.0 23.0 15.0 20.83 1.3784415149367084 0.33168138433146266 0.26929890451657723 0.3990197111519597
9 12.0 2.0 23.0 15.0 20.96 1.3992783132671638 0.3459630978881685 0.2885728931335404 0.3654640089782914
9 13.0 2.0 23.0 15.0 21.12 1.458378787170427 0.3241651556515568 0.2841318739559879 0.39170297039245516
9 14.0 2.0 23.0 15.0 21.23 1.4897291462856352 0.31863916246035195 0.2918710355668079 0.3894898019728398
9 15.0 2.0 23.0 15.0 21.37 1.4400827697873426 0.31752656051835043 0.3024633585283682 0.38001008095328126
9 16.0 51.0 24.0 15.0 21.52 1.466666666666667 0.31039135415647884 0.3098323122654778 0.37977633357804336
9 17.0 51.0 24.0 18.0 21.67 1.326154918811099 0.3003332115573028 0.3211365782108955 0.37853021023180156
9 18.0 18.0 24.0 19.0 21.83 1.2875079680051573 0.3095433847541141 0.30930054323725714 0.3811560720086289
9 19.0 18.0 24.0 19.0 21.97 1.282792093659591 0.30800650022842735 0.3065691917872588 0.38542430798431404
9 20.0 18.0 24.0 19.0 22.06 1.3319689989415726 0.35493897284862536 0.2771000466951826 0.36796098045619197
9 21.0 18.0 24.0 19.0 22.3 1.314257481345542 0.32245463584655554 0.2874491062782236 0.39009625787522073
9 22.0 10.0 24.0 19.0 22.56 1.2973944362576568 0.30901047544377414 0.3088843773191457 0.38210514723708017
9 23.0 5.0 24.0 19.0 22.71 1.3506077943434995 0.310950842001429 0.2892689075966552 0.3997802504019156
9 24.0 4.0 24.0 19.0 22.88 1.3354528608057803 0.3211771718329887 0.29916609027332297 0.3796567378936886
9 25.0 2.0 24.0 19.0 23.0 1.340887690293187 0.33914873945216006 0.29220445200867484 0.3686468085391651
9 26.0 2.0 24.0 19.0 23.09 1.2799542289796266 0.3368333806286563 0.29294438359562974 0.37022223577571395
9 27.0 2.0 24.0 19.0 23.16 1.2449493925051696 0.3347784526619472 0.3191132491996518 0.3461082981384011
9 28.0 2.0 24.0 19.0 23.24 1.173099150183656 0.3264422802239725 0.32068909922279326 0.35286862055323437
9 29.0 2.0 24.0 19.0 23.42 1.0934146311237813 0.3172587838093844 0.3122367317004924 0.3705044844901234
9 30.0 2.0 24.0 19.0 23.48 1.0681807436057345 0.31072470098479466 0.31842184562256426 0.3708534533926411
9 31.0 2.0 24.0 19.0 23.5 1.0683698523517693 0.31293120621436193 0.31296158735069374 0.3741072064349445
9 32.0 2.0 24.0 19.0 23.6 0.9428090415820626 0.28530099975259676 0.3270278277460784 0.38767117250132493
9 33.0 2.0 24.0 19.0 23.62 0.9296463974234637 0.29405897150567617 0.3115149106416603 0.39442611785266346
9 34.0 2.0 24.0 19.0 23.64 0.915853633932779 0.29084152811748354 0.3419736189779136 0.36718485290460295
9 35.0 0.0 24.0 20.0 23.69 0.8127146181194544 0.3205158326309136 0.34511550716051786 0.33436866020856826
9 36.0 0.0 24.0 20.0 23.72 0.7664690127296396 0.3216731744180161 0.33683109921572796 0.34149572636625614
9 37.0 0.0 24.0 20.0 23.72 0.7664690127296396 0.3114689178338753 0.3403846933957267 0.3481463887703981
9 38.0 0.0 24.0 20.0 23.72 0.7664690127296396 0.33512044499590865 0.3334069234219209 0.33147263158217055
9 39.0 0.0 24.0 20.0 23.72 0.7664690127296396 0.3393244383954178 0.3202872285719823 0.34038833303259985
9 40.0 0.0 24.0 20.0 23.74 0.7469804535460068 0.3236825706519312 0.33806457269454393 0.33825285665352495
9 41.0 0.0 24.0 20.0 23.76 0.7264136340107945 0.34466906187645674 0.3186346877938922 0.336696250329651
9 42.0 0.0 24.0 20.0 23.76 0.7264136340107945 0.3490354697521976 0.3205316069859954 0.3304329232618071
9 43.0 0.0 24.0 20.0 23.76 0.7264136340107945 0.3334006547316348 0.3348854352714328 0.3317139099969323
9 44.0 0.0 24.0 20.0 23.78 0.7046741492105818 0.3219895529297947 0.34415080209074006 0.3338596449794653
9 45.0 0.0 24.0 20.0 23.78 0.7046741492105818 0.3125310980849838 0.33907217739296913 0.34839672452204695
9 46.0 0.0 24.0 20.0 23.82 0.6572055933413772 0.3150940297950996 0.3494570024991269 0.33544896770577354
9 47.0 0.0 24.0 20.0 23.82 0.6572055933413772 0.33847048786832373 0.32106511369986 0.34046439843181603
9 48.0 0.0 24.0 20.0 23.83 0.6521913333934567 0.34106164772643943 0.3545118101656283 0.30442654210793196
9 49.0 0.0 24.0 20.0 23.83 0.6521913333934567 0.3537768453972046 0.3378869597420761 0.3083361948607192
9 50.0 0.0 24.0 20.0 23.83 0.6521913333934567 0.35879437908699297 0.3052906656204342 0.33591495529257304
9 51.0 0.0 24.0 20.0 23.85 0.6256309946079573 0.3709597686319595 0.31396044174510007 0.3150797896229405
9 52.0 0.0 24.0 20.0 23.85 0.6256309946079573 0.3502537791364485 0.32533580013762387 0.32441042072592763
9 53.0 0.0 24.0 20.0 23.85 0.6256309946079573 0.33756723662721455 0.33024688840960265 0.3321858749631828
9 54.0 0.0 24.0 20.0 23.87 0.5972157622389639 0.3567659883934855 0.3213796955879101 0.3218543160186043
9 55.0 0.0 24.0 20.0 23.88 0.5734883511361759 0.3778056731233528 0.3060144083060866 0.31617991857056077
9 56.0 0.0 24.0 20.0 23.89 0.5666666666666669 0.3758386841523356 0.3022118560265791 0.3219494598210853
9 57.0 0.0 24.0 21.0 23.91 0.45159649460485557 0.35624750709726327 0.31348921499671284 0.33026327790602394
9 58.0 0.0 24.0 21.0 23.93 0.40837198332852903 0.33600967221203193 0.33575080602776386 0.3282395217602043
9 59.0 0.0 24.0 21.0 23.93 0.40837198332852903 0.3386064042132938 0.32769387216392604 0.3336997236227803
9 60.0 0.0 24.0 21.0 23.93 0.40837198332852903 0.3348970543863728 0.31203661798073057 0.35306632763289664
9 61.0 0.0 24.0 21.0 23.93 0.40837198332852903 0.35704341403536044 0.2961001791806052 0.34685640678403423
9 62.0 0.0 24.0 21.0 23.95 0.35887028128263626 0.35322402145590587 0.3048839045160709 0.3418920740280234
9 63.0 0.0 24.0 21.0 23.95 0.35887028128263626 0.3472916189212568 0.2943564225677848 0.35835195851095847
9 64.0 0.0 24.0 21.0 23.95 0.35887028128263626 0.31589404783051206 0.3116775742228875 0.3724283779466002
9 65.0 0.0 24.0 21.0 23.95 0.35887028128263626 0.3253731657432845 0.30893609759090557 0.36569073666580965
9 66.0 0.0 24.0 22.0 23.98 0.19999999999999996 0.33368715542873206 0.31816404141720284 0.3481488031540648
9 67.0 0.0 24.0 22.0 23.98 0.19999999999999996 0.34127241353235804 0.32066990763443515 0.33805767883320714
9 68.0 0.0 24.0 22.0 23.98 0.19999999999999996 0.33843970905296944 0.32334947791834323 0.3382108130286873
9 69.0 0.0 24.0 22.0 23.98 0.19999999999999996 0.33763780136417615 0.3136185027961713 0.34874369583965203
9 70.0 0.0 24.0 22.0 23.98 0.19999999999999996 0.3282329265509432 0.3208013417994375 0.35096573164961925
9 71.0 0.0 24.0 22.0 23.98 0.19999999999999996 0.3481957064070309 0.3158544974432113 0.33594979614975784
9 72.0 0.0 24.0 22.0 23.98 0.19999999999999996 0.33412684502746737 0.3119911444072525 0.35388201056528046
9 73.0 0.0 24.0 22.0 23.98 0.19999999999999996 0.31870602994372016 0.32788154196574526 0.35341242809053486
9 74.0 0.0 24.0 22.0 23.98 0.19999999999999996 0.3252881991390311 0.31898513926755007 0.355726661593419
9 75.0 0.0 24.0 22.0 23.98 0.19999999999999996 0.3532960437618942 0.3121634322501349 0.3345405239879707
9 76.0 0.0 24.0 22.0 23.98 0.19999999999999996 0.33890669801918966 0.3194818228017987 0.34161147917901175
9 77.0 0.0 24.0 22.0 23.98 0.19999999999999996 0.3106811177213208 0.3493181672987641 0.34000071497991496
9 78.0 0.0 24.0 22.0 23.98 0.19999999999999996 0.31000047680743287 0.36184447441724754 0.3281550487753196
9 79.0 0.0 24.0 22.0 23.98 0.19999999999999996 0.2966887212441703 0.33600778839442424 0.36730349036140547
9 80.0 0.0 24.0 22.0 23.98 0.19999999999999996 0.35762748666444116 0.3178430232156489 0.3245294901199101
9 81.0 0.0 24.0 22.0 23.98 0.19999999999999996 0.3658601676705953 0.29975727291684356 0.33438255941256095
9 82.0 0.0 24.0 22.0 23.98 0.19999999999999996 0.35672575442346227 0.3127112645667342 0.3305629810098034
9 83.0 0.0 24.0 22.0 23.98 0.19999999999999996 0.3714003596639441 0.3046778870582438 0.32392175327781253
9 84.0 0.0 24.0 22.0 23.98 0.19999999999999996 0.3803470814286122 0.3152155327760939 0.3044373857952939
9 85.0 0.0 24.0 22.0 23.98 0.19999999999999996 0.3511022358385085 0.32479726075564075 0.3241005034058507
9 86.0 0.0 24.0 22.0 23.98 0.19999999999999996 0.3417242552172741 0.3351987469514611 0.3230769978312648
9 87.0 0.0 24.0 22.0 23.98 0.19999999999999996 0.33584796584623683 0.3289650699163989 0.33518696423736416
9 88.0 0.0 24.0 22.0 23.98 0.19999999999999996 0.3272123716603628 0.3535071988910798 0.3192804294485573
9 89.0 0.0 24.0 22.0 23.98 0.19999999999999996 0.3384210960959053 0.35303541999725385 0.30854348390684083
9 90.0 0.0 24.0 22.0 23.98 0.19999999999999996 0.3356414691925849 0.3246809070996721 0.3396776237077428
9 91.0 0.0 24.0 22.0 23.98 0.19999999999999996 0.36126925326299025 0.3076090627920803 0.33112168394492947
9 92.0 0.0 24.0 22.0 23.98 0.19999999999999996 0.3700303775677073 0.30505758065308225 0.3249120417792106
9 93.0 0.0 24.0 22.0 23.98 0.19999999999999996 0.3595561236729937 0.28858599655349715 0.3518578797735091
9 94.0 0.0 24.0 22.0 23.98 0.19999999999999996 0.3595930677909533 0.2802988711346764 0.3601080610743702
9 95.0 0.0 24.0 22.0 23.98 0.19999999999999996 0.36212006528611773 0.2689363539849959 0.3689435807288862
9 96.0 0.0 24.0 22.0 23.98 0.19999999999999996 0.36242527165226535 0.2882404297121045 0.34933429863563026
9 97.0 0.0 24.0 22.0 23.98 0.19999999999999996 0.3410007797854653 0.3193588356252717 0.3396403845892631
9 98.0 0.0 24.0 22.0 23.98 0.19999999999999996 0.3371122982560235 0.2985773911233277 0.3643103106206487
9 99.0 0.0 24.0 22.0 23.98 0.19999999999999996 0.36350776664348056 0.28729065547115246 0.34920157788536704
9 100.0 0.0 24.0 22.0 23.98 0.19999999999999996 0.3482409546666759 0.3002047482603745 0.3515542970729498
